 time p.x p.y p.z deep.node-0 CV opes.bias opes.rct opes.zed opes.neff opes.nker
0 7805.0 -0.886232 1.069537 0.0 -0.851835 1.821815 -18.995112 -0.116824 0.010978 12.845295 96.0
1 7805.0 -0.877442 1.048706 0.0 -0.837202 1.821815 -18.995112 -0.116824 0.010978 12.845295 96.0
2 7805.0 -0.901088 1.044162 0.0 -0.840916 1.821815 -18.995112 -0.116824 0.010978 12.845295 96.0
3 7805.0 -0.928696 1.040139 0.0 -0.846007 1.821815 -18.995112 -0.116824 0.010978 12.845295 96.0
4 7805.0 -0.92797 1.019796 0.0 -0.833907 1.821815 -18.995112 -0.116824 0.010978 12.845295 96.0
5 7805.0 -0.954154 1.009606 0.0 -0.835023 1.821815 -18.995112 -0.116824 0.010978 12.845295 96.0
6 7805.0 -0.950318 0.973309 0.0 -0.812689 1.821815 -18.995112 -0.116824 0.010978 12.845295 96.0
7 7805.0 -0.972293 0.933566 0.0 -0.793044 1.821815 -18.995112 -0.116824 0.010978 12.845295 96.0
8 7805.0 -0.954097 0.911811 0.0 -0.768991 1.821815 -18.995112 -0.116824 0.010978 12.845295 96.0
9 7805.0 -0.936522 0.879873 0.0 -0.736491 1.821815 -18.995112 -0.116824 0.010978 12.845295 96.0
10 7805.0 -0.934381 0.870897 0.0 -0.728154 1.821815 -18.995112 -0.116824 0.010978 12.845295 96.0
11 7805.0 -0.930224 0.868167 0.0 -0.724372 1.821815 -18.995112 -0.116824 0.010978 12.845295 96.0
12 7805.0 -0.910653 0.844195 0.0 -0.696867 1.821815 -18.995112 -0.116824 0.010978 12.845295 96.0
13 7805.0 -0.899591 0.816529 0.0 -0.669009 1.821815 -18.995112 -0.116824 0.010978 12.845295 96.0
14 7805.0 -0.904449 0.796589 0.0 -0.653258 1.821815 -18.995112 -0.116824 0.010978 12.845295 96.0
15 7805.0 -0.881758 0.785996 0.0 -0.636369 1.821815 -18.995112 -0.116824 0.010978 12.845295 96.0
16 7805.0 -0.866241 0.759072 0.0 -0.607706 1.821815 -18.995112 -0.116824 0.010978 12.845295 96.0
17 7805.0 -0.865046 0.750137 0.0 -0.599536 1.821815 -18.995112 -0.116824 0.010978 12.845295 96.0
18 7805.0 -0.867229 0.753311 0.0 -0.603032 1.821815 -18.995112 -0.116824 0.010978 12.845295 96.0
19 7805.0 -0.876062 0.739952 0.0 -0.594405 1.821815 -18.995112 -0.116824 0.010978 12.845295 96.0
20 7805.0 -0.875449 0.739728 0.0 -0.594003 1.821815 -18.995112 -0.116824 0.010978 12.845295 96.0
21 7805.0 -0.871915 0.744182 0.0 -0.596681 1.821815 -18.995112 -0.116824 0.010978 12.845295 96.0
22 7805.0 -0.84462 0.711891 0.0 -0.557114 1.821815 -18.995112 -0.116824 0.010978 12.845295 96.0
23 7805.0 -0.839366 0.696863 0.0 -0.538602 1.821815 -18.995112 -0.116824 0.010978 12.845295 96.0
24 7805.0 -0.808041 0.698927 0.0 -0.528836 1.821815 -18.995112 -0.116824 0.010978 12.845295 96.0
25 7805.0 -0.796719 0.695679 0.0 -0.520519 1.821815 -18.995112 -0.116824 0.010978 12.845295 96.0
26 7805.0 -0.77398 0.698268 0.0 -0.514005 1.821815 -18.995112 -0.116824 0.010978 12.845295 96.0
27 7805.0 -0.774799 0.689353 0.0 -0.504376 1.821815 -18.995112 -0.116824 0.010978 12.845295 96.0
28 7805.0 -0.769108 0.684618 0.0 -0.496727 1.821815 -18.995112 -0.116824 0.010978 12.845295 96.0
29 7805.0 -0.771727 0.661964 0.0 -0.47248 1.821815 -18.995112 -0.116824 0.010978 12.845295 96.0
30 7805.0 -0.771868 0.689567 0.0 -0.503402 1.821815 -18.995112 -0.116824 0.010978 12.845295 96.0
31 7805.0 -0.753755 0.691726 0.0 -0.498322 1.821815 -18.995112 -0.116824 0.010978 12.845295 96.0
32 7805.0 -0.755514 0.683485 0.0 -0.489836 1.821815 -18.995112 -0.116824 0.010978 12.845295 96.0
33 7805.0 -0.755075 0.668126 0.0 -0.47248 1.821815 -18.995112 -0.116824 0.010978 12.845295 96.0
34 7805.0 -0.734202 0.67496 0.0 -0.471485 1.821815 -18.995112 -0.116824 0.010978 12.845295 96.0
35 7805.0 -0.737131 0.677782 0.0 -0.475852 1.821815 -18.995112 -0.116824 0.010978 12.845295 96.0
36 7805.0 -0.704307 0.670279 0.0 -0.453881 1.821815 -18.995112 -0.116824 0.010978 12.845295 96.0
37 7805.0 -0.673183 0.65936 0.0 -0.428795 1.821815 -18.995112 -0.116824 0.010978 12.845295 96.0
38 7805.0 -0.666159 0.64898 0.0 -0.414282 1.821815 -18.995112 -0.116824 0.010978 12.845295 96.0
39 7805.0 -0.660703 0.613771 0.0 -0.372656 1.821815 -18.995112 -0.116824 0.010978 12.845295 96.0
40 7805.0 -0.644479 0.579572 0.0 -0.327703 1.821815 -18.995112 -0.116824 0.010978 12.845295 96.0
41 7805.0 -0.613605 0.56965 0.0 -0.298615 1.821815 -18.995112 -0.116824 0.010978 12.845295 96.0
42 7805.0 -0.616748 0.557463 0.0 -0.283826 1.821815 -18.995112 -0.116824 0.010978 12.845295 96.0
43 7805.0 -0.621904 0.556795 0.0 -0.285738 1.821815 -18.995112 -0.116824 0.010978 12.845295 96.0
44 7805.0 -0.619351 0.551551 0.0 -0.277242 1.821815 -18.995112 -0.116824 0.010978 12.845295 96.0
45 7805.0 -0.588914 0.534789 0.0 -0.226776 1.821815 -18.995112 -0.116824 0.010978 12.845295 96.0
46 7805.0 -0.586506 0.525318 0.0 -0.208258 1.821815 -18.995112 -0.116824 0.010978 12.845295 96.0
47 7805.0 -0.566087 0.508304 0.0 -0.166421 1.821815 -18.995112 -0.116824 0.010978 12.845295 96.0
48 7805.0 -0.556619 0.497485 0.0 -0.145443 1.821815 -18.995112 -0.116824 0.010978 12.845295 96.0
49 7805.0 -0.548648 0.509156 0.0 -0.155387 1.821815 -18.995112 -0.116824 0.010978 12.845295 96.0
50 7805.0 -0.533678 0.520069 0.0 -0.159683 1.821815 -18.995112 -0.116824 0.010978 12.845295 96.0
51 7805.0 -0.508903 0.519492 0.0 -0.141999 1.821815 -18.995112 -0.116824 0.010978 12.845295 96.0
52 7805.0 -0.492101 0.541654 0.0 -0.160772 1.821815 -18.995112 -0.116824 0.010978 12.845295 96.0
53 7805.0 -0.468053 0.508098 0.0 -0.108969 1.821815 -18.995112 -0.116824 0.010978 12.845295 96.0
54 7805.0 -0.465008 0.525261 0.0 -0.124146 1.821815 -18.995112 -0.116824 0.010978 12.845295 96.0
55 7805.0 -0.45927 0.514103 0.0 -0.111285 1.821815 -18.995112 -0.116824 0.010978 12.845295 96.0
56 7805.0 -0.458586 0.512843 0.0 -0.109819 1.821815 -18.995112 -0.116824 0.010978 12.845295 96.0
57 7805.0 -0.449295 0.506299 0.0 -0.099977 1.821815 -18.995112 -0.116824 0.010978 12.845295 96.0
58 7805.0 -0.438454 0.51304 0.0 -0.102197 1.821815 -18.995112 -0.116824 0.010978 12.845295 96.0
59 7805.0 -0.44547 0.530337 0.0 -0.121405 1.821815 -18.995112 -0.116824 0.010978 12.845295 96.0
60 7805.0 -0.441986 0.503946 0.0 -0.0949 1.821815 -18.995112 -0.116824 0.010978 12.845295 96.0
61 7805.0 -0.414902 0.517681 0.0 -0.097484 1.821815 -18.995112 -0.116824 0.010978 12.845295 96.0
62 7805.0 -0.407103 0.527641 0.0 -0.103951 1.821815 -18.995112 -0.116824 0.010978 12.845295 96.0
63 7805.0 -0.418499 0.533072 0.0 -0.113549 1.821815 -18.995112 -0.116824 0.010978 12.845295 96.0
64 7805.0 -0.426561 0.540074 0.0 -0.12335 1.821815 -18.995112 -0.116824 0.010978 12.845295 96.0
65 7805.0 -0.413638 0.536662 0.0 -0.115084 1.821815 -18.995112 -0.116824 0.010978 12.845295 96.0
66 7805.0 -0.412999 0.564608 0.0 -0.141473 1.821815 -18.995112 -0.116824 0.010978 12.845295 96.0
67 7805.0 -0.41592 0.555322 0.0 -0.133756 1.821815 -18.995112 -0.116824 0.010978 12.845295 96.0
68 7805.0 -0.415338 0.549296 0.0 -0.127786 1.821815 -18.995112 -0.116824 0.010978 12.845295 96.0
69 7805.0 -0.394943 0.526478 0.0 -0.098126 1.821815 -18.995112 -0.116824 0.010978 12.845295 96.0
70 7805.0 -0.384953 0.540859 0.0 -0.107956 1.821815 -18.995112 -0.116824 0.010978 12.845295 96.0
71 7805.0 -0.376806 0.530848 0.0 -0.095254 1.821815 -18.995112 -0.116824 0.010978 12.845295 96.0
72 7805.0 -0.383548 0.533175 0.0 -0.100088 1.821815 -18.995112 -0.116824 0.010978 12.845295 96.0
73 7805.0 -0.366583 0.54511 0.0 -0.104882 1.821815 -18.995112 -0.116824 0.010978 12.845295 96.0
74 7805.0 -0.343821 0.514365 0.0 -0.066748 1.821815 -18.995112 -0.116824 0.010978 12.845295 96.0
75 7805.0 -0.335727 0.526517 0.0 -0.07519 1.821815 -18.995112 -0.116824 0.010978 12.845295 96.0
76 7805.0 -0.302215 0.54033 0.0 -0.075355 1.821815 -18.995112 -0.116824 0.010978 12.845295 96.0
77 7805.0 -0.283646 0.548046 0.0 -0.075506 1.821815 -18.995112 -0.116824 0.010978 12.845295 96.0
78 7805.0 -0.259259 0.549797 0.0 -0.067714 1.821815 -18.995112 -0.116824 0.010978 12.845295 96.0
79 7805.0 -0.261535 0.544545 0.0 -0.063591 1.821815 -18.995112 -0.116824 0.010978 12.845295 96.0
80 7805.0 -0.261224 0.546426 0.0 -0.065263 1.821815 -18.995112 -0.116824 0.010978 12.845295 96.0
81 7805.0 -0.229005 0.540123 0.0 -0.046798 1.821815 -18.995112 -0.116824 0.010978 12.845295 96.0
82 7805.0 -0.219807 0.541136 0.0 -0.044769 1.821815 -18.995112 -0.116824 0.010978 12.845295 96.0
83 7805.0 -0.224351 0.539786 0.0 -0.045088 1.821815 -18.995112 -0.116824 0.010978 12.845295 96.0
84 7805.0 -0.22502 0.513778 0.0 -0.024359 1.821815 -18.995112 -0.116824 0.010978 12.845295 96.0
85 7805.0 -0.200586 0.508329 0.0 -0.012418 1.821815 -18.995112 -0.116824 0.010978 12.845295 96.0
86 7805.0 -0.210289 0.495448 0.0 -0.00505 1.821815 -18.995112 -0.116824 0.010978 12.845295 96.0
87 7805.0 -0.205135 0.487541 0.0 0.002908 1.821815 -18.995112 -0.116824 0.010978 12.845295 96.0
88 7805.0 -0.168157 0.485164 0.0 0.015674 1.821815 -18.995112 -0.116824 0.010978 12.845295 96.0
89 7805.0 -0.169764 0.486826 0.0 0.01423 1.821815 -18.995112 -0.116824 0.010978 12.845295 96.0
90 7805.0 -0.136326 0.481996 0.0 0.023067 1.821815 -18.995112 -0.116824 0.010978 12.845295 96.0
91 7805.0 -0.141943 0.501423 0.0 0.009828 1.821815 -18.995112 -0.116824 0.010978 12.845295 96.0
92 7805.0 -0.106413 0.526868 0.0 -0.000407 1.821815 -18.995112 -0.116824 0.010978 12.845295 96.0
93 7805.0 -0.103288 0.549158 0.0 -0.015203 1.821815 -18.995112 -0.116824 0.010978 12.845295 96.0
94 7805.0 -0.090334 0.5499 0.0 -0.012849 1.821815 -18.995112 -0.116824 0.010978 12.845295 96.0
95 7805.0 -0.081853 0.584251 0.0 -0.034343 1.821815 -18.995112 -0.116824 0.010978 12.845295 96.0
96 7805.0 -0.079867 0.589118 0.0 -0.037164 1.821815 -18.995112 -0.116824 0.010978 12.845295 96.0
97 7805.0 -0.087925 0.562893 0.0 -0.021039 1.821815 -18.995112 -0.116824 0.010978 12.845295 96.0
98 7805.0 -0.082648 0.556639 0.0 -0.015731 1.821815 -18.995112 -0.116824 0.010978 12.845295 96.0
99 7805.0 -0.071131 0.530925 0.0 0.000717 1.821815 -18.995112 -0.116824 0.010978 12.845295 96.0
100 7805.0 -0.04556 0.498356 0.0 0.01184 1.821815 -18.995112 -0.116824 0.010978 12.845295 96.0
101 7805.0 -0.029988 0.499108 0.0 0.010588 1.821815 -18.995112 -0.116824 0.010978 12.845295 96.0
102 7805.0 -0.021359 0.499204 0.0 0.010019 1.821815 -18.995112 -0.116824 0.010978 12.845295 96.0
103 7805.0 0.009257 0.488357 0.0 0.012362 1.821815 -18.995112 -0.116824 0.010978 12.845295 96.0
104 7805.0 0.000229 0.486364 0.0 0.013695 1.821815 -18.995112 -0.116824 0.010978 12.845295 96.0
105 7805.0 -0.002308 0.500408 0.0 0.008376 1.821815 -18.995112 -0.116824 0.010978 12.845295 96.0
106 7805.0 -0.013719 0.492846 0.0 0.012027 1.821815 -18.995112 -0.116824 0.010978 12.845295 96.0
107 7805.0 -0.01424 0.499552 0.0 0.009444 1.821815 -18.995112 -0.116824 0.010978 12.845295 96.0
108 7805.0 -0.013536 0.489087 0.0 0.013481 1.821815 -18.995112 -0.116824 0.010978 12.845295 96.0
109 7805.0 -0.045326 0.502822 0.0 0.010085 1.821815 -18.995112 -0.116824 0.010978 12.845295 96.0
110 7805.0 -0.039579 0.50396 0.0 0.009287 1.821815 -18.995112 -0.116824 0.010978 12.845295 96.0
111 7805.0 -0.060651 0.501865 0.0 0.011402 1.821815 -18.995112 -0.116824 0.010978 12.845295 96.0
112 7805.0 -0.048302 0.48566 0.0 0.016959 1.821815 -18.995112 -0.116824 0.010978 12.845295 96.0
113 7805.0 -0.050928 0.4831 0.0 0.018119 1.821815 -18.995112 -0.116824 0.010978 12.845295 96.0
114 7805.0 -0.044544 0.478631 0.0 0.019468 1.821815 -18.995112 -0.116824 0.010978 12.845295 96.0
115 7805.0 -0.045936 0.492587 0.0 0.014113 1.821815 -18.995112 -0.116824 0.010978 12.845295 96.0
116 7805.0 -0.064734 0.512282 0.0 0.007592 1.821815 -18.995112 -0.116824 0.010978 12.845295 96.0
117 7805.0 -0.074978 0.525921 0.0 0.002905 1.821815 -18.995112 -0.116824 0.010978 12.845295 96.0
118 7805.0 -0.078229 0.535293 0.0 -0.001983 1.821815 -18.995112 -0.116824 0.010978 12.845295 96.0
119 7805.0 -0.060044 0.536354 0.0 -0.002083 1.821815 -18.995112 -0.116824 0.010978 12.845295 96.0
120 7805.0 -0.052607 0.513397 0.0 0.00641 1.821815 -18.995112 -0.116824 0.010978 12.845295 96.0
121 7805.0 -0.023782 0.521217 0.0 0.001585 1.821815 -18.995112 -0.116824 0.010978 12.845295 96.0
122 7805.0 -0.017125 0.512987 0.0 0.004384 1.821815 -18.995112 -0.116824 0.010978 12.845295 96.0
123 7805.0 -0.024112 0.529071 0.0 -0.001169 1.821815 -18.995112 -0.116824 0.010978 12.845295 96.0
124 7805.0 -0.030179 0.517203 0.0 0.003544 1.821815 -18.995112 -0.116824 0.010978 12.845295 96.0
125 7805.0 -0.027123 0.498226 0.0 0.010755 1.821815 -18.995112 -0.116824 0.010978 12.845295 96.0
126 7805.0 -0.032083 0.501738 0.0 0.009691 1.821815 -18.995112 -0.116824 0.010978 12.845295 96.0
127 7805.0 -0.04572 0.508801 0.0 0.007778 1.821815 -18.995112 -0.116824 0.010978 12.845295 96.0
128 7805.0 -0.055823 0.506591 0.0 0.009262 1.821815 -18.995112 -0.116824 0.010978 12.845295 96.0
129 7805.0 -0.059061 0.496154 0.0 0.01353 1.821815 -18.995112 -0.116824 0.010978 12.845295 96.0
130 7805.0 -0.07564 0.508621 0.0 0.009691 1.821815 -18.995112 -0.116824 0.010978 12.845295 96.0
131 7805.0 -0.058709 0.515819 0.0 0.005841 1.821815 -18.995112 -0.116824 0.010978 12.845295 96.0
132 7805.0 -0.077118 0.515693 0.0 0.007025 1.821815 -18.995112 -0.116824 0.010978 12.845295 96.0
133 7805.0 -0.083709 0.4954 0.0 0.015343 1.821815 -18.995112 -0.116824 0.010978 12.845295 96.0
134 7805.0 -0.072766 0.474868 0.0 0.022674 1.821815 -18.995112 -0.116824 0.010978 12.845295 96.0
135 7805.0 -0.091809 0.488752 0.0 0.018434 1.821815 -18.995112 -0.116824 0.010978 12.845295 96.0
136 7805.0 -0.094693 0.4881 0.0 0.018866 1.821815 -18.995112 -0.116824 0.010978 12.845295 96.0
137 7805.0 -0.080974 0.486246 0.0 0.018743 1.821815 -18.995112 -0.116824 0.010978 12.845295 96.0
138 7805.0 -0.067223 0.478493 0.0 0.020919 1.821815 -18.995112 -0.116824 0.010978 12.845295 96.0
139 7805.0 -0.035285 0.492247 0.0 0.013589 1.821815 -18.995112 -0.116824 0.010978 12.845295 96.0
140 7805.0 -0.010785 0.509894 0.0 0.005199 1.821815 -18.995112 -0.116824 0.010978 12.845295 96.0
141 7805.0 -0.009377 0.501955 0.0 0.008208 1.821815 -18.995112 -0.116824 0.010978 12.845295 96.0
142 7805.0 -0.012311 0.516589 0.0 0.002683 1.821815 -18.995112 -0.116824 0.010978 12.845295 96.0
143 7805.0 -0.01023 0.506616 0.0 0.006443 1.821815 -18.995112 -0.116824 0.010978 12.845295 96.0
144 7805.0 -0.012384 0.513238 0.0 0.003994 1.821815 -18.995112 -0.116824 0.010978 12.845295 96.0
145 7805.0 -0.002286 0.530543 0.0 -0.002073 1.821815 -18.995112 -0.116824 0.010978 12.845295 96.0
146 7805.0 0.004719 0.525438 0.0 -0.000649 1.821815 -18.995112 -0.116824 0.010978 12.845295 96.0
147 7805.0 0.025653 0.551912 0.0 -0.00922 1.821815 -18.995112 -0.116824 0.010978 12.845295 96.0
148 7805.0 0.011344 0.526337 0.0 -0.001063 1.821815 -18.995112 -0.116824 0.010978 12.845295 96.0
149 7805.0 -0.004081 0.542114 0.0 -0.005593 1.821815 -18.995112 -0.116824 0.010978 12.845295 96.0
150 7805.0 0.013747 0.549416 0.0 -0.008206 1.821815 -18.995112 -0.116824 0.010978 12.845295 96.0
151 7805.0 0.046719 0.539332 0.0 -0.00579 1.821815 -18.995112 -0.116824 0.010978 12.845295 96.0
152 7805.0 0.065684 0.518556 0.0 0.000203 1.821815 -18.995112 -0.116824 0.010978 12.845295 96.0
153 7805.0 0.062126 0.510542 0.0 0.00274 1.821815 -18.995112 -0.116824 0.010978 12.845295 96.0
154 7805.0 0.067814 0.524532 0.0 -0.001678 1.821815 -18.995112 -0.116824 0.010978 12.845295 96.0
155 7805.0 0.072728 0.506571 0.0 0.003741 1.821815 -18.995112 -0.116824 0.010978 12.845295 96.0
156 7805.0 0.088262 0.509758 0.0 0.00244 1.821815 -18.995112 -0.116824 0.010978 12.845295 96.0
157 7805.0 0.085638 0.499757 0.0 0.005568 1.821815 -18.995112 -0.116824 0.010978 12.845295 96.0
158 7805.0 0.074973 0.523828 0.0 -0.00161 1.821815 -18.995112 -0.116824 0.010978 12.845295 96.0
159 7805.0 0.104061 0.510304 0.0 0.001945 1.821815 -18.995112 -0.116824 0.010978 12.845295 96.0
160 7805.0 0.092293 0.487393 0.0 0.009237 1.821815 -18.995112 -0.116824 0.010978 12.845295 96.0
161 7805.0 0.091425 0.503568 0.0 0.004277 1.821815 -18.995112 -0.116824 0.010978 12.845295 96.0
162 7805.0 0.079551 0.512024 0.0 0.001924 1.821815 -18.995112 -0.116824 0.010978 12.845295 96.0
163 7805.0 0.101408 0.539569 0.0 0.000362 1.821815 -18.995112 -0.116824 0.010978 12.845295 96.0
164 7805.0 0.073508 0.524404 0.0 -0.001756 1.821815 -18.995112 -0.116824 0.010978 12.845295 96.0
165 7805.0 0.08595 0.523016 0.0 -0.001587 1.821815 -18.995112 -0.116824 0.010978 12.845295 96.0
166 7805.0 0.089177 0.50317 0.0 0.004446 1.821815 -18.995112 -0.116824 0.010978 12.845295 96.0
167 7805.0 0.106867 0.521161 0.0 0.000645 1.821815 -18.995112 -0.116824 0.010978 12.845295 96.0
168 7805.0 0.097723 0.511878 0.0 0.001592 1.821815 -18.995112 -0.116824 0.010978 12.845295 96.0
169 7805.0 0.120327 0.540298 0.0 0.003407 1.821815 -18.995112 -0.116824 0.010978 12.845295 96.0
170 7805.0 0.136324 0.553557 0.0 0.006386 1.821815 -18.995112 -0.116824 0.010978 12.845295 96.0
171 7805.0 0.154983 0.546805 0.0 0.00915 1.821815 -18.995112 -0.116824 0.010978 12.845295 96.0
172 7805.0 0.179627 0.509307 0.0 0.011887 1.821815 -18.995112 -0.116824 0.010978 12.845295 96.0
173 7805.0 0.183354 0.539853 0.0 0.015125 1.821815 -18.995112 -0.116824 0.010978 12.845295 96.0
174 7805.0 0.193631 0.536796 0.0 0.020874 1.821815 -18.995112 -0.116824 0.010978 12.845295 96.0
175 7805.0 0.21095 0.535975 0.0 0.032907 1.821815 -18.995112 -0.116824 0.010978 12.845295 96.0
176 7805.0 0.214844 0.516797 0.0 0.02533 1.821815 -18.995112 -0.116824 0.010978 12.845295 96.0
177 7805.0 0.214833 0.521727 0.0 0.027991 1.821815 -18.995112 -0.116824 0.010978 12.845295 96.0
178 7805.0 0.230986 0.50607 0.0 0.031713 1.821815 -18.995112 -0.116824 0.010978 12.845295 96.0
179 7805.0 0.22654 0.51487 0.0 0.032714 1.821815 -18.995112 -0.116824 0.010978 12.845295 96.0
180 7805.0 0.237948 0.503872 0.0 0.035993 1.821815 -18.995112 -0.116824 0.010978 12.845295 96.0
181 7805.0 0.234981 0.507984 0.0 0.035456 1.821815 -18.995112 -0.116824 0.010978 12.845295 96.0
182 7805.0 0.240686 0.500241 0.0 0.036555 1.821815 -18.995112 -0.116824 0.010978 12.845295 96.0
183 7805.0 0.24145 0.469175 0.0 0.02629 1.821815 -18.995112 -0.116824 0.010978 12.845295 96.0
184 7805.0 0.257551 0.473929 0.0 0.038416 1.821815 -18.995112 -0.116824 0.010978 12.845295 96.0
185 7805.0 0.275731 0.503579 0.0 0.063936 1.821815 -18.995112 -0.116824 0.010978 12.845295 96.0
186 7805.0 0.273323 0.527324 0.0 0.07316 1.821815 -18.995112 -0.116824 0.010978 12.845295 96.0
187 7805.0 0.315079 0.510022 0.0 0.095771 1.821815 -18.995112 -0.116824 0.010978 12.845295 96.0
188 7805.0 0.326602 0.494025 0.0 0.097845 1.821815 -18.995112 -0.116824 0.010978 12.845295 96.0
189 7805.0 0.367774 0.493076 0.0 0.128039 1.821815 -18.995112 -0.116824 0.010978 12.845295 96.0
190 7805.0 0.368498 0.505746 0.0 0.133712 1.821815 -18.995112 -0.116824 0.010978 12.845295 96.0
191 7805.0 0.386556 0.521967 0.0 0.153698 1.821815 -18.995112 -0.116824 0.010978 12.845295 96.0
192 7805.0 0.401592 0.534794 0.0 0.170065 1.821815 -18.995112 -0.116824 0.010978 12.845295 96.0
193 7805.0 0.403572 0.53408 0.0 0.171246 1.821815 -18.995112 -0.116824 0.010978 12.845295 96.0
194 7805.0 0.406775 0.55483 0.0 0.18497 1.821815 -18.995112 -0.116824 0.010978 12.845295 96.0
195 7805.0 0.426017 0.533061 0.0 0.187502 1.821815 -18.995112 -0.116824 0.010978 12.845295 96.0
196 7805.0 0.404871 0.52386 0.0 0.168068 1.821815 -18.995112 -0.116824 0.010978 12.845295 96.0
197 7805.0 0.437661 0.540406 0.0 0.201523 1.821815 -18.995112 -0.116824 0.010978 12.845295 96.0
198 7805.0 0.449596 0.552583 0.0 0.219873 1.821815 -18.995112 -0.116824 0.010978 12.845295 96.0
199 7805.0 0.456326 0.550194 0.0 0.223909 1.821815 -18.995112 -0.116824 0.010978 12.845295 96.0
200 7805.0 0.478663 0.546124 0.0 0.240676 1.821815 -18.995112 -0.116824 0.010978 12.845295 96.0
201 7805.0 0.485397 0.555562 0.0 0.252509 1.821815 -18.995112 -0.116824 0.010978 12.845295 96.0
202 7805.0 0.502484 0.546149 0.0 0.261526 1.821815 -18.995112 -0.116824 0.010978 12.845295 96.0
203 7805.0 0.503966 0.56418 0.0 0.274468 1.821815 -18.995112 -0.116824 0.010978 12.845295 96.0
204 7805.0 0.497955 0.555608 0.0 0.263246 1.821815 -18.995112 -0.116824 0.010978 12.845295 96.0
205 7805.0 0.517649 0.544288 0.0 0.273719 1.821815 -18.995112 -0.116824 0.010978 12.845295 96.0
206 7805.0 0.533417 0.539968 0.0 0.285024 1.821815 -18.995112 -0.116824 0.010978 12.845295 96.0
207 7805.0 0.549583 0.556282 0.0 0.308552 1.821815 -18.995112 -0.116824 0.010978 12.845295 96.0
208 7805.0 0.551811 0.588156 0.0 0.332311 1.821815 -18.995112 -0.116824 0.010978 12.845295 96.0
209 7805.0 0.533888 0.582095 0.0 0.312721 1.821815 -18.995112 -0.116824 0.010978 12.845295 96.0
210 7805.0 0.546285 0.564733 0.0 0.310936 1.821815 -18.995112 -0.116824 0.010978 12.845295 96.0
211 7805.0 0.549942 0.562323 0.0 0.312343 1.821815 -18.995112 -0.116824 0.010978 12.845295 96.0
212 7805.0 0.563931 0.545025 0.0 0.314624 1.821815 -18.995112 -0.116824 0.010978 12.845295 96.0
213 7805.0 0.562667 0.581622 0.0 0.336917 1.821815 -18.995112 -0.116824 0.010978 12.845295 96.0
214 7805.0 0.572736 0.574942 0.0 0.340747 1.821815 -18.995112 -0.116824 0.010978 12.845295 96.0
215 7805.0 0.583512 0.573111 0.0 0.348628 1.821815 -18.995112 -0.116824 0.010978 12.845295 96.0
216 7805.0 0.588759 0.586998 0.0 0.362982 1.821815 -18.995112 -0.116824 0.010978 12.845295 96.0
217 7805.0 0.59173 0.581355 0.0 0.3615 1.821815 -18.995112 -0.116824 0.010978 12.845295 96.0
218 7805.0 0.602231 0.6048 0.0 0.387132 1.821815 -18.995112 -0.116824 0.010978 12.845295 96.0
219 7805.0 0.585982 0.60936 0.0 0.376526 1.821815 -18.995112 -0.116824 0.010978 12.845295 96.0
220 7805.0 0.616196 0.612269 0.0 0.40435 1.821815 -18.995112 -0.116824 0.010978 12.845295 96.0
221 7805.0 0.637031 0.639597 0.0 0.441555 1.821815 -18.995112 -0.116824 0.010978 12.845295 96.0
222 7805.0 0.658771 0.664191 0.0 0.477585 1.821815 -18.995112 -0.116824 0.010978 12.845295 96.0
223 7805.0 0.669968 0.658802 0.0 0.483295 1.821815 -18.995112 -0.116824 0.010978 12.845295 96.0
224 7805.0 0.676794 0.665361 0.0 0.493781 1.821815 -18.995112 -0.116824 0.010978 12.845295 96.0
225 7805.0 0.717571 0.66783 0.0 0.530295 1.821815 -18.995112 -0.116824 0.010978 12.845295 96.0
226 7805.0 0.744303 0.665942 0.0 0.551739 1.821815 -18.995112 -0.116824 0.010978 12.845295 96.0
227 7805.0 0.748793 0.676335 0.0 0.562961 1.821815 -18.995112 -0.116824 0.010978 12.845295 96.0
228 7805.0 0.758463 0.681802 0.0 0.575093 1.821815 -18.995112 -0.116824 0.010978 12.845295 96.0
229 7805.0 0.75729 0.68697 0.0 0.57777 1.821815 -18.995112 -0.116824 0.010978 12.845295 96.0
230 7805.0 0.773749 0.656463 0.0 0.570094 1.821815 -18.995112 -0.116824 0.010978 12.845295 96.0
231 7805.0 0.768803 0.684587 0.0 0.585888 1.821815 -18.995112 -0.116824 0.010978 12.845295 96.0
232 7805.0 0.781666 0.690469 0.0 0.601039 1.821815 -18.995112 -0.116824 0.010978 12.845295 96.0
233 7805.0 0.793238 0.683803 0.0 0.60616 1.821815 -18.995112 -0.116824 0.010978 12.845295 96.0
234 7805.0 0.795351 0.680054 0.0 0.605293 1.821815 -18.995112 -0.116824 0.010978 12.845295 96.0
235 7805.0 0.815573 0.689653 0.0 0.629361 1.821815 -18.995112 -0.116824 0.010978 12.845295 96.0
236 7805.0 0.814272 0.704305 0.0 0.638764 1.821815 -18.995112 -0.116824 0.010978 12.845295 96.0
237 7805.0 0.808118 0.725018 0.0 0.648609 1.821815 -18.995112 -0.116824 0.010978 12.845295 96.0
238 7805.0 0.81124 0.741925 0.0 0.663729 1.821815 -18.995112 -0.116824 0.010978 12.845295 96.0
239 7805.0 0.815283 0.766817 0.0 0.68551 1.821815 -18.995112 -0.116824 0.010978 12.845295 96.0
240 7805.0 0.792799 0.773008 0.0 0.670494 1.821815 -18.995112 -0.116824 0.010978 12.845295 96.0
241 7805.0 0.80739 0.793224 0.0 0.698019 1.821815 -18.995112 -0.116824 0.010978 12.845295 96.0
242 7805.0 0.818542 0.802518 0.0 0.714539 1.821815 -18.995112 -0.116824 0.010978 12.845295 96.0
243 7805.0 0.831133 0.805297 0.0 0.72753 1.821815 -18.995112 -0.116824 0.010978 12.845295 96.0
244 7805.0 0.856756 0.843297 0.0 0.7777 1.821815 -18.995112 -0.116824 0.010978 12.845295 96.0
245 7805.0 0.869952 0.867028 0.0 0.806591 1.821815 -18.995112 -0.116824 0.010978 12.845295 96.0
246 7805.0 0.875285 0.88609 0.0 0.825216 1.821815 -18.995112 -0.116824 0.010978 12.845295 96.0
247 7805.0 0.877324 0.909232 0.0 0.843969 1.821815 -18.995112 -0.116824 0.010978 12.845295 96.0
248 7805.0 0.880192 0.92622 0.0 0.858928 1.821815 -18.995112 -0.116824 0.010978 12.845295 96.0
249 7805.0 0.913729 0.954999 0.0 0.908281 1.821815 -18.995112 -0.116824 0.010978 12.845295 96.0
250 7805.0 0.922897 0.976625 0.0 0.92816 1.821815 -18.995112 -0.116824 0.010978 12.845295 96.0
251 7805.0 0.914367 0.995015 0.0 0.93173 1.821815 -18.995112 -0.116824 0.010978 12.845295 96.0
252 7805.0 0.916208 1.030558 0.0 0.934867 1.821815 -18.995112 -0.116824 0.010978 12.845295 96.0
253 7805.0 0.961812 1.031458 0.0 0.954229 1.821815 -18.995112 -0.116824 0.010978 12.845295 96.0
254 7805.0 0.953404 1.064531 0.0 0.951401 1.821815 -18.995112 -0.116824 0.010978 12.845295 96.0
255 7805.0 0.939109 1.094345 0.0 0.946003 1.821815 -18.995112 -0.116824 0.010978 12.845295 96.0
256 7805.0 0.927984 1.089337 0.0 0.941173 1.821815 -18.995112 -0.116824 0.010978 12.845295 96.0
257 7805.0 0.946313 1.112995 0.0 0.949474 1.821815 -18.995112 -0.116824 0.010978 12.845295 96.0
258 7805.0 0.946511 1.10111 0.0 0.949293 1.821815 -18.995112 -0.116824 0.010978 12.845295 96.0
259 7805.0 0.951593 1.103859 0.0 0.95151 1.821815 -18.995112 -0.116824 0.010978 12.845295 96.0
260 7805.0 0.986985 1.104182 0.0 0.966528 1.821815 -18.995112 -0.116824 0.010978 12.845295 96.0
261 7805.0 1.011111 1.119454 0.0 0.977101 1.821815 -18.995112 -0.116824 0.010978 12.845295 96.0
262 7805.0 0.979473 1.13264 0.0 0.963977 1.821815 -18.995112 -0.116824 0.010978 12.845295 96.0
263 7805.0 0.976392 1.141494 0.0 0.962867 1.821815 -18.995112 -0.116824 0.010978 12.845295 96.0
264 7805.0 0.978935 1.16851 0.0 0.964549 1.821815 -18.995112 -0.116824 0.010978 12.845295 96.0
265 7805.0 0.967106 1.181752 0.0 0.95795 1.821815 -18.995112 -0.116824 0.010978 12.845295 96.0
266 7805.0 0.947424 1.167268 0.0 0.950653 1.821815 -18.995112 -0.116824 0.010978 12.845295 96.0
267 7805.0 0.94702 1.176788 0.0 0.947369 1.821815 -18.995112 -0.116824 0.010978 12.845295 96.0
268 7805.0 1.009466 1.173528 0.0 0.97761 1.821815 -18.995112 -0.116824 0.010978 12.845295 96.0
269 7805.0 1.001569 1.178257 0.0 0.974366 1.821815 -18.995112 -0.116824 0.010978 12.845295 96.0
270 7805.0 0.990031 1.179611 0.0 0.969502 1.821815 -18.995112 -0.116824 0.010978 12.845295 96.0
271 7805.0 0.990119 1.201893 0.0 0.965459 1.821815 -18.995112 -0.116824 0.010978 12.845295 96.0
272 7805.0 1.00532 1.175706 0.0 0.9759 1.821815 -18.995112 -0.116824 0.010978 12.845295 96.0
273 7805.0 0.99109 1.169462 0.0 0.969725 1.821815 -18.995112 -0.116824 0.010978 12.845295 96.0
274 7805.0 0.971114 1.176427 0.0 0.961408 1.821815 -18.995112 -0.116824 0.010978 12.845295 96.0
275 7805.0 0.952855 1.189839 0.0 0.946735 1.821815 -18.995112 -0.116824 0.010978 12.845295 96.0
276 7805.0 0.974225 1.188752 0.0 0.960027 1.821815 -18.995112 -0.116824 0.010978 12.845295 96.0
277 7805.0 0.985218 1.187416 0.0 0.967113 1.821815 -18.995112 -0.116824 0.010978 12.845295 96.0
278 7805.0 0.993837 1.163177 0.0 0.97075 1.821815 -18.995112 -0.116824 0.010978 12.845295 96.0
279 7805.0 0.983185 1.175396 0.0 0.966505 1.821815 -18.995112 -0.116824 0.010978 12.845295 96.0
280 7805.0 0.979373 1.19398 0.0 0.961476 1.821815 -18.995112 -0.116824 0.010978 12.845295 96.0
281 7805.0 0.965324 1.171862 0.0 0.958851 1.821815 -18.995112 -0.116824 0.010978 12.845295 96.0
282 7805.0 0.997703 1.187614 0.0 0.972935 1.821815 -18.995112 -0.116824 0.010978 12.845295 96.0
283 7805.0 1.010671 1.18397 0.0 0.978354 1.821815 -18.995112 -0.116824 0.010978 12.845295 96.0
284 7805.0 1.014665 1.165151 0.0 0.979628 1.821815 -18.995112 -0.116824 0.010978 12.845295 96.0
285 7805.0 1.018006 1.149884 0.0 0.980704 1.821815 -18.995112 -0.116824 0.010978 12.845295 96.0
286 7805.0 1.012822 1.177264 0.0 0.979116 1.821815 -18.995112 -0.116824 0.010978 12.845295 96.0
287 7805.0 0.990795 1.186512 0.0 0.96998 1.821815 -18.995112 -0.116824 0.010978 12.845295 96.0
