 time p.x p.y p.z deep.node-0 CV opes.bias opes.rct opes.zed opes.neff opes.nker
0 2950.0 0.00684 0.521603 0.0 0.000486 0.785173 -8.899099 -0.018677 0.015968 12.845295 66.0
1 2950.0 -0.01838 0.497354 0.0 0.010557 0.785173 -8.899099 -0.018677 0.015968 12.845295 66.0
2 2950.0 -0.017931 0.528637 0.0 -0.001163 0.785173 -8.899099 -0.018677 0.015968 12.845295 66.0
3 2950.0 -0.023778 0.520617 0.0 0.001819 0.785173 -8.899099 -0.018677 0.015968 12.845295 66.0
4 2950.0 -0.012369 0.509464 0.0 0.005464 0.785173 -8.899099 -0.018677 0.015968 12.845295 66.0
5 2950.0 -0.007363 0.534983 0.0 -0.003333 0.785173 -8.899099 -0.018677 0.015968 12.845295 66.0
6 2950.0 -0.00959 0.527167 0.0 -0.000884 0.785173 -8.899099 -0.018677 0.015968 12.845295 66.0
7 2950.0 0.018789 0.528765 0.0 -0.001963 0.785173 -8.899099 -0.018677 0.015968 12.845295 66.0
8 2950.0 0.031944 0.526672 0.0 -0.001592 0.785173 -8.899099 -0.018677 0.015968 12.845295 66.0
9 2950.0 0.005393 0.525596 0.0 -0.000712 0.785173 -8.899099 -0.018677 0.015968 12.845295 66.0
10 2950.0 0.016934 0.51584 0.0 0.002048 0.785173 -8.899099 -0.018677 0.015968 12.845295 66.0
11 2950.0 -0.00031 0.517954 0.0 0.001755 0.785173 -8.899099 -0.018677 0.015968 12.845295 66.0
12 2950.0 0.008276 0.506492 0.0 0.005352 0.785173 -8.899099 -0.018677 0.015968 12.845295 66.0
13 2950.0 0.026859 0.492955 0.0 0.009485 0.785173 -8.899099 -0.018677 0.015968 12.845295 66.0
14 2950.0 0.044679 0.512668 0.0 0.002448 0.785173 -8.899099 -0.018677 0.015968 12.845295 66.0
15 2950.0 0.041066 0.503158 0.0 0.005446 0.785173 -8.899099 -0.018677 0.015968 12.845295 66.0
16 2950.0 0.029421 0.517878 0.0 0.001163 0.785173 -8.899099 -0.018677 0.015968 12.845295 66.0
17 2950.0 0.030467 0.532223 0.0 -0.003268 0.785173 -8.899099 -0.018677 0.015968 12.845295 66.0
18 2950.0 0.025841 0.527767 0.0 -0.001802 0.785173 -8.899099 -0.018677 0.015968 12.845295 66.0
19 2950.0 0.027187 0.53107 0.0 -0.002846 0.785173 -8.899099 -0.018677 0.015968 12.845295 66.0
20 2950.0 0.042246 0.536275 0.0 -0.004757 0.785173 -8.899099 -0.018677 0.015968 12.845295 66.0
21 2950.0 0.033896 0.579982 0.0 -0.009128 0.785173 -8.899099 -0.018677 0.015968 12.845295 66.0
22 2950.0 0.035738 0.558001 0.0 -0.009536 0.785173 -8.899099 -0.018677 0.015968 12.845295 66.0
23 2950.0 0.048734 0.546362 0.0 -0.007833 0.785173 -8.899099 -0.018677 0.015968 12.845295 66.0
24 2950.0 0.054026 0.536739 0.0 -0.005144 0.785173 -8.899099 -0.018677 0.015968 12.845295 66.0
25 2950.0 0.049724 0.526264 0.0 -0.001835 0.785173 -8.899099 -0.018677 0.015968 12.845295 66.0
26 2950.0 0.055931 0.510533 0.0 0.002871 0.785173 -8.899099 -0.018677 0.015968 12.845295 66.0
27 2950.0 0.070414 0.499546 0.0 0.005949 0.785173 -8.899099 -0.018677 0.015968 12.845295 66.0
28 2950.0 0.090861 0.508331 0.0 0.002825 0.785173 -8.899099 -0.018677 0.015968 12.845295 66.0
29 2950.0 0.088081 0.522014 0.0 -0.001323 0.785173 -8.899099 -0.018677 0.015968 12.845295 66.0
30 2950.0 0.080337 0.523551 0.0 -0.001635 0.785173 -8.899099 -0.018677 0.015968 12.845295 66.0
31 2950.0 0.112342 0.547364 0.0 0.002358 0.785173 -8.899099 -0.018677 0.015968 12.845295 66.0
32 2950.0 0.103132 0.527923 0.0 0.000265 0.785173 -8.899099 -0.018677 0.015968 12.845295 66.0
33 2950.0 0.08744 0.524439 0.0 -0.002056 0.785173 -8.899099 -0.018677 0.015968 12.845295 66.0
34 2950.0 0.09778 0.542178 0.0 -0.000134 0.785173 -8.899099 -0.018677 0.015968 12.845295 66.0
35 2950.0 0.104541 0.540052 0.0 0.000878 0.785173 -8.899099 -0.018677 0.015968 12.845295 66.0
36 2950.0 0.071411 0.520989 0.0 -0.000663 0.785173 -8.899099 -0.018677 0.015968 12.845295 66.0
37 2950.0 0.087472 0.561933 0.0 -0.001148 0.785173 -8.899099 -0.018677 0.015968 12.845295 66.0
38 2950.0 0.086154 0.544515 0.0 -0.001916 0.785173 -8.899099 -0.018677 0.015968 12.845295 66.0
39 2950.0 0.08244 0.547221 0.0 -0.002422 0.785173 -8.899099 -0.018677 0.015968 12.845295 66.0
40 2950.0 0.10789 0.533097 0.0 0.00119 0.785173 -8.899099 -0.018677 0.015968 12.845295 66.0
41 2950.0 0.091697 0.525635 0.0 -0.001635 0.785173 -8.899099 -0.018677 0.015968 12.845295 66.0
42 2950.0 0.12533 0.535868 0.0 0.004064 0.785173 -8.899099 -0.018677 0.015968 12.845295 66.0
43 2950.0 0.118028 0.537877 0.0 0.002962 0.785173 -8.899099 -0.018677 0.015968 12.845295 66.0
44 2950.0 0.139721 0.518321 0.0 0.005802 0.785173 -8.899099 -0.018677 0.015968 12.845295 66.0
45 2950.0 0.123289 0.521578 0.0 0.003281 0.785173 -8.899099 -0.018677 0.015968 12.845295 66.0
46 2950.0 0.100111 0.519249 0.0 -0.000495 0.785173 -8.899099 -0.018677 0.015968 12.845295 66.0
47 2950.0 0.11136 0.514528 0.0 0.001151 0.785173 -8.899099 -0.018677 0.015968 12.845295 66.0
48 2950.0 0.098258 0.517787 0.0 -0.000235 0.785173 -8.899099 -0.018677 0.015968 12.845295 66.0
49 2950.0 0.065816 0.519249 0.0 -1.2e-05 0.785173 -8.899099 -0.018677 0.015968 12.845295 66.0
50 2950.0 0.047468 0.511333 0.0 0.002801 0.785173 -8.899099 -0.018677 0.015968 12.845295 66.0
51 2950.0 0.063663 0.523424 0.0 -0.001251 0.785173 -8.899099 -0.018677 0.015968 12.845295 66.0
52 2950.0 0.074344 0.54576 0.0 -0.003762 0.785173 -8.899099 -0.018677 0.015968 12.845295 66.0
53 2950.0 0.067636 0.513562 0.0 0.001698 0.785173 -8.899099 -0.018677 0.015968 12.845295 66.0
54 2950.0 0.066474 0.475232 0.0 0.014426 0.785173 -8.899099 -0.018677 0.015968 12.845295 66.0
55 2950.0 0.069946 0.482815 0.0 0.011162 0.785173 -8.899099 -0.018677 0.015968 12.845295 66.0
56 2950.0 0.078031 0.489964 0.0 0.008736 0.785173 -8.899099 -0.018677 0.015968 12.845295 66.0
57 2950.0 0.074647 0.492157 0.0 0.008132 0.785173 -8.899099 -0.018677 0.015968 12.845295 66.0
58 2950.0 0.072186 0.499519 0.0 0.00592 0.785173 -8.899099 -0.018677 0.015968 12.845295 66.0
59 2950.0 0.075058 0.508091 0.0 0.003226 0.785173 -8.899099 -0.018677 0.015968 12.845295 66.0
60 2950.0 0.083201 0.499276 0.0 0.005767 0.785173 -8.899099 -0.018677 0.015968 12.845295 66.0
61 2950.0 0.092389 0.504246 0.0 0.004049 0.785173 -8.899099 -0.018677 0.015968 12.845295 66.0
62 2950.0 0.096694 0.515502 0.0 0.0005 0.785173 -8.899099 -0.018677 0.015968 12.845295 66.0
63 2950.0 0.07971 0.484565 0.0 0.010412 0.785173 -8.899099 -0.018677 0.015968 12.845295 66.0
64 2950.0 0.054161 0.493613 0.0 0.008109 0.785173 -8.899099 -0.018677 0.015968 12.845295 66.0
65 2950.0 0.048794 0.49924 0.0 0.006491 0.785173 -8.899099 -0.018677 0.015968 12.845295 66.0
66 2950.0 0.037053 0.511671 0.0 0.002913 0.785173 -8.899099 -0.018677 0.015968 12.845295 66.0
67 2950.0 0.04804 0.484943 0.0 0.011304 0.785173 -8.899099 -0.018677 0.015968 12.845295 66.0
68 2950.0 0.064014 0.503354 0.0 0.004911 0.785173 -8.899099 -0.018677 0.015968 12.845295 66.0
69 2950.0 0.085534 0.510762 0.0 0.002188 0.785173 -8.899099 -0.018677 0.015968 12.845295 66.0
70 2950.0 0.076352 0.510251 0.0 0.002535 0.785173 -8.899099 -0.018677 0.015968 12.845295 66.0
71 2950.0 0.101276 0.52836 0.0 -1.7e-05 0.785173 -8.899099 -0.018677 0.015968 12.845295 66.0
72 2950.0 0.114139 0.538703 0.0 0.002368 0.785173 -8.899099 -0.018677 0.015968 12.845295 66.0
73 2950.0 0.104775 0.53749 0.0 0.000833 0.785173 -8.899099 -0.018677 0.015968 12.845295 66.0
74 2950.0 0.1116 0.549205 0.0 0.002298 0.785173 -8.899099 -0.018677 0.015968 12.845295 66.0
75 2950.0 0.078669 0.534561 0.0 -0.00343 0.785173 -8.899099 -0.018677 0.015968 12.845295 66.0
76 2950.0 0.066111 0.509354 0.0 0.003023 0.785173 -8.899099 -0.018677 0.015968 12.845295 66.0
77 2950.0 0.063823 0.509228 0.0 0.003109 0.785173 -8.899099 -0.018677 0.015968 12.845295 66.0
78 2950.0 0.059649 0.518516 0.0 0.000341 0.785173 -8.899099 -0.018677 0.015968 12.845295 66.0
79 2950.0 0.057319 0.537979 0.0 -0.005593 0.785173 -8.899099 -0.018677 0.015968 12.845295 66.0
80 2950.0 0.058753 0.524249 0.0 -0.001403 0.785173 -8.899099 -0.018677 0.015968 12.845295 66.0
81 2950.0 0.07219 0.533011 0.0 -0.004374 0.785173 -8.899099 -0.018677 0.015968 12.845295 66.0
82 2950.0 0.101924 0.522392 0.0 -0.000105 0.785173 -8.899099 -0.018677 0.015968 12.845295 66.0
83 2950.0 0.133403 0.533978 0.0 0.005293 0.785173 -8.899099 -0.018677 0.015968 12.845295 66.0
84 2950.0 0.118218 0.52875 0.0 0.002701 0.785173 -8.899099 -0.018677 0.015968 12.845295 66.0
85 2950.0 0.123487 0.510241 0.0 0.00295 0.785173 -8.899099 -0.018677 0.015968 12.845295 66.0
86 2950.0 0.121148 0.490106 0.0 0.007923 0.785173 -8.899099 -0.018677 0.015968 12.845295 66.0
87 2950.0 0.127417 0.501339 0.0 0.004217 0.785173 -8.899099 -0.018677 0.015968 12.845295 66.0
88 2950.0 0.142292 0.499712 0.0 0.005617 0.785173 -8.899099 -0.018677 0.015968 12.845295 66.0
89 2950.0 0.140994 0.508277 0.0 0.005684 0.785173 -8.899099 -0.018677 0.015968 12.845295 66.0
90 2950.0 0.149616 0.488262 0.0 0.008281 0.785173 -8.899099 -0.018677 0.015968 12.845295 66.0
91 2950.0 0.141068 0.49649 0.0 0.005425 0.785173 -8.899099 -0.018677 0.015968 12.845295 66.0
92 2950.0 0.12722 0.526919 0.0 0.00408 0.785173 -8.899099 -0.018677 0.015968 12.845295 66.0
93 2950.0 0.103842 0.529542 0.0 0.00043 0.785173 -8.899099 -0.018677 0.015968 12.845295 66.0
94 2950.0 0.12882 0.518555 0.0 0.004068 0.785173 -8.899099 -0.018677 0.015968 12.845295 66.0
95 2950.0 0.144604 0.479293 0.0 0.011618 0.785173 -8.899099 -0.018677 0.015968 12.845295 66.0
96 2950.0 0.131966 0.478072 0.0 0.012206 0.785173 -8.899099 -0.018677 0.015968 12.845295 66.0
97 2950.0 0.120027 0.475576 0.0 0.013252 0.785173 -8.899099 -0.018677 0.015968 12.845295 66.0
98 2950.0 0.119742 0.514701 0.0 0.002495 0.785173 -8.899099 -0.018677 0.015968 12.845295 66.0
99 2950.0 0.12676 0.517638 0.0 0.00371 0.785173 -8.899099 -0.018677 0.015968 12.845295 66.0
100 2950.0 0.131922 0.53545 0.0 0.005104 0.785173 -8.899099 -0.018677 0.015968 12.845295 66.0
101 2950.0 0.151494 0.510685 0.0 0.007437 0.785173 -8.899099 -0.018677 0.015968 12.845295 66.0
102 2950.0 0.196288 0.510842 0.0 0.014597 0.785173 -8.899099 -0.018677 0.015968 12.845295 66.0
103 2950.0 0.174994 0.490886 0.0 0.011938 0.785173 -8.899099 -0.018677 0.015968 12.845295 66.0
104 2950.0 0.178855 0.494845 0.0 0.012228 0.785173 -8.899099 -0.018677 0.015968 12.845295 66.0
105 2950.0 0.190839 0.48874 0.0 0.015044 0.785173 -8.899099 -0.018677 0.015968 12.845295 66.0
106 2950.0 0.175251 0.4829 0.0 0.012816 0.785173 -8.899099 -0.018677 0.015968 12.845295 66.0
107 2950.0 0.190606 0.482439 0.0 0.015658 0.785173 -8.899099 -0.018677 0.015968 12.845295 66.0
108 2950.0 0.212388 0.501496 0.0 0.017638 0.785173 -8.899099 -0.018677 0.015968 12.845295 66.0
109 2950.0 0.182192 0.488492 0.0 0.013497 0.785173 -8.899099 -0.018677 0.015968 12.845295 66.0
110 2950.0 0.18894 0.494443 0.0 0.014105 0.785173 -8.899099 -0.018677 0.015968 12.845295 66.0
111 2950.0 0.168189 0.479405 0.0 0.011895 0.785173 -8.899099 -0.018677 0.015968 12.845295 66.0
112 2950.0 0.181465 0.494585 0.0 0.01273 0.785173 -8.899099 -0.018677 0.015968 12.845295 66.0
113 2950.0 0.194564 0.478369 0.0 0.016802 0.785173 -8.899099 -0.018677 0.015968 12.845295 66.0
114 2950.0 0.180915 0.48346 0.0 0.013788 0.785173 -8.899099 -0.018677 0.015968 12.845295 66.0
115 2950.0 0.207297 0.463354 0.0 0.020681 0.785173 -8.899099 -0.018677 0.015968 12.845295 66.0
116 2950.0 0.221692 0.511774 0.0 0.027544 0.785173 -8.899099 -0.018677 0.015968 12.845295 66.0
117 2950.0 0.215725 0.50935 0.0 0.021933 0.785173 -8.899099 -0.018677 0.015968 12.845295 66.0
118 2950.0 0.210744 0.539431 0.0 0.03463 0.785173 -8.899099 -0.018677 0.015968 12.845295 66.0
119 2950.0 0.225819 0.476269 0.0 0.022707 0.785173 -8.899099 -0.018677 0.015968 12.845295 66.0
120 2950.0 0.216152 0.473146 0.0 0.021273 0.785173 -8.899099 -0.018677 0.015968 12.845295 66.0
121 2950.0 0.218636 0.470363 0.0 0.022015 0.785173 -8.899099 -0.018677 0.015968 12.845295 66.0
122 2950.0 0.210121 0.489133 0.0 0.018512 0.785173 -8.899099 -0.018677 0.015968 12.845295 66.0
123 2950.0 0.213218 0.471904 0.0 0.020869 0.785173 -8.899099 -0.018677 0.015968 12.845295 66.0
124 2950.0 0.225422 0.471581 0.0 0.023123 0.785173 -8.899099 -0.018677 0.015968 12.845295 66.0
125 2950.0 0.219562 0.487427 0.0 0.020408 0.785173 -8.899099 -0.018677 0.015968 12.845295 66.0
126 2950.0 0.237144 0.485084 0.0 0.027781 0.785173 -8.899099 -0.018677 0.015968 12.845295 66.0
127 2950.0 0.244896 0.515585 0.0 0.046325 0.785173 -8.899099 -0.018677 0.015968 12.845295 66.0
128 2950.0 0.257908 0.506844 0.0 0.052022 0.785173 -8.899099 -0.018677 0.015968 12.845295 66.0
129 2950.0 0.25836 0.519115 0.0 0.057936 0.785173 -8.899099 -0.018677 0.015968 12.845295 66.0
130 2950.0 0.262397 0.514141 0.0 0.058313 0.785173 -8.899099 -0.018677 0.015968 12.845295 66.0
131 2950.0 0.239172 0.514005 0.0 0.041346 0.785173 -8.899099 -0.018677 0.015968 12.845295 66.0
132 2950.0 0.249263 0.495094 0.0 0.040838 0.785173 -8.899099 -0.018677 0.015968 12.845295 66.0
133 2950.0 0.279011 0.49822 0.0 0.0642 0.785173 -8.899099 -0.018677 0.015968 12.845295 66.0
134 2950.0 0.271202 0.50962 0.0 0.063021 0.785173 -8.899099 -0.018677 0.015968 12.845295 66.0
135 2950.0 0.282321 0.508083 0.0 0.070656 0.785173 -8.899099 -0.018677 0.015968 12.845295 66.0
136 2950.0 0.280583 0.499542 0.0 0.065903 0.785173 -8.899099 -0.018677 0.015968 12.845295 66.0
137 2950.0 0.296512 0.494626 0.0 0.075741 0.785173 -8.899099 -0.018677 0.015968 12.845295 66.0
138 2950.0 0.294711 0.495269 0.0 0.074664 0.785173 -8.899099 -0.018677 0.015968 12.845295 66.0
139 2950.0 0.280486 0.503177 0.0 0.067305 0.785173 -8.899099 -0.018677 0.015968 12.845295 66.0
140 2950.0 0.26406 0.517427 0.0 0.061128 0.785173 -8.899099 -0.018677 0.015968 12.845295 66.0
141 2950.0 0.269986 0.511381 0.0 0.062831 0.785173 -8.899099 -0.018677 0.015968 12.845295 66.0
142 2950.0 0.258157 0.54182 0.0 0.070082 0.785173 -8.899099 -0.018677 0.015968 12.845295 66.0
143 2950.0 0.247808 0.554451 0.0 0.069464 0.785173 -8.899099 -0.018677 0.015968 12.845295 66.0
144 2950.0 0.268277 0.539266 0.0 0.075989 0.785173 -8.899099 -0.018677 0.015968 12.845295 66.0
145 2950.0 0.258353 0.560167 0.0 0.080155 0.785173 -8.899099 -0.018677 0.015968 12.845295 66.0
146 2950.0 0.28739 0.545232 0.0 0.09299 0.785173 -8.899099 -0.018677 0.015968 12.845295 66.0
147 2950.0 0.306577 0.529274 0.0 0.098173 0.785173 -8.899099 -0.018677 0.015968 12.845295 66.0
148 2950.0 0.311124 0.530101 0.0 0.101897 0.785173 -8.899099 -0.018677 0.015968 12.845295 66.0
149 2950.0 0.322406 0.525335 0.0 0.107445 0.785173 -8.899099 -0.018677 0.015968 12.845295 66.0
150 2950.0 0.34374 0.521783 0.0 0.121825 0.785173 -8.899099 -0.018677 0.015968 12.845295 66.0
151 2950.0 0.340529 0.510211 0.0 0.114749 0.785173 -8.899099 -0.018677 0.015968 12.845295 66.0
152 2950.0 0.344308 0.51933 0.0 0.121252 0.785173 -8.899099 -0.018677 0.015968 12.845295 66.0
153 2950.0 0.355085 0.531925 0.0 0.134556 0.785173 -8.899099 -0.018677 0.015968 12.845295 66.0
154 2950.0 0.347851 0.530759 0.0 0.128714 0.785173 -8.899099 -0.018677 0.015968 12.845295 66.0
155 2950.0 0.348329 0.570127 0.0 0.150655 0.785173 -8.899099 -0.018677 0.015968 12.845295 66.0
156 2950.0 0.345215 0.537124 0.0 0.13026 0.785173 -8.899099 -0.018677 0.015968 12.845295 66.0
157 2950.0 0.346725 0.538107 0.0 0.13188 0.785173 -8.899099 -0.018677 0.015968 12.845295 66.0
158 2950.0 0.358401 0.529323 0.0 0.135769 0.785173 -8.899099 -0.018677 0.015968 12.845295 66.0
159 2950.0 0.3612 0.528766 0.0 0.137622 0.785173 -8.899099 -0.018677 0.015968 12.845295 66.0
160 2950.0 0.382974 0.515338 0.0 0.148351 0.785173 -8.899099 -0.018677 0.015968 12.845295 66.0
161 2950.0 0.394029 0.527343 0.0 0.161428 0.785173 -8.899099 -0.018677 0.015968 12.845295 66.0
162 2950.0 0.380018 0.51636 0.0 0.14657 0.785173 -8.899099 -0.018677 0.015968 12.845295 66.0
163 2950.0 0.37655 0.509596 0.0 0.141252 0.785173 -8.899099 -0.018677 0.015968 12.845295 66.0
164 2950.0 0.3849 0.485652 0.0 0.13775 0.785173 -8.899099 -0.018677 0.015968 12.845295 66.0
165 2950.0 0.404909 0.501305 0.0 0.158955 0.785173 -8.899099 -0.018677 0.015968 12.845295 66.0
166 2950.0 0.419155 0.494594 0.0 0.166815 0.785173 -8.899099 -0.018677 0.015968 12.845295 66.0
167 2950.0 0.426828 0.48116 0.0 0.167069 0.785173 -8.899099 -0.018677 0.015968 12.845295 66.0
168 2950.0 0.440168 0.492836 0.0 0.181709 0.785173 -8.899099 -0.018677 0.015968 12.845295 66.0
169 2950.0 0.45733 0.515533 0.0 0.20461 0.785173 -8.899099 -0.018677 0.015968 12.845295 66.0
170 2950.0 0.478199 0.536971 0.0 0.235004 0.785173 -8.899099 -0.018677 0.015968 12.845295 66.0
171 2950.0 0.472165 0.530767 0.0 0.226155 0.785173 -8.899099 -0.018677 0.015968 12.845295 66.0
172 2950.0 0.448053 0.520793 0.0 0.199473 0.785173 -8.899099 -0.018677 0.015968 12.845295 66.0
173 2950.0 0.430305 0.538357 0.0 0.193909 0.785173 -8.899099 -0.018677 0.015968 12.845295 66.0
174 2950.0 0.44392 0.536556 0.0 0.204782 0.785173 -8.899099 -0.018677 0.015968 12.845295 66.0
175 2950.0 0.433148 0.547975 0.0 0.202573 0.785173 -8.899099 -0.018677 0.015968 12.845295 66.0
176 2950.0 0.442484 0.530956 0.0 0.200323 0.785173 -8.899099 -0.018677 0.015968 12.845295 66.0
177 2950.0 0.467457 0.532312 0.0 0.222927 0.785173 -8.899099 -0.018677 0.015968 12.845295 66.0
178 2950.0 0.447244 0.544575 0.0 0.212304 0.785173 -8.899099 -0.018677 0.015968 12.845295 66.0
179 2950.0 0.434189 0.531646 0.0 0.193476 0.785173 -8.899099 -0.018677 0.015968 12.845295 66.0
180 2950.0 0.448635 0.516646 0.0 0.197652 0.785173 -8.899099 -0.018677 0.015968 12.845295 66.0
181 2950.0 0.453085 0.526132 0.0 0.206859 0.785173 -8.899099 -0.018677 0.015968 12.845295 66.0
182 2950.0 0.459331 0.522213 0.0 0.210105 0.785173 -8.899099 -0.018677 0.015968 12.845295 66.0
183 2950.0 0.46687 0.516788 0.0 0.213634 0.785173 -8.899099 -0.018677 0.015968 12.845295 66.0
184 2950.0 0.458855 0.547942 0.0 0.224462 0.785173 -8.899099 -0.018677 0.015968 12.845295 66.0
185 2950.0 0.494982 0.534564 0.0 0.248297 0.785173 -8.899099 -0.018677 0.015968 12.845295 66.0
186 2950.0 0.472822 0.535127 0.0 0.229239 0.785173 -8.899099 -0.018677 0.015968 12.845295 66.0
187 2950.0 0.487892 0.550186 0.0 0.251086 0.785173 -8.899099 -0.018677 0.015968 12.845295 66.0
188 2950.0 0.456376 0.553145 0.0 0.226051 0.785173 -8.899099 -0.018677 0.015968 12.845295 66.0
189 2950.0 0.45224 0.516785 0.0 0.200874 0.785173 -8.899099 -0.018677 0.015968 12.845295 66.0
190 2950.0 0.458275 0.502079 0.0 0.198903 0.785173 -8.899099 -0.018677 0.015968 12.845295 66.0
191 2950.0 0.447407 0.492009 0.0 0.18675 0.785173 -8.899099 -0.018677 0.015968 12.845295 66.0
192 2950.0 0.441996 0.469507 0.0 0.173611 0.785173 -8.899099 -0.018677 0.015968 12.845295 66.0
193 2950.0 0.424847 0.474989 0.0 0.163097 0.785173 -8.899099 -0.018677 0.015968 12.845295 66.0
194 2950.0 0.40784 0.469155 0.0 0.148101 0.785173 -8.899099 -0.018677 0.015968 12.845295 66.0
195 2950.0 0.395394 0.479691 0.0 0.143128 0.785173 -8.899099 -0.018677 0.015968 12.845295 66.0
196 2950.0 0.396532 0.48711 0.0 0.14698 0.785173 -8.899099 -0.018677 0.015968 12.845295 66.0
197 2950.0 0.387086 0.462562 0.0 0.130014 0.785173 -8.899099 -0.018677 0.015968 12.845295 66.0
198 2950.0 0.400016 0.490107 0.0 0.150782 0.785173 -8.899099 -0.018677 0.015968 12.845295 66.0
199 2950.0 0.432314 0.500861 0.0 0.179129 0.785173 -8.899099 -0.018677 0.015968 12.845295 66.0
200 2950.0 0.436628 0.472522 0.0 0.170846 0.785173 -8.899099 -0.018677 0.015968 12.845295 66.0
201 2950.0 0.453343 0.472283 0.0 0.183164 0.785173 -8.899099 -0.018677 0.015968 12.845295 66.0
202 2950.0 0.434858 0.478449 0.0 0.171934 0.785173 -8.899099 -0.018677 0.015968 12.845295 66.0
203 2950.0 0.447367 0.464828 0.0 0.175704 0.785173 -8.899099 -0.018677 0.015968 12.845295 66.0
204 2950.0 0.442446 0.488622 0.0 0.181693 0.785173 -8.899099 -0.018677 0.015968 12.845295 66.0
205 2950.0 0.445934 0.495323 0.0 0.187 0.785173 -8.899099 -0.018677 0.015968 12.845295 66.0
206 2950.0 0.457588 0.497107 0.0 0.196378 0.785173 -8.899099 -0.018677 0.015968 12.845295 66.0
207 2950.0 0.452844 0.49622 0.0 0.192495 0.785173 -8.899099 -0.018677 0.015968 12.845295 66.0
208 2950.0 0.453097 0.498837 0.0 0.193744 0.785173 -8.899099 -0.018677 0.015968 12.845295 66.0
209 2950.0 0.463301 0.496103 0.0 0.200214 0.785173 -8.899099 -0.018677 0.015968 12.845295 66.0
210 2950.0 0.468995 0.513968 0.0 0.213903 0.785173 -8.899099 -0.018677 0.015968 12.845295 66.0
211 2950.0 0.482655 0.52755 0.0 0.233479 0.785173 -8.899099 -0.018677 0.015968 12.845295 66.0
212 2950.0 0.493417 0.533759 0.0 0.246465 0.785173 -8.899099 -0.018677 0.015968 12.845295 66.0
213 2950.0 0.482451 0.5572 0.0 0.251163 0.785173 -8.899099 -0.018677 0.015968 12.845295 66.0
214 2950.0 0.49188 0.536286 0.0 0.246575 0.785173 -8.899099 -0.018677 0.015968 12.845295 66.0
215 2950.0 0.505653 0.529878 0.0 0.254934 0.785173 -8.899099 -0.018677 0.015968 12.845295 66.0
216 2950.0 0.498974 0.521887 0.0 0.244494 0.785173 -8.899099 -0.018677 0.015968 12.845295 66.0
217 2950.0 0.495595 0.523657 0.0 0.242557 0.785173 -8.899099 -0.018677 0.015968 12.845295 66.0
218 2950.0 0.497613 0.547055 0.0 0.257786 0.785173 -8.899099 -0.018677 0.015968 12.845295 66.0
219 2950.0 0.521605 0.542562 0.0 0.276186 0.785173 -8.899099 -0.018677 0.015968 12.845295 66.0
220 2950.0 0.525364 0.554338 0.0 0.28625 0.785173 -8.899099 -0.018677 0.015968 12.845295 66.0
221 2950.0 0.536395 0.539801 0.0 0.287533 0.785173 -8.899099 -0.018677 0.015968 12.845295 66.0
222 2950.0 0.531591 0.529968 0.0 0.277673 0.785173 -8.899099 -0.018677 0.015968 12.845295 66.0
223 2950.0 0.555132 0.529658 0.0 0.298085 0.785173 -8.899099 -0.018677 0.015968 12.845295 66.0
224 2950.0 0.544382 0.53305 0.0 0.290634 0.785173 -8.899099 -0.018677 0.015968 12.845295 66.0
225 2950.0 0.553045 0.542654 0.0 0.303739 0.785173 -8.899099 -0.018677 0.015968 12.845295 66.0
226 2950.0 0.595542 0.540708 0.0 0.339789 0.785173 -8.899099 -0.018677 0.015968 12.845295 66.0
227 2950.0 0.597918 0.544685 0.0 0.344155 0.785173 -8.899099 -0.018677 0.015968 12.845295 66.0
228 2950.0 0.594208 0.567256 0.0 0.353899 0.785173 -8.899099 -0.018677 0.015968 12.845295 66.0
229 2950.0 0.613769 0.550909 0.0 0.361601 0.785173 -8.899099 -0.018677 0.015968 12.845295 66.0
230 2950.0 0.608156 0.557314 0.0 0.360378 0.785173 -8.899099 -0.018677 0.015968 12.845295 66.0
231 2950.0 0.604525 0.561715 0.0 0.359734 0.785173 -8.899099 -0.018677 0.015968 12.845295 66.0
232 2950.0 0.626642 0.552865 0.0 0.373986 0.785173 -8.899099 -0.018677 0.015968 12.845295 66.0
233 2950.0 0.668137 0.528903 0.0 0.396491 0.785173 -8.899099 -0.018677 0.015968 12.845295 66.0
234 2950.0 0.664816 0.535713 0.0 0.397506 0.785173 -8.899099 -0.018677 0.015968 12.845295 66.0
235 2950.0 0.662856 0.542145 0.0 0.399493 0.785173 -8.899099 -0.018677 0.015968 12.845295 66.0
236 2950.0 0.679705 0.551333 0.0 0.419517 0.785173 -8.899099 -0.018677 0.015968 12.845295 66.0
237 2950.0 0.666743 0.562698 0.0 0.41472 0.785173 -8.899099 -0.018677 0.015968 12.845295 66.0
238 2950.0 0.673266 0.585953 0.0 0.434273 0.785173 -8.899099 -0.018677 0.015968 12.845295 66.0
239 2950.0 0.661847 0.597532 0.0 0.432778 0.785173 -8.899099 -0.018677 0.015968 12.845295 66.0
240 2950.0 0.66983 0.61325 0.0 0.450766 0.785173 -8.899099 -0.018677 0.015968 12.845295 66.0
241 2950.0 0.688621 0.636824 0.0 0.483557 0.785173 -8.899099 -0.018677 0.015968 12.845295 66.0
242 2950.0 0.666243 0.635397 0.0 0.463467 0.785173 -8.899099 -0.018677 0.015968 12.845295 66.0
243 2950.0 0.635773 0.621893 0.0 0.427886 0.785173 -8.899099 -0.018677 0.015968 12.845295 66.0
244 2950.0 0.620106 0.605157 0.0 0.402623 0.785173 -8.899099 -0.018677 0.015968 12.845295 66.0
245 2950.0 0.614654 0.591791 0.0 0.388465 0.785173 -8.899099 -0.018677 0.015968 12.845295 66.0
246 2950.0 0.616577 0.61412 0.0 0.405991 0.785173 -8.899099 -0.018677 0.015968 12.845295 66.0
247 2950.0 0.640452 0.616092 0.0 0.427747 0.785173 -8.899099 -0.018677 0.015968 12.845295 66.0
248 2950.0 0.644923 0.634738 0.0 0.444825 0.785173 -8.899099 -0.018677 0.015968 12.845295 66.0
249 2950.0 0.657089 0.63688 0.0 0.456718 0.785173 -8.899099 -0.018677 0.015968 12.845295 66.0
250 2950.0 0.658861 0.616523 0.0 0.443745 0.785173 -8.899099 -0.018677 0.015968 12.845295 66.0
251 2950.0 0.646125 0.647191 0.0 0.45471 0.785173 -8.899099 -0.018677 0.015968 12.845295 66.0
252 2950.0 0.672549 0.648212 0.0 0.477959 0.785173 -8.899099 -0.018677 0.015968 12.845295 66.0
253 2950.0 0.669881 0.673444 0.0 0.493638 0.785173 -8.899099 -0.018677 0.015968 12.845295 66.0
254 2950.0 0.660798 0.668652 0.0 0.482487 0.785173 -8.899099 -0.018677 0.015968 12.845295 66.0
255 2950.0 0.670741 0.64062 0.0 0.471017 0.785173 -8.899099 -0.018677 0.015968 12.845295 66.0
256 2950.0 0.679152 0.644245 0.0 0.480766 0.785173 -8.899099 -0.018677 0.015968 12.845295 66.0
257 2950.0 0.679087 0.654496 0.0 0.488004 0.785173 -8.899099 -0.018677 0.015968 12.845295 66.0
258 2950.0 0.665531 0.681125 0.0 0.495396 0.785173 -8.899099 -0.018677 0.015968 12.845295 66.0
259 2950.0 0.69576 0.668285 0.0 0.512027 0.785173 -8.899099 -0.018677 0.015968 12.845295 66.0
260 2950.0 0.719405 0.682534 0.0 0.54232 0.785173 -8.899099 -0.018677 0.015968 12.845295 66.0
261 2950.0 0.718293 0.662107 0.0 0.526839 0.785173 -8.899099 -0.018677 0.015968 12.845295 66.0
262 2950.0 0.711538 0.66529 0.0 0.523346 0.785173 -8.899099 -0.018677 0.015968 12.845295 66.0
263 2950.0 0.713992 0.683612 0.0 0.538474 0.785173 -8.899099 -0.018677 0.015968 12.845295 66.0
264 2950.0 0.711692 0.69164 0.0 0.542225 0.785173 -8.899099 -0.018677 0.015968 12.845295 66.0
265 2950.0 0.730945 0.659776 0.0 0.535965 0.785173 -8.899099 -0.018677 0.015968 12.845295 66.0
266 2950.0 0.743914 0.67846 0.0 0.560314 0.785173 -8.899099 -0.018677 0.015968 12.845295 66.0
267 2950.0 0.73183 0.678148 0.0 0.549791 0.785173 -8.899099 -0.018677 0.015968 12.845295 66.0
268 2950.0 0.746032 0.710416 0.0 0.584856 0.785173 -8.899099 -0.018677 0.015968 12.845295 66.0
269 2950.0 0.744732 0.738429 0.0 0.603679 0.785173 -8.899099 -0.018677 0.015968 12.845295 66.0
270 2950.0 0.763226 0.72177 0.0 0.607591 0.785173 -8.899099 -0.018677 0.015968 12.845295 66.0
271 2950.0 0.769104 0.729858 0.0 0.618356 0.785173 -8.899099 -0.018677 0.015968 12.845295 66.0
272 2950.0 0.753183 0.740401 0.0 0.612286 0.785173 -8.899099 -0.018677 0.015968 12.845295 66.0
273 2950.0 0.763718 0.746637 0.0 0.625849 0.785173 -8.899099 -0.018677 0.015968 12.845295 66.0
274 2950.0 0.762702 0.756285 0.0 0.632045 0.785173 -8.899099 -0.018677 0.015968 12.845295 66.0
275 2950.0 0.738998 0.744153 0.0 0.602864 0.785173 -8.899099 -0.018677 0.015968 12.845295 66.0
276 2950.0 0.756519 0.7565 0.0 0.626824 0.785173 -8.899099 -0.018677 0.015968 12.845295 66.0
277 2950.0 0.763215 0.742276 0.0 0.622213 0.785173 -8.899099 -0.018677 0.015968 12.845295 66.0
278 2950.0 0.764974 0.72209 0.0 0.609309 0.785173 -8.899099 -0.018677 0.015968 12.845295 66.0
279 2950.0 0.7508 0.740822 0.0 0.610555 0.785173 -8.899099 -0.018677 0.015968 12.845295 66.0
280 2950.0 0.770864 0.739473 0.0 0.626809 0.785173 -8.899099 -0.018677 0.015968 12.845295 66.0
281 2950.0 0.76565 0.751849 0.0 0.631354 0.785173 -8.899099 -0.018677 0.015968 12.845295 66.0
282 2950.0 0.780748 0.7482 0.0 0.64181 0.785173 -8.899099 -0.018677 0.015968 12.845295 66.0
283 2950.0 0.775597 0.780775 0.0 0.66123 0.785173 -8.899099 -0.018677 0.015968 12.845295 66.0
284 2950.0 0.796921 0.782244 0.0 0.680857 0.785173 -8.899099 -0.018677 0.015968 12.845295 66.0
285 2950.0 0.798767 0.80085 0.0 0.696114 0.785173 -8.899099 -0.018677 0.015968 12.845295 66.0
286 2950.0 0.825192 0.853779 0.0 0.757935 0.785173 -8.899099 -0.018677 0.015968 12.845295 66.0
287 2950.0 0.847726 0.86485 0.0 0.785659 0.785173 -8.899099 -0.018677 0.015968 12.845295 66.0
