 time p.x p.y p.z deep.node-0 CV opes.bias opes.rct opes.zed opes.neff opes.nker
0 17975.0 -0.708075 1.28891 0.0 -0.931994 1.678269 -13.28432 -0.200537 0.007865 12.845295 134.0
1 17975.0 -0.70714 1.287545 0.0 -0.930962 1.678269 -13.28432 -0.200537 0.007865 12.845295 134.0
2 17975.0 -0.713495 1.286001 0.0 -0.931759 1.678269 -13.28432 -0.200537 0.007865 12.845295 134.0
3 17975.0 -0.719154 1.274745 0.0 -0.92679 1.678269 -13.28432 -0.200537 0.007865 12.845295 134.0
4 17975.0 -0.710245 1.254446 0.0 -0.91276 1.678269 -13.28432 -0.200537 0.007865 12.845295 134.0
5 17975.0 -0.717255 1.24845 0.0 -0.911172 1.678269 -13.28432 -0.200537 0.007865 12.845295 134.0
6 17975.0 -0.729967 1.23085 0.0 -0.904425 1.678269 -13.28432 -0.200537 0.007865 12.845295 134.0
7 17975.0 -0.745123 1.200218 0.0 -0.890611 1.678269 -13.28432 -0.200537 0.007865 12.845295 134.0
8 17975.0 -0.744622 1.184858 0.0 -0.881438 1.678269 -13.28432 -0.200537 0.007865 12.845295 134.0
9 17975.0 -0.767503 1.185798 0.0 -0.888172 1.678269 -13.28432 -0.200537 0.007865 12.845295 134.0
10 17975.0 -0.754361 1.177559 0.0 -0.879773 1.678269 -13.28432 -0.200537 0.007865 12.845295 134.0
11 17975.0 -0.783572 1.159843 0.0 -0.87724 1.678269 -13.28432 -0.200537 0.007865 12.845295 134.0
12 17975.0 -0.7913 1.185094 0.0 -0.894186 1.678269 -13.28432 -0.200537 0.007865 12.845295 134.0
13 17975.0 -0.805893 1.196447 0.0 -0.90478 1.678269 -13.28432 -0.200537 0.007865 12.845295 134.0
14 17975.0 -0.825415 1.197433 0.0 -0.910522 1.678269 -13.28432 -0.200537 0.007865 12.845295 134.0
15 17975.0 -0.813849 1.17173 0.0 -0.892414 1.678269 -13.28432 -0.200537 0.007865 12.845295 134.0
16 17975.0 -0.817525 1.160942 0.0 -0.887058 1.678269 -13.28432 -0.200537 0.007865 12.845295 134.0
17 17975.0 -0.832304 1.150696 0.0 -0.885022 1.678269 -13.28432 -0.200537 0.007865 12.845295 134.0
18 17975.0 -0.840276 1.112947 0.0 -0.864963 1.678269 -13.28432 -0.200537 0.007865 12.845295 134.0
19 17975.0 -0.846596 1.115718 0.0 -0.868301 1.678269 -13.28432 -0.200537 0.007865 12.845295 134.0
20 17975.0 -0.850244 1.098863 0.0 -0.859369 1.678269 -13.28432 -0.200537 0.007865 12.845295 134.0
21 17975.0 -0.857631 1.08879 0.0 -0.855437 1.678269 -13.28432 -0.200537 0.007865 12.845295 134.0
22 17975.0 -0.839737 1.09954 0.0 -0.856929 1.678269 -13.28432 -0.200537 0.007865 12.845295 134.0
23 17975.0 -0.850749 1.06147 0.0 -0.837502 1.678269 -13.28432 -0.200537 0.007865 12.845295 134.0
24 17975.0 -0.87128 1.06733 0.0 -0.846496 1.678269 -13.28432 -0.200537 0.007865 12.845295 134.0
25 17975.0 -0.886751 1.041182 0.0 -0.83529 1.678269 -13.28432 -0.200537 0.007865 12.845295 134.0
26 17975.0 -0.900444 1.023873 0.0 -0.828854 1.678269 -13.28432 -0.200537 0.007865 12.845295 134.0
27 17975.0 -0.867002 0.991699 0.0 -0.8004 1.678269 -13.28432 -0.200537 0.007865 12.845295 134.0
28 17975.0 -0.835503 0.970193 0.0 -0.778314 1.678269 -13.28432 -0.200537 0.007865 12.845295 134.0
29 17975.0 -0.819404 0.935377 0.0 -0.745408 1.678269 -13.28432 -0.200537 0.007865 12.845295 134.0
30 17975.0 -0.825492 0.914812 0.0 -0.729732 1.678269 -13.28432 -0.200537 0.007865 12.845295 134.0
31 17975.0 -0.809932 0.899808 0.0 -0.711401 1.678269 -13.28432 -0.200537 0.007865 12.845295 134.0
32 17975.0 -0.809451 0.901618 0.0 -0.712817 1.678269 -13.28432 -0.200537 0.007865 12.845295 134.0
33 17975.0 -0.813647 0.87568 0.0 -0.691612 1.678269 -13.28432 -0.200537 0.007865 12.845295 134.0
34 17975.0 -0.821199 0.845638 0.0 -0.66796 1.678269 -13.28432 -0.200537 0.007865 12.845295 134.0
35 17975.0 -0.805201 0.851564 0.0 -0.667733 1.678269 -13.28432 -0.200537 0.007865 12.845295 134.0
36 17975.0 -0.806788 0.813294 0.0 -0.634894 1.678269 -13.28432 -0.200537 0.007865 12.845295 134.0
37 17975.0 -0.798304 0.80488 0.0 -0.624696 1.678269 -13.28432 -0.200537 0.007865 12.845295 134.0
38 17975.0 -0.798815 0.809319 0.0 -0.628739 1.678269 -13.28432 -0.200537 0.007865 12.845295 134.0
39 17975.0 -0.819925 0.774171 0.0 -0.605206 1.678269 -13.28432 -0.200537 0.007865 12.845295 134.0
40 17975.0 -0.814602 0.759957 0.0 -0.591034 1.678269 -13.28432 -0.200537 0.007865 12.845295 134.0
41 17975.0 -0.811794 0.725326 0.0 -0.559321 1.678269 -13.28432 -0.200537 0.007865 12.845295 134.0
42 17975.0 -0.829567 0.723774 0.0 -0.564411 1.678269 -13.28432 -0.200537 0.007865 12.845295 134.0
43 17975.0 -0.826854 0.718302 0.0 -0.557364 1.678269 -13.28432 -0.200537 0.007865 12.845295 134.0
44 17975.0 -0.81281 0.724179 0.0 -0.55845 1.678269 -13.28432 -0.200537 0.007865 12.845295 134.0
45 17975.0 -0.797047 0.701567 0.0 -0.527239 1.678269 -13.28432 -0.200537 0.007865 12.845295 134.0
46 17975.0 -0.818541 0.699786 0.0 -0.533851 1.678269 -13.28432 -0.200537 0.007865 12.845295 134.0
47 17975.0 -0.833478 0.696587 0.0 -0.536048 1.678269 -13.28432 -0.200537 0.007865 12.845295 134.0
48 17975.0 -0.844895 0.703008 0.0 -0.547464 1.678269 -13.28432 -0.200537 0.007865 12.845295 134.0
49 17975.0 -0.857378 0.705843 0.0 -0.555349 1.678269 -13.28432 -0.200537 0.007865 12.845295 134.0
50 17975.0 -0.858933 0.691648 0.0 -0.540355 1.678269 -13.28432 -0.200537 0.007865 12.845295 134.0
51 17975.0 -0.851897 0.663796 0.0 -0.507076 1.678269 -13.28432 -0.200537 0.007865 12.845295 134.0
52 17975.0 -0.862656 0.692732 0.0 -0.542969 1.678269 -13.28432 -0.200537 0.007865 12.845295 134.0
53 17975.0 -0.835309 0.710165 0.0 -0.55166 1.678269 -13.28432 -0.200537 0.007865 12.845295 134.0
54 17975.0 -0.819539 0.712891 0.0 -0.548625 1.678269 -13.28432 -0.200537 0.007865 12.845295 134.0
55 17975.0 -0.82691 0.705685 0.0 -0.543528 1.678269 -13.28432 -0.200537 0.007865 12.845295 134.0
56 17975.0 -0.826615 0.725833 0.0 -0.565431 1.678269 -13.28432 -0.200537 0.007865 12.845295 134.0
57 17975.0 -0.811723 0.742968 0.0 -0.575295 1.678269 -13.28432 -0.200537 0.007865 12.845295 134.0
58 17975.0 -0.818817 0.728354 0.0 -0.564989 1.678269 -13.28432 -0.200537 0.007865 12.845295 134.0
59 17975.0 -0.80107 0.720953 0.0 -0.550418 1.678269 -13.28432 -0.200537 0.007865 12.845295 134.0
60 17975.0 -0.810276 0.687958 0.0 -0.517496 1.678269 -13.28432 -0.200537 0.007865 12.845295 134.0
61 17975.0 -0.803254 0.72697 0.0 -0.557862 1.678269 -13.28432 -0.200537 0.007865 12.845295 134.0
62 17975.0 -0.78453 0.707146 0.0 -0.528297 1.678269 -13.28432 -0.200537 0.007865 12.845295 134.0
63 17975.0 -0.793303 0.710706 0.0 -0.535908 1.678269 -13.28432 -0.200537 0.007865 12.845295 134.0
64 17975.0 -0.807368 0.693885 0.0 -0.522919 1.678269 -13.28432 -0.200537 0.007865 12.845295 134.0
65 17975.0 -0.795084 0.69115 0.0 -0.514779 1.678269 -13.28432 -0.200537 0.007865 12.845295 134.0
66 17975.0 -0.783891 0.699253 0.0 -0.519208 1.678269 -13.28432 -0.200537 0.007865 12.845295 134.0
67 17975.0 -0.764994 0.694173 0.0 -0.505708 1.678269 -13.28432 -0.200537 0.007865 12.845295 134.0
68 17975.0 -0.756139 0.691791 0.0 -0.499381 1.678269 -13.28432 -0.200537 0.007865 12.845295 134.0
69 17975.0 -0.745477 0.686707 0.0 -0.489285 1.678269 -13.28432 -0.200537 0.007865 12.845295 134.0
70 17975.0 -0.754296 0.679202 0.0 -0.484542 1.678269 -13.28432 -0.200537 0.007865 12.845295 134.0
71 17975.0 -0.761149 0.652495 0.0 -0.457515 1.678269 -13.28432 -0.200537 0.007865 12.845295 134.0
72 17975.0 -0.754297 0.637164 0.0 -0.437539 1.678269 -13.28432 -0.200537 0.007865 12.845295 134.0
73 17975.0 -0.731777 0.619933 0.0 -0.408953 1.678269 -13.28432 -0.200537 0.007865 12.845295 134.0
74 17975.0 -0.723403 0.617167 0.0 -0.402395 1.678269 -13.28432 -0.200537 0.007865 12.845295 134.0
75 17975.0 -0.698387 0.621638 0.0 -0.397044 1.678269 -13.28432 -0.200537 0.007865 12.845295 134.0
76 17975.0 -0.705528 0.620548 0.0 -0.39878 1.678269 -13.28432 -0.200537 0.007865 12.845295 134.0
77 17975.0 -0.69809 0.620074 0.0 -0.395172 1.678269 -13.28432 -0.200537 0.007865 12.845295 134.0
78 17975.0 -0.695763 0.6099 0.0 -0.382833 1.678269 -13.28432 -0.200537 0.007865 12.845295 134.0
79 17975.0 -0.692427 0.602726 0.0 -0.373432 1.678269 -13.28432 -0.200537 0.007865 12.845295 134.0
80 17975.0 -0.677504 0.587664 0.0 -0.350415 1.678269 -13.28432 -0.200537 0.007865 12.845295 134.0
81 17975.0 -0.669661 0.592182 0.0 -0.352222 1.678269 -13.28432 -0.200537 0.007865 12.845295 134.0
82 17975.0 -0.673156 0.592221 0.0 -0.353712 1.678269 -13.28432 -0.200537 0.007865 12.845295 134.0
83 17975.0 -0.674796 0.577851 0.0 -0.338323 1.678269 -13.28432 -0.200537 0.007865 12.845295 134.0
84 17975.0 -0.681205 0.575414 0.0 -0.338666 1.678269 -13.28432 -0.200537 0.007865 12.845295 134.0
85 17975.0 -0.694824 0.541803 0.0 -0.311214 1.678269 -13.28432 -0.200537 0.007865 12.845295 134.0
86 17975.0 -0.703473 0.549975 0.0 -0.324674 1.678269 -13.28432 -0.200537 0.007865 12.845295 134.0
87 17975.0 -0.680904 0.529929 0.0 -0.28834 1.678269 -13.28432 -0.200537 0.007865 12.845295 134.0
88 17975.0 -0.678281 0.539783 0.0 -0.298705 1.678269 -13.28432 -0.200537 0.007865 12.845295 134.0
89 17975.0 -0.655161 0.563251 0.0 -0.313133 1.678269 -13.28432 -0.200537 0.007865 12.845295 134.0
90 17975.0 -0.616786 0.556596 0.0 -0.282673 1.678269 -13.28432 -0.200537 0.007865 12.845295 134.0
91 17975.0 -0.621355 0.528773 0.0 -0.24816 1.678269 -13.28432 -0.200537 0.007865 12.845295 134.0
92 17975.0 -0.604505 0.543628 0.0 -0.257058 1.678269 -13.28432 -0.200537 0.007865 12.845295 134.0
93 17975.0 -0.595236 0.547285 0.0 -0.25469 1.678269 -13.28432 -0.200537 0.007865 12.845295 134.0
94 17975.0 -0.597527 0.566621 0.0 -0.285733 1.678269 -13.28432 -0.200537 0.007865 12.845295 134.0
95 17975.0 -0.61349 0.565194 0.0 -0.292518 1.678269 -13.28432 -0.200537 0.007865 12.845295 134.0
96 17975.0 -0.6024 0.569694 0.0 -0.292556 1.678269 -13.28432 -0.200537 0.007865 12.845295 134.0
97 17975.0 -0.59192 0.576329 0.0 -0.295819 1.678269 -13.28432 -0.200537 0.007865 12.845295 134.0
98 17975.0 -0.603955 0.562639 0.0 -0.283851 1.678269 -13.28432 -0.200537 0.007865 12.845295 134.0
99 17975.0 -0.619814 0.560676 0.0 -0.289853 1.678269 -13.28432 -0.200537 0.007865 12.845295 134.0
100 17975.0 -0.617972 0.533104 0.0 -0.252254 1.678269 -13.28432 -0.200537 0.007865 12.845295 134.0
101 17975.0 -0.612335 0.532044 0.0 -0.244944 1.678269 -13.28432 -0.200537 0.007865 12.845295 134.0
102 17975.0 -0.606253 0.519607 0.0 -0.217777 1.678269 -13.28432 -0.200537 0.007865 12.845295 134.0
103 17975.0 -0.592763 0.541101 0.0 -0.241415 1.678269 -13.28432 -0.200537 0.007865 12.845295 134.0
104 17975.0 -0.571204 0.547033 0.0 -0.231425 1.678269 -13.28432 -0.200537 0.007865 12.845295 134.0
105 17975.0 -0.545996 0.548298 0.0 -0.209722 1.678269 -13.28432 -0.200537 0.007865 12.845295 134.0
106 17975.0 -0.525484 0.534708 0.0 -0.174063 1.678269 -13.28432 -0.200537 0.007865 12.845295 134.0
107 17975.0 -0.51366 0.572183 0.0 -0.221216 1.678269 -13.28432 -0.200537 0.007865 12.845295 134.0
108 17975.0 -0.499778 0.561698 0.0 -0.193349 1.678269 -13.28432 -0.200537 0.007865 12.845295 134.0
109 17975.0 -0.477887 0.558959 0.0 -0.174683 1.678269 -13.28432 -0.200537 0.007865 12.845295 134.0
110 17975.0 -0.481149 0.531516 0.0 -0.139473 1.678269 -13.28432 -0.200537 0.007865 12.845295 134.0
111 17975.0 -0.466334 0.517622 0.0 -0.11738 1.678269 -13.28432 -0.200537 0.007865 12.845295 134.0
112 17975.0 -0.483606 0.497916 0.0 -0.105299 1.678269 -13.28432 -0.200537 0.007865 12.845295 134.0
113 17975.0 -0.451628 0.529594 0.0 -0.123086 1.678269 -13.28432 -0.200537 0.007865 12.845295 134.0
114 17975.0 -0.436633 0.535858 0.0 -0.123239 1.678269 -13.28432 -0.200537 0.007865 12.845295 134.0
115 17975.0 -0.420336 0.526636 0.0 -0.108127 1.678269 -13.28432 -0.200537 0.007865 12.845295 134.0
116 17975.0 -0.380004 0.511696 0.0 -0.078241 1.678269 -13.28432 -0.200537 0.007865 12.845295 134.0
117 17975.0 -0.354074 0.501974 0.0 -0.058915 1.678269 -13.28432 -0.200537 0.007865 12.845295 134.0
118 17975.0 -0.342705 0.485842 0.0 -0.039129 1.678269 -13.28432 -0.200537 0.007865 12.845295 134.0
119 17975.0 -0.334743 0.477683 0.0 -0.029228 1.678269 -13.28432 -0.200537 0.007865 12.845295 134.0
120 17975.0 -0.338935 0.480197 0.0 -0.032548 1.678269 -13.28432 -0.200537 0.007865 12.845295 134.0
121 17975.0 -0.333798 0.496386 0.0 -0.045723 1.678269 -13.28432 -0.200537 0.007865 12.845295 134.0
122 17975.0 -0.31576 0.482752 0.0 -0.027439 1.678269 -13.28432 -0.200537 0.007865 12.845295 134.0
123 17975.0 -0.320257 0.495339 0.0 -0.039472 1.678269 -13.28432 -0.200537 0.007865 12.845295 134.0
124 17975.0 -0.300078 0.49226 0.0 -0.030244 1.678269 -13.28432 -0.200537 0.007865 12.845295 134.0
125 17975.0 -0.321172 0.48638 0.0 -0.032033 1.678269 -13.28432 -0.200537 0.007865 12.845295 134.0
126 17975.0 -0.319321 0.475914 0.0 -0.023036 1.678269 -13.28432 -0.200537 0.007865 12.845295 134.0
127 17975.0 -0.320238 0.503684 0.0 -0.047418 1.678269 -13.28432 -0.200537 0.007865 12.845295 134.0
128 17975.0 -0.315092 0.494012 0.0 -0.036296 1.678269 -13.28432 -0.200537 0.007865 12.845295 134.0
129 17975.0 -0.327873 0.505291 0.0 -0.051912 1.678269 -13.28432 -0.200537 0.007865 12.845295 134.0
130 17975.0 -0.318272 0.494932 0.0 -0.038314 1.678269 -13.28432 -0.200537 0.007865 12.845295 134.0
131 17975.0 -0.306178 0.503489 0.0 -0.041777 1.678269 -13.28432 -0.200537 0.007865 12.845295 134.0
132 17975.0 -0.283276 0.513464 0.0 -0.042401 1.678269 -13.28432 -0.200537 0.007865 12.845295 134.0
133 17975.0 -0.29021 0.504242 0.0 -0.036838 1.678269 -13.28432 -0.200537 0.007865 12.845295 134.0
134 17975.0 -0.27416 0.496262 0.0 -0.025452 1.678269 -13.28432 -0.200537 0.007865 12.845295 134.0
135 17975.0 -0.275292 0.507212 0.0 -0.034616 1.678269 -13.28432 -0.200537 0.007865 12.845295 134.0
136 17975.0 -0.291729 0.512288 0.0 -0.044559 1.678269 -13.28432 -0.200537 0.007865 12.845295 134.0
137 17975.0 -0.286096 0.523582 0.0 -0.053138 1.678269 -13.28432 -0.200537 0.007865 12.845295 134.0
138 17975.0 -0.253408 0.544647 0.0 -0.060536 1.678269 -13.28432 -0.200537 0.007865 12.845295 134.0
139 17975.0 -0.269231 0.535697 0.0 -0.058142 1.678269 -13.28432 -0.200537 0.007865 12.845295 134.0
140 17975.0 -0.257679 0.538424 0.0 -0.05626 1.678269 -13.28432 -0.200537 0.007865 12.845295 134.0
141 17975.0 -0.224702 0.546599 0.0 -0.051259 1.678269 -13.28432 -0.200537 0.007865 12.845295 134.0
142 17975.0 -0.212921 0.5255 0.0 -0.030054 1.678269 -13.28432 -0.200537 0.007865 12.845295 134.0
143 17975.0 -0.18923 0.514189 0.0 -0.013625 1.678269 -13.28432 -0.200537 0.007865 12.845295 134.0
144 17975.0 -0.193287 0.523773 0.0 -0.022594 1.678269 -13.28432 -0.200537 0.007865 12.845295 134.0
145 17975.0 -0.17904 0.499242 0.0 0.001557 1.678269 -13.28432 -0.200537 0.007865 12.845295 134.0
146 17975.0 -0.155081 0.474639 0.0 0.025301 1.678269 -13.28432 -0.200537 0.007865 12.845295 134.0
147 17975.0 -0.145415 0.492688 0.0 0.015065 1.678269 -13.28432 -0.200537 0.007865 12.845295 134.0
148 17975.0 -0.141687 0.50922 0.0 0.004591 1.678269 -13.28432 -0.200537 0.007865 12.845295 134.0
149 17975.0 -0.154694 0.513836 0.0 -0.002663 1.678269 -13.28432 -0.200537 0.007865 12.845295 134.0
150 17975.0 -0.144588 0.537549 0.0 -0.018627 1.678269 -13.28432 -0.200537 0.007865 12.845295 134.0
151 17975.0 -0.183572 0.525661 0.0 -0.02111 1.678269 -13.28432 -0.200537 0.007865 12.845295 134.0
152 17975.0 -0.161837 0.516137 0.0 -0.006724 1.678269 -13.28432 -0.200537 0.007865 12.845295 134.0
153 17975.0 -0.154078 0.527598 0.0 -0.013551 1.678269 -13.28432 -0.200537 0.007865 12.845295 134.0
154 17975.0 -0.154149 0.541013 0.0 -0.024371 1.678269 -13.28432 -0.200537 0.007865 12.845295 134.0
155 17975.0 -0.14435 0.526946 0.0 -0.010018 1.678269 -13.28432 -0.200537 0.007865 12.845295 134.0
156 17975.0 -0.139937 0.511074 0.0 0.00368 1.678269 -13.28432 -0.200537 0.007865 12.845295 134.0
157 17975.0 -0.171153 0.516661 0.0 -0.010026 1.678269 -13.28432 -0.200537 0.007865 12.845295 134.0
158 17975.0 -0.155618 0.543298 0.0 -0.026665 1.678269 -13.28432 -0.200537 0.007865 12.845295 134.0
159 17975.0 -0.153474 0.537355 0.0 -0.021217 1.678269 -13.28432 -0.200537 0.007865 12.845295 134.0
160 17975.0 -0.139688 0.533762 0.0 -0.014063 1.678269 -13.28432 -0.200537 0.007865 12.845295 134.0
161 17975.0 -0.128618 0.530257 0.0 -0.00782 1.678269 -13.28432 -0.200537 0.007865 12.845295 134.0
162 17975.0 -0.136838 0.514614 0.0 0.001891 1.678269 -13.28432 -0.200537 0.007865 12.845295 134.0
163 17975.0 -0.139827 0.529122 0.0 -0.010372 1.678269 -13.28432 -0.200537 0.007865 12.845295 134.0
164 17975.0 -0.118352 0.512324 0.0 0.007096 1.678269 -13.28432 -0.200537 0.007865 12.845295 134.0
165 17975.0 -0.108811 0.510166 0.0 0.010444 1.678269 -13.28432 -0.200537 0.007865 12.845295 134.0
166 17975.0 -0.092011 0.497094 0.0 0.015194 1.678269 -13.28432 -0.200537 0.007865 12.845295 134.0
167 17975.0 -0.084654 0.490157 0.0 0.017445 1.678269 -13.28432 -0.200537 0.007865 12.845295 134.0
168 17975.0 -0.098018 0.493901 0.0 0.016809 1.678269 -13.28432 -0.200537 0.007865 12.845295 134.0
169 17975.0 -0.082274 0.505348 0.0 0.011376 1.678269 -13.28432 -0.200537 0.007865 12.845295 134.0
170 17975.0 -0.067513 0.520128 0.0 0.004704 1.678269 -13.28432 -0.200537 0.007865 12.845295 134.0
171 17975.0 -0.050071 0.503231 0.0 0.010217 1.678269 -13.28432 -0.200537 0.007865 12.845295 134.0
172 17975.0 -0.052469 0.515656 0.0 0.00552 1.678269 -13.28432 -0.200537 0.007865 12.845295 134.0
173 17975.0 -0.027752 0.516565 0.0 0.003644 1.678269 -13.28432 -0.200537 0.007865 12.845295 134.0
174 17975.0 -0.042469 0.497207 0.0 0.012098 1.678269 -13.28432 -0.200537 0.007865 12.845295 134.0
175 17975.0 -0.042558 0.459535 0.0 0.027137 1.678269 -13.28432 -0.200537 0.007865 12.845295 134.0
176 17975.0 -0.019743 0.464194 0.0 0.023861 1.678269 -13.28432 -0.200537 0.007865 12.845295 134.0
177 17975.0 -0.026136 0.460565 0.0 0.025821 1.678269 -13.28432 -0.200537 0.007865 12.845295 134.0
178 17975.0 -0.019257 0.473799 0.0 0.019795 1.678269 -13.28432 -0.200537 0.007865 12.845295 134.0
179 17975.0 -0.041237 0.480627 0.0 0.018486 1.678269 -13.28432 -0.200537 0.007865 12.845295 134.0
180 17975.0 -0.053257 0.479963 0.0 0.019486 1.678269 -13.28432 -0.200537 0.007865 12.845295 134.0
181 17975.0 -0.055499 0.494145 0.0 0.014094 1.678269 -13.28432 -0.200537 0.007865 12.845295 134.0
182 17975.0 -0.038408 0.510173 0.0 0.006792 1.678269 -13.28432 -0.200537 0.007865 12.845295 134.0
183 17975.0 -0.037825 0.501006 0.0 0.01033 1.678269 -13.28432 -0.200537 0.007865 12.845295 134.0
184 17975.0 -0.013557 0.49433 0.0 0.011438 1.678269 -13.28432 -0.200537 0.007865 12.845295 134.0
185 17975.0 0.016049 0.549988 0.0 -0.00843 1.678269 -13.28432 -0.200537 0.007865 12.845295 134.0
186 17975.0 0.031363 0.555251 0.0 -0.010323 1.678269 -13.28432 -0.200537 0.007865 12.845295 134.0
187 17975.0 0.048362 0.541962 0.0 -0.006632 1.678269 -13.28432 -0.200537 0.007865 12.845295 134.0
188 17975.0 0.017467 0.526533 0.0 -0.00125 1.678269 -13.28432 -0.200537 0.007865 12.845295 134.0
189 17975.0 -0.007603 0.5289 0.0 -0.001458 1.678269 -13.28432 -0.200537 0.007865 12.845295 134.0
190 17975.0 0.008266 0.534326 0.0 -0.003455 1.678269 -13.28432 -0.200537 0.007865 12.845295 134.0
191 17975.0 -0.00863 0.542026 0.0 -0.005471 1.678269 -13.28432 -0.200537 0.007865 12.845295 134.0
192 17975.0 -0.013441 0.523554 0.0 0.000306 1.678269 -13.28432 -0.200537 0.007865 12.845295 134.0
193 17975.0 -0.00573 0.54351 0.0 -0.005988 1.678269 -13.28432 -0.200537 0.007865 12.845295 134.0
194 17975.0 -0.020692 0.541432 0.0 -0.005039 1.678269 -13.28432 -0.200537 0.007865 12.845295 134.0
195 17975.0 -0.020962 0.525754 0.0 -0.000215 1.678269 -13.28432 -0.200537 0.007865 12.845295 134.0
196 17975.0 -0.021553 0.525456 0.0 -0.000111 1.678269 -13.28432 -0.200537 0.007865 12.845295 134.0
197 17975.0 0.016941 0.529905 0.0 -0.002275 1.678269 -13.28432 -0.200537 0.007865 12.845295 134.0
198 17975.0 0.030881 0.503702 0.0 0.00549 1.678269 -13.28432 -0.200537 0.007865 12.845295 134.0
199 17975.0 0.054098 0.492226 0.0 0.008536 1.678269 -13.28432 -0.200537 0.007865 12.845295 134.0
200 17975.0 0.062557 0.481796 0.0 0.011686 1.678269 -13.28432 -0.200537 0.007865 12.845295 134.0
201 17975.0 0.06005 0.493513 0.0 0.008017 1.678269 -13.28432 -0.200537 0.007865 12.845295 134.0
202 17975.0 0.07473 0.476545 0.0 0.013407 1.678269 -13.28432 -0.200537 0.007865 12.845295 134.0
203 17975.0 0.101239 0.497565 0.0 0.005919 1.678269 -13.28432 -0.200537 0.007865 12.845295 134.0
204 17975.0 0.145245 0.501616 0.0 0.006149 1.678269 -13.28432 -0.200537 0.007865 12.845295 134.0
205 17975.0 0.142143 0.48167 0.0 0.010776 1.678269 -13.28432 -0.200537 0.007865 12.845295 134.0
206 17975.0 0.146641 0.507225 0.0 0.006552 1.678269 -13.28432 -0.200537 0.007865 12.845295 134.0
207 17975.0 0.148346 0.508465 0.0 0.006864 1.678269 -13.28432 -0.200537 0.007865 12.845295 134.0
208 17975.0 0.160117 0.512044 0.0 0.008858 1.678269 -13.28432 -0.200537 0.007865 12.845295 134.0
209 17975.0 0.168977 0.496642 0.0 0.010244 1.678269 -13.28432 -0.200537 0.007865 12.845295 134.0
210 17975.0 0.184967 0.490841 0.0 0.013757 1.678269 -13.28432 -0.200537 0.007865 12.845295 134.0
211 17975.0 0.204825 0.483707 0.0 0.018113 1.678269 -13.28432 -0.200537 0.007865 12.845295 134.0
212 17975.0 0.20041 0.487683 0.0 0.016896 1.678269 -13.28432 -0.200537 0.007865 12.845295 134.0
213 17975.0 0.198991 0.522767 0.0 0.017141 1.678269 -13.28432 -0.200537 0.007865 12.845295 134.0
214 17975.0 0.19779 0.545624 0.0 0.028649 1.678269 -13.28432 -0.200537 0.007865 12.845295 134.0
215 17975.0 0.190087 0.52305 0.0 0.013997 1.678269 -13.28432 -0.200537 0.007865 12.845295 134.0
216 17975.0 0.177398 0.537905 0.0 0.012445 1.678269 -13.28432 -0.200537 0.007865 12.845295 134.0
217 17975.0 0.17519 0.535003 0.0 0.012 1.678269 -13.28432 -0.200537 0.007865 12.845295 134.0
218 17975.0 0.187649 0.53319 0.0 0.014612 1.678269 -13.28432 -0.200537 0.007865 12.845295 134.0
219 17975.0 0.212614 0.538296 0.0 0.035362 1.678269 -13.28432 -0.200537 0.007865 12.845295 134.0
220 17975.0 0.220076 0.538072 0.0 0.040617 1.678269 -13.28432 -0.200537 0.007865 12.845295 134.0
221 17975.0 0.242185 0.550382 0.0 0.063209 1.678269 -13.28432 -0.200537 0.007865 12.845295 134.0
222 17975.0 0.240483 0.530597 0.0 0.051272 1.678269 -13.28432 -0.200537 0.007865 12.845295 134.0
223 17975.0 0.25776 0.505281 0.0 0.051279 1.678269 -13.28432 -0.200537 0.007865 12.845295 134.0
224 17975.0 0.236662 0.504265 0.0 0.035197 1.678269 -13.28432 -0.200537 0.007865 12.845295 134.0
225 17975.0 0.250349 0.496626 0.0 0.042267 1.678269 -13.28432 -0.200537 0.007865 12.845295 134.0
226 17975.0 0.288129 0.481977 0.0 0.064388 1.678269 -13.28432 -0.200537 0.007865 12.845295 134.0
227 17975.0 0.287039 0.485614 0.0 0.065053 1.678269 -13.28432 -0.200537 0.007865 12.845295 134.0
228 17975.0 0.288122 0.482313 0.0 0.064519 1.678269 -13.28432 -0.200537 0.007865 12.845295 134.0
229 17975.0 0.298912 0.483247 0.0 0.072911 1.678269 -13.28432 -0.200537 0.007865 12.845295 134.0
230 17975.0 0.285871 0.460039 0.0 0.05382 1.678269 -13.28432 -0.200537 0.007865 12.845295 134.0
231 17975.0 0.300665 0.475639 0.0 0.07113 1.678269 -13.28432 -0.200537 0.007865 12.845295 134.0
232 17975.0 0.286334 0.504467 0.0 0.07217 1.678269 -13.28432 -0.200537 0.007865 12.845295 134.0
233 17975.0 0.296156 0.517679 0.0 0.084821 1.678269 -13.28432 -0.200537 0.007865 12.845295 134.0
234 17975.0 0.313267 0.499172 0.0 0.090027 1.678269 -13.28432 -0.200537 0.007865 12.845295 134.0
235 17975.0 0.311694 0.497032 0.0 0.087992 1.678269 -13.28432 -0.200537 0.007865 12.845295 134.0
236 17975.0 0.344166 0.510312 0.0 0.117491 1.678269 -13.28432 -0.200537 0.007865 12.845295 134.0
237 17975.0 0.338409 0.527849 0.0 0.120335 1.678269 -13.28432 -0.200537 0.007865 12.845295 134.0
238 17975.0 0.355539 0.510673 0.0 0.126085 1.678269 -13.28432 -0.200537 0.007865 12.845295 134.0
239 17975.0 0.360956 0.517056 0.0 0.132695 1.678269 -13.28432 -0.200537 0.007865 12.845295 134.0
240 17975.0 0.375012 0.514278 0.0 0.142008 1.678269 -13.28432 -0.200537 0.007865 12.845295 134.0
241 17975.0 0.392982 0.529305 0.0 0.161445 1.678269 -13.28432 -0.200537 0.007865 12.845295 134.0
242 17975.0 0.41128 0.513763 0.0 0.168736 1.678269 -13.28432 -0.200537 0.007865 12.845295 134.0
243 17975.0 0.440655 0.514925 0.0 0.191024 1.678269 -13.28432 -0.200537 0.007865 12.845295 134.0
244 17975.0 0.441407 0.512431 0.0 0.190572 1.678269 -13.28432 -0.200537 0.007865 12.845295 134.0
245 17975.0 0.458294 0.527709 0.0 0.212286 1.678269 -13.28432 -0.200537 0.007865 12.845295 134.0
246 17975.0 0.46524 0.562007 0.0 0.239912 1.678269 -13.28432 -0.200537 0.007865 12.845295 134.0
247 17975.0 0.456489 0.571425 0.0 0.239154 1.678269 -13.28432 -0.200537 0.007865 12.845295 134.0
248 17975.0 0.461423 0.573485 0.0 0.244826 1.678269 -13.28432 -0.200537 0.007865 12.845295 134.0
249 17975.0 0.480084 0.577199 0.0 0.263375 1.678269 -13.28432 -0.200537 0.007865 12.845295 134.0
250 17975.0 0.472495 0.569206 0.0 0.251218 1.678269 -13.28432 -0.200537 0.007865 12.845295 134.0
251 17975.0 0.490179 0.550524 0.0 0.253281 1.678269 -13.28432 -0.200537 0.007865 12.845295 134.0
252 17975.0 0.488442 0.549507 0.0 0.251176 1.678269 -13.28432 -0.200537 0.007865 12.845295 134.0
253 17975.0 0.47318 0.572101 0.0 0.253863 1.678269 -13.28432 -0.200537 0.007865 12.845295 134.0
254 17975.0 0.491891 0.565731 0.0 0.26528 1.678269 -13.28432 -0.200537 0.007865 12.845295 134.0
255 17975.0 0.466562 0.575083 0.0 0.250343 1.678269 -13.28432 -0.200537 0.007865 12.845295 134.0
256 17975.0 0.470237 0.565137 0.0 0.246398 1.678269 -13.28432 -0.200537 0.007865 12.845295 134.0
257 17975.0 0.484024 0.582536 0.0 0.270531 1.678269 -13.28432 -0.200537 0.007865 12.845295 134.0
258 17975.0 0.509604 0.576677 0.0 0.288167 1.678269 -13.28432 -0.200537 0.007865 12.845295 134.0
259 17975.0 0.516931 0.565594 0.0 0.286526 1.678269 -13.28432 -0.200537 0.007865 12.845295 134.0
260 17975.0 0.541973 0.596546 0.0 0.329895 1.678269 -13.28432 -0.200537 0.007865 12.845295 134.0
261 17975.0 0.555791 0.610644 0.0 0.351705 1.678269 -13.28432 -0.200537 0.007865 12.845295 134.0
262 17975.0 0.578029 0.620881 0.0 0.377944 1.678269 -13.28432 -0.200537 0.007865 12.845295 134.0
263 17975.0 0.583909 0.621236 0.0 0.383209 1.678269 -13.28432 -0.200537 0.007865 12.845295 134.0
264 17975.0 0.602591 0.62391 0.0 0.401036 1.678269 -13.28432 -0.200537 0.007865 12.845295 134.0
265 17975.0 0.610339 0.611124 0.0 0.398543 1.678269 -13.28432 -0.200537 0.007865 12.845295 134.0
266 17975.0 0.607895 0.607961 0.0 0.394209 1.678269 -13.28432 -0.200537 0.007865 12.845295 134.0
267 17975.0 0.614609 0.623023 0.0 0.41065 1.678269 -13.28432 -0.200537 0.007865 12.845295 134.0
268 17975.0 0.624244 0.610255 0.0 0.409777 1.678269 -13.28432 -0.200537 0.007865 12.845295 134.0
269 17975.0 0.615988 0.628382 0.0 0.415638 1.678269 -13.28432 -0.200537 0.007865 12.845295 134.0
270 17975.0 0.635463 0.623391 0.0 0.428687 1.678269 -13.28432 -0.200537 0.007865 12.845295 134.0
271 17975.0 0.641008 0.629673 0.0 0.437883 1.678269 -13.28432 -0.200537 0.007865 12.845295 134.0
272 17975.0 0.650738 0.640485 0.0 0.45387 1.678269 -13.28432 -0.200537 0.007865 12.845295 134.0
273 17975.0 0.69607 0.674306 0.0 0.516576 1.678269 -13.28432 -0.200537 0.007865 12.845295 134.0
274 17975.0 0.70737 0.709014 0.0 0.550903 1.678269 -13.28432 -0.200537 0.007865 12.845295 134.0
275 17975.0 0.740861 0.706131 0.0 0.577399 1.678269 -13.28432 -0.200537 0.007865 12.845295 134.0
276 17975.0 0.760943 0.700332 0.0 0.590391 1.678269 -13.28432 -0.200537 0.007865 12.845295 134.0
277 17975.0 0.753507 0.702939 0.0 0.585908 1.678269 -13.28432 -0.200537 0.007865 12.845295 134.0
278 17975.0 0.777451 0.699484 0.0 0.60386 1.678269 -13.28432 -0.200537 0.007865 12.845295 134.0
279 17975.0 0.78184 0.683233 0.0 0.596038 1.678269 -13.28432 -0.200537 0.007865 12.845295 134.0
280 17975.0 0.802079 0.696694 0.0 0.622868 1.678269 -13.28432 -0.200537 0.007865 12.845295 134.0
281 17975.0 0.806153 0.707989 0.0 0.634404 1.678269 -13.28432 -0.200537 0.007865 12.845295 134.0
282 17975.0 0.814137 0.724567 0.0 0.653513 1.678269 -13.28432 -0.200537 0.007865 12.845295 134.0
283 17975.0 0.813975 0.738851 0.0 0.663853 1.678269 -13.28432 -0.200537 0.007865 12.845295 134.0
284 17975.0 0.807549 0.764103 0.0 0.676791 1.678269 -13.28432 -0.200537 0.007865 12.845295 134.0
285 17975.0 0.811702 0.795917 0.0 0.703746 1.678269 -13.28432 -0.200537 0.007865 12.845295 134.0
286 17975.0 0.802652 0.836008 0.0 0.72529 1.678269 -13.28432 -0.200537 0.007865 12.845295 134.0
287 17975.0 0.824756 0.838404 0.0 0.746274 1.678269 -13.28432 -0.200537 0.007865 12.845295 134.0
