 time p.x p.y p.z deep.node-0 CV opes.bias opes.rct opes.zed opes.neff opes.nker
0 1610.0 0.778086 0.756053 0.0 0.645257 -0.642915 -2.704962 -0.069853 0.013161 8.642242 48.0
1 1610.0 0.773156 0.728409 0.0 0.620779 -0.642915 -2.704962 -0.069853 0.013161 8.642242 48.0
2 1610.0 0.804513 0.718164 0.0 0.640444 -0.642915 -2.704962 -0.069853 0.013161 8.642242 48.0
3 1610.0 0.781242 0.731141 0.0 0.629723 -0.642915 -2.704962 -0.069853 0.013161 8.642242 48.0
4 1610.0 0.753909 0.728648 0.0 0.604543 -0.642915 -2.704962 -0.069853 0.013161 8.642242 48.0
5 1610.0 0.761439 0.755627 0.0 0.630463 -0.642915 -2.704962 -0.069853 0.013161 8.642242 48.0
6 1610.0 0.748054 0.726108 0.0 0.597745 -0.642915 -2.704962 -0.069853 0.013161 8.642242 48.0
7 1610.0 0.74899 0.722092 0.0 0.595685 -0.642915 -2.704962 -0.069853 0.013161 8.642242 48.0
8 1610.0 0.728953 0.713975 0.0 0.57283 -0.642915 -2.704962 -0.069853 0.013161 8.642242 48.0
9 1610.0 0.736529 0.73005 0.0 0.590726 -0.642915 -2.704962 -0.069853 0.013161 8.642242 48.0
10 1610.0 0.730829 0.703846 0.0 0.567222 -0.642915 -2.704962 -0.069853 0.013161 8.642242 48.0
11 1610.0 0.738612 0.686286 0.0 0.561363 -0.642915 -2.704962 -0.069853 0.013161 8.642242 48.0
12 1610.0 0.76538 0.673338 0.0 0.574967 -0.642915 -2.704962 -0.069853 0.013161 8.642242 48.0
13 1610.0 0.75334 0.690077 0.0 0.576614 -0.642915 -2.704962 -0.069853 0.013161 8.642242 48.0
14 1610.0 0.781013 0.700274 0.0 0.607459 -0.642915 -2.704962 -0.069853 0.013161 8.642242 48.0
15 1610.0 0.753317 0.710792 0.0 0.591333 -0.642915 -2.704962 -0.069853 0.013161 8.642242 48.0
16 1610.0 0.71462 0.708872 0.0 0.556982 -0.642915 -2.704962 -0.069853 0.013161 8.642242 48.0
17 1610.0 0.719462 0.6961 0.0 0.552022 -0.642915 -2.704962 -0.069853 0.013161 8.642242 48.0
18 1610.0 0.702381 0.673444 0.0 0.521342 -0.642915 -2.704962 -0.069853 0.013161 8.642242 48.0
19 1610.0 0.702441 0.672324 0.0 0.520596 -0.642915 -2.704962 -0.069853 0.013161 8.642242 48.0
20 1610.0 0.685765 0.651572 0.0 0.491616 -0.642915 -2.704962 -0.069853 0.013161 8.642242 48.0
21 1610.0 0.704514 0.643571 0.0 0.501904 -0.642915 -2.704962 -0.069853 0.013161 8.642242 48.0
22 1610.0 0.717762 0.628481 0.0 0.502461 -0.642915 -2.704962 -0.069853 0.013161 8.642242 48.0
23 1610.0 0.705483 0.640563 0.0 0.500591 -0.642915 -2.704962 -0.069853 0.013161 8.642242 48.0
24 1610.0 0.714237 0.657687 0.0 0.520237 -0.642915 -2.704962 -0.069853 0.013161 8.642242 48.0
25 1610.0 0.710097 0.669807 0.0 0.525331 -0.642915 -2.704962 -0.069853 0.013161 8.642242 48.0
26 1610.0 0.705102 0.668656 0.0 0.520255 -0.642915 -2.704962 -0.069853 0.013161 8.642242 48.0
27 1610.0 0.716972 0.654825 0.0 0.520531 -0.642915 -2.704962 -0.069853 0.013161 8.642242 48.0
28 1610.0 0.707605 0.644305 0.0 0.505062 -0.642915 -2.704962 -0.069853 0.013161 8.642242 48.0
29 1610.0 0.706966 0.632383 0.0 0.496035 -0.642915 -2.704962 -0.069853 0.013161 8.642242 48.0
30 1610.0 0.69151 0.639108 0.0 0.487645 -0.642915 -2.704962 -0.069853 0.013161 8.642242 48.0
31 1610.0 0.678855 0.642145 0.0 0.479018 -0.642915 -2.704962 -0.069853 0.013161 8.642242 48.0
32 1610.0 0.677922 0.638895 0.0 0.475911 -0.642915 -2.704962 -0.069853 0.013161 8.642242 48.0
33 1610.0 0.680597 0.628136 0.0 0.470536 -0.642915 -2.704962 -0.069853 0.013161 8.642242 48.0
34 1610.0 0.669826 0.638018 0.0 0.468386 -0.642915 -2.704962 -0.069853 0.013161 8.642242 48.0
35 1610.0 0.687853 0.639319 0.0 0.484678 -0.642915 -2.704962 -0.069853 0.013161 8.642242 48.0
36 1610.0 0.675226 0.630663 0.0 0.467755 -0.642915 -2.704962 -0.069853 0.013161 8.642242 48.0
37 1610.0 0.688606 0.642032 0.0 0.48725 -0.642915 -2.704962 -0.069853 0.013161 8.642242 48.0
38 1610.0 0.696259 0.633078 0.0 0.487402 -0.642915 -2.704962 -0.069853 0.013161 8.642242 48.0
39 1610.0 0.693007 0.647584 0.0 0.494952 -0.642915 -2.704962 -0.069853 0.013161 8.642242 48.0
40 1610.0 0.680946 0.631306 0.0 0.473089 -0.642915 -2.704962 -0.069853 0.013161 8.642242 48.0
41 1610.0 0.657107 0.616666 0.0 0.442352 -0.642915 -2.704962 -0.069853 0.013161 8.642242 48.0
42 1610.0 0.65834 0.624335 0.0 0.44886 -0.642915 -2.704962 -0.069853 0.013161 8.642242 48.0
43 1610.0 0.640055 0.634394 0.0 0.44043 -0.642915 -2.704962 -0.069853 0.013161 8.642242 48.0
44 1610.0 0.657591 0.622123 0.0 0.446646 -0.642915 -2.704962 -0.069853 0.013161 8.642242 48.0
45 1610.0 0.659117 0.615587 0.0 0.443297 -0.642915 -2.704962 -0.069853 0.013161 8.642242 48.0
46 1610.0 0.65873 0.587445 0.0 0.422944 -0.642915 -2.704962 -0.069853 0.013161 8.642242 48.0
47 1610.0 0.638725 0.593588 0.0 0.410262 -0.642915 -2.704962 -0.069853 0.013161 8.642242 48.0
48 1610.0 0.634449 0.592416 0.0 0.405783 -0.642915 -2.704962 -0.069853 0.013161 8.642242 48.0
49 1610.0 0.614207 0.597522 0.0 0.392162 -0.642915 -2.704962 -0.069853 0.013161 8.642242 48.0
50 1610.0 0.643164 0.601943 0.0 0.419991 -0.642915 -2.704962 -0.069853 0.013161 8.642242 48.0
51 1610.0 0.629352 0.56241 0.0 0.38185 -0.642915 -2.704962 -0.069853 0.013161 8.642242 48.0
52 1610.0 0.642176 0.557057 0.0 0.389985 -0.642915 -2.704962 -0.069853 0.013161 8.642242 48.0
53 1610.0 0.655359 0.544859 0.0 0.394497 -0.642915 -2.704962 -0.069853 0.013161 8.642242 48.0
54 1610.0 0.621556 0.534096 0.0 0.358738 -0.642915 -2.704962 -0.069853 0.013161 8.642242 48.0
55 1610.0 0.636429 0.543818 0.0 0.377341 -0.642915 -2.704962 -0.069853 0.013161 8.642242 48.0
56 1610.0 0.639035 0.546298 0.0 0.381047 -0.642915 -2.704962 -0.069853 0.013161 8.642242 48.0
57 1610.0 0.625444 0.552016 0.0 0.37245 -0.642915 -2.704962 -0.069853 0.013161 8.642242 48.0
58 1610.0 0.619199 0.573681 0.0 0.379455 -0.642915 -2.704962 -0.069853 0.013161 8.642242 48.0
59 1610.0 0.608338 0.564793 0.0 0.36484 -0.642915 -2.704962 -0.069853 0.013161 8.642242 48.0
60 1610.0 0.598004 0.5674 0.0 0.357302 -0.642915 -2.704962 -0.069853 0.013161 8.642242 48.0
61 1610.0 0.588041 0.561911 0.0 0.34543 -0.642915 -2.704962 -0.069853 0.013161 8.642242 48.0
62 1610.0 0.597846 0.577843 0.0 0.364214 -0.642915 -2.704962 -0.069853 0.013161 8.642242 48.0
63 1610.0 0.582957 0.580492 0.0 0.353407 -0.642915 -2.704962 -0.069853 0.013161 8.642242 48.0
64 1610.0 0.5888 0.615731 0.0 0.383461 -0.642915 -2.704962 -0.069853 0.013161 8.642242 48.0
65 1610.0 0.586408 0.611291 0.0 0.378263 -0.642915 -2.704962 -0.069853 0.013161 8.642242 48.0
66 1610.0 0.590911 0.57507 0.0 0.35633 -0.642915 -2.704962 -0.069853 0.013161 8.642242 48.0
67 1610.0 0.569875 0.581017 0.0 0.34263 -0.642915 -2.704962 -0.069853 0.013161 8.642242 48.0
68 1610.0 0.581143 0.571303 0.0 0.345323 -0.642915 -2.704962 -0.069853 0.013161 8.642242 48.0
69 1610.0 0.589333 0.579671 0.0 0.358259 -0.642915 -2.704962 -0.069853 0.013161 8.642242 48.0
70 1610.0 0.559077 0.581987 0.0 0.334115 -0.642915 -2.704962 -0.069853 0.013161 8.642242 48.0
71 1610.0 0.544185 0.552055 0.0 0.301398 -0.642915 -2.704962 -0.069853 0.013161 8.642242 48.0
72 1610.0 0.536789 0.551395 0.0 0.294549 -0.642915 -2.704962 -0.069853 0.013161 8.642242 48.0
73 1610.0 0.530333 0.55728 0.0 0.292289 -0.642915 -2.704962 -0.069853 0.013161 8.642242 48.0
74 1610.0 0.537785 0.573366 0.0 0.309833 -0.642915 -2.704962 -0.069853 0.013161 8.642242 48.0
75 1610.0 0.537347 0.58274 0.0 0.316129 -0.642915 -2.704962 -0.069853 0.013161 8.642242 48.0
76 1610.0 0.548904 0.583447 0.0 0.326483 -0.642915 -2.704962 -0.069853 0.013161 8.642242 48.0
77 1610.0 0.542359 0.572793 0.0 0.313323 -0.642915 -2.704962 -0.069853 0.013161 8.642242 48.0
78 1610.0 0.507347 0.544032 0.0 0.264561 -0.642915 -2.704962 -0.069853 0.013161 8.642242 48.0
79 1610.0 0.49377 0.524572 0.0 0.241487 -0.642915 -2.704962 -0.069853 0.013161 8.642242 48.0
80 1610.0 0.49131 0.542345 0.0 0.249563 -0.642915 -2.704962 -0.069853 0.013161 8.642242 48.0
81 1610.0 0.471618 0.510223 0.0 0.214089 -0.642915 -2.704962 -0.069853 0.013161 8.642242 48.0
82 1610.0 0.46563 0.508025 0.0 0.207632 -0.642915 -2.704962 -0.069853 0.013161 8.642242 48.0
83 1610.0 0.460544 0.529932 0.0 0.21551 -0.642915 -2.704962 -0.069853 0.013161 8.642242 48.0
84 1610.0 0.484554 0.548354 0.0 0.247112 -0.642915 -2.704962 -0.069853 0.013161 8.642242 48.0
85 1610.0 0.443596 0.539389 0.0 0.206129 -0.642915 -2.704962 -0.069853 0.013161 8.642242 48.0
86 1610.0 0.43288 0.542176 0.0 0.198359 -0.642915 -2.704962 -0.069853 0.013161 8.642242 48.0
87 1610.0 0.436329 0.549115 0.0 0.206095 -0.642915 -2.704962 -0.069853 0.013161 8.642242 48.0
88 1610.0 0.421851 0.546697 0.0 0.192034 -0.642915 -2.704962 -0.069853 0.013161 8.642242 48.0
89 1610.0 0.395328 0.550897 0.0 0.173958 -0.642915 -2.704962 -0.069853 0.013161 8.642242 48.0
90 1610.0 0.404371 0.527699 0.0 0.169253 -0.642915 -2.704962 -0.069853 0.013161 8.642242 48.0
91 1610.0 0.403136 0.541663 0.0 0.174475 -0.642915 -2.704962 -0.069853 0.013161 8.642242 48.0
92 1610.0 0.388162 0.524046 0.0 0.155734 -0.642915 -2.704962 -0.069853 0.013161 8.642242 48.0
93 1610.0 0.372257 0.517006 0.0 0.141068 -0.642915 -2.704962 -0.069853 0.013161 8.642242 48.0
94 1610.0 0.392154 0.527072 0.0 0.159925 -0.642915 -2.704962 -0.069853 0.013161 8.642242 48.0
95 1610.0 0.367583 0.497506 0.0 0.129692 -0.642915 -2.704962 -0.069853 0.013161 8.642242 48.0
96 1610.0 0.377492 0.510706 0.0 0.142402 -0.642915 -2.704962 -0.069853 0.013161 8.642242 48.0
97 1610.0 0.385267 0.493004 0.0 0.141002 -0.642915 -2.704962 -0.069853 0.013161 8.642242 48.0
98 1610.0 0.40861 0.498234 0.0 0.160459 -0.642915 -2.704962 -0.069853 0.013161 8.642242 48.0
99 1610.0 0.387194 0.51944 0.0 0.153148 -0.642915 -2.704962 -0.069853 0.013161 8.642242 48.0
100 1610.0 0.385079 0.531242 0.0 0.156361 -0.642915 -2.704962 -0.069853 0.013161 8.642242 48.0
101 1610.0 0.363856 0.518229 0.0 0.135324 -0.642915 -2.704962 -0.069853 0.013161 8.642242 48.0
102 1610.0 0.378715 0.549875 0.0 0.161378 -0.642915 -2.704962 -0.069853 0.013161 8.642242 48.0
103 1610.0 0.376351 0.540717 0.0 0.154637 -0.642915 -2.704962 -0.069853 0.013161 8.642242 48.0
104 1610.0 0.351541 0.541194 0.0 0.137021 -0.642915 -2.704962 -0.069853 0.013161 8.642242 48.0
105 1610.0 0.349348 0.533296 0.0 0.131165 -0.642915 -2.704962 -0.069853 0.013161 8.642242 48.0
106 1610.0 0.344463 0.567832 0.0 0.146584 -0.642915 -2.704962 -0.069853 0.013161 8.642242 48.0
107 1610.0 0.343568 0.552983 0.0 0.13769 -0.642915 -2.704962 -0.069853 0.013161 8.642242 48.0
108 1610.0 0.322518 0.518841 0.0 0.10487 -0.642915 -2.704962 -0.069853 0.013161 8.642242 48.0
109 1610.0 0.318335 0.518397 0.0 0.101584 -0.642915 -2.704962 -0.069853 0.013161 8.642242 48.0
110 1610.0 0.329873 0.496349 0.0 0.101216 -0.642915 -2.704962 -0.069853 0.013161 8.642242 48.0
111 1610.0 0.312662 0.499893 0.0 0.08987 -0.642915 -2.704962 -0.069853 0.013161 8.642242 48.0
112 1610.0 0.276499 0.509947 0.0 0.067087 -0.642915 -2.704962 -0.069853 0.013161 8.642242 48.0
113 1610.0 0.261848 0.489774 0.0 0.048029 -0.642915 -2.704962 -0.069853 0.013161 8.642242 48.0
114 1610.0 0.264576 0.506109 0.0 0.056676 -0.642915 -2.704962 -0.069853 0.013161 8.642242 48.0
115 1610.0 0.268573 0.496771 0.0 0.05586 -0.642915 -2.704962 -0.069853 0.013161 8.642242 48.0
116 1610.0 0.252641 0.476141 0.0 0.035665 -0.642915 -2.704962 -0.069853 0.013161 8.642242 48.0
117 1610.0 0.254984 0.467634 0.0 0.033957 -0.642915 -2.704962 -0.069853 0.013161 8.642242 48.0
118 1610.0 0.220384 0.475106 0.0 0.021839 -0.642915 -2.704962 -0.069853 0.013161 8.642242 48.0
119 1610.0 0.208621 0.510652 0.0 0.017521 -0.642915 -2.704962 -0.069853 0.013161 8.642242 48.0
120 1610.0 0.218981 0.511144 0.0 0.02525 -0.642915 -2.704962 -0.069853 0.013161 8.642242 48.0
121 1610.0 0.223634 0.495566 0.0 0.021995 -0.642915 -2.704962 -0.069853 0.013161 8.642242 48.0
122 1610.0 0.199643 0.50041 0.0 0.015432 -0.642915 -2.704962 -0.069853 0.013161 8.642242 48.0
123 1610.0 0.204031 0.495616 0.0 0.016729 -0.642915 -2.704962 -0.069853 0.013161 8.642242 48.0
124 1610.0 0.222948 0.484273 0.0 0.021352 -0.642915 -2.704962 -0.069853 0.013161 8.642242 48.0
125 1610.0 0.222904 0.48046 0.0 0.021741 -0.642915 -2.704962 -0.069853 0.013161 8.642242 48.0
126 1610.0 0.23898 0.497153 0.0 0.034036 -0.642915 -2.704962 -0.069853 0.013161 8.642242 48.0
127 1610.0 0.240605 0.516372 0.0 0.043659 -0.642915 -2.704962 -0.069853 0.013161 8.642242 48.0
128 1610.0 0.252356 0.52902 0.0 0.058973 -0.642915 -2.704962 -0.069853 0.013161 8.642242 48.0
129 1610.0 0.238825 0.519544 0.0 0.044094 -0.642915 -2.704962 -0.069853 0.013161 8.642242 48.0
130 1610.0 0.226314 0.529182 0.0 0.040299 -0.642915 -2.704962 -0.069853 0.013161 8.642242 48.0
131 1610.0 0.206114 0.529373 0.0 0.025849 -0.642915 -2.704962 -0.069853 0.013161 8.642242 48.0
132 1610.0 0.198953 0.523125 0.0 0.017307 -0.642915 -2.704962 -0.069853 0.013161 8.642242 48.0
133 1610.0 0.19995 0.520131 0.0 0.016405 -0.642915 -2.704962 -0.069853 0.013161 8.642242 48.0
134 1610.0 0.18058 0.518212 0.0 0.012324 -0.642915 -2.704962 -0.069853 0.013161 8.642242 48.0
135 1610.0 0.194959 0.502228 0.0 0.01439 -0.642915 -2.704962 -0.069853 0.013161 8.642242 48.0
136 1610.0 0.188576 0.510246 0.0 0.013346 -0.642915 -2.704962 -0.069853 0.013161 8.642242 48.0
137 1610.0 0.193368 0.508678 0.0 0.014061 -0.642915 -2.704962 -0.069853 0.013161 8.642242 48.0
138 1610.0 0.182598 0.519082 0.0 0.012674 -0.642915 -2.704962 -0.069853 0.013161 8.642242 48.0
139 1610.0 0.163161 0.535097 0.0 0.010082 -0.642915 -2.704962 -0.069853 0.013161 8.642242 48.0
140 1610.0 0.151955 0.542122 0.0 0.008517 -0.642915 -2.704962 -0.069853 0.013161 8.642242 48.0
141 1610.0 0.151889 0.541835 0.0 0.008497 -0.642915 -2.704962 -0.069853 0.013161 8.642242 48.0
142 1610.0 0.130934 0.537724 0.0 0.005019 -0.642915 -2.704962 -0.069853 0.013161 8.642242 48.0
143 1610.0 0.110407 0.5515 0.0 0.002181 -0.642915 -2.704962 -0.069853 0.013161 8.642242 48.0
144 1610.0 0.106412 0.539492 0.0 0.001159 -0.642915 -2.704962 -0.069853 0.013161 8.642242 48.0
145 1610.0 0.104381 0.541086 0.0 0.000885 -0.642915 -2.704962 -0.069853 0.013161 8.642242 48.0
146 1610.0 0.102563 0.509611 0.0 0.002189 -0.642915 -2.704962 -0.069853 0.013161 8.642242 48.0
147 1610.0 0.117578 0.524443 0.0 0.002461 -0.642915 -2.704962 -0.069853 0.013161 8.642242 48.0
148 1610.0 0.126494 0.502575 0.0 0.003856 -0.642915 -2.704962 -0.069853 0.013161 8.642242 48.0
149 1610.0 0.108464 0.494161 0.0 0.006816 -0.642915 -2.704962 -0.069853 0.013161 8.642242 48.0
150 1610.0 0.123951 0.496635 0.0 0.005735 -0.642915 -2.704962 -0.069853 0.013161 8.642242 48.0
151 1610.0 0.116193 0.499519 0.0 0.005009 -0.642915 -2.704962 -0.069853 0.013161 8.642242 48.0
152 1610.0 0.100244 0.519665 0.0 -0.00046 -0.642915 -2.704962 -0.069853 0.013161 8.642242 48.0
153 1610.0 0.108282 0.523031 0.0 0.000931 -0.642915 -2.704962 -0.069853 0.013161 8.642242 48.0
154 1610.0 0.100616 0.518337 0.0 -0.000444 -0.642915 -2.704962 -0.069853 0.013161 8.642242 48.0
155 1610.0 0.089816 0.506533 0.0 0.003399 -0.642915 -2.704962 -0.069853 0.013161 8.642242 48.0
156 1610.0 0.072929 0.507652 0.0 0.003405 -0.642915 -2.704962 -0.069853 0.013161 8.642242 48.0
157 1610.0 0.075673 0.518317 0.0 7e-05 -0.642915 -2.704962 -0.069853 0.013161 8.642242 48.0
158 1610.0 0.062773 0.51191 0.0 0.002306 -0.642915 -2.704962 -0.069853 0.013161 8.642242 48.0
159 1610.0 0.032658 0.530565 0.0 -0.002804 -0.642915 -2.704962 -0.069853 0.013161 8.642242 48.0
160 1610.0 0.028778 0.528834 0.0 -0.002191 -0.642915 -2.704962 -0.069853 0.013161 8.642242 48.0
161 1610.0 0.026388 0.536138 0.0 -0.004387 -0.642915 -2.704962 -0.069853 0.013161 8.642242 48.0
162 1610.0 0.00162 0.525753 0.0 -0.000682 -0.642915 -2.704962 -0.069853 0.013161 8.642242 48.0
163 1610.0 0.011508 0.491326 0.0 0.011066 -0.642915 -2.704962 -0.069853 0.013161 8.642242 48.0
164 1610.0 0.001582 0.494918 0.0 0.010277 -0.642915 -2.704962 -0.069853 0.013161 8.642242 48.0
165 1610.0 -0.005743 0.503418 0.0 0.007414 -0.642915 -2.704962 -0.069853 0.013161 8.642242 48.0
166 1610.0 -0.009107 0.516588 0.0 0.002486 -0.642915 -2.704962 -0.069853 0.013161 8.642242 48.0
167 1610.0 -0.002732 0.518994 0.0 0.001486 -0.642915 -2.704962 -0.069853 0.013161 8.642242 48.0
168 1610.0 -0.007883 0.53424 0.0 -0.003094 -0.642915 -2.704962 -0.069853 0.013161 8.642242 48.0
169 1610.0 -0.025853 0.546517 0.0 -0.006495 -0.642915 -2.704962 -0.069853 0.013161 8.642242 48.0
170 1610.0 -0.007479 0.540809 0.0 -0.005121 -0.642915 -2.704962 -0.069853 0.013161 8.642242 48.0
171 1610.0 -0.004866 0.521964 0.0 0.000617 -0.642915 -2.704962 -0.069853 0.013161 8.642242 48.0
172 1610.0 -0.005277 0.542185 0.0 -0.00559 -0.642915 -2.704962 -0.069853 0.013161 8.642242 48.0
173 1610.0 -0.025916 0.526928 0.0 -0.000473 -0.642915 -2.704962 -0.069853 0.013161 8.642242 48.0
174 1610.0 -0.015372 0.539783 0.0 -0.004642 -0.642915 -2.704962 -0.069853 0.013161 8.642242 48.0
175 1610.0 -0.010696 0.517731 0.0 0.002138 -0.642915 -2.704962 -0.069853 0.013161 8.642242 48.0
176 1610.0 -0.007283 0.512231 0.0 0.004072 -0.642915 -2.704962 -0.069853 0.013161 8.642242 48.0
177 1610.0 -0.013663 0.53613 0.0 -0.003555 -0.642915 -2.704962 -0.069853 0.013161 8.642242 48.0
178 1610.0 0.019542 0.521727 0.0 0.000184 -0.642915 -2.704962 -0.069853 0.013161 8.642242 48.0
179 1610.0 0.016117 0.535179 0.0 -0.00388 -0.642915 -2.704962 -0.069853 0.013161 8.642242 48.0
180 1610.0 0.028804 0.520468 0.0 0.000379 -0.642915 -2.704962 -0.069853 0.013161 8.642242 48.0
181 1610.0 0.023287 0.512524 0.0 0.002936 -0.642915 -2.704962 -0.069853 0.013161 8.642242 48.0
182 1610.0 0.003431 0.506735 0.0 0.005555 -0.642915 -2.704962 -0.069853 0.013161 8.642242 48.0
183 1610.0 0.001042 0.503268 0.0 0.007054 -0.642915 -2.704962 -0.069853 0.013161 8.642242 48.0
184 1610.0 -0.006871 0.526459 0.0 -0.000723 -0.642915 -2.704962 -0.069853 0.013161 8.642242 48.0
185 1610.0 -0.026143 0.516298 0.0 0.003649 -0.642915 -2.704962 -0.069853 0.013161 8.642242 48.0
186 1610.0 -0.026279 0.481737 0.0 0.017132 -0.642915 -2.704962 -0.069853 0.013161 8.642242 48.0
187 1610.0 -0.06288 0.515154 0.0 0.006358 -0.642915 -2.704962 -0.069853 0.013161 8.642242 48.0
188 1610.0 -0.06473 0.490281 0.0 0.01617 -0.642915 -2.704962 -0.069853 0.013161 8.642242 48.0
189 1610.0 -0.065817 0.465352 0.0 0.025956 -0.642915 -2.704962 -0.069853 0.013161 8.642242 48.0
190 1610.0 -0.070947 0.482526 0.0 0.019576 -0.642915 -2.704962 -0.069853 0.013161 8.642242 48.0
191 1610.0 -0.07665 0.480062 0.0 0.020888 -0.642915 -2.704962 -0.069853 0.013161 8.642242 48.0
192 1610.0 -0.058967 0.48764 0.0 0.016844 -0.642915 -2.704962 -0.069853 0.013161 8.642242 48.0
193 1610.0 -0.059739 0.500333 0.0 0.011943 -0.642915 -2.704962 -0.069853 0.013161 8.642242 48.0
194 1610.0 -0.052215 0.493896 0.0 0.013989 -0.642915 -2.704962 -0.069853 0.013161 8.642242 48.0
195 1610.0 -0.069286 0.502576 0.0 0.011656 -0.642915 -2.704962 -0.069853 0.013161 8.642242 48.0
196 1610.0 -0.08746 0.503784 0.0 0.012305 -0.642915 -2.704962 -0.069853 0.013161 8.642242 48.0
197 1610.0 -0.085833 0.492778 0.0 0.016496 -0.642915 -2.704962 -0.069853 0.013161 8.642242 48.0
198 1610.0 -0.096899 0.506722 0.0 0.011741 -0.642915 -2.704962 -0.069853 0.013161 8.642242 48.0
199 1610.0 -0.051947 0.480585 0.0 0.019162 -0.642915 -2.704962 -0.069853 0.013161 8.642242 48.0
200 1610.0 -0.057724 0.477049 0.0 0.020897 -0.642915 -2.704962 -0.069853 0.013161 8.642242 48.0
201 1610.0 -0.064854 0.504498 0.0 0.010634 -0.642915 -2.704962 -0.069853 0.013161 8.642242 48.0
202 1610.0 -0.047032 0.513508 0.0 0.006023 -0.642915 -2.704962 -0.069853 0.013161 8.642242 48.0
203 1610.0 -0.033021 0.489571 0.0 0.014493 -0.642915 -2.704962 -0.069853 0.013161 8.642242 48.0
204 1610.0 -0.026871 0.506341 0.0 0.007575 -0.642915 -2.704962 -0.069853 0.013161 8.642242 48.0
205 1610.0 -0.063958 0.507865 0.0 0.009266 -0.642915 -2.704962 -0.069853 0.013161 8.642242 48.0
206 1610.0 -0.088964 0.500359 0.0 0.013733 -0.642915 -2.704962 -0.069853 0.013161 8.642242 48.0
207 1610.0 -0.081386 0.491553 0.0 0.016699 -0.642915 -2.704962 -0.069853 0.013161 8.642242 48.0
208 1610.0 -0.096416 0.504504 0.0 0.012576 -0.642915 -2.704962 -0.069853 0.013161 8.642242 48.0
209 1610.0 -0.075894 0.475696 0.0 0.022544 -0.642915 -2.704962 -0.069853 0.013161 8.642242 48.0
210 1610.0 -0.081215 0.480119 0.0 0.021147 -0.642915 -2.704962 -0.069853 0.013161 8.642242 48.0
211 1610.0 -0.086444 0.503847 0.0 0.012218 -0.642915 -2.704962 -0.069853 0.013161 8.642242 48.0
212 1610.0 -0.079996 0.464009 0.0 0.027353 -0.642915 -2.704962 -0.069853 0.013161 8.642242 48.0
213 1610.0 -0.129926 0.491292 0.0 0.018909 -0.642915 -2.704962 -0.069853 0.013161 8.642242 48.0
214 1610.0 -0.144997 0.467985 0.0 0.029409 -0.642915 -2.704962 -0.069853 0.013161 8.642242 48.0
215 1610.0 -0.177242 0.462667 0.0 0.029134 -0.642915 -2.704962 -0.069853 0.013161 8.642242 48.0
216 1610.0 -0.159778 0.489438 0.0 0.014432 -0.642915 -2.704962 -0.069853 0.013161 8.642242 48.0
217 1610.0 -0.178461 0.47575 0.0 0.020023 -0.642915 -2.704962 -0.069853 0.013161 8.642242 48.0
218 1610.0 -0.184026 0.494457 0.0 0.003867 -0.642915 -2.704962 -0.069853 0.013161 8.642242 48.0
219 1610.0 -0.161313 0.497202 0.0 0.00868 -0.642915 -2.704962 -0.069853 0.013161 8.642242 48.0
220 1610.0 -0.142785 0.517019 0.0 -0.001543 -0.642915 -2.704962 -0.069853 0.013161 8.642242 48.0
221 1610.0 -0.166411 0.520848 0.0 -0.01193 -0.642915 -2.704962 -0.069853 0.013161 8.642242 48.0
222 1610.0 -0.160264 0.519634 0.0 -0.009052 -0.642915 -2.704962 -0.069853 0.013161 8.642242 48.0
223 1610.0 -0.157802 0.524255 0.0 -0.012011 -0.642915 -2.704962 -0.069853 0.013161 8.642242 48.0
224 1610.0 -0.128446 0.528058 0.0 -0.005996 -0.642915 -2.704962 -0.069853 0.013161 8.642242 48.0
225 1610.0 -0.10704 0.521154 0.0 0.003343 -0.642915 -2.704962 -0.069853 0.013161 8.642242 48.0
226 1610.0 -0.083437 0.5454 0.0 -0.008435 -0.642915 -2.704962 -0.069853 0.013161 8.642242 48.0
227 1610.0 -0.08543 0.525934 0.0 0.002906 -0.642915 -2.704962 -0.069853 0.013161 8.642242 48.0
228 1610.0 -0.098738 0.534383 0.0 -0.003987 -0.642915 -2.704962 -0.069853 0.013161 8.642242 48.0
229 1610.0 -0.075665 0.512801 0.0 0.008063 -0.642915 -2.704962 -0.069853 0.013161 8.642242 48.0
230 1610.0 -0.089854 0.515714 0.0 0.007801 -0.642915 -2.704962 -0.069853 0.013161 8.642242 48.0
231 1610.0 -0.085727 0.553776 0.0 -0.014567 -0.642915 -2.704962 -0.069853 0.013161 8.642242 48.0
232 1610.0 -0.086553 0.563148 0.0 -0.020743 -0.642915 -2.704962 -0.069853 0.013161 8.642242 48.0
233 1610.0 -0.094012 0.536099 0.0 -0.004217 -0.642915 -2.704962 -0.069853 0.013161 8.642242 48.0
234 1610.0 -0.116677 0.527993 0.0 -0.003198 -0.642915 -2.704962 -0.069853 0.013161 8.642242 48.0
235 1610.0 -0.131664 0.52481 0.0 -0.004377 -0.642915 -2.704962 -0.069853 0.013161 8.642242 48.0
236 1610.0 -0.121761 0.53129 0.0 -0.006531 -0.642915 -2.704962 -0.069853 0.013161 8.642242 48.0
237 1610.0 -0.121399 0.52735 0.0 -0.003695 -0.642915 -2.704962 -0.069853 0.013161 8.642242 48.0
238 1610.0 -0.135512 0.524613 0.0 -0.005407 -0.642915 -2.704962 -0.069853 0.013161 8.642242 48.0
239 1610.0 -0.121024 0.524055 0.0 -0.001386 -0.642915 -2.704962 -0.069853 0.013161 8.642242 48.0
240 1610.0 -0.127389 0.527468 0.0 -0.005195 -0.642915 -2.704962 -0.069853 0.013161 8.642242 48.0
241 1610.0 -0.120864 0.520503 0.0 0.001054 -0.642915 -2.704962 -0.069853 0.013161 8.642242 48.0
242 1610.0 -0.127431 0.522485 0.0 -0.001587 -0.642915 -2.704962 -0.069853 0.013161 8.642242 48.0
243 1610.0 -0.138888 0.536659 0.0 -0.016148 -0.642915 -2.704962 -0.069853 0.013161 8.642242 48.0
244 1610.0 -0.122127 0.519586 0.0 0.001426 -0.642915 -2.704962 -0.069853 0.013161 8.642242 48.0
245 1610.0 -0.122672 0.530345 0.0 -0.006052 -0.642915 -2.704962 -0.069853 0.013161 8.642242 48.0
246 1610.0 -0.125143 0.533865 0.0 -0.009649 -0.642915 -2.704962 -0.069853 0.013161 8.642242 48.0
247 1610.0 -0.121387 0.539092 0.0 -0.012696 -0.642915 -2.704962 -0.069853 0.013161 8.642242 48.0
248 1610.0 -0.119377 0.554748 0.0 -0.024676 -0.642915 -2.704962 -0.069853 0.013161 8.642242 48.0
249 1610.0 -0.139116 0.551897 0.0 -0.028484 -0.642915 -2.704962 -0.069853 0.013161 8.642242 48.0
250 1610.0 -0.146866 0.558383 0.0 -0.036101 -0.642915 -2.704962 -0.069853 0.013161 8.642242 48.0
251 1610.0 -0.145221 0.55586 0.0 -0.033562 -0.642915 -2.704962 -0.069853 0.013161 8.642242 48.0
252 1610.0 -0.135219 0.55418 0.0 -0.029117 -0.642915 -2.704962 -0.069853 0.013161 8.642242 48.0
253 1610.0 -0.101898 0.55396 0.0 -0.018638 -0.642915 -2.704962 -0.069853 0.013161 8.642242 48.0
254 1610.0 -0.077001 0.545238 0.0 -0.007556 -0.642915 -2.704962 -0.069853 0.013161 8.642242 48.0
255 1610.0 -0.093144 0.545585 0.0 -0.010478 -0.642915 -2.704962 -0.069853 0.013161 8.642242 48.0
256 1610.0 -0.077798 0.552938 0.0 -0.01237 -0.642915 -2.704962 -0.069853 0.013161 8.642242 48.0
257 1610.0 -0.074746 0.568461 0.0 -0.020888 -0.642915 -2.704962 -0.069853 0.013161 8.642242 48.0
258 1610.0 -0.061123 0.55553 0.0 -0.011506 -0.642915 -2.704962 -0.069853 0.013161 8.642242 48.0
259 1610.0 -0.074934 0.529746 0.0 0.001359 -0.642915 -2.704962 -0.069853 0.013161 8.642242 48.0
260 1610.0 -0.089384 0.52086 0.0 0.005554 -0.642915 -2.704962 -0.069853 0.013161 8.642242 48.0
261 1610.0 -0.093176 0.506633 0.0 0.011546 -0.642915 -2.704962 -0.069853 0.013161 8.642242 48.0
262 1610.0 -0.103194 0.517491 0.0 0.006587 -0.642915 -2.704962 -0.069853 0.013161 8.642242 48.0
263 1610.0 -0.104679 0.538674 0.0 -0.008071 -0.642915 -2.704962 -0.069853 0.013161 8.642242 48.0
264 1610.0 -0.082056 0.527021 0.0 0.002487 -0.642915 -2.704962 -0.069853 0.013161 8.642242 48.0
265 1610.0 -0.068992 0.507785 0.0 0.009607 -0.642915 -2.704962 -0.069853 0.013161 8.642242 48.0
266 1610.0 -0.082502 0.519439 0.0 0.005896 -0.642915 -2.704962 -0.069853 0.013161 8.642242 48.0
267 1610.0 -0.064966 0.510956 0.0 0.008123 -0.642915 -2.704962 -0.069853 0.013161 8.642242 48.0
268 1610.0 -0.062492 0.512826 0.0 0.007241 -0.642915 -2.704962 -0.069853 0.013161 8.642242 48.0
269 1610.0 -0.064984 0.523999 0.0 0.003039 -0.642915 -2.704962 -0.069853 0.013161 8.642242 48.0
270 1610.0 -0.06308 0.505214 0.0 0.010245 -0.642915 -2.704962 -0.069853 0.013161 8.642242 48.0
271 1610.0 -0.063277 0.502786 0.0 0.011204 -0.642915 -2.704962 -0.069853 0.013161 8.642242 48.0
272 1610.0 -0.074585 0.511616 0.0 0.008458 -0.642915 -2.704962 -0.069853 0.013161 8.642242 48.0
273 1610.0 -0.102864 0.529961 0.0 -0.001804 -0.642915 -2.704962 -0.069853 0.013161 8.642242 48.0
274 1610.0 -0.085699 0.538553 0.0 -0.004272 -0.642915 -2.704962 -0.069853 0.013161 8.642242 48.0
275 1610.0 -0.07516 0.553004 0.0 -0.011781 -0.642915 -2.704962 -0.069853 0.013161 8.642242 48.0
276 1610.0 -0.091905 0.515558 0.0 0.007988 -0.642915 -2.704962 -0.069853 0.013161 8.642242 48.0
277 1610.0 -0.103526 0.518195 0.0 0.006044 -0.642915 -2.704962 -0.069853 0.013161 8.642242 48.0
278 1610.0 -0.098597 0.538381 0.0 -0.00667 -0.642915 -2.704962 -0.069853 0.013161 8.642242 48.0
279 1610.0 -0.110724 0.536896 0.0 -0.008059 -0.642915 -2.704962 -0.069853 0.013161 8.642242 48.0
280 1610.0 -0.105206 0.545466 0.0 -0.012824 -0.642915 -2.704962 -0.069853 0.013161 8.642242 48.0
281 1610.0 -0.071142 0.549757 0.0 -0.009704 -0.642915 -2.704962 -0.069853 0.013161 8.642242 48.0
282 1610.0 -0.076893 0.538931 0.0 -0.003969 -0.642915 -2.704962 -0.069853 0.013161 8.642242 48.0
283 1610.0 -0.108863 0.540466 0.0 -0.010112 -0.642915 -2.704962 -0.069853 0.013161 8.642242 48.0
284 1610.0 -0.104996 0.570905 0.0 -0.032803 -0.642915 -2.704962 -0.069853 0.013161 8.642242 48.0
285 1610.0 -0.101545 0.529195 0.0 -0.001024 -0.642915 -2.704962 -0.069853 0.013161 8.642242 48.0
286 1610.0 -0.066132 0.533924 0.0 -0.00076 -0.642915 -2.704962 -0.069853 0.013161 8.642242 48.0
287 1610.0 -0.052742 0.523853 0.0 0.002342 -0.642915 -2.704962 -0.069853 0.013161 8.642242 48.0
