 time p.x p.y p.z deep.node-0 CV opes.bias opes.rct opes.zed opes.neff opes.nker
0 19080.0 -0.245838 0.605779 0.0 -0.115866 1.091154 -8.72887 -0.206516 0.007637 12.845295 138.0
1 19080.0 -0.216092 0.58534 0.0 -0.084845 1.091154 -8.72887 -0.206516 0.007637 12.845295 138.0
2 19080.0 -0.19858 0.57215 0.0 -0.065479 1.091154 -8.72887 -0.206516 0.007637 12.845295 138.0
3 19080.0 -0.206226 0.546803 0.0 -0.045132 1.091154 -8.72887 -0.206516 0.007637 12.845295 138.0
4 19080.0 -0.188912 0.550801 0.0 -0.042997 1.091154 -8.72887 -0.206516 0.007637 12.845295 138.0
5 19080.0 -0.179394 0.533348 0.0 -0.026006 1.091154 -8.72887 -0.206516 0.007637 12.845295 138.0
6 19080.0 -0.180812 0.559298 0.0 -0.047333 1.091154 -8.72887 -0.206516 0.007637 12.845295 138.0
7 19080.0 -0.189885 0.555201 0.0 -0.04684 1.091154 -8.72887 -0.206516 0.007637 12.845295 138.0
8 19080.0 -0.184548 0.563829 0.0 -0.052135 1.091154 -8.72887 -0.206516 0.007637 12.845295 138.0
9 19080.0 -0.149789 0.518381 0.0 -0.004805 1.091154 -8.72887 -0.206516 0.007637 12.845295 138.0
10 19080.0 -0.142599 0.514338 0.0 0.000672 1.091154 -8.72887 -0.206516 0.007637 12.845295 138.0
11 19080.0 -0.165737 0.503718 0.0 0.002067 1.091154 -8.72887 -0.206516 0.007637 12.845295 138.0
12 19080.0 -0.158675 0.487111 0.0 0.016228 1.091154 -8.72887 -0.206516 0.007637 12.845295 138.0
13 19080.0 -0.146065 0.504161 0.0 0.007157 1.091154 -8.72887 -0.206516 0.007637 12.845295 138.0
14 19080.0 -0.128644 0.464538 0.0 0.030143 1.091154 -8.72887 -0.206516 0.007637 12.845295 138.0
15 19080.0 -0.12617 0.491624 0.0 0.019033 1.091154 -8.72887 -0.206516 0.007637 12.845295 138.0
16 19080.0 -0.095387 0.501581 0.0 0.013652 1.091154 -8.72887 -0.206516 0.007637 12.845295 138.0
17 19080.0 -0.081009 0.4904 0.0 0.017126 1.091154 -8.72887 -0.206516 0.007637 12.845295 138.0
18 19080.0 -0.096263 0.516973 0.0 0.007356 1.091154 -8.72887 -0.206516 0.007637 12.845295 138.0
19 19080.0 -0.10678 0.515562 0.0 0.007186 1.091154 -8.72887 -0.206516 0.007637 12.845295 138.0
20 19080.0 -0.094145 0.510944 0.0 0.009925 1.091154 -8.72887 -0.206516 0.007637 12.845295 138.0
21 19080.0 -0.104885 0.493626 0.0 0.017339 1.091154 -8.72887 -0.206516 0.007637 12.845295 138.0
22 19080.0 -0.102913 0.484731 0.0 0.020686 1.091154 -8.72887 -0.206516 0.007637 12.845295 138.0
23 19080.0 -0.129744 0.486201 0.0 0.021471 1.091154 -8.72887 -0.206516 0.007637 12.845295 138.0
24 19080.0 -0.131343 0.487302 0.0 0.020797 1.091154 -8.72887 -0.206516 0.007637 12.845295 138.0
25 19080.0 -0.127997 0.515173 0.0 0.003259 1.091154 -8.72887 -0.206516 0.007637 12.845295 138.0
26 19080.0 -0.141935 0.514425 0.0 0.000808 1.091154 -8.72887 -0.206516 0.007637 12.845295 138.0
27 19080.0 -0.129031 0.531077 0.0 -0.008607 1.091154 -8.72887 -0.206516 0.007637 12.845295 138.0
28 19080.0 -0.107317 0.544729 0.0 -0.012883 1.091154 -8.72887 -0.206516 0.007637 12.845295 138.0
29 19080.0 -0.107948 0.517591 0.0 0.00558 1.091154 -8.72887 -0.206516 0.007637 12.845295 138.0
30 19080.0 -0.095649 0.518575 0.0 0.006482 1.091154 -8.72887 -0.206516 0.007637 12.845295 138.0
31 19080.0 -0.067814 0.514348 0.0 0.006976 1.091154 -8.72887 -0.206516 0.007637 12.845295 138.0
32 19080.0 -0.062968 0.506389 0.0 0.00978 1.091154 -8.72887 -0.206516 0.007637 12.845295 138.0
33 19080.0 -0.099168 0.501368 0.0 0.013968 1.091154 -8.72887 -0.206516 0.007637 12.845295 138.0
34 19080.0 -0.119135 0.49663 0.0 0.017045 1.091154 -8.72887 -0.206516 0.007637 12.845295 138.0
35 19080.0 -0.101558 0.490127 0.0 0.018498 1.091154 -8.72887 -0.206516 0.007637 12.845295 138.0
36 19080.0 -0.117276 0.52068 0.0 0.001643 1.091154 -8.72887 -0.206516 0.007637 12.845295 138.0
37 19080.0 -0.126764 0.512793 0.0 0.005117 1.091154 -8.72887 -0.206516 0.007637 12.845295 138.0
38 19080.0 -0.114674 0.504673 0.0 0.013011 1.091154 -8.72887 -0.206516 0.007637 12.845295 138.0
39 19080.0 -0.090704 0.512496 0.0 0.009108 1.091154 -8.72887 -0.206516 0.007637 12.845295 138.0
40 19080.0 -0.075114 0.51852 0.0 0.005799 1.091154 -8.72887 -0.206516 0.007637 12.845295 138.0
41 19080.0 -0.06989 0.514763 0.0 0.006942 1.091154 -8.72887 -0.206516 0.007637 12.845295 138.0
42 19080.0 -0.063846 0.526986 0.0 0.001804 1.091154 -8.72887 -0.206516 0.007637 12.845295 138.0
43 19080.0 -0.065464 0.532489 0.0 -0.000242 1.091154 -8.72887 -0.206516 0.007637 12.845295 138.0
44 19080.0 -0.070483 0.531461 0.0 0.000468 1.091154 -8.72887 -0.206516 0.007637 12.845295 138.0
45 19080.0 -0.076397 0.524311 0.0 0.00362 1.091154 -8.72887 -0.206516 0.007637 12.845295 138.0
46 19080.0 -0.075227 0.527678 0.0 0.002235 1.091154 -8.72887 -0.206516 0.007637 12.845295 138.0
47 19080.0 -0.080854 0.548353 0.0 -0.009927 1.091154 -8.72887 -0.206516 0.007637 12.845295 138.0
48 19080.0 -0.046563 0.504776 0.0 0.009399 1.091154 -8.72887 -0.206516 0.007637 12.845295 138.0
49 19080.0 -0.023466 0.49374 0.0 0.012279 1.091154 -8.72887 -0.206516 0.007637 12.845295 138.0
50 19080.0 -0.030706 0.50379 0.0 0.008806 1.091154 -8.72887 -0.206516 0.007637 12.845295 138.0
51 19080.0 -0.032933 0.519094 0.0 0.002977 1.091154 -8.72887 -0.206516 0.007637 12.845295 138.0
52 19080.0 -0.026202 0.498733 0.0 0.010501 1.091154 -8.72887 -0.206516 0.007637 12.845295 138.0
53 19080.0 -0.033764 0.507315 0.0 0.00762 1.091154 -8.72887 -0.206516 0.007637 12.845295 138.0
54 19080.0 -0.021805 0.499565 0.0 0.009905 1.091154 -8.72887 -0.206516 0.007637 12.845295 138.0
55 19080.0 -0.014782 0.490718 0.0 0.012922 1.091154 -8.72887 -0.206516 0.007637 12.845295 138.0
56 19080.0 -0.002283 0.49235 0.0 0.011516 1.091154 -8.72887 -0.206516 0.007637 12.845295 138.0
57 19080.0 -0.010571 0.495061 0.0 0.01097 1.091154 -8.72887 -0.206516 0.007637 12.845295 138.0
58 19080.0 -0.012136 0.46963 0.0 0.021028 1.091154 -8.72887 -0.206516 0.007637 12.845295 138.0
59 19080.0 0.00828 0.471639 0.0 0.019064 1.091154 -8.72887 -0.206516 0.007637 12.845295 138.0
60 19080.0 0.035687 0.49744 0.0 0.007315 1.091154 -8.72887 -0.206516 0.007637 12.845295 138.0
61 19080.0 0.033775 0.489884 0.0 0.010256 1.091154 -8.72887 -0.206516 0.007637 12.845295 138.0
62 19080.0 0.030918 0.505853 0.0 0.004828 1.091154 -8.72887 -0.206516 0.007637 12.845295 138.0
63 19080.0 0.028414 0.505206 0.0 0.005079 1.091154 -8.72887 -0.206516 0.007637 12.845295 138.0
64 19080.0 0.037496 0.535943 0.0 -0.004557 1.091154 -8.72887 -0.206516 0.007637 12.845295 138.0
65 19080.0 0.052746 0.542804 0.0 -0.006982 1.091154 -8.72887 -0.206516 0.007637 12.845295 138.0
66 19080.0 0.078245 0.552599 0.0 -0.00292 1.091154 -8.72887 -0.206516 0.007637 12.845295 138.0
67 19080.0 0.063343 0.542516 0.0 -0.005623 1.091154 -8.72887 -0.206516 0.007637 12.845295 138.0
68 19080.0 0.094786 0.548164 0.0 -0.000421 1.091154 -8.72887 -0.206516 0.007637 12.845295 138.0
69 19080.0 0.130346 0.529299 0.0 0.004655 1.091154 -8.72887 -0.206516 0.007637 12.845295 138.0
70 19080.0 0.106454 0.521664 0.0 0.000595 1.091154 -8.72887 -0.206516 0.007637 12.845295 138.0
71 19080.0 0.113654 0.526829 0.0 0.00191 1.091154 -8.72887 -0.206516 0.007637 12.845295 138.0
72 19080.0 0.111842 0.502191 0.0 0.004278 1.091154 -8.72887 -0.206516 0.007637 12.845295 138.0
73 19080.0 0.115321 0.526481 0.0 0.002165 1.091154 -8.72887 -0.206516 0.007637 12.845295 138.0
74 19080.0 0.134954 0.520604 0.0 0.005113 1.091154 -8.72887 -0.206516 0.007637 12.845295 138.0
75 19080.0 0.127643 0.527334 0.0 0.004161 1.091154 -8.72887 -0.206516 0.007637 12.845295 138.0
76 19080.0 0.131179 0.500623 0.0 0.004359 1.091154 -8.72887 -0.206516 0.007637 12.845295 138.0
77 19080.0 0.145351 0.509152 0.0 0.006407 1.091154 -8.72887 -0.206516 0.007637 12.845295 138.0
78 19080.0 0.142564 0.490546 0.0 0.007524 1.091154 -8.72887 -0.206516 0.007637 12.845295 138.0
79 19080.0 0.162069 0.485849 0.0 0.01011 1.091154 -8.72887 -0.206516 0.007637 12.845295 138.0
80 19080.0 0.180097 0.489091 0.0 0.013053 1.091154 -8.72887 -0.206516 0.007637 12.845295 138.0
81 19080.0 0.185501 0.498112 0.0 0.013098 1.091154 -8.72887 -0.206516 0.007637 12.845295 138.0
82 19080.0 0.186879 0.468001 0.0 0.016482 1.091154 -8.72887 -0.206516 0.007637 12.845295 138.0
83 19080.0 0.162081 0.467122 0.0 0.015876 1.091154 -8.72887 -0.206516 0.007637 12.845295 138.0
84 19080.0 0.158752 0.471914 0.0 0.01416 1.091154 -8.72887 -0.206516 0.007637 12.845295 138.0
85 19080.0 0.162885 0.470965 0.0 0.014461 1.091154 -8.72887 -0.206516 0.007637 12.845295 138.0
86 19080.0 0.173689 0.480602 0.0 0.012771 1.091154 -8.72887 -0.206516 0.007637 12.845295 138.0
87 19080.0 0.177961 0.480816 0.0 0.013526 1.091154 -8.72887 -0.206516 0.007637 12.845295 138.0
88 19080.0 0.185462 0.498955 0.0 0.013003 1.091154 -8.72887 -0.206516 0.007637 12.845295 138.0
89 19080.0 0.171731 0.517642 0.0 0.010892 1.091154 -8.72887 -0.206516 0.007637 12.845295 138.0
90 19080.0 0.179697 0.498425 0.0 0.012009 1.091154 -8.72887 -0.206516 0.007637 12.845295 138.0
91 19080.0 0.187211 0.514566 0.0 0.013266 1.091154 -8.72887 -0.206516 0.007637 12.845295 138.0
92 19080.0 0.190973 0.510925 0.0 0.01375 1.091154 -8.72887 -0.206516 0.007637 12.845295 138.0
93 19080.0 0.205194 0.513336 0.0 0.016504 1.091154 -8.72887 -0.206516 0.007637 12.845295 138.0
94 19080.0 0.193209 0.49445 0.0 0.014881 1.091154 -8.72887 -0.206516 0.007637 12.845295 138.0
95 19080.0 0.193759 0.492281 0.0 0.015207 1.091154 -8.72887 -0.206516 0.007637 12.845295 138.0
96 19080.0 0.206131 0.514949 0.0 0.018052 1.091154 -8.72887 -0.206516 0.007637 12.845295 138.0
97 19080.0 0.209211 0.518611 0.0 0.022254 1.091154 -8.72887 -0.206516 0.007637 12.845295 138.0
98 19080.0 0.185543 0.535288 0.0 0.014231 1.091154 -8.72887 -0.206516 0.007637 12.845295 138.0
99 19080.0 0.19739 0.53176 0.0 0.020856 1.091154 -8.72887 -0.206516 0.007637 12.845295 138.0
100 19080.0 0.187649 0.554244 0.0 0.02601 1.091154 -8.72887 -0.206516 0.007637 12.845295 138.0
101 19080.0 0.194275 0.560601 0.0 0.034225 1.091154 -8.72887 -0.206516 0.007637 12.845295 138.0
102 19080.0 0.219328 0.563719 0.0 0.053963 1.091154 -8.72887 -0.206516 0.007637 12.845295 138.0
103 19080.0 0.214911 0.561533 0.0 0.049597 1.091154 -8.72887 -0.206516 0.007637 12.845295 138.0
104 19080.0 0.207018 0.577073 0.0 0.052335 1.091154 -8.72887 -0.206516 0.007637 12.845295 138.0
105 19080.0 0.238756 0.542909 0.0 0.056694 1.091154 -8.72887 -0.206516 0.007637 12.845295 138.0
106 19080.0 0.231001 0.545695 0.0 0.052615 1.091154 -8.72887 -0.206516 0.007637 12.845295 138.0
107 19080.0 0.239368 0.532713 0.0 0.051615 1.091154 -8.72887 -0.206516 0.007637 12.845295 138.0
108 19080.0 0.263654 0.515615 0.0 0.059855 1.091154 -8.72887 -0.206516 0.007637 12.845295 138.0
109 19080.0 0.254785 0.525706 0.0 0.058929 1.091154 -8.72887 -0.206516 0.007637 12.845295 138.0
110 19080.0 0.244579 0.530263 0.0 0.054043 1.091154 -8.72887 -0.206516 0.007637 12.845295 138.0
111 19080.0 0.255257 0.538377 0.0 0.066128 1.091154 -8.72887 -0.206516 0.007637 12.845295 138.0
112 19080.0 0.251894 0.54137 0.0 0.065326 1.091154 -8.72887 -0.206516 0.007637 12.845295 138.0
113 19080.0 0.249531 0.532444 0.0 0.058791 1.091154 -8.72887 -0.206516 0.007637 12.845295 138.0
114 19080.0 0.26636 0.537309 0.0 0.073549 1.091154 -8.72887 -0.206516 0.007637 12.845295 138.0
115 19080.0 0.252084 0.525408 0.0 0.056821 1.091154 -8.72887 -0.206516 0.007637 12.845295 138.0
116 19080.0 0.240894 0.516843 0.0 0.044123 1.091154 -8.72887 -0.206516 0.007637 12.845295 138.0
117 19080.0 0.252155 0.506447 0.0 0.047588 1.091154 -8.72887 -0.206516 0.007637 12.845295 138.0
118 19080.0 0.268718 0.478275 0.0 0.048471 1.091154 -8.72887 -0.206516 0.007637 12.845295 138.0
119 19080.0 0.273982 0.465347 0.0 0.047141 1.091154 -8.72887 -0.206516 0.007637 12.845295 138.0
120 19080.0 0.279613 0.478553 0.0 0.056676 1.091154 -8.72887 -0.206516 0.007637 12.845295 138.0
121 19080.0 0.257969 0.486373 0.0 0.04377 1.091154 -8.72887 -0.206516 0.007637 12.845295 138.0
122 19080.0 0.266597 0.518246 0.0 0.0634 1.091154 -8.72887 -0.206516 0.007637 12.845295 138.0
123 19080.0 0.295402 0.525347 0.0 0.087996 1.091154 -8.72887 -0.206516 0.007637 12.845295 138.0
124 19080.0 0.290966 0.513235 0.0 0.079164 1.091154 -8.72887 -0.206516 0.007637 12.845295 138.0
125 19080.0 0.265533 0.519909 0.0 0.063533 1.091154 -8.72887 -0.206516 0.007637 12.845295 138.0
126 19080.0 0.269236 0.512285 0.0 0.06264 1.091154 -8.72887 -0.206516 0.007637 12.845295 138.0
127 19080.0 0.297123 0.504475 0.0 0.080187 1.091154 -8.72887 -0.206516 0.007637 12.845295 138.0
128 19080.0 0.29543 0.485415 0.0 0.071204 1.091154 -8.72887 -0.206516 0.007637 12.845295 138.0
129 19080.0 0.322327 0.508037 0.0 0.100349 1.091154 -8.72887 -0.206516 0.007637 12.845295 138.0
130 19080.0 0.319732 0.512162 0.0 0.100094 1.091154 -8.72887 -0.206516 0.007637 12.845295 138.0
131 19080.0 0.316902 0.535403 0.0 0.10893 1.091154 -8.72887 -0.206516 0.007637 12.845295 138.0
132 19080.0 0.310584 0.535767 0.0 0.104575 1.091154 -8.72887 -0.206516 0.007637 12.845295 138.0
133 19080.0 0.320264 0.528828 0.0 0.107793 1.091154 -8.72887 -0.206516 0.007637 12.845295 138.0
134 19080.0 0.320433 0.519436 0.0 0.103563 1.091154 -8.72887 -0.206516 0.007637 12.845295 138.0
135 19080.0 0.333365 0.505826 0.0 0.107651 1.091154 -8.72887 -0.206516 0.007637 12.845295 138.0
136 19080.0 0.320676 0.504545 0.0 0.097707 1.091154 -8.72887 -0.206516 0.007637 12.845295 138.0
137 19080.0 0.298425 0.498373 0.0 0.07868 1.091154 -8.72887 -0.206516 0.007637 12.845295 138.0
138 19080.0 0.267221 0.492642 0.0 0.053182 1.091154 -8.72887 -0.206516 0.007637 12.845295 138.0
139 19080.0 0.244017 0.511907 0.0 0.043757 1.091154 -8.72887 -0.206516 0.007637 12.845295 138.0
140 19080.0 0.235386 0.518632 0.0 0.041123 1.091154 -8.72887 -0.206516 0.007637 12.845295 138.0
141 19080.0 0.225404 0.508443 0.0 0.028529 1.091154 -8.72887 -0.206516 0.007637 12.845295 138.0
142 19080.0 0.223007 0.528453 0.0 0.037521 1.091154 -8.72887 -0.206516 0.007637 12.845295 138.0
143 19080.0 0.217537 0.513072 0.0 0.025254 1.091154 -8.72887 -0.206516 0.007637 12.845295 138.0
144 19080.0 0.212109 0.499442 0.0 0.017801 1.091154 -8.72887 -0.206516 0.007637 12.845295 138.0
145 19080.0 0.239023 0.499544 0.0 0.035037 1.091154 -8.72887 -0.206516 0.007637 12.845295 138.0
146 19080.0 0.250953 0.497273 0.0 0.042977 1.091154 -8.72887 -0.206516 0.007637 12.845295 138.0
147 19080.0 0.267019 0.502713 0.0 0.057114 1.091154 -8.72887 -0.206516 0.007637 12.845295 138.0
148 19080.0 0.270453 0.514182 0.0 0.064313 1.091154 -8.72887 -0.206516 0.007637 12.845295 138.0
149 19080.0 0.267384 0.506716 0.0 0.059008 1.091154 -8.72887 -0.206516 0.007637 12.845295 138.0
150 19080.0 0.251502 0.504193 0.0 0.04619 1.091154 -8.72887 -0.206516 0.007637 12.845295 138.0
151 19080.0 0.256164 0.485883 0.0 0.042231 1.091154 -8.72887 -0.206516 0.007637 12.845295 138.0
152 19080.0 0.27035 0.472277 0.0 0.047252 1.091154 -8.72887 -0.206516 0.007637 12.845295 138.0
153 19080.0 0.276888 0.486568 0.0 0.0579 1.091154 -8.72887 -0.206516 0.007637 12.845295 138.0
154 19080.0 0.310102 0.495989 0.0 0.086387 1.091154 -8.72887 -0.206516 0.007637 12.845295 138.0
155 19080.0 0.309233 0.488303 0.0 0.082626 1.091154 -8.72887 -0.206516 0.007637 12.845295 138.0
156 19080.0 0.312312 0.500626 0.0 0.089908 1.091154 -8.72887 -0.206516 0.007637 12.845295 138.0
157 19080.0 0.316729 0.518604 0.0 0.100474 1.091154 -8.72887 -0.206516 0.007637 12.845295 138.0
158 19080.0 0.335065 0.528028 0.0 0.118023 1.091154 -8.72887 -0.206516 0.007637 12.845295 138.0
159 19080.0 0.332859 0.522424 0.0 0.114002 1.091154 -8.72887 -0.206516 0.007637 12.845295 138.0
160 19080.0 0.322318 0.524342 0.0 0.106952 1.091154 -8.72887 -0.206516 0.007637 12.845295 138.0
161 19080.0 0.308356 0.526451 0.0 0.097927 1.091154 -8.72887 -0.206516 0.007637 12.845295 138.0
162 19080.0 0.334549 0.547622 0.0 0.12826 1.091154 -8.72887 -0.206516 0.007637 12.845295 138.0
163 19080.0 0.334153 0.509892 0.0 0.109885 1.091154 -8.72887 -0.206516 0.007637 12.845295 138.0
164 19080.0 0.348774 0.494292 0.0 0.11442 1.091154 -8.72887 -0.206516 0.007637 12.845295 138.0
165 19080.0 0.334476 0.508111 0.0 0.109403 1.091154 -8.72887 -0.206516 0.007637 12.845295 138.0
166 19080.0 0.35114 0.510624 0.0 0.122797 1.091154 -8.72887 -0.206516 0.007637 12.845295 138.0
167 19080.0 0.340871 0.524697 0.0 0.120875 1.091154 -8.72887 -0.206516 0.007637 12.845295 138.0
168 19080.0 0.357853 0.521164 0.0 0.132055 1.091154 -8.72887 -0.206516 0.007637 12.845295 138.0
169 19080.0 0.363048 0.507569 0.0 0.130404 1.091154 -8.72887 -0.206516 0.007637 12.845295 138.0
170 19080.0 0.349261 0.513452 0.0 0.122548 1.091154 -8.72887 -0.206516 0.007637 12.845295 138.0
171 19080.0 0.354437 0.512565 0.0 0.126033 1.091154 -8.72887 -0.206516 0.007637 12.845295 138.0
172 19080.0 0.379208 0.533678 0.0 0.152988 1.091154 -8.72887 -0.206516 0.007637 12.845295 138.0
173 19080.0 0.393457 0.524158 0.0 0.159712 1.091154 -8.72887 -0.206516 0.007637 12.845295 138.0
174 19080.0 0.39493 0.548422 0.0 0.172295 1.091154 -8.72887 -0.206516 0.007637 12.845295 138.0
175 19080.0 0.395904 0.538244 0.0 0.167385 1.091154 -8.72887 -0.206516 0.007637 12.845295 138.0
176 19080.0 0.390542 0.538382 0.0 0.163597 1.091154 -8.72887 -0.206516 0.007637 12.845295 138.0
177 19080.0 0.400933 0.490699 0.0 0.151703 1.091154 -8.72887 -0.206516 0.007637 12.845295 138.0
178 19080.0 0.423883 0.481898 0.0 0.165181 1.091154 -8.72887 -0.206516 0.007637 12.845295 138.0
179 19080.0 0.452901 0.48162 0.0 0.18662 1.091154 -8.72887 -0.206516 0.007637 12.845295 138.0
180 19080.0 0.47505 0.493449 0.0 0.207865 1.091154 -8.72887 -0.206516 0.007637 12.845295 138.0
181 19080.0 0.466261 0.507021 0.0 0.207619 1.091154 -8.72887 -0.206516 0.007637 12.845295 138.0
182 19080.0 0.462821 0.515334 0.0 0.209286 1.091154 -8.72887 -0.206516 0.007637 12.845295 138.0
183 19080.0 0.446777 0.50652 0.0 0.192164 1.091154 -8.72887 -0.206516 0.007637 12.845295 138.0
184 19080.0 0.451473 0.507774 0.0 0.19616 1.091154 -8.72887 -0.206516 0.007637 12.845295 138.0
185 19080.0 0.453711 0.519776 0.0 0.203836 1.091154 -8.72887 -0.206516 0.007637 12.845295 138.0
186 19080.0 0.456368 0.517803 0.0 0.205046 1.091154 -8.72887 -0.206516 0.007637 12.845295 138.0
187 19080.0 0.464529 0.547483 0.0 0.229095 1.091154 -8.72887 -0.206516 0.007637 12.845295 138.0
188 19080.0 0.466677 0.539225 0.0 0.226222 1.091154 -8.72887 -0.206516 0.007637 12.845295 138.0
189 19080.0 0.502128 0.582638 0.0 0.286036 1.091154 -8.72887 -0.206516 0.007637 12.845295 138.0
190 19080.0 0.535997 0.5699 0.0 0.305842 1.091154 -8.72887 -0.206516 0.007637 12.845295 138.0
191 19080.0 0.533761 0.590489 0.0 0.318586 1.091154 -8.72887 -0.206516 0.007637 12.845295 138.0
192 19080.0 0.538068 0.580708 0.0 0.315297 1.091154 -8.72887 -0.206516 0.007637 12.845295 138.0
193 19080.0 0.523959 0.585714 0.0 0.306832 1.091154 -8.72887 -0.206516 0.007637 12.845295 138.0
194 19080.0 0.522608 0.582128 0.0 0.30313 1.091154 -8.72887 -0.206516 0.007637 12.845295 138.0
195 19080.0 0.532834 0.589539 0.0 0.317119 1.091154 -8.72887 -0.206516 0.007637 12.845295 138.0
196 19080.0 0.53335 0.604128 0.0 0.32794 1.091154 -8.72887 -0.206516 0.007637 12.845295 138.0
197 19080.0 0.548698 0.597224 0.0 0.33611 1.091154 -8.72887 -0.206516 0.007637 12.845295 138.0
198 19080.0 0.545625 0.604761 0.0 0.338853 1.091154 -8.72887 -0.206516 0.007637 12.845295 138.0
199 19080.0 0.554708 0.586102 0.0 0.333319 1.091154 -8.72887 -0.206516 0.007637 12.845295 138.0
200 19080.0 0.571133 0.598377 0.0 0.356055 1.091154 -8.72887 -0.206516 0.007637 12.845295 138.0
201 19080.0 0.568911 0.592986 0.0 0.350324 1.091154 -8.72887 -0.206516 0.007637 12.845295 138.0
202 19080.0 0.561673 0.59502 0.0 0.345601 1.091154 -8.72887 -0.206516 0.007637 12.845295 138.0
203 19080.0 0.549246 0.599934 0.0 0.338505 1.091154 -8.72887 -0.206516 0.007637 12.845295 138.0
204 19080.0 0.567442 0.594251 0.0 0.349971 1.091154 -8.72887 -0.206516 0.007637 12.845295 138.0
205 19080.0 0.557013 0.594851 0.0 0.341509 1.091154 -8.72887 -0.206516 0.007637 12.845295 138.0
206 19080.0 0.581957 0.580473 0.0 0.352542 1.091154 -8.72887 -0.206516 0.007637 12.845295 138.0
207 19080.0 0.557011 0.56768 0.0 0.322175 1.091154 -8.72887 -0.206516 0.007637 12.845295 138.0
208 19080.0 0.603599 0.565261 0.0 0.360966 1.091154 -8.72887 -0.206516 0.007637 12.845295 138.0
209 19080.0 0.601738 0.558783 0.0 0.355609 1.091154 -8.72887 -0.206516 0.007637 12.845295 138.0
210 19080.0 0.579996 0.55054 0.0 0.331849 1.091154 -8.72887 -0.206516 0.007637 12.845295 138.0
211 19080.0 0.580159 0.556193 0.0 0.335245 1.091154 -8.72887 -0.206516 0.007637 12.845295 138.0
212 19080.0 0.569969 0.582194 0.0 0.343548 1.091154 -8.72887 -0.206516 0.007637 12.845295 138.0
213 19080.0 0.568864 0.562584 0.0 0.329044 1.091154 -8.72887 -0.206516 0.007637 12.845295 138.0
214 19080.0 0.587084 0.593115 0.0 0.365907 1.091154 -8.72887 -0.206516 0.007637 12.845295 138.0
215 19080.0 0.615842 0.577862 0.0 0.379568 1.091154 -8.72887 -0.206516 0.007637 12.845295 138.0
216 19080.0 0.625812 0.568024 0.0 0.381984 1.091154 -8.72887 -0.206516 0.007637 12.845295 138.0
217 19080.0 0.648743 0.565415 0.0 0.40054 1.091154 -8.72887 -0.206516 0.007637 12.845295 138.0
218 19080.0 0.670222 0.571372 0.0 0.422754 1.091154 -8.72887 -0.206516 0.007637 12.845295 138.0
219 19080.0 0.666121 0.587633 0.0 0.429377 1.091154 -8.72887 -0.206516 0.007637 12.845295 138.0
220 19080.0 0.668831 0.611603 0.0 0.448743 1.091154 -8.72887 -0.206516 0.007637 12.845295 138.0
221 19080.0 0.652634 0.636049 0.0 0.45233 1.091154 -8.72887 -0.206516 0.007637 12.845295 138.0
222 19080.0 0.653846 0.635812 0.0 0.453194 1.091154 -8.72887 -0.206516 0.007637 12.845295 138.0
223 19080.0 0.665098 0.62957 0.0 0.458344 1.091154 -8.72887 -0.206516 0.007637 12.845295 138.0
224 19080.0 0.679686 0.640355 0.0 0.478453 1.091154 -8.72887 -0.206516 0.007637 12.845295 138.0
225 19080.0 0.690045 0.644735 0.0 0.490399 1.091154 -8.72887 -0.206516 0.007637 12.845295 138.0
226 19080.0 0.705485 0.658123 0.0 0.513086 1.091154 -8.72887 -0.206516 0.007637 12.845295 138.0
227 19080.0 0.687981 0.658714 0.0 0.498586 1.091154 -8.72887 -0.206516 0.007637 12.845295 138.0
228 19080.0 0.687312 0.664904 0.0 0.502421 1.091154 -8.72887 -0.206516 0.007637 12.845295 138.0
229 19080.0 0.718232 0.662543 0.0 0.527097 1.091154 -8.72887 -0.206516 0.007637 12.845295 138.0
230 19080.0 0.747264 0.66515 0.0 0.553699 1.091154 -8.72887 -0.206516 0.007637 12.845295 138.0
231 19080.0 0.774812 0.642667 0.0 0.561185 1.091154 -8.72887 -0.206516 0.007637 12.845295 138.0
232 19080.0 0.77366 0.637417 0.0 0.556467 1.091154 -8.72887 -0.206516 0.007637 12.845295 138.0
233 19080.0 0.757438 0.645121 0.0 0.54812 1.091154 -8.72887 -0.206516 0.007637 12.845295 138.0
234 19080.0 0.744656 0.658546 0.0 0.546777 1.091154 -8.72887 -0.206516 0.007637 12.845295 138.0
235 19080.0 0.735151 0.654298 0.0 0.535653 1.091154 -8.72887 -0.206516 0.007637 12.845295 138.0
236 19080.0 0.715833 0.668957 0.0 0.529616 1.091154 -8.72887 -0.206516 0.007637 12.845295 138.0
237 19080.0 0.750475 0.674953 0.0 0.563411 1.091154 -8.72887 -0.206516 0.007637 12.845295 138.0
238 19080.0 0.715329 0.686696 0.0 0.541808 1.091154 -8.72887 -0.206516 0.007637 12.845295 138.0
239 19080.0 0.717795 0.67392 0.0 0.53482 1.091154 -8.72887 -0.206516 0.007637 12.845295 138.0
240 19080.0 0.708175 0.694145 0.0 0.54101 1.091154 -8.72887 -0.206516 0.007637 12.845295 138.0
241 19080.0 0.706683 0.695535 0.0 0.540727 1.091154 -8.72887 -0.206516 0.007637 12.845295 138.0
242 19080.0 0.709448 0.688076 0.0 0.537777 1.091154 -8.72887 -0.206516 0.007637 12.845295 138.0
243 19080.0 0.718788 0.722538 0.0 0.570258 1.091154 -8.72887 -0.206516 0.007637 12.845295 138.0
244 19080.0 0.729621 0.7382 0.0 0.590637 1.091154 -8.72887 -0.206516 0.007637 12.845295 138.0
245 19080.0 0.746285 0.743089 0.0 0.608319 1.091154 -8.72887 -0.206516 0.007637 12.845295 138.0
246 19080.0 0.775842 0.747251 0.0 0.636846 1.091154 -8.72887 -0.206516 0.007637 12.845295 138.0
247 19080.0 0.791431 0.777439 0.0 0.672555 1.091154 -8.72887 -0.206516 0.007637 12.845295 138.0
248 19080.0 0.832358 0.7741 0.0 0.705706 1.091154 -8.72887 -0.206516 0.007637 12.845295 138.0
249 19080.0 0.84529 0.771991 0.0 0.715408 1.091154 -8.72887 -0.206516 0.007637 12.845295 138.0
250 19080.0 0.831291 0.773484 0.0 0.704326 1.091154 -8.72887 -0.206516 0.007637 12.845295 138.0
251 19080.0 0.830499 0.798676 0.0 0.722121 1.091154 -8.72887 -0.206516 0.007637 12.845295 138.0
252 19080.0 0.814624 0.784057 0.0 0.697585 1.091154 -8.72887 -0.206516 0.007637 12.845295 138.0
253 19080.0 0.819167 0.791189 0.0 0.706771 1.091154 -8.72887 -0.206516 0.007637 12.845295 138.0
254 19080.0 0.820458 0.783855 0.0 0.702513 1.091154 -8.72887 -0.206516 0.007637 12.845295 138.0
255 19080.0 0.853326 0.801297 0.0 0.7439 1.091154 -8.72887 -0.206516 0.007637 12.845295 138.0
256 19080.0 0.842109 0.813752 0.0 0.743282 1.091154 -8.72887 -0.206516 0.007637 12.845295 138.0
257 19080.0 0.848866 0.82223 0.0 0.755379 1.091154 -8.72887 -0.206516 0.007637 12.845295 138.0
258 19080.0 0.88737 0.829999 0.0 0.794573 1.091154 -8.72887 -0.206516 0.007637 12.845295 138.0
259 19080.0 0.881009 0.855413 0.0 0.807687 1.091154 -8.72887 -0.206516 0.007637 12.845295 138.0
260 19080.0 0.908858 0.892187 0.0 0.858893 1.091154 -8.72887 -0.206516 0.007637 12.845295 138.0
261 19080.0 0.904284 0.910161 0.0 0.868102 1.091154 -8.72887 -0.206516 0.007637 12.845295 138.0
262 19080.0 0.922522 0.929634 0.0 0.894083 1.091154 -8.72887 -0.206516 0.007637 12.845295 138.0
263 19080.0 0.946107 0.948445 0.0 0.917802 1.091154 -8.72887 -0.206516 0.007637 12.845295 138.0
264 19080.0 0.960739 0.967251 0.0 0.937666 1.091154 -8.72887 -0.206516 0.007637 12.845295 138.0
265 19080.0 0.950437 0.980031 0.0 0.942033 1.091154 -8.72887 -0.206516 0.007637 12.845295 138.0
266 19080.0 0.949701 0.990507 0.0 0.945495 1.091154 -8.72887 -0.206516 0.007637 12.845295 138.0
267 19080.0 0.939884 1.005637 0.0 0.944679 1.091154 -8.72887 -0.206516 0.007637 12.845295 138.0
268 19080.0 0.94932 1.039126 0.0 0.949102 1.091154 -8.72887 -0.206516 0.007637 12.845295 138.0
269 19080.0 0.935829 1.074654 0.0 0.944172 1.091154 -8.72887 -0.206516 0.007637 12.845295 138.0
270 19080.0 0.936462 1.089132 0.0 0.944764 1.091154 -8.72887 -0.206516 0.007637 12.845295 138.0
271 19080.0 0.967591 1.11415 0.0 0.958525 1.091154 -8.72887 -0.206516 0.007637 12.845295 138.0
272 19080.0 0.998739 1.12061 0.0 0.97188 1.091154 -8.72887 -0.206516 0.007637 12.845295 138.0
273 19080.0 0.978384 1.148109 0.0 0.96386 1.091154 -8.72887 -0.206516 0.007637 12.845295 138.0
274 19080.0 1.002215 1.135865 0.0 0.973694 1.091154 -8.72887 -0.206516 0.007637 12.845295 138.0
275 19080.0 0.985928 1.157147 0.0 0.967261 1.091154 -8.72887 -0.206516 0.007637 12.845295 138.0
276 19080.0 0.975805 1.17753 0.0 0.963423 1.091154 -8.72887 -0.206516 0.007637 12.845295 138.0
277 19080.0 0.979369 1.194394 0.0 0.961342 1.091154 -8.72887 -0.206516 0.007637 12.845295 138.0
278 19080.0 0.999421 1.182957 0.0 0.97356 1.091154 -8.72887 -0.206516 0.007637 12.845295 138.0
279 19080.0 1.008396 1.177435 0.0 0.977243 1.091154 -8.72887 -0.206516 0.007637 12.845295 138.0
280 19080.0 1.008874 1.181627 0.0 0.977539 1.091154 -8.72887 -0.206516 0.007637 12.845295 138.0
281 19080.0 0.998304 1.178265 0.0 0.972981 1.091154 -8.72887 -0.206516 0.007637 12.845295 138.0
282 19080.0 0.991532 1.156172 0.0 0.969616 1.091154 -8.72887 -0.206516 0.007637 12.845295 138.0
283 19080.0 1.006399 1.160415 0.0 0.976016 1.091154 -8.72887 -0.206516 0.007637 12.845295 138.0
284 19080.0 1.031251 1.134993 0.0 0.98599 1.091154 -8.72887 -0.206516 0.007637 12.845295 138.0
285 19080.0 1.01186 1.161486 0.0 0.978357 1.091154 -8.72887 -0.206516 0.007637 12.845295 138.0
286 19080.0 1.01983 1.17238 0.0 0.98198 1.091154 -8.72887 -0.206516 0.007637 12.845295 138.0
287 19080.0 1.003667 1.179712 0.0 0.975288 1.091154 -8.72887 -0.206516 0.007637 12.845295 138.0
