 time p.x p.y p.z deep.node-0 CV opes.bias opes.rct opes.zed opes.neff opes.nker
0 7710.0 -0.89736 1.057571 0.0 -0.8478 1.794735 -19.226139 -0.115593 0.010978 12.845295 96.0
1 7710.0 -0.882563 1.022229 0.0 -0.822951 1.794735 -19.226139 -0.115593 0.010978 12.845295 96.0
2 7710.0 -0.891018 0.987401 0.0 -0.804552 1.794735 -19.226139 -0.115593 0.010978 12.845295 96.0
3 7710.0 -0.880357 0.959595 0.0 -0.784994 1.794735 -19.226139 -0.115593 0.010978 12.845295 96.0
4 7710.0 -0.89288 0.928599 0.0 -0.764403 1.794735 -19.226139 -0.115593 0.010978 12.845295 96.0
5 7710.0 -0.914926 0.930496 0.0 -0.772794 1.794735 -19.226139 -0.115593 0.010978 12.845295 96.0
6 7710.0 -0.891865 0.894938 0.0 -0.734783 1.794735 -19.226139 -0.115593 0.010978 12.845295 96.0
7 7710.0 -0.87484 0.860553 0.0 -0.699056 1.794735 -19.226139 -0.115593 0.010978 12.845295 96.0
8 7710.0 -0.877718 0.856022 0.0 -0.696075 1.794735 -19.226139 -0.115593 0.010978 12.845295 96.0
9 7710.0 -0.876315 0.820305 0.0 -0.664453 1.794735 -19.226139 -0.115593 0.010978 12.845295 96.0
10 7710.0 -0.864455 0.780964 0.0 -0.626146 1.794735 -19.226139 -0.115593 0.010978 12.845295 96.0
11 7710.0 -0.837225 0.754239 0.0 -0.593705 1.794735 -19.226139 -0.115593 0.010978 12.845295 96.0
12 7710.0 -0.818639 0.760586 0.0 -0.592945 1.794735 -19.226139 -0.115593 0.010978 12.845295 96.0
13 7710.0 -0.820643 0.757371 0.0 -0.590827 1.794735 -19.226139 -0.115593 0.010978 12.845295 96.0
14 7710.0 -0.787955 0.75877 0.0 -0.581003 1.794735 -19.226139 -0.115593 0.010978 12.845295 96.0
15 7710.0 -0.81668 0.752225 0.0 -0.585016 1.794735 -19.226139 -0.115593 0.010978 12.845295 96.0
16 7710.0 -0.809861 0.752549 0.0 -0.582994 1.794735 -19.226139 -0.115593 0.010978 12.845295 96.0
17 7710.0 -0.803136 0.75885 0.0 -0.586199 1.794735 -19.226139 -0.115593 0.010978 12.845295 96.0
18 7710.0 -0.805099 0.736562 0.0 -0.56749 1.794735 -19.226139 -0.115593 0.010978 12.845295 96.0
19 7710.0 -0.810456 0.722927 0.0 -0.556174 1.794735 -19.226139 -0.115593 0.010978 12.845295 96.0
20 7710.0 -0.831131 0.69557 0.0 -0.534033 1.794735 -19.226139 -0.115593 0.010978 12.845295 96.0
21 7710.0 -0.850951 0.690078 0.0 -0.535579 1.794735 -19.226139 -0.115593 0.010978 12.845295 96.0
22 7710.0 -0.844113 0.666178 0.0 -0.506716 1.794735 -19.226139 -0.115593 0.010978 12.845295 96.0
23 7710.0 -0.816251 0.634694 0.0 -0.460843 1.794735 -19.226139 -0.115593 0.010978 12.845295 96.0
24 7710.0 -0.794209 0.639272 0.0 -0.45641 1.794735 -19.226139 -0.115593 0.010978 12.845295 96.0
25 7710.0 -0.807989 0.647994 0.0 -0.471864 1.794735 -19.226139 -0.115593 0.010978 12.845295 96.0
26 7710.0 -0.815645 0.661396 0.0 -0.490017 1.794735 -19.226139 -0.115593 0.010978 12.845295 96.0
27 7710.0 -0.80814 0.659869 0.0 -0.485205 1.794735 -19.226139 -0.115593 0.010978 12.845295 96.0
28 7710.0 -0.814642 0.664711 0.0 -0.493309 1.794735 -19.226139 -0.115593 0.010978 12.845295 96.0
29 7710.0 -0.798458 0.665138 0.0 -0.48709 1.794735 -19.226139 -0.115593 0.010978 12.845295 96.0
30 7710.0 -0.80608 0.659837 0.0 -0.484317 1.794735 -19.226139 -0.115593 0.010978 12.845295 96.0
31 7710.0 -0.797149 0.64963 0.0 -0.469208 1.794735 -19.226139 -0.115593 0.010978 12.845295 96.0
32 7710.0 -0.798257 0.662747 0.0 -0.484333 1.794735 -19.226139 -0.115593 0.010978 12.845295 96.0
33 7710.0 -0.779241 0.667349 0.0 -0.481611 1.794735 -19.226139 -0.115593 0.010978 12.845295 96.0
34 7710.0 -0.778581 0.667001 0.0 -0.480948 1.794735 -19.226139 -0.115593 0.010978 12.845295 96.0
35 7710.0 -0.757762 0.655256 0.0 -0.459201 1.794735 -19.226139 -0.115593 0.010978 12.845295 96.0
36 7710.0 -0.775422 0.648393 0.0 -0.458834 1.794735 -19.226139 -0.115593 0.010978 12.845295 96.0
37 7710.0 -0.780064 0.654749 0.0 -0.467863 1.794735 -19.226139 -0.115593 0.010978 12.845295 96.0
38 7710.0 -0.774908 0.671584 0.0 -0.484553 1.794735 -19.226139 -0.115593 0.010978 12.845295 96.0
39 7710.0 -0.763488 0.638381 0.0 -0.442702 1.794735 -19.226139 -0.115593 0.010978 12.845295 96.0
40 7710.0 -0.77136 0.646513 0.0 -0.455053 1.794735 -19.226139 -0.115593 0.010978 12.845295 96.0
41 7710.0 -0.768071 0.639412 0.0 -0.445751 1.794735 -19.226139 -0.115593 0.010978 12.845295 96.0
42 7710.0 -0.762369 0.627781 0.0 -0.430387 1.794735 -19.226139 -0.115593 0.010978 12.845295 96.0
43 7710.0 -0.734252 0.597523 0.0 -0.385517 1.794735 -19.226139 -0.115593 0.010978 12.845295 96.0
44 7710.0 -0.736703 0.590851 0.0 -0.380224 1.794735 -19.226139 -0.115593 0.010978 12.845295 96.0
45 7710.0 -0.761146 0.581501 0.0 -0.382872 1.794735 -19.226139 -0.115593 0.010978 12.845295 96.0
46 7710.0 -0.75947 0.566556 0.0 -0.367581 1.794735 -19.226139 -0.115593 0.010978 12.845295 96.0
47 7710.0 -0.75289 0.556634 0.0 -0.354809 1.794735 -19.226139 -0.115593 0.010978 12.845295 96.0
48 7710.0 -0.762603 0.55946 0.0 -0.362203 1.794735 -19.226139 -0.115593 0.010978 12.845295 96.0
49 7710.0 -0.769057 0.548257 0.0 -0.354435 1.794735 -19.226139 -0.115593 0.010978 12.845295 96.0
50 7710.0 -0.770279 0.553008 0.0 -0.359626 1.794735 -19.226139 -0.115593 0.010978 12.845295 96.0
51 7710.0 -0.76029 0.550451 0.0 -0.352361 1.794735 -19.226139 -0.115593 0.010978 12.845295 96.0
52 7710.0 -0.750496 0.571001 0.0 -0.367589 1.794735 -19.226139 -0.115593 0.010978 12.845295 96.0
53 7710.0 -0.747053 0.554405 0.0 -0.349851 1.794735 -19.226139 -0.115593 0.010978 12.845295 96.0
54 7710.0 -0.729259 0.565326 0.0 -0.351911 1.794735 -19.226139 -0.115593 0.010978 12.845295 96.0
55 7710.0 -0.712211 0.540639 0.0 -0.319811 1.794735 -19.226139 -0.115593 0.010978 12.845295 96.0
56 7710.0 -0.731636 0.557586 0.0 -0.345548 1.794735 -19.226139 -0.115593 0.010978 12.845295 96.0
57 7710.0 -0.737155 0.58709 0.0 -0.376794 1.794735 -19.226139 -0.115593 0.010978 12.845295 96.0
58 7710.0 -0.739205 0.576233 0.0 -0.367251 1.794735 -19.226139 -0.115593 0.010978 12.845295 96.0
59 7710.0 -0.738824 0.553561 0.0 -0.34509 1.794735 -19.226139 -0.115593 0.010978 12.845295 96.0
60 7710.0 -0.696215 0.546794 0.0 -0.318112 1.794735 -19.226139 -0.115593 0.010978 12.845295 96.0
61 7710.0 -0.678149 0.539419 0.0 -0.298184 1.794735 -19.226139 -0.115593 0.010978 12.845295 96.0
62 7710.0 -0.663098 0.534241 0.0 -0.282749 1.794735 -19.226139 -0.115593 0.010978 12.845295 96.0
63 7710.0 -0.634507 0.533905 0.0 -0.264961 1.794735 -19.226139 -0.115593 0.010978 12.845295 96.0
64 7710.0 -0.626831 0.515468 0.0 -0.230789 1.794735 -19.226139 -0.115593 0.010978 12.845295 96.0
65 7710.0 -0.617215 0.499083 0.0 -0.193433 1.794735 -19.226139 -0.115593 0.010978 12.845295 96.0
66 7710.0 -0.60846 0.511993 0.0 -0.206932 1.794735 -19.226139 -0.115593 0.010978 12.845295 96.0
67 7710.0 -0.582185 0.525163 0.0 -0.203778 1.794735 -19.226139 -0.115593 0.010978 12.845295 96.0
68 7710.0 -0.574318 0.52175 0.0 -0.190275 1.794735 -19.226139 -0.115593 0.010978 12.845295 96.0
69 7710.0 -0.565381 0.513548 0.0 -0.172896 1.794735 -19.226139 -0.115593 0.010978 12.845295 96.0
70 7710.0 -0.532173 0.505693 0.0 -0.139294 1.794735 -19.226139 -0.115593 0.010978 12.845295 96.0
71 7710.0 -0.52247 0.525838 0.0 -0.159909 1.794735 -19.226139 -0.115593 0.010978 12.845295 96.0
72 7710.0 -0.522129 0.494476 0.0 -0.117385 1.794735 -19.226139 -0.115593 0.010978 12.845295 96.0
73 7710.0 -0.502289 0.487379 0.0 -0.102854 1.794735 -19.226139 -0.115593 0.010978 12.845295 96.0
74 7710.0 -0.508481 0.493785 0.0 -0.111255 1.794735 -19.226139 -0.115593 0.010978 12.845295 96.0
75 7710.0 -0.49022 0.501446 0.0 -0.111228 1.794735 -19.226139 -0.115593 0.010978 12.845295 96.0
76 7710.0 -0.487527 0.509684 0.0 -0.118036 1.794735 -19.226139 -0.115593 0.010978 12.845295 96.0
77 7710.0 -0.462571 0.533395 0.0 -0.130954 1.794735 -19.226139 -0.115593 0.010978 12.845295 96.0
78 7710.0 -0.451701 0.530525 0.0 -0.124002 1.794735 -19.226139 -0.115593 0.010978 12.845295 96.0
79 7710.0 -0.447471 0.536311 0.0 -0.127875 1.794735 -19.226139 -0.115593 0.010978 12.845295 96.0
80 7710.0 -0.429964 0.504332 0.0 -0.090604 1.794735 -19.226139 -0.115593 0.010978 12.845295 96.0
81 7710.0 -0.424166 0.516186 0.0 -0.099652 1.794735 -19.226139 -0.115593 0.010978 12.845295 96.0
82 7710.0 -0.401636 0.516841 0.0 -0.091537 1.794735 -19.226139 -0.115593 0.010978 12.845295 96.0
83 7710.0 -0.37242 0.528328 0.0 -0.091151 1.794735 -19.226139 -0.115593 0.010978 12.845295 96.0
84 7710.0 -0.382676 0.538397 0.0 -0.104727 1.794735 -19.226139 -0.115593 0.010978 12.845295 96.0
85 7710.0 -0.395149 0.550653 0.0 -0.121247 1.794735 -19.226139 -0.115593 0.010978 12.845295 96.0
86 7710.0 -0.409766 0.549215 0.0 -0.125547 1.794735 -19.226139 -0.115593 0.010978 12.845295 96.0
87 7710.0 -0.403039 0.537219 0.0 -0.111504 1.794735 -19.226139 -0.115593 0.010978 12.845295 96.0
88 7710.0 -0.402548 0.504341 0.0 -0.079976 1.794735 -19.226139 -0.115593 0.010978 12.845295 96.0
89 7710.0 -0.404716 0.504042 0.0 -0.080532 1.794735 -19.226139 -0.115593 0.010978 12.845295 96.0
90 7710.0 -0.389101 0.494831 0.0 -0.065695 1.794735 -19.226139 -0.115593 0.010978 12.845295 96.0
91 7710.0 -0.354145 0.500941 0.0 -0.057958 1.794735 -19.226139 -0.115593 0.010978 12.845295 96.0
92 7710.0 -0.338314 0.508259 0.0 -0.058791 1.794735 -19.226139 -0.115593 0.010978 12.845295 96.0
93 7710.0 -0.328494 0.500592 0.0 -0.047674 1.794735 -19.226139 -0.115593 0.010978 12.845295 96.0
94 7710.0 -0.315941 0.50851 0.0 -0.050351 1.794735 -19.226139 -0.115593 0.010978 12.845295 96.0
95 7710.0 -0.304169 0.514571 0.0 -0.051561 1.794735 -19.226139 -0.115593 0.010978 12.845295 96.0
96 7710.0 -0.286777 0.513525 0.0 -0.043817 1.794735 -19.226139 -0.115593 0.010978 12.845295 96.0
97 7710.0 -0.289195 0.492908 0.0 -0.027401 1.794735 -19.226139 -0.115593 0.010978 12.845295 96.0
98 7710.0 -0.306077 0.49676 0.0 -0.035721 1.794735 -19.226139 -0.115593 0.010978 12.845295 96.0
99 7710.0 -0.285954 0.493456 0.0 -0.02684 1.794735 -19.226139 -0.115593 0.010978 12.845295 96.0
100 7710.0 -0.30059 0.492637 0.0 -0.030706 1.794735 -19.226139 -0.115593 0.010978 12.845295 96.0
101 7710.0 -0.320944 0.485287 0.0 -0.031083 1.794735 -19.226139 -0.115593 0.010978 12.845295 96.0
102 7710.0 -0.291483 0.489669 0.0 -0.025501 1.794735 -19.226139 -0.115593 0.010978 12.845295 96.0
103 7710.0 -0.280535 0.491174 0.0 -0.023328 1.794735 -19.226139 -0.115593 0.010978 12.845295 96.0
104 7710.0 -0.273974 0.514728 0.0 -0.040259 1.794735 -19.226139 -0.115593 0.010978 12.845295 96.0
105 7710.0 -0.288243 0.509314 0.0 -0.040373 1.794735 -19.226139 -0.115593 0.010978 12.845295 96.0
106 7710.0 -0.26807 0.508137 0.0 -0.033128 1.794735 -19.226139 -0.115593 0.010978 12.845295 96.0
107 7710.0 -0.273007 0.49557 0.0 -0.024539 1.794735 -19.226139 -0.115593 0.010978 12.845295 96.0
108 7710.0 -0.278194 0.505228 0.0 -0.033917 1.794735 -19.226139 -0.115593 0.010978 12.845295 96.0
109 7710.0 -0.270742 0.500183 0.0 -0.027552 1.794735 -19.226139 -0.115593 0.010978 12.845295 96.0
110 7710.0 -0.270201 0.491352 0.0 -0.020276 1.794735 -19.226139 -0.115593 0.010978 12.845295 96.0
111 7710.0 -0.238968 0.48901 0.0 -0.008735 1.794735 -19.226139 -0.115593 0.010978 12.845295 96.0
112 7710.0 -0.241993 0.515183 0.0 -0.030738 1.794735 -19.226139 -0.115593 0.010978 12.845295 96.0
113 7710.0 -0.248842 0.523526 0.0 -0.039571 1.794735 -19.226139 -0.115593 0.010978 12.845295 96.0
114 7710.0 -0.215708 0.511566 0.0 -0.019699 1.794735 -19.226139 -0.115593 0.010978 12.845295 96.0
115 7710.0 -0.20363 0.522083 0.0 -0.024432 1.794735 -19.226139 -0.115593 0.010978 12.845295 96.0
116 7710.0 -0.173225 0.501598 0.0 0.001459 1.794735 -19.226139 -0.115593 0.010978 12.845295 96.0
117 7710.0 -0.166449 0.521263 0.0 -0.012276 1.794735 -19.226139 -0.115593 0.010978 12.845295 96.0
118 7710.0 -0.161261 0.481276 0.0 0.019673 1.794735 -19.226139 -0.115593 0.010978 12.845295 96.0
119 7710.0 -0.139752 0.464635 0.0 0.03079 1.794735 -19.226139 -0.115593 0.010978 12.845295 96.0
120 7710.0 -0.109354 0.506027 0.0 0.012779 1.794735 -19.226139 -0.115593 0.010978 12.845295 96.0
121 7710.0 -0.081568 0.50569 0.0 0.011199 1.794735 -19.226139 -0.115593 0.010978 12.845295 96.0
122 7710.0 -0.060159 0.538996 0.0 -0.003106 1.794735 -19.226139 -0.115593 0.010978 12.845295 96.0
123 7710.0 -0.065666 0.52896 0.0 0.001146 1.794735 -19.226139 -0.115593 0.010978 12.845295 96.0
124 7710.0 -0.064161 0.531497 0.0 6.5e-05 1.794735 -19.226139 -0.115593 0.010978 12.845295 96.0
125 7710.0 -0.096846 0.520273 0.0 0.005448 1.794735 -19.226139 -0.115593 0.010978 12.845295 96.0
126 7710.0 -0.085868 0.511448 0.0 0.009219 1.794735 -19.226139 -0.115593 0.010978 12.845295 96.0
127 7710.0 -0.080444 0.499878 0.0 0.013396 1.794735 -19.226139 -0.115593 0.010978 12.845295 96.0
128 7710.0 -0.070787 0.495359 0.0 0.014563 1.794735 -19.226139 -0.115593 0.010978 12.845295 96.0
129 7710.0 -0.048049 0.497486 0.0 0.012333 1.794735 -19.226139 -0.115593 0.010978 12.845295 96.0
130 7710.0 -0.04128 0.515061 0.0 0.005063 1.794735 -19.226139 -0.115593 0.010978 12.845295 96.0
131 7710.0 -0.032856 0.493169 0.0 0.01308 1.794735 -19.226139 -0.115593 0.010978 12.845295 96.0
132 7710.0 -0.022357 0.507719 0.0 0.00676 1.794735 -19.226139 -0.115593 0.010978 12.845295 96.0
133 7710.0 -0.02041 0.491477 0.0 0.012973 1.794735 -19.226139 -0.115593 0.010978 12.845295 96.0
134 7710.0 -0.04073 0.482988 0.0 0.017535 1.794735 -19.226139 -0.115593 0.010978 12.845295 96.0
135 7710.0 -0.032266 0.476225 0.0 0.01965 1.794735 -19.226139 -0.115593 0.010978 12.845295 96.0
136 7710.0 -0.042403 0.484836 0.0 0.016917 1.794735 -19.226139 -0.115593 0.010978 12.845295 96.0
137 7710.0 -0.035739 0.492592 0.0 0.013483 1.794735 -19.226139 -0.115593 0.010978 12.845295 96.0
138 7710.0 -0.020216 0.500743 0.0 0.009348 1.794735 -19.226139 -0.115593 0.010978 12.845295 96.0
139 7710.0 -0.002088 0.513306 0.0 0.003333 1.794735 -19.226139 -0.115593 0.010978 12.845295 96.0
140 7710.0 0.00306 0.510884 0.0 0.00396 1.794735 -19.226139 -0.115593 0.010978 12.845295 96.0
141 7710.0 0.021453 0.484112 0.0 0.013266 1.794735 -19.226139 -0.115593 0.010978 12.845295 96.0
142 7710.0 0.041471 0.484541 0.0 0.011865 1.794735 -19.226139 -0.115593 0.010978 12.845295 96.0
143 7710.0 0.066363 0.481448 0.0 0.011702 1.794735 -19.226139 -0.115593 0.010978 12.845295 96.0
144 7710.0 0.095825 0.485598 0.0 0.009855 1.794735 -19.226139 -0.115593 0.010978 12.845295 96.0
145 7710.0 0.101314 0.50612 0.0 0.003288 1.794735 -19.226139 -0.115593 0.010978 12.845295 96.0
146 7710.0 0.097803 0.49244 0.0 0.007566 1.794735 -19.226139 -0.115593 0.010978 12.845295 96.0
147 7710.0 0.11555 0.49236 0.0 0.007222 1.794735 -19.226139 -0.115593 0.010978 12.845295 96.0
148 7710.0 0.129873 0.500717 0.0 0.004357 1.794735 -19.226139 -0.115593 0.010978 12.845295 96.0
149 7710.0 0.150557 0.514151 0.0 0.007399 1.794735 -19.226139 -0.115593 0.010978 12.845295 96.0
150 7710.0 0.160387 0.522131 0.0 0.009224 1.794735 -19.226139 -0.115593 0.010978 12.845295 96.0
151 7710.0 0.166124 0.535634 0.0 0.010572 1.794735 -19.226139 -0.115593 0.010978 12.845295 96.0
152 7710.0 0.185023 0.534983 0.0 0.013691 1.794735 -19.226139 -0.115593 0.010978 12.845295 96.0
153 7710.0 0.201402 0.525756 0.0 0.020496 1.794735 -19.226139 -0.115593 0.010978 12.845295 96.0
154 7710.0 0.19761 0.520452 0.0 0.015115 1.794735 -19.226139 -0.115593 0.010978 12.845295 96.0
155 7710.0 0.190281 0.512098 0.0 0.013677 1.794735 -19.226139 -0.115593 0.010978 12.845295 96.0
156 7710.0 0.194548 0.518533 0.0 0.014565 1.794735 -19.226139 -0.115593 0.010978 12.845295 96.0
157 7710.0 0.194743 0.521319 0.0 0.014685 1.794735 -19.226139 -0.115593 0.010978 12.845295 96.0
158 7710.0 0.200137 0.521661 0.0 0.017368 1.794735 -19.226139 -0.115593 0.010978 12.845295 96.0
159 7710.0 0.207624 0.509179 0.0 0.016354 1.794735 -19.226139 -0.115593 0.010978 12.845295 96.0
160 7710.0 0.206775 0.528005 0.0 0.025585 1.794735 -19.226139 -0.115593 0.010978 12.845295 96.0
161 7710.0 0.21296 0.546607 0.0 0.040111 1.794735 -19.226139 -0.115593 0.010978 12.845295 96.0
162 7710.0 0.207142 0.503536 0.0 0.016471 1.794735 -19.226139 -0.115593 0.010978 12.845295 96.0
163 7710.0 0.229782 0.503436 0.0 0.029751 1.794735 -19.226139 -0.115593 0.010978 12.845295 96.0
164 7710.0 0.239478 0.481621 0.0 0.028111 1.794735 -19.226139 -0.115593 0.010978 12.845295 96.0
165 7710.0 0.238535 0.476506 0.0 0.025337 1.794735 -19.226139 -0.115593 0.010978 12.845295 96.0
166 7710.0 0.246516 0.48961 0.0 0.036575 1.794735 -19.226139 -0.115593 0.010978 12.845295 96.0
167 7710.0 0.239797 0.475691 0.0 0.025944 1.794735 -19.226139 -0.115593 0.010978 12.845295 96.0
168 7710.0 0.224972 0.473217 0.0 0.022871 1.794735 -19.226139 -0.115593 0.010978 12.845295 96.0
169 7710.0 0.241625 0.47104 0.0 0.026128 1.794735 -19.226139 -0.115593 0.010978 12.845295 96.0
170 7710.0 0.241849 0.480764 0.0 0.029524 1.794735 -19.226139 -0.115593 0.010978 12.845295 96.0
171 7710.0 0.24288 0.484766 0.0 0.031912 1.794735 -19.226139 -0.115593 0.010978 12.845295 96.0
172 7710.0 0.248546 0.474847 0.0 0.0321 1.794735 -19.226139 -0.115593 0.010978 12.845295 96.0
173 7710.0 0.216688 0.504598 0.0 0.020497 1.794735 -19.226139 -0.115593 0.010978 12.845295 96.0
174 7710.0 0.240833 0.51225 0.0 0.041592 1.794735 -19.226139 -0.115593 0.010978 12.845295 96.0
175 7710.0 0.250458 0.501565 0.0 0.044349 1.794735 -19.226139 -0.115593 0.010978 12.845295 96.0
176 7710.0 0.253793 0.507309 0.0 0.049155 1.794735 -19.226139 -0.115593 0.010978 12.845295 96.0
177 7710.0 0.264347 0.486888 0.0 0.048716 1.794735 -19.226139 -0.115593 0.010978 12.845295 96.0
178 7710.0 0.276729 0.524588 0.0 0.074133 1.794735 -19.226139 -0.115593 0.010978 12.845295 96.0
179 7710.0 0.287841 0.503205 0.0 0.072778 1.794735 -19.226139 -0.115593 0.010978 12.845295 96.0
180 7710.0 0.341945 0.483776 0.0 0.105087 1.794735 -19.226139 -0.115593 0.010978 12.845295 96.0
181 7710.0 0.366786 0.502294 0.0 0.131041 1.794735 -19.226139 -0.115593 0.010978 12.845295 96.0
182 7710.0 0.367692 0.519626 0.0 0.13874 1.794735 -19.226139 -0.115593 0.010978 12.845295 96.0
183 7710.0 0.40994 0.534056 0.0 0.175965 1.794735 -19.226139 -0.115593 0.010978 12.845295 96.0
184 7710.0 0.427184 0.52624 0.0 0.185605 1.794735 -19.226139 -0.115593 0.010978 12.845295 96.0
185 7710.0 0.433824 0.543931 0.0 0.200272 1.794735 -19.226139 -0.115593 0.010978 12.845295 96.0
186 7710.0 0.428442 0.540165 0.0 0.19332 1.794735 -19.226139 -0.115593 0.010978 12.845295 96.0
187 7710.0 0.435647 0.571989 0.0 0.22179 1.794735 -19.226139 -0.115593 0.010978 12.845295 96.0
188 7710.0 0.444032 0.568226 0.0 0.226259 1.794735 -19.226139 -0.115593 0.010978 12.845295 96.0
189 7710.0 0.450678 0.556427 0.0 0.22353 1.794735 -19.226139 -0.115593 0.010978 12.845295 96.0
190 7710.0 0.464216 0.559846 0.0 0.237502 1.794735 -19.226139 -0.115593 0.010978 12.845295 96.0
191 7710.0 0.479547 0.551386 0.0 0.244551 1.794735 -19.226139 -0.115593 0.010978 12.845295 96.0
192 7710.0 0.476993 0.553825 0.0 0.244109 1.794735 -19.226139 -0.115593 0.010978 12.845295 96.0
193 7710.0 0.465937 0.557804 0.0 0.237515 1.794735 -19.226139 -0.115593 0.010978 12.845295 96.0
194 7710.0 0.448353 0.56793 0.0 0.229731 1.794735 -19.226139 -0.115593 0.010978 12.845295 96.0
195 7710.0 0.462622 0.58037 0.0 0.250746 1.794735 -19.226139 -0.115593 0.010978 12.845295 96.0
196 7710.0 0.458731 0.59227 0.0 0.255897 1.794735 -19.226139 -0.115593 0.010978 12.845295 96.0
197 7710.0 0.448621 0.597338 0.0 0.250884 1.794735 -19.226139 -0.115593 0.010978 12.845295 96.0
198 7710.0 0.457466 0.579622 0.0 0.245819 1.794735 -19.226139 -0.115593 0.010978 12.845295 96.0
199 7710.0 0.462964 0.583257 0.0 0.253092 1.794735 -19.226139 -0.115593 0.010978 12.845295 96.0
200 7710.0 0.452946 0.588777 0.0 0.24848 1.794735 -19.226139 -0.115593 0.010978 12.845295 96.0
201 7710.0 0.470161 0.556637 0.0 0.240286 1.794735 -19.226139 -0.115593 0.010978 12.845295 96.0
202 7710.0 0.477501 0.557208 0.0 0.246949 1.794735 -19.226139 -0.115593 0.010978 12.845295 96.0
203 7710.0 0.496135 0.560131 0.0 0.264913 1.794735 -19.226139 -0.115593 0.010978 12.845295 96.0
204 7710.0 0.495777 0.536309 0.0 0.249997 1.794735 -19.226139 -0.115593 0.010978 12.845295 96.0
205 7710.0 0.515144 0.534751 0.0 0.26604 1.794735 -19.226139 -0.115593 0.010978 12.845295 96.0
206 7710.0 0.520556 0.538333 0.0 0.272835 1.794735 -19.226139 -0.115593 0.010978 12.845295 96.0
207 7710.0 0.537182 0.556803 0.0 0.298005 1.794735 -19.226139 -0.115593 0.010978 12.845295 96.0
208 7710.0 0.5282 0.544615 0.0 0.283136 1.794735 -19.226139 -0.115593 0.010978 12.845295 96.0
209 7710.0 0.51191 0.527141 0.0 0.258832 1.794735 -19.226139 -0.115593 0.010978 12.845295 96.0
210 7710.0 0.541393 0.569205 0.0 0.309947 1.794735 -19.226139 -0.115593 0.010978 12.845295 96.0
211 7710.0 0.524397 0.556274 0.0 0.286518 1.794735 -19.226139 -0.115593 0.010978 12.845295 96.0
212 7710.0 0.531327 0.55497 0.0 0.29183 1.794735 -19.226139 -0.115593 0.010978 12.845295 96.0
213 7710.0 0.538321 0.56806 0.0 0.306514 1.794735 -19.226139 -0.115593 0.010978 12.845295 96.0
214 7710.0 0.498891 0.573917 0.0 0.277071 1.794735 -19.226139 -0.115593 0.010978 12.845295 96.0
215 7710.0 0.48639 0.591949 0.0 0.279245 1.794735 -19.226139 -0.115593 0.010978 12.845295 96.0
216 7710.0 0.485105 0.581687 0.0 0.270848 1.794735 -19.226139 -0.115593 0.010978 12.845295 96.0
217 7710.0 0.464723 0.575999 0.0 0.249427 1.794735 -19.226139 -0.115593 0.010978 12.845295 96.0
218 7710.0 0.463366 0.588684 0.0 0.257296 1.794735 -19.226139 -0.115593 0.010978 12.845295 96.0
219 7710.0 0.47443 0.584387 0.0 0.263669 1.794735 -19.226139 -0.115593 0.010978 12.845295 96.0
220 7710.0 0.479426 0.602216 0.0 0.280613 1.794735 -19.226139 -0.115593 0.010978 12.845295 96.0
221 7710.0 0.515251 0.601907 0.0 0.310932 1.794735 -19.226139 -0.115593 0.010978 12.845295 96.0
222 7710.0 0.525354 0.592398 0.0 0.312777 1.794735 -19.226139 -0.115593 0.010978 12.845295 96.0
223 7710.0 0.554828 0.611551 0.0 0.351529 1.794735 -19.226139 -0.115593 0.010978 12.845295 96.0
224 7710.0 0.549323 0.629312 0.0 0.359473 1.794735 -19.226139 -0.115593 0.010978 12.845295 96.0
225 7710.0 0.552912 0.611475 0.0 0.349841 1.794735 -19.226139 -0.115593 0.010978 12.845295 96.0
226 7710.0 0.56412 0.605391 0.0 0.355066 1.794735 -19.226139 -0.115593 0.010978 12.845295 96.0
227 7710.0 0.572013 0.58301 0.0 0.34587 1.794735 -19.226139 -0.115593 0.010978 12.845295 96.0
228 7710.0 0.569998 0.589219 0.0 0.348571 1.794735 -19.226139 -0.115593 0.010978 12.845295 96.0
229 7710.0 0.565179 0.597342 0.0 0.350243 1.794735 -19.226139 -0.115593 0.010978 12.845295 96.0
230 7710.0 0.567335 0.608719 0.0 0.360175 1.794735 -19.226139 -0.115593 0.010978 12.845295 96.0
231 7710.0 0.583379 0.606387 0.0 0.372191 1.794735 -19.226139 -0.115593 0.010978 12.845295 96.0
232 7710.0 0.612368 0.604208 0.0 0.395352 1.794735 -19.226139 -0.115593 0.010978 12.845295 96.0
233 7710.0 0.617496 0.613274 0.0 0.406174 1.794735 -19.226139 -0.115593 0.010978 12.845295 96.0
234 7710.0 0.620733 0.594277 0.0 0.395416 1.794735 -19.226139 -0.115593 0.010978 12.845295 96.0
235 7710.0 0.608671 0.605596 0.0 0.393188 1.794735 -19.226139 -0.115593 0.010978 12.845295 96.0
236 7710.0 0.617829 0.624249 0.0 0.414266 1.794735 -19.226139 -0.115593 0.010978 12.845295 96.0
237 7710.0 0.611628 0.625079 0.0 0.40957 1.794735 -19.226139 -0.115593 0.010978 12.845295 96.0
238 7710.0 0.634692 0.602483 0.0 0.413154 1.794735 -19.226139 -0.115593 0.010978 12.845295 96.0
239 7710.0 0.642382 0.589583 0.0 0.41053 1.794735 -19.226139 -0.115593 0.010978 12.845295 96.0
240 7710.0 0.659924 0.599788 0.0 0.432744 1.794735 -19.226139 -0.115593 0.010978 12.845295 96.0
241 7710.0 0.694971 0.622043 0.0 0.478453 1.794735 -19.226139 -0.115593 0.010978 12.845295 96.0
242 7710.0 0.707107 0.635816 0.0 0.498597 1.794735 -19.226139 -0.115593 0.010978 12.845295 96.0
243 7710.0 0.730326 0.647038 0.0 0.526374 1.794735 -19.226139 -0.115593 0.010978 12.845295 96.0
244 7710.0 0.736628 0.654663 0.0 0.537171 1.794735 -19.226139 -0.115593 0.010978 12.845295 96.0
245 7710.0 0.757307 0.649204 0.0 0.550914 1.794735 -19.226139 -0.115593 0.010978 12.845295 96.0
246 7710.0 0.743574 0.673304 0.0 0.556355 1.794735 -19.226139 -0.115593 0.010978 12.845295 96.0
247 7710.0 0.729683 0.660027 0.0 0.535068 1.794735 -19.226139 -0.115593 0.010978 12.845295 96.0
248 7710.0 0.7582 0.666929 0.0 0.564287 1.794735 -19.226139 -0.115593 0.010978 12.845295 96.0
249 7710.0 0.736062 0.674375 0.0 0.550715 1.794735 -19.226139 -0.115593 0.010978 12.845295 96.0
250 7710.0 0.729999 0.680104 0.0 0.549622 1.794735 -19.226139 -0.115593 0.010978 12.845295 96.0
251 7710.0 0.721675 0.699178 0.0 0.556098 1.794735 -19.226139 -0.115593 0.010978 12.845295 96.0
252 7710.0 0.710648 0.694768 0.0 0.543561 1.794735 -19.226139 -0.115593 0.010978 12.845295 96.0
253 7710.0 0.699668 0.700664 0.0 0.538396 1.794735 -19.226139 -0.115593 0.010978 12.845295 96.0
254 7710.0 0.716133 0.719611 0.0 0.565912 1.794735 -19.226139 -0.115593 0.010978 12.845295 96.0
255 7710.0 0.739085 0.705077 0.0 0.575136 1.794735 -19.226139 -0.115593 0.010978 12.845295 96.0
256 7710.0 0.771376 0.712501 0.0 0.607943 1.794735 -19.226139 -0.115593 0.010978 12.845295 96.0
257 7710.0 0.767709 0.712538 0.0 0.604844 1.794735 -19.226139 -0.115593 0.010978 12.845295 96.0
258 7710.0 0.775914 0.715601 0.0 0.614017 1.794735 -19.226139 -0.115593 0.010978 12.845295 96.0
259 7710.0 0.769073 0.711592 0.0 0.605334 1.794735 -19.226139 -0.115593 0.010978 12.845295 96.0
260 7710.0 0.770414 0.725252 0.0 0.616196 1.794735 -19.226139 -0.115593 0.010978 12.845295 96.0
261 7710.0 0.789316 0.737674 0.0 0.641539 1.794735 -19.226139 -0.115593 0.010978 12.845295 96.0
262 7710.0 0.813893 0.720069 0.0 0.65 1.794735 -19.226139 -0.115593 0.010978 12.845295 96.0
263 7710.0 0.794608 0.74321 0.0 0.650204 1.794735 -19.226139 -0.115593 0.010978 12.845295 96.0
264 7710.0 0.784915 0.759789 0.0 0.653937 1.794735 -19.226139 -0.115593 0.010978 12.845295 96.0
265 7710.0 0.808604 0.787587 0.0 0.694939 1.794735 -19.226139 -0.115593 0.010978 12.845295 96.0
266 7710.0 0.805927 0.822251 0.0 0.718044 1.794735 -19.226139 -0.115593 0.010978 12.845295 96.0
267 7710.0 0.811255 0.805242 0.0 0.710199 1.794735 -19.226139 -0.115593 0.010978 12.845295 96.0
268 7710.0 0.814407 0.803579 0.0 0.711721 1.794735 -19.226139 -0.115593 0.010978 12.845295 96.0
269 7710.0 0.844422 0.805106 0.0 0.73895 1.794735 -19.226139 -0.115593 0.010978 12.845295 96.0
270 7710.0 0.84334 0.824056 0.0 0.751913 1.794735 -19.226139 -0.115593 0.010978 12.845295 96.0
271 7710.0 0.849682 0.841121 0.0 0.769949 1.794735 -19.226139 -0.115593 0.010978 12.845295 96.0
272 7710.0 0.844864 0.874917 0.0 0.790556 1.794735 -19.226139 -0.115593 0.010978 12.845295 96.0
273 7710.0 0.857181 0.884729 0.0 0.808469 1.794735 -19.226139 -0.115593 0.010978 12.845295 96.0
274 7710.0 0.854947 0.892217 0.0 0.81202 1.794735 -19.226139 -0.115593 0.010978 12.845295 96.0
275 7710.0 0.883334 0.891909 0.0 0.836487 1.794735 -19.226139 -0.115593 0.010978 12.845295 96.0
276 7710.0 0.885693 0.935884 0.0 0.870608 1.794735 -19.226139 -0.115593 0.010978 12.845295 96.0
277 7710.0 0.901622 0.940026 0.0 0.887209 1.794735 -19.226139 -0.115593 0.010978 12.845295 96.0
278 7710.0 0.898032 0.965092 0.0 0.902056 1.794735 -19.226139 -0.115593 0.010978 12.845295 96.0
279 7710.0 0.912622 0.982057 0.0 0.925659 1.794735 -19.226139 -0.115593 0.010978 12.845295 96.0
280 7710.0 0.916867 1.002672 0.0 0.934902 1.794735 -19.226139 -0.115593 0.010978 12.845295 96.0
281 7710.0 0.919032 1.005402 0.0 0.935835 1.794735 -19.226139 -0.115593 0.010978 12.845295 96.0
282 7710.0 0.911705 1.016265 0.0 0.931183 1.794735 -19.226139 -0.115593 0.010978 12.845295 96.0
283 7710.0 0.92126 1.021192 0.0 0.936872 1.794735 -19.226139 -0.115593 0.010978 12.845295 96.0
284 7710.0 0.943898 1.027935 0.0 0.946553 1.794735 -19.226139 -0.115593 0.010978 12.845295 96.0
285 7710.0 0.962578 1.062096 0.0 0.955237 1.794735 -19.226139 -0.115593 0.010978 12.845295 96.0
286 7710.0 0.979113 1.075511 0.0 0.96255 1.794735 -19.226139 -0.115593 0.010978 12.845295 96.0
287 7710.0 0.943012 1.061944 0.0 0.946935 1.794735 -19.226139 -0.115593 0.010978 12.845295 96.0
