 time p.x p.y p.z deep.node-0 CV opes.bias opes.rct opes.zed opes.neff opes.nker
0 8715.0 -0.858887 1.13797 0.0 -0.884715 1.722401 -18.225297 -0.127906 0.009849 12.845295 107.0
1 8715.0 -0.874455 1.119925 0.0 -0.878302 1.722401 -18.225297 -0.127906 0.009849 12.845295 107.0
2 8715.0 -0.894214 1.105108 0.0 -0.874921 1.722401 -18.225297 -0.127906 0.009849 12.845295 107.0
3 8715.0 -0.912975 1.078723 0.0 -0.864464 1.722401 -18.225297 -0.127906 0.009849 12.845295 107.0
4 8715.0 -0.917821 1.083852 0.0 -0.868791 1.722401 -18.225297 -0.127906 0.009849 12.845295 107.0
5 8715.0 -0.953915 1.070939 0.0 -0.870943 1.722401 -18.225297 -0.127906 0.009849 12.845295 107.0
6 8715.0 -0.928077 1.039695 0.0 -0.845579 1.722401 -18.225297 -0.127906 0.009849 12.845295 107.0
7 8715.0 -0.926157 1.017984 0.0 -0.832358 1.722401 -18.225297 -0.127906 0.009849 12.845295 107.0
8 8715.0 -0.922463 0.98739 0.0 -0.813337 1.722401 -18.225297 -0.127906 0.009849 12.845295 107.0
9 8715.0 -0.932092 0.973026 0.0 -0.807457 1.722401 -18.225297 -0.127906 0.009849 12.845295 107.0
10 8715.0 -0.908635 0.921628 0.0 -0.763336 1.722401 -18.225297 -0.127906 0.009849 12.845295 107.0
11 8715.0 -0.916363 0.903604 0.0 -0.750422 1.722401 -18.225297 -0.127906 0.009849 12.845295 107.0
12 8715.0 -0.931808 0.87774 0.0 -0.733231 1.722401 -18.225297 -0.127906 0.009849 12.845295 107.0
13 8715.0 -0.932438 0.865296 0.0 -0.722614 1.722401 -18.225297 -0.127906 0.009849 12.845295 107.0
14 8715.0 -0.892842 0.855001 0.0 -0.700284 1.722401 -18.225297 -0.127906 0.009849 12.845295 107.0
15 8715.0 -0.873368 0.841838 0.0 -0.682238 1.722401 -18.225297 -0.127906 0.009849 12.845295 107.0
16 8715.0 -0.867758 0.819391 0.0 -0.660771 1.722401 -18.225297 -0.127906 0.009849 12.845295 107.0
17 8715.0 -0.863603 0.800315 0.0 -0.642734 1.722401 -18.225297 -0.127906 0.009849 12.845295 107.0
18 8715.0 -0.844193 0.788531 0.0 -0.625913 1.722401 -18.225297 -0.127906 0.009849 12.845295 107.0
19 8715.0 -0.85081 0.762935 0.0 -0.605852 1.722401 -18.225297 -0.127906 0.009849 12.845295 107.0
20 8715.0 -0.842727 0.75274 0.0 -0.59426 1.722401 -18.225297 -0.127906 0.009849 12.845295 107.0
21 8715.0 -0.859257 0.752355 0.0 -0.599509 1.722401 -18.225297 -0.127906 0.009849 12.845295 107.0
22 8715.0 -0.875553 0.757793 0.0 -0.60974 1.722401 -18.225297 -0.127906 0.009849 12.845295 107.0
23 8715.0 -0.859017 0.764994 0.0 -0.610413 1.722401 -18.225297 -0.127906 0.009849 12.845295 107.0
24 8715.0 -0.835003 0.752504 0.0 -0.591447 1.722401 -18.225297 -0.127906 0.009849 12.845295 107.0
25 8715.0 -0.827142 0.722697 0.0 -0.5623 1.722401 -18.225297 -0.127906 0.009849 12.845295 107.0
26 8715.0 -0.828165 0.684337 0.0 -0.520563 1.722401 -18.225297 -0.127906 0.009849 12.845295 107.0
27 8715.0 -0.826833 0.676886 0.0 -0.51187 1.722401 -18.225297 -0.127906 0.009849 12.845295 107.0
28 8715.0 -0.83352 0.667772 0.0 -0.504418 1.722401 -18.225297 -0.127906 0.009849 12.845295 107.0
29 8715.0 -0.822246 0.673224 0.0 -0.505974 1.722401 -18.225297 -0.127906 0.009849 12.845295 107.0
30 8715.0 -0.834966 0.685103 0.0 -0.524005 1.722401 -18.225297 -0.127906 0.009849 12.845295 107.0
31 8715.0 -0.825903 0.662263 0.0 -0.495231 1.722401 -18.225297 -0.127906 0.009849 12.845295 107.0
32 8715.0 -0.831651 0.669166 0.0 -0.505234 1.722401 -18.225297 -0.127906 0.009849 12.845295 107.0
33 8715.0 -0.836685 0.643905 0.0 -0.479564 1.722401 -18.225297 -0.127906 0.009849 12.845295 107.0
34 8715.0 -0.807638 0.658519 0.0 -0.483487 1.722401 -18.225297 -0.127906 0.009849 12.845295 107.0
35 8715.0 -0.790108 0.658832 0.0 -0.476583 1.722401 -18.225297 -0.127906 0.009849 12.845295 107.0
36 8715.0 -0.781682 0.647253 0.0 -0.460151 1.722401 -18.225297 -0.127906 0.009849 12.845295 107.0
37 8715.0 -0.774471 0.629222 0.0 -0.437005 1.722401 -18.225297 -0.127906 0.009849 12.845295 107.0
38 8715.0 -0.781723 0.646614 0.0 -0.459452 1.722401 -18.225297 -0.127906 0.009849 12.845295 107.0
39 8715.0 -0.775125 0.664649 0.0 -0.476889 1.722401 -18.225297 -0.127906 0.009849 12.845295 107.0
40 8715.0 -0.771582 0.626342 0.0 -0.43259 1.722401 -18.225297 -0.127906 0.009849 12.845295 107.0
41 8715.0 -0.778575 0.617874 0.0 -0.426484 1.722401 -18.225297 -0.127906 0.009849 12.845295 107.0
42 8715.0 -0.786616 0.607505 0.0 -0.420285 1.722401 -18.225297 -0.127906 0.009849 12.845295 107.0
43 8715.0 -0.7748 0.592046 0.0 -0.399637 1.722401 -18.225297 -0.127906 0.009849 12.845295 107.0
44 8715.0 -0.758638 0.587899 0.0 -0.387873 1.722401 -18.225297 -0.127906 0.009849 12.845295 107.0
45 8715.0 -0.743923 0.595817 0.0 -0.388498 1.722401 -18.225297 -0.127906 0.009849 12.845295 107.0
46 8715.0 -0.754494 0.559064 0.0 -0.357933 1.722401 -18.225297 -0.127906 0.009849 12.845295 107.0
47 8715.0 -0.751104 0.546877 0.0 -0.344495 1.722401 -18.225297 -0.127906 0.009849 12.845295 107.0
48 8715.0 -0.738043 0.549396 0.0 -0.340679 1.722401 -18.225297 -0.127906 0.009849 12.845295 107.0
49 8715.0 -0.725663 0.575183 0.0 -0.359745 1.722401 -18.225297 -0.127906 0.009849 12.845295 107.0
50 8715.0 -0.701091 0.57443 0.0 -0.34724 1.722401 -18.225297 -0.127906 0.009849 12.845295 107.0
51 8715.0 -0.706458 0.595038 0.0 -0.370641 1.722401 -18.225297 -0.127906 0.009849 12.845295 107.0
52 8715.0 -0.724311 0.573056 0.0 -0.357035 1.722401 -18.225297 -0.127906 0.009849 12.845295 107.0
53 8715.0 -0.72839 0.592392 0.0 -0.377734 1.722401 -18.225297 -0.127906 0.009849 12.845295 107.0
54 8715.0 -0.713556 0.573154 0.0 -0.351976 1.722401 -18.225297 -0.127906 0.009849 12.845295 107.0
55 8715.0 -0.698036 0.576683 0.0 -0.34796 1.722401 -18.225297 -0.127906 0.009849 12.845295 107.0
56 8715.0 -0.694074 0.566165 0.0 -0.335866 1.722401 -18.225297 -0.127906 0.009849 12.845295 107.0
57 8715.0 -0.716129 0.577846 0.0 -0.357757 1.722401 -18.225297 -0.127906 0.009849 12.845295 107.0
58 8715.0 -0.745304 0.598231 0.0 -0.391499 1.722401 -18.225297 -0.127906 0.009849 12.845295 107.0
59 8715.0 -0.732561 0.617167 0.0 -0.406185 1.722401 -18.225297 -0.127906 0.009849 12.845295 107.0
60 8715.0 -0.702274 0.59591 0.0 -0.369885 1.722401 -18.225297 -0.127906 0.009849 12.845295 107.0
61 8715.0 -0.678626 0.591176 0.0 -0.354807 1.722401 -18.225297 -0.127906 0.009849 12.845295 107.0
62 8715.0 -0.678318 0.568766 0.0 -0.330837 1.722401 -18.225297 -0.127906 0.009849 12.845295 107.0
63 8715.0 -0.643004 0.550897 0.0 -0.290749 1.722401 -18.225297 -0.127906 0.009849 12.845295 107.0
64 8715.0 -0.654337 0.534269 0.0 -0.277457 1.722401 -18.225297 -0.127906 0.009849 12.845295 107.0
65 8715.0 -0.622496 0.542744 0.0 -0.268388 1.722401 -18.225297 -0.127906 0.009849 12.845295 107.0
66 8715.0 -0.609734 0.542845 0.0 -0.259823 1.722401 -18.225297 -0.127906 0.009849 12.845295 107.0
67 8715.0 -0.600901 0.556299 0.0 -0.273138 1.722401 -18.225297 -0.127906 0.009849 12.845295 107.0
68 8715.0 -0.580489 0.524084 0.0 -0.20028 1.722401 -18.225297 -0.127906 0.009849 12.845295 107.0
69 8715.0 -0.558744 0.542791 0.0 -0.212098 1.722401 -18.225297 -0.127906 0.009849 12.845295 107.0
70 8715.0 -0.566734 0.507913 0.0 -0.166352 1.722401 -18.225297 -0.127906 0.009849 12.845295 107.0
71 8715.0 -0.51968 0.492958 0.0 -0.114977 1.722401 -18.225297 -0.127906 0.009849 12.845295 107.0
72 8715.0 -0.530835 0.488918 0.0 -0.116074 1.722401 -18.225297 -0.127906 0.009849 12.845295 107.0
73 8715.0 -0.524647 0.483232 0.0 -0.107977 1.722401 -18.225297 -0.127906 0.009849 12.845295 107.0
74 8715.0 -0.512503 0.466346 0.0 -0.087504 1.722401 -18.225297 -0.127906 0.009849 12.845295 107.0
75 8715.0 -0.49868 0.463336 0.0 -0.079185 1.722401 -18.225297 -0.127906 0.009849 12.845295 107.0
76 8715.0 -0.471993 0.502408 0.0 -0.105075 1.722401 -18.225297 -0.127906 0.009849 12.845295 107.0
77 8715.0 -0.469646 0.502876 0.0 -0.10461 1.722401 -18.225297 -0.127906 0.009849 12.845295 107.0
78 8715.0 -0.462127 0.500791 0.0 -0.099705 1.722401 -18.225297 -0.127906 0.009849 12.845295 107.0
79 8715.0 -0.443444 0.529764 0.0 -0.120073 1.722401 -18.225297 -0.127906 0.009849 12.845295 107.0
80 8715.0 -0.432372 0.537609 0.0 -0.123255 1.722401 -18.225297 -0.127906 0.009849 12.845295 107.0
81 8715.0 -0.421434 0.516651 0.0 -0.099036 1.722401 -18.225297 -0.127906 0.009849 12.845295 107.0
82 8715.0 -0.432394 0.516891 0.0 -0.103516 1.722401 -18.225297 -0.127906 0.009849 12.845295 107.0
83 8715.0 -0.424629 0.50705 0.0 -0.091124 1.722401 -18.225297 -0.127906 0.009849 12.845295 107.0
84 8715.0 -0.419707 0.547351 0.0 -0.127627 1.722401 -18.225297 -0.127906 0.009849 12.845295 107.0
85 8715.0 -0.407624 0.527526 0.0 -0.104044 1.722401 -18.225297 -0.127906 0.009849 12.845295 107.0
86 8715.0 -0.398116 0.518747 0.0 -0.091988 1.722401 -18.225297 -0.127906 0.009849 12.845295 107.0
87 8715.0 -0.380279 0.546047 0.0 -0.111089 1.722401 -18.225297 -0.127906 0.009849 12.845295 107.0
88 8715.0 -0.380919 0.516874 0.0 -0.083531 1.722401 -18.225297 -0.127906 0.009849 12.845295 107.0
89 8715.0 -0.399729 0.525794 0.0 -0.09933 1.722401 -18.225297 -0.127906 0.009849 12.845295 107.0
90 8715.0 -0.40663 0.523935 0.0 -0.100236 1.722401 -18.225297 -0.127906 0.009849 12.845295 107.0
91 8715.0 -0.396664 0.55566 0.0 -0.126607 1.722401 -18.225297 -0.127906 0.009849 12.845295 107.0
92 8715.0 -0.395162 0.554635 0.0 -0.125048 1.722401 -18.225297 -0.127906 0.009849 12.845295 107.0
93 8715.0 -0.37826 0.534656 0.0 -0.099448 1.722401 -18.225297 -0.127906 0.009849 12.845295 107.0
94 8715.0 -0.358084 0.538035 0.0 -0.094841 1.722401 -18.225297 -0.127906 0.009849 12.845295 107.0
95 8715.0 -0.359842 0.503601 0.0 -0.062703 1.722401 -18.225297 -0.127906 0.009849 12.845295 107.0
96 8715.0 -0.361122 0.496041 0.0 -0.055994 1.722401 -18.225297 -0.127906 0.009849 12.845295 107.0
97 8715.0 -0.312586 0.499675 0.0 -0.040629 1.722401 -18.225297 -0.127906 0.009849 12.845295 107.0
98 8715.0 -0.280883 0.514272 0.0 -0.042243 1.722401 -18.225297 -0.127906 0.009849 12.845295 107.0
99 8715.0 -0.267175 0.519753 0.0 -0.042202 1.722401 -18.225297 -0.127906 0.009849 12.845295 107.0
100 8715.0 -0.246611 0.5176 0.0 -0.034111 1.722401 -18.225297 -0.127906 0.009849 12.845295 107.0
101 8715.0 -0.263568 0.500528 0.0 -0.025612 1.722401 -18.225297 -0.127906 0.009849 12.845295 107.0
102 8715.0 -0.238744 0.498394 0.0 -0.016219 1.722401 -18.225297 -0.127906 0.009849 12.845295 107.0
103 8715.0 -0.221976 0.507973 0.0 -0.018745 1.722401 -18.225297 -0.127906 0.009849 12.845295 107.0
104 8715.0 -0.202609 0.488425 0.0 0.002977 1.722401 -18.225297 -0.127906 0.009849 12.845295 107.0
105 8715.0 -0.213248 0.495309 0.0 -0.005853 1.722401 -18.225297 -0.127906 0.009849 12.845295 107.0
106 8715.0 -0.212162 0.492395 0.0 -0.003172 1.722401 -18.225297 -0.127906 0.009849 12.845295 107.0
107 8715.0 -0.222954 0.525203 0.0 -0.032917 1.722401 -18.225297 -0.127906 0.009849 12.845295 107.0
108 8715.0 -0.224377 0.530067 0.0 -0.037272 1.722401 -18.225297 -0.127906 0.009849 12.845295 107.0
109 8715.0 -0.223783 0.547459 0.0 -0.051723 1.722401 -18.225297 -0.127906 0.009849 12.845295 107.0
110 8715.0 -0.217241 0.512181 0.0 -0.020669 1.722401 -18.225297 -0.127906 0.009849 12.845295 107.0
111 8715.0 -0.230835 0.520858 0.0 -0.031856 1.722401 -18.225297 -0.127906 0.009849 12.845295 107.0
112 8715.0 -0.236357 0.530839 0.0 -0.041598 1.722401 -18.225297 -0.127906 0.009849 12.845295 107.0
113 8715.0 -0.197854 0.548307 0.0 -0.043754 1.722401 -18.225297 -0.127906 0.009849 12.845295 107.0
114 8715.0 -0.210599 0.559039 0.0 -0.057645 1.722401 -18.225297 -0.127906 0.009849 12.845295 107.0
115 8715.0 -0.194507 0.575827 0.0 -0.067403 1.722401 -18.225297 -0.127906 0.009849 12.845295 107.0
116 8715.0 -0.176471 0.557703 0.0 -0.044707 1.722401 -18.225297 -0.127906 0.009849 12.845295 107.0
117 8715.0 -0.172406 0.545473 0.0 -0.033606 1.722401 -18.225297 -0.127906 0.009849 12.845295 107.0
118 8715.0 -0.156391 0.524275 0.0 -0.011591 1.722401 -18.225297 -0.127906 0.009849 12.845295 107.0
119 8715.0 -0.169966 0.503972 0.0 0.000555 1.722401 -18.225297 -0.127906 0.009849 12.845295 107.0
120 8715.0 -0.176206 0.534792 0.0 -0.026183 1.722401 -18.225297 -0.127906 0.009849 12.845295 107.0
121 8715.0 -0.161044 0.523995 0.0 -0.012804 1.722401 -18.225297 -0.127906 0.009849 12.845295 107.0
122 8715.0 -0.139443 0.525398 0.0 -0.007255 1.722401 -18.225297 -0.127906 0.009849 12.845295 107.0
123 8715.0 -0.148343 0.531527 0.0 -0.01494 1.722401 -18.225297 -0.127906 0.009849 12.845295 107.0
124 8715.0 -0.128082 0.492568 0.0 0.018413 1.722401 -18.225297 -0.127906 0.009849 12.845295 107.0
125 8715.0 -0.128799 0.523638 0.0 -0.002639 1.722401 -18.225297 -0.127906 0.009849 12.845295 107.0
126 8715.0 -0.116238 0.542391 0.0 -0.013759 1.722401 -18.225297 -0.127906 0.009849 12.845295 107.0
127 8715.0 -0.126959 0.54954 0.0 -0.022829 1.722401 -18.225297 -0.127906 0.009849 12.845295 107.0
128 8715.0 -0.115619 0.52937 0.0 -0.003923 1.722401 -18.225297 -0.127906 0.009849 12.845295 107.0
129 8715.0 -0.128776 0.526757 0.0 -0.005051 1.722401 -18.225297 -0.127906 0.009849 12.845295 107.0
130 8715.0 -0.110541 0.527598 0.0 -0.001718 1.722401 -18.225297 -0.127906 0.009849 12.845295 107.0
131 8715.0 -0.091845 0.529191 0.0 0.00068 1.722401 -18.225297 -0.127906 0.009849 12.845295 107.0
132 8715.0 -0.083749 0.513602 0.0 0.008248 1.722401 -18.225297 -0.127906 0.009849 12.845295 107.0
133 8715.0 -0.069697 0.499205 0.0 0.012996 1.722401 -18.225297 -0.127906 0.009849 12.845295 107.0
134 8715.0 -0.076212 0.504256 0.0 0.011428 1.722401 -18.225297 -0.127906 0.009849 12.845295 107.0
135 8715.0 -0.060237 0.505292 0.0 0.01004 1.722401 -18.225297 -0.127906 0.009849 12.845295 107.0
136 8715.0 -0.081431 0.510435 0.0 0.00934 1.722401 -18.225297 -0.127906 0.009849 12.845295 107.0
137 8715.0 -0.071062 0.504982 0.0 0.010828 1.722401 -18.225297 -0.127906 0.009849 12.845295 107.0
138 8715.0 -0.063281 0.507867 0.0 0.009224 1.722401 -18.225297 -0.127906 0.009849 12.845295 107.0
139 8715.0 -0.064314 0.508185 0.0 0.009163 1.722401 -18.225297 -0.127906 0.009849 12.845295 107.0
140 8715.0 -0.03574 0.521995 0.0 0.002018 1.722401 -18.225297 -0.127906 0.009849 12.845295 107.0
141 8715.0 -0.039006 0.502176 0.0 0.009947 1.722401 -18.225297 -0.127906 0.009849 12.845295 107.0
142 8715.0 -0.048231 0.494024 0.0 0.013694 1.722401 -18.225297 -0.127906 0.009849 12.845295 107.0
143 8715.0 -0.037015 0.510245 0.0 0.006678 1.722401 -18.225297 -0.127906 0.009849 12.845295 107.0
144 8715.0 -0.039809 0.521974 0.0 0.002277 1.722401 -18.225297 -0.127906 0.009849 12.845295 107.0
145 8715.0 -0.039886 0.530792 0.0 -0.001156 1.722401 -18.225297 -0.127906 0.009849 12.845295 107.0
146 8715.0 -0.059674 0.518176 0.0 0.004982 1.722401 -18.225297 -0.127906 0.009849 12.845295 107.0
147 8715.0 -0.038003 0.515284 0.0 0.004775 1.722401 -18.225297 -0.127906 0.009849 12.845295 107.0
148 8715.0 -0.029443 0.521222 0.0 0.001932 1.722401 -18.225297 -0.127906 0.009849 12.845295 107.0
149 8715.0 -0.030305 0.490699 0.0 0.013886 1.722401 -18.225297 -0.127906 0.009849 12.845295 107.0
150 8715.0 -0.028065 0.515644 0.0 0.004022 1.722401 -18.225297 -0.127906 0.009849 12.845295 107.0
151 8715.0 -0.02133 0.521286 0.0 0.001407 1.722401 -18.225297 -0.127906 0.009849 12.845295 107.0
152 8715.0 -0.021204 0.522243 0.0 0.001026 1.722401 -18.225297 -0.127906 0.009849 12.845295 107.0
153 8715.0 -0.004719 0.52052 0.0 0.001058 1.722401 -18.225297 -0.127906 0.009849 12.845295 107.0
154 8715.0 -0.006767 0.521141 0.0 0.000909 1.722401 -18.225297 -0.127906 0.009849 12.845295 107.0
155 8715.0 -0.010456 0.505365 0.0 0.006945 1.722401 -18.225297 -0.127906 0.009849 12.845295 107.0
156 8715.0 -0.004927 0.500475 0.0 0.008511 1.722401 -18.225297 -0.127906 0.009849 12.845295 107.0
157 8715.0 -0.01505 0.508637 0.0 0.005952 1.722401 -18.225297 -0.127906 0.009849 12.845295 107.0
158 8715.0 -0.024788 0.534263 0.0 -0.002751 1.722401 -18.225297 -0.127906 0.009849 12.845295 107.0
159 8715.0 -0.016609 0.505343 0.0 0.007332 1.722401 -18.225297 -0.127906 0.009849 12.845295 107.0
160 8715.0 0.019079 0.50551 0.0 0.005179 1.722401 -18.225297 -0.127906 0.009849 12.845295 107.0
161 8715.0 0.032825 0.544005 0.0 -0.006938 1.722401 -18.225297 -0.127906 0.009849 12.845295 107.0
162 8715.0 0.050536 0.528051 0.0 -0.002401 1.722401 -18.225297 -0.127906 0.009849 12.845295 107.0
163 8715.0 0.065283 0.534167 0.0 -0.004587 1.722401 -18.225297 -0.127906 0.009849 12.845295 107.0
164 8715.0 0.081751 0.535171 0.0 -0.002918 1.722401 -18.225297 -0.127906 0.009849 12.845295 107.0
165 8715.0 0.086725 0.527383 0.0 -0.002373 1.722401 -18.225297 -0.127906 0.009849 12.845295 107.0
166 8715.0 0.080506 0.527343 0.0 -0.002804 1.722401 -18.225297 -0.127906 0.009849 12.845295 107.0
167 8715.0 0.070617 0.559912 0.0 -0.003905 1.722401 -18.225297 -0.127906 0.009849 12.845295 107.0
168 8715.0 0.082879 0.547054 0.0 -0.002358 1.722401 -18.225297 -0.127906 0.009849 12.845295 107.0
169 8715.0 0.092966 0.5296 0.0 -0.001305 1.722401 -18.225297 -0.127906 0.009849 12.845295 107.0
170 8715.0 0.098718 0.513205 0.0 0.001164 1.722401 -18.225297 -0.127906 0.009849 12.845295 107.0
171 8715.0 0.119408 0.503207 0.0 0.003809 1.722401 -18.225297 -0.127906 0.009849 12.845295 107.0
172 8715.0 0.112129 0.510514 0.0 0.001713 1.722401 -18.225297 -0.127906 0.009849 12.845295 107.0
173 8715.0 0.130377 0.49351 0.0 0.006575 1.722401 -18.225297 -0.127906 0.009849 12.845295 107.0
174 8715.0 0.146968 0.509152 0.0 0.006666 1.722401 -18.225297 -0.127906 0.009849 12.845295 107.0
175 8715.0 0.167348 0.497564 0.0 0.009852 1.722401 -18.225297 -0.127906 0.009849 12.845295 107.0
176 8715.0 0.168475 0.4964 0.0 0.010178 1.722401 -18.225297 -0.127906 0.009849 12.845295 107.0
177 8715.0 0.20684 0.5122 0.0 0.017075 1.722401 -18.225297 -0.127906 0.009849 12.845295 107.0
178 8715.0 0.218731 0.531151 0.0 0.035901 1.722401 -18.225297 -0.127906 0.009849 12.845295 107.0
179 8715.0 0.227163 0.514782 0.0 0.033115 1.722401 -18.225297 -0.127906 0.009849 12.845295 107.0
180 8715.0 0.212533 0.515163 0.0 0.022781 1.722401 -18.225297 -0.127906 0.009849 12.845295 107.0
181 8715.0 0.227154 0.539161 0.0 0.046306 1.722401 -18.225297 -0.127906 0.009849 12.845295 107.0
182 8715.0 0.24044 0.561713 0.0 0.068086 1.722401 -18.225297 -0.127906 0.009849 12.845295 107.0
183 8715.0 0.232891 0.564377 0.0 0.06409 1.722401 -18.225297 -0.127906 0.009849 12.845295 107.0
184 8715.0 0.217495 0.542388 0.0 0.041094 1.722401 -18.225297 -0.127906 0.009849 12.845295 107.0
185 8715.0 0.224057 0.564551 0.0 0.05782 1.722401 -18.225297 -0.127906 0.009849 12.845295 107.0
186 8715.0 0.223437 0.567136 0.0 0.058773 1.722401 -18.225297 -0.127906 0.009849 12.845295 107.0
187 8715.0 0.238698 0.576621 0.0 0.074991 1.722401 -18.225297 -0.127906 0.009849 12.845295 107.0
188 8715.0 0.253603 0.557989 0.0 0.075553 1.722401 -18.225297 -0.127906 0.009849 12.845295 107.0
189 8715.0 0.258278 0.560756 0.0 0.08042 1.722401 -18.225297 -0.127906 0.009849 12.845295 107.0
190 8715.0 0.242703 0.562665 0.0 0.070233 1.722401 -18.225297 -0.127906 0.009849 12.845295 107.0
191 8715.0 0.265032 0.560416 0.0 0.085102 1.722401 -18.225297 -0.127906 0.009849 12.845295 107.0
192 8715.0 0.267952 0.541053 0.0 0.076723 1.722401 -18.225297 -0.127906 0.009849 12.845295 107.0
193 8715.0 0.277352 0.530381 0.0 0.077718 1.722401 -18.225297 -0.127906 0.009849 12.845295 107.0
194 8715.0 0.281429 0.527533 0.0 0.079113 1.722401 -18.225297 -0.127906 0.009849 12.845295 107.0
195 8715.0 0.315798 0.52315 0.0 0.101626 1.722401 -18.225297 -0.127906 0.009849 12.845295 107.0
196 8715.0 0.317159 0.537112 0.0 0.110041 1.722401 -18.225297 -0.127906 0.009849 12.845295 107.0
197 8715.0 0.306883 0.532888 0.0 0.100351 1.722401 -18.225297 -0.127906 0.009849 12.845295 107.0
198 8715.0 0.317145 0.513692 0.0 0.098793 1.722401 -18.225297 -0.127906 0.009849 12.845295 107.0
199 8715.0 0.325851 0.513724 0.0 0.105272 1.722401 -18.225297 -0.127906 0.009849 12.845295 107.0
200 8715.0 0.334697 0.501289 0.0 0.106802 1.722401 -18.225297 -0.127906 0.009849 12.845295 107.0
201 8715.0 0.337512 0.485458 0.0 0.102475 1.722401 -18.225297 -0.127906 0.009849 12.845295 107.0
202 8715.0 0.345827 0.497469 0.0 0.11352 1.722401 -18.225297 -0.127906 0.009849 12.845295 107.0
203 8715.0 0.386994 0.537383 0.0 0.1605 1.722401 -18.225297 -0.127906 0.009849 12.845295 107.0
204 8715.0 0.387232 0.551081 0.0 0.168205 1.722401 -18.225297 -0.127906 0.009849 12.845295 107.0
205 8715.0 0.398757 0.54198 0.0 0.171484 1.722401 -18.225297 -0.127906 0.009849 12.845295 107.0
206 8715.0 0.437939 0.524609 0.0 0.192931 1.722401 -18.225297 -0.127906 0.009849 12.845295 107.0
207 8715.0 0.464431 0.532106 0.0 0.220161 1.722401 -18.225297 -0.127906 0.009849 12.845295 107.0
208 8715.0 0.48311 0.557368 0.0 0.251844 1.722401 -18.225297 -0.127906 0.009849 12.845295 107.0
209 8715.0 0.492911 0.573991 0.0 0.272026 1.722401 -18.225297 -0.127906 0.009849 12.845295 107.0
210 8715.0 0.475983 0.576922 0.0 0.259682 1.722401 -18.225297 -0.127906 0.009849 12.845295 107.0
211 8715.0 0.487924 0.580456 0.0 0.272375 1.722401 -18.225297 -0.127906 0.009849 12.845295 107.0
212 8715.0 0.501226 0.581456 0.0 0.284426 1.722401 -18.225297 -0.127906 0.009849 12.845295 107.0
213 8715.0 0.533272 0.573451 0.0 0.306046 1.722401 -18.225297 -0.127906 0.009849 12.845295 107.0
214 8715.0 0.543532 0.572655 0.0 0.314225 1.722401 -18.225297 -0.127906 0.009849 12.845295 107.0
215 8715.0 0.539387 0.574114 0.0 0.31173 1.722401 -18.225297 -0.127906 0.009849 12.845295 107.0
216 8715.0 0.547615 0.568063 0.0 0.314439 1.722401 -18.225297 -0.127906 0.009849 12.845295 107.0
217 8715.0 0.543408 0.536204 0.0 0.291598 1.722401 -18.225297 -0.127906 0.009849 12.845295 107.0
218 8715.0 0.552975 0.545934 0.0 0.305565 1.722401 -18.225297 -0.127906 0.009849 12.845295 107.0
219 8715.0 0.556335 0.565145 0.0 0.319795 1.722401 -18.225297 -0.127906 0.009849 12.845295 107.0
220 8715.0 0.556733 0.560473 0.0 0.317218 1.722401 -18.225297 -0.127906 0.009849 12.845295 107.0
221 8715.0 0.561132 0.566691 0.0 0.324984 1.722401 -18.225297 -0.127906 0.009849 12.845295 107.0
222 8715.0 0.574153 0.585884 0.0 0.349739 1.722401 -18.225297 -0.127906 0.009849 12.845295 107.0
223 8715.0 0.586217 0.572369 0.0 0.350407 1.722401 -18.225297 -0.127906 0.009849 12.845295 107.0
224 8715.0 0.606193 0.561869 0.0 0.361282 1.722401 -18.225297 -0.127906 0.009849 12.845295 107.0
225 8715.0 0.614725 0.553843 0.0 0.364126 1.722401 -18.225297 -0.127906 0.009849 12.845295 107.0
226 8715.0 0.629442 0.548771 0.0 0.37408 1.722401 -18.225297 -0.127906 0.009849 12.845295 107.0
227 8715.0 0.626654 0.53803 0.0 0.36546 1.722401 -18.225297 -0.127906 0.009849 12.845295 107.0
228 8715.0 0.612521 0.568648 0.0 0.370718 1.722401 -18.225297 -0.127906 0.009849 12.845295 107.0
229 8715.0 0.589759 0.568111 0.0 0.350499 1.722401 -18.225297 -0.127906 0.009849 12.845295 107.0
230 8715.0 0.579842 0.54752 0.0 0.329977 1.722401 -18.225297 -0.127906 0.009849 12.845295 107.0
231 8715.0 0.55402 0.560338 0.0 0.314768 1.722401 -18.225297 -0.127906 0.009849 12.845295 107.0
232 8715.0 0.550006 0.563338 0.0 0.313114 1.722401 -18.225297 -0.127906 0.009849 12.845295 107.0
233 8715.0 0.536613 0.575755 0.0 0.310534 1.722401 -18.225297 -0.127906 0.009849 12.845295 107.0
234 8715.0 0.534058 0.568198 0.0 0.302978 1.722401 -18.225297 -0.127906 0.009849 12.845295 107.0
235 8715.0 0.537346 0.557581 0.0 0.298597 1.722401 -18.225297 -0.127906 0.009849 12.845295 107.0
236 8715.0 0.529456 0.563394 0.0 0.295637 1.722401 -18.225297 -0.127906 0.009849 12.845295 107.0
237 8715.0 0.543685 0.553593 0.0 0.301846 1.722401 -18.225297 -0.127906 0.009849 12.845295 107.0
238 8715.0 0.551619 0.531873 0.0 0.296287 1.722401 -18.225297 -0.127906 0.009849 12.845295 107.0
239 8715.0 0.573198 0.54977 0.0 0.32546 1.722401 -18.225297 -0.127906 0.009849 12.845295 107.0
240 8715.0 0.609249 0.551056 0.0 0.357732 1.722401 -18.225297 -0.127906 0.009849 12.845295 107.0
241 8715.0 0.604718 0.559348 0.0 0.358541 1.722401 -18.225297 -0.127906 0.009849 12.845295 107.0
242 8715.0 0.605803 0.579426 0.0 0.372123 1.722401 -18.225297 -0.127906 0.009849 12.845295 107.0
243 8715.0 0.60433 0.584395 0.0 0.374402 1.722401 -18.225297 -0.127906 0.009849 12.845295 107.0
244 8715.0 0.608979 0.581247 0.0 0.376126 1.722401 -18.225297 -0.127906 0.009849 12.845295 107.0
245 8715.0 0.600008 0.585701 0.0 0.371648 1.722401 -18.225297 -0.127906 0.009849 12.845295 107.0
246 8715.0 0.611894 0.590146 0.0 0.384943 1.722401 -18.225297 -0.127906 0.009849 12.845295 107.0
247 8715.0 0.627998 0.589601 0.0 0.398282 1.722401 -18.225297 -0.127906 0.009849 12.845295 107.0
248 8715.0 0.626601 0.581398 0.0 0.391254 1.722401 -18.225297 -0.127906 0.009849 12.845295 107.0
249 8715.0 0.649659 0.591518 0.0 0.41811 1.722401 -18.225297 -0.127906 0.009849 12.845295 107.0
250 8715.0 0.661512 0.599923 0.0 0.434194 1.722401 -18.225297 -0.127906 0.009849 12.845295 107.0
251 8715.0 0.669228 0.609901 0.0 0.44787 1.722401 -18.225297 -0.127906 0.009849 12.845295 107.0
252 8715.0 0.664028 0.629928 0.0 0.457688 1.722401 -18.225297 -0.127906 0.009849 12.845295 107.0
253 8715.0 0.694182 0.59731 0.0 0.460183 1.722401 -18.225297 -0.127906 0.009849 12.845295 107.0
254 8715.0 0.70593 0.606758 0.0 0.47692 1.722401 -18.225297 -0.127906 0.009849 12.845295 107.0
255 8715.0 0.694737 0.613492 0.0 0.472169 1.722401 -18.225297 -0.127906 0.009849 12.845295 107.0
256 8715.0 0.721387 0.616042 0.0 0.4967 1.722401 -18.225297 -0.127906 0.009849 12.845295 107.0
257 8715.0 0.697731 0.621399 0.0 0.480348 1.722401 -18.225297 -0.127906 0.009849 12.845295 107.0
258 8715.0 0.705243 0.621685 0.0 0.486954 1.722401 -18.225297 -0.127906 0.009849 12.845295 107.0
259 8715.0 0.725582 0.636558 0.0 0.514873 1.722401 -18.225297 -0.127906 0.009849 12.845295 107.0
260 8715.0 0.737746 0.64753 0.0 0.533049 1.722401 -18.225297 -0.127906 0.009849 12.845295 107.0
261 8715.0 0.782697 0.654198 0.0 0.57611 1.722401 -18.225297 -0.127906 0.009849 12.845295 107.0
262 8715.0 0.767355 0.642353 0.0 0.554605 1.722401 -18.225297 -0.127906 0.009849 12.845295 107.0
263 8715.0 0.759852 0.654741 0.0 0.557023 1.722401 -18.225297 -0.127906 0.009849 12.845295 107.0
264 8715.0 0.759826 0.658769 0.0 0.559867 1.722401 -18.225297 -0.127906 0.009849 12.845295 107.0
265 8715.0 0.741782 0.654729 0.0 0.541611 1.722401 -18.225297 -0.127906 0.009849 12.845295 107.0
266 8715.0 0.746251 0.665913 0.0 0.553379 1.722401 -18.225297 -0.127906 0.009849 12.845295 107.0
267 8715.0 0.751174 0.673613 0.0 0.563053 1.722401 -18.225297 -0.127906 0.009849 12.845295 107.0
268 8715.0 0.725189 0.668572 0.0 0.537317 1.722401 -18.225297 -0.127906 0.009849 12.845295 107.0
269 8715.0 0.731789 0.681147 0.0 0.551891 1.722401 -18.225297 -0.127906 0.009849 12.845295 107.0
270 8715.0 0.724077 0.685689 0.0 0.548548 1.722401 -18.225297 -0.127906 0.009849 12.845295 107.0
271 8715.0 0.737759 0.701385 0.0 0.571379 1.722401 -18.225297 -0.127906 0.009849 12.845295 107.0
272 8715.0 0.764304 0.688569 0.0 0.584886 1.722401 -18.225297 -0.127906 0.009849 12.845295 107.0
273 8715.0 0.782494 0.702069 0.0 0.609998 1.722401 -18.225297 -0.127906 0.009849 12.845295 107.0
274 8715.0 0.767139 0.697316 0.0 0.593527 1.722401 -18.225297 -0.127906 0.009849 12.845295 107.0
275 8715.0 0.785812 0.729449 0.0 0.632457 1.722401 -18.225297 -0.127906 0.009849 12.845295 107.0
276 8715.0 0.808184 0.740617 0.0 0.660111 1.722401 -18.225297 -0.127906 0.009849 12.845295 107.0
277 8715.0 0.816108 0.744509 0.0 0.669859 1.722401 -18.225297 -0.127906 0.009849 12.845295 107.0
278 8715.0 0.843549 0.771514 0.0 0.713543 1.722401 -18.225297 -0.127906 0.009849 12.845295 107.0
279 8715.0 0.855804 0.762551 0.0 0.717627 1.722401 -18.225297 -0.127906 0.009849 12.845295 107.0
280 8715.0 0.849751 0.788793 0.0 0.731616 1.722401 -18.225297 -0.127906 0.009849 12.845295 107.0
281 8715.0 0.827043 0.807316 0.0 0.725455 1.722401 -18.225297 -0.127906 0.009849 12.845295 107.0
282 8715.0 0.836176 0.82011 0.0 0.742786 1.722401 -18.225297 -0.127906 0.009849 12.845295 107.0
283 8715.0 0.834174 0.854688 0.0 0.766415 1.722401 -18.225297 -0.127906 0.009849 12.845295 107.0
284 8715.0 0.836988 0.843231 0.0 0.760456 1.722401 -18.225297 -0.127906 0.009849 12.845295 107.0
285 8715.0 0.841127 0.857174 0.0 0.774287 1.722401 -18.225297 -0.127906 0.009849 12.845295 107.0
286 8715.0 0.874556 0.888643 0.0 0.826455 1.722401 -18.225297 -0.127906 0.009849 12.845295 107.0
287 8715.0 0.880161 0.897305 0.0 0.837686 1.722401 -18.225297 -0.127906 0.009849 12.845295 107.0
