 time p.x p.y p.z deep.node-0 CV opes.bias opes.rct opes.zed opes.neff opes.nker
0 10500.0 -0.766672 1.25996 0.0 -0.930889 1.654461 -16.907679 -0.146617 0.009085 12.845295 116.0
1 10500.0 -0.766922 1.22208 0.0 -0.909181 1.654461 -16.907679 -0.146617 0.009085 12.845295 116.0
2 10500.0 -0.765533 1.215478 0.0 -0.905018 1.654461 -16.907679 -0.146617 0.009085 12.845295 116.0
3 10500.0 -0.789186 1.227096 0.0 -0.917967 1.654461 -16.907679 -0.146617 0.009085 12.845295 116.0
4 10500.0 -0.803995 1.216132 0.0 -0.915592 1.654461 -16.907679 -0.146617 0.009085 12.845295 116.0
5 10500.0 -0.783967 1.225126 0.0 -0.915451 1.654461 -16.907679 -0.146617 0.009085 12.845295 116.0
6 10500.0 -0.803879 1.21847 0.0 -0.916904 1.654461 -16.907679 -0.146617 0.009085 12.845295 116.0
7 10500.0 -0.798937 1.193968 0.0 -0.90147 1.654461 -16.907679 -0.146617 0.009085 12.845295 116.0
8 10500.0 -0.796296 1.157908 0.0 -0.879539 1.654461 -16.907679 -0.146617 0.009085 12.845295 116.0
9 10500.0 -0.778169 1.153306 0.0 -0.871934 1.654461 -16.907679 -0.146617 0.009085 12.845295 116.0
10 10500.0 -0.763335 1.114156 0.0 -0.844715 1.654461 -16.907679 -0.146617 0.009085 12.845295 116.0
11 10500.0 -0.750442 1.068046 0.0 -0.812848 1.654461 -16.907679 -0.146617 0.009085 12.845295 116.0
12 10500.0 -0.741629 1.037477 0.0 -0.791334 1.654461 -16.907679 -0.146617 0.009085 12.845295 116.0
13 10500.0 -0.750809 1.02443 0.0 -0.786091 1.654461 -16.907679 -0.146617 0.009085 12.845295 116.0
14 10500.0 -0.741214 0.989528 0.0 -0.761799 1.654461 -16.907679 -0.146617 0.009085 12.845295 116.0
15 10500.0 -0.720228 0.951492 0.0 -0.725164 1.654461 -16.907679 -0.146617 0.009085 12.845295 116.0
16 10500.0 -0.697429 0.935304 0.0 -0.703422 1.654461 -16.907679 -0.146617 0.009085 12.845295 116.0
17 10500.0 -0.674341 0.90919 0.0 -0.672986 1.654461 -16.907679 -0.146617 0.009085 12.845295 116.0
18 10500.0 -0.676622 0.894665 0.0 -0.661113 1.654461 -16.907679 -0.146617 0.009085 12.845295 116.0
19 10500.0 -0.655206 0.885958 0.0 -0.645572 1.654461 -16.907679 -0.146617 0.009085 12.845295 116.0
20 10500.0 -0.650666 0.873974 0.0 -0.633403 1.654461 -16.907679 -0.146617 0.009085 12.845295 116.0
21 10500.0 -0.639106 0.85264 0.0 -0.610453 1.654461 -16.907679 -0.146617 0.009085 12.845295 116.0
22 10500.0 -0.622658 0.851921 0.0 -0.603743 1.654461 -16.907679 -0.146617 0.009085 12.845295 116.0
23 10500.0 -0.63324 0.856053 0.0 -0.611272 1.654461 -16.907679 -0.146617 0.009085 12.845295 116.0
24 10500.0 -0.640689 0.844632 0.0 -0.604029 1.654461 -16.907679 -0.146617 0.009085 12.845295 116.0
25 10500.0 -0.666411 0.818323 0.0 -0.590173 1.654461 -16.907679 -0.146617 0.009085 12.845295 116.0
26 10500.0 -0.668816 0.791478 0.0 -0.567194 1.654461 -16.907679 -0.146617 0.009085 12.845295 116.0
27 10500.0 -0.662307 0.785935 0.0 -0.559905 1.654461 -16.907679 -0.146617 0.009085 12.845295 116.0
28 10500.0 -0.676346 0.770747 0.0 -0.55151 1.654461 -16.907679 -0.146617 0.009085 12.845295 116.0
29 10500.0 -0.660268 0.75895 0.0 -0.534624 1.654461 -16.907679 -0.146617 0.009085 12.845295 116.0
30 10500.0 -0.689491 0.732916 0.0 -0.517788 1.654461 -16.907679 -0.146617 0.009085 12.845295 116.0
31 10500.0 -0.687354 0.73338 0.0 -0.517422 1.654461 -16.907679 -0.146617 0.009085 12.845295 116.0
32 10500.0 -0.726496 0.746927 0.0 -0.54857 1.654461 -16.907679 -0.146617 0.009085 12.845295 116.0
33 10500.0 -0.735592 0.738228 0.0 -0.542803 1.654461 -16.907679 -0.146617 0.009085 12.845295 116.0
34 10500.0 -0.744242 0.766308 0.0 -0.572227 1.654461 -16.907679 -0.146617 0.009085 12.845295 116.0
35 10500.0 -0.757934 0.764858 0.0 -0.575911 1.654461 -16.907679 -0.146617 0.009085 12.845295 116.0
36 10500.0 -0.775412 0.751852 0.0 -0.570726 1.654461 -16.907679 -0.146617 0.009085 12.845295 116.0
37 10500.0 -0.77682 0.729021 0.0 -0.549567 1.654461 -16.907679 -0.146617 0.009085 12.845295 116.0
38 10500.0 -0.775519 0.740948 0.0 -0.561108 1.654461 -16.907679 -0.146617 0.009085 12.845295 116.0
39 10500.0 -0.77806 0.74221 0.0 -0.56315 1.654461 -16.907679 -0.146617 0.009085 12.845295 116.0
40 10500.0 -0.744272 0.74431 0.0 -0.552719 1.654461 -16.907679 -0.146617 0.009085 12.845295 116.0
41 10500.0 -0.744665 0.751439 0.0 -0.559175 1.654461 -16.907679 -0.146617 0.009085 12.845295 116.0
42 10500.0 -0.756286 0.738444 0.0 -0.551607 1.654461 -16.907679 -0.146617 0.009085 12.845295 116.0
43 10500.0 -0.763582 0.738793 0.0 -0.554858 1.654461 -16.907679 -0.146617 0.009085 12.845295 116.0
44 10500.0 -0.769978 0.726103 0.0 -0.543473 1.654461 -16.907679 -0.146617 0.009085 12.845295 116.0
45 10500.0 -0.753298 0.716499 0.0 -0.525832 1.654461 -16.907679 -0.146617 0.009085 12.845295 116.0
46 10500.0 -0.768201 0.703594 0.0 -0.517569 1.654461 -16.907679 -0.146617 0.009085 12.845295 116.0
47 10500.0 -0.782661 0.695059 0.0 -0.51401 1.654461 -16.907679 -0.146617 0.009085 12.845295 116.0
48 10500.0 -0.789199 0.676058 0.0 -0.495468 1.654461 -16.907679 -0.146617 0.009085 12.845295 116.0
49 10500.0 -0.801887 0.655756 0.0 -0.478019 1.654461 -16.907679 -0.146617 0.009085 12.845295 116.0
50 10500.0 -0.782742 0.651639 0.0 -0.465493 1.654461 -16.907679 -0.146617 0.009085 12.845295 116.0
51 10500.0 -0.777927 0.62387 0.0 -0.432451 1.654461 -16.907679 -0.146617 0.009085 12.845295 116.0
52 10500.0 -0.784596 0.632013 0.0 -0.444316 1.654461 -16.907679 -0.146617 0.009085 12.845295 116.0
53 10500.0 -0.76268 0.61667 0.0 -0.418092 1.654461 -16.907679 -0.146617 0.009085 12.845295 116.0
54 10500.0 -0.766043 0.588199 0.0 -0.391711 1.654461 -16.907679 -0.146617 0.009085 12.845295 116.0
55 10500.0 -0.783236 0.56667 0.0 -0.37908 1.654461 -16.907679 -0.146617 0.009085 12.845295 116.0
56 10500.0 -0.753163 0.535706 0.0 -0.334652 1.654461 -16.907679 -0.146617 0.009085 12.845295 116.0
57 10500.0 -0.735804 0.53835 0.0 -0.328897 1.654461 -16.907679 -0.146617 0.009085 12.845295 116.0
58 10500.0 -0.727856 0.532396 0.0 -0.319316 1.654461 -16.907679 -0.146617 0.009085 12.845295 116.0
59 10500.0 -0.717643 0.528366 0.0 -0.308776 1.654461 -16.907679 -0.146617 0.009085 12.845295 116.0
60 10500.0 -0.691743 0.514914 0.0 -0.276705 1.654461 -16.907679 -0.146617 0.009085 12.845295 116.0
61 10500.0 -0.682258 0.490338 0.0 -0.240901 1.654461 -16.907679 -0.146617 0.009085 12.845295 116.0
62 10500.0 -0.671836 0.516769 0.0 -0.266855 1.654461 -16.907679 -0.146617 0.009085 12.845295 116.0
63 10500.0 -0.660964 0.523566 0.0 -0.268495 1.654461 -16.907679 -0.146617 0.009085 12.845295 116.0
64 10500.0 -0.651812 0.521521 0.0 -0.260449 1.654461 -16.907679 -0.146617 0.009085 12.845295 116.0
65 10500.0 -0.621246 0.511432 0.0 -0.21845 1.654461 -16.907679 -0.146617 0.009085 12.845295 116.0
66 10500.0 -0.617052 0.524605 0.0 -0.236847 1.654461 -16.907679 -0.146617 0.009085 12.845295 116.0
67 10500.0 -0.592675 0.502551 0.0 -0.177325 1.654461 -16.907679 -0.146617 0.009085 12.845295 116.0
68 10500.0 -0.587131 0.517269 0.0 -0.195127 1.654461 -16.907679 -0.146617 0.009085 12.845295 116.0
69 10500.0 -0.573564 0.519069 0.0 -0.185938 1.654461 -16.907679 -0.146617 0.009085 12.845295 116.0
70 10500.0 -0.586107 0.503119 0.0 -0.173498 1.654461 -16.907679 -0.146617 0.009085 12.845295 116.0
71 10500.0 -0.605735 0.49531 0.0 -0.176814 1.654461 -16.907679 -0.146617 0.009085 12.845295 116.0
72 10500.0 -0.586971 0.530727 0.0 -0.217946 1.654461 -16.907679 -0.146617 0.009085 12.845295 116.0
73 10500.0 -0.595774 0.54893 0.0 -0.258107 1.654461 -16.907679 -0.146617 0.009085 12.845295 116.0
74 10500.0 -0.613742 0.550655 0.0 -0.272966 1.654461 -16.907679 -0.146617 0.009085 12.845295 116.0
75 10500.0 -0.589641 0.538091 0.0 -0.233133 1.654461 -16.907679 -0.146617 0.009085 12.845295 116.0
76 10500.0 -0.569772 0.527321 0.0 -0.19535 1.654461 -16.907679 -0.146617 0.009085 12.845295 116.0
77 10500.0 -0.563502 0.540402 0.0 -0.212396 1.654461 -16.907679 -0.146617 0.009085 12.845295 116.0
78 10500.0 -0.560996 0.504408 0.0 -0.157693 1.654461 -16.907679 -0.146617 0.009085 12.845295 116.0
79 10500.0 -0.540726 0.503903 0.0 -0.142883 1.654461 -16.907679 -0.146617 0.009085 12.845295 116.0
80 10500.0 -0.53049 0.511366 0.0 -0.145658 1.654461 -16.907679 -0.146617 0.009085 12.845295 116.0
81 10500.0 -0.542231 0.5069 0.0 -0.147914 1.654461 -16.907679 -0.146617 0.009085 12.845295 116.0
82 10500.0 -0.51393 0.495337 0.0 -0.114872 1.654461 -16.907679 -0.146617 0.009085 12.845295 116.0
83 10500.0 -0.493109 0.510032 0.0 -0.120533 1.654461 -16.907679 -0.146617 0.009085 12.845295 116.0
84 10500.0 -0.490203 0.51641 0.0 -0.125485 1.654461 -16.907679 -0.146617 0.009085 12.845295 116.0
85 10500.0 -0.456336 0.521394 0.0 -0.117097 1.654461 -16.907679 -0.146617 0.009085 12.845295 116.0
86 10500.0 -0.435175 0.522891 0.0 -0.110314 1.654461 -16.907679 -0.146617 0.009085 12.845295 116.0
87 10500.0 -0.438461 0.516885 0.0 -0.105864 1.654461 -16.907679 -0.146617 0.009085 12.845295 116.0
88 10500.0 -0.415407 0.522081 0.0 -0.101874 1.654461 -16.907679 -0.146617 0.009085 12.845295 116.0
89 10500.0 -0.429636 0.526003 0.0 -0.111132 1.654461 -16.907679 -0.146617 0.009085 12.845295 116.0
90 10500.0 -0.421361 0.526332 0.0 -0.108235 1.654461 -16.907679 -0.146617 0.009085 12.845295 116.0
91 10500.0 -0.402179 0.517617 0.0 -0.092486 1.654461 -16.907679 -0.146617 0.009085 12.845295 116.0
92 10500.0 -0.397632 0.52371 0.0 -0.09653 1.654461 -16.907679 -0.146617 0.009085 12.845295 116.0
93 10500.0 -0.382167 0.545915 0.0 -0.111694 1.654461 -16.907679 -0.146617 0.009085 12.845295 116.0
94 10500.0 -0.372421 0.53132 0.0 -0.094003 1.654461 -16.907679 -0.146617 0.009085 12.845295 116.0
95 10500.0 -0.349768 0.529055 0.0 -0.083056 1.654461 -16.907679 -0.146617 0.009085 12.845295 116.0
96 10500.0 -0.370694 0.519334 0.0 -0.081908 1.654461 -16.907679 -0.146617 0.009085 12.845295 116.0
97 10500.0 -0.353308 0.533295 0.0 -0.088471 1.654461 -16.907679 -0.146617 0.009085 12.845295 116.0
98 10500.0 -0.354012 0.525389 0.0 -0.081208 1.654461 -16.907679 -0.146617 0.009085 12.845295 116.0
99 10500.0 -0.335947 0.525834 0.0 -0.074625 1.654461 -16.907679 -0.146617 0.009085 12.845295 116.0
100 10500.0 -0.339616 0.516286 0.0 -0.066947 1.654461 -16.907679 -0.146617 0.009085 12.845295 116.0
101 10500.0 -0.323826 0.507502 0.0 -0.052449 1.654461 -16.907679 -0.146617 0.009085 12.845295 116.0
102 10500.0 -0.342064 0.534934 0.0 -0.085671 1.654461 -16.907679 -0.146617 0.009085 12.845295 116.0
103 10500.0 -0.342955 0.542031 0.0 -0.092781 1.654461 -16.907679 -0.146617 0.009085 12.845295 116.0
104 10500.0 -0.344404 0.534576 0.0 -0.086237 1.654461 -16.907679 -0.146617 0.009085 12.845295 116.0
105 10500.0 -0.326131 0.539981 0.0 -0.0843 1.654461 -16.907679 -0.146617 0.009085 12.845295 116.0
106 10500.0 -0.325596 0.523166 0.0 -0.068066 1.654461 -16.907679 -0.146617 0.009085 12.845295 116.0
107 10500.0 -0.318586 0.522788 0.0 -0.064986 1.654461 -16.907679 -0.146617 0.009085 12.845295 116.0
108 10500.0 -0.315793 0.538632 0.0 -0.079004 1.654461 -16.907679 -0.146617 0.009085 12.845295 116.0
109 10500.0 -0.315796 0.549618 0.0 -0.089476 1.654461 -16.907679 -0.146617 0.009085 12.845295 116.0
110 10500.0 -0.325789 0.526568 0.0 -0.071383 1.654461 -16.907679 -0.146617 0.009085 12.845295 116.0
111 10500.0 -0.290448 0.516838 0.0 -0.048399 1.654461 -16.907679 -0.146617 0.009085 12.845295 116.0
112 10500.0 -0.25518 0.534863 0.0 -0.051897 1.654461 -16.907679 -0.146617 0.009085 12.845295 116.0
113 10500.0 -0.234759 0.530144 0.0 -0.040544 1.654461 -16.907679 -0.146617 0.009085 12.845295 116.0
114 10500.0 -0.228902 0.534836 0.0 -0.04251 1.654461 -16.907679 -0.146617 0.009085 12.845295 116.0
115 10500.0 -0.233926 0.540103 0.0 -0.048647 1.654461 -16.907679 -0.146617 0.009085 12.845295 116.0
116 10500.0 -0.230255 0.51113 0.0 -0.023847 1.654461 -16.907679 -0.146617 0.009085 12.845295 116.0
117 10500.0 -0.218006 0.500784 0.0 -0.011731 1.654461 -16.907679 -0.146617 0.009085 12.845295 116.0
118 10500.0 -0.202918 0.513366 0.0 -0.017195 1.654461 -16.907679 -0.146617 0.009085 12.845295 116.0
119 10500.0 -0.213299 0.532791 0.0 -0.03604 1.654461 -16.907679 -0.146617 0.009085 12.845295 116.0
120 10500.0 -0.194095 0.543346 0.0 -0.038599 1.654461 -16.907679 -0.146617 0.009085 12.845295 116.0
121 10500.0 -0.211563 0.526002 0.0 -0.030039 1.654461 -16.907679 -0.146617 0.009085 12.845295 116.0
122 10500.0 -0.211586 0.533501 0.0 -0.036082 1.654461 -16.907679 -0.146617 0.009085 12.845295 116.0
123 10500.0 -0.209405 0.562023 0.0 -0.060026 1.654461 -16.907679 -0.146617 0.009085 12.845295 116.0
124 10500.0 -0.184276 0.55158 0.0 -0.042191 1.654461 -16.907679 -0.146617 0.009085 12.845295 116.0
125 10500.0 -0.178419 0.550532 0.0 -0.039537 1.654461 -16.907679 -0.146617 0.009085 12.845295 116.0
126 10500.0 -0.170832 0.543693 0.0 -0.031686 1.654461 -16.907679 -0.146617 0.009085 12.845295 116.0
127 10500.0 -0.137029 0.51955 0.0 -0.001801 1.654461 -16.907679 -0.146617 0.009085 12.845295 116.0
128 10500.0 -0.136951 0.529926 0.0 -0.010129 1.654461 -16.907679 -0.146617 0.009085 12.845295 116.0
129 10500.0 -0.147081 0.519408 0.0 -0.004794 1.654461 -16.907679 -0.146617 0.009085 12.845295 116.0
130 10500.0 -0.154222 0.507608 0.0 0.002496 1.654461 -16.907679 -0.146617 0.009085 12.845295 116.0
131 10500.0 -0.143675 0.507109 0.0 0.00563 1.654461 -16.907679 -0.146617 0.009085 12.845295 116.0
132 10500.0 -0.136508 0.511699 0.0 0.003933 1.654461 -16.907679 -0.146617 0.009085 12.845295 116.0
133 10500.0 -0.12096 0.541181 0.0 -0.014246 1.654461 -16.907679 -0.146617 0.009085 12.845295 116.0
134 10500.0 -0.132468 0.509871 0.0 0.005971 1.654461 -16.907679 -0.146617 0.009085 12.845295 116.0
135 10500.0 -0.135813 0.506162 0.0 0.007825 1.654461 -16.907679 -0.146617 0.009085 12.845295 116.0
136 10500.0 -0.134758 0.523176 0.0 -0.004018 1.654461 -16.907679 -0.146617 0.009085 12.845295 116.0
137 10500.0 -0.137554 0.522257 0.0 -0.004143 1.654461 -16.907679 -0.146617 0.009085 12.845295 116.0
138 10500.0 -0.138887 0.514702 0.0 0.001427 1.654461 -16.907679 -0.146617 0.009085 12.845295 116.0
139 10500.0 -0.146836 0.506879 0.0 0.005162 1.654461 -16.907679 -0.146617 0.009085 12.845295 116.0
140 10500.0 -0.150894 0.504207 0.0 0.006172 1.654461 -16.907679 -0.146617 0.009085 12.845295 116.0
141 10500.0 -0.170678 0.496296 0.0 0.006514 1.654461 -16.907679 -0.146617 0.009085 12.845295 116.0
142 10500.0 -0.153245 0.503498 0.0 0.006106 1.654461 -16.907679 -0.146617 0.009085 12.845295 116.0
143 10500.0 -0.15727 0.494841 0.0 0.011264 1.654461 -16.907679 -0.146617 0.009085 12.845295 116.0
144 10500.0 -0.15322 0.503863 0.0 0.00582 1.654461 -16.907679 -0.146617 0.009085 12.845295 116.0
145 10500.0 -0.172206 0.517834 0.0 -0.011295 1.654461 -16.907679 -0.146617 0.009085 12.845295 116.0
146 10500.0 -0.177885 0.502084 0.0 -0.000374 1.654461 -16.907679 -0.146617 0.009085 12.845295 116.0
147 10500.0 -0.175608 0.508705 0.0 -0.004999 1.654461 -16.907679 -0.146617 0.009085 12.845295 116.0
148 10500.0 -0.175307 0.541769 0.0 -0.031521 1.654461 -16.907679 -0.146617 0.009085 12.845295 116.0
149 10500.0 -0.161631 0.535842 0.0 -0.022521 1.654461 -16.907679 -0.146617 0.009085 12.845295 116.0
150 10500.0 -0.150806 0.53132 0.0 -0.015535 1.654461 -16.907679 -0.146617 0.009085 12.845295 116.0
151 10500.0 -0.159644 0.509564 0.0 -0.000755 1.654461 -16.907679 -0.146617 0.009085 12.845295 116.0
152 10500.0 -0.14092 0.497558 0.0 0.01265 1.654461 -16.907679 -0.146617 0.009085 12.845295 116.0
153 10500.0 -0.133825 0.503496 0.0 0.010025 1.654461 -16.907679 -0.146617 0.009085 12.845295 116.0
154 10500.0 -0.117791 0.508159 0.0 0.010031 1.654461 -16.907679 -0.146617 0.009085 12.845295 116.0
155 10500.0 -0.140877 0.518211 0.0 -0.001913 1.654461 -16.907679 -0.146617 0.009085 12.845295 116.0
156 10500.0 -0.149937 0.50401 0.0 0.006494 1.654461 -16.907679 -0.146617 0.009085 12.845295 116.0
157 10500.0 -0.139636 0.482727 0.0 0.022446 1.654461 -16.907679 -0.146617 0.009085 12.845295 116.0
158 10500.0 -0.150071 0.493409 0.0 0.013656 1.654461 -16.907679 -0.146617 0.009085 12.845295 116.0
159 10500.0 -0.14407 0.49182 0.0 0.01592 1.654461 -16.907679 -0.146617 0.009085 12.845295 116.0
160 10500.0 -0.136585 0.514125 0.0 0.002273 1.654461 -16.907679 -0.146617 0.009085 12.845295 116.0
161 10500.0 -0.148345 0.51452 0.0 -0.001251 1.654461 -16.907679 -0.146617 0.009085 12.845295 116.0
162 10500.0 -0.117077 0.50735 0.0 0.010721 1.654461 -16.907679 -0.146617 0.009085 12.845295 116.0
163 10500.0 -0.11047 0.505543 0.0 0.013008 1.654461 -16.907679 -0.146617 0.009085 12.845295 116.0
164 10500.0 -0.102387 0.5292 0.0 -0.001194 1.654461 -16.907679 -0.146617 0.009085 12.845295 116.0
165 10500.0 -0.094757 0.52129 0.0 0.004994 1.654461 -16.907679 -0.146617 0.009085 12.845295 116.0
166 10500.0 -0.107502 0.547928 0.0 -0.015515 1.654461 -16.907679 -0.146617 0.009085 12.845295 116.0
167 10500.0 -0.095188 0.528251 0.0 0.000872 1.654461 -16.907679 -0.146617 0.009085 12.845295 116.0
168 10500.0 -0.072033 0.508197 0.0 0.009634 1.654461 -16.907679 -0.146617 0.009085 12.845295 116.0
169 10500.0 -0.033095 0.505035 0.0 0.008468 1.654461 -16.907679 -0.146617 0.009085 12.845295 116.0
170 10500.0 -0.017655 0.522454 0.0 0.000731 1.654461 -16.907679 -0.146617 0.009085 12.845295 116.0
171 10500.0 -0.036061 0.537654 0.0 -0.00356 1.654461 -16.907679 -0.146617 0.009085 12.845295 116.0
172 10500.0 -0.032407 0.52911 0.0 -0.000961 1.654461 -16.907679 -0.146617 0.009085 12.845295 116.0
173 10500.0 -0.029816 0.536701 0.0 -0.003396 1.654461 -16.907679 -0.146617 0.009085 12.845295 116.0
174 10500.0 -0.024713 0.505647 0.0 0.007713 1.654461 -16.907679 -0.146617 0.009085 12.845295 116.0
175 10500.0 -0.009271 0.521984 0.0 0.000702 1.654461 -16.907679 -0.146617 0.009085 12.845295 116.0
176 10500.0 -0.010166 0.497617 0.0 0.009948 1.654461 -16.907679 -0.146617 0.009085 12.845295 116.0
177 10500.0 -0.012999 0.483081 0.0 0.01579 1.654461 -16.907679 -0.146617 0.009085 12.845295 116.0
178 10500.0 0.009822 0.485792 0.0 0.013327 1.654461 -16.907679 -0.146617 0.009085 12.845295 116.0
179 10500.0 0.012826 0.487193 0.0 0.012596 1.654461 -16.907679 -0.146617 0.009085 12.845295 116.0
180 10500.0 0.007621 0.506404 0.0 0.005426 1.654461 -16.907679 -0.146617 0.009085 12.845295 116.0
181 10500.0 -0.006584 0.505691 0.0 0.006579 1.654461 -16.907679 -0.146617 0.009085 12.845295 116.0
182 10500.0 0.024594 0.514907 0.0 0.002176 1.654461 -16.907679 -0.146617 0.009085 12.845295 116.0
183 10500.0 0.017989 0.550256 0.0 -0.008552 1.654461 -16.907679 -0.146617 0.009085 12.845295 116.0
184 10500.0 0.02215 0.522346 0.0 -6e-05 1.654461 -16.907679 -0.146617 0.009085 12.845295 116.0
185 10500.0 0.053493 0.507985 0.0 0.003705 1.654461 -16.907679 -0.146617 0.009085 12.845295 116.0
186 10500.0 0.032704 0.489396 0.0 0.010512 1.654461 -16.907679 -0.146617 0.009085 12.845295 116.0
187 10500.0 0.040229 0.511619 0.0 0.002863 1.654461 -16.907679 -0.146617 0.009085 12.845295 116.0
188 10500.0 0.058159 0.530498 0.0 -0.003311 1.654461 -16.907679 -0.146617 0.009085 12.845295 116.0
189 10500.0 0.039514 0.537175 0.0 -0.004977 1.654461 -16.907679 -0.146617 0.009085 12.845295 116.0
190 10500.0 0.071663 0.546488 0.0 -0.004167 1.654461 -16.907679 -0.146617 0.009085 12.845295 116.0
191 10500.0 0.048115 0.545002 0.0 -0.007561 1.654461 -16.907679 -0.146617 0.009085 12.845295 116.0
192 10500.0 0.051274 0.531038 0.0 -0.003335 1.654461 -16.907679 -0.146617 0.009085 12.845295 116.0
193 10500.0 0.063827 0.540129 0.0 -0.005622 1.654461 -16.907679 -0.146617 0.009085 12.845295 116.0
194 10500.0 0.072468 0.53135 0.0 -0.00387 1.654461 -16.907679 -0.146617 0.009085 12.845295 116.0
195 10500.0 0.06328 0.524221 0.0 -0.001488 1.654461 -16.907679 -0.146617 0.009085 12.845295 116.0
196 10500.0 0.070876 0.549073 0.0 -0.00421 1.654461 -16.907679 -0.146617 0.009085 12.845295 116.0
197 10500.0 0.091044 0.532906 0.0 -0.001506 1.654461 -16.907679 -0.146617 0.009085 12.845295 116.0
198 10500.0 0.100363 0.510292 0.0 0.002025 1.654461 -16.907679 -0.146617 0.009085 12.845295 116.0
199 10500.0 0.13281 0.487981 0.0 0.008571 1.654461 -16.907679 -0.146617 0.009085 12.845295 116.0
200 10500.0 0.145052 0.469268 0.0 0.015281 1.654461 -16.907679 -0.146617 0.009085 12.845295 116.0
201 10500.0 0.171165 0.444635 0.0 0.024002 1.654461 -16.907679 -0.146617 0.009085 12.845295 116.0
202 10500.0 0.176209 0.455425 0.0 0.019999 1.654461 -16.907679 -0.146617 0.009085 12.845295 116.0
203 10500.0 0.180897 0.467792 0.0 0.015422 1.654461 -16.907679 -0.146617 0.009085 12.845295 116.0
204 10500.0 0.180497 0.492768 0.0 0.012743 1.654461 -16.907679 -0.146617 0.009085 12.845295 116.0
205 10500.0 0.199404 0.515016 0.0 0.015228 1.654461 -16.907679 -0.146617 0.009085 12.845295 116.0
206 10500.0 0.223886 0.519215 0.0 0.033154 1.654461 -16.907679 -0.146617 0.009085 12.845295 116.0
207 10500.0 0.240984 0.522272 0.0 0.047127 1.654461 -16.907679 -0.146617 0.009085 12.845295 116.0
208 10500.0 0.248035 0.515359 0.0 0.048464 1.654461 -16.907679 -0.146617 0.009085 12.845295 116.0
209 10500.0 0.239464 0.518253 0.0 0.043856 1.654461 -16.907679 -0.146617 0.009085 12.845295 116.0
210 10500.0 0.239626 0.524173 0.0 0.047178 1.654461 -16.907679 -0.146617 0.009085 12.845295 116.0
211 10500.0 0.237116 0.531994 0.0 0.049603 1.654461 -16.907679 -0.146617 0.009085 12.845295 116.0
212 10500.0 0.257157 0.53529 0.0 0.065826 1.654461 -16.907679 -0.146617 0.009085 12.845295 116.0
213 10500.0 0.248246 0.53773 0.0 0.060727 1.654461 -16.907679 -0.146617 0.009085 12.845295 116.0
214 10500.0 0.30248 0.512724 0.0 0.087508 1.654461 -16.907679 -0.146617 0.009085 12.845295 116.0
215 10500.0 0.304456 0.492776 0.0 0.080891 1.654461 -16.907679 -0.146617 0.009085 12.845295 116.0
216 10500.0 0.31472 0.525206 0.0 0.101838 1.654461 -16.907679 -0.146617 0.009085 12.845295 116.0
217 10500.0 0.3041 0.511367 0.0 0.088162 1.654461 -16.907679 -0.146617 0.009085 12.845295 116.0
218 10500.0 0.318901 0.491584 0.0 0.091136 1.654461 -16.907679 -0.146617 0.009085 12.845295 116.0
219 10500.0 0.310473 0.493142 0.0 0.085509 1.654461 -16.907679 -0.146617 0.009085 12.845295 116.0
220 10500.0 0.334904 0.488653 0.0 0.101834 1.654461 -16.907679 -0.146617 0.009085 12.845295 116.0
221 10500.0 0.322475 0.491081 0.0 0.093587 1.654461 -16.907679 -0.146617 0.009085 12.845295 116.0
222 10500.0 0.363096 0.509384 0.0 0.131174 1.654461 -16.907679 -0.146617 0.009085 12.845295 116.0
223 10500.0 0.377841 0.537989 0.0 0.154234 1.654461 -16.907679 -0.146617 0.009085 12.845295 116.0
224 10500.0 0.394713 0.536771 0.0 0.165757 1.654461 -16.907679 -0.146617 0.009085 12.845295 116.0
225 10500.0 0.399565 0.536865 0.0 0.169398 1.654461 -16.907679 -0.146617 0.009085 12.845295 116.0
226 10500.0 0.395787 0.55804 0.0 0.178257 1.654461 -16.907679 -0.146617 0.009085 12.845295 116.0
227 10500.0 0.406491 0.550795 0.0 0.181972 1.654461 -16.907679 -0.146617 0.009085 12.845295 116.0
228 10500.0 0.421704 0.559976 0.0 0.201357 1.654461 -16.907679 -0.146617 0.009085 12.845295 116.0
229 10500.0 0.457043 0.557312 0.0 0.229585 1.654461 -16.907679 -0.146617 0.009085 12.845295 116.0
230 10500.0 0.46106 0.556537 0.0 0.232457 1.654461 -16.907679 -0.146617 0.009085 12.845295 116.0
231 10500.0 0.46659 0.551035 0.0 0.233257 1.654461 -16.907679 -0.146617 0.009085 12.845295 116.0
232 10500.0 0.481046 0.585965 0.0 0.270432 1.654461 -16.907679 -0.146617 0.009085 12.845295 116.0
233 10500.0 0.471421 0.61043 0.0 0.279635 1.654461 -16.907679 -0.146617 0.009085 12.845295 116.0
234 10500.0 0.47762 0.612015 0.0 0.286046 1.654461 -16.907679 -0.146617 0.009085 12.845295 116.0
235 10500.0 0.488626 0.621305 0.0 0.302038 1.654461 -16.907679 -0.146617 0.009085 12.845295 116.0
236 10500.0 0.49395 0.61358 0.0 0.301079 1.654461 -16.907679 -0.146617 0.009085 12.845295 116.0
237 10500.0 0.492142 0.589336 0.0 0.282289 1.654461 -16.907679 -0.146617 0.009085 12.845295 116.0
238 10500.0 0.504039 0.575387 0.0 0.282505 1.654461 -16.907679 -0.146617 0.009085 12.845295 116.0
239 10500.0 0.524466 0.568646 0.0 0.29512 1.654461 -16.907679 -0.146617 0.009085 12.845295 116.0
240 10500.0 0.508278 0.556455 0.0 0.272648 1.654461 -16.907679 -0.146617 0.009085 12.845295 116.0
241 10500.0 0.543935 0.578796 0.0 0.318938 1.654461 -16.907679 -0.146617 0.009085 12.845295 116.0
242 10500.0 0.552959 0.592166 0.0 0.336143 1.654461 -16.907679 -0.146617 0.009085 12.845295 116.0
243 10500.0 0.578441 0.579161 0.0 0.348611 1.654461 -16.907679 -0.146617 0.009085 12.845295 116.0
244 10500.0 0.572166 0.582551 0.0 0.345674 1.654461 -16.907679 -0.146617 0.009085 12.845295 116.0
245 10500.0 0.585664 0.56347 0.0 0.344248 1.654461 -16.907679 -0.146617 0.009085 12.845295 116.0
246 10500.0 0.60427 0.553769 0.0 0.354939 1.654461 -16.907679 -0.146617 0.009085 12.845295 116.0
247 10500.0 0.620692 0.601728 0.0 0.400682 1.654461 -16.907679 -0.146617 0.009085 12.845295 116.0
248 10500.0 0.652635 0.610937 0.0 0.434463 1.654461 -16.907679 -0.146617 0.009085 12.845295 116.0
249 10500.0 0.665815 0.627488 0.0 0.457474 1.654461 -16.907679 -0.146617 0.009085 12.845295 116.0
250 10500.0 0.654916 0.632526 0.0 0.451768 1.654461 -16.907679 -0.146617 0.009085 12.845295 116.0
251 10500.0 0.672849 0.656218 0.0 0.483912 1.654461 -16.907679 -0.146617 0.009085 12.845295 116.0
252 10500.0 0.689412 0.676842 0.0 0.512704 1.654461 -16.907679 -0.146617 0.009085 12.845295 116.0
253 10500.0 0.671178 0.673941 0.0 0.495098 1.654461 -16.907679 -0.146617 0.009085 12.845295 116.0
254 10500.0 0.683658 0.647823 0.0 0.487152 1.654461 -16.907679 -0.146617 0.009085 12.845295 116.0
255 10500.0 0.67086 0.646342 0.0 0.475189 1.654461 -16.907679 -0.146617 0.009085 12.845295 116.0
256 10500.0 0.677 0.630734 0.0 0.469318 1.654461 -16.907679 -0.146617 0.009085 12.845295 116.0
257 10500.0 0.696556 0.645557 0.0 0.496535 1.654461 -16.907679 -0.146617 0.009085 12.845295 116.0
258 10500.0 0.725265 0.612733 0.0 0.497651 1.654461 -16.907679 -0.146617 0.009085 12.845295 116.0
259 10500.0 0.731703 0.645597 0.0 0.526522 1.654461 -16.907679 -0.146617 0.009085 12.845295 116.0
260 10500.0 0.745067 0.66881 0.0 0.55443 1.654461 -16.907679 -0.146617 0.009085 12.845295 116.0
261 10500.0 0.719922 0.658753 0.0 0.525841 1.654461 -16.907679 -0.146617 0.009085 12.845295 116.0
262 10500.0 0.719157 0.673391 0.0 0.535604 1.654461 -16.907679 -0.146617 0.009085 12.845295 116.0
263 10500.0 0.737862 0.677097 0.0 0.554185 1.654461 -16.907679 -0.146617 0.009085 12.845295 116.0
264 10500.0 0.742134 0.673634 0.0 0.555362 1.654461 -16.907679 -0.146617 0.009085 12.845295 116.0
265 10500.0 0.727394 0.697618 0.0 0.559863 1.654461 -16.907679 -0.146617 0.009085 12.845295 116.0
266 10500.0 0.735512 0.664979 0.0 0.54356 1.654461 -16.907679 -0.146617 0.009085 12.845295 116.0
267 10500.0 0.728724 0.68359 0.0 0.551016 1.654461 -16.907679 -0.146617 0.009085 12.845295 116.0
268 10500.0 0.71389 0.68335 0.0 0.538201 1.654461 -16.907679 -0.146617 0.009085 12.845295 116.0
269 10500.0 0.704074 0.705202 0.0 0.545381 1.654461 -16.907679 -0.146617 0.009085 12.845295 116.0
270 10500.0 0.700631 0.720716 0.0 0.553485 1.654461 -16.907679 -0.146617 0.009085 12.845295 116.0
271 10500.0 0.707626 0.716093 0.0 0.556158 1.654461 -16.907679 -0.146617 0.009085 12.845295 116.0
272 10500.0 0.721591 0.738757 0.0 0.584188 1.654461 -16.907679 -0.146617 0.009085 12.845295 116.0
273 10500.0 0.756385 0.729651 0.0 0.607367 1.654461 -16.907679 -0.146617 0.009085 12.845295 116.0
274 10500.0 0.73808 0.755832 0.0 0.610392 1.654461 -16.907679 -0.146617 0.009085 12.845295 116.0
275 10500.0 0.737166 0.751881 0.0 0.606802 1.654461 -16.907679 -0.146617 0.009085 12.845295 116.0
276 10500.0 0.744873 0.758008 0.0 0.6178 1.654461 -16.907679 -0.146617 0.009085 12.845295 116.0
277 10500.0 0.759459 0.761197 0.0 0.632827 1.654461 -16.907679 -0.146617 0.009085 12.845295 116.0
278 10500.0 0.768177 0.775423 0.0 0.650849 1.654461 -16.907679 -0.146617 0.009085 12.845295 116.0
279 10500.0 0.79291 0.766161 0.0 0.665567 1.654461 -16.907679 -0.146617 0.009085 12.845295 116.0
280 10500.0 0.790398 0.770892 0.0 0.666853 1.654461 -16.907679 -0.146617 0.009085 12.845295 116.0
281 10500.0 0.78436 0.791944 0.0 0.677048 1.654461 -16.907679 -0.146617 0.009085 12.845295 116.0
282 10500.0 0.773224 0.798555 0.0 0.672211 1.654461 -16.907679 -0.146617 0.009085 12.845295 116.0
283 10500.0 0.784961 0.801028 0.0 0.684236 1.654461 -16.907679 -0.146617 0.009085 12.845295 116.0
284 10500.0 0.806959 0.802759 0.0 0.70464 1.654461 -16.907679 -0.146617 0.009085 12.845295 116.0
285 10500.0 0.809906 0.819466 0.0 0.719462 1.654461 -16.907679 -0.146617 0.009085 12.845295 116.0
286 10500.0 0.799762 0.843364 0.0 0.728173 1.654461 -16.907679 -0.146617 0.009085 12.845295 116.0
287 10500.0 0.800128 0.836658 0.0 0.723571 1.654461 -16.907679 -0.146617 0.009085 12.845295 116.0
