 time p.x p.y p.z deep.node-0 CV opes.bias opes.rct opes.zed opes.neff opes.nker
0 12325.0 -0.767434 1.210131 0.0 -0.902449 1.576639 -15.760995 -0.162699 0.008856 12.845295 119.0
1 12325.0 -0.77673 1.207217 0.0 -0.903239 1.576639 -15.760995 -0.162699 0.008856 12.845295 119.0
2 12325.0 -0.779132 1.186509 0.0 -0.891732 1.576639 -15.760995 -0.162699 0.008856 12.845295 119.0
3 12325.0 -0.797972 1.190379 0.0 -0.899098 1.576639 -15.760995 -0.162699 0.008856 12.845295 119.0
4 12325.0 -0.79058 1.208094 0.0 -0.907415 1.576639 -15.760995 -0.162699 0.008856 12.845295 119.0
5 12325.0 -0.782291 1.216043 0.0 -0.909786 1.576639 -15.760995 -0.162699 0.008856 12.845295 119.0
6 12325.0 -0.788555 1.21682 0.0 -0.911894 1.576639 -15.760995 -0.162699 0.008856 12.845295 119.0
7 12325.0 -0.780085 1.191689 0.0 -0.895037 1.576639 -15.760995 -0.162699 0.008856 12.845295 119.0
8 12325.0 -0.782797 1.171761 0.0 -0.884044 1.576639 -15.760995 -0.162699 0.008856 12.845295 119.0
9 12325.0 -0.764365 1.178062 0.0 -0.882772 1.576639 -15.760995 -0.162699 0.008856 12.845295 119.0
10 12325.0 -0.794601 1.166907 0.0 -0.884376 1.576639 -15.760995 -0.162699 0.008856 12.845295 119.0
11 12325.0 -0.84544 1.179264 0.0 -0.905381 1.576639 -15.760995 -0.162699 0.008856 12.845295 119.0
12 12325.0 -0.857713 1.168749 0.0 -0.902509 1.576639 -15.760995 -0.162699 0.008856 12.845295 119.0
13 12325.0 -0.853379 1.121225 0.0 -0.873374 1.576639 -15.760995 -0.162699 0.008856 12.845295 119.0
14 12325.0 -0.867302 1.105335 0.0 -0.867785 1.576639 -15.760995 -0.162699 0.008856 12.845295 119.0
15 12325.0 -0.850545 1.086094 0.0 -0.851936 1.576639 -15.760995 -0.162699 0.008856 12.845295 119.0
16 12325.0 -0.85213 1.071078 0.0 -0.843529 1.576639 -15.760995 -0.162699 0.008856 12.845295 119.0
17 12325.0 -0.878477 1.079771 0.0 -0.855761 1.576639 -15.760995 -0.162699 0.008856 12.845295 119.0
18 12325.0 -0.873817 1.061267 0.0 -0.843614 1.576639 -15.760995 -0.162699 0.008856 12.845295 119.0
19 12325.0 -0.893439 1.045795 0.0 -0.839811 1.576639 -15.760995 -0.162699 0.008856 12.845295 119.0
20 12325.0 -0.89717 1.043929 0.0 -0.839721 1.576639 -15.760995 -0.162699 0.008856 12.845295 119.0
21 12325.0 -0.899065 0.996016 0.0 -0.811938 1.576639 -15.760995 -0.162699 0.008856 12.845295 119.0
22 12325.0 -0.899487 0.980315 0.0 -0.802695 1.576639 -15.760995 -0.162699 0.008856 12.845295 119.0
23 12325.0 -0.888647 0.952821 0.0 -0.783269 1.576639 -15.760995 -0.162699 0.008856 12.845295 119.0
24 12325.0 -0.906653 0.924369 0.0 -0.765052 1.576639 -15.760995 -0.162699 0.008856 12.845295 119.0
25 12325.0 -0.894058 0.895429 0.0 -0.73595 1.576639 -15.760995 -0.162699 0.008856 12.845295 119.0
26 12325.0 -0.886094 0.869482 0.0 -0.710637 1.576639 -15.760995 -0.162699 0.008856 12.845295 119.0
27 12325.0 -0.876301 0.847292 0.0 -0.687983 1.576639 -15.760995 -0.162699 0.008856 12.845295 119.0
28 12325.0 -0.883003 0.837798 0.0 -0.681964 1.576639 -15.760995 -0.162699 0.008856 12.845295 119.0
29 12325.0 -0.881456 0.828686 0.0 -0.673496 1.576639 -15.760995 -0.162699 0.008856 12.845295 119.0
30 12325.0 -0.860095 0.788771 0.0 -0.631483 1.576639 -15.760995 -0.162699 0.008856 12.845295 119.0
31 12325.0 -0.847133 0.789019 0.0 -0.627329 1.576639 -15.760995 -0.162699 0.008856 12.845295 119.0
32 12325.0 -0.821984 0.783895 0.0 -0.61438 1.576639 -15.760995 -0.162699 0.008856 12.845295 119.0
33 12325.0 -0.821371 0.768549 0.0 -0.60079 1.576639 -15.760995 -0.162699 0.008856 12.845295 119.0
34 12325.0 -0.806509 0.757513 0.0 -0.586176 1.576639 -15.760995 -0.162699 0.008856 12.845295 119.0
35 12325.0 -0.791656 0.741152 0.0 -0.566939 1.576639 -15.760995 -0.162699 0.008856 12.845295 119.0
36 12325.0 -0.797585 0.735207 0.0 -0.563774 1.576639 -15.760995 -0.162699 0.008856 12.845295 119.0
37 12325.0 -0.758591 0.729333 0.0 -0.542373 1.576639 -15.760995 -0.162699 0.008856 12.845295 119.0
38 12325.0 -0.747348 0.722502 0.0 -0.530083 1.576639 -15.760995 -0.162699 0.008856 12.845295 119.0
39 12325.0 -0.745852 0.735779 0.0 -0.544309 1.576639 -15.760995 -0.162699 0.008856 12.845295 119.0
40 12325.0 -0.752346 0.743769 0.0 -0.555177 1.576639 -15.760995 -0.162699 0.008856 12.845295 119.0
41 12325.0 -0.724455 0.73164 0.0 -0.530829 1.576639 -15.760995 -0.162699 0.008856 12.845295 119.0
42 12325.0 -0.702259 0.707746 0.0 -0.494928 1.576639 -15.760995 -0.162699 0.008856 12.845295 119.0
43 12325.0 -0.734065 0.690829 0.0 -0.489172 1.576639 -15.760995 -0.162699 0.008856 12.845295 119.0
44 12325.0 -0.738459 0.673533 0.0 -0.471651 1.576639 -15.760995 -0.162699 0.008856 12.845295 119.0
45 12325.0 -0.730613 0.663039 0.0 -0.45667 1.576639 -15.760995 -0.162699 0.008856 12.845295 119.0
46 12325.0 -0.744591 0.664501 0.0 -0.464089 1.576639 -15.760995 -0.162699 0.008856 12.845295 119.0
47 12325.0 -0.750016 0.661925 0.0 -0.463454 1.576639 -15.760995 -0.162699 0.008856 12.845295 119.0
48 12325.0 -0.750698 0.654237 0.0 -0.455139 1.576639 -15.760995 -0.162699 0.008856 12.845295 119.0
49 12325.0 -0.729412 0.623488 0.0 -0.41195 1.576639 -15.760995 -0.162699 0.008856 12.845295 119.0
50 12325.0 -0.680653 0.627852 0.0 -0.396654 1.576639 -15.760995 -0.162699 0.008856 12.845295 119.0
51 12325.0 -0.67518 0.609825 0.0 -0.374233 1.576639 -15.760995 -0.162699 0.008856 12.845295 119.0
52 12325.0 -0.674002 0.601532 0.0 -0.364473 1.576639 -15.760995 -0.162699 0.008856 12.845295 119.0
53 12325.0 -0.675696 0.589108 0.0 -0.351282 1.576639 -15.760995 -0.162699 0.008856 12.845295 119.0
54 12325.0 -0.686185 0.582626 0.0 -0.348374 1.576639 -15.760995 -0.162699 0.008856 12.845295 119.0
55 12325.0 -0.673254 0.57576 0.0 -0.335346 1.576639 -15.760995 -0.162699 0.008856 12.845295 119.0
56 12325.0 -0.654036 0.582182 0.0 -0.334575 1.576639 -15.760995 -0.162699 0.008856 12.845295 119.0
57 12325.0 -0.64679 0.571624 0.0 -0.319409 1.576639 -15.760995 -0.162699 0.008856 12.845295 119.0
58 12325.0 -0.64535 0.55376 0.0 -0.29565 1.576639 -15.760995 -0.162699 0.008856 12.845295 119.0
59 12325.0 -0.646107 0.547429 0.0 -0.288426 1.576639 -15.760995 -0.162699 0.008856 12.845295 119.0
60 12325.0 -0.641356 0.540232 0.0 -0.276804 1.576639 -15.760995 -0.162699 0.008856 12.845295 119.0
61 12325.0 -0.61358 0.532378 0.0 -0.246729 1.576639 -15.760995 -0.162699 0.008856 12.845295 119.0
62 12325.0 -0.61858 0.512358 0.0 -0.21743 1.576639 -15.760995 -0.162699 0.008856 12.845295 119.0
63 12325.0 -0.600664 0.534872 0.0 -0.238385 1.576639 -15.760995 -0.162699 0.008856 12.845295 119.0
64 12325.0 -0.586691 0.532977 0.0 -0.221514 1.576639 -15.760995 -0.162699 0.008856 12.845295 119.0
65 12325.0 -0.594319 0.547007 0.0 -0.253328 1.576639 -15.760995 -0.162699 0.008856 12.845295 119.0
66 12325.0 -0.575674 0.552389 0.0 -0.245132 1.576639 -15.760995 -0.162699 0.008856 12.845295 119.0
67 12325.0 -0.591539 0.531893 0.0 -0.224395 1.576639 -15.760995 -0.162699 0.008856 12.845295 119.0
68 12325.0 -0.570879 0.531249 0.0 -0.20323 1.576639 -15.760995 -0.162699 0.008856 12.845295 119.0
69 12325.0 -0.560686 0.529981 0.0 -0.191622 1.576639 -15.760995 -0.162699 0.008856 12.845295 119.0
70 12325.0 -0.55569 0.543622 0.0 -0.210666 1.576639 -15.760995 -0.162699 0.008856 12.845295 119.0
71 12325.0 -0.531949 0.548761 0.0 -0.197641 1.576639 -15.760995 -0.162699 0.008856 12.845295 119.0
72 12325.0 -0.493051 0.537165 0.0 -0.155296 1.576639 -15.760995 -0.162699 0.008856 12.845295 119.0
73 12325.0 -0.473357 0.560697 0.0 -0.173964 1.576639 -15.760995 -0.162699 0.008856 12.845295 119.0
74 12325.0 -0.458544 0.53091 0.0 -0.127023 1.576639 -15.760995 -0.162699 0.008856 12.845295 119.0
75 12325.0 -0.450317 0.533753 0.0 -0.126542 1.576639 -15.760995 -0.162699 0.008856 12.845295 119.0
76 12325.0 -0.406491 0.541276 0.0 -0.116709 1.576639 -15.760995 -0.162699 0.008856 12.845295 119.0
77 12325.0 -0.398887 0.56269 0.0 -0.13417 1.576639 -15.760995 -0.162699 0.008856 12.845295 119.0
78 12325.0 -0.401177 0.554502 0.0 -0.127254 1.576639 -15.760995 -0.162699 0.008856 12.845295 119.0
79 12325.0 -0.351449 0.520503 0.0 -0.075557 1.576639 -15.760995 -0.162699 0.008856 12.845295 119.0
80 12325.0 -0.329721 0.517222 0.0 -0.064 1.576639 -15.760995 -0.162699 0.008856 12.845295 119.0
81 12325.0 -0.331655 0.51401 0.0 -0.06169 1.576639 -15.760995 -0.162699 0.008856 12.845295 119.0
82 12325.0 -0.300128 0.51268 0.0 -0.048192 1.576639 -15.760995 -0.162699 0.008856 12.845295 119.0
83 12325.0 -0.295774 0.51031 0.0 -0.044244 1.576639 -15.760995 -0.162699 0.008856 12.845295 119.0
84 12325.0 -0.277527 0.531566 0.0 -0.057424 1.576639 -15.760995 -0.162699 0.008856 12.845295 119.0
85 12325.0 -0.279571 0.551474 0.0 -0.077192 1.576639 -15.760995 -0.162699 0.008856 12.845295 119.0
86 12325.0 -0.289458 0.538908 0.0 -0.06905 1.576639 -15.760995 -0.162699 0.008856 12.845295 119.0
87 12325.0 -0.290349 0.542118 0.0 -0.072455 1.576639 -15.760995 -0.162699 0.008856 12.845295 119.0
88 12325.0 -0.281767 0.544955 0.0 -0.071831 1.576639 -15.760995 -0.162699 0.008856 12.845295 119.0
89 12325.0 -0.304642 0.532234 0.0 -0.06858 1.576639 -15.760995 -0.162699 0.008856 12.845295 119.0
90 12325.0 -0.287954 0.498399 0.0 -0.031438 1.576639 -15.760995 -0.162699 0.008856 12.845295 119.0
91 12325.0 -0.277659 0.521623 0.0 -0.047998 1.576639 -15.760995 -0.162699 0.008856 12.845295 119.0
92 12325.0 -0.248702 0.514942 0.0 -0.032618 1.576639 -15.760995 -0.162699 0.008856 12.845295 119.0
93 12325.0 -0.250756 0.484269 0.0 -0.008563 1.576639 -15.760995 -0.162699 0.008856 12.845295 119.0
94 12325.0 -0.216095 0.480834 0.0 0.004918 1.576639 -15.760995 -0.162699 0.008856 12.845295 119.0
95 12325.0 -0.232245 0.491458 0.0 -0.008627 1.576639 -15.760995 -0.162699 0.008856 12.845295 119.0
96 12325.0 -0.224762 0.509447 0.0 -0.020793 1.576639 -15.760995 -0.162699 0.008856 12.845295 119.0
97 12325.0 -0.243079 0.503979 0.0 -0.022055 1.576639 -15.760995 -0.162699 0.008856 12.845295 119.0
98 12325.0 -0.228353 0.494746 0.0 -0.01007 1.576639 -15.760995 -0.162699 0.008856 12.845295 119.0
99 12325.0 -0.230907 0.482303 0.0 -0.000844 1.576639 -15.760995 -0.162699 0.008856 12.845295 119.0
100 12325.0 -0.25019 0.51202 0.0 -0.030726 1.576639 -15.760995 -0.162699 0.008856 12.845295 119.0
101 12325.0 -0.233454 0.484246 0.0 -0.003195 1.576639 -15.760995 -0.162699 0.008856 12.845295 119.0
102 12325.0 -0.207956 0.500721 0.0 -0.008573 1.576639 -15.760995 -0.162699 0.008856 12.845295 119.0
103 12325.0 -0.18336 0.497173 0.0 0.001887 1.576639 -15.760995 -0.162699 0.008856 12.845295 119.0
104 12325.0 -0.187827 0.488134 0.0 0.007782 1.576639 -15.760995 -0.162699 0.008856 12.845295 119.0
105 12325.0 -0.179254 0.472711 0.0 0.021926 1.576639 -15.760995 -0.162699 0.008856 12.845295 119.0
106 12325.0 -0.170064 0.481459 0.0 0.01781 1.576639 -15.760995 -0.162699 0.008856 12.845295 119.0
107 12325.0 -0.159198 0.460399 0.0 0.032109 1.576639 -15.760995 -0.162699 0.008856 12.845295 119.0
108 12325.0 -0.139 0.479557 0.0 0.024081 1.576639 -15.760995 -0.162699 0.008856 12.845295 119.0
109 12325.0 -0.144248 0.490863 0.0 0.016533 1.576639 -15.760995 -0.162699 0.008856 12.845295 119.0
110 12325.0 -0.125283 0.490775 0.0 0.019527 1.576639 -15.760995 -0.162699 0.008856 12.845295 119.0
111 12325.0 -0.096913 0.495661 0.0 0.016054 1.576639 -15.760995 -0.162699 0.008856 12.845295 119.0
112 12325.0 -0.119688 0.497111 0.0 0.016788 1.576639 -15.760995 -0.162699 0.008856 12.845295 119.0
113 12325.0 -0.09828 0.508315 0.0 0.011205 1.576639 -15.760995 -0.162699 0.008856 12.845295 119.0
114 12325.0 -0.074553 0.474617 0.0 0.022882 1.576639 -15.760995 -0.162699 0.008856 12.845295 119.0
115 12325.0 -0.078743 0.495698 0.0 0.014921 1.576639 -15.760995 -0.162699 0.008856 12.845295 119.0
116 12325.0 -0.074755 0.506189 0.0 0.010585 1.576639 -15.760995 -0.162699 0.008856 12.845295 119.0
117 12325.0 -0.083744 0.524828 0.0 0.003633 1.576639 -15.760995 -0.162699 0.008856 12.845295 119.0
118 12325.0 -0.081639 0.526745 0.0 0.002669 1.576639 -15.760995 -0.162699 0.008856 12.845295 119.0
119 12325.0 -0.071093 0.506968 0.0 0.010055 1.576639 -15.760995 -0.162699 0.008856 12.845295 119.0
120 12325.0 -0.067761 0.523671 0.0 0.003338 1.576639 -15.760995 -0.162699 0.008856 12.845295 119.0
121 12325.0 -0.075025 0.505054 0.0 0.011044 1.576639 -15.760995 -0.162699 0.008856 12.845295 119.0
122 12325.0 -0.093661 0.50397 0.0 0.012614 1.576639 -15.760995 -0.162699 0.008856 12.845295 119.0
123 12325.0 -0.100952 0.47672 0.0 0.023688 1.576639 -15.760995 -0.162699 0.008856 12.845295 119.0
124 12325.0 -0.079776 0.458868 0.0 0.029373 1.576639 -15.760995 -0.162699 0.008856 12.845295 119.0
125 12325.0 -0.07126 0.459109 0.0 0.028822 1.576639 -15.760995 -0.162699 0.008856 12.845295 119.0
126 12325.0 -0.068862 0.457149 0.0 0.029576 1.576639 -15.760995 -0.162699 0.008856 12.845295 119.0
127 12325.0 -0.046863 0.479661 0.0 0.01921 1.576639 -15.760995 -0.162699 0.008856 12.845295 119.0
128 12325.0 -0.029372 0.49086 0.0 0.013766 1.576639 -15.760995 -0.162699 0.008856 12.845295 119.0
129 12325.0 -0.03527 0.491335 0.0 0.013943 1.576639 -15.760995 -0.162699 0.008856 12.845295 119.0
130 12325.0 -0.033278 0.498335 0.0 0.011092 1.576639 -15.760995 -0.162699 0.008856 12.845295 119.0
131 12325.0 -0.039804 0.487298 0.0 0.015797 1.576639 -15.760995 -0.162699 0.008856 12.845295 119.0
132 12325.0 -0.043986 0.476071 0.0 0.020432 1.576639 -15.760995 -0.162699 0.008856 12.845295 119.0
133 12325.0 -0.032485 0.477191 0.0 0.019287 1.576639 -15.760995 -0.162699 0.008856 12.845295 119.0
134 12325.0 -0.024489 0.476491 0.0 0.019067 1.576639 -15.760995 -0.162699 0.008856 12.845295 119.0
135 12325.0 -0.00381 0.478871 0.0 0.016865 1.576639 -15.760995 -0.162699 0.008856 12.845295 119.0
136 12325.0 -0.003862 0.481759 0.0 0.015743 1.576639 -15.760995 -0.162699 0.008856 12.845295 119.0
137 12325.0 -0.027445 0.485993 0.0 0.015544 1.576639 -15.760995 -0.162699 0.008856 12.845295 119.0
138 12325.0 -0.025785 0.499474 0.0 0.010186 1.576639 -15.760995 -0.162699 0.008856 12.845295 119.0
139 12325.0 -0.008952 0.525663 0.0 -0.000435 1.576639 -15.760995 -0.162699 0.008856 12.845295 119.0
140 12325.0 -0.017582 0.532592 0.0 -0.002386 1.576639 -15.760995 -0.162699 0.008856 12.845295 119.0
141 12325.0 -0.001033 0.51129 0.0 0.004054 1.576639 -15.760995 -0.162699 0.008856 12.845295 119.0
142 12325.0 0.014874 0.496954 0.0 0.008664 1.576639 -15.760995 -0.162699 0.008856 12.845295 119.0
143 12325.0 0.022865 0.478315 0.0 0.015439 1.576639 -15.760995 -0.162699 0.008856 12.845295 119.0
144 12325.0 0.032758 0.533127 0.0 -0.003593 1.576639 -15.760995 -0.162699 0.008856 12.845295 119.0
145 12325.0 0.020467 0.50649 0.0 0.004849 1.576639 -15.760995 -0.162699 0.008856 12.845295 119.0
146 12325.0 0.009141 0.491732 0.0 0.011053 1.576639 -15.760995 -0.162699 0.008856 12.845295 119.0
147 12325.0 0.036683 0.495571 0.0 0.007869 1.576639 -15.760995 -0.162699 0.008856 12.845295 119.0
148 12325.0 0.040859 0.46964 0.0 0.018266 1.576639 -15.760995 -0.162699 0.008856 12.845295 119.0
149 12325.0 0.028545 0.49049 0.0 0.010342 1.576639 -15.760995 -0.162699 0.008856 12.845295 119.0
150 12325.0 0.035996 0.500846 0.0 0.006262 1.576639 -15.760995 -0.162699 0.008856 12.845295 119.0
151 12325.0 0.048875 0.476836 0.0 0.014622 1.576639 -15.760995 -0.162699 0.008856 12.845295 119.0
152 12325.0 0.04793 0.503429 0.0 0.005221 1.576639 -15.760995 -0.162699 0.008856 12.845295 119.0
153 12325.0 0.081764 0.522009 0.0 -0.001191 1.576639 -15.760995 -0.162699 0.008856 12.845295 119.0
154 12325.0 0.099951 0.513861 0.0 0.000937 1.576639 -15.760995 -0.162699 0.008856 12.845295 119.0
155 12325.0 0.105493 0.507958 0.0 0.002636 1.576639 -15.760995 -0.162699 0.008856 12.845295 119.0
156 12325.0 0.117479 0.517884 0.0 0.002235 1.576639 -15.760995 -0.162699 0.008856 12.845295 119.0
157 12325.0 0.129097 0.506951 0.0 0.003741 1.576639 -15.760995 -0.162699 0.008856 12.845295 119.0
158 12325.0 0.14065 0.500413 0.0 0.005377 1.576639 -15.760995 -0.162699 0.008856 12.845295 119.0
159 12325.0 0.148252 0.502366 0.0 0.006654 1.576639 -15.760995 -0.162699 0.008856 12.845295 119.0
160 12325.0 0.173138 0.515056 0.0 0.011034 1.576639 -15.760995 -0.162699 0.008856 12.845295 119.0
161 12325.0 0.163994 0.544382 0.0 0.010512 1.576639 -15.760995 -0.162699 0.008856 12.845295 119.0
162 12325.0 0.151941 0.570371 0.0 0.009418 1.576639 -15.760995 -0.162699 0.008856 12.845295 119.0
163 12325.0 0.174246 0.553795 0.0 0.016111 1.576639 -15.760995 -0.162699 0.008856 12.845295 119.0
164 12325.0 0.184107 0.538808 0.0 0.015102 1.576639 -15.760995 -0.162699 0.008856 12.845295 119.0
165 12325.0 0.204395 0.545912 0.0 0.033564 1.576639 -15.760995 -0.162699 0.008856 12.845295 119.0
166 12325.0 0.218869 0.534533 0.0 0.037831 1.576639 -15.760995 -0.162699 0.008856 12.845295 119.0
167 12325.0 0.236116 0.5127 0.0 0.038437 1.576639 -15.760995 -0.162699 0.008856 12.845295 119.0
168 12325.0 0.249656 0.502791 0.0 0.04425 1.576639 -15.760995 -0.162699 0.008856 12.845295 119.0
169 12325.0 0.244115 0.48454 0.0 0.032738 1.576639 -15.760995 -0.162699 0.008856 12.845295 119.0
170 12325.0 0.230422 0.490885 0.0 0.02514 1.576639 -15.760995 -0.162699 0.008856 12.845295 119.0
171 12325.0 0.234701 0.506658 0.0 0.03471 1.576639 -15.760995 -0.162699 0.008856 12.845295 119.0
172 12325.0 0.257338 0.523542 0.0 0.059596 1.576639 -15.760995 -0.162699 0.008856 12.845295 119.0
173 12325.0 0.247405 0.518467 0.0 0.049693 1.576639 -15.760995 -0.162699 0.008856 12.845295 119.0
174 12325.0 0.231396 0.548808 0.0 0.054584 1.576639 -15.760995 -0.162699 0.008856 12.845295 119.0
175 12325.0 0.234186 0.54448 0.0 0.054252 1.576639 -15.760995 -0.162699 0.008856 12.845295 119.0
176 12325.0 0.22836 0.546446 0.0 0.051119 1.576639 -15.760995 -0.162699 0.008856 12.845295 119.0
177 12325.0 0.223931 0.530859 0.0 0.03949 1.576639 -15.760995 -0.162699 0.008856 12.845295 119.0
178 12325.0 0.209449 0.526387 0.0 0.026635 1.576639 -15.760995 -0.162699 0.008856 12.845295 119.0
179 12325.0 0.229623 0.529619 0.0 0.042919 1.576639 -15.760995 -0.162699 0.008856 12.845295 119.0
180 12325.0 0.246285 0.524172 0.0 0.051975 1.576639 -15.760995 -0.162699 0.008856 12.845295 119.0
181 12325.0 0.231455 0.50546 0.0 0.031814 1.576639 -15.760995 -0.162699 0.008856 12.845295 119.0
182 12325.0 0.239302 0.493612 0.0 0.03284 1.576639 -15.760995 -0.162699 0.008856 12.845295 119.0
183 12325.0 0.258806 0.49966 0.0 0.049777 1.576639 -15.760995 -0.162699 0.008856 12.845295 119.0
184 12325.0 0.273942 0.499543 0.0 0.060971 1.576639 -15.760995 -0.162699 0.008856 12.845295 119.0
185 12325.0 0.259215 0.511458 0.0 0.054863 1.576639 -15.760995 -0.162699 0.008856 12.845295 119.0
186 12325.0 0.273417 0.472831 0.0 0.049755 1.576639 -15.760995 -0.162699 0.008856 12.845295 119.0
187 12325.0 0.287573 0.472009 0.0 0.059935 1.576639 -15.760995 -0.162699 0.008856 12.845295 119.0
188 12325.0 0.283281 0.484352 0.0 0.06175 1.576639 -15.760995 -0.162699 0.008856 12.845295 119.0
189 12325.0 0.288463 0.498086 0.0 0.071166 1.576639 -15.760995 -0.162699 0.008856 12.845295 119.0
190 12325.0 0.288898 0.50653 0.0 0.07491 1.576639 -15.760995 -0.162699 0.008856 12.845295 119.0
191 12325.0 0.329061 0.478967 0.0 0.093568 1.576639 -15.760995 -0.162699 0.008856 12.845295 119.0
192 12325.0 0.339748 0.491114 0.0 0.106429 1.576639 -15.760995 -0.162699 0.008856 12.845295 119.0
193 12325.0 0.364658 0.51211 0.0 0.13344 1.576639 -15.760995 -0.162699 0.008856 12.845295 119.0
194 12325.0 0.383542 0.511948 0.0 0.147399 1.576639 -15.760995 -0.162699 0.008856 12.845295 119.0
195 12325.0 0.389169 0.501533 0.0 0.147357 1.576639 -15.760995 -0.162699 0.008856 12.845295 119.0
196 12325.0 0.393296 0.501862 0.0 0.150556 1.576639 -15.760995 -0.162699 0.008856 12.845295 119.0
197 12325.0 0.397572 0.506447 0.0 0.155589 1.576639 -15.760995 -0.162699 0.008856 12.845295 119.0
198 12325.0 0.402326 0.497241 0.0 0.155389 1.576639 -15.760995 -0.162699 0.008856 12.845295 119.0
199 12325.0 0.398265 0.50515 0.0 0.155578 1.576639 -15.760995 -0.162699 0.008856 12.845295 119.0
200 12325.0 0.385915 0.508929 0.0 0.147938 1.576639 -15.760995 -0.162699 0.008856 12.845295 119.0
201 12325.0 0.386983 0.535367 0.0 0.159447 1.576639 -15.760995 -0.162699 0.008856 12.845295 119.0
202 12325.0 0.389232 0.536556 0.0 0.161664 1.576639 -15.760995 -0.162699 0.008856 12.845295 119.0
203 12325.0 0.406519 0.514925 0.0 0.165671 1.576639 -15.760995 -0.162699 0.008856 12.845295 119.0
204 12325.0 0.42064 0.518374 0.0 0.177556 1.576639 -15.760995 -0.162699 0.008856 12.845295 119.0
205 12325.0 0.417158 0.532276 0.0 0.180605 1.576639 -15.760995 -0.162699 0.008856 12.845295 119.0
206 12325.0 0.398606 0.532919 0.0 0.167087 1.576639 -15.760995 -0.162699 0.008856 12.845295 119.0
207 12325.0 0.421485 0.533404 0.0 0.184276 1.576639 -15.760995 -0.162699 0.008856 12.845295 119.0
208 12325.0 0.429699 0.51891 0.0 0.184502 1.576639 -15.760995 -0.162699 0.008856 12.845295 119.0
209 12325.0 0.40848 0.533563 0.0 0.174682 1.576639 -15.760995 -0.162699 0.008856 12.845295 119.0
210 12325.0 0.425477 0.541456 0.0 0.19147 1.576639 -15.760995 -0.162699 0.008856 12.845295 119.0
211 12325.0 0.412618 0.55182 0.0 0.187809 1.576639 -15.760995 -0.162699 0.008856 12.845295 119.0
212 12325.0 0.426875 0.542531 0.0 0.193352 1.576639 -15.760995 -0.162699 0.008856 12.845295 119.0
213 12325.0 0.450673 0.544332 0.0 0.215163 1.576639 -15.760995 -0.162699 0.008856 12.845295 119.0
214 12325.0 0.443256 0.527011 0.0 0.198781 1.576639 -15.760995 -0.162699 0.008856 12.845295 119.0
215 12325.0 0.435873 0.54583 0.0 0.20337 1.576639 -15.760995 -0.162699 0.008856 12.845295 119.0
216 12325.0 0.431128 0.528771 0.0 0.18956 1.576639 -15.760995 -0.162699 0.008856 12.845295 119.0
217 12325.0 0.408772 0.530284 0.0 0.173569 1.576639 -15.760995 -0.162699 0.008856 12.845295 119.0
218 12325.0 0.418194 0.55476 0.0 0.194653 1.576639 -15.760995 -0.162699 0.008856 12.845295 119.0
219 12325.0 0.414839 0.56045 0.0 0.195842 1.576639 -15.760995 -0.162699 0.008856 12.845295 119.0
220 12325.0 0.413743 0.571335 0.0 0.202653 1.576639 -15.760995 -0.162699 0.008856 12.845295 119.0
221 12325.0 0.426436 0.559434 0.0 0.205005 1.576639 -15.760995 -0.162699 0.008856 12.845295 119.0
222 12325.0 0.418594 0.552867 0.0 0.193648 1.576639 -15.760995 -0.162699 0.008856 12.845295 119.0
223 12325.0 0.418609 0.570539 0.0 0.206234 1.576639 -15.760995 -0.162699 0.008856 12.845295 119.0
224 12325.0 0.444182 0.557623 0.0 0.218842 1.576639 -15.760995 -0.162699 0.008856 12.845295 119.0
225 12325.0 0.412319 0.565529 0.0 0.197308 1.576639 -15.760995 -0.162699 0.008856 12.845295 119.0
226 12325.0 0.442669 0.550213 0.0 0.212281 1.576639 -15.760995 -0.162699 0.008856 12.845295 119.0
227 12325.0 0.470859 0.544156 0.0 0.232717 1.576639 -15.760995 -0.162699 0.008856 12.845295 119.0
228 12325.0 0.505482 0.544087 0.0 0.262962 1.576639 -15.760995 -0.162699 0.008856 12.845295 119.0
229 12325.0 0.508606 0.539983 0.0 0.263332 1.576639 -15.760995 -0.162699 0.008856 12.845295 119.0
230 12325.0 0.52202 0.537094 0.0 0.273402 1.576639 -15.760995 -0.162699 0.008856 12.845295 119.0
231 12325.0 0.534076 0.504619 0.0 0.265408 1.576639 -15.760995 -0.162699 0.008856 12.845295 119.0
232 12325.0 0.539358 0.533675 0.0 0.286599 1.576639 -15.760995 -0.162699 0.008856 12.845295 119.0
233 12325.0 0.550383 0.552343 0.0 0.306985 1.576639 -15.760995 -0.162699 0.008856 12.845295 119.0
234 12325.0 0.559436 0.55576 0.0 0.316871 1.576639 -15.760995 -0.162699 0.008856 12.845295 119.0
235 12325.0 0.585542 0.559167 0.0 0.341665 1.576639 -15.760995 -0.162699 0.008856 12.845295 119.0
236 12325.0 0.597788 0.580212 0.0 0.36585 1.576639 -15.760995 -0.162699 0.008856 12.845295 119.0
237 12325.0 0.603244 0.593083 0.0 0.379659 1.576639 -15.760995 -0.162699 0.008856 12.845295 119.0
238 12325.0 0.622184 0.588051 0.0 0.392223 1.576639 -15.760995 -0.162699 0.008856 12.845295 119.0
239 12325.0 0.63512 0.56732 0.0 0.389721 1.576639 -15.760995 -0.162699 0.008856 12.845295 119.0
240 12325.0 0.651477 0.573028 0.0 0.407311 1.576639 -15.760995 -0.162699 0.008856 12.845295 119.0
241 12325.0 0.669045 0.586237 0.0 0.430877 1.576639 -15.760995 -0.162699 0.008856 12.845295 119.0
242 12325.0 0.681604 0.579974 0.0 0.437659 1.576639 -15.760995 -0.162699 0.008856 12.845295 119.0
243 12325.0 0.689506 0.609077 0.0 0.464569 1.576639 -15.760995 -0.162699 0.008856 12.845295 119.0
244 12325.0 0.691809 0.612331 0.0 0.468847 1.576639 -15.760995 -0.162699 0.008856 12.845295 119.0
245 12325.0 0.686955 0.649463 0.0 0.49113 1.576639 -15.760995 -0.162699 0.008856 12.845295 119.0
246 12325.0 0.684889 0.649412 0.0 0.489332 1.576639 -15.760995 -0.162699 0.008856 12.845295 119.0
247 12325.0 0.676303 0.658844 0.0 0.488725 1.576639 -15.760995 -0.162699 0.008856 12.845295 119.0
248 12325.0 0.676462 0.657814 0.0 0.488127 1.576639 -15.760995 -0.162699 0.008856 12.845295 119.0
249 12325.0 0.681521 0.64726 0.0 0.48493 1.576639 -15.760995 -0.162699 0.008856 12.845295 119.0
250 12325.0 0.723058 0.677331 0.0 0.541732 1.576639 -15.760995 -0.162699 0.008856 12.845295 119.0
251 12325.0 0.710743 0.667003 0.0 0.523886 1.576639 -15.760995 -0.162699 0.008856 12.845295 119.0
252 12325.0 0.717837 0.681439 0.0 0.540205 1.576639 -15.760995 -0.162699 0.008856 12.845295 119.0
253 12325.0 0.710134 0.680038 0.0 0.532642 1.576639 -15.760995 -0.162699 0.008856 12.845295 119.0
254 12325.0 0.724646 0.696077 0.0 0.556424 1.576639 -15.760995 -0.162699 0.008856 12.845295 119.0
255 12325.0 0.714948 0.693328 0.0 0.546202 1.576639 -15.760995 -0.162699 0.008856 12.845295 119.0
256 12325.0 0.739496 0.695545 0.0 0.568704 1.576639 -15.760995 -0.162699 0.008856 12.845295 119.0
257 12325.0 0.741366 0.712972 0.0 0.582698 1.576639 -15.760995 -0.162699 0.008856 12.845295 119.0
258 12325.0 0.730219 0.697639 0.0 0.562286 1.576639 -15.760995 -0.162699 0.008856 12.845295 119.0
259 12325.0 0.693986 0.696553 0.0 0.530629 1.576639 -15.760995 -0.162699 0.008856 12.845295 119.0
260 12325.0 0.693839 0.711998 0.0 0.541492 1.576639 -15.760995 -0.162699 0.008856 12.845295 119.0
261 12325.0 0.725499 0.69339 0.0 0.555239 1.576639 -15.760995 -0.162699 0.008856 12.845295 119.0
262 12325.0 0.750021 0.689983 0.0 0.573717 1.576639 -15.760995 -0.162699 0.008856 12.845295 119.0
263 12325.0 0.759129 0.691771 0.0 0.582754 1.576639 -15.760995 -0.162699 0.008856 12.845295 119.0
264 12325.0 0.761252 0.664361 0.0 0.565062 1.576639 -15.760995 -0.162699 0.008856 12.845295 119.0
265 12325.0 0.764733 0.670407 0.0 0.57233 1.576639 -15.760995 -0.162699 0.008856 12.845295 119.0
266 12325.0 0.7643 0.67841 0.0 0.577655 1.576639 -15.760995 -0.162699 0.008856 12.845295 119.0
267 12325.0 0.770853 0.692138 0.0 0.593008 1.576639 -15.760995 -0.162699 0.008856 12.845295 119.0
268 12325.0 0.75549 0.710579 0.0 0.593034 1.576639 -15.760995 -0.162699 0.008856 12.845295 119.0
269 12325.0 0.763843 0.690096 0.0 0.585581 1.576639 -15.760995 -0.162699 0.008856 12.845295 119.0
270 12325.0 0.751772 0.67615 0.0 0.565369 1.576639 -15.760995 -0.162699 0.008856 12.845295 119.0
271 12325.0 0.760859 0.667596 0.0 0.567028 1.576639 -15.760995 -0.162699 0.008856 12.845295 119.0
272 12325.0 0.76484 0.662153 0.0 0.566549 1.576639 -15.760995 -0.162699 0.008856 12.845295 119.0
273 12325.0 0.776477 0.669666 0.0 0.581814 1.576639 -15.760995 -0.162699 0.008856 12.845295 119.0
274 12325.0 0.776192 0.680738 0.0 0.589449 1.576639 -15.760995 -0.162699 0.008856 12.845295 119.0
275 12325.0 0.78141 0.675732 0.0 0.590335 1.576639 -15.760995 -0.162699 0.008856 12.845295 119.0
276 12325.0 0.775419 0.679499 0.0 0.587907 1.576639 -15.760995 -0.162699 0.008856 12.845295 119.0
277 12325.0 0.803418 0.664777 0.0 0.6013 1.576639 -15.760995 -0.162699 0.008856 12.845295 119.0
278 12325.0 0.80549 0.651116 0.0 0.593346 1.576639 -15.760995 -0.162699 0.008856 12.845295 119.0
279 12325.0 0.795883 0.636922 0.0 0.575058 1.576639 -15.760995 -0.162699 0.008856 12.845295 119.0
280 12325.0 0.795918 0.636027 0.0 0.574451 1.576639 -15.760995 -0.162699 0.008856 12.845295 119.0
281 12325.0 0.79187 0.655824 0.0 0.585086 1.576639 -15.760995 -0.162699 0.008856 12.845295 119.0
282 12325.0 0.797871 0.69107 0.0 0.615279 1.576639 -15.760995 -0.162699 0.008856 12.845295 119.0
283 12325.0 0.791821 0.691604 0.0 0.610502 1.576639 -15.760995 -0.162699 0.008856 12.845295 119.0
284 12325.0 0.814407 0.697596 0.0 0.634018 1.576639 -15.760995 -0.162699 0.008856 12.845295 119.0
285 12325.0 0.818512 0.708528 0.0 0.64555 1.576639 -15.760995 -0.162699 0.008856 12.845295 119.0
286 12325.0 0.822941 0.706937 0.0 0.648236 1.576639 -15.760995 -0.162699 0.008856 12.845295 119.0
287 12325.0 0.833458 0.729843 0.0 0.67419 1.576639 -15.760995 -0.162699 0.008856 12.845295 119.0
