 time p.x p.y p.z deep.node-0 CV opes.bias opes.rct opes.zed opes.neff opes.nker
0 615.0 0.484468 0.534077 0.0 0.238821 -0.242909 -2.968787 0.030593 0.016625 8.642242 38.0
1 615.0 0.491823 0.537278 0.0 0.247096 -0.242909 -2.968787 0.030593 0.016625 8.642242 38.0
2 615.0 0.484488 0.55739 0.0 0.253034 -0.242909 -2.968787 0.030593 0.016625 8.642242 38.0
3 615.0 0.486323 0.567488 0.0 0.261783 -0.242909 -2.968787 0.030593 0.016625 8.642242 38.0
4 615.0 0.460477 0.542523 0.0 0.222697 -0.242909 -2.968787 0.030593 0.016625 8.642242 38.0
5 615.0 0.452732 0.560153 0.0 0.227932 -0.242909 -2.968787 0.030593 0.016625 8.642242 38.0
6 615.0 0.457562 0.55999 0.0 0.231933 -0.242909 -2.968787 0.030593 0.016625 8.642242 38.0
7 615.0 0.432455 0.579807 0.0 0.224631 -0.242909 -2.968787 0.030593 0.016625 8.642242 38.0
8 615.0 0.419644 0.573746 0.0 0.209399 -0.242909 -2.968787 0.030593 0.016625 8.642242 38.0
9 615.0 0.3968 0.565367 0.0 0.183964 -0.242909 -2.968787 0.030593 0.016625 8.642242 38.0
10 615.0 0.382411 0.579438 0.0 0.181711 -0.242909 -2.968787 0.030593 0.016625 8.642242 38.0
11 615.0 0.35852 0.55096 0.0 0.147378 -0.242909 -2.968787 0.030593 0.016625 8.642242 38.0
12 615.0 0.376529 0.545156 0.0 0.157176 -0.242909 -2.968787 0.030593 0.016625 8.642242 38.0
13 615.0 0.371825 0.534489 0.0 0.148005 -0.242909 -2.968787 0.030593 0.016625 8.642242 38.0
14 615.0 0.386837 0.531045 0.0 0.157587 -0.242909 -2.968787 0.030593 0.016625 8.642242 38.0
15 615.0 0.369661 0.565592 0.0 0.16356 -0.242909 -2.968787 0.030593 0.016625 8.642242 38.0
16 615.0 0.349775 0.568833 0.0 0.150981 -0.242909 -2.968787 0.030593 0.016625 8.642242 38.0
17 615.0 0.333951 0.5509 0.0 0.129603 -0.242909 -2.968787 0.030593 0.016625 8.642242 38.0
18 615.0 0.316554 0.529104 0.0 0.10527 -0.242909 -2.968787 0.030593 0.016625 8.642242 38.0
19 615.0 0.299824 0.507011 0.0 0.08322 -0.242909 -2.968787 0.030593 0.016625 8.642242 38.0
20 615.0 0.286173 0.48641 0.0 0.064732 -0.242909 -2.968787 0.030593 0.016625 8.642242 38.0
21 615.0 0.273597 0.491332 0.0 0.057387 -0.242909 -2.968787 0.030593 0.016625 8.642242 38.0
22 615.0 0.27399 0.548761 0.0 0.085246 -0.242909 -2.968787 0.030593 0.016625 8.642242 38.0
23 615.0 0.276146 0.541601 0.0 0.082923 -0.242909 -2.968787 0.030593 0.016625 8.642242 38.0
24 615.0 0.270855 0.51121 0.0 0.063407 -0.242909 -2.968787 0.030593 0.016625 8.642242 38.0
25 615.0 0.265872 0.521296 0.0 0.064529 -0.242909 -2.968787 0.030593 0.016625 8.642242 38.0
26 615.0 0.258801 0.508255 0.0 0.053257 -0.242909 -2.968787 0.030593 0.016625 8.642242 38.0
27 615.0 0.253611 0.502197 0.0 0.046947 -0.242909 -2.968787 0.030593 0.016625 8.642242 38.0
28 615.0 0.267105 0.506621 0.0 0.058762 -0.242909 -2.968787 0.030593 0.016625 8.642242 38.0
29 615.0 0.265022 0.513734 0.0 0.060098 -0.242909 -2.968787 0.030593 0.016625 8.642242 38.0
30 615.0 0.28174 0.528336 0.0 0.079772 -0.242909 -2.968787 0.030593 0.016625 8.642242 38.0
31 615.0 0.259289 0.525888 0.0 0.062272 -0.242909 -2.968787 0.030593 0.016625 8.642242 38.0
32 615.0 0.233071 0.513709 0.0 0.03679 -0.242909 -2.968787 0.030593 0.016625 8.642242 38.0
33 615.0 0.22675 0.496759 0.0 0.024793 -0.242909 -2.968787 0.030593 0.016625 8.642242 38.0
34 615.0 0.206839 0.497671 0.0 0.017026 -0.242909 -2.968787 0.030593 0.016625 8.642242 38.0
35 615.0 0.186761 0.506008 0.0 0.01292 -0.242909 -2.968787 0.030593 0.016625 8.642242 38.0
36 615.0 0.174983 0.498498 0.0 0.011144 -0.242909 -2.968787 0.030593 0.016625 8.642242 38.0
37 615.0 0.181355 0.52485 0.0 0.01266 -0.242909 -2.968787 0.030593 0.016625 8.642242 38.0
38 615.0 0.196056 0.509792 0.0 0.014526 -0.242909 -2.968787 0.030593 0.016625 8.642242 38.0
39 615.0 0.210771 0.497713 0.0 0.017738 -0.242909 -2.968787 0.030593 0.016625 8.642242 38.0
40 615.0 0.230076 0.490145 0.0 0.024583 -0.242909 -2.968787 0.030593 0.016625 8.642242 38.0
41 615.0 0.248458 0.508005 0.0 0.045474 -0.242909 -2.968787 0.030593 0.016625 8.642242 38.0
42 615.0 0.249013 0.50972 0.0 0.046581 -0.242909 -2.968787 0.030593 0.016625 8.642242 38.0
43 615.0 0.269912 0.497808 0.0 0.057274 -0.242909 -2.968787 0.030593 0.016625 8.642242 38.0
44 615.0 0.273232 0.512031 0.0 0.065505 -0.242909 -2.968787 0.030593 0.016625 8.642242 38.0
45 615.0 0.266154 0.516419 0.0 0.062091 -0.242909 -2.968787 0.030593 0.016625 8.642242 38.0
46 615.0 0.268508 0.516858 0.0 0.064025 -0.242909 -2.968787 0.030593 0.016625 8.642242 38.0
47 615.0 0.259327 0.514785 0.0 0.056294 -0.242909 -2.968787 0.030593 0.016625 8.642242 38.0
48 615.0 0.238293 0.493018 0.0 0.03185 -0.242909 -2.968787 0.030593 0.016625 8.642242 38.0
49 615.0 0.225037 0.489132 0.0 0.021226 -0.242909 -2.968787 0.030593 0.016625 8.642242 38.0
50 615.0 0.221839 0.49355 0.0 0.020185 -0.242909 -2.968787 0.030593 0.016625 8.642242 38.0
51 615.0 0.216329 0.510755 0.0 0.023129 -0.242909 -2.968787 0.030593 0.016625 8.642242 38.0
52 615.0 0.217437 0.530435 0.0 0.034582 -0.242909 -2.968787 0.030593 0.016625 8.642242 38.0
53 615.0 0.219991 0.535432 0.0 0.039127 -0.242909 -2.968787 0.030593 0.016625 8.642242 38.0
54 615.0 0.209324 0.519252 0.0 0.022682 -0.242909 -2.968787 0.030593 0.016625 8.642242 38.0
55 615.0 0.206015 0.522892 0.0 0.022269 -0.242909 -2.968787 0.030593 0.016625 8.642242 38.0
56 615.0 0.18649 0.52737 0.0 0.01356 -0.242909 -2.968787 0.030593 0.016625 8.642242 38.0
57 615.0 0.157031 0.533306 0.0 0.009045 -0.242909 -2.968787 0.030593 0.016625 8.642242 38.0
58 615.0 0.147388 0.53621 0.0 0.007598 -0.242909 -2.968787 0.030593 0.016625 8.642242 38.0
59 615.0 0.137108 0.526976 0.0 0.005661 -0.242909 -2.968787 0.030593 0.016625 8.642242 38.0
60 615.0 0.141161 0.524821 0.0 0.006239 -0.242909 -2.968787 0.030593 0.016625 8.642242 38.0
61 615.0 0.148002 0.499444 0.0 0.00652 -0.242909 -2.968787 0.030593 0.016625 8.642242 38.0
62 615.0 0.16183 0.508136 0.0 0.009007 -0.242909 -2.968787 0.030593 0.016625 8.642242 38.0
63 615.0 0.155863 0.53003 0.0 0.008754 -0.242909 -2.968787 0.030593 0.016625 8.642242 38.0
64 615.0 0.127255 0.509212 0.0 0.003519 -0.242909 -2.968787 0.030593 0.016625 8.642242 38.0
65 615.0 0.116438 0.494688 0.0 0.006489 -0.242909 -2.968787 0.030593 0.016625 8.642242 38.0
66 615.0 0.092666 0.498208 0.0 0.005899 -0.242909 -2.968787 0.030593 0.016625 8.642242 38.0
67 615.0 0.089203 0.526015 0.0 -0.002021 -0.242909 -2.968787 0.030593 0.016625 8.642242 38.0
68 615.0 0.091097 0.510578 0.0 0.002129 -0.242909 -2.968787 0.030593 0.016625 8.642242 38.0
69 615.0 0.078731 0.526486 0.0 -0.002504 -0.242909 -2.968787 0.030593 0.016625 8.642242 38.0
70 615.0 0.070986 0.502437 0.0 0.005048 -0.242909 -2.968787 0.030593 0.016625 8.642242 38.0
71 615.0 0.062506 0.496372 0.0 0.007088 -0.242909 -2.968787 0.030593 0.016625 8.642242 38.0
72 615.0 0.046393 0.492824 0.0 0.008512 -0.242909 -2.968787 0.030593 0.016625 8.642242 38.0
73 615.0 0.052421 0.496689 0.0 0.007199 -0.242909 -2.968787 0.030593 0.016625 8.642242 38.0
74 615.0 0.039017 0.495775 0.0 0.007758 -0.242909 -2.968787 0.030593 0.016625 8.642242 38.0
75 615.0 0.045828 0.521908 0.0 -0.000416 -0.242909 -2.968787 0.030593 0.016625 8.642242 38.0
76 615.0 0.063169 0.533938 0.0 -0.004472 -0.242909 -2.968787 0.030593 0.016625 8.642242 38.0
77 615.0 0.040816 0.540361 0.0 -0.005984 -0.242909 -2.968787 0.030593 0.016625 8.642242 38.0
78 615.0 0.041623 0.546082 0.0 -0.007759 -0.242909 -2.968787 0.030593 0.016625 8.642242 38.0
79 615.0 0.026989 0.511592 0.0 0.003145 -0.242909 -2.968787 0.030593 0.016625 8.642242 38.0
80 615.0 0.04142 0.490577 0.0 0.009515 -0.242909 -2.968787 0.030593 0.016625 8.642242 38.0
81 615.0 0.048721 0.476234 0.0 0.0149 -0.242909 -2.968787 0.030593 0.016625 8.642242 38.0
82 615.0 0.03887 0.488413 0.0 0.010516 -0.242909 -2.968787 0.030593 0.016625 8.642242 38.0
83 615.0 0.017888 0.499558 0.0 0.007463 -0.242909 -2.968787 0.030593 0.016625 8.642242 38.0
84 615.0 0.051543 0.528353 0.0 -0.002515 -0.242909 -2.968787 0.030593 0.016625 8.642242 38.0
85 615.0 0.059786 0.521729 0.0 -0.00065 -0.242909 -2.968787 0.030593 0.016625 8.642242 38.0
86 615.0 0.040889 0.514742 0.0 0.001889 -0.242909 -2.968787 0.030593 0.016625 8.642242 38.0
87 615.0 0.042764 0.514308 0.0 0.001984 -0.242909 -2.968787 0.030593 0.016625 8.642242 38.0
88 615.0 0.05273 0.530797 0.0 -0.003291 -0.242909 -2.968787 0.030593 0.016625 8.642242 38.0
89 615.0 0.063495 0.536362 0.0 -0.005224 -0.242909 -2.968787 0.030593 0.016625 8.642242 38.0
90 615.0 0.069303 0.550741 0.0 -0.004408 -0.242909 -2.968787 0.030593 0.016625 8.642242 38.0
91 615.0 0.067175 0.52823 0.0 -0.002801 -0.242909 -2.968787 0.030593 0.016625 8.642242 38.0
92 615.0 0.055947 0.530734 0.0 -0.003338 -0.242909 -2.968787 0.030593 0.016625 8.642242 38.0
93 615.0 0.036814 0.521184 0.0 -6e-06 -0.242909 -2.968787 0.030593 0.016625 8.642242 38.0
94 615.0 0.033118 0.515029 0.0 0.001962 -0.242909 -2.968787 0.030593 0.016625 8.642242 38.0
95 615.0 0.050867 0.516989 0.0 0.000992 -0.242909 -2.968787 0.030593 0.016625 8.642242 38.0
96 615.0 0.049211 0.536194 0.0 -0.004877 -0.242909 -2.968787 0.030593 0.016625 8.642242 38.0
97 615.0 0.050741 0.564915 0.0 -0.006919 -0.242909 -2.968787 0.030593 0.016625 8.642242 38.0
98 615.0 0.045138 0.565498 0.0 -0.007795 -0.242909 -2.968787 0.030593 0.016625 8.642242 38.0
99 615.0 0.036144 0.562309 0.0 -0.009334 -0.242909 -2.968787 0.030593 0.016625 8.642242 38.0
100 615.0 0.040392 0.541264 0.0 -0.006252 -0.242909 -2.968787 0.030593 0.016625 8.642242 38.0
101 615.0 0.041117 0.497751 0.0 0.007107 -0.242909 -2.968787 0.030593 0.016625 8.642242 38.0
102 615.0 0.036907 0.502651 0.0 0.005688 -0.242909 -2.968787 0.030593 0.016625 8.642242 38.0
103 615.0 0.044015 0.492763 0.0 0.00858 -0.242909 -2.968787 0.030593 0.016625 8.642242 38.0
104 615.0 0.022509 0.503567 0.0 0.005705 -0.242909 -2.968787 0.030593 0.016625 8.642242 38.0
105 615.0 0.011733 0.500218 0.0 0.007585 -0.242909 -2.968787 0.030593 0.016625 8.642242 38.0
106 615.0 -0.025867 0.526081 0.0 -0.000183 -0.242909 -2.968787 0.030593 0.016625 8.642242 38.0
107 615.0 -0.037494 0.522495 0.0 0.001931 -0.242909 -2.968787 0.030593 0.016625 8.642242 38.0
108 615.0 -0.03341 0.516074 0.0 0.004184 -0.242909 -2.968787 0.030593 0.016625 8.642242 38.0
109 615.0 -0.057829 0.533547 0.0 -0.001125 -0.242909 -2.968787 0.030593 0.016625 8.642242 38.0
110 615.0 -0.05803 0.533777 0.0 -0.001202 -0.242909 -2.968787 0.030593 0.016625 8.642242 38.0
111 615.0 -0.075758 0.54246 0.0 -0.005906 -0.242909 -2.968787 0.030593 0.016625 8.642242 38.0
112 615.0 -0.08453 0.548947 0.0 -0.011057 -0.242909 -2.968787 0.030593 0.016625 8.642242 38.0
113 615.0 -0.082683 0.556438 0.0 -0.01562 -0.242909 -2.968787 0.030593 0.016625 8.642242 38.0
114 615.0 -0.108246 0.557618 0.0 -0.023545 -0.242909 -2.968787 0.030593 0.016625 8.642242 38.0
115 615.0 -0.100214 0.562556 0.0 -0.025037 -0.242909 -2.968787 0.030593 0.016625 8.642242 38.0
116 615.0 -0.130311 0.557436 0.0 -0.030221 -0.242909 -2.968787 0.030593 0.016625 8.642242 38.0
117 615.0 -0.126502 0.573176 0.0 -0.041713 -0.242909 -2.968787 0.030593 0.016625 8.642242 38.0
118 615.0 -0.13205 0.576621 0.0 -0.046201 -0.242909 -2.968787 0.030593 0.016625 8.642242 38.0
119 615.0 -0.161431 0.562464 0.0 -0.043889 -0.242909 -2.968787 0.030593 0.016625 8.642242 38.0
120 615.0 -0.169885 0.531026 0.0 -0.021197 -0.242909 -2.968787 0.030593 0.016625 8.642242 38.0
121 615.0 -0.163616 0.509571 0.0 -0.001989 -0.242909 -2.968787 0.030593 0.016625 8.642242 38.0
122 615.0 -0.152114 0.542832 0.0 -0.025206 -0.242909 -2.968787 0.030593 0.016625 8.642242 38.0
123 615.0 -0.194289 0.551858 0.0 -0.04551 -0.242909 -2.968787 0.030593 0.016625 8.642242 38.0
124 615.0 -0.188609 0.542261 0.0 -0.036029 -0.242909 -2.968787 0.030593 0.016625 8.642242 38.0
125 615.0 -0.202634 0.516856 0.0 -0.019916 -0.242909 -2.968787 0.030593 0.016625 8.642242 38.0
126 615.0 -0.18089 0.532729 0.0 -0.02597 -0.242909 -2.968787 0.030593 0.016625 8.642242 38.0
127 615.0 -0.171183 0.523734 0.0 -0.015728 -0.242909 -2.968787 0.030593 0.016625 8.642242 38.0
128 615.0 -0.184564 0.507282 0.0 -0.006622 -0.242909 -2.968787 0.030593 0.016625 8.642242 38.0
129 615.0 -0.172108 0.519561 0.0 -0.012655 -0.242909 -2.968787 0.030593 0.016625 8.642242 38.0
130 615.0 -0.165426 0.505421 0.0 0.000793 -0.242909 -2.968787 0.030593 0.016625 8.642242 38.0
131 615.0 -0.173666 0.510872 0.0 -0.006143 -0.242909 -2.968787 0.030593 0.016625 8.642242 38.0
132 615.0 -0.169561 0.482549 0.0 0.01717 -0.242909 -2.968787 0.030593 0.016625 8.642242 38.0
133 615.0 -0.164187 0.464738 0.0 0.029553 -0.242909 -2.968787 0.030593 0.016625 8.642242 38.0
134 615.0 -0.181531 0.494277 0.0 0.004784 -0.242909 -2.968787 0.030593 0.016625 8.642242 38.0
135 615.0 -0.185116 0.481227 0.0 0.01418 -0.242909 -2.968787 0.030593 0.016625 8.642242 38.0
136 615.0 -0.18039 0.50908 0.0 -0.006779 -0.242909 -2.968787 0.030593 0.016625 8.642242 38.0
137 615.0 -0.189543 0.500553 0.0 -0.002746 -0.242909 -2.968787 0.030593 0.016625 8.642242 38.0
138 615.0 -0.208358 0.509665 0.0 -0.015897 -0.242909 -2.968787 0.030593 0.016625 8.642242 38.0
139 615.0 -0.222811 0.491347 0.0 -0.00562 -0.242909 -2.968787 0.030593 0.016625 8.642242 38.0
140 615.0 -0.20263 0.492038 0.0 6.3e-05 -0.242909 -2.968787 0.030593 0.016625 8.642242 38.0
141 615.0 -0.190442 0.491492 0.0 0.00427 -0.242909 -2.968787 0.030593 0.016625 8.642242 38.0
142 615.0 -0.16692 0.501412 0.0 0.003558 -0.242909 -2.968787 0.030593 0.016625 8.642242 38.0
143 615.0 -0.168118 0.508405 0.0 -0.002442 -0.242909 -2.968787 0.030593 0.016625 8.642242 38.0
144 615.0 -0.16245 0.528555 0.0 -0.016909 -0.242909 -2.968787 0.030593 0.016625 8.642242 38.0
145 615.0 -0.138803 0.505749 0.0 0.007514 -0.242909 -2.968787 0.030593 0.016625 8.642242 38.0
146 615.0 -0.134115 0.490729 0.0 0.018626 -0.242909 -2.968787 0.030593 0.016625 8.642242 38.0
147 615.0 -0.132334 0.474672 0.0 0.02642 -0.242909 -2.968787 0.030593 0.016625 8.642242 38.0
148 615.0 -0.129155 0.497998 0.0 0.014677 -0.242909 -2.968787 0.030593 0.016625 8.642242 38.0
149 615.0 -0.10219 0.512413 0.0 0.009595 -0.242909 -2.968787 0.030593 0.016625 8.642242 38.0
150 615.0 -0.114566 0.507754 0.0 0.010943 -0.242909 -2.968787 0.030593 0.016625 8.642242 38.0
151 615.0 -0.134438 0.527208 0.0 -0.007165 -0.242909 -2.968787 0.030593 0.016625 8.642242 38.0
152 615.0 -0.132841 0.510413 0.0 0.00553 -0.242909 -2.968787 0.030593 0.016625 8.642242 38.0
153 615.0 -0.096 0.536784 0.0 -0.005074 -0.242909 -2.968787 0.030593 0.016625 8.642242 38.0
154 615.0 -0.117233 0.5516 0.0 -0.021479 -0.242909 -2.968787 0.030593 0.016625 8.642242 38.0
155 615.0 -0.10412 0.547148 0.0 -0.013842 -0.242909 -2.968787 0.030593 0.016625 8.642242 38.0
156 615.0 -0.107111 0.552712 0.0 -0.019245 -0.242909 -2.968787 0.030593 0.016625 8.642242 38.0
157 615.0 -0.110716 0.554989 0.0 -0.022193 -0.242909 -2.968787 0.030593 0.016625 8.642242 38.0
158 615.0 -0.081205 0.539215 0.0 -0.004384 -0.242909 -2.968787 0.030593 0.016625 8.642242 38.0
159 615.0 -0.073693 0.533346 0.0 -0.000611 -0.242909 -2.968787 0.030593 0.016625 8.642242 38.0
160 615.0 -0.081067 0.512875 0.0 0.008367 -0.242909 -2.968787 0.030593 0.016625 8.642242 38.0
161 615.0 -0.107136 0.503335 0.0 0.013692 -0.242909 -2.968787 0.030593 0.016625 8.642242 38.0
162 615.0 -0.128972 0.533818 0.0 -0.010795 -0.242909 -2.968787 0.030593 0.016625 8.642242 38.0
163 615.0 -0.114466 0.534165 0.0 -0.006946 -0.242909 -2.968787 0.030593 0.016625 8.642242 38.0
164 615.0 -0.09788 0.569021 0.0 -0.028951 -0.242909 -2.968787 0.030593 0.016625 8.642242 38.0
165 615.0 -0.113207 0.592163 0.0 -0.051034 -0.242909 -2.968787 0.030593 0.016625 8.642242 38.0
166 615.0 -0.109936 0.58167 0.0 -0.04231 -0.242909 -2.968787 0.030593 0.016625 8.642242 38.0
167 615.0 -0.120052 0.599208 0.0 -0.058652 -0.242909 -2.968787 0.030593 0.016625 8.642242 38.0
168 615.0 -0.1155 0.576428 0.0 -0.04047 -0.242909 -2.968787 0.030593 0.016625 8.642242 38.0
169 615.0 -0.088121 0.540022 0.0 -0.005713 -0.242909 -2.968787 0.030593 0.016625 8.642242 38.0
170 615.0 -0.06265 0.539751 0.0 -0.003597 -0.242909 -2.968787 0.030593 0.016625 8.642242 38.0
171 615.0 -0.02292 0.561104 0.0 -0.01104 -0.242909 -2.968787 0.030593 0.016625 8.642242 38.0
172 615.0 -0.006217 0.556872 0.0 -0.010085 -0.242909 -2.968787 0.030593 0.016625 8.642242 38.0
173 615.0 0.012246 0.551813 0.0 -0.008912 -0.242909 -2.968787 0.030593 0.016625 8.642242 38.0
174 615.0 0.021988 0.548601 0.0 -0.008126 -0.242909 -2.968787 0.030593 0.016625 8.642242 38.0
175 615.0 0.00717 0.550341 0.0 -0.008354 -0.242909 -2.968787 0.030593 0.016625 8.642242 38.0
176 615.0 0.006658 0.536391 0.0 -0.004056 -0.242909 -2.968787 0.030593 0.016625 8.642242 38.0
177 615.0 -0.004101 0.538933 0.0 -0.004614 -0.242909 -2.968787 0.030593 0.016625 8.642242 38.0
178 615.0 0.005979 0.543645 0.0 -0.006272 -0.242909 -2.968787 0.030593 0.016625 8.642242 38.0
179 615.0 0.006608 0.524572 0.0 -0.000422 -0.242909 -2.968787 0.030593 0.016625 8.642242 38.0
180 615.0 -0.002347 0.533722 0.0 -0.003049 -0.242909 -2.968787 0.030593 0.016625 8.642242 38.0
181 615.0 -0.005834 0.534344 0.0 -0.003168 -0.242909 -2.968787 0.030593 0.016625 8.642242 38.0
182 615.0 -0.003372 0.520772 0.0 0.000953 -0.242909 -2.968787 0.030593 0.016625 8.642242 38.0
183 615.0 0.016251 0.522594 0.0 -1.4e-05 -0.242909 -2.968787 0.030593 0.016625 8.642242 38.0
184 615.0 0.0147 0.503605 0.0 0.006081 -0.242909 -2.968787 0.030593 0.016625 8.642242 38.0
185 615.0 -0.001399 0.488928 0.0 0.012796 -0.242909 -2.968787 0.030593 0.016625 8.642242 38.0
186 615.0 0.002984 0.488277 0.0 0.012779 -0.242909 -2.968787 0.030593 0.016625 8.642242 38.0
187 615.0 0.003387 0.502964 0.0 0.007028 -0.242909 -2.968787 0.030593 0.016625 8.642242 38.0
188 615.0 -0.011658 0.51691 0.0 0.002517 -0.242909 -2.968787 0.030593 0.016625 8.642242 38.0
189 615.0 0.004753 0.51262 0.0 0.00329 -0.242909 -2.968787 0.030593 0.016625 8.642242 38.0
190 615.0 -0.0042 0.52039 0.0 0.001087 -0.242909 -2.968787 0.030593 0.016625 8.642242 38.0
191 615.0 -0.00834 0.506106 0.0 0.006526 -0.242909 -2.968787 0.030593 0.016625 8.642242 38.0
192 615.0 -0.004905 0.505842 0.0 0.006417 -0.242909 -2.968787 0.030593 0.016625 8.642242 38.0
193 615.0 -0.019927 0.504771 0.0 0.00776 -0.242909 -2.968787 0.030593 0.016625 8.642242 38.0
194 615.0 -0.016107 0.491775 0.0 0.012592 -0.242909 -2.968787 0.030593 0.016625 8.642242 38.0
195 615.0 0.021128 0.529465 0.0 -0.002227 -0.242909 -2.968787 0.030593 0.016625 8.642242 38.0
196 615.0 0.01429 0.522224 0.0 0.00014 -0.242909 -2.968787 0.030593 0.016625 8.642242 38.0
197 615.0 0.026383 0.543382 0.0 -0.006613 -0.242909 -2.968787 0.030593 0.016625 8.642242 38.0
198 615.0 0.021324 0.539363 0.0 -0.005273 -0.242909 -2.968787 0.030593 0.016625 8.642242 38.0
199 615.0 0.035082 0.501838 0.0 0.005976 -0.242909 -2.968787 0.030593 0.016625 8.642242 38.0
200 615.0 0.058092 0.492956 0.0 0.008229 -0.242909 -2.968787 0.030593 0.016625 8.642242 38.0
201 615.0 0.038225 0.511321 0.0 0.002996 -0.242909 -2.968787 0.030593 0.016625 8.642242 38.0
202 615.0 0.057431 0.507369 0.0 0.003813 -0.242909 -2.968787 0.030593 0.016625 8.642242 38.0
203 615.0 0.071092 0.490843 0.0 0.00861 -0.242909 -2.968787 0.030593 0.016625 8.642242 38.0
204 615.0 0.081061 0.476503 0.0 0.013347 -0.242909 -2.968787 0.030593 0.016625 8.642242 38.0
205 615.0 0.084056 0.48071 0.0 0.011774 -0.242909 -2.968787 0.030593 0.016625 8.642242 38.0
206 615.0 0.094284 0.489497 0.0 0.008543 -0.242909 -2.968787 0.030593 0.016625 8.642242 38.0
207 615.0 0.099696 0.47107 0.0 0.015127 -0.242909 -2.968787 0.030593 0.016625 8.642242 38.0
208 615.0 0.072076 0.451261 0.0 0.024882 -0.242909 -2.968787 0.030593 0.016625 8.642242 38.0
209 615.0 0.064993 0.47827 0.0 0.01314 -0.242909 -2.968787 0.030593 0.016625 8.642242 38.0
210 615.0 0.061085 0.480279 0.0 0.012443 -0.242909 -2.968787 0.030593 0.016625 8.642242 38.0
211 615.0 0.059191 0.478437 0.0 0.013367 -0.242909 -2.968787 0.030593 0.016625 8.642242 38.0
212 615.0 0.092879 0.485571 0.0 0.009898 -0.242909 -2.968787 0.030593 0.016625 8.642242 38.0
213 615.0 0.091839 0.473216 0.0 0.01443 -0.242909 -2.968787 0.030593 0.016625 8.642242 38.0
214 615.0 0.096358 0.477296 0.0 0.012887 -0.242909 -2.968787 0.030593 0.016625 8.642242 38.0
215 615.0 0.106408 0.500635 0.0 0.004869 -0.242909 -2.968787 0.030593 0.016625 8.642242 38.0
216 615.0 0.10586 0.520688 0.0 0.000469 -0.242909 -2.968787 0.030593 0.016625 8.642242 38.0
217 615.0 0.113954 0.501126 0.0 0.004561 -0.242909 -2.968787 0.030593 0.016625 8.642242 38.0
218 615.0 0.118008 0.500162 0.0 0.004774 -0.242909 -2.968787 0.030593 0.016625 8.642242 38.0
219 615.0 0.138513 0.521908 0.0 0.005723 -0.242909 -2.968787 0.030593 0.016625 8.642242 38.0
220 615.0 0.134387 0.528581 0.0 0.005278 -0.242909 -2.968787 0.030593 0.016625 8.642242 38.0
221 615.0 0.10377 0.523524 0.0 0.000226 -0.242909 -2.968787 0.030593 0.016625 8.642242 38.0
222 615.0 0.115232 0.531491 0.0 0.002311 -0.242909 -2.968787 0.030593 0.016625 8.642242 38.0
223 615.0 0.121005 0.547107 0.0 0.003733 -0.242909 -2.968787 0.030593 0.016625 8.642242 38.0
224 615.0 0.11794 0.559594 0.0 0.003643 -0.242909 -2.968787 0.030593 0.016625 8.642242 38.0
225 615.0 0.123665 0.562147 0.0 0.004639 -0.242909 -2.968787 0.030593 0.016625 8.642242 38.0
226 615.0 0.126298 0.553041 0.0 0.004768 -0.242909 -2.968787 0.030593 0.016625 8.642242 38.0
227 615.0 0.113345 0.554719 0.0 0.002753 -0.242909 -2.968787 0.030593 0.016625 8.642242 38.0
228 615.0 0.097792 0.536667 0.0 -0.000308 -0.242909 -2.968787 0.030593 0.016625 8.642242 38.0
229 615.0 0.097002 0.553329 0.0 9.9e-05 -0.242909 -2.968787 0.030593 0.016625 8.642242 38.0
230 615.0 0.098326 0.524577 0.0 -0.00061 -0.242909 -2.968787 0.030593 0.016625 8.642242 38.0
231 615.0 0.113102 0.516365 0.0 0.001488 -0.242909 -2.968787 0.030593 0.016625 8.642242 38.0
232 615.0 0.112304 0.512353 0.0 0.001232 -0.242909 -2.968787 0.030593 0.016625 8.642242 38.0
233 615.0 0.105543 0.516915 0.0 0.000298 -0.242909 -2.968787 0.030593 0.016625 8.642242 38.0
234 615.0 0.121187 0.505823 0.0 0.002968 -0.242909 -2.968787 0.030593 0.016625 8.642242 38.0
235 615.0 0.145815 0.517986 0.0 0.006764 -0.242909 -2.968787 0.030593 0.016625 8.642242 38.0
236 615.0 0.137563 0.524794 0.0 0.005664 -0.242909 -2.968787 0.030593 0.016625 8.642242 38.0
237 615.0 0.130778 0.548201 0.0 0.005329 -0.242909 -2.968787 0.030593 0.016625 8.642242 38.0
238 615.0 0.120266 0.516983 0.0 0.002651 -0.242909 -2.968787 0.030593 0.016625 8.642242 38.0
239 615.0 0.102034 0.515262 0.0 0.000463 -0.242909 -2.968787 0.030593 0.016625 8.642242 38.0
240 615.0 0.076886 0.514689 0.0 0.00116 -0.242909 -2.968787 0.030593 0.016625 8.642242 38.0
241 615.0 0.080531 0.498695 0.0 0.006001 -0.242909 -2.968787 0.030593 0.016625 8.642242 38.0
242 615.0 0.078201 0.512212 0.0 0.001894 -0.242909 -2.968787 0.030593 0.016625 8.642242 38.0
243 615.0 0.054317 0.498733 0.0 0.006532 -0.242909 -2.968787 0.030593 0.016625 8.642242 38.0
244 615.0 0.05625 0.507142 0.0 0.003907 -0.242909 -2.968787 0.030593 0.016625 8.642242 38.0
245 615.0 0.029805 0.494548 0.0 0.008682 -0.242909 -2.968787 0.030593 0.016625 8.642242 38.0
246 615.0 0.013066 0.521923 0.0 0.000258 -0.242909 -2.968787 0.030593 0.016625 8.642242 38.0
247 615.0 0.022719 0.495928 0.0 0.008581 -0.242909 -2.968787 0.030593 0.016625 8.642242 38.0
248 615.0 0.029214 0.516111 0.0 0.00171 -0.242909 -2.968787 0.030593 0.016625 8.642242 38.0
249 615.0 0.013983 0.510957 0.0 0.00361 -0.242909 -2.968787 0.030593 0.016625 8.642242 38.0
250 615.0 0.010025 0.488067 0.0 0.012428 -0.242909 -2.968787 0.030593 0.016625 8.642242 38.0
251 615.0 0.008783 0.495336 0.0 0.00967 -0.242909 -2.968787 0.030593 0.016625 8.642242 38.0
252 615.0 0.004552 0.510476 0.0 0.004028 -0.242909 -2.968787 0.030593 0.016625 8.642242 38.0
253 615.0 0.029751 0.501111 0.0 0.00631 -0.242909 -2.968787 0.030593 0.016625 8.642242 38.0
254 615.0 0.034508 0.507907 0.0 0.004122 -0.242909 -2.968787 0.030593 0.016625 8.642242 38.0
255 615.0 0.025414 0.507269 0.0 0.004507 -0.242909 -2.968787 0.030593 0.016625 8.642242 38.0
256 615.0 0.024575 0.49389 0.0 0.009261 -0.242909 -2.968787 0.030593 0.016625 8.642242 38.0
257 615.0 0.034786 0.477745 0.0 0.014947 -0.242909 -2.968787 0.030593 0.016625 8.642242 38.0
258 615.0 0.013473 0.483257 0.0 0.014091 -0.242909 -2.968787 0.030593 0.016625 8.642242 38.0
259 615.0 -0.000394 0.497803 0.0 0.009273 -0.242909 -2.968787 0.030593 0.016625 8.642242 38.0
260 615.0 -0.003305 0.511498 0.0 0.004113 -0.242909 -2.968787 0.030593 0.016625 8.642242 38.0
261 615.0 -0.007756 0.507398 0.0 0.005986 -0.242909 -2.968787 0.030593 0.016625 8.642242 38.0
262 615.0 0.003531 0.50121 0.0 0.007703 -0.242909 -2.968787 0.030593 0.016625 8.642242 38.0
263 615.0 0.002699 0.486855 0.0 0.013351 -0.242909 -2.968787 0.030593 0.016625 8.642242 38.0
264 615.0 -0.008589 0.502162 0.0 0.008079 -0.242909 -2.968787 0.030593 0.016625 8.642242 38.0
265 615.0 -0.021724 0.46596 0.0 0.023172 -0.242909 -2.968787 0.030593 0.016625 8.642242 38.0
266 615.0 -0.035554 0.483709 0.0 0.016934 -0.242909 -2.968787 0.030593 0.016625 8.642242 38.0
267 615.0 -0.070797 0.494309 0.0 0.014973 -0.242909 -2.968787 0.030593 0.016625 8.642242 38.0
268 615.0 -0.054358 0.50075 0.0 0.011449 -0.242909 -2.968787 0.030593 0.016625 8.642242 38.0
269 615.0 -0.054011 0.546528 0.0 -0.00643 -0.242909 -2.968787 0.030593 0.016625 8.642242 38.0
270 615.0 -0.053784 0.537125 0.0 -0.002769 -0.242909 -2.968787 0.030593 0.016625 8.642242 38.0
271 615.0 -0.063568 0.522192 0.0 0.003656 -0.242909 -2.968787 0.030593 0.016625 8.642242 38.0
272 615.0 -0.050037 0.523787 0.0 0.0022 -0.242909 -2.968787 0.030593 0.016625 8.642242 38.0
273 615.0 -0.058334 0.532711 0.0 -0.000768 -0.242909 -2.968787 0.030593 0.016625 8.642242 38.0
274 615.0 -0.078158 0.509391 0.0 0.009546 -0.242909 -2.968787 0.030593 0.016625 8.642242 38.0
275 615.0 -0.084923 0.516524 0.0 0.007181 -0.242909 -2.968787 0.030593 0.016625 8.642242 38.0
276 615.0 -0.094374 0.506254 0.0 0.011768 -0.242909 -2.968787 0.030593 0.016625 8.642242 38.0
277 615.0 -0.080977 0.525835 0.0 0.003224 -0.242909 -2.968787 0.030593 0.016625 8.642242 38.0
278 615.0 -0.083402 0.529159 0.0 0.001195 -0.242909 -2.968787 0.030593 0.016625 8.642242 38.0
279 615.0 -0.098088 0.567681 0.0 -0.028056 -0.242909 -2.968787 0.030593 0.016625 8.642242 38.0
280 615.0 -0.116605 0.580718 0.0 -0.043956 -0.242909 -2.968787 0.030593 0.016625 8.642242 38.0
281 615.0 -0.121893 0.526525 0.0 -0.003233 -0.242909 -2.968787 0.030593 0.016625 8.642242 38.0
282 615.0 -0.0953 0.534894 0.0 -0.003655 -0.242909 -2.968787 0.030593 0.016625 8.642242 38.0
283 615.0 -0.094725 0.545182 0.0 -0.010517 -0.242909 -2.968787 0.030593 0.016625 8.642242 38.0
284 615.0 -0.063138 0.540396 0.0 -0.003992 -0.242909 -2.968787 0.030593 0.016625 8.642242 38.0
285 615.0 -0.049461 0.54493 0.0 -0.005518 -0.242909 -2.968787 0.030593 0.016625 8.642242 38.0
286 615.0 -0.03357 0.542473 0.0 -0.005092 -0.242909 -2.968787 0.030593 0.016625 8.642242 38.0
287 615.0 -0.031461 0.539063 0.0 -0.004088 -0.242909 -2.968787 0.030593 0.016625 8.642242 38.0
