 time p.x p.y p.z deep.node-0 CV opes.bias opes.rct opes.zed opes.neff opes.nker
0 6180.0 0.276792 0.530725 0.0 0.077501 0.881566 -6.94262 -0.093344 0.013867 12.845295 76.0
1 6180.0 0.290253 0.518572 0.0 0.080798 0.881566 -6.94262 -0.093344 0.013867 12.845295 76.0
2 6180.0 0.309962 0.541421 0.0 0.107188 0.881566 -6.94262 -0.093344 0.013867 12.845295 76.0
3 6180.0 0.316813 0.53778 0.0 0.110153 0.881566 -6.94262 -0.093344 0.013867 12.845295 76.0
4 6180.0 0.325849 0.533813 0.0 0.114516 0.881566 -6.94262 -0.093344 0.013867 12.845295 76.0
5 6180.0 0.345078 0.530982 0.0 0.126836 0.881566 -6.94262 -0.093344 0.013867 12.845295 76.0
6 6180.0 0.342148 0.530177 0.0 0.124289 0.881566 -6.94262 -0.093344 0.013867 12.845295 76.0
7 6180.0 0.348567 0.537991 0.0 0.133144 0.881566 -6.94262 -0.093344 0.013867 12.845295 76.0
8 6180.0 0.357281 0.542137 0.0 0.141666 0.881566 -6.94262 -0.093344 0.013867 12.845295 76.0
9 6180.0 0.333426 0.524174 0.0 0.115133 0.881566 -6.94262 -0.093344 0.013867 12.845295 76.0
10 6180.0 0.33511 0.504613 0.0 0.108455 0.881566 -6.94262 -0.093344 0.013867 12.845295 76.0
11 6180.0 0.33827 0.502663 0.0 0.110012 0.881566 -6.94262 -0.093344 0.013867 12.845295 76.0
12 6180.0 0.347887 0.486341 0.0 0.110539 0.881566 -6.94262 -0.093344 0.013867 12.845295 76.0
13 6180.0 0.352236 0.496311 0.0 0.11781 0.881566 -6.94262 -0.093344 0.013867 12.845295 76.0
14 6180.0 0.361947 0.49397 0.0 0.124073 0.881566 -6.94262 -0.093344 0.013867 12.845295 76.0
15 6180.0 0.368761 0.510604 0.0 0.135877 0.881566 -6.94262 -0.093344 0.013867 12.845295 76.0
16 6180.0 0.363243 0.512007 0.0 0.132347 0.881566 -6.94262 -0.093344 0.013867 12.845295 76.0
17 6180.0 0.365353 0.521848 0.0 0.137903 0.881566 -6.94262 -0.093344 0.013867 12.845295 76.0
18 6180.0 0.370525 0.520255 0.0 0.141099 0.881566 -6.94262 -0.093344 0.013867 12.845295 76.0
19 6180.0 0.39356 0.540322 0.0 0.166821 0.881566 -6.94262 -0.093344 0.013867 12.845295 76.0
20 6180.0 0.42713 0.513963 0.0 0.180588 0.881566 -6.94262 -0.093344 0.013867 12.845295 76.0
21 6180.0 0.44573 0.513881 0.0 0.194369 0.881566 -6.94262 -0.093344 0.013867 12.845295 76.0
22 6180.0 0.459897 0.531519 0.0 0.215858 0.881566 -6.94262 -0.093344 0.013867 12.845295 76.0
23 6180.0 0.446988 0.523358 0.0 0.199984 0.881566 -6.94262 -0.093344 0.013867 12.845295 76.0
24 6180.0 0.483724 0.52464 0.0 0.23274 0.881566 -6.94262 -0.093344 0.013867 12.845295 76.0
25 6180.0 0.484324 0.548862 0.0 0.247203 0.881566 -6.94262 -0.093344 0.013867 12.845295 76.0
26 6180.0 0.494036 0.558628 0.0 0.262054 0.881566 -6.94262 -0.093344 0.013867 12.845295 76.0
27 6180.0 0.500924 0.578447 0.0 0.282027 0.881566 -6.94262 -0.093344 0.013867 12.845295 76.0
28 6180.0 0.513667 0.575691 0.0 0.290928 0.881566 -6.94262 -0.093344 0.013867 12.845295 76.0
29 6180.0 0.517617 0.572992 0.0 0.292375 0.881566 -6.94262 -0.093344 0.013867 12.845295 76.0
30 6180.0 0.530051 0.569315 0.0 0.300357 0.881566 -6.94262 -0.093344 0.013867 12.845295 76.0
31 6180.0 0.528207 0.568769 0.0 0.298397 0.881566 -6.94262 -0.093344 0.013867 12.845295 76.0
32 6180.0 0.527289 0.586247 0.0 0.310051 0.881566 -6.94262 -0.093344 0.013867 12.845295 76.0
33 6180.0 0.5305 0.580832 0.0 0.308935 0.881566 -6.94262 -0.093344 0.013867 12.845295 76.0
34 6180.0 0.531043 0.568595 0.0 0.300691 0.881566 -6.94262 -0.093344 0.013867 12.845295 76.0
35 6180.0 0.53375 0.544151 0.0 0.287723 0.881566 -6.94262 -0.093344 0.013867 12.845295 76.0
36 6180.0 0.547243 0.543171 0.0 0.298961 0.881566 -6.94262 -0.093344 0.013867 12.845295 76.0
37 6180.0 0.523349 0.54225 0.0 0.277532 0.881566 -6.94262 -0.093344 0.013867 12.845295 76.0
38 6180.0 0.522937 0.558713 0.0 0.286749 0.881566 -6.94262 -0.093344 0.013867 12.845295 76.0
39 6180.0 0.533994 0.546568 0.0 0.289328 0.881566 -6.94262 -0.093344 0.013867 12.845295 76.0
40 6180.0 0.564603 0.550197 0.0 0.318188 0.881566 -6.94262 -0.093344 0.013867 12.845295 76.0
41 6180.0 0.55862 0.535949 0.0 0.304756 0.881566 -6.94262 -0.093344 0.013867 12.845295 76.0
42 6180.0 0.563118 0.543879 0.0 0.313254 0.881566 -6.94262 -0.093344 0.013867 12.845295 76.0
43 6180.0 0.557686 0.529523 0.0 0.300242 0.881566 -6.94262 -0.093344 0.013867 12.845295 76.0
44 6180.0 0.573862 0.522138 0.0 0.31014 0.881566 -6.94262 -0.093344 0.013867 12.845295 76.0
45 6180.0 0.556069 0.515058 0.0 0.290503 0.881566 -6.94262 -0.093344 0.013867 12.845295 76.0
46 6180.0 0.563897 0.506102 0.0 0.292246 0.881566 -6.94262 -0.093344 0.013867 12.845295 76.0
47 6180.0 0.550879 0.502732 0.0 0.279002 0.881566 -6.94262 -0.093344 0.013867 12.845295 76.0
48 6180.0 0.553665 0.515513 0.0 0.288662 0.881566 -6.94262 -0.093344 0.013867 12.845295 76.0
49 6180.0 0.545209 0.543842 0.0 0.297568 0.881566 -6.94262 -0.093344 0.013867 12.845295 76.0
50 6180.0 0.521036 0.55657 0.0 0.283749 0.881566 -6.94262 -0.093344 0.013867 12.845295 76.0
51 6180.0 0.541599 0.555238 0.0 0.300969 0.881566 -6.94262 -0.093344 0.013867 12.845295 76.0
52 6180.0 0.54942 0.554335 0.0 0.307289 0.881566 -6.94262 -0.093344 0.013867 12.845295 76.0
53 6180.0 0.54818 0.53755 0.0 0.296546 0.881566 -6.94262 -0.093344 0.013867 12.845295 76.0
54 6180.0 0.553871 0.539582 0.0 0.302693 0.881566 -6.94262 -0.093344 0.013867 12.845295 76.0
55 6180.0 0.571549 0.544975 0.0 0.321258 0.881566 -6.94262 -0.093344 0.013867 12.845295 76.0
56 6180.0 0.556654 0.548634 0.0 0.310336 0.881566 -6.94262 -0.093344 0.013867 12.845295 76.0
57 6180.0 0.59382 0.537093 0.0 0.336202 0.881566 -6.94262 -0.093344 0.013867 12.845295 76.0
58 6180.0 0.561173 0.547065 0.0 0.313386 0.881566 -6.94262 -0.093344 0.013867 12.845295 76.0
59 6180.0 0.592334 0.560281 0.0 0.348246 0.881566 -6.94262 -0.093344 0.013867 12.845295 76.0
60 6180.0 0.591799 0.546084 0.0 0.339608 0.881566 -6.94262 -0.093344 0.013867 12.845295 76.0
61 6180.0 0.591721 0.53404 0.0 0.33261 0.881566 -6.94262 -0.093344 0.013867 12.845295 76.0
62 6180.0 0.586733 0.562991 0.0 0.344907 0.881566 -6.94262 -0.093344 0.013867 12.845295 76.0
63 6180.0 0.588493 0.591412 0.0 0.365896 0.881566 -6.94262 -0.093344 0.013867 12.845295 76.0
64 6180.0 0.596265 0.5858 0.0 0.368529 0.881566 -6.94262 -0.093344 0.013867 12.845295 76.0
65 6180.0 0.586033 0.568085 0.0 0.347226 0.881566 -6.94262 -0.093344 0.013867 12.845295 76.0
66 6180.0 0.584715 0.585701 0.0 0.358612 0.881566 -6.94262 -0.093344 0.013867 12.845295 76.0
67 6180.0 0.576732 0.588057 0.0 0.353483 0.881566 -6.94262 -0.093344 0.013867 12.845295 76.0
68 6180.0 0.594636 0.570689 0.0 0.356387 0.881566 -6.94262 -0.093344 0.013867 12.845295 76.0
69 6180.0 0.58933 0.578031 0.0 0.357089 0.881566 -6.94262 -0.093344 0.013867 12.845295 76.0
70 6180.0 0.597473 0.572259 0.0 0.359923 0.881566 -6.94262 -0.093344 0.013867 12.845295 76.0
71 6180.0 0.594255 0.547908 0.0 0.342807 0.881566 -6.94262 -0.093344 0.013867 12.845295 76.0
72 6180.0 0.606728 0.567694 0.0 0.365102 0.881566 -6.94262 -0.093344 0.013867 12.845295 76.0
73 6180.0 0.608889 0.547687 0.0 0.355479 0.881566 -6.94262 -0.093344 0.013867 12.845295 76.0
74 6180.0 0.630948 0.557743 0.0 0.38056 0.881566 -6.94262 -0.093344 0.013867 12.845295 76.0
75 6180.0 0.621409 0.583298 0.0 0.388181 0.881566 -6.94262 -0.093344 0.013867 12.845295 76.0
76 6180.0 0.618522 0.577567 0.0 0.381642 0.881566 -6.94262 -0.093344 0.013867 12.845295 76.0
77 6180.0 0.629596 0.591459 0.0 0.400966 0.881566 -6.94262 -0.093344 0.013867 12.845295 76.0
78 6180.0 0.622193 0.57969 0.0 0.386281 0.881566 -6.94262 -0.093344 0.013867 12.845295 76.0
79 6180.0 0.620116 0.584999 0.0 0.388289 0.881566 -6.94262 -0.093344 0.013867 12.845295 76.0
80 6180.0 0.645085 0.598842 0.0 0.419422 0.881566 -6.94262 -0.093344 0.013867 12.845295 76.0
81 6180.0 0.648116 0.617339 0.0 0.435167 0.881566 -6.94262 -0.093344 0.013867 12.845295 76.0
82 6180.0 0.641248 0.605175 0.0 0.420657 0.881566 -6.94262 -0.093344 0.013867 12.845295 76.0
83 6180.0 0.661478 0.609385 0.0 0.440897 0.881566 -6.94262 -0.093344 0.013867 12.845295 76.0
84 6180.0 0.667069 0.60257 0.0 0.440813 0.881566 -6.94262 -0.093344 0.013867 12.845295 76.0
85 6180.0 0.667598 0.633186 0.0 0.463049 0.881566 -6.94262 -0.093344 0.013867 12.845295 76.0
86 6180.0 0.690128 0.619156 0.0 0.472271 0.881566 -6.94262 -0.093344 0.013867 12.845295 76.0
87 6180.0 0.685377 0.608771 0.0 0.460832 0.881566 -6.94262 -0.093344 0.013867 12.845295 76.0
88 6180.0 0.699947 0.617746 0.0 0.479637 0.881566 -6.94262 -0.093344 0.013867 12.845295 76.0
89 6180.0 0.68638 0.62783 0.0 0.475248 0.881566 -6.94262 -0.093344 0.013867 12.845295 76.0
90 6180.0 0.677772 0.624311 0.0 0.465406 0.881566 -6.94262 -0.093344 0.013867 12.845295 76.0
91 6180.0 0.660758 0.606952 0.0 0.438552 0.881566 -6.94262 -0.093344 0.013867 12.845295 76.0
92 6180.0 0.644406 0.601546 0.0 0.420768 0.881566 -6.94262 -0.093344 0.013867 12.845295 76.0
93 6180.0 0.639596 0.595617 0.0 0.412449 0.881566 -6.94262 -0.093344 0.013867 12.845295 76.0
94 6180.0 0.664678 0.611835 0.0 0.445368 0.881566 -6.94262 -0.093344 0.013867 12.845295 76.0
95 6180.0 0.636982 0.596965 0.0 0.411179 0.881566 -6.94262 -0.093344 0.013867 12.845295 76.0
96 6180.0 0.604672 0.587336 0.0 0.376787 0.881566 -6.94262 -0.093344 0.013867 12.845295 76.0
97 6180.0 0.605207 0.577474 0.0 0.370226 0.881566 -6.94262 -0.093344 0.013867 12.845295 76.0
98 6180.0 0.586727 0.56045 0.0 0.343439 0.881566 -6.94262 -0.093344 0.013867 12.845295 76.0
99 6180.0 0.589742 0.555666 0.0 0.343323 0.881566 -6.94262 -0.093344 0.013867 12.845295 76.0
100 6180.0 0.582781 0.562485 0.0 0.341159 0.881566 -6.94262 -0.093344 0.013867 12.845295 76.0
101 6180.0 0.583151 0.562183 0.0 0.341309 0.881566 -6.94262 -0.093344 0.013867 12.845295 76.0
102 6180.0 0.572862 0.56614 0.0 0.334591 0.881566 -6.94262 -0.093344 0.013867 12.845295 76.0
103 6180.0 0.567555 0.584956 0.0 0.343454 0.881566 -6.94262 -0.093344 0.013867 12.845295 76.0
104 6180.0 0.563628 0.549055 0.0 0.316678 0.881566 -6.94262 -0.093344 0.013867 12.845295 76.0
105 6180.0 0.597313 0.540975 0.0 0.341492 0.881566 -6.94262 -0.093344 0.013867 12.845295 76.0
106 6180.0 0.602042 0.537048 0.0 0.343368 0.881566 -6.94262 -0.093344 0.013867 12.845295 76.0
107 6180.0 0.622829 0.545062 0.0 0.366161 0.881566 -6.94262 -0.093344 0.013867 12.845295 76.0
108 6180.0 0.630769 0.529653 0.0 0.364239 0.881566 -6.94262 -0.093344 0.013867 12.845295 76.0
109 6180.0 0.618271 0.533703 0.0 0.355638 0.881566 -6.94262 -0.093344 0.013867 12.845295 76.0
110 6180.0 0.617772 0.533015 0.0 0.354805 0.881566 -6.94262 -0.093344 0.013867 12.845295 76.0
111 6180.0 0.631359 0.560162 0.0 0.382311 0.881566 -6.94262 -0.093344 0.013867 12.845295 76.0
112 6180.0 0.645326 0.555544 0.0 0.39187 0.881566 -6.94262 -0.093344 0.013867 12.845295 76.0
113 6180.0 0.64335 0.551501 0.0 0.387816 0.881566 -6.94262 -0.093344 0.013867 12.845295 76.0
114 6180.0 0.616594 0.562887 0.0 0.370965 0.881566 -6.94262 -0.093344 0.013867 12.845295 76.0
115 6180.0 0.62544 0.563283 0.0 0.37893 0.881566 -6.94262 -0.093344 0.013867 12.845295 76.0
116 6180.0 0.605873 0.564602 0.0 0.362575 0.881566 -6.94262 -0.093344 0.013867 12.845295 76.0
117 6180.0 0.616676 0.538496 0.0 0.357001 0.881566 -6.94262 -0.093344 0.013867 12.845295 76.0
118 6180.0 0.626563 0.520238 0.0 0.355142 0.881566 -6.94262 -0.093344 0.013867 12.845295 76.0
119 6180.0 0.622112 0.513258 0.0 0.347232 0.881566 -6.94262 -0.093344 0.013867 12.845295 76.0
120 6180.0 0.606102 0.531716 0.0 0.343851 0.881566 -6.94262 -0.093344 0.013867 12.845295 76.0
121 6180.0 0.603237 0.550989 0.0 0.352435 0.881566 -6.94262 -0.093344 0.013867 12.845295 76.0
122 6180.0 0.600831 0.571916 0.0 0.362542 0.881566 -6.94262 -0.093344 0.013867 12.845295 76.0
123 6180.0 0.590616 0.572155 0.0 0.354004 0.881566 -6.94262 -0.093344 0.013867 12.845295 76.0
124 6180.0 0.610387 0.58353 0.0 0.37895 0.881566 -6.94262 -0.093344 0.013867 12.845295 76.0
125 6180.0 0.62076 0.627295 0.0 0.418932 0.881566 -6.94262 -0.093344 0.013867 12.845295 76.0
126 6180.0 0.632116 0.63637 0.0 0.435069 0.881566 -6.94262 -0.093344 0.013867 12.845295 76.0
127 6180.0 0.635506 0.609355 0.0 0.418737 0.881566 -6.94262 -0.093344 0.013867 12.845295 76.0
128 6180.0 0.650319 0.606721 0.0 0.42949 0.881566 -6.94262 -0.093344 0.013867 12.845295 76.0
129 6180.0 0.672163 0.585825 0.0 0.433242 0.881566 -6.94262 -0.093344 0.013867 12.845295 76.0
130 6180.0 0.642177 0.601211 0.0 0.418629 0.881566 -6.94262 -0.093344 0.013867 12.845295 76.0
131 6180.0 0.644883 0.585093 0.0 0.409467 0.881566 -6.94262 -0.093344 0.013867 12.845295 76.0
132 6180.0 0.657537 0.575895 0.0 0.414262 0.881566 -6.94262 -0.093344 0.013867 12.845295 76.0
133 6180.0 0.685793 0.580709 0.0 0.441747 0.881566 -6.94262 -0.093344 0.013867 12.845295 76.0
134 6180.0 0.685087 0.616063 0.0 0.465773 0.881566 -6.94262 -0.093344 0.013867 12.845295 76.0
135 6180.0 0.704038 0.61506 0.0 0.481214 0.881566 -6.94262 -0.093344 0.013867 12.845295 76.0
136 6180.0 0.679107 0.605845 0.0 0.453405 0.881566 -6.94262 -0.093344 0.013867 12.845295 76.0
137 6180.0 0.694545 0.599213 0.0 0.461846 0.881566 -6.94262 -0.093344 0.013867 12.845295 76.0
138 6180.0 0.662423 0.589057 0.0 0.427239 0.881566 -6.94262 -0.093344 0.013867 12.845295 76.0
139 6180.0 0.668294 0.594832 0.0 0.436353 0.881566 -6.94262 -0.093344 0.013867 12.845295 76.0
140 6180.0 0.673985 0.595131 0.0 0.441416 0.881566 -6.94262 -0.093344 0.013867 12.845295 76.0
141 6180.0 0.653141 0.581108 0.0 0.413671 0.881566 -6.94262 -0.093344 0.013867 12.845295 76.0
142 6180.0 0.66444 0.576323 0.0 0.420547 0.881566 -6.94262 -0.093344 0.013867 12.845295 76.0
143 6180.0 0.706133 0.57786 0.0 0.457898 0.881566 -6.94262 -0.093344 0.013867 12.845295 76.0
144 6180.0 0.720303 0.567761 0.0 0.464481 0.881566 -6.94262 -0.093344 0.013867 12.845295 76.0
145 6180.0 0.727242 0.576918 0.0 0.475819 0.881566 -6.94262 -0.093344 0.013867 12.845295 76.0
146 6180.0 0.728699 0.596133 0.0 0.488768 0.881566 -6.94262 -0.093344 0.013867 12.845295 76.0
147 6180.0 0.732904 0.585174 0.0 0.485522 0.881566 -6.94262 -0.093344 0.013867 12.845295 76.0
148 6180.0 0.737837 0.574632 0.0 0.48377 0.881566 -6.94262 -0.093344 0.013867 12.845295 76.0
149 6180.0 0.734099 0.588993 0.0 0.488765 0.881566 -6.94262 -0.093344 0.013867 12.845295 76.0
150 6180.0 0.725477 0.603896 0.0 0.491545 0.881566 -6.94262 -0.093344 0.013867 12.845295 76.0
151 6180.0 0.738919 0.640457 0.0 0.529016 0.881566 -6.94262 -0.093344 0.013867 12.845295 76.0
152 6180.0 0.745519 0.637667 0.0 0.532657 0.881566 -6.94262 -0.093344 0.013867 12.845295 76.0
153 6180.0 0.755119 0.622417 0.0 0.529989 0.881566 -6.94262 -0.093344 0.013867 12.845295 76.0
154 6180.0 0.77255 0.623764 0.0 0.545806 0.881566 -6.94262 -0.093344 0.013867 12.845295 76.0
155 6180.0 0.785536 0.630304 0.0 0.56153 0.881566 -6.94262 -0.093344 0.013867 12.845295 76.0
156 6180.0 0.794299 0.653436 0.0 0.585458 0.881566 -6.94262 -0.093344 0.013867 12.845295 76.0
157 6180.0 0.780277 0.677679 0.0 0.590754 0.881566 -6.94262 -0.093344 0.013867 12.845295 76.0
158 6180.0 0.783315 0.657564 0.0 0.579031 0.881566 -6.94262 -0.093344 0.013867 12.845295 76.0
159 6180.0 0.784873 0.656297 0.0 0.579458 0.881566 -6.94262 -0.093344 0.013867 12.845295 76.0
160 6180.0 0.794415 0.656884 0.0 0.588009 0.881566 -6.94262 -0.093344 0.013867 12.845295 76.0
161 6180.0 0.779889 0.674074 0.0 0.587859 0.881566 -6.94262 -0.093344 0.013867 12.845295 76.0
162 6180.0 0.772847 0.689207 0.0 0.592623 0.881566 -6.94262 -0.093344 0.013867 12.845295 76.0
163 6180.0 0.759216 0.717059 0.0 0.600821 0.881566 -6.94262 -0.093344 0.013867 12.845295 76.0
164 6180.0 0.760165 0.727833 0.0 0.609295 0.881566 -6.94262 -0.093344 0.013867 12.845295 76.0
165 6180.0 0.757152 0.704399 0.0 0.590054 0.881566 -6.94262 -0.093344 0.013867 12.845295 76.0
166 6180.0 0.78641 0.703683 0.0 0.614484 0.881566 -6.94262 -0.093344 0.013867 12.845295 76.0
167 6180.0 0.792996 0.71214 0.0 0.626116 0.881566 -6.94262 -0.093344 0.013867 12.845295 76.0
168 6180.0 0.781725 0.730998 0.0 0.630038 0.881566 -6.94262 -0.093344 0.013867 12.845295 76.0
169 6180.0 0.786867 0.747337 0.0 0.646499 0.881566 -6.94262 -0.093344 0.013867 12.845295 76.0
170 6180.0 0.775835 0.726657 0.0 0.621816 0.881566 -6.94262 -0.093344 0.013867 12.845295 76.0
171 6180.0 0.782325 0.731021 0.0 0.630577 0.881566 -6.94262 -0.093344 0.013867 12.845295 76.0
172 6180.0 0.764246 0.751126 0.0 0.629602 0.881566 -6.94262 -0.093344 0.013867 12.845295 76.0
173 6180.0 0.78083 0.765173 0.0 0.654334 0.881566 -6.94262 -0.093344 0.013867 12.845295 76.0
174 6180.0 0.799895 0.776312 0.0 0.679091 0.881566 -6.94262 -0.093344 0.013867 12.845295 76.0
175 6180.0 0.801908 0.773365 0.0 0.67868 0.881566 -6.94262 -0.093344 0.013867 12.845295 76.0
176 6180.0 0.824049 0.775976 0.0 0.699854 0.881566 -6.94262 -0.093344 0.013867 12.845295 76.0
177 6180.0 0.807276 0.80111 0.0 0.703706 0.881566 -6.94262 -0.093344 0.013867 12.845295 76.0
178 6180.0 0.813586 0.784417 0.0 0.696947 0.881566 -6.94262 -0.093344 0.013867 12.845295 76.0
179 6180.0 0.803083 0.787394 0.0 0.689995 0.881566 -6.94262 -0.093344 0.013867 12.845295 76.0
180 6180.0 0.822032 0.779501 0.0 0.700687 0.881566 -6.94262 -0.093344 0.013867 12.845295 76.0
181 6180.0 0.8121 0.805465 0.0 0.711097 0.881566 -6.94262 -0.093344 0.013867 12.845295 76.0
182 6180.0 0.834451 0.800098 0.0 0.726602 0.881566 -6.94262 -0.093344 0.013867 12.845295 76.0
183 6180.0 0.850495 0.817097 0.0 0.753031 0.881566 -6.94262 -0.093344 0.013867 12.845295 76.0
184 6180.0 0.832099 0.831156 0.0 0.747344 0.881566 -6.94262 -0.093344 0.013867 12.845295 76.0
185 6180.0 0.840696 0.843029 0.0 0.763533 0.881566 -6.94262 -0.093344 0.013867 12.845295 76.0
186 6180.0 0.860595 0.87133 0.0 0.801608 0.881566 -6.94262 -0.093344 0.013867 12.845295 76.0
187 6180.0 0.860407 0.867404 0.0 0.798564 0.881566 -6.94262 -0.093344 0.013867 12.845295 76.0
188 6180.0 0.869915 0.902216 0.0 0.832377 0.881566 -6.94262 -0.093344 0.013867 12.845295 76.0
189 6180.0 0.887545 0.921176 0.0 0.861624 0.881566 -6.94262 -0.093344 0.013867 12.845295 76.0
190 6180.0 0.879117 0.950399 0.0 0.875355 0.881566 -6.94262 -0.093344 0.013867 12.845295 76.0
191 6180.0 0.883972 0.954965 0.0 0.882778 0.881566 -6.94262 -0.093344 0.013867 12.845295 76.0
192 6180.0 0.897306 0.993063 0.0 0.916494 0.881566 -6.94262 -0.093344 0.013867 12.845295 76.0
193 6180.0 0.901082 1.009845 0.0 0.922157 0.881566 -6.94262 -0.093344 0.013867 12.845295 76.0
194 6180.0 0.923957 1.040063 0.0 0.938366 0.881566 -6.94262 -0.093344 0.013867 12.845295 76.0
195 6180.0 0.965696 1.065332 0.0 0.956632 0.881566 -6.94262 -0.093344 0.013867 12.845295 76.0
196 6180.0 0.987762 1.076222 0.0 0.966234 0.881566 -6.94262 -0.093344 0.013867 12.845295 76.0
197 6180.0 0.976459 1.113442 0.0 0.96227 0.881566 -6.94262 -0.093344 0.013867 12.845295 76.0
198 6180.0 0.962535 1.15245 0.0 0.957235 0.881566 -6.94262 -0.093344 0.013867 12.845295 76.0
199 6180.0 0.968989 1.152655 0.0 0.959977 0.881566 -6.94262 -0.093344 0.013867 12.845295 76.0
200 6180.0 0.966279 1.188735 0.0 0.955219 0.881566 -6.94262 -0.093344 0.013867 12.845295 76.0
201 6180.0 0.989758 1.179894 0.0 0.969393 0.881566 -6.94262 -0.093344 0.013867 12.845295 76.0
202 6180.0 0.984051 1.181132 0.0 0.967 0.881566 -6.94262 -0.093344 0.013867 12.845295 76.0
203 6180.0 1.01043 1.188178 0.0 0.978345 0.881566 -6.94262 -0.093344 0.013867 12.845295 76.0
204 6180.0 0.978048 1.200799 0.0 0.958495 0.881566 -6.94262 -0.093344 0.013867 12.845295 76.0
205 6180.0 0.951376 1.191995 0.0 0.94515 0.881566 -6.94262 -0.093344 0.013867 12.845295 76.0
206 6180.0 0.947415 1.169801 0.0 0.949839 0.881566 -6.94262 -0.093344 0.013867 12.845295 76.0
207 6180.0 0.949931 1.156665 0.0 0.951983 0.881566 -6.94262 -0.093344 0.013867 12.845295 76.0
208 6180.0 0.971328 1.158274 0.0 0.961094 0.881566 -6.94262 -0.093344 0.013867 12.845295 76.0
209 6180.0 0.967932 1.152773 0.0 0.959531 0.881566 -6.94262 -0.093344 0.013867 12.845295 76.0
210 6180.0 0.982353 1.18757 0.0 0.965328 0.881566 -6.94262 -0.093344 0.013867 12.845295 76.0
211 6180.0 0.981869 1.173533 0.0 0.965905 0.881566 -6.94262 -0.093344 0.013867 12.845295 76.0
212 6180.0 1.001072 1.182134 0.0 0.974242 0.881566 -6.94262 -0.093344 0.013867 12.845295 76.0
213 6180.0 0.991365 1.18937 0.0 0.970212 0.881566 -6.94262 -0.093344 0.013867 12.845295 76.0
214 6180.0 0.976184 1.188985 0.0 0.961139 0.881566 -6.94262 -0.093344 0.013867 12.845295 76.0
215 6180.0 0.981242 1.171385 0.0 0.965591 0.881566 -6.94262 -0.093344 0.013867 12.845295 76.0
216 6180.0 0.972619 1.184724 0.0 0.960341 0.881566 -6.94262 -0.093344 0.013867 12.845295 76.0
217 6180.0 1.018716 1.189986 0.0 0.9819 0.881566 -6.94262 -0.093344 0.013867 12.845295 76.0
218 6180.0 1.013654 1.173923 0.0 0.979395 0.881566 -6.94262 -0.093344 0.013867 12.845295 76.0
219 6180.0 1.000462 1.18741 0.0 0.974101 0.881566 -6.94262 -0.093344 0.013867 12.845295 76.0
220 6180.0 0.994918 1.172446 0.0 0.971415 0.881566 -6.94262 -0.093344 0.013867 12.845295 76.0
221 6180.0 0.993935 1.1824 0.0 0.97122 0.881566 -6.94262 -0.093344 0.013867 12.845295 76.0
222 6180.0 0.991175 1.183666 0.0 0.970078 0.881566 -6.94262 -0.093344 0.013867 12.845295 76.0
223 6180.0 0.993174 1.165224 0.0 0.970514 0.881566 -6.94262 -0.093344 0.013867 12.845295 76.0
224 6180.0 1.004589 1.172599 0.0 0.975521 0.881566 -6.94262 -0.093344 0.013867 12.845295 76.0
225 6180.0 1.014214 1.1762 0.0 0.979683 0.881566 -6.94262 -0.093344 0.013867 12.845295 76.0
226 6180.0 0.988084 1.163726 0.0 0.968322 0.881566 -6.94262 -0.093344 0.013867 12.845295 76.0
227 6180.0 0.999254 1.136174 0.0 0.972445 0.881566 -6.94262 -0.093344 0.013867 12.845295 76.0
228 6180.0 0.990859 1.134144 0.0 0.968839 0.881566 -6.94262 -0.093344 0.013867 12.845295 76.0
229 6180.0 0.977709 1.133363 0.0 0.963245 0.881566 -6.94262 -0.093344 0.013867 12.845295 76.0
230 6180.0 0.98212 1.142586 0.0 0.965321 0.881566 -6.94262 -0.093344 0.013867 12.845295 76.0
231 6180.0 0.999021 1.124725 0.0 0.972091 0.881566 -6.94262 -0.093344 0.013867 12.845295 76.0
232 6180.0 0.995217 1.111863 0.0 0.970191 0.881566 -6.94262 -0.093344 0.013867 12.845295 76.0
233 6180.0 0.996675 1.136035 0.0 0.971348 0.881566 -6.94262 -0.093344 0.013867 12.845295 76.0
234 6180.0 0.987481 1.152985 0.0 0.967827 0.881566 -6.94262 -0.093344 0.013867 12.845295 76.0
235 6180.0 0.993766 1.157899 0.0 0.970602 0.881566 -6.94262 -0.093344 0.013867 12.845295 76.0
236 6180.0 0.977808 1.162327 0.0 0.963933 0.881566 -6.94262 -0.093344 0.013867 12.845295 76.0
237 6180.0 1.0083 1.175141 0.0 0.977151 0.881566 -6.94262 -0.093344 0.013867 12.845295 76.0
238 6180.0 0.997484 1.15502 0.0 0.972115 0.881566 -6.94262 -0.093344 0.013867 12.845295 76.0
239 6180.0 0.999794 1.163767 0.0 0.97329 0.881566 -6.94262 -0.093344 0.013867 12.845295 76.0
240 6180.0 0.982242 1.170031 0.0 0.965985 0.881566 -6.94262 -0.093344 0.013867 12.845295 76.0
241 6180.0 0.974028 1.175363 0.0 0.962621 0.881566 -6.94262 -0.093344 0.013867 12.845295 76.0
242 6180.0 0.961754 1.164353 0.0 0.957169 0.881566 -6.94262 -0.093344 0.013867 12.845295 76.0
243 6180.0 0.97862 1.154718 0.0 0.964107 0.881566 -6.94262 -0.093344 0.013867 12.845295 76.0
244 6180.0 0.949608 1.150656 0.0 0.951712 0.881566 -6.94262 -0.093344 0.013867 12.845295 76.0
245 6180.0 0.977071 1.171331 0.0 0.963821 0.881566 -6.94262 -0.093344 0.013867 12.845295 76.0
246 6180.0 0.976167 1.15429 0.0 0.963057 0.881566 -6.94262 -0.093344 0.013867 12.845295 76.0
247 6180.0 0.973465 1.145584 0.0 0.961717 0.881566 -6.94262 -0.093344 0.013867 12.845295 76.0
248 6180.0 0.983352 1.138183 0.0 0.965745 0.881566 -6.94262 -0.093344 0.013867 12.845295 76.0
249 6180.0 0.957646 1.14586 0.0 0.955014 0.881566 -6.94262 -0.093344 0.013867 12.845295 76.0
250 6180.0 0.962471 1.171217 0.0 0.957626 0.881566 -6.94262 -0.093344 0.013867 12.845295 76.0
251 6180.0 0.981022 1.171296 0.0 0.965496 0.881566 -6.94262 -0.093344 0.013867 12.845295 76.0
252 6180.0 0.981786 1.180248 0.0 0.96602 0.881566 -6.94262 -0.093344 0.013867 12.845295 76.0
253 6180.0 0.955524 1.152808 0.0 0.954269 0.881566 -6.94262 -0.093344 0.013867 12.845295 76.0
254 6180.0 0.972071 1.149422 0.0 0.961212 0.881566 -6.94262 -0.093344 0.013867 12.845295 76.0
255 6180.0 0.984416 1.173919 0.0 0.966994 0.881566 -6.94262 -0.093344 0.013867 12.845295 76.0
256 6180.0 0.993847 1.163677 0.0 0.970765 0.881566 -6.94262 -0.093344 0.013867 12.845295 76.0
257 6180.0 1.003639 1.179899 0.0 0.975281 0.881566 -6.94262 -0.093344 0.013867 12.845295 76.0
258 6180.0 0.986971 1.196449 0.0 0.96529 0.881566 -6.94262 -0.093344 0.013867 12.845295 76.0
259 6180.0 1.013908 1.219292 0.0 0.974312 0.881566 -6.94262 -0.093344 0.013867 12.845295 76.0
260 6180.0 1.005168 1.216673 0.0 0.969854 0.881566 -6.94262 -0.093344 0.013867 12.845295 76.0
261 6180.0 0.995812 1.221211 0.0 0.962738 0.881566 -6.94262 -0.093344 0.013867 12.845295 76.0
262 6180.0 1.004394 1.244615 0.0 0.960462 0.881566 -6.94262 -0.093344 0.013867 12.845295 76.0
263 6180.0 0.996809 1.223531 0.0 0.962601 0.881566 -6.94262 -0.093344 0.013867 12.845295 76.0
264 6180.0 0.983404 1.221059 0.0 0.95527 0.881566 -6.94262 -0.093344 0.013867 12.845295 76.0
265 6180.0 0.980436 1.220273 0.0 0.953723 0.881566 -6.94262 -0.093344 0.013867 12.845295 76.0
266 6180.0 0.969902 1.205427 0.0 0.952083 0.881566 -6.94262 -0.093344 0.013867 12.845295 76.0
267 6180.0 0.973695 1.181744 0.0 0.961944 0.881566 -6.94262 -0.093344 0.013867 12.845295 76.0
268 6180.0 0.975544 1.19351 0.0 0.959307 0.881566 -6.94262 -0.093344 0.013867 12.845295 76.0
269 6180.0 0.980107 1.194938 0.0 0.961615 0.881566 -6.94262 -0.093344 0.013867 12.845295 76.0
270 6180.0 0.986409 1.185476 0.0 0.968097 0.881566 -6.94262 -0.093344 0.013867 12.845295 76.0
271 6180.0 0.966703 1.199005 0.0 0.952197 0.881566 -6.94262 -0.093344 0.013867 12.845295 76.0
272 6180.0 0.96518 1.1975 0.0 0.951754 0.881566 -6.94262 -0.093344 0.013867 12.845295 76.0
273 6180.0 0.966132 1.203538 0.0 0.950402 0.881566 -6.94262 -0.093344 0.013867 12.845295 76.0
274 6180.0 0.964876 1.207217 0.0 0.948467 0.881566 -6.94262 -0.093344 0.013867 12.845295 76.0
275 6180.0 0.980977 1.202685 0.0 0.959668 0.881566 -6.94262 -0.093344 0.013867 12.845295 76.0
276 6180.0 0.995783 1.20202 0.0 0.968849 0.881566 -6.94262 -0.093344 0.013867 12.845295 76.0
277 6180.0 0.980971 1.1975 0.0 0.96132 0.881566 -6.94262 -0.093344 0.013867 12.845295 76.0
278 6180.0 1.005471 1.187042 0.0 0.976217 0.881566 -6.94262 -0.093344 0.013867 12.845295 76.0
279 6180.0 1.011188 1.167824 0.0 0.978212 0.881566 -6.94262 -0.093344 0.013867 12.845295 76.0
280 6180.0 1.004693 1.194674 0.0 0.976057 0.881566 -6.94262 -0.093344 0.013867 12.845295 76.0
281 6180.0 0.984685 1.191293 0.0 0.965552 0.881566 -6.94262 -0.093344 0.013867 12.845295 76.0
282 6180.0 0.954936 1.186944 0.0 0.94892 0.881566 -6.94262 -0.093344 0.013867 12.845295 76.0
283 6180.0 0.970331 1.165807 0.0 0.960839 0.881566 -6.94262 -0.093344 0.013867 12.845295 76.0
284 6180.0 0.944459 1.159078 0.0 0.949716 0.881566 -6.94262 -0.093344 0.013867 12.845295 76.0
285 6180.0 0.95425 1.167303 0.0 0.954052 0.881566 -6.94262 -0.093344 0.013867 12.845295 76.0
286 6180.0 0.946868 1.182205 0.0 0.945546 0.881566 -6.94262 -0.093344 0.013867 12.845295 76.0
287 6180.0 0.96655 1.158242 0.0 0.959067 0.881566 -6.94262 -0.093344 0.013867 12.845295 76.0
