 time p.x p.y p.z deep.node-0 CV opes.bias opes.rct opes.zed opes.neff opes.nker
0 1565.0 0.539613 0.557838 0.0 0.300727 -0.305306 -2.206407 -0.066945 0.013161 8.642242 48.0
1 1565.0 0.529634 0.559181 0.0 0.292791 -0.305306 -2.206407 -0.066945 0.013161 8.642242 48.0
2 1565.0 0.523483 0.560406 0.0 0.28842 -0.305306 -2.206407 -0.066945 0.013161 8.642242 48.0
3 1565.0 0.5368 0.574773 0.0 0.309993 -0.305306 -2.206407 -0.066945 0.013161 8.642242 48.0
4 1565.0 0.530477 0.557949 0.0 0.2928 -0.305306 -2.206407 -0.066945 0.013161 8.642242 48.0
5 1565.0 0.533612 0.575261 0.0 0.307624 -0.305306 -2.206407 -0.066945 0.013161 8.642242 48.0
6 1565.0 0.531398 0.553272 0.0 0.290915 -0.305306 -2.206407 -0.066945 0.013161 8.642242 48.0
7 1565.0 0.526213 0.527833 0.0 0.27174 -0.305306 -2.206407 -0.066945 0.013161 8.642242 48.0
8 1565.0 0.543761 0.514213 0.0 0.279251 -0.305306 -2.206407 -0.066945 0.013161 8.642242 48.0
9 1565.0 0.554833 0.531096 0.0 0.298651 -0.305306 -2.206407 -0.066945 0.013161 8.642242 48.0
10 1565.0 0.55213 0.558102 0.0 0.311827 -0.305306 -2.206407 -0.066945 0.013161 8.642242 48.0
11 1565.0 0.567055 0.573435 0.0 0.334832 -0.305306 -2.206407 -0.066945 0.013161 8.642242 48.0
12 1565.0 0.573527 0.570349 0.0 0.338152 -0.305306 -2.206407 -0.066945 0.013161 8.642242 48.0
13 1565.0 0.571724 0.56105 0.0 0.330662 -0.305306 -2.206407 -0.066945 0.013161 8.642242 48.0
14 1565.0 0.587702 0.558389 0.0 0.343106 -0.305306 -2.206407 -0.066945 0.013161 8.642242 48.0
15 1565.0 0.602568 0.558929 0.0 0.356419 -0.305306 -2.206407 -0.066945 0.013161 8.642242 48.0
16 1565.0 0.61073 0.566238 0.0 0.367764 -0.305306 -2.206407 -0.066945 0.013161 8.642242 48.0
17 1565.0 0.617191 0.564887 0.0 0.372638 -0.305306 -2.206407 -0.066945 0.013161 8.642242 48.0
18 1565.0 0.637026 0.576232 0.0 0.396515 -0.305306 -2.206407 -0.066945 0.013161 8.642242 48.0
19 1565.0 0.646323 0.577896 0.0 0.405605 -0.305306 -2.206407 -0.066945 0.013161 8.642242 48.0
20 1565.0 0.642429 0.57131 0.0 0.398409 -0.305306 -2.206407 -0.066945 0.013161 8.642242 48.0
21 1565.0 0.630113 0.540985 0.0 0.370186 -0.305306 -2.206407 -0.066945 0.013161 8.642242 48.0
22 1565.0 0.646091 0.567134 0.0 0.399209 -0.305306 -2.206407 -0.066945 0.013161 8.642242 48.0
23 1565.0 0.624544 0.583646 0.0 0.3911 -0.305306 -2.206407 -0.066945 0.013161 8.642242 48.0
24 1565.0 0.62924 0.56479 0.0 0.383121 -0.305306 -2.206407 -0.066945 0.013161 8.642242 48.0
25 1565.0 0.622343 0.562926 0.0 0.376016 -0.305306 -2.206407 -0.066945 0.013161 8.642242 48.0
26 1565.0 0.623442 0.544171 0.0 0.366184 -0.305306 -2.206407 -0.066945 0.013161 8.642242 48.0
27 1565.0 0.64033 0.546594 0.0 0.38235 -0.305306 -2.206407 -0.066945 0.013161 8.642242 48.0
28 1565.0 0.636242 0.555704 0.0 0.384017 -0.305306 -2.206407 -0.066945 0.013161 8.642242 48.0
29 1565.0 0.634636 0.570455 0.0 0.391101 -0.305306 -2.206407 -0.066945 0.013161 8.642242 48.0
30 1565.0 0.649671 0.57608 0.0 0.407488 -0.305306 -2.206407 -0.066945 0.013161 8.642242 48.0
31 1565.0 0.645599 0.575992 0.0 0.403876 -0.305306 -2.206407 -0.066945 0.013161 8.642242 48.0
32 1565.0 0.64085 0.583398 0.0 0.404823 -0.305306 -2.206407 -0.066945 0.013161 8.642242 48.0
33 1565.0 0.662817 0.574677 0.0 0.418179 -0.305306 -2.206407 -0.066945 0.013161 8.642242 48.0
34 1565.0 0.653121 0.582362 0.0 0.414546 -0.305306 -2.206407 -0.066945 0.013161 8.642242 48.0
35 1565.0 0.644271 0.584792 0.0 0.408731 -0.305306 -2.206407 -0.066945 0.013161 8.642242 48.0
36 1565.0 0.666611 0.549781 0.0 0.407171 -0.305306 -2.206407 -0.066945 0.013161 8.642242 48.0
37 1565.0 0.654293 0.575303 0.0 0.411084 -0.305306 -2.206407 -0.066945 0.013161 8.642242 48.0
38 1565.0 0.638825 0.564728 0.0 0.391469 -0.305306 -2.206407 -0.066945 0.013161 8.642242 48.0
39 1565.0 0.625235 0.569233 0.0 0.382175 -0.305306 -2.206407 -0.066945 0.013161 8.642242 48.0
40 1565.0 0.631507 0.543827 0.0 0.373041 -0.305306 -2.206407 -0.066945 0.013161 8.642242 48.0
41 1565.0 0.594897 0.551937 0.0 0.345686 -0.305306 -2.206407 -0.066945 0.013161 8.642242 48.0
42 1565.0 0.587556 0.531569 0.0 0.327544 -0.305306 -2.206407 -0.066945 0.013161 8.642242 48.0
43 1565.0 0.573537 0.511127 0.0 0.30352 -0.305306 -2.206407 -0.066945 0.013161 8.642242 48.0
44 1565.0 0.596879 0.516027 0.0 0.326755 -0.305306 -2.206407 -0.066945 0.013161 8.642242 48.0
45 1565.0 0.56732 0.522425 0.0 0.304583 -0.305306 -2.206407 -0.066945 0.013161 8.642242 48.0
46 1565.0 0.555129 0.513184 0.0 0.288603 -0.305306 -2.206407 -0.066945 0.013161 8.642242 48.0
47 1565.0 0.538953 0.500733 0.0 0.267479 -0.305306 -2.206407 -0.066945 0.013161 8.642242 48.0
48 1565.0 0.529073 0.499647 0.0 0.258254 -0.305306 -2.206407 -0.066945 0.013161 8.642242 48.0
49 1565.0 0.520874 0.509137 0.0 0.256432 -0.305306 -2.206407 -0.066945 0.013161 8.642242 48.0
50 1565.0 0.49753 0.512248 0.0 0.237822 -0.305306 -2.206407 -0.066945 0.013161 8.642242 48.0
51 1565.0 0.472395 0.519227 0.0 0.219821 -0.305306 -2.206407 -0.066945 0.013161 8.642242 48.0
52 1565.0 0.492008 0.493888 0.0 0.222698 -0.305306 -2.206407 -0.066945 0.013161 8.642242 48.0
53 1565.0 0.475816 0.519358 0.0 0.222878 -0.305306 -2.206407 -0.066945 0.013161 8.642242 48.0
54 1565.0 0.483866 0.541543 0.0 0.24259 -0.305306 -2.206407 -0.066945 0.013161 8.642242 48.0
55 1565.0 0.464382 0.522152 0.0 0.214475 -0.305306 -2.206407 -0.066945 0.013161 8.642242 48.0
56 1565.0 0.450722 0.50709 0.0 0.195325 -0.305306 -2.206407 -0.066945 0.013161 8.642242 48.0
57 1565.0 0.432058 0.52172 0.0 0.187393 -0.305306 -2.206407 -0.066945 0.013161 8.642242 48.0
58 1565.0 0.397784 0.485942 0.0 0.147436 -0.305306 -2.206407 -0.066945 0.013161 8.642242 48.0
59 1565.0 0.411007 0.492808 0.0 0.160039 -0.305306 -2.206407 -0.066945 0.013161 8.642242 48.0
60 1565.0 0.426359 0.513646 0.0 0.179887 -0.305306 -2.206407 -0.066945 0.013161 8.642242 48.0
61 1565.0 0.408709 0.514633 0.0 0.167179 -0.305306 -2.206407 -0.066945 0.013161 8.642242 48.0
62 1565.0 0.424564 0.522116 0.0 0.181987 -0.305306 -2.206407 -0.066945 0.013161 8.642242 48.0
63 1565.0 0.44084 0.528762 0.0 0.197657 -0.305306 -2.206407 -0.066945 0.013161 8.642242 48.0
64 1565.0 0.433871 0.541704 0.0 0.198955 -0.305306 -2.206407 -0.066945 0.013161 8.642242 48.0
65 1565.0 0.45176 0.531204 0.0 0.208559 -0.305306 -2.206407 -0.066945 0.013161 8.642242 48.0
66 1565.0 0.456794 0.520087 0.0 0.206699 -0.305306 -2.206407 -0.066945 0.013161 8.642242 48.0
67 1565.0 0.428653 0.513333 0.0 0.181464 -0.305306 -2.206407 -0.066945 0.013161 8.642242 48.0
68 1565.0 0.42194 0.543312 0.0 0.189701 -0.305306 -2.206407 -0.066945 0.013161 8.642242 48.0
69 1565.0 0.432137 0.5348 0.0 0.193465 -0.305306 -2.206407 -0.066945 0.013161 8.642242 48.0
70 1565.0 0.468995 0.547126 0.0 0.232796 -0.305306 -2.206407 -0.066945 0.013161 8.642242 48.0
71 1565.0 0.4915 0.540578 0.0 0.248713 -0.305306 -2.206407 -0.066945 0.013161 8.642242 48.0
72 1565.0 0.463535 0.540473 0.0 0.224192 -0.305306 -2.206407 -0.066945 0.013161 8.642242 48.0
73 1565.0 0.457307 0.562031 0.0 0.233168 -0.305306 -2.206407 -0.066945 0.013161 8.642242 48.0
74 1565.0 0.456483 0.545633 0.0 0.220994 -0.305306 -2.206407 -0.066945 0.013161 8.642242 48.0
75 1565.0 0.445352 0.546915 0.0 0.212221 -0.305306 -2.206407 -0.066945 0.013161 8.642242 48.0
76 1565.0 0.423565 0.515556 0.0 0.178587 -0.305306 -2.206407 -0.066945 0.013161 8.642242 48.0
77 1565.0 0.405823 0.530726 0.0 0.171559 -0.305306 -2.206407 -0.066945 0.013161 8.642242 48.0
78 1565.0 0.387547 0.532172 0.0 0.158571 -0.305306 -2.206407 -0.066945 0.013161 8.642242 48.0
79 1565.0 0.364327 0.526685 0.0 0.139101 -0.305306 -2.206407 -0.066945 0.013161 8.642242 48.0
80 1565.0 0.362462 0.547508 0.0 0.148311 -0.305306 -2.206407 -0.066945 0.013161 8.642242 48.0
81 1565.0 0.334255 0.533218 0.0 0.120249 -0.305306 -2.206407 -0.066945 0.013161 8.642242 48.0
82 1565.0 0.307827 0.549657 0.0 0.110109 -0.305306 -2.206407 -0.066945 0.013161 8.642242 48.0
83 1565.0 0.277496 0.524975 0.0 0.074895 -0.305306 -2.206407 -0.066945 0.013161 8.642242 48.0
84 1565.0 0.264458 0.531629 0.0 0.069104 -0.305306 -2.206407 -0.066945 0.013161 8.642242 48.0
85 1565.0 0.23087 0.541351 0.0 0.050168 -0.305306 -2.206407 -0.066945 0.013161 8.642242 48.0
86 1565.0 0.225457 0.543838 0.0 0.047615 -0.305306 -2.206407 -0.066945 0.013161 8.642242 48.0
87 1565.0 0.230306 0.558335 0.0 0.058957 -0.305306 -2.206407 -0.066945 0.013161 8.642242 48.0
88 1565.0 0.235501 0.570123 0.0 0.069082 -0.305306 -2.206407 -0.066945 0.013161 8.642242 48.0
89 1565.0 0.249758 0.570159 0.0 0.079399 -0.305306 -2.206407 -0.066945 0.013161 8.642242 48.0
90 1565.0 0.261606 0.562512 0.0 0.083768 -0.305306 -2.206407 -0.066945 0.013161 8.642242 48.0
91 1565.0 0.245762 0.531158 0.0 0.05538 -0.305306 -2.206407 -0.066945 0.013161 8.642242 48.0
92 1565.0 0.230927 0.548665 0.0 0.054169 -0.305306 -2.206407 -0.066945 0.013161 8.642242 48.0
93 1565.0 0.246551 0.53443 0.0 0.057719 -0.305306 -2.206407 -0.066945 0.013161 8.642242 48.0
94 1565.0 0.260279 0.525095 0.0 0.062556 -0.305306 -2.206407 -0.066945 0.013161 8.642242 48.0
95 1565.0 0.245086 0.547329 0.0 0.063647 -0.305306 -2.206407 -0.066945 0.013161 8.642242 48.0
96 1565.0 0.202726 0.541418 0.0 0.029929 -0.305306 -2.206407 -0.066945 0.013161 8.642242 48.0
97 1565.0 0.19057 0.519754 0.0 0.013968 -0.305306 -2.206407 -0.066945 0.013161 8.642242 48.0
98 1565.0 0.174921 0.50511 0.0 0.011001 -0.305306 -2.206407 -0.066945 0.013161 8.642242 48.0
99 1565.0 0.175581 0.530532 0.0 0.011919 -0.305306 -2.206407 -0.066945 0.013161 8.642242 48.0
100 1565.0 0.174234 0.519263 0.0 0.011344 -0.305306 -2.206407 -0.066945 0.013161 8.642242 48.0
101 1565.0 0.165882 0.524067 0.0 0.010163 -0.305306 -2.206407 -0.066945 0.013161 8.642242 48.0
102 1565.0 0.159204 0.54457 0.0 0.009753 -0.305306 -2.206407 -0.066945 0.013161 8.642242 48.0
103 1565.0 0.156798 0.521604 0.0 0.008634 -0.305306 -2.206407 -0.066945 0.013161 8.642242 48.0
104 1565.0 0.162348 0.528706 0.0 0.009747 -0.305306 -2.206407 -0.066945 0.013161 8.642242 48.0
105 1565.0 0.14426 0.534071 0.0 0.00703 -0.305306 -2.206407 -0.066945 0.013161 8.642242 48.0
106 1565.0 0.130238 0.538863 0.0 0.004944 -0.305306 -2.206407 -0.066945 0.013161 8.642242 48.0
107 1565.0 0.127722 0.526054 0.0 0.004132 -0.305306 -2.206407 -0.066945 0.013161 8.642242 48.0
108 1565.0 0.140222 0.529854 0.0 0.00625 -0.305306 -2.206407 -0.066945 0.013161 8.642242 48.0
109 1565.0 0.138757 0.537397 0.0 0.006258 -0.305306 -2.206407 -0.066945 0.013161 8.642242 48.0
110 1565.0 0.13535 0.55166 0.0 0.00617 -0.305306 -2.206407 -0.066945 0.013161 8.642242 48.0
111 1565.0 0.129023 0.52593 0.0 0.004336 -0.305306 -2.206407 -0.066945 0.013161 8.642242 48.0
112 1565.0 0.139837 0.539655 0.0 0.006502 -0.305306 -2.206407 -0.066945 0.013161 8.642242 48.0
113 1565.0 0.112784 0.50943 0.0 0.002033 -0.305306 -2.206407 -0.066945 0.013161 8.642242 48.0
114 1565.0 0.133468 0.501859 0.0 0.004276 -0.305306 -2.206407 -0.066945 0.013161 8.642242 48.0
115 1565.0 0.134566 0.520831 0.0 0.005058 -0.305306 -2.206407 -0.066945 0.013161 8.642242 48.0
116 1565.0 0.135833 0.509668 0.0 0.004904 -0.305306 -2.206407 -0.066945 0.013161 8.642242 48.0
117 1565.0 0.109764 0.476866 0.0 0.012894 -0.305306 -2.206407 -0.066945 0.013161 8.642242 48.0
118 1565.0 0.102028 0.479149 0.0 0.012145 -0.305306 -2.206407 -0.066945 0.013161 8.642242 48.0
119 1565.0 0.111481 0.506326 0.0 0.003014 -0.305306 -2.206407 -0.066945 0.013161 8.642242 48.0
120 1565.0 0.0984 0.493183 0.0 0.007325 -0.305306 -2.206407 -0.066945 0.013161 8.642242 48.0
121 1565.0 0.08609 0.482924 0.0 0.010942 -0.305306 -2.206407 -0.066945 0.013161 8.642242 48.0
122 1565.0 0.080457 0.478418 0.0 0.012653 -0.305306 -2.206407 -0.066945 0.013161 8.642242 48.0
123 1565.0 0.052766 0.484724 0.0 0.011098 -0.305306 -2.206407 -0.066945 0.013161 8.642242 48.0
124 1565.0 0.056261 0.466578 0.0 0.018837 -0.305306 -2.206407 -0.066945 0.013161 8.642242 48.0
125 1565.0 0.059867 0.460144 0.0 0.021535 -0.305306 -2.206407 -0.066945 0.013161 8.642242 48.0
126 1565.0 0.073878 0.471682 0.0 0.015632 -0.305306 -2.206407 -0.066945 0.013161 8.642242 48.0
127 1565.0 0.065709 0.468232 0.0 0.017604 -0.305306 -2.206407 -0.066945 0.013161 8.642242 48.0
128 1565.0 0.077137 0.46187 0.0 0.019862 -0.305306 -2.206407 -0.066945 0.013161 8.642242 48.0
129 1565.0 0.060649 0.498837 0.0 0.006369 -0.305306 -2.206407 -0.066945 0.013161 8.642242 48.0
130 1565.0 0.072068 0.498601 0.0 0.006205 -0.305306 -2.206407 -0.066945 0.013161 8.642242 48.0
131 1565.0 0.067629 0.524511 0.0 -0.001667 -0.305306 -2.206407 -0.066945 0.013161 8.642242 48.0
132 1565.0 0.060986 0.52197 0.0 -0.000749 -0.305306 -2.206407 -0.066945 0.013161 8.642242 48.0
133 1565.0 0.073485 0.509862 0.0 0.002714 -0.305306 -2.206407 -0.066945 0.013161 8.642242 48.0
134 1565.0 0.047646 0.500878 0.0 0.006011 -0.305306 -2.206407 -0.066945 0.013161 8.642242 48.0
135 1565.0 0.027848 0.488326 0.0 0.011229 -0.305306 -2.206407 -0.066945 0.013161 8.642242 48.0
136 1565.0 -0.01882 0.488225 0.0 0.014143 -0.305306 -2.206407 -0.066945 0.013161 8.642242 48.0
137 1565.0 -0.039036 0.485891 0.0 0.016298 -0.305306 -2.206407 -0.066945 0.013161 8.642242 48.0
138 1565.0 -0.072781 0.521136 0.0 0.004635 -0.305306 -2.206407 -0.066945 0.013161 8.642242 48.0
139 1565.0 -0.043396 0.51591 0.0 0.004863 -0.305306 -2.206407 -0.066945 0.013161 8.642242 48.0
140 1565.0 -0.041057 0.486281 0.0 0.016271 -0.305306 -2.206407 -0.066945 0.013161 8.642242 48.0
141 1565.0 -0.050381 0.493811 0.0 0.013909 -0.305306 -2.206407 -0.066945 0.013161 8.642242 48.0
142 1565.0 -0.055047 0.506766 0.0 0.009146 -0.305306 -2.206407 -0.066945 0.013161 8.642242 48.0
143 1565.0 -0.071488 0.496957 0.0 0.013983 -0.305306 -2.206407 -0.066945 0.013161 8.642242 48.0
144 1565.0 -0.058114 0.489355 0.0 0.016123 -0.305306 -2.206407 -0.066945 0.013161 8.642242 48.0
145 1565.0 -0.061334 0.498872 0.0 0.012611 -0.305306 -2.206407 -0.066945 0.013161 8.642242 48.0
146 1565.0 -0.0468 0.490465 0.0 0.014993 -0.305306 -2.206407 -0.066945 0.013161 8.642242 48.0
147 1565.0 -0.054567 0.478674 0.0 0.020069 -0.305306 -2.206407 -0.066945 0.013161 8.642242 48.0
148 1565.0 -0.060563 0.485246 0.0 0.017876 -0.305306 -2.206407 -0.066945 0.013161 8.642242 48.0
149 1565.0 -0.05445 0.467991 0.0 0.024227 -0.305306 -2.206407 -0.066945 0.013161 8.642242 48.0
150 1565.0 -0.048059 0.455544 0.0 0.029213 -0.305306 -2.206407 -0.066945 0.013161 8.642242 48.0
151 1565.0 -0.047387 0.446706 0.0 0.033141 -0.305306 -2.206407 -0.066945 0.013161 8.642242 48.0
152 1565.0 -0.069449 0.44346 0.0 0.035744 -0.305306 -2.206407 -0.066945 0.013161 8.642242 48.0
153 1565.0 -0.066549 0.470002 0.0 0.024188 -0.305306 -2.206407 -0.066945 0.013161 8.642242 48.0
154 1565.0 -0.052244 0.504748 0.0 0.00976 -0.305306 -2.206407 -0.066945 0.013161 8.642242 48.0
155 1565.0 -0.016046 0.488151 0.0 0.014001 -0.305306 -2.206407 -0.066945 0.013161 8.642242 48.0
156 1565.0 -0.009516 0.46751 0.0 0.021842 -0.305306 -2.206407 -0.066945 0.013161 8.642242 48.0
157 1565.0 0.001913 0.467665 0.0 0.021178 -0.305306 -2.206407 -0.066945 0.013161 8.642242 48.0
158 1565.0 0.007495 0.487316 0.0 0.012876 -0.305306 -2.206407 -0.066945 0.013161 8.642242 48.0
159 1565.0 -0.004714 0.512431 0.0 0.003836 -0.305306 -2.206407 -0.066945 0.013161 8.642242 48.0
160 1565.0 -0.009883 0.522153 0.0 0.000663 -0.305306 -2.206407 -0.066945 0.013161 8.642242 48.0
161 1565.0 0.014307 0.518116 0.0 0.001403 -0.305306 -2.206407 -0.066945 0.013161 8.642242 48.0
162 1565.0 0.006888 0.51448 0.0 0.002674 -0.305306 -2.206407 -0.066945 0.013161 8.642242 48.0
163 1565.0 0.018565 0.519613 0.0 0.000854 -0.305306 -2.206407 -0.066945 0.013161 8.642242 48.0
164 1565.0 0.023837 0.531769 0.0 -0.002991 -0.305306 -2.206407 -0.066945 0.013161 8.642242 48.0
165 1565.0 0.048914 0.548897 0.0 -0.007723 -0.305306 -2.206407 -0.066945 0.013161 8.642242 48.0
166 1565.0 0.014861 0.545745 0.0 -0.007101 -0.305306 -2.206407 -0.066945 0.013161 8.642242 48.0
167 1565.0 0.002339 0.542011 0.0 -0.005694 -0.305306 -2.206407 -0.066945 0.013161 8.642242 48.0
168 1565.0 -0.021216 0.532465 0.0 -0.002272 -0.305306 -2.206407 -0.066945 0.013161 8.642242 48.0
169 1565.0 -0.024221 0.53728 0.0 -0.00369 -0.305306 -2.206407 -0.066945 0.013161 8.642242 48.0
170 1565.0 -0.023685 0.517912 0.0 0.002868 -0.305306 -2.206407 -0.066945 0.013161 8.642242 48.0
171 1565.0 -0.016494 0.513934 0.0 0.003976 -0.305306 -2.206407 -0.066945 0.013161 8.642242 48.0
172 1565.0 -0.035862 0.511315 0.0 0.00619 -0.305306 -2.206407 -0.066945 0.013161 8.642242 48.0
173 1565.0 -0.044736 0.513307 0.0 0.00596 -0.305306 -2.206407 -0.066945 0.013161 8.642242 48.0
174 1565.0 -0.011794 0.509483 0.0 0.005422 -0.305306 -2.206407 -0.066945 0.013161 8.642242 48.0
175 1565.0 -0.042666 0.513419 0.0 0.005789 -0.305306 -2.206407 -0.066945 0.013161 8.642242 48.0
176 1565.0 -0.043048 0.529691 0.0 -0.000532 -0.305306 -2.206407 -0.066945 0.013161 8.642242 48.0
177 1565.0 -0.027793 0.522274 0.0 0.00142 -0.305306 -2.206407 -0.066945 0.013161 8.642242 48.0
178 1565.0 -0.025742 0.512216 0.0 0.005216 -0.305306 -2.206407 -0.066945 0.013161 8.642242 48.0
179 1565.0 -0.018251 0.54179 0.0 -0.0052 -0.305306 -2.206407 -0.066945 0.013161 8.642242 48.0
180 1565.0 -0.028846 0.523019 0.0 0.001195 -0.305306 -2.206407 -0.066945 0.013161 8.642242 48.0
181 1565.0 -0.015462 0.52706 0.0 -0.00073 -0.305306 -2.206407 -0.066945 0.013161 8.642242 48.0
182 1565.0 -0.005372 0.507482 0.0 0.005806 -0.305306 -2.206407 -0.066945 0.013161 8.642242 48.0
183 1565.0 0.003213 0.505951 0.0 0.005874 -0.305306 -2.206407 -0.066945 0.013161 8.642242 48.0
184 1565.0 -0.010886 0.53029 0.0 -0.001818 -0.305306 -2.206407 -0.066945 0.013161 8.642242 48.0
185 1565.0 0.011612 0.527673 0.0 -0.001479 -0.305306 -2.206407 -0.066945 0.013161 8.642242 48.0
186 1565.0 0.016921 0.515503 0.0 0.002152 -0.305306 -2.206407 -0.066945 0.013161 8.642242 48.0
187 1565.0 0.006268 0.534799 0.0 -0.003559 -0.305306 -2.206407 -0.066945 0.013161 8.642242 48.0
188 1565.0 0.000567 0.547852 0.0 -0.007453 -0.305306 -2.206407 -0.066945 0.013161 8.642242 48.0
189 1565.0 0.013488 0.531469 0.0 -0.002685 -0.305306 -2.206407 -0.066945 0.013161 8.642242 48.0
190 1565.0 -0.005531 0.527607 0.0 -0.001104 -0.305306 -2.206407 -0.066945 0.013161 8.642242 48.0
191 1565.0 0.002371 0.54068 0.0 -0.005286 -0.305306 -2.206407 -0.066945 0.013161 8.642242 48.0
192 1565.0 -0.007854 0.53547 0.0 -0.003473 -0.305306 -2.206407 -0.066945 0.013161 8.642242 48.0
193 1565.0 -0.011394 0.503611 0.0 0.007687 -0.305306 -2.206407 -0.066945 0.013161 8.642242 48.0
194 1565.0 -0.021776 0.513657 0.0 0.004409 -0.305306 -2.206407 -0.066945 0.013161 8.642242 48.0
195 1565.0 -0.026584 0.511127 0.0 0.005692 -0.305306 -2.206407 -0.066945 0.013161 8.642242 48.0
196 1565.0 -0.028443 0.51338 0.0 0.004928 -0.305306 -2.206407 -0.066945 0.013161 8.642242 48.0
197 1565.0 -0.036176 0.505182 0.0 0.008601 -0.305306 -2.206407 -0.066945 0.013161 8.642242 48.0
198 1565.0 0.002534 0.49775 0.0 0.009114 -0.305306 -2.206407 -0.066945 0.013161 8.642242 48.0
199 1565.0 -0.01657 0.52578 0.0 -0.000314 -0.305306 -2.206407 -0.066945 0.013161 8.642242 48.0
200 1565.0 -0.026785 0.515046 0.0 0.004176 -0.305306 -2.206407 -0.066945 0.013161 8.642242 48.0
201 1565.0 -0.023079 0.546252 0.0 -0.006471 -0.305306 -2.206407 -0.066945 0.013161 8.642242 48.0
202 1565.0 -0.013424 0.539914 0.0 -0.004723 -0.305306 -2.206407 -0.066945 0.013161 8.642242 48.0
203 1565.0 -0.011749 0.534452 0.0 -0.003079 -0.305306 -2.206407 -0.066945 0.013161 8.642242 48.0
204 1565.0 -0.028179 0.545552 0.0 -0.00615 -0.305306 -2.206407 -0.066945 0.013161 8.642242 48.0
205 1565.0 -0.014842 0.532 0.0 -0.002261 -0.305306 -2.206407 -0.066945 0.013161 8.642242 48.0
206 1565.0 -0.048936 0.51516 0.0 0.005497 -0.305306 -2.206407 -0.066945 0.013161 8.642242 48.0
207 1565.0 -0.043463 0.507816 0.0 0.008023 -0.305306 -2.206407 -0.066945 0.013161 8.642242 48.0
208 1565.0 -0.031472 0.501363 0.0 0.0098 -0.305306 -2.206407 -0.066945 0.013161 8.642242 48.0
209 1565.0 -0.007847 0.502439 0.0 0.007925 -0.305306 -2.206407 -0.066945 0.013161 8.642242 48.0
210 1565.0 -0.02604 0.509517 0.0 0.006286 -0.305306 -2.206407 -0.066945 0.013161 8.642242 48.0
211 1565.0 -0.021152 0.517148 0.0 0.003009 -0.305306 -2.206407 -0.066945 0.013161 8.642242 48.0
212 1565.0 -0.028363 0.549424 0.0 -0.007337 -0.305306 -2.206407 -0.066945 0.013161 8.642242 48.0
213 1565.0 -0.031883 0.558817 0.0 -0.010186 -0.305306 -2.206407 -0.066945 0.013161 8.642242 48.0
214 1565.0 -0.033384 0.565462 0.0 -0.013559 -0.305306 -2.206407 -0.066945 0.013161 8.642242 48.0
215 1565.0 -0.025821 0.557376 0.0 -0.009834 -0.305306 -2.206407 -0.066945 0.013161 8.642242 48.0
216 1565.0 -0.024406 0.541837 0.0 -0.005087 -0.305306 -2.206407 -0.066945 0.013161 8.642242 48.0
217 1565.0 -0.010405 0.546555 0.0 -0.006827 -0.305306 -2.206407 -0.066945 0.013161 8.642242 48.0
218 1565.0 -0.021841 0.538347 0.0 -0.004067 -0.305306 -2.206407 -0.066945 0.013161 8.642242 48.0
219 1565.0 -0.04079 0.526779 0.0 0.000464 -0.305306 -2.206407 -0.066945 0.013161 8.642242 48.0
220 1565.0 -0.016755 0.485742 0.0 0.014984 -0.305306 -2.206407 -0.066945 0.013161 8.642242 48.0
221 1565.0 -0.007065 0.502635 0.0 0.0078 -0.305306 -2.206407 -0.066945 0.013161 8.642242 48.0
222 1565.0 -0.016035 0.505092 0.0 0.007395 -0.305306 -2.206407 -0.066945 0.013161 8.642242 48.0
223 1565.0 -0.021626 0.498198 0.0 0.010427 -0.305306 -2.206407 -0.066945 0.013161 8.642242 48.0
224 1565.0 -0.04271 0.494954 0.0 0.012991 -0.305306 -2.206407 -0.066945 0.013161 8.642242 48.0
225 1565.0 -0.049617 0.509941 0.0 0.007573 -0.305306 -2.206407 -0.066945 0.013161 8.642242 48.0
226 1565.0 -0.092705 0.52998 0.0 0.000182 -0.305306 -2.206407 -0.066945 0.013161 8.642242 48.0
227 1565.0 -0.075377 0.523228 0.0 0.00398 -0.305306 -2.206407 -0.066945 0.013161 8.642242 48.0
228 1565.0 -0.076556 0.522851 0.0 0.004199 -0.305306 -2.206407 -0.066945 0.013161 8.642242 48.0
229 1565.0 -0.094483 0.499017 0.0 0.014596 -0.305306 -2.206407 -0.066945 0.013161 8.642242 48.0
230 1565.0 -0.082485 0.471215 0.0 0.024697 -0.305306 -2.206407 -0.066945 0.013161 8.642242 48.0
231 1565.0 -0.051585 0.504223 0.0 0.009924 -0.305306 -2.206407 -0.066945 0.013161 8.642242 48.0
232 1565.0 -0.026347 0.492303 0.0 0.013017 -0.305306 -2.206407 -0.066945 0.013161 8.642242 48.0
233 1565.0 -0.014984 0.476982 0.0 0.01829 -0.305306 -2.206407 -0.066945 0.013161 8.642242 48.0
234 1565.0 -0.008969 0.512275 0.0 0.004159 -0.305306 -2.206407 -0.066945 0.013161 8.642242 48.0
235 1565.0 -0.013098 0.508128 0.0 0.00603 -0.305306 -2.206407 -0.066945 0.013161 8.642242 48.0
236 1565.0 -0.006567 0.502446 0.0 0.007843 -0.305306 -2.206407 -0.066945 0.013161 8.642242 48.0
237 1565.0 -0.011532 0.491054 0.0 0.012591 -0.305306 -2.206407 -0.066945 0.013161 8.642242 48.0
238 1565.0 -0.008682 0.476489 0.0 0.018094 -0.305306 -2.206407 -0.066945 0.013161 8.642242 48.0
239 1565.0 0.001739 0.471293 0.0 0.01956 -0.305306 -2.206407 -0.066945 0.013161 8.642242 48.0
240 1565.0 0.022187 0.486448 0.0 0.012309 -0.305306 -2.206407 -0.066945 0.013161 8.642242 48.0
241 1565.0 0.004965 0.491723 0.0 0.011314 -0.305306 -2.206407 -0.066945 0.013161 8.642242 48.0
242 1565.0 -0.00964 0.531012 0.0 -0.002065 -0.305306 -2.206407 -0.066945 0.013161 8.642242 48.0
243 1565.0 -0.040472 0.533483 0.0 -0.002169 -0.305306 -2.206407 -0.066945 0.013161 8.642242 48.0
244 1565.0 -0.040965 0.53392 0.0 -0.002309 -0.305306 -2.206407 -0.066945 0.013161 8.642242 48.0
245 1565.0 -0.03694 0.545131 0.0 -0.00584 -0.305306 -2.206407 -0.066945 0.013161 8.642242 48.0
246 1565.0 -0.050947 0.539823 0.0 -0.003918 -0.305306 -2.206407 -0.066945 0.013161 8.642242 48.0
247 1565.0 -0.047717 0.521094 0.0 0.003107 -0.305306 -2.206407 -0.066945 0.013161 8.642242 48.0
248 1565.0 -0.047095 0.518367 0.0 0.004133 -0.305306 -2.206407 -0.066945 0.013161 8.642242 48.0
249 1565.0 -0.050567 0.524072 0.0 0.002122 -0.305306 -2.206407 -0.066945 0.013161 8.642242 48.0
250 1565.0 -0.037993 0.534362 0.0 -0.002508 -0.305306 -2.206407 -0.066945 0.013161 8.642242 48.0
251 1565.0 -0.027827 0.536998 0.0 -0.003528 -0.305306 -2.206407 -0.066945 0.013161 8.642242 48.0
252 1565.0 -0.027464 0.549964 0.0 -0.007521 -0.305306 -2.206407 -0.066945 0.013161 8.642242 48.0
253 1565.0 -0.054068 0.53779 0.0 -0.003011 -0.305306 -2.206407 -0.066945 0.013161 8.642242 48.0
254 1565.0 -0.048522 0.53028 0.0 -0.000425 -0.305306 -2.206407 -0.066945 0.013161 8.642242 48.0
255 1565.0 -0.048586 0.540893 0.0 -0.004296 -0.305306 -2.206407 -0.066945 0.013161 8.642242 48.0
256 1565.0 -0.060925 0.541774 0.0 -0.004644 -0.305306 -2.206407 -0.066945 0.013161 8.642242 48.0
257 1565.0 -0.057583 0.559099 0.0 -0.012884 -0.305306 -2.206407 -0.066945 0.013161 8.642242 48.0
258 1565.0 -0.053878 0.573284 0.0 -0.019396 -0.305306 -2.206407 -0.066945 0.013161 8.642242 48.0
259 1565.0 -0.041483 0.585421 0.0 -0.024047 -0.305306 -2.206407 -0.066945 0.013161 8.642242 48.0
260 1565.0 -0.036234 0.559289 0.0 -0.010848 -0.305306 -2.206407 -0.066945 0.013161 8.642242 48.0
261 1565.0 -0.028742 0.539846 0.0 -0.004385 -0.305306 -2.206407 -0.066945 0.013161 8.642242 48.0
262 1565.0 -0.037652 0.507913 0.0 0.007627 -0.305306 -2.206407 -0.066945 0.013161 8.642242 48.0
263 1565.0 -0.03628 0.517227 0.0 0.003911 -0.305306 -2.206407 -0.066945 0.013161 8.642242 48.0
264 1565.0 -0.055441 0.483845 0.0 0.018106 -0.305306 -2.206407 -0.066945 0.013161 8.642242 48.0
265 1565.0 -0.070499 0.491847 0.0 0.015914 -0.305306 -2.206407 -0.066945 0.013161 8.642242 48.0
266 1565.0 -0.071043 0.520492 0.0 0.004779 -0.305306 -2.206407 -0.066945 0.013161 8.642242 48.0
267 1565.0 -0.088149 0.500144 0.0 0.013767 -0.305306 -2.206407 -0.066945 0.013161 8.642242 48.0
268 1565.0 -0.095371 0.495176 0.0 0.016149 -0.305306 -2.206407 -0.066945 0.013161 8.642242 48.0
269 1565.0 -0.099575 0.529773 0.0 -0.001026 -0.305306 -2.206407 -0.066945 0.013161 8.642242 48.0
270 1565.0 -0.087846 0.493381 0.0 0.016385 -0.305306 -2.206407 -0.066945 0.013161 8.642242 48.0
271 1565.0 -0.103377 0.505082 0.0 0.012779 -0.305306 -2.206407 -0.066945 0.013161 8.642242 48.0
272 1565.0 -0.084014 0.497216 0.0 0.014653 -0.305306 -2.206407 -0.066945 0.013161 8.642242 48.0
273 1565.0 -0.076614 0.51479 0.0 0.007345 -0.305306 -2.206407 -0.066945 0.013161 8.642242 48.0
274 1565.0 -0.088621 0.526277 0.0 0.002524 -0.305306 -2.206407 -0.066945 0.013161 8.642242 48.0
275 1565.0 -0.074061 0.515466 0.0 0.006925 -0.305306 -2.206407 -0.066945 0.013161 8.642242 48.0
276 1565.0 -0.041575 0.501123 0.0 0.010516 -0.305306 -2.206407 -0.066945 0.013161 8.642242 48.0
277 1565.0 -0.047985 0.504419 0.0 0.009626 -0.305306 -2.206407 -0.066945 0.013161 8.642242 48.0
278 1565.0 -0.055202 0.508705 0.0 0.008399 -0.305306 -2.206407 -0.066945 0.013161 8.642242 48.0
279 1565.0 -0.055823 0.511003 0.0 0.007542 -0.305306 -2.206407 -0.066945 0.013161 8.642242 48.0
280 1565.0 -0.057909 0.503698 0.0 0.010518 -0.305306 -2.206407 -0.066945 0.013161 8.642242 48.0
281 1565.0 -0.049289 0.505617 0.0 0.009239 -0.305306 -2.206407 -0.066945 0.013161 8.642242 48.0
282 1565.0 -0.042444 0.496778 0.0 0.012263 -0.305306 -2.206407 -0.066945 0.013161 8.642242 48.0
283 1565.0 -0.035033 0.490938 0.0 0.014084 -0.305306 -2.206407 -0.066945 0.013161 8.642242 48.0
284 1565.0 -0.065295 0.517109 0.0 0.005744 -0.305306 -2.206407 -0.066945 0.013161 8.642242 48.0
285 1565.0 -0.068308 0.50886 0.0 0.009146 -0.305306 -2.206407 -0.066945 0.013161 8.642242 48.0
286 1565.0 -0.059637 0.532377 0.0 -0.000557 -0.305306 -2.206407 -0.066945 0.013161 8.642242 48.0
287 1565.0 -0.074345 0.540268 0.0 -0.004579 -0.305306 -2.206407 -0.066945 0.013161 8.642242 48.0
