 time p.x p.y p.z deep.node-0 CV opes.bias opes.rct opes.zed opes.neff opes.nker
0 16815.0 -0.366347 0.597834 0.0 -0.155043 1.130601 -10.034332 -0.193851 0.007865 12.845295 134.0
1 16815.0 -0.369055 0.61168 0.0 -0.172377 1.130601 -10.034332 -0.193851 0.007865 12.845295 134.0
2 16815.0 -0.35634 0.574709 0.0 -0.12912 1.130601 -10.034332 -0.193851 0.007865 12.845295 134.0
3 16815.0 -0.322321 0.553464 0.0 -0.095673 1.130601 -10.034332 -0.193851 0.007865 12.845295 134.0
4 16815.0 -0.337707 0.552145 0.0 -0.100385 1.130601 -10.034332 -0.193851 0.007865 12.845295 134.0
5 16815.0 -0.345417 0.542264 0.0 -0.093958 1.130601 -10.034332 -0.193851 0.007865 12.845295 134.0
6 16815.0 -0.335637 0.554787 0.0 -0.1021 1.130601 -10.034332 -0.193851 0.007865 12.845295 134.0
7 16815.0 -0.331597 0.546979 0.0 -0.093091 1.130601 -10.034332 -0.193851 0.007865 12.845295 134.0
8 16815.0 -0.316135 0.538435 0.0 -0.078948 1.130601 -10.034332 -0.193851 0.007865 12.845295 134.0
9 16815.0 -0.298473 0.52901 0.0 -0.063113 1.130601 -10.034332 -0.193851 0.007865 12.845295 134.0
10 16815.0 -0.254286 0.522038 0.0 -0.040057 1.130601 -10.034332 -0.193851 0.007865 12.845295 134.0
11 16815.0 -0.24667 0.508982 0.0 -0.027193 1.130601 -10.034332 -0.193851 0.007865 12.845295 134.0
12 16815.0 -0.25109 0.500311 0.0 -0.02158 1.130601 -10.034332 -0.193851 0.007865 12.845295 134.0
13 16815.0 -0.218756 0.512346 0.0 -0.02127 1.130601 -10.034332 -0.193851 0.007865 12.845295 134.0
14 16815.0 -0.229076 0.526613 0.0 -0.035945 1.130601 -10.034332 -0.193851 0.007865 12.845295 134.0
15 16815.0 -0.248475 0.54038 0.0 -0.054555 1.130601 -10.034332 -0.193851 0.007865 12.845295 134.0
16 16815.0 -0.241041 0.50858 0.0 -0.025128 1.130601 -10.034332 -0.193851 0.007865 12.845295 134.0
17 16815.0 -0.250783 0.486018 0.0 -0.009979 1.130601 -10.034332 -0.193851 0.007865 12.845295 134.0
18 16815.0 -0.256323 0.473312 0.0 -0.001464 1.130601 -10.034332 -0.193851 0.007865 12.845295 134.0
19 16815.0 -0.257607 0.494724 0.0 -0.019097 1.130601 -10.034332 -0.193851 0.007865 12.845295 134.0
20 16815.0 -0.231788 0.525389 0.0 -0.035798 1.130601 -10.034332 -0.193851 0.007865 12.845295 134.0
21 16815.0 -0.211734 0.501379 0.0 -0.010271 1.130601 -10.034332 -0.193851 0.007865 12.845295 134.0
22 16815.0 -0.196531 0.503225 0.0 -0.007057 1.130601 -10.034332 -0.193851 0.007865 12.845295 134.0
23 16815.0 -0.201083 0.486585 0.0 0.00493 1.130601 -10.034332 -0.193851 0.007865 12.845295 134.0
24 16815.0 -0.192393 0.486865 0.0 0.007392 1.130601 -10.034332 -0.193851 0.007865 12.845295 134.0
25 16815.0 -0.191504 0.486371 0.0 0.008064 1.130601 -10.034332 -0.193851 0.007865 12.845295 134.0
26 16815.0 -0.204614 0.492941 0.0 -0.001278 1.130601 -10.034332 -0.193851 0.007865 12.845295 134.0
27 16815.0 -0.173425 0.483288 0.0 0.015906 1.130601 -10.034332 -0.193851 0.007865 12.845295 134.0
28 16815.0 -0.18398 0.520926 0.0 -0.017425 1.130601 -10.034332 -0.193851 0.007865 12.845295 134.0
29 16815.0 -0.176076 0.500319 0.0 0.001607 1.130601 -10.034332 -0.193851 0.007865 12.845295 134.0
30 16815.0 -0.15792 0.516259 0.0 -0.005611 1.130601 -10.034332 -0.193851 0.007865 12.845295 134.0
31 16815.0 -0.149905 0.523056 0.0 -0.008605 1.130601 -10.034332 -0.193851 0.007865 12.845295 134.0
32 16815.0 -0.166974 0.532296 0.0 -0.021319 1.130601 -10.034332 -0.193851 0.007865 12.845295 134.0
33 16815.0 -0.169647 0.538721 0.0 -0.027317 1.130601 -10.034332 -0.193851 0.007865 12.845295 134.0
34 16815.0 -0.18059 0.546405 0.0 -0.036886 1.130601 -10.034332 -0.193851 0.007865 12.845295 134.0
35 16815.0 -0.164124 0.54207 0.0 -0.028306 1.130601 -10.034332 -0.193851 0.007865 12.845295 134.0
36 16815.0 -0.157537 0.558562 0.0 -0.039544 1.130601 -10.034332 -0.193851 0.007865 12.845295 134.0
37 16815.0 -0.151907 0.525864 0.0 -0.011484 1.130601 -10.034332 -0.193851 0.007865 12.845295 134.0
38 16815.0 -0.150881 0.518773 0.0 -0.005459 1.130601 -10.034332 -0.193851 0.007865 12.845295 134.0
39 16815.0 -0.142898 0.519187 0.0 -0.003324 1.130601 -10.034332 -0.193851 0.007865 12.845295 134.0
40 16815.0 -0.142417 0.511358 0.0 0.002998 1.130601 -10.034332 -0.193851 0.007865 12.845295 134.0
41 16815.0 -0.130447 0.514122 0.0 0.003488 1.130601 -10.034332 -0.193851 0.007865 12.845295 134.0
42 16815.0 -0.132067 0.488059 0.0 0.020362 1.130601 -10.034332 -0.193851 0.007865 12.845295 134.0
43 16815.0 -0.116206 0.492209 0.0 0.018589 1.130601 -10.034332 -0.193851 0.007865 12.845295 134.0
44 16815.0 -0.101905 0.516976 0.0 0.007022 1.130601 -10.034332 -0.193851 0.007865 12.845295 134.0
45 16815.0 -0.071615 0.531696 0.0 0.000446 1.130601 -10.034332 -0.193851 0.007865 12.845295 134.0
46 16815.0 -0.096268 0.524037 0.0 0.003346 1.130601 -10.034332 -0.193851 0.007865 12.845295 134.0
47 16815.0 -0.072891 0.541311 0.0 -0.005085 1.130601 -10.034332 -0.193851 0.007865 12.845295 134.0
48 16815.0 -0.062238 0.516445 0.0 0.005815 1.130601 -10.034332 -0.193851 0.007865 12.845295 134.0
49 16815.0 -0.059894 0.505929 0.0 0.00977 1.130601 -10.034332 -0.193851 0.007865 12.845295 134.0
50 16815.0 -0.049898 0.509929 0.0 0.007595 1.130601 -10.034332 -0.193851 0.007865 12.845295 134.0
51 16815.0 -0.047947 0.535548 0.0 -0.002514 1.130601 -10.034332 -0.193851 0.007865 12.845295 134.0
52 16815.0 -0.059861 0.529115 0.0 0.000728 1.130601 -10.034332 -0.193851 0.007865 12.845295 134.0
53 16815.0 -0.05285 0.544559 0.0 -0.00536 1.130601 -10.034332 -0.193851 0.007865 12.845295 134.0
54 16815.0 -0.062277 0.557569 0.0 -0.01261 1.130601 -10.034332 -0.193851 0.007865 12.845295 134.0
55 16815.0 -0.069559 0.562861 0.0 -0.016316 1.130601 -10.034332 -0.193851 0.007865 12.845295 134.0
56 16815.0 -0.062364 0.578487 0.0 -0.023907 1.130601 -10.034332 -0.193851 0.007865 12.845295 134.0
57 16815.0 -0.047496 0.554839 0.0 -0.009812 1.130601 -10.034332 -0.193851 0.007865 12.845295 134.0
58 16815.0 -0.038317 0.558013 0.0 -0.010437 1.130601 -10.034332 -0.193851 0.007865 12.845295 134.0
59 16815.0 -0.031054 0.587653 0.0 -0.024091 1.130601 -10.034332 -0.193851 0.007865 12.845295 134.0
60 16815.0 -0.028911 0.566889 0.0 -0.013805 1.130601 -10.034332 -0.193851 0.007865 12.845295 134.0
61 16815.0 -0.059545 0.526611 0.0 0.001685 1.130601 -10.034332 -0.193851 0.007865 12.845295 134.0
62 16815.0 -0.032724 0.527023 0.0 -0.000128 1.130601 -10.034332 -0.193851 0.007865 12.845295 134.0
63 16815.0 -0.025063 0.543143 0.0 -0.005475 1.130601 -10.034332 -0.193851 0.007865 12.845295 134.0
64 16815.0 -0.004161 0.522791 0.0 0.000348 1.130601 -10.034332 -0.193851 0.007865 12.845295 134.0
65 16815.0 0.009965 0.515007 0.0 0.002448 1.130601 -10.034332 -0.193851 0.007865 12.845295 134.0
66 16815.0 -0.000225 0.496164 0.0 0.009902 1.130601 -10.034332 -0.193851 0.007865 12.845295 134.0
67 16815.0 -0.001534 0.498128 0.0 0.009217 1.130601 -10.034332 -0.193851 0.007865 12.845295 134.0
68 16815.0 0.021806 0.524586 0.0 -0.000741 1.130601 -10.034332 -0.193851 0.007865 12.845295 134.0
69 16815.0 -0.005976 0.538257 0.0 -0.004368 1.130601 -10.034332 -0.193851 0.007865 12.845295 134.0
70 16815.0 -0.000109 0.572449 0.0 -0.0148 1.130601 -10.034332 -0.193851 0.007865 12.845295 134.0
71 16815.0 -0.007141 0.552134 0.0 -0.008609 1.130601 -10.034332 -0.193851 0.007865 12.845295 134.0
72 16815.0 -0.028822 0.554903 0.0 -0.009011 1.130601 -10.034332 -0.193851 0.007865 12.845295 134.0
73 16815.0 -0.017707 0.544678 0.0 -0.006098 1.130601 -10.034332 -0.193851 0.007865 12.845295 134.0
74 16815.0 -0.030916 0.539059 0.0 -0.004098 1.130601 -10.034332 -0.193851 0.007865 12.845295 134.0
75 16815.0 -0.023183 0.514685 0.0 0.004095 1.130601 -10.034332 -0.193851 0.007865 12.845295 134.0
76 16815.0 -0.023626 0.505508 0.0 0.0077 1.130601 -10.034332 -0.193851 0.007865 12.845295 134.0
77 16815.0 -0.019083 0.515081 0.0 0.003688 1.130601 -10.034332 -0.193851 0.007865 12.845295 134.0
78 16815.0 -0.027467 0.485343 0.0 0.015799 1.130601 -10.034332 -0.193851 0.007865 12.845295 134.0
79 16815.0 -0.012226 0.47709 0.0 0.018078 1.130601 -10.034332 -0.193851 0.007865 12.845295 134.0
80 16815.0 0.005115 0.486178 0.0 0.013466 1.130601 -10.034332 -0.193851 0.007865 12.845295 134.0
81 16815.0 0.009324 0.522537 0.0 0.000147 1.130601 -10.034332 -0.193851 0.007865 12.845295 134.0
82 16815.0 0.013185 0.529905 0.0 -0.002198 1.130601 -10.034332 -0.193851 0.007865 12.845295 134.0
83 16815.0 0.019513 0.520668 0.0 0.000511 1.130601 -10.034332 -0.193851 0.007865 12.845295 134.0
84 16815.0 0.013711 0.5126 0.0 0.003111 1.130601 -10.034332 -0.193851 0.007865 12.845295 134.0
85 16815.0 0.014581 0.520895 0.0 0.000543 1.130601 -10.034332 -0.193851 0.007865 12.845295 134.0
86 16815.0 0.019369 0.4941 0.0 0.0095 1.130601 -10.034332 -0.193851 0.007865 12.845295 134.0
87 16815.0 0.030445 0.487356 0.0 0.011447 1.130601 -10.034332 -0.193851 0.007865 12.845295 134.0
88 16815.0 0.054137 0.50434 0.0 0.004812 1.130601 -10.034332 -0.193851 0.007865 12.845295 134.0
89 16815.0 0.055953 0.513203 0.0 0.00205 1.130601 -10.034332 -0.193851 0.007865 12.845295 134.0
90 16815.0 0.066083 0.519283 0.0 -2.8e-05 1.130601 -10.034332 -0.193851 0.007865 12.845295 134.0
91 16815.0 0.040722 0.524407 0.0 -0.001078 1.130601 -10.034332 -0.193851 0.007865 12.845295 134.0
92 16815.0 0.020418 0.526098 0.0 -0.001177 1.130601 -10.034332 -0.193851 0.007865 12.845295 134.0
93 16815.0 0.057268 0.533199 0.0 -0.004123 1.130601 -10.034332 -0.193851 0.007865 12.845295 134.0
94 16815.0 0.068692 0.530954 0.0 -0.00367 1.130601 -10.034332 -0.193851 0.007865 12.845295 134.0
95 16815.0 0.088827 0.516829 0.0 0.000255 1.130601 -10.034332 -0.193851 0.007865 12.845295 134.0
96 16815.0 0.115438 0.468153 0.0 0.016019 1.130601 -10.034332 -0.193851 0.007865 12.845295 134.0
97 16815.0 0.115266 0.47604 0.0 0.013135 1.130601 -10.034332 -0.193851 0.007865 12.845295 134.0
98 16815.0 0.111919 0.479748 0.0 0.011816 1.130601 -10.034332 -0.193851 0.007865 12.845295 134.0
99 16815.0 0.113617 0.45381 0.0 0.021578 1.130601 -10.034332 -0.193851 0.007865 12.845295 134.0
100 16815.0 0.087767 0.4641 0.0 0.018309 1.130601 -10.034332 -0.193851 0.007865 12.845295 134.0
101 16815.0 0.131695 0.455786 0.0 0.020363 1.130601 -10.034332 -0.193851 0.007865 12.845295 134.0
102 16815.0 0.125262 0.456467 0.0 0.020185 1.130601 -10.034332 -0.193851 0.007865 12.845295 134.0
103 16815.0 0.098346 0.489976 0.0 0.008312 1.130601 -10.034332 -0.193851 0.007865 12.845295 134.0
104 16815.0 0.093729 0.505019 0.0 0.003783 1.130601 -10.034332 -0.193851 0.007865 12.845295 134.0
105 16815.0 0.08424 0.506326 0.0 0.003578 1.130601 -10.034332 -0.193851 0.007865 12.845295 134.0
106 16815.0 0.091372 0.494856 0.0 0.006956 1.130601 -10.034332 -0.193851 0.007865 12.845295 134.0
107 16815.0 0.087 0.526344 0.0 -0.002362 1.130601 -10.034332 -0.193851 0.007865 12.845295 134.0
108 16815.0 0.098944 0.529865 0.0 -0.000342 1.130601 -10.034332 -0.193851 0.007865 12.845295 134.0
109 16815.0 0.100609 0.529257 0.0 -9.5e-05 1.130601 -10.034332 -0.193851 0.007865 12.845295 134.0
110 16815.0 0.11012 0.529613 0.0 0.001435 1.130601 -10.034332 -0.193851 0.007865 12.845295 134.0
111 16815.0 0.090898 0.506498 0.0 0.003387 1.130601 -10.034332 -0.193851 0.007865 12.845295 134.0
112 16815.0 0.106127 0.551224 0.0 0.001489 1.130601 -10.034332 -0.193851 0.007865 12.845295 134.0
113 16815.0 0.105719 0.559656 0.0 0.001693 1.130601 -10.034332 -0.193851 0.007865 12.845295 134.0
114 16815.0 0.127838 0.575195 0.0 0.005723 1.130601 -10.034332 -0.193851 0.007865 12.845295 134.0
115 16815.0 0.1327 0.569616 0.0 0.006321 1.130601 -10.034332 -0.193851 0.007865 12.845295 134.0
116 16815.0 0.128669 0.556852 0.0 0.005269 1.130601 -10.034332 -0.193851 0.007865 12.845295 134.0
117 16815.0 0.108617 0.549892 0.0 0.001844 1.130601 -10.034332 -0.193851 0.007865 12.845295 134.0
118 16815.0 0.134693 0.532802 0.0 0.005462 1.130601 -10.034332 -0.193851 0.007865 12.845295 134.0
119 16815.0 0.117968 0.54585 0.0 0.003208 1.130601 -10.034332 -0.193851 0.007865 12.845295 134.0
120 16815.0 0.13067 0.538388 0.0 0.004998 1.130601 -10.034332 -0.193851 0.007865 12.845295 134.0
121 16815.0 0.136708 0.544394 0.0 0.006154 1.130601 -10.034332 -0.193851 0.007865 12.845295 134.0
122 16815.0 0.141977 0.532002 0.0 0.006599 1.130601 -10.034332 -0.193851 0.007865 12.845295 134.0
123 16815.0 0.140851 0.524177 0.0 0.006169 1.130601 -10.034332 -0.193851 0.007865 12.845295 134.0
124 16815.0 0.146218 0.51697 0.0 0.006796 1.130601 -10.034332 -0.193851 0.007865 12.845295 134.0
125 16815.0 0.162156 0.508688 0.0 0.009076 1.130601 -10.034332 -0.193851 0.007865 12.845295 134.0
126 16815.0 0.169066 0.517696 0.0 0.010468 1.130601 -10.034332 -0.193851 0.007865 12.845295 134.0
127 16815.0 0.177891 0.48914 0.0 0.012647 1.130601 -10.034332 -0.193851 0.007865 12.845295 134.0
128 16815.0 0.205394 0.495604 0.0 0.016979 1.130601 -10.034332 -0.193851 0.007865 12.845295 134.0
129 16815.0 0.208788 0.510745 0.0 0.017691 1.130601 -10.034332 -0.193851 0.007865 12.845295 134.0
130 16815.0 0.240195 0.499803 0.0 0.036012 1.130601 -10.034332 -0.193851 0.007865 12.845295 134.0
131 16815.0 0.260253 0.505023 0.0 0.053026 1.130601 -10.034332 -0.193851 0.007865 12.845295 134.0
132 16815.0 0.253584 0.502129 0.0 0.0469 1.130601 -10.034332 -0.193851 0.007865 12.845295 134.0
133 16815.0 0.250106 0.487155 0.0 0.038247 1.130601 -10.034332 -0.193851 0.007865 12.845295 134.0
134 16815.0 0.243668 0.484811 0.0 0.032516 1.130601 -10.034332 -0.193851 0.007865 12.845295 134.0
135 16815.0 0.251966 0.472496 0.0 0.033687 1.130601 -10.034332 -0.193851 0.007865 12.845295 134.0
136 16815.0 0.233848 0.469372 0.0 0.024886 1.130601 -10.034332 -0.193851 0.007865 12.845295 134.0
137 16815.0 0.23962 0.487663 0.0 0.030665 1.130601 -10.034332 -0.193851 0.007865 12.845295 134.0
138 16815.0 0.255569 0.5093 0.0 0.05128 1.130601 -10.034332 -0.193851 0.007865 12.845295 134.0
139 16815.0 0.277425 0.516946 0.0 0.070611 1.130601 -10.034332 -0.193851 0.007865 12.845295 134.0
140 16815.0 0.270132 0.517644 0.0 0.065621 1.130601 -10.034332 -0.193851 0.007865 12.845295 134.0
141 16815.0 0.277986 0.50456 0.0 0.066008 1.130601 -10.034332 -0.193851 0.007865 12.845295 134.0
142 16815.0 0.279846 0.502049 0.0 0.066372 1.130601 -10.034332 -0.193851 0.007865 12.845295 134.0
143 16815.0 0.286467 0.50299 0.0 0.071671 1.130601 -10.034332 -0.193851 0.007865 12.845295 134.0
144 16815.0 0.27772 0.518849 0.0 0.07174 1.130601 -10.034332 -0.193851 0.007865 12.845295 134.0
145 16815.0 0.279637 0.496245 0.0 0.063864 1.130601 -10.034332 -0.193851 0.007865 12.845295 134.0
146 16815.0 0.309495 0.523957 0.0 0.097398 1.130601 -10.034332 -0.193851 0.007865 12.845295 134.0
147 16815.0 0.293008 0.507517 0.0 0.078364 1.130601 -10.034332 -0.193851 0.007865 12.845295 134.0
148 16815.0 0.284482 0.530251 0.0 0.082785 1.130601 -10.034332 -0.193851 0.007865 12.845295 134.0
149 16815.0 0.255124 0.510027 0.0 0.051244 1.130601 -10.034332 -0.193851 0.007865 12.845295 134.0
150 16815.0 0.302322 0.485994 0.0 0.076557 1.130601 -10.034332 -0.193851 0.007865 12.845295 134.0
151 16815.0 0.298065 0.495136 0.0 0.077101 1.130601 -10.034332 -0.193851 0.007865 12.845295 134.0
152 16815.0 0.279237 0.496136 0.0 0.063523 1.130601 -10.034332 -0.193851 0.007865 12.845295 134.0
153 16815.0 0.275079 0.492675 0.0 0.059032 1.130601 -10.034332 -0.193851 0.007865 12.845295 134.0
154 16815.0 0.28729 0.49933 0.0 0.070798 1.130601 -10.034332 -0.193851 0.007865 12.845295 134.0
155 16815.0 0.30994 0.513824 0.0 0.093495 1.130601 -10.034332 -0.193851 0.007865 12.845295 134.0
156 16815.0 0.281524 0.521505 0.0 0.075918 1.130601 -10.034332 -0.193851 0.007865 12.845295 134.0
157 16815.0 0.283922 0.533793 0.0 0.084298 1.130601 -10.034332 -0.193851 0.007865 12.845295 134.0
158 16815.0 0.280087 0.526184 0.0 0.077416 1.130601 -10.034332 -0.193851 0.007865 12.845295 134.0
159 16815.0 0.27121 0.516944 0.0 0.066018 1.130601 -10.034332 -0.193851 0.007865 12.845295 134.0
160 16815.0 0.275684 0.503073 0.0 0.063695 1.130601 -10.034332 -0.193851 0.007865 12.845295 134.0
161 16815.0 0.276683 0.480635 0.0 0.055343 1.130601 -10.034332 -0.193851 0.007865 12.845295 134.0
162 16815.0 0.291896 0.471578 0.0 0.062971 1.130601 -10.034332 -0.193851 0.007865 12.845295 134.0
163 16815.0 0.312332 0.479459 0.0 0.081344 1.130601 -10.034332 -0.193851 0.007865 12.845295 134.0
164 16815.0 0.326535 0.486959 0.0 0.094931 1.130601 -10.034332 -0.193851 0.007865 12.845295 134.0
165 16815.0 0.330279 0.454346 0.0 0.084494 1.130601 -10.034332 -0.193851 0.007865 12.845295 134.0
166 16815.0 0.360482 0.457116 0.0 0.108048 1.130601 -10.034332 -0.193851 0.007865 12.845295 134.0
167 16815.0 0.350194 0.460266 0.0 0.101684 1.130601 -10.034332 -0.193851 0.007865 12.845295 134.0
168 16815.0 0.356429 0.508452 0.0 0.125845 1.130601 -10.034332 -0.193851 0.007865 12.845295 134.0
169 16815.0 0.349557 0.523062 0.0 0.126663 1.130601 -10.034332 -0.193851 0.007865 12.845295 134.0
170 16815.0 0.353321 0.502302 0.0 0.121044 1.130601 -10.034332 -0.193851 0.007865 12.845295 134.0
171 16815.0 0.372522 0.494883 0.0 0.132298 1.130601 -10.034332 -0.193851 0.007865 12.845295 134.0
172 16815.0 0.383945 0.514976 0.0 0.148926 1.130601 -10.034332 -0.193851 0.007865 12.845295 134.0
173 16815.0 0.410022 0.524794 0.0 0.172272 1.130601 -10.034332 -0.193851 0.007865 12.845295 134.0
174 16815.0 0.4122 0.521457 0.0 0.172538 1.130601 -10.034332 -0.193851 0.007865 12.845295 134.0
175 16815.0 0.404588 0.489066 0.0 0.153756 1.130601 -10.034332 -0.193851 0.007865 12.845295 134.0
176 16815.0 0.389761 0.502047 0.0 0.148005 1.130601 -10.034332 -0.193851 0.007865 12.845295 134.0
177 16815.0 0.352091 0.499491 0.0 0.118992 1.130601 -10.034332 -0.193851 0.007865 12.845295 134.0
178 16815.0 0.364366 0.502416 0.0 0.129294 1.130601 -10.034332 -0.193851 0.007865 12.845295 134.0
179 16815.0 0.376604 0.482891 0.0 0.130469 1.130601 -10.034332 -0.193851 0.007865 12.845295 134.0
180 16815.0 0.398766 0.480534 0.0 0.145973 1.130601 -10.034332 -0.193851 0.007865 12.845295 134.0
181 16815.0 0.420713 0.50713 0.0 0.173053 1.130601 -10.034332 -0.193851 0.007865 12.845295 134.0
182 16815.0 0.423678 0.512823 0.0 0.177563 1.130601 -10.034332 -0.193851 0.007865 12.845295 134.0
183 16815.0 0.430438 0.532297 0.0 0.190571 1.130601 -10.034332 -0.193851 0.007865 12.845295 134.0
184 16815.0 0.438136 0.511973 0.0 0.187956 1.130601 -10.034332 -0.193851 0.007865 12.845295 134.0
185 16815.0 0.413775 0.47738 0.0 0.155842 1.130601 -10.034332 -0.193851 0.007865 12.845295 134.0
186 16815.0 0.421632 0.497538 0.0 0.169848 1.130601 -10.034332 -0.193851 0.007865 12.845295 134.0
187 16815.0 0.432091 0.53495 0.0 0.193511 1.130601 -10.034332 -0.193851 0.007865 12.845295 134.0
188 16815.0 0.433587 0.543591 0.0 0.199828 1.130601 -10.034332 -0.193851 0.007865 12.845295 134.0
189 16815.0 0.443838 0.577243 0.0 0.23251 1.130601 -10.034332 -0.193851 0.007865 12.845295 134.0
190 16815.0 0.461842 0.556429 0.0 0.233047 1.130601 -10.034332 -0.193851 0.007865 12.845295 134.0
191 16815.0 0.469381 0.559542 0.0 0.241689 1.130601 -10.034332 -0.193851 0.007865 12.845295 134.0
192 16815.0 0.500801 0.570461 0.0 0.27624 1.130601 -10.034332 -0.193851 0.007865 12.845295 134.0
193 16815.0 0.499423 0.551316 0.0 0.261822 1.130601 -10.034332 -0.193851 0.007865 12.845295 134.0
194 16815.0 0.498682 0.556227 0.0 0.264306 1.130601 -10.034332 -0.193851 0.007865 12.845295 134.0
195 16815.0 0.495995 0.582382 0.0 0.280625 1.130601 -10.034332 -0.193851 0.007865 12.845295 134.0
196 16815.0 0.527126 0.612944 0.0 0.328907 1.130601 -10.034332 -0.193851 0.007865 12.845295 134.0
197 16815.0 0.55205 0.616287 0.0 0.35253 1.130601 -10.034332 -0.193851 0.007865 12.845295 134.0
198 16815.0 0.568179 0.605364 0.0 0.358507 1.130601 -10.034332 -0.193851 0.007865 12.845295 134.0
199 16815.0 0.595707 0.593882 0.0 0.373802 1.130601 -10.034332 -0.193851 0.007865 12.845295 134.0
200 16815.0 0.602722 0.605668 0.0 0.388168 1.130601 -10.034332 -0.193851 0.007865 12.845295 134.0
201 16815.0 0.608601 0.596869 0.0 0.386919 1.130601 -10.034332 -0.193851 0.007865 12.845295 134.0
202 16815.0 0.638592 0.58439 0.0 0.403605 1.130601 -10.034332 -0.193851 0.007865 12.845295 134.0
203 16815.0 0.615726 0.596882 0.0 0.393002 1.130601 -10.034332 -0.193851 0.007865 12.845295 134.0
204 16815.0 0.637474 0.588624 0.0 0.405663 1.130601 -10.034332 -0.193851 0.007865 12.845295 134.0
205 16815.0 0.651549 0.589222 0.0 0.418087 1.130601 -10.034332 -0.193851 0.007865 12.845295 134.0
206 16815.0 0.638169 0.586243 0.0 0.404562 1.130601 -10.034332 -0.193851 0.007865 12.845295 134.0
207 16815.0 0.627584 0.575329 0.0 0.387774 1.130601 -10.034332 -0.193851 0.007865 12.845295 134.0
208 16815.0 0.624713 0.569172 0.0 0.381684 1.130601 -10.034332 -0.193851 0.007865 12.845295 134.0
209 16815.0 0.638251 0.560241 0.0 0.388385 1.130601 -10.034332 -0.193851 0.007865 12.845295 134.0
210 16815.0 0.639348 0.557814 0.0 0.387948 1.130601 -10.034332 -0.193851 0.007865 12.845295 134.0
211 16815.0 0.67302 0.556641 0.0 0.416725 1.130601 -10.034332 -0.193851 0.007865 12.845295 134.0
212 16815.0 0.702035 0.561055 0.0 0.444643 1.130601 -10.034332 -0.193851 0.007865 12.845295 134.0
213 16815.0 0.688357 0.572369 0.0 0.43919 1.130601 -10.034332 -0.193851 0.007865 12.845295 134.0
214 16815.0 0.672306 0.554405 0.0 0.414813 1.130601 -10.034332 -0.193851 0.007865 12.845295 134.0
215 16815.0 0.666223 0.569651 0.0 0.418267 1.130601 -10.034332 -0.193851 0.007865 12.845295 134.0
216 16815.0 0.679298 0.590541 0.0 0.442679 1.130601 -10.034332 -0.193851 0.007865 12.845295 134.0
217 16815.0 0.671921 0.576191 0.0 0.427013 1.130601 -10.034332 -0.193851 0.007865 12.845295 134.0
218 16815.0 0.680442 0.591872 0.0 0.444601 1.130601 -10.034332 -0.193851 0.007865 12.845295 134.0
219 16815.0 0.699793 0.591689 0.0 0.460966 1.130601 -10.034332 -0.193851 0.007865 12.845295 134.0
220 16815.0 0.695571 0.60785 0.0 0.468866 1.130601 -10.034332 -0.193851 0.007865 12.845295 134.0
221 16815.0 0.688912 0.577202 0.0 0.442456 1.130601 -10.034332 -0.193851 0.007865 12.845295 134.0
222 16815.0 0.681595 0.555236 0.0 0.423416 1.130601 -10.034332 -0.193851 0.007865 12.845295 134.0
223 16815.0 0.713434 0.543065 0.0 0.44426 1.130601 -10.034332 -0.193851 0.007865 12.845295 134.0
224 16815.0 0.718605 0.568364 0.0 0.463342 1.130601 -10.034332 -0.193851 0.007865 12.845295 134.0
225 16815.0 0.718227 0.589114 0.0 0.474952 1.130601 -10.034332 -0.193851 0.007865 12.845295 134.0
226 16815.0 0.684342 0.617231 0.0 0.465969 1.130601 -10.034332 -0.193851 0.007865 12.845295 134.0
227 16815.0 0.684868 0.624579 0.0 0.471645 1.130601 -10.034332 -0.193851 0.007865 12.845295 134.0
228 16815.0 0.685097 0.633679 0.0 0.478315 1.130601 -10.034332 -0.193851 0.007865 12.845295 134.0
229 16815.0 0.713269 0.635726 0.0 0.503786 1.130601 -10.034332 -0.193851 0.007865 12.845295 134.0
230 16815.0 0.727688 0.61192 0.0 0.499139 1.130601 -10.034332 -0.193851 0.007865 12.845295 134.0
231 16815.0 0.706272 0.64545 0.0 0.504741 1.130601 -10.034332 -0.193851 0.007865 12.845295 134.0
232 16815.0 0.727883 0.672122 0.0 0.542139 1.130601 -10.034332 -0.193851 0.007865 12.845295 134.0
233 16815.0 0.754318 0.649964 0.0 0.548906 1.130601 -10.034332 -0.193851 0.007865 12.845295 134.0
234 16815.0 0.729839 0.629854 0.0 0.513732 1.130601 -10.034332 -0.193851 0.007865 12.845295 134.0
235 16815.0 0.745486 0.632522 0.0 0.528968 1.130601 -10.034332 -0.193851 0.007865 12.845295 134.0
236 16815.0 0.752762 0.657218 0.0 0.552742 1.130601 -10.034332 -0.193851 0.007865 12.845295 134.0
237 16815.0 0.733183 0.685077 0.0 0.555874 1.130601 -10.034332 -0.193851 0.007865 12.845295 134.0
238 16815.0 0.748063 0.674382 0.0 0.560949 1.130601 -10.034332 -0.193851 0.007865 12.845295 134.0
239 16815.0 0.745892 0.696479 0.0 0.57482 1.130601 -10.034332 -0.193851 0.007865 12.845295 134.0
240 16815.0 0.753265 0.715892 0.0 0.594918 1.130601 -10.034332 -0.193851 0.007865 12.845295 134.0
241 16815.0 0.790342 0.720715 0.0 0.629989 1.130601 -10.034332 -0.193851 0.007865 12.845295 134.0
242 16815.0 0.783948 0.720945 0.0 0.624668 1.130601 -10.034332 -0.193851 0.007865 12.845295 134.0
243 16815.0 0.753554 0.736796 0.0 0.610038 1.130601 -10.034332 -0.193851 0.007865 12.845295 134.0
244 16815.0 0.746586 0.749292 0.0 0.61299 1.130601 -10.034332 -0.193851 0.007865 12.845295 134.0
245 16815.0 0.775004 0.760013 0.0 0.645481 1.130601 -10.034332 -0.193851 0.007865 12.845295 134.0
246 16815.0 0.766816 0.764208 0.0 0.641436 1.130601 -10.034332 -0.193851 0.007865 12.845295 134.0
247 16815.0 0.773733 0.798957 0.0 0.672949 1.130601 -10.034332 -0.193851 0.007865 12.845295 134.0
248 16815.0 0.785572 0.800008 0.0 0.684018 1.130601 -10.034332 -0.193851 0.007865 12.845295 134.0
249 16815.0 0.79636 0.782714 0.0 0.680713 1.130601 -10.034332 -0.193851 0.007865 12.845295 134.0
250 16815.0 0.794406 0.800464 0.0 0.692037 1.130601 -10.034332 -0.193851 0.007865 12.845295 134.0
251 16815.0 0.796375 0.825072 0.0 0.711806 1.130601 -10.034332 -0.193851 0.007865 12.845295 134.0
252 16815.0 0.798269 0.836405 0.0 0.721769 1.130601 -10.034332 -0.193851 0.007865 12.845295 134.0
253 16815.0 0.82274 0.87128 0.0 0.768643 1.130601 -10.034332 -0.193851 0.007865 12.845295 134.0
254 16815.0 0.865315 0.86857 0.0 0.803689 1.130601 -10.034332 -0.193851 0.007865 12.845295 134.0
255 16815.0 0.877439 0.891618 0.0 0.831146 1.130601 -10.034332 -0.193851 0.007865 12.845295 134.0
256 16815.0 0.890314 0.897646 0.0 0.846768 1.130601 -10.034332 -0.193851 0.007865 12.845295 134.0
257 16815.0 0.886756 0.921057 0.0 0.860851 1.130601 -10.034332 -0.193851 0.007865 12.845295 134.0
258 16815.0 0.8903 0.958135 0.0 0.890462 1.130601 -10.034332 -0.193851 0.007865 12.845295 134.0
259 16815.0 0.890402 0.968252 0.0 0.897782 1.130601 -10.034332 -0.193851 0.007865 12.845295 134.0
260 16815.0 0.906139 0.968027 0.0 0.911097 1.130601 -10.034332 -0.193851 0.007865 12.845295 134.0
261 16815.0 0.917419 0.982096 0.0 0.928702 1.130601 -10.034332 -0.193851 0.007865 12.845295 134.0
262 16815.0 0.93096 0.992547 0.0 0.938242 1.130601 -10.034332 -0.193851 0.007865 12.845295 134.0
263 16815.0 0.924558 1.023028 0.0 0.93828 1.130601 -10.034332 -0.193851 0.007865 12.845295 134.0
264 16815.0 0.962703 1.037612 0.0 0.954744 1.130601 -10.034332 -0.193851 0.007865 12.845295 134.0
265 16815.0 0.953106 1.065893 0.0 0.951305 1.130601 -10.034332 -0.193851 0.007865 12.845295 134.0
266 16815.0 0.965303 1.073408 0.0 0.956645 1.130601 -10.034332 -0.193851 0.007865 12.845295 134.0
267 16815.0 0.949805 1.101229 0.0 0.950693 1.130601 -10.034332 -0.193851 0.007865 12.845295 134.0
268 16815.0 0.966499 1.109595 0.0 0.95796 1.130601 -10.034332 -0.193851 0.007865 12.845295 134.0
269 16815.0 0.971312 1.137117 0.0 0.960615 1.130601 -10.034332 -0.193851 0.007865 12.845295 134.0
270 16815.0 0.9899 1.155825 0.0 0.968916 1.130601 -10.034332 -0.193851 0.007865 12.845295 134.0
271 16815.0 0.972805 1.171435 0.0 0.962014 1.130601 -10.034332 -0.193851 0.007865 12.845295 134.0
272 16815.0 0.988669 1.143085 0.0 0.96811 1.130601 -10.034332 -0.193851 0.007865 12.845295 134.0
273 16815.0 0.963532 1.148507 0.0 0.95757 1.130601 -10.034332 -0.193851 0.007865 12.845295 134.0
274 16815.0 0.958846 1.150044 0.0 0.955617 1.130601 -10.034332 -0.193851 0.007865 12.845295 134.0
275 16815.0 0.958821 1.149466 0.0 0.955593 1.130601 -10.034332 -0.193851 0.007865 12.845295 134.0
276 16815.0 0.938432 1.154327 0.0 0.947054 1.130601 -10.034332 -0.193851 0.007865 12.845295 134.0
277 16815.0 0.94823 1.165719 0.0 0.951464 1.130601 -10.034332 -0.193851 0.007865 12.845295 134.0
278 16815.0 0.955768 1.161545 0.0 0.954568 1.130601 -10.034332 -0.193851 0.007865 12.845295 134.0
279 16815.0 0.971291 1.166335 0.0 0.961258 1.130601 -10.034332 -0.193851 0.007865 12.845295 134.0
280 16815.0 0.965312 1.131769 0.0 0.957951 1.130601 -10.034332 -0.193851 0.007865 12.845295 134.0
281 16815.0 0.953363 1.128242 0.0 0.952805 1.130601 -10.034332 -0.193851 0.007865 12.845295 134.0
282 16815.0 0.967022 1.113452 0.0 0.958268 1.130601 -10.034332 -0.193851 0.007865 12.845295 134.0
283 16815.0 0.977748 1.145229 0.0 0.963526 1.130601 -10.034332 -0.193851 0.007865 12.845295 134.0
284 16815.0 0.955182 1.153198 0.0 0.954133 1.130601 -10.034332 -0.193851 0.007865 12.845295 134.0
285 16815.0 1.001548 1.174924 0.0 0.974283 1.130601 -10.034332 -0.193851 0.007865 12.845295 134.0
286 16815.0 1.00915 1.171308 0.0 0.977426 1.130601 -10.034332 -0.193851 0.007865 12.845295 134.0
287 16815.0 1.005028 1.165899 0.0 0.975558 1.130601 -10.034332 -0.193851 0.007865 12.845295 134.0
