 time p.x p.y p.z deep.node-0 CV opes.bias opes.rct opes.zed opes.neff opes.nker
0 4950.0 0.477914 0.564147 0.0 0.252239 0.724566 -7.610246 -0.070989 0.015055 12.845295 70.0
1 4950.0 0.480649 0.554199 0.0 0.247492 0.724566 -7.610246 -0.070989 0.015055 12.845295 70.0
2 4950.0 0.487854 0.548939 0.0 0.250335 0.724566 -7.610246 -0.070989 0.015055 12.845295 70.0
3 4950.0 0.480151 0.552265 0.0 0.24569 0.724566 -7.610246 -0.070989 0.015055 12.845295 70.0
4 4950.0 0.47937 0.555984 0.0 0.247671 0.724566 -7.610246 -0.070989 0.015055 12.845295 70.0
5 4950.0 0.482607 0.565272 0.0 0.257039 0.724566 -7.610246 -0.070989 0.015055 12.845295 70.0
6 4950.0 0.493756 0.57786 0.0 0.275499 0.724566 -7.610246 -0.070989 0.015055 12.845295 70.0
7 4950.0 0.488375 0.591229 0.0 0.280425 0.724566 -7.610246 -0.070989 0.015055 12.845295 70.0
8 4950.0 0.516792 0.588725 0.0 0.302866 0.724566 -7.610246 -0.070989 0.015055 12.845295 70.0
9 4950.0 0.52493 0.58452 0.0 0.30681 0.724566 -7.610246 -0.070989 0.015055 12.845295 70.0
10 4950.0 0.511303 0.594181 0.0 0.302069 0.724566 -7.610246 -0.070989 0.015055 12.845295 70.0
11 4950.0 0.490689 0.591612 0.0 0.282669 0.724566 -7.610246 -0.070989 0.015055 12.845295 70.0
12 4950.0 0.554285 0.587091 0.0 0.333662 0.724566 -7.610246 -0.070989 0.015055 12.845295 70.0
13 4950.0 0.568196 0.602123 0.0 0.356216 0.724566 -7.610246 -0.070989 0.015055 12.845295 70.0
14 4950.0 0.558858 0.615497 0.0 0.357772 0.724566 -7.610246 -0.070989 0.015055 12.845295 70.0
15 4950.0 0.554658 0.582347 0.0 0.330606 0.724566 -7.610246 -0.070989 0.015055 12.845295 70.0
16 4950.0 0.552249 0.587053 0.0 0.3319 0.724566 -7.610246 -0.070989 0.015055 12.845295 70.0
17 4950.0 0.572904 0.58941 0.0 0.351184 0.724566 -7.610246 -0.070989 0.015055 12.845295 70.0
18 4950.0 0.560594 0.592446 0.0 0.34285 0.724566 -7.610246 -0.070989 0.015055 12.845295 70.0
19 4950.0 0.588516 0.59007 0.0 0.364961 0.724566 -7.610246 -0.070989 0.015055 12.845295 70.0
20 4950.0 0.591127 0.580677 0.0 0.360504 0.724566 -7.610246 -0.070989 0.015055 12.845295 70.0
21 4950.0 0.592675 0.574226 0.0 0.357233 0.724566 -7.610246 -0.070989 0.015055 12.845295 70.0
22 4950.0 0.599404 0.579936 0.0 0.367031 0.724566 -7.610246 -0.070989 0.015055 12.845295 70.0
23 4950.0 0.618842 0.575579 0.0 0.380501 0.724566 -7.610246 -0.070989 0.015055 12.845295 70.0
24 4950.0 0.632165 0.583291 0.0 0.397344 0.724566 -7.610246 -0.070989 0.015055 12.845295 70.0
25 4950.0 0.632391 0.595234 0.0 0.406035 0.724566 -7.610246 -0.070989 0.015055 12.845295 70.0
26 4950.0 0.654819 0.591553 0.0 0.422533 0.724566 -7.610246 -0.070989 0.015055 12.845295 70.0
27 4950.0 0.648538 0.608411 0.0 0.429174 0.724566 -7.610246 -0.070989 0.015055 12.845295 70.0
28 4950.0 0.646868 0.611892 0.0 0.430227 0.724566 -7.610246 -0.070989 0.015055 12.845295 70.0
29 4950.0 0.655905 0.644509 0.0 0.461137 0.724566 -7.610246 -0.070989 0.015055 12.845295 70.0
30 4950.0 0.688256 0.638229 0.0 0.484246 0.724566 -7.610246 -0.070989 0.015055 12.845295 70.0
31 4950.0 0.675492 0.663007 0.0 0.490995 0.724566 -7.610246 -0.070989 0.015055 12.845295 70.0
32 4950.0 0.697811 0.658564 0.0 0.506859 0.724566 -7.610246 -0.070989 0.015055 12.845295 70.0
33 4950.0 0.694193 0.645136 0.0 0.494221 0.724566 -7.610246 -0.070989 0.015055 12.845295 70.0
34 4950.0 0.659437 0.662346 0.0 0.47684 0.724566 -7.610246 -0.070989 0.015055 12.845295 70.0
35 4950.0 0.654631 0.6473 0.0 0.462038 0.724566 -7.610246 -0.070989 0.015055 12.845295 70.0
36 4950.0 0.66112 0.628818 0.0 0.454419 0.724566 -7.610246 -0.070989 0.015055 12.845295 70.0
37 4950.0 0.623822 0.613556 0.0 0.411766 0.724566 -7.610246 -0.070989 0.015055 12.845295 70.0
38 4950.0 0.625437 0.617166 0.0 0.415712 0.724566 -7.610246 -0.070989 0.015055 12.845295 70.0
39 4950.0 0.612756 0.63205 0.0 0.415492 0.724566 -7.610246 -0.070989 0.015055 12.845295 70.0
40 4950.0 0.613824 0.632876 0.0 0.41699 0.724566 -7.610246 -0.070989 0.015055 12.845295 70.0
41 4950.0 0.615592 0.623385 0.0 0.411744 0.724566 -7.610246 -0.070989 0.015055 12.845295 70.0
42 4950.0 0.615789 0.623266 0.0 0.411828 0.724566 -7.610246 -0.070989 0.015055 12.845295 70.0
43 4950.0 0.606136 0.652052 0.0 0.424081 0.724566 -7.610246 -0.070989 0.015055 12.845295 70.0
44 4950.0 0.603113 0.63372 0.0 0.40846 0.724566 -7.610246 -0.070989 0.015055 12.845295 70.0
45 4950.0 0.629007 0.628223 0.0 0.426622 0.724566 -7.610246 -0.070989 0.015055 12.845295 70.0
46 4950.0 0.630194 0.650834 0.0 0.443721 0.724566 -7.610246 -0.070989 0.015055 12.845295 70.0
47 4950.0 0.636929 0.665328 0.0 0.459776 0.724566 -7.610246 -0.070989 0.015055 12.845295 70.0
48 4950.0 0.638358 0.665675 0.0 0.46124 0.724566 -7.610246 -0.070989 0.015055 12.845295 70.0
49 4950.0 0.650408 0.640423 0.0 0.453545 0.724566 -7.610246 -0.070989 0.015055 12.845295 70.0
50 4950.0 0.652774 0.640219 0.0 0.455416 0.724566 -7.610246 -0.070989 0.015055 12.845295 70.0
51 4950.0 0.670988 0.646335 0.0 0.475294 0.724566 -7.610246 -0.070989 0.015055 12.845295 70.0
52 4950.0 0.699179 0.635852 0.0 0.491865 0.724566 -7.610246 -0.070989 0.015055 12.845295 70.0
53 4950.0 0.727606 0.639791 0.0 0.518899 0.724566 -7.610246 -0.070989 0.015055 12.845295 70.0
54 4950.0 0.740636 0.640011 0.0 0.530163 0.724566 -7.610246 -0.070989 0.015055 12.845295 70.0
55 4950.0 0.738865 0.642949 0.0 0.530743 0.724566 -7.610246 -0.070989 0.015055 12.845295 70.0
56 4950.0 0.733132 0.616871 0.0 0.507301 0.724566 -7.610246 -0.070989 0.015055 12.845295 70.0
57 4950.0 0.759626 0.624203 0.0 0.535102 0.724566 -7.610246 -0.070989 0.015055 12.845295 70.0
58 4950.0 0.776975 0.639626 0.0 0.560864 0.724566 -7.610246 -0.070989 0.015055 12.845295 70.0
59 4950.0 0.761129 0.659943 0.0 0.561813 0.724566 -7.610246 -0.070989 0.015055 12.845295 70.0
60 4950.0 0.772706 0.658698 0.0 0.570796 0.724566 -7.610246 -0.070989 0.015055 12.845295 70.0
61 4950.0 0.771544 0.671872 0.0 0.579178 0.724566 -7.610246 -0.070989 0.015055 12.845295 70.0
62 4950.0 0.778839 0.68155 0.0 0.592282 0.724566 -7.610246 -0.070989 0.015055 12.845295 70.0
63 4950.0 0.782993 0.690784 0.0 0.602393 0.724566 -7.610246 -0.070989 0.015055 12.845295 70.0
64 4950.0 0.800756 0.726544 0.0 0.643324 0.724566 -7.610246 -0.070989 0.015055 12.845295 70.0
65 4950.0 0.834482 0.747427 0.0 0.687983 0.724566 -7.610246 -0.070989 0.015055 12.845295 70.0
66 4950.0 0.828175 0.777815 0.0 0.704794 0.724566 -7.610246 -0.070989 0.015055 12.845295 70.0
67 4950.0 0.825043 0.784062 0.0 0.706653 0.724566 -7.610246 -0.070989 0.015055 12.845295 70.0
68 4950.0 0.855441 0.77582 0.0 0.727047 0.724566 -7.610246 -0.070989 0.015055 12.845295 70.0
69 4950.0 0.851736 0.769867 0.0 0.719456 0.724566 -7.610246 -0.070989 0.015055 12.845295 70.0
70 4950.0 0.846225 0.790931 0.0 0.730118 0.724566 -7.610246 -0.070989 0.015055 12.845295 70.0
71 4950.0 0.852567 0.820563 0.0 0.757376 0.724566 -7.610246 -0.070989 0.015055 12.845295 70.0
72 4950.0 0.859754 0.829712 0.0 0.77034 0.724566 -7.610246 -0.070989 0.015055 12.845295 70.0
73 4950.0 0.868139 0.853706 0.0 0.795239 0.724566 -7.610246 -0.070989 0.015055 12.845295 70.0
74 4950.0 0.842803 0.895436 0.0 0.803818 0.724566 -7.610246 -0.070989 0.015055 12.845295 70.0
75 4950.0 0.840589 0.891101 0.0 0.798712 0.724566 -7.610246 -0.070989 0.015055 12.845295 70.0
76 4950.0 0.87376 0.89758 0.0 0.83232 0.724566 -7.610246 -0.070989 0.015055 12.845295 70.0
77 4950.0 0.895326 0.892648 0.0 0.847461 0.724566 -7.610246 -0.070989 0.015055 12.845295 70.0
78 4950.0 0.914822 0.951622 0.0 0.906642 0.724566 -7.610246 -0.070989 0.015055 12.845295 70.0
79 4950.0 0.918381 0.968884 0.0 0.920631 0.724566 -7.610246 -0.070989 0.015055 12.845295 70.0
80 4950.0 0.905434 0.991552 0.0 0.922889 0.724566 -7.610246 -0.070989 0.015055 12.845295 70.0
81 4950.0 0.914534 1.011845 0.0 0.933593 0.724566 -7.610246 -0.070989 0.015055 12.845295 70.0
82 4950.0 0.893297 1.030167 0.0 0.915591 0.724566 -7.610246 -0.070989 0.015055 12.845295 70.0
83 4950.0 0.90558 1.054591 0.0 0.926415 0.724566 -7.610246 -0.070989 0.015055 12.845295 70.0
84 4950.0 0.917475 1.062701 0.0 0.936121 0.724566 -7.610246 -0.070989 0.015055 12.845295 70.0
85 4950.0 0.936314 1.073842 0.0 0.94436 0.724566 -7.610246 -0.070989 0.015055 12.845295 70.0
86 4950.0 0.944271 1.096836 0.0 0.948248 0.724566 -7.610246 -0.070989 0.015055 12.845295 70.0
87 4950.0 0.940947 1.094998 0.0 0.946797 0.724566 -7.610246 -0.070989 0.015055 12.845295 70.0
88 4950.0 0.945662 1.101442 0.0 0.948941 0.724566 -7.610246 -0.070989 0.015055 12.845295 70.0
89 4950.0 0.928291 1.119215 0.0 0.941969 0.724566 -7.610246 -0.070989 0.015055 12.845295 70.0
90 4950.0 0.94265 1.090609 0.0 0.947421 0.724566 -7.610246 -0.070989 0.015055 12.845295 70.0
91 4950.0 0.945948 1.085106 0.0 0.948697 0.724566 -7.610246 -0.070989 0.015055 12.845295 70.0
92 4950.0 0.944873 1.091291 0.0 0.948379 0.724566 -7.610246 -0.070989 0.015055 12.845295 70.0
93 4950.0 0.960317 1.082406 0.0 0.954732 0.724566 -7.610246 -0.070989 0.015055 12.845295 70.0
94 4950.0 0.939188 1.107353 0.0 0.946326 0.724566 -7.610246 -0.070989 0.015055 12.845295 70.0
95 4950.0 0.912172 1.086334 0.0 0.932513 0.724566 -7.610246 -0.070989 0.015055 12.845295 70.0
96 4950.0 0.920668 1.094033 0.0 0.938175 0.724566 -7.610246 -0.070989 0.015055 12.845295 70.0
97 4950.0 0.933708 1.110987 0.0 0.944083 0.724566 -7.610246 -0.070989 0.015055 12.845295 70.0
98 4950.0 0.943545 1.104739 0.0 0.948116 0.724566 -7.610246 -0.070989 0.015055 12.845295 70.0
99 4950.0 0.935428 1.107644 0.0 0.944738 0.724566 -7.610246 -0.070989 0.015055 12.845295 70.0
100 4950.0 0.951844 1.108446 0.0 0.951719 0.724566 -7.610246 -0.070989 0.015055 12.845295 70.0
101 4950.0 0.956799 1.09727 0.0 0.953571 0.724566 -7.610246 -0.070989 0.015055 12.845295 70.0
102 4950.0 0.926767 1.098003 0.0 0.94085 0.724566 -7.610246 -0.070989 0.015055 12.845295 70.0
103 4950.0 0.947862 1.112128 0.0 0.950112 0.724566 -7.610246 -0.070989 0.015055 12.845295 70.0
104 4950.0 0.954414 1.12658 0.0 0.953213 0.724566 -7.610246 -0.070989 0.015055 12.845295 70.0
105 4950.0 0.955989 1.132641 0.0 0.954017 0.724566 -7.610246 -0.070989 0.015055 12.845295 70.0
106 4950.0 0.962696 1.146041 0.0 0.95716 0.724566 -7.610246 -0.070989 0.015055 12.845295 70.0
107 4950.0 0.977301 1.141955 0.0 0.963263 0.724566 -7.610246 -0.070989 0.015055 12.845295 70.0
108 4950.0 0.982619 1.15631 0.0 0.965839 0.724566 -7.610246 -0.070989 0.015055 12.845295 70.0
109 4950.0 0.986536 1.173057 0.0 0.967874 0.724566 -7.610246 -0.070989 0.015055 12.845295 70.0
110 4950.0 0.956993 1.174803 0.0 0.954043 0.724566 -7.610246 -0.070989 0.015055 12.845295 70.0
111 4950.0 0.952101 1.184273 0.0 0.948056 0.724566 -7.610246 -0.070989 0.015055 12.845295 70.0
112 4950.0 0.963603 1.160424 0.0 0.957866 0.724566 -7.610246 -0.070989 0.015055 12.845295 70.0
113 4950.0 0.972605 1.161391 0.0 0.961705 0.724566 -7.610246 -0.070989 0.015055 12.845295 70.0
114 4950.0 0.935303 1.158731 0.0 0.945825 0.724566 -7.610246 -0.070989 0.015055 12.845295 70.0
115 4950.0 0.982983 1.149517 0.0 0.965842 0.724566 -7.610246 -0.070989 0.015055 12.845295 70.0
116 4950.0 0.987495 1.152309 0.0 0.967818 0.724566 -7.610246 -0.070989 0.015055 12.845295 70.0
117 4950.0 0.990262 1.166782 0.0 0.969314 0.724566 -7.610246 -0.070989 0.015055 12.845295 70.0
118 4950.0 0.971613 1.168563 0.0 0.961444 0.724566 -7.610246 -0.070989 0.015055 12.845295 70.0
119 4950.0 0.951619 1.156536 0.0 0.952696 0.724566 -7.610246 -0.070989 0.015055 12.845295 70.0
120 4950.0 0.970026 1.152493 0.0 0.960413 0.724566 -7.610246 -0.070989 0.015055 12.845295 70.0
121 4950.0 0.958322 1.156467 0.0 0.955538 0.724566 -7.610246 -0.070989 0.015055 12.845295 70.0
122 4950.0 0.938801 1.170666 0.0 0.944345 0.724566 -7.610246 -0.070989 0.015055 12.845295 70.0
123 4950.0 0.96271 1.14748 0.0 0.957198 0.724566 -7.610246 -0.070989 0.015055 12.845295 70.0
124 4950.0 0.986594 1.138039 0.0 0.967117 0.724566 -7.610246 -0.070989 0.015055 12.845295 70.0
125 4950.0 0.955153 1.122127 0.0 0.953427 0.724566 -7.610246 -0.070989 0.015055 12.845295 70.0
126 4950.0 0.964261 1.13003 0.0 0.957466 0.724566 -7.610246 -0.070989 0.015055 12.845295 70.0
127 4950.0 0.957426 1.144442 0.0 0.954889 0.724566 -7.610246 -0.070989 0.015055 12.845295 70.0
128 4950.0 0.940766 1.147739 0.0 0.947897 0.724566 -7.610246 -0.070989 0.015055 12.845295 70.0
129 4950.0 0.965447 1.138172 0.0 0.958151 0.724566 -7.610246 -0.070989 0.015055 12.845295 70.0
130 4950.0 0.956471 1.156284 0.0 0.954748 0.724566 -7.610246 -0.070989 0.015055 12.845295 70.0
131 4950.0 1.002349 1.142518 0.0 0.9739 0.724566 -7.610246 -0.070989 0.015055 12.845295 70.0
132 4950.0 1.005597 1.177771 0.0 0.976063 0.724566 -7.610246 -0.070989 0.015055 12.845295 70.0
133 4950.0 0.9795 1.16848 0.0 0.964788 0.724566 -7.610246 -0.070989 0.015055 12.845295 70.0
134 4950.0 0.985368 1.199855 0.0 0.963231 0.724566 -7.610246 -0.070989 0.015055 12.845295 70.0
135 4950.0 0.983002 1.20144 0.0 0.961292 0.724566 -7.610246 -0.070989 0.015055 12.845295 70.0
136 4950.0 1.001556 1.216213 0.0 0.967813 0.724566 -7.610246 -0.070989 0.015055 12.845295 70.0
137 4950.0 1.007302 1.217011 0.0 0.971039 0.724566 -7.610246 -0.070989 0.015055 12.845295 70.0
138 4950.0 0.997367 1.215621 0.0 0.965465 0.724566 -7.610246 -0.070989 0.015055 12.845295 70.0
139 4950.0 0.986654 1.18432 0.0 0.968175 0.724566 -7.610246 -0.070989 0.015055 12.845295 70.0
140 4950.0 0.974294 1.160725 0.0 0.962407 0.724566 -7.610246 -0.070989 0.015055 12.845295 70.0
141 4950.0 0.997636 1.159296 0.0 0.972275 0.724566 -7.610246 -0.070989 0.015055 12.845295 70.0
142 4950.0 1.002073 1.175812 0.0 0.974525 0.724566 -7.610246 -0.070989 0.015055 12.845295 70.0
143 4950.0 0.989709 1.196261 0.0 0.967009 0.724566 -7.610246 -0.070989 0.015055 12.845295 70.0
144 4950.0 1.005672 1.160533 0.0 0.975711 0.724566 -7.610246 -0.070989 0.015055 12.845295 70.0
145 4950.0 0.998758 1.16423 0.0 0.972861 0.724566 -7.610246 -0.070989 0.015055 12.845295 70.0
146 4950.0 1.0045 1.148415 0.0 0.974943 0.724566 -7.610246 -0.070989 0.015055 12.845295 70.0
147 4950.0 1.000203 1.162476 0.0 0.973434 0.724566 -7.610246 -0.070989 0.015055 12.845295 70.0
148 4950.0 1.005194 1.163651 0.0 0.975578 0.724566 -7.610246 -0.070989 0.015055 12.845295 70.0
149 4950.0 0.988921 1.158285 0.0 0.968556 0.724566 -7.610246 -0.070989 0.015055 12.845295 70.0
150 4950.0 0.990146 1.183332 0.0 0.969634 0.724566 -7.610246 -0.070989 0.015055 12.845295 70.0
151 4950.0 0.991389 1.162017 0.0 0.969686 0.724566 -7.610246 -0.070989 0.015055 12.845295 70.0
152 4950.0 0.973428 1.163358 0.0 0.962098 0.724566 -7.610246 -0.070989 0.015055 12.845295 70.0
153 4950.0 0.957262 1.171649 0.0 0.955214 0.724566 -7.610246 -0.070989 0.015055 12.845295 70.0
154 4950.0 0.959861 1.179509 0.0 0.954278 0.724566 -7.610246 -0.070989 0.015055 12.845295 70.0
155 4950.0 0.976478 1.202556 0.0 0.956983 0.724566 -7.610246 -0.070989 0.015055 12.845295 70.0
156 4950.0 0.976711 1.199118 0.0 0.958222 0.724566 -7.610246 -0.070989 0.015055 12.845295 70.0
157 4950.0 0.986117 1.215865 0.0 0.958572 0.724566 -7.610246 -0.070989 0.015055 12.845295 70.0
158 4950.0 0.985327 1.236353 0.0 0.951551 0.724566 -7.610246 -0.070989 0.015055 12.845295 70.0
159 4950.0 0.9884 1.222302 0.0 0.957899 0.724566 -7.610246 -0.070989 0.015055 12.845295 70.0
160 4950.0 0.97185 1.217339 0.0 0.949459 0.724566 -7.610246 -0.070989 0.015055 12.845295 70.0
161 4950.0 0.961938 1.22097 0.0 0.942295 0.724566 -7.610246 -0.070989 0.015055 12.845295 70.0
162 4950.0 0.967178 1.210574 0.0 0.948789 0.724566 -7.610246 -0.070989 0.015055 12.845295 70.0
163 4950.0 0.998081 1.182926 0.0 0.972991 0.724566 -7.610246 -0.070989 0.015055 12.845295 70.0
164 4950.0 0.993687 1.202701 0.0 0.967362 0.724566 -7.610246 -0.070989 0.015055 12.845295 70.0
165 4950.0 0.999226 1.202315 0.0 0.97084 0.724566 -7.610246 -0.070989 0.015055 12.845295 70.0
166 4950.0 0.998272 1.212288 0.0 0.967078 0.724566 -7.610246 -0.070989 0.015055 12.845295 70.0
167 4950.0 0.995586 1.206959 0.0 0.967153 0.724566 -7.610246 -0.070989 0.015055 12.845295 70.0
168 4950.0 0.969886 1.193039 0.0 0.95603 0.724566 -7.610246 -0.070989 0.015055 12.845295 70.0
169 4950.0 0.97744 1.183119 0.0 0.963774 0.724566 -7.610246 -0.070989 0.015055 12.845295 70.0
170 4950.0 0.968106 1.201236 0.0 0.952334 0.724566 -7.610246 -0.070989 0.015055 12.845295 70.0
171 4950.0 0.962731 1.18032 0.0 0.955758 0.724566 -7.610246 -0.070989 0.015055 12.845295 70.0
172 4950.0 0.963459 1.175804 0.0 0.95764 0.724566 -7.610246 -0.070989 0.015055 12.845295 70.0
173 4950.0 1.006476 1.1689 0.0 0.976238 0.724566 -7.610246 -0.070989 0.015055 12.845295 70.0
174 4950.0 1.002029 1.171898 0.0 0.974419 0.724566 -7.610246 -0.070989 0.015055 12.845295 70.0
175 4950.0 1.019603 1.185845 0.0 0.982184 0.724566 -7.610246 -0.070989 0.015055 12.845295 70.0
176 4950.0 1.019344 1.188494 0.0 0.982133 0.724566 -7.610246 -0.070989 0.015055 12.845295 70.0
177 4950.0 0.988879 1.181865 0.0 0.969064 0.724566 -7.610246 -0.070989 0.015055 12.845295 70.0
178 4950.0 0.980389 1.198672 0.0 0.960593 0.724566 -7.610246 -0.070989 0.015055 12.845295 70.0
179 4950.0 0.963753 1.20562 0.0 0.948296 0.724566 -7.610246 -0.070989 0.015055 12.845295 70.0
180 4950.0 0.983395 1.201642 0.0 0.961466 0.724566 -7.610246 -0.070989 0.015055 12.845295 70.0
181 4950.0 1.020324 1.182718 0.0 0.98242 0.724566 -7.610246 -0.070989 0.015055 12.845295 70.0
182 4950.0 0.998445 1.183083 0.0 0.973149 0.724566 -7.610246 -0.070989 0.015055 12.845295 70.0
183 4950.0 0.987461 1.175346 0.0 0.968317 0.724566 -7.610246 -0.070989 0.015055 12.845295 70.0
184 4950.0 0.986168 1.1938 0.0 0.965649 0.724566 -7.610246 -0.070989 0.015055 12.845295 70.0
185 4950.0 0.981948 1.187952 0.0 0.964961 0.724566 -7.610246 -0.070989 0.015055 12.845295 70.0
186 4950.0 0.967291 1.183058 0.0 0.957645 0.724566 -7.610246 -0.070989 0.015055 12.845295 70.0
187 4950.0 0.998953 1.214482 0.0 0.966789 0.724566 -7.610246 -0.070989 0.015055 12.845295 70.0
188 4950.0 0.999828 1.196171 0.0 0.973167 0.724566 -7.610246 -0.070989 0.015055 12.845295 70.0
189 4950.0 0.985787 1.181424 0.0 0.967743 0.724566 -7.610246 -0.070989 0.015055 12.845295 70.0
190 4950.0 0.971363 1.176495 0.0 0.961515 0.724566 -7.610246 -0.070989 0.015055 12.845295 70.0
191 4950.0 0.996609 1.156199 0.0 0.97177 0.724566 -7.610246 -0.070989 0.015055 12.845295 70.0
192 4950.0 1.012726 1.165603 0.0 0.978815 0.724566 -7.610246 -0.070989 0.015055 12.845295 70.0
193 4950.0 0.985608 1.156868 0.0 0.967119 0.724566 -7.610246 -0.070989 0.015055 12.845295 70.0
194 4950.0 0.986385 1.159444 0.0 0.967506 0.724566 -7.610246 -0.070989 0.015055 12.845295 70.0
195 4950.0 0.970308 1.129575 0.0 0.960021 0.724566 -7.610246 -0.070989 0.015055 12.845295 70.0
196 4950.0 0.989123 1.143867 0.0 0.96832 0.724566 -7.610246 -0.070989 0.015055 12.845295 70.0
197 4950.0 0.978042 1.131681 0.0 0.963348 0.724566 -7.610246 -0.070989 0.015055 12.845295 70.0
198 4950.0 0.960679 1.165531 0.0 0.95674 0.724566 -7.610246 -0.070989 0.015055 12.845295 70.0
199 4950.0 0.941715 1.181952 0.0 0.942506 0.724566 -7.610246 -0.070989 0.015055 12.845295 70.0
200 4950.0 0.958328 1.165418 0.0 0.95574 0.724566 -7.610246 -0.070989 0.015055 12.845295 70.0
201 4950.0 0.977038 1.156476 0.0 0.963476 0.724566 -7.610246 -0.070989 0.015055 12.845295 70.0
202 4950.0 0.966583 1.150201 0.0 0.958901 0.724566 -7.610246 -0.070989 0.015055 12.845295 70.0
203 4950.0 0.975297 1.157498 0.0 0.96276 0.724566 -7.610246 -0.070989 0.015055 12.845295 70.0
204 4950.0 0.945869 1.159921 0.0 0.950333 0.724566 -7.610246 -0.070989 0.015055 12.845295 70.0
205 4950.0 0.974583 1.145638 0.0 0.962193 0.724566 -7.610246 -0.070989 0.015055 12.845295 70.0
206 4950.0 0.980787 1.160666 0.0 0.965159 0.724566 -7.610246 -0.070989 0.015055 12.845295 70.0
207 4950.0 0.980288 1.140921 0.0 0.964507 0.724566 -7.610246 -0.070989 0.015055 12.845295 70.0
208 4950.0 0.983967 1.159892 0.0 0.966491 0.724566 -7.610246 -0.070989 0.015055 12.845295 70.0
209 4950.0 1.017125 1.175311 0.0 0.980898 0.724566 -7.610246 -0.070989 0.015055 12.845295 70.0
210 4950.0 1.001538 1.168287 0.0 0.97413 0.724566 -7.610246 -0.070989 0.015055 12.845295 70.0
211 4950.0 0.98739 1.155931 0.0 0.967854 0.724566 -7.610246 -0.070989 0.015055 12.845295 70.0
212 4950.0 0.978565 1.154833 0.0 0.964087 0.724566 -7.610246 -0.070989 0.015055 12.845295 70.0
213 4950.0 0.975495 1.163483 0.0 0.962978 0.724566 -7.610246 -0.070989 0.015055 12.845295 70.0
214 4950.0 0.978392 1.150924 0.0 0.963926 0.724566 -7.610246 -0.070989 0.015055 12.845295 70.0
215 4950.0 0.960395 1.184651 0.0 0.95296 0.724566 -7.610246 -0.070989 0.015055 12.845295 70.0
216 4950.0 0.969743 1.173579 0.0 0.960763 0.724566 -7.610246 -0.070989 0.015055 12.845295 70.0
217 4950.0 0.97525 1.191029 0.0 0.959921 0.724566 -7.610246 -0.070989 0.015055 12.845295 70.0
218 4950.0 0.96932 1.200015 0.0 0.953459 0.724566 -7.610246 -0.070989 0.015055 12.845295 70.0
219 4950.0 0.965699 1.212983 0.0 0.947124 0.724566 -7.610246 -0.070989 0.015055 12.845295 70.0
220 4950.0 0.961724 1.213917 0.0 0.944418 0.724566 -7.610246 -0.070989 0.015055 12.845295 70.0
221 4950.0 0.982891 1.214677 0.0 0.956997 0.724566 -7.610246 -0.070989 0.015055 12.845295 70.0
222 4950.0 0.992238 1.207416 0.0 0.964978 0.724566 -7.610246 -0.070989 0.015055 12.845295 70.0
223 4950.0 1.023633 1.223548 0.0 0.978844 0.724566 -7.610246 -0.070989 0.015055 12.845295 70.0
224 4950.0 0.992187 1.228425 0.0 0.958238 0.724566 -7.610246 -0.070989 0.015055 12.845295 70.0
225 4950.0 0.997991 1.211794 0.0 0.967065 0.724566 -7.610246 -0.070989 0.015055 12.845295 70.0
226 4950.0 0.984346 1.212528 0.0 0.958565 0.724566 -7.610246 -0.070989 0.015055 12.845295 70.0
227 4950.0 0.979007 1.174105 0.0 0.964704 0.724566 -7.610246 -0.070989 0.015055 12.845295 70.0
228 4950.0 0.975532 1.173038 0.0 0.963206 0.724566 -7.610246 -0.070989 0.015055 12.845295 70.0
229 4950.0 0.952059 1.187748 0.0 0.94692 0.724566 -7.610246 -0.070989 0.015055 12.845295 70.0
230 4950.0 0.960451 1.184282 0.0 0.953111 0.724566 -7.610246 -0.070989 0.015055 12.845295 70.0
231 4950.0 0.978791 1.219423 0.0 0.952998 0.724566 -7.610246 -0.070989 0.015055 12.845295 70.0
232 4950.0 0.986737 1.228498 0.0 0.954913 0.724566 -7.610246 -0.070989 0.015055 12.845295 70.0
233 4950.0 0.984817 1.231832 0.0 0.952685 0.724566 -7.610246 -0.070989 0.015055 12.845295 70.0
234 4950.0 1.003027 1.228249 0.0 0.964861 0.724566 -7.610246 -0.070989 0.015055 12.845295 70.0
235 4950.0 0.98133 1.222073 0.0 0.95369 0.724566 -7.610246 -0.070989 0.015055 12.845295 70.0
236 4950.0 1.007328 1.224898 0.0 0.968536 0.724566 -7.610246 -0.070989 0.015055 12.845295 70.0
237 4950.0 1.001027 1.17664 0.0 0.9741 0.724566 -7.610246 -0.070989 0.015055 12.845295 70.0
238 4950.0 1.014012 1.181115 0.0 0.979707 0.724566 -7.610246 -0.070989 0.015055 12.845295 70.0
239 4950.0 0.976779 1.1786 0.0 0.963859 0.724566 -7.610246 -0.070989 0.015055 12.845295 70.0
240 4950.0 0.995756 1.149746 0.0 0.971264 0.724566 -7.610246 -0.070989 0.015055 12.845295 70.0
241 4950.0 0.971515 1.148994 0.0 0.960967 0.724566 -7.610246 -0.070989 0.015055 12.845295 70.0
242 4950.0 0.955449 1.130442 0.0 0.953738 0.724566 -7.610246 -0.070989 0.015055 12.845295 70.0
243 4950.0 0.94911 1.135874 0.0 0.951171 0.724566 -7.610246 -0.070989 0.015055 12.845295 70.0
244 4950.0 0.939481 1.11919 0.0 0.946715 0.724566 -7.610246 -0.070989 0.015055 12.845295 70.0
245 4950.0 0.933911 1.129773 0.0 0.944588 0.724566 -7.610246 -0.070989 0.015055 12.845295 70.0
246 4950.0 0.942317 1.139666 0.0 0.948374 0.724566 -7.610246 -0.070989 0.015055 12.845295 70.0
247 4950.0 0.966059 1.159652 0.0 0.95889 0.724566 -7.610246 -0.070989 0.015055 12.845295 70.0
248 4950.0 0.963823 1.161302 0.0 0.957978 0.724566 -7.610246 -0.070989 0.015055 12.845295 70.0
249 4950.0 0.990523 1.15211 0.0 0.969098 0.724566 -7.610246 -0.070989 0.015055 12.845295 70.0
250 4950.0 1.001546 1.141557 0.0 0.973537 0.724566 -7.610246 -0.070989 0.015055 12.845295 70.0
251 4950.0 0.964883 1.162426 0.0 0.958453 0.724566 -7.610246 -0.070989 0.015055 12.845295 70.0
252 4950.0 0.976623 1.175349 0.0 0.963721 0.724566 -7.610246 -0.070989 0.015055 12.845295 70.0
253 4950.0 0.988023 1.183162 0.0 0.96873 0.724566 -7.610246 -0.070989 0.015055 12.845295 70.0
254 4950.0 1.017786 1.18569 0.0 0.98141 0.724566 -7.610246 -0.070989 0.015055 12.845295 70.0
255 4950.0 0.999343 1.185856 0.0 0.973591 0.724566 -7.610246 -0.070989 0.015055 12.845295 70.0
256 4950.0 1.008427 1.181979 0.0 0.977358 0.724566 -7.610246 -0.070989 0.015055 12.845295 70.0
257 4950.0 0.994928 1.180775 0.0 0.971605 0.724566 -7.610246 -0.070989 0.015055 12.845295 70.0
258 4950.0 0.998404 1.150344 0.0 0.972401 0.724566 -7.610246 -0.070989 0.015055 12.845295 70.0
259 4950.0 0.980971 1.165749 0.0 0.965351 0.724566 -7.610246 -0.070989 0.015055 12.845295 70.0
260 4950.0 0.980412 1.1641 0.0 0.965076 0.724566 -7.610246 -0.070989 0.015055 12.845295 70.0
261 4950.0 1.005435 1.173087 0.0 0.97589 0.724566 -7.610246 -0.070989 0.015055 12.845295 70.0
262 4950.0 1.001435 1.195841 0.0 0.974246 0.724566 -7.610246 -0.070989 0.015055 12.845295 70.0
263 4950.0 0.997663 1.179282 0.0 0.972732 0.724566 -7.610246 -0.070989 0.015055 12.845295 70.0
264 4950.0 1.016819 1.18486 0.0 0.980981 0.724566 -7.610246 -0.070989 0.015055 12.845295 70.0
265 4950.0 1.034213 1.192804 0.0 0.988536 0.724566 -7.610246 -0.070989 0.015055 12.845295 70.0
266 4950.0 1.018622 1.174564 0.0 0.981516 0.724566 -7.610246 -0.070989 0.015055 12.845295 70.0
267 4950.0 0.99818 1.213641 0.0 0.96659 0.724566 -7.610246 -0.070989 0.015055 12.845295 70.0
268 4950.0 1.023336 1.222724 0.0 0.978927 0.724566 -7.610246 -0.070989 0.015055 12.845295 70.0
269 4950.0 1.013517 1.204831 0.0 0.978694 0.724566 -7.610246 -0.070989 0.015055 12.845295 70.0
270 4950.0 0.993028 1.205858 0.0 0.965954 0.724566 -7.610246 -0.070989 0.015055 12.845295 70.0
271 4950.0 0.996583 1.22561 0.0 0.9618 0.724566 -7.610246 -0.070989 0.015055 12.845295 70.0
272 4950.0 0.99344 1.237014 0.0 0.956254 0.724566 -7.610246 -0.070989 0.015055 12.845295 70.0
273 4950.0 0.980713 1.21761 0.0 0.954741 0.724566 -7.610246 -0.070989 0.015055 12.845295 70.0
274 4950.0 0.995223 1.192947 0.0 0.971408 0.724566 -7.610246 -0.070989 0.015055 12.845295 70.0
275 4950.0 0.991024 1.173356 0.0 0.969784 0.724566 -7.610246 -0.070989 0.015055 12.845295 70.0
276 4950.0 0.974502 1.178388 0.0 0.962889 0.724566 -7.610246 -0.070989 0.015055 12.845295 70.0
277 4950.0 0.985594 1.176077 0.0 0.967542 0.724566 -7.610246 -0.070989 0.015055 12.845295 70.0
278 4950.0 0.972126 1.186448 0.0 0.959491 0.724566 -7.610246 -0.070989 0.015055 12.845295 70.0
279 4950.0 0.977577 1.176083 0.0 0.964142 0.724566 -7.610246 -0.070989 0.015055 12.845295 70.0
280 4950.0 1.001633 1.176849 0.0 0.974362 0.724566 -7.610246 -0.070989 0.015055 12.845295 70.0
281 4950.0 0.992526 1.184168 0.0 0.970662 0.724566 -7.610246 -0.070989 0.015055 12.845295 70.0
282 4950.0 1.00296 1.176549 0.0 0.974918 0.724566 -7.610246 -0.070989 0.015055 12.845295 70.0
283 4950.0 0.988449 1.173331 0.0 0.968691 0.724566 -7.610246 -0.070989 0.015055 12.845295 70.0
284 4950.0 0.979836 1.200732 0.0 0.9596 0.724566 -7.610246 -0.070989 0.015055 12.845295 70.0
285 4950.0 0.984486 1.175314 0.0 0.967055 0.724566 -7.610246 -0.070989 0.015055 12.845295 70.0
286 4950.0 0.989522 1.169955 0.0 0.969071 0.724566 -7.610246 -0.070989 0.015055 12.845295 70.0
287 4950.0 1.007917 1.166869 0.0 0.976804 0.724566 -7.610246 -0.070989 0.015055 12.845295 70.0
