 time p.x p.y p.z deep.node-0 CV opes.bias opes.rct opes.zed opes.neff opes.nker
0 14050.0 -1.012016 0.853408 0.0 -0.737261 1.654445 -14.985897 -0.175839 0.008568 12.845295 123.0
1 14050.0 -0.98794 0.820701 0.0 -0.702108 1.654445 -14.985897 -0.175839 0.008568 12.845295 123.0
2 14050.0 -0.991558 0.819454 0.0 -0.702164 1.654445 -14.985897 -0.175839 0.008568 12.845295 123.0
3 14050.0 -0.96215 0.8038 0.0 -0.679004 1.654445 -14.985897 -0.175839 0.008568 12.845295 123.0
4 14050.0 -0.956722 0.804464 0.0 -0.677753 1.654445 -14.985897 -0.175839 0.008568 12.845295 123.0
5 14050.0 -0.910041 0.80464 0.0 -0.662165 1.654445 -14.985897 -0.175839 0.008568 12.845295 123.0
6 14050.0 -0.90535 0.780721 0.0 -0.639732 1.654445 -14.985897 -0.175839 0.008568 12.845295 123.0
7 14050.0 -0.865229 0.788266 0.0 -0.632775 1.654445 -14.985897 -0.175839 0.008568 12.845295 123.0
8 14050.0 -0.863385 0.781877 0.0 -0.626581 1.654445 -14.985897 -0.175839 0.008568 12.845295 123.0
9 14050.0 -0.882949 0.76568 0.0 -0.619093 1.654445 -14.985897 -0.175839 0.008568 12.845295 123.0
10 14050.0 -0.875242 0.763366 0.0 -0.614478 1.654445 -14.985897 -0.175839 0.008568 12.845295 123.0
11 14050.0 -0.881539 0.746542 0.0 -0.601982 1.654445 -14.985897 -0.175839 0.008568 12.845295 123.0
12 14050.0 -0.877034 0.750535 0.0 -0.603932 1.654445 -14.985897 -0.175839 0.008568 12.845295 123.0
13 14050.0 -0.887096 0.73411 0.0 -0.593053 1.654445 -14.985897 -0.175839 0.008568 12.845295 123.0
14 14050.0 -0.86389 0.728913 0.0 -0.580698 1.654445 -14.985897 -0.175839 0.008568 12.845295 123.0
15 14050.0 -0.839171 0.726465 0.0 -0.570221 1.654445 -14.985897 -0.175839 0.008568 12.845295 123.0
16 14050.0 -0.818795 0.685079 0.0 -0.517796 1.654445 -14.985897 -0.175839 0.008568 12.845295 123.0
17 14050.0 -0.816217 0.702916 0.0 -0.5364 1.654445 -14.985897 -0.175839 0.008568 12.845295 123.0
18 14050.0 -0.793771 0.686973 0.0 -0.509565 1.654445 -14.985897 -0.175839 0.008568 12.845295 123.0
19 14050.0 -0.816236 0.701379 0.0 -0.534719 1.654445 -14.985897 -0.175839 0.008568 12.845295 123.0
20 14050.0 -0.81969 0.690341 0.0 -0.523917 1.654445 -14.985897 -0.175839 0.008568 12.845295 123.0
21 14050.0 -0.823473 0.697828 0.0 -0.533585 1.654445 -14.985897 -0.175839 0.008568 12.845295 123.0
22 14050.0 -0.819247 0.689887 0.0 -0.523249 1.654445 -14.985897 -0.175839 0.008568 12.845295 123.0
23 14050.0 -0.771209 0.675258 0.0 -0.487131 1.654445 -14.985897 -0.175839 0.008568 12.845295 123.0
24 14050.0 -0.73391 0.685936 0.0 -0.483636 1.654445 -14.985897 -0.175839 0.008568 12.845295 123.0
25 14050.0 -0.736308 0.673155 0.0 -0.470338 1.654445 -14.985897 -0.175839 0.008568 12.845295 123.0
26 14050.0 -0.739428 0.658742 0.0 -0.455513 1.654445 -14.985897 -0.175839 0.008568 12.845295 123.0
27 14050.0 -0.736173 0.648433 0.0 -0.442639 1.654445 -14.985897 -0.175839 0.008568 12.845295 123.0
28 14050.0 -0.753543 0.639947 0.0 -0.440339 1.654445 -14.985897 -0.175839 0.008568 12.845295 123.0
29 14050.0 -0.748254 0.620604 0.0 -0.416521 1.654445 -14.985897 -0.175839 0.008568 12.845295 123.0
30 14050.0 -0.768636 0.60324 0.0 -0.407535 1.654445 -14.985897 -0.175839 0.008568 12.845295 123.0
31 14050.0 -0.753155 0.592866 0.0 -0.39006 1.654445 -14.985897 -0.175839 0.008568 12.845295 123.0
32 14050.0 -0.74656 0.590362 0.0 -0.384472 1.654445 -14.985897 -0.175839 0.008568 12.845295 123.0
33 14050.0 -0.744909 0.60252 0.0 -0.395468 1.654445 -14.985897 -0.175839 0.008568 12.845295 123.0
34 14050.0 -0.740856 0.617138 0.0 -0.409585 1.654445 -14.985897 -0.175839 0.008568 12.845295 123.0
35 14050.0 -0.74659 0.61885 0.0 -0.413872 1.654445 -14.985897 -0.175839 0.008568 12.845295 123.0
36 14050.0 -0.73957 0.631458 0.0 -0.425064 1.654445 -14.985897 -0.175839 0.008568 12.845295 123.0
37 14050.0 -0.735055 0.623515 0.0 -0.414315 1.654445 -14.985897 -0.175839 0.008568 12.845295 123.0
38 14050.0 -0.741943 0.627401 0.0 -0.42151 1.654445 -14.985897 -0.175839 0.008568 12.845295 123.0
39 14050.0 -0.736369 0.630928 0.0 -0.423147 1.654445 -14.985897 -0.175839 0.008568 12.845295 123.0
40 14050.0 -0.717042 0.615554 0.0 -0.39796 1.654445 -14.985897 -0.175839 0.008568 12.845295 123.0
41 14050.0 -0.704404 0.589036 0.0 -0.363079 1.654445 -14.985897 -0.175839 0.008568 12.845295 123.0
42 14050.0 -0.696938 0.566407 0.0 -0.337472 1.654445 -14.985897 -0.175839 0.008568 12.845295 123.0
43 14050.0 -0.697129 0.561941 0.0 -0.333235 1.654445 -14.985897 -0.175839 0.008568 12.845295 123.0
44 14050.0 -0.693295 0.544953 0.0 -0.314107 1.654445 -14.985897 -0.175839 0.008568 12.845295 123.0
45 14050.0 -0.685019 0.548041 0.0 -0.312824 1.654445 -14.985897 -0.175839 0.008568 12.845295 123.0
46 14050.0 -0.666404 0.548955 0.0 -0.302618 1.654445 -14.985897 -0.175839 0.008568 12.845295 123.0
47 14050.0 -0.663568 0.527335 0.0 -0.274654 1.654445 -14.985897 -0.175839 0.008568 12.845295 123.0
48 14050.0 -0.629481 0.523157 0.0 -0.246503 1.654445 -14.985897 -0.175839 0.008568 12.845295 123.0
49 14050.0 -0.620843 0.53069 0.0 -0.250935 1.654445 -14.985897 -0.175839 0.008568 12.845295 123.0
50 14050.0 -0.599735 0.532727 0.0 -0.233816 1.654445 -14.985897 -0.175839 0.008568 12.845295 123.0
51 14050.0 -0.579073 0.526277 0.0 -0.202643 1.654445 -14.985897 -0.175839 0.008568 12.845295 123.0
52 14050.0 -0.581283 0.531039 0.0 -0.21293 1.654445 -14.985897 -0.175839 0.008568 12.845295 123.0
53 14050.0 -0.57141 0.542911 0.0 -0.224338 1.654445 -14.985897 -0.175839 0.008568 12.845295 123.0
54 14050.0 -0.5563 0.534859 0.0 -0.195763 1.654445 -14.985897 -0.175839 0.008568 12.845295 123.0
55 14050.0 -0.552383 0.522541 0.0 -0.175811 1.654445 -14.985897 -0.175839 0.008568 12.845295 123.0
56 14050.0 -0.550101 0.517052 0.0 -0.166892 1.654445 -14.985897 -0.175839 0.008568 12.845295 123.0
57 14050.0 -0.536339 0.510086 0.0 -0.148037 1.654445 -14.985897 -0.175839 0.008568 12.845295 123.0
58 14050.0 -0.524036 0.512534 0.0 -0.142829 1.654445 -14.985897 -0.175839 0.008568 12.845295 123.0
59 14050.0 -0.500383 0.507519 0.0 -0.120959 1.654445 -14.985897 -0.175839 0.008568 12.845295 123.0
60 14050.0 -0.489568 0.515607 0.0 -0.124473 1.654445 -14.985897 -0.175839 0.008568 12.845295 123.0
61 14050.0 -0.467249 0.507425 0.0 -0.108016 1.654445 -14.985897 -0.175839 0.008568 12.845295 123.0
62 14050.0 -0.43134 0.511935 0.0 -0.098384 1.654445 -14.985897 -0.175839 0.008568 12.845295 123.0
63 14050.0 -0.389661 0.498829 0.0 -0.069723 1.654445 -14.985897 -0.175839 0.008568 12.845295 123.0
64 14050.0 -0.392348 0.478387 0.0 -0.051282 1.654445 -14.985897 -0.175839 0.008568 12.845295 123.0
65 14050.0 -0.370676 0.481585 0.0 -0.045922 1.654445 -14.985897 -0.175839 0.008568 12.845295 123.0
66 14050.0 -0.370886 0.489193 0.0 -0.053255 1.654445 -14.985897 -0.175839 0.008568 12.845295 123.0
67 14050.0 -0.357631 0.520784 0.0 -0.078223 1.654445 -14.985897 -0.175839 0.008568 12.845295 123.0
68 14050.0 -0.338539 0.516674 0.0 -0.066899 1.654445 -14.985897 -0.175839 0.008568 12.845295 123.0
69 14050.0 -0.332791 0.528075 0.0 -0.075536 1.654445 -14.985897 -0.175839 0.008568 12.845295 123.0
70 14050.0 -0.353831 0.530408 0.0 -0.085922 1.654445 -14.985897 -0.175839 0.008568 12.845295 123.0
71 14050.0 -0.35858 0.531936 0.0 -0.089221 1.654445 -14.985897 -0.175839 0.008568 12.845295 123.0
72 14050.0 -0.336801 0.536802 0.0 -0.08541 1.654445 -14.985897 -0.175839 0.008568 12.845295 123.0
73 14050.0 -0.345845 0.529398 0.0 -0.081861 1.654445 -14.985897 -0.175839 0.008568 12.845295 123.0
74 14050.0 -0.345593 0.525682 0.0 -0.078222 1.654445 -14.985897 -0.175839 0.008568 12.845295 123.0
75 14050.0 -0.349304 0.550685 0.0 -0.103492 1.654445 -14.985897 -0.175839 0.008568 12.845295 123.0
76 14050.0 -0.356373 0.550248 0.0 -0.105818 1.654445 -14.985897 -0.175839 0.008568 12.845295 123.0
77 14050.0 -0.33094 0.551414 0.0 -0.097063 1.654445 -14.985897 -0.175839 0.008568 12.845295 123.0
78 14050.0 -0.33018 0.52482 0.0 -0.07142 1.654445 -14.985897 -0.175839 0.008568 12.845295 123.0
79 14050.0 -0.330132 0.54334 0.0 -0.089054 1.654445 -14.985897 -0.175839 0.008568 12.845295 123.0
80 14050.0 -0.323345 0.522613 0.0 -0.066665 1.654445 -14.985897 -0.175839 0.008568 12.845295 123.0
81 14050.0 -0.308669 0.540057 0.0 -0.077599 1.654445 -14.985897 -0.175839 0.008568 12.845295 123.0
82 14050.0 -0.29853 0.52849 0.0 -0.06264 1.654445 -14.985897 -0.175839 0.008568 12.845295 123.0
83 14050.0 -0.278629 0.527168 0.0 -0.05366 1.654445 -14.985897 -0.175839 0.008568 12.845295 123.0
84 14050.0 -0.267006 0.53881 0.0 -0.060247 1.654445 -14.985897 -0.175839 0.008568 12.845295 123.0
85 14050.0 -0.256419 0.529611 0.0 -0.047372 1.654445 -14.985897 -0.175839 0.008568 12.845295 123.0
86 14050.0 -0.268083 0.512039 0.0 -0.036273 1.654445 -14.985897 -0.175839 0.008568 12.845295 123.0
87 14050.0 -0.255499 0.510919 0.0 -0.031481 1.654445 -14.985897 -0.175839 0.008568 12.845295 123.0
88 14050.0 -0.253665 0.501967 0.0 -0.023708 1.654445 -14.985897 -0.175839 0.008568 12.845295 123.0
89 14050.0 -0.240914 0.504501 0.0 -0.021806 1.654445 -14.985897 -0.175839 0.008568 12.845295 123.0
90 14050.0 -0.241423 0.522946 0.0 -0.03681 1.654445 -14.985897 -0.175839 0.008568 12.845295 123.0
91 14050.0 -0.24068 0.507184 0.0 -0.023893 1.654445 -14.985897 -0.175839 0.008568 12.845295 123.0
92 14050.0 -0.211181 0.508858 0.0 -0.016121 1.654445 -14.985897 -0.175839 0.008568 12.845295 123.0
93 14050.0 -0.216886 0.491695 0.0 -0.004069 1.654445 -14.985897 -0.175839 0.008568 12.845295 123.0
94 14050.0 -0.210109 0.468834 0.0 0.016428 1.654445 -14.985897 -0.175839 0.008568 12.845295 123.0
95 14050.0 -0.187959 0.494746 0.0 0.002419 1.654445 -14.985897 -0.175839 0.008568 12.845295 123.0
96 14050.0 -0.190491 0.500432 0.0 -0.002941 1.654445 -14.985897 -0.175839 0.008568 12.845295 123.0
97 14050.0 -0.189268 0.49674 0.0 0.000409 1.654445 -14.985897 -0.175839 0.008568 12.845295 123.0
98 14050.0 -0.164628 0.513102 0.0 -0.005144 1.654445 -14.985897 -0.175839 0.008568 12.845295 123.0
99 14050.0 -0.167226 0.522607 0.0 -0.013598 1.654445 -14.985897 -0.175839 0.008568 12.845295 123.0
100 14050.0 -0.169013 0.512273 0.0 -0.005832 1.654445 -14.985897 -0.175839 0.008568 12.845295 123.0
101 14050.0 -0.177428 0.517239 0.0 -0.012432 1.654445 -14.985897 -0.175839 0.008568 12.845295 123.0
102 14050.0 -0.186311 0.525832 0.0 -0.022095 1.654445 -14.985897 -0.175839 0.008568 12.845295 123.0
103 14050.0 -0.162216 0.526967 0.0 -0.015559 1.654445 -14.985897 -0.175839 0.008568 12.845295 123.0
104 14050.0 -0.176102 0.546633 0.0 -0.035682 1.654445 -14.985897 -0.175839 0.008568 12.845295 123.0
105 14050.0 -0.179225 0.527457 0.0 -0.021212 1.654445 -14.985897 -0.175839 0.008568 12.845295 123.0
106 14050.0 -0.179184 0.52774 0.0 -0.021427 1.654445 -14.985897 -0.175839 0.008568 12.845295 123.0
107 14050.0 -0.177318 0.544966 0.0 -0.034716 1.654445 -14.985897 -0.175839 0.008568 12.845295 123.0
108 14050.0 -0.18627 0.549769 0.0 -0.04135 1.654445 -14.985897 -0.175839 0.008568 12.845295 123.0
109 14050.0 -0.174628 0.521932 0.0 -0.015343 1.654445 -14.985897 -0.175839 0.008568 12.845295 123.0
110 14050.0 -0.188953 0.504617 0.0 -0.005835 1.654445 -14.985897 -0.175839 0.008568 12.845295 123.0
111 14050.0 -0.157581 0.496006 0.0 0.010412 1.654445 -14.985897 -0.175839 0.008568 12.845295 123.0
112 14050.0 -0.164871 0.516265 0.0 -0.007765 1.654445 -14.985897 -0.175839 0.008568 12.845295 123.0
113 14050.0 -0.171869 0.512665 0.0 -0.007031 1.654445 -14.985897 -0.175839 0.008568 12.845295 123.0
114 14050.0 -0.144159 0.50399 0.0 0.007649 1.654445 -14.985897 -0.175839 0.008568 12.845295 123.0
115 14050.0 -0.122649 0.507559 0.0 0.009478 1.654445 -14.985897 -0.175839 0.008568 12.845295 123.0
116 14050.0 -0.106207 0.501322 0.0 0.01442 1.654445 -14.985897 -0.175839 0.008568 12.845295 123.0
117 14050.0 -0.092165 0.480256 0.0 0.021768 1.654445 -14.985897 -0.175839 0.008568 12.845295 123.0
118 14050.0 -0.067821 0.474695 0.0 0.022437 1.654445 -14.985897 -0.175839 0.008568 12.845295 123.0
119 14050.0 -0.060627 0.485679 0.0 0.017711 1.654445 -14.985897 -0.175839 0.008568 12.845295 123.0
120 14050.0 -0.056535 0.485307 0.0 0.017604 1.654445 -14.985897 -0.175839 0.008568 12.845295 123.0
121 14050.0 -0.045446 0.491717 0.0 0.014422 1.654445 -14.985897 -0.175839 0.008568 12.845295 123.0
122 14050.0 -0.033312 0.49969 0.0 0.010565 1.654445 -14.985897 -0.175839 0.008568 12.845295 123.0
123 14050.0 -0.043125 0.513524 0.0 0.005776 1.654445 -14.985897 -0.175839 0.008568 12.845295 123.0
124 14050.0 -0.023786 0.518088 0.0 0.002806 1.654445 -14.985897 -0.175839 0.008568 12.845295 123.0
125 14050.0 -0.019689 0.520478 0.0 0.001621 1.654445 -14.985897 -0.175839 0.008568 12.845295 123.0
126 14050.0 -0.005948 0.524621 0.0 -0.000177 1.654445 -14.985897 -0.175839 0.008568 12.845295 123.0
127 14050.0 -0.028668 0.518321 0.0 0.003015 1.654445 -14.985897 -0.175839 0.008568 12.845295 123.0
128 14050.0 -0.017726 0.520336 0.0 0.001556 1.654445 -14.985897 -0.175839 0.008568 12.845295 123.0
129 14050.0 0.003582 0.520583 0.0 0.000867 1.654445 -14.985897 -0.175839 0.008568 12.845295 123.0
130 14050.0 0.014511 0.548659 0.0 -0.00799 1.654445 -14.985897 -0.175839 0.008568 12.845295 123.0
131 14050.0 0.064842 0.531391 0.0 -0.003724 1.654445 -14.985897 -0.175839 0.008568 12.845295 123.0
132 14050.0 0.10458 0.539574 0.0 0.000869 1.654445 -14.985897 -0.175839 0.008568 12.845295 123.0
133 14050.0 0.122832 0.534662 0.0 0.003627 1.654445 -14.985897 -0.175839 0.008568 12.845295 123.0
134 14050.0 0.144798 0.527885 0.0 0.006918 1.654445 -14.985897 -0.175839 0.008568 12.845295 123.0
135 14050.0 0.144414 0.524117 0.0 0.006736 1.654445 -14.985897 -0.175839 0.008568 12.845295 123.0
136 14050.0 0.178535 0.519405 0.0 0.012035 1.654445 -14.985897 -0.175839 0.008568 12.845295 123.0
137 14050.0 0.172657 0.474733 0.0 0.013194 1.654445 -14.985897 -0.175839 0.008568 12.845295 123.0
138 14050.0 0.220608 0.489903 0.0 0.02034 1.654445 -14.985897 -0.175839 0.008568 12.845295 123.0
139 14050.0 0.212417 0.491474 0.0 0.018686 1.654445 -14.985897 -0.175839 0.008568 12.845295 123.0
140 14050.0 0.19845 0.524465 0.0 0.01767 1.654445 -14.985897 -0.175839 0.008568 12.845295 123.0
141 14050.0 0.180527 0.542068 0.0 0.014288 1.654445 -14.985897 -0.175839 0.008568 12.845295 123.0
142 14050.0 0.186701 0.537557 0.0 0.016293 1.654445 -14.985897 -0.175839 0.008568 12.845295 123.0
143 14050.0 0.197654 0.515009 0.0 0.014948 1.654445 -14.985897 -0.175839 0.008568 12.845295 123.0
144 14050.0 0.2123 0.520321 0.0 0.025405 1.654445 -14.985897 -0.175839 0.008568 12.845295 123.0
145 14050.0 0.22148 0.499865 0.0 0.022139 1.654445 -14.985897 -0.175839 0.008568 12.845295 123.0
146 14050.0 0.221994 0.510456 0.0 0.027048 1.654445 -14.985897 -0.175839 0.008568 12.845295 123.0
147 14050.0 0.240893 0.498529 0.0 0.036014 1.654445 -14.985897 -0.175839 0.008568 12.845295 123.0
148 14050.0 0.253277 0.514141 0.0 0.051581 1.654445 -14.985897 -0.175839 0.008568 12.845295 123.0
149 14050.0 0.252456 0.519335 0.0 0.053802 1.654445 -14.985897 -0.175839 0.008568 12.845295 123.0
150 14050.0 0.242752 0.51679 0.0 0.045433 1.654445 -14.985897 -0.175839 0.008568 12.845295 123.0
151 14050.0 0.265604 0.497693 0.0 0.054029 1.654445 -14.985897 -0.175839 0.008568 12.845295 123.0
152 14050.0 0.274534 0.484397 0.0 0.055272 1.654445 -14.985897 -0.175839 0.008568 12.845295 123.0
153 14050.0 0.266966 0.485389 0.0 0.050053 1.654445 -14.985897 -0.175839 0.008568 12.845295 123.0
154 14050.0 0.280927 0.483134 0.0 0.059508 1.654445 -14.985897 -0.175839 0.008568 12.845295 123.0
155 14050.0 0.295366 0.484365 0.0 0.070731 1.654445 -14.985897 -0.175839 0.008568 12.845295 123.0
156 14050.0 0.299159 0.484835 0.0 0.073739 1.654445 -14.985897 -0.175839 0.008568 12.845295 123.0
157 14050.0 0.314842 0.473146 0.0 0.080649 1.654445 -14.985897 -0.175839 0.008568 12.845295 123.0
158 14050.0 0.313236 0.462441 0.0 0.075117 1.654445 -14.985897 -0.175839 0.008568 12.845295 123.0
159 14050.0 0.313408 0.455413 0.0 0.072396 1.654445 -14.985897 -0.175839 0.008568 12.845295 123.0
160 14050.0 0.307891 0.486969 0.0 0.081089 1.654445 -14.985897 -0.175839 0.008568 12.845295 123.0
161 14050.0 0.31767 0.512444 0.0 0.098677 1.654445 -14.985897 -0.175839 0.008568 12.845295 123.0
162 14050.0 0.344218 0.514736 0.0 0.119323 1.654445 -14.985897 -0.175839 0.008568 12.845295 123.0
163 14050.0 0.357211 0.519229 0.0 0.130795 1.654445 -14.985897 -0.175839 0.008568 12.845295 123.0
164 14050.0 0.373726 0.5112 0.0 0.139805 1.654445 -14.985897 -0.175839 0.008568 12.845295 123.0
165 14050.0 0.403487 0.518512 0.0 0.164873 1.654445 -14.985897 -0.175839 0.008568 12.845295 123.0
166 14050.0 0.410751 0.527164 0.0 0.173774 1.654445 -14.985897 -0.175839 0.008568 12.845295 123.0
167 14050.0 0.436242 0.541011 0.0 0.20063 1.654445 -14.985897 -0.175839 0.008568 12.845295 123.0
168 14050.0 0.447336 0.54594 0.0 0.213219 1.654445 -14.985897 -0.175839 0.008568 12.845295 123.0
169 14050.0 0.456875 0.527838 0.0 0.211121 1.654445 -14.985897 -0.175839 0.008568 12.845295 123.0
170 14050.0 0.461156 0.522289 0.0 0.211739 1.654445 -14.985897 -0.175839 0.008568 12.845295 123.0
171 14050.0 0.467548 0.528443 0.0 0.220779 1.654445 -14.985897 -0.175839 0.008568 12.845295 123.0
172 14050.0 0.458304 0.552383 0.0 0.227152 1.654445 -14.985897 -0.175839 0.008568 12.845295 123.0
173 14050.0 0.449305 0.522092 0.0 0.201294 1.654445 -14.985897 -0.175839 0.008568 12.845295 123.0
174 14050.0 0.46159 0.523099 0.0 0.212572 1.654445 -14.985897 -0.175839 0.008568 12.845295 123.0
175 14050.0 0.456808 0.535024 0.0 0.215172 1.654445 -14.985897 -0.175839 0.008568 12.845295 123.0
176 14050.0 0.479911 0.547383 0.0 0.242491 1.654445 -14.985897 -0.175839 0.008568 12.845295 123.0
177 14050.0 0.505096 0.558157 0.0 0.271147 1.654445 -14.985897 -0.175839 0.008568 12.845295 123.0
178 14050.0 0.521989 0.573734 0.0 0.296629 1.654445 -14.985897 -0.175839 0.008568 12.845295 123.0
179 14050.0 0.508666 0.57673 0.0 0.287404 1.654445 -14.985897 -0.175839 0.008568 12.845295 123.0
180 14050.0 0.537496 0.550526 0.0 0.294668 1.654445 -14.985897 -0.175839 0.008568 12.845295 123.0
181 14050.0 0.55569 0.554245 0.0 0.312722 1.654445 -14.985897 -0.175839 0.008568 12.845295 123.0
182 14050.0 0.564545 0.551663 0.0 0.318981 1.654445 -14.985897 -0.175839 0.008568 12.845295 123.0
183 14050.0 0.571434 0.555792 0.0 0.327383 1.654445 -14.985897 -0.175839 0.008568 12.845295 123.0
184 14050.0 0.579357 0.542116 0.0 0.326443 1.654445 -14.985897 -0.175839 0.008568 12.845295 123.0
185 14050.0 0.574671 0.55137 0.0 0.327669 1.654445 -14.985897 -0.175839 0.008568 12.845295 123.0
186 14050.0 0.581218 0.563569 0.0 0.340415 1.654445 -14.985897 -0.175839 0.008568 12.845295 123.0
187 14050.0 0.589343 0.565307 0.0 0.348522 1.654445 -14.985897 -0.175839 0.008568 12.845295 123.0
188 14050.0 0.577142 0.546181 0.0 0.326845 1.654445 -14.985897 -0.175839 0.008568 12.845295 123.0
189 14050.0 0.592216 0.55184 0.0 0.343286 1.654445 -14.985897 -0.175839 0.008568 12.845295 123.0
190 14050.0 0.604298 0.541573 0.0 0.347945 1.654445 -14.985897 -0.175839 0.008568 12.845295 123.0
191 14050.0 0.611538 0.52964 0.0 0.347411 1.654445 -14.985897 -0.175839 0.008568 12.845295 123.0
192 14050.0 0.592207 0.540258 0.0 0.336613 1.654445 -14.985897 -0.175839 0.008568 12.845295 123.0
193 14050.0 0.633874 0.5334 0.0 0.369111 1.654445 -14.985897 -0.175839 0.008568 12.845295 123.0
194 14050.0 0.626784 0.555463 0.0 0.375606 1.654445 -14.985897 -0.175839 0.008568 12.845295 123.0
195 14050.0 0.641882 0.568197 0.0 0.396139 1.654445 -14.985897 -0.175839 0.008568 12.845295 123.0
196 14050.0 0.655608 0.574895 0.0 0.412 1.654445 -14.985897 -0.175839 0.008568 12.845295 123.0
197 14050.0 0.662702 0.578881 0.0 0.420498 1.654445 -14.985897 -0.175839 0.008568 12.845295 123.0
198 14050.0 0.670108 0.602518 0.0 0.443367 1.654445 -14.985897 -0.175839 0.008568 12.845295 123.0
199 14050.0 0.703192 0.619334 0.0 0.483533 1.654445 -14.985897 -0.175839 0.008568 12.845295 123.0
200 14050.0 0.68856 0.639262 0.0 0.48524 1.654445 -14.985897 -0.175839 0.008568 12.845295 123.0
201 14050.0 0.685304 0.63388 0.0 0.478634 1.654445 -14.985897 -0.175839 0.008568 12.845295 123.0
202 14050.0 0.662991 0.636261 0.0 0.461309 1.654445 -14.985897 -0.175839 0.008568 12.845295 123.0
203 14050.0 0.664311 0.636839 0.0 0.462845 1.654445 -14.985897 -0.175839 0.008568 12.845295 123.0
204 14050.0 0.673597 0.634235 0.0 0.468908 1.654445 -14.985897 -0.175839 0.008568 12.845295 123.0
205 14050.0 0.664194 0.634226 0.0 0.460887 1.654445 -14.985897 -0.175839 0.008568 12.845295 123.0
206 14050.0 0.659933 0.61874 0.0 0.446237 1.654445 -14.985897 -0.175839 0.008568 12.845295 123.0
207 14050.0 0.667508 0.642903 0.0 0.469885 1.654445 -14.985897 -0.175839 0.008568 12.845295 123.0
208 14050.0 0.675813 0.620774 0.0 0.461219 1.654445 -14.985897 -0.175839 0.008568 12.845295 123.0
209 14050.0 0.685688 0.63363 0.0 0.478785 1.654445 -14.985897 -0.175839 0.008568 12.845295 123.0
210 14050.0 0.695607 0.615777 0.0 0.474537 1.654445 -14.985897 -0.175839 0.008568 12.845295 123.0
211 14050.0 0.691676 0.595451 0.0 0.456723 1.654445 -14.985897 -0.175839 0.008568 12.845295 123.0
212 14050.0 0.673175 0.584569 0.0 0.43321 1.654445 -14.985897 -0.175839 0.008568 12.845295 123.0
213 14050.0 0.653949 0.616553 0.0 0.439579 1.654445 -14.985897 -0.175839 0.008568 12.845295 123.0
214 14050.0 0.631291 0.626112 0.0 0.427067 1.654445 -14.985897 -0.175839 0.008568 12.845295 123.0
215 14050.0 0.63096 0.629936 0.0 0.429506 1.654445 -14.985897 -0.175839 0.008568 12.845295 123.0
216 14050.0 0.636116 0.58565 0.0 0.40239 1.654445 -14.985897 -0.175839 0.008568 12.845295 123.0
217 14050.0 0.635117 0.584608 0.0 0.400797 1.654445 -14.985897 -0.175839 0.008568 12.845295 123.0
218 14050.0 0.646598 0.609773 0.0 0.428489 1.654445 -14.985897 -0.175839 0.008568 12.845295 123.0
219 14050.0 0.635988 0.61369 0.0 0.422232 1.654445 -14.985897 -0.175839 0.008568 12.845295 123.0
220 14050.0 0.652547 0.608416 0.0 0.432595 1.654445 -14.985897 -0.175839 0.008568 12.845295 123.0
221 14050.0 0.658005 0.626688 0.0 0.450248 1.654445 -14.985897 -0.175839 0.008568 12.845295 123.0
222 14050.0 0.687464 0.622184 0.0 0.472154 1.654445 -14.985897 -0.175839 0.008568 12.845295 123.0
223 14050.0 0.690188 0.64466 0.0 0.490468 1.654445 -14.985897 -0.175839 0.008568 12.845295 123.0
224 14050.0 0.680791 0.61805 0.0 0.463525 1.654445 -14.985897 -0.175839 0.008568 12.845295 123.0
225 14050.0 0.654299 0.610429 0.0 0.435521 1.654445 -14.985897 -0.175839 0.008568 12.845295 123.0
226 14050.0 0.691277 0.607674 0.0 0.46508 1.654445 -14.985897 -0.175839 0.008568 12.845295 123.0
227 14050.0 0.674023 0.614194 0.0 0.455013 1.654445 -14.985897 -0.175839 0.008568 12.845295 123.0
228 14050.0 0.676853 0.608216 0.0 0.453171 1.654445 -14.985897 -0.175839 0.008568 12.845295 123.0
229 14050.0 0.682222 0.609117 0.0 0.458389 1.654445 -14.985897 -0.175839 0.008568 12.845295 123.0
230 14050.0 0.636786 0.596804 0.0 0.410897 1.654445 -14.985897 -0.175839 0.008568 12.845295 123.0
231 14050.0 0.641156 0.598273 0.0 0.415669 1.654445 -14.985897 -0.175839 0.008568 12.845295 123.0
232 14050.0 0.641905 0.593305 0.0 0.412772 1.654445 -14.985897 -0.175839 0.008568 12.845295 123.0
233 14050.0 0.667839 0.581122 0.0 0.426281 1.654445 -14.985897 -0.175839 0.008568 12.845295 123.0
234 14050.0 0.651742 0.60335 0.0 0.428304 1.654445 -14.985897 -0.175839 0.008568 12.845295 123.0
235 14050.0 0.658904 0.596901 0.0 0.42982 1.654445 -14.985897 -0.175839 0.008568 12.845295 123.0
236 14050.0 0.67483 0.585687 0.0 0.435417 1.654445 -14.985897 -0.175839 0.008568 12.845295 123.0
237 14050.0 0.662995 0.603028 0.0 0.437667 1.654445 -14.985897 -0.175839 0.008568 12.845295 123.0
238 14050.0 0.678785 0.590573 0.0 0.442265 1.654445 -14.985897 -0.175839 0.008568 12.845295 123.0
239 14050.0 0.661804 0.620742 0.0 0.449256 1.654445 -14.985897 -0.175839 0.008568 12.845295 123.0
240 14050.0 0.654644 0.612578 0.0 0.437343 1.654445 -14.985897 -0.175839 0.008568 12.845295 123.0
241 14050.0 0.667116 0.599782 0.0 0.43887 1.654445 -14.985897 -0.175839 0.008568 12.845295 123.0
242 14050.0 0.693848 0.616621 0.0 0.473638 1.654445 -14.985897 -0.175839 0.008568 12.845295 123.0
243 14050.0 0.685825 0.629685 0.0 0.476094 1.654445 -14.985897 -0.175839 0.008568 12.845295 123.0
244 14050.0 0.709967 0.653514 0.0 0.513628 1.654445 -14.985897 -0.175839 0.008568 12.845295 123.0
245 14050.0 0.739565 0.660522 0.0 0.543844 1.654445 -14.985897 -0.175839 0.008568 12.845295 123.0
246 14050.0 0.711218 0.655437 0.0 0.516062 1.654445 -14.985897 -0.175839 0.008568 12.845295 123.0
247 14050.0 0.703708 0.663403 0.0 0.515328 1.654445 -14.985897 -0.175839 0.008568 12.845295 123.0
248 14050.0 0.691197 0.660961 0.0 0.502927 1.654445 -14.985897 -0.175839 0.008568 12.845295 123.0
249 14050.0 0.707798 0.683704 0.0 0.53326 1.654445 -14.985897 -0.175839 0.008568 12.845295 123.0
250 14050.0 0.717695 0.667228 0.0 0.529972 1.654445 -14.985897 -0.175839 0.008568 12.845295 123.0
251 14050.0 0.722202 0.672792 0.0 0.537773 1.654445 -14.985897 -0.175839 0.008568 12.845295 123.0
252 14050.0 0.735455 0.645265 0.0 0.529485 1.654445 -14.985897 -0.175839 0.008568 12.845295 123.0
253 14050.0 0.752206 0.631464 0.0 0.533944 1.654445 -14.985897 -0.175839 0.008568 12.845295 123.0
254 14050.0 0.76162 0.647392 0.0 0.553301 1.654445 -14.985897 -0.175839 0.008568 12.845295 123.0
255 14050.0 0.747924 0.67709 0.0 0.562757 1.654445 -14.985897 -0.175839 0.008568 12.845295 123.0
256 14050.0 0.761826 0.687259 0.0 0.581842 1.654445 -14.985897 -0.175839 0.008568 12.845295 123.0
257 14050.0 0.754274 0.700115 0.0 0.584553 1.654445 -14.985897 -0.175839 0.008568 12.845295 123.0
258 14050.0 0.778455 0.729415 0.0 0.626032 1.654445 -14.985897 -0.175839 0.008568 12.845295 123.0
259 14050.0 0.783401 0.754352 0.0 0.648631 1.654445 -14.985897 -0.175839 0.008568 12.845295 123.0
260 14050.0 0.755628 0.747248 0.0 0.61926 1.654445 -14.985897 -0.175839 0.008568 12.845295 123.0
261 14050.0 0.765687 0.757676 0.0 0.635661 1.654445 -14.985897 -0.175839 0.008568 12.845295 123.0
262 14050.0 0.787772 0.741199 0.0 0.642782 1.654445 -14.985897 -0.175839 0.008568 12.845295 123.0
263 14050.0 0.806126 0.721794 0.0 0.64451 1.654445 -14.985897 -0.175839 0.008568 12.845295 123.0
264 14050.0 0.791976 0.7459 0.0 0.649889 1.654445 -14.985897 -0.175839 0.008568 12.845295 123.0
265 14050.0 0.798562 0.733211 0.0 0.646308 1.654445 -14.985897 -0.175839 0.008568 12.845295 123.0
266 14050.0 0.810766 0.73311 0.0 0.656849 1.654445 -14.985897 -0.175839 0.008568 12.845295 123.0
267 14050.0 0.811579 0.730159 0.0 0.655391 1.654445 -14.985897 -0.175839 0.008568 12.845295 123.0
268 14050.0 0.819453 0.735804 0.0 0.666382 1.654445 -14.985897 -0.175839 0.008568 12.845295 123.0
269 14050.0 0.82514 0.727531 0.0 0.665259 1.654445 -14.985897 -0.175839 0.008568 12.845295 123.0
270 14050.0 0.814445 0.742807 0.0 0.667164 1.654445 -14.985897 -0.175839 0.008568 12.845295 123.0
271 14050.0 0.842097 0.755901 0.0 0.700824 1.654445 -14.985897 -0.175839 0.008568 12.845295 123.0
272 14050.0 0.843793 0.765305 0.0 0.7092 1.654445 -14.985897 -0.175839 0.008568 12.845295 123.0
273 14050.0 0.849269 0.793709 0.0 0.734803 1.654445 -14.985897 -0.175839 0.008568 12.845295 123.0
274 14050.0 0.827012 0.816315 0.0 0.73203 1.654445 -14.985897 -0.175839 0.008568 12.845295 123.0
275 14050.0 0.839492 0.800947 0.0 0.73161 1.654445 -14.985897 -0.175839 0.008568 12.845295 123.0
276 14050.0 0.835328 0.832183 0.0 0.750907 1.654445 -14.985897 -0.175839 0.008568 12.845295 123.0
277 14050.0 0.828808 0.855443 0.0 0.762301 1.654445 -14.985897 -0.175839 0.008568 12.845295 123.0
278 14050.0 0.833846 0.830855 0.0 0.748643 1.654445 -14.985897 -0.175839 0.008568 12.845295 123.0
279 14050.0 0.832564 0.867465 0.0 0.77439 1.654445 -14.985897 -0.175839 0.008568 12.845295 123.0
280 14050.0 0.851743 0.86399 0.0 0.788522 1.654445 -14.985897 -0.175839 0.008568 12.845295 123.0
281 14050.0 0.862422 0.879161 0.0 0.808943 1.654445 -14.985897 -0.175839 0.008568 12.845295 123.0
282 14050.0 0.870188 0.916375 0.0 0.843003 1.654445 -14.985897 -0.175839 0.008568 12.845295 123.0
283 14050.0 0.894741 0.929396 0.0 0.873717 1.654445 -14.985897 -0.175839 0.008568 12.845295 123.0
284 14050.0 0.885769 0.944488 0.0 0.876825 1.654445 -14.985897 -0.175839 0.008568 12.845295 123.0
285 14050.0 0.909512 0.945292 0.0 0.897731 1.654445 -14.985897 -0.175839 0.008568 12.845295 123.0
286 14050.0 0.927535 0.93634 0.0 0.901078 1.654445 -14.985897 -0.175839 0.008568 12.845295 123.0
287 14050.0 0.931754 0.956141 0.0 0.917184 1.654445 -14.985897 -0.175839 0.008568 12.845295 123.0
