 time p.x p.y p.z deep.node-0 CV opes.bias opes.rct opes.zed opes.neff opes.nker
0 8930.0 -0.873392 0.950064 0.0 -0.776571 1.719848 -18.023152 -0.130354 0.010037 12.845295 105.0
1 8930.0 -0.870301 0.921762 0.0 -0.750904 1.719848 -18.023152 -0.130354 0.010037 12.845295 105.0
2 8930.0 -0.87469 0.919012 0.0 -0.749985 1.719848 -18.023152 -0.130354 0.010037 12.845295 105.0
3 8930.0 -0.87793 0.896365 0.0 -0.731328 1.719848 -18.023152 -0.130354 0.010037 12.845295 105.0
4 8930.0 -0.882783 0.878446 0.0 -0.717339 1.719848 -18.023152 -0.130354 0.010037 12.845295 105.0
5 8930.0 -0.851461 0.850411 0.0 -0.682327 1.719848 -18.023152 -0.130354 0.010037 12.845295 105.0
6 8930.0 -0.875208 0.837343 0.0 -0.678939 1.719848 -18.023152 -0.130354 0.010037 12.845295 105.0
7 8930.0 -0.854526 0.815546 0.0 -0.652955 1.719848 -18.023152 -0.130354 0.010037 12.845295 105.0
8 8930.0 -0.865894 0.801918 0.0 -0.644904 1.719848 -18.023152 -0.130354 0.010037 12.845295 105.0
9 8930.0 -0.848569 0.806514 0.0 -0.64307 1.719848 -18.023152 -0.130354 0.010037 12.845295 105.0
10 8930.0 -0.827633 0.790371 0.0 -0.621933 1.719848 -18.023152 -0.130354 0.010037 12.845295 105.0
11 8930.0 -0.827748 0.778751 0.0 -0.611838 1.719848 -18.023152 -0.130354 0.010037 12.845295 105.0
12 8930.0 -0.8383 0.769002 0.0 -0.6069 1.719848 -18.023152 -0.130354 0.010037 12.845295 105.0
13 8930.0 -0.828311 0.765956 0.0 -0.600878 1.719848 -18.023152 -0.130354 0.010037 12.845295 105.0
14 8930.0 -0.82765 0.764562 0.0 -0.599444 1.719848 -18.023152 -0.130354 0.010037 12.845295 105.0
15 8930.0 -0.822252 0.768138 0.0 -0.600729 1.719848 -18.023152 -0.130354 0.010037 12.845295 105.0
16 8930.0 -0.829558 0.766676 0.0 -0.601925 1.719848 -18.023152 -0.130354 0.010037 12.845295 105.0
17 8930.0 -0.840213 0.758203 0.0 -0.59816 1.719848 -18.023152 -0.130354 0.010037 12.845295 105.0
18 8930.0 -0.82736 0.769234 0.0 -0.603408 1.719848 -18.023152 -0.130354 0.010037 12.845295 105.0
19 8930.0 -0.808599 0.77417 0.0 -0.601385 1.719848 -18.023152 -0.130354 0.010037 12.845295 105.0
20 8930.0 -0.775319 0.757183 0.0 -0.575355 1.719848 -18.023152 -0.130354 0.010037 12.845295 105.0
21 8930.0 -0.770885 0.754819 0.0 -0.571707 1.719848 -18.023152 -0.130354 0.010037 12.845295 105.0
22 8930.0 -0.762001 0.758807 0.0 -0.572013 1.719848 -18.023152 -0.130354 0.010037 12.845295 105.0
23 8930.0 -0.764988 0.737279 0.0 -0.553904 1.719848 -18.023152 -0.130354 0.010037 12.845295 105.0
24 8930.0 -0.762275 0.722576 0.0 -0.536342 1.719848 -18.023152 -0.130354 0.010037 12.845295 105.0
25 8930.0 -0.766512 0.704945 0.0 -0.518381 1.719848 -18.023152 -0.130354 0.010037 12.845295 105.0
26 8930.0 -0.757775 0.696908 0.0 -0.505779 1.719848 -18.023152 -0.130354 0.010037 12.845295 105.0
27 8930.0 -0.740548 0.687721 0.0 -0.488379 1.719848 -18.023152 -0.130354 0.010037 12.845295 105.0
28 8930.0 -0.756616 0.681163 0.0 -0.487695 1.719848 -18.023152 -0.130354 0.010037 12.845295 105.0
29 8930.0 -0.741449 0.67356 0.0 -0.472918 1.719848 -18.023152 -0.130354 0.010037 12.845295 105.0
30 8930.0 -0.73541 0.650744 0.0 -0.444908 1.719848 -18.023152 -0.130354 0.010037 12.845295 105.0
31 8930.0 -0.725682 0.643414 0.0 -0.432687 1.719848 -18.023152 -0.130354 0.010037 12.845295 105.0
32 8930.0 -0.725872 0.643456 0.0 -0.432812 1.719848 -18.023152 -0.130354 0.010037 12.845295 105.0
33 8930.0 -0.729171 0.652741 0.0 -0.44456 1.719848 -18.023152 -0.130354 0.010037 12.845295 105.0
34 8930.0 -0.724655 0.646113 0.0 -0.435279 1.719848 -18.023152 -0.130354 0.010037 12.845295 105.0
35 8930.0 -0.722723 0.632335 0.0 -0.419074 1.719848 -18.023152 -0.130354 0.010037 12.845295 105.0
36 8930.0 -0.681952 0.61487 0.0 -0.382676 1.719848 -18.023152 -0.130354 0.010037 12.845295 105.0
37 8930.0 -0.688889 0.612975 0.0 -0.383427 1.719848 -18.023152 -0.130354 0.010037 12.845295 105.0
38 8930.0 -0.666566 0.61252 0.0 -0.373682 1.719848 -18.023152 -0.130354 0.010037 12.845295 105.0
39 8930.0 -0.685298 0.635231 0.0 -0.406828 1.719848 -18.023152 -0.130354 0.010037 12.845295 105.0
40 8930.0 -0.683926 0.643574 0.0 -0.415589 1.719848 -18.023152 -0.130354 0.010037 12.845295 105.0
41 8930.0 -0.704874 0.634764 0.0 -0.414405 1.719848 -18.023152 -0.130354 0.010037 12.845295 105.0
42 8930.0 -0.716878 0.639037 0.0 -0.424149 1.719848 -18.023152 -0.130354 0.010037 12.845295 105.0
43 8930.0 -0.706516 0.63333 0.0 -0.413481 1.719848 -18.023152 -0.130354 0.010037 12.845295 105.0
44 8930.0 -0.691857 0.64344 0.0 -0.418719 1.719848 -18.023152 -0.130354 0.010037 12.845295 105.0
45 8930.0 -0.707083 0.64131 0.0 -0.422638 1.719848 -18.023152 -0.130354 0.010037 12.845295 105.0
46 8930.0 -0.702617 0.622706 0.0 -0.399988 1.719848 -18.023152 -0.130354 0.010037 12.845295 105.0
47 8930.0 -0.711877 0.601787 0.0 -0.380429 1.719848 -18.023152 -0.130354 0.010037 12.845295 105.0
48 8930.0 -0.686709 0.592709 0.0 -0.359865 1.719848 -18.023152 -0.130354 0.010037 12.845295 105.0
49 8930.0 -0.665579 0.590974 0.0 -0.349182 1.719848 -18.023152 -0.130354 0.010037 12.845295 105.0
50 8930.0 -0.650132 0.580037 0.0 -0.330561 1.719848 -18.023152 -0.130354 0.010037 12.845295 105.0
51 8930.0 -0.655313 0.556667 0.0 -0.305235 1.719848 -18.023152 -0.130354 0.010037 12.845295 105.0
52 8930.0 -0.658878 0.525536 0.0 -0.269619 1.719848 -18.023152 -0.130354 0.010037 12.845295 105.0
53 8930.0 -0.648794 0.525845 0.0 -0.263864 1.719848 -18.023152 -0.130354 0.010037 12.845295 105.0
54 8930.0 -0.628697 0.541675 0.0 -0.270859 1.719848 -18.023152 -0.130354 0.010037 12.845295 105.0
55 8930.0 -0.594562 0.535071 0.0 -0.232769 1.719848 -18.023152 -0.130354 0.010037 12.845295 105.0
56 8930.0 -0.594778 0.527462 0.0 -0.219991 1.719848 -18.023152 -0.130354 0.010037 12.845295 105.0
57 8930.0 -0.581486 0.497914 0.0 -0.163359 1.719848 -18.023152 -0.130354 0.010037 12.845295 105.0
58 8930.0 -0.550394 0.506608 0.0 -0.15322 1.719848 -18.023152 -0.130354 0.010037 12.845295 105.0
59 8930.0 -0.545375 0.499849 0.0 -0.14074 1.719848 -18.023152 -0.130354 0.010037 12.845295 105.0
60 8930.0 -0.523321 0.481521 0.0 -0.105865 1.719848 -18.023152 -0.130354 0.010037 12.845295 105.0
61 8930.0 -0.523727 0.498362 0.0 -0.123663 1.719848 -18.023152 -0.130354 0.010037 12.845295 105.0
62 8930.0 -0.489306 0.517166 0.0 -0.125857 1.719848 -18.023152 -0.130354 0.010037 12.845295 105.0
63 8930.0 -0.468224 0.519381 0.0 -0.11979 1.719848 -18.023152 -0.130354 0.010037 12.845295 105.0
64 8930.0 -0.453837 0.510505 0.0 -0.105749 1.719848 -18.023152 -0.130354 0.010037 12.845295 105.0
65 8930.0 -0.455557 0.498879 0.0 -0.095335 1.719848 -18.023152 -0.130354 0.010037 12.845295 105.0
66 8930.0 -0.459515 0.503289 0.0 -0.101073 1.719848 -18.023152 -0.130354 0.010037 12.845295 105.0
67 8930.0 -0.438282 0.519508 0.0 -0.108295 1.719848 -18.023152 -0.130354 0.010037 12.845295 105.0
68 8930.0 -0.433231 0.481932 0.0 -0.070521 1.719848 -18.023152 -0.130354 0.010037 12.845295 105.0
69 8930.0 -0.422131 0.480615 0.0 -0.064959 1.719848 -18.023152 -0.130354 0.010037 12.845295 105.0
70 8930.0 -0.400708 0.470537 0.0 -0.047043 1.719848 -18.023152 -0.130354 0.010037 12.845295 105.0
71 8930.0 -0.409225 0.469825 0.0 -0.049668 1.719848 -18.023152 -0.130354 0.010037 12.845295 105.0
72 8930.0 -0.395868 0.4815 0.0 -0.055614 1.719848 -18.023152 -0.130354 0.010037 12.845295 105.0
73 8930.0 -0.395916 0.489907 0.0 -0.063646 1.719848 -18.023152 -0.130354 0.010037 12.845295 105.0
74 8930.0 -0.387127 0.4816 0.0 -0.052319 1.719848 -18.023152 -0.130354 0.010037 12.845295 105.0
75 8930.0 -0.358682 0.480354 0.0 -0.040096 1.719848 -18.023152 -0.130354 0.010037 12.845295 105.0
76 8930.0 -0.344192 0.507198 0.0 -0.060061 1.719848 -18.023152 -0.130354 0.010037 12.845295 105.0
77 8930.0 -0.337624 0.490941 0.0 -0.042017 1.719848 -18.023152 -0.130354 0.010037 12.845295 105.0
78 8930.0 -0.331453 0.521066 0.0 -0.068337 1.719848 -18.023152 -0.130354 0.010037 12.845295 105.0
79 8930.0 -0.343889 0.509098 0.0 -0.061754 1.719848 -18.023152 -0.130354 0.010037 12.845295 105.0
80 8930.0 -0.328248 0.520152 0.0 -0.066222 1.719848 -18.023152 -0.130354 0.010037 12.845295 105.0
81 8930.0 -0.316327 0.530912 0.0 -0.071853 1.719848 -18.023152 -0.130354 0.010037 12.845295 105.0
82 8930.0 -0.314187 0.507119 0.0 -0.048345 1.719848 -18.023152 -0.130354 0.010037 12.845295 105.0
83 8930.0 -0.316688 0.496712 0.0 -0.039396 1.719848 -18.023152 -0.130354 0.010037 12.845295 105.0
84 8930.0 -0.31834 0.514941 0.0 -0.057411 1.719848 -18.023152 -0.130354 0.010037 12.845295 105.0
85 8930.0 -0.324129 0.533647 0.0 -0.077487 1.719848 -18.023152 -0.130354 0.010037 12.845295 105.0
86 8930.0 -0.309778 0.533378 0.0 -0.071663 1.719848 -18.023152 -0.130354 0.010037 12.845295 105.0
87 8930.0 -0.30809 0.538939 0.0 -0.076308 1.719848 -18.023152 -0.130354 0.010037 12.845295 105.0
88 8930.0 -0.304562 0.531644 0.0 -0.067986 1.719848 -18.023152 -0.130354 0.010037 12.845295 105.0
89 8930.0 -0.331504 0.54588 0.0 -0.092007 1.719848 -18.023152 -0.130354 0.010037 12.845295 105.0
90 8930.0 -0.327435 0.546319 0.0 -0.090847 1.719848 -18.023152 -0.130354 0.010037 12.845295 105.0
91 8930.0 -0.322185 0.515565 0.0 -0.059498 1.719848 -18.023152 -0.130354 0.010037 12.845295 105.0
92 8930.0 -0.32937 0.522826 0.0 -0.069206 1.719848 -18.023152 -0.130354 0.010037 12.845295 105.0
93 8930.0 -0.325767 0.538543 0.0 -0.082789 1.719848 -18.023152 -0.130354 0.010037 12.845295 105.0
94 8930.0 -0.275828 0.508512 0.0 -0.035828 1.719848 -18.023152 -0.130354 0.010037 12.845295 105.0
95 8930.0 -0.268717 0.535349 0.0 -0.057612 1.719848 -18.023152 -0.130354 0.010037 12.845295 105.0
96 8930.0 -0.212992 0.521059 0.0 -0.026501 1.719848 -18.023152 -0.130354 0.010037 12.845295 105.0
97 8930.0 -0.21112 0.52002 0.0 -0.025086 1.719848 -18.023152 -0.130354 0.010037 12.845295 105.0
98 8930.0 -0.219884 0.510327 0.0 -0.019993 1.719848 -18.023152 -0.130354 0.010037 12.845295 105.0
99 8930.0 -0.203514 0.520747 0.0 -0.02332 1.719848 -18.023152 -0.130354 0.010037 12.845295 105.0
100 8930.0 -0.194603 0.522529 0.0 -0.021999 1.719848 -18.023152 -0.130354 0.010037 12.845295 105.0
101 8930.0 -0.149175 0.529291 0.0 -0.013397 1.719848 -18.023152 -0.130354 0.010037 12.845295 105.0
102 8930.0 -0.134105 0.511258 0.0 0.004707 1.719848 -18.023152 -0.130354 0.010037 12.845295 105.0
103 8930.0 -0.147241 0.523137 0.0 -0.007846 1.719848 -18.023152 -0.130354 0.010037 12.845295 105.0
104 8930.0 -0.14735 0.529107 0.0 -0.012685 1.719848 -18.023152 -0.130354 0.010037 12.845295 105.0
105 8930.0 -0.155996 0.518292 0.0 -0.006653 1.719848 -18.023152 -0.130354 0.010037 12.845295 105.0
106 8930.0 -0.134994 0.507488 0.0 0.007088 1.719848 -18.023152 -0.130354 0.010037 12.845295 105.0
107 8930.0 -0.130009 0.510557 0.0 0.005992 1.719848 -18.023152 -0.130354 0.010037 12.845295 105.0
108 8930.0 -0.13072 0.505691 0.0 0.009151 1.719848 -18.023152 -0.130354 0.010037 12.845295 105.0
109 8930.0 -0.133865 0.515366 0.0 0.001969 1.719848 -18.023152 -0.130354 0.010037 12.845295 105.0
110 8930.0 -0.112419 0.520233 0.0 0.002905 1.719848 -18.023152 -0.130354 0.010037 12.845295 105.0
111 8930.0 -0.113462 0.509024 0.0 0.0103 1.719848 -18.023152 -0.130354 0.010037 12.845295 105.0
112 8930.0 -0.113143 0.494073 0.0 0.017673 1.719848 -18.023152 -0.130354 0.010037 12.845295 105.0
113 8930.0 -0.104178 0.505412 0.0 0.0127 1.719848 -18.023152 -0.130354 0.010037 12.845295 105.0
114 8930.0 -0.095518 0.509739 0.0 0.010479 1.719848 -18.023152 -0.130354 0.010037 12.845295 105.0
115 8930.0 -0.09758 0.50071 0.0 0.014127 1.719848 -18.023152 -0.130354 0.010037 12.845295 105.0
116 8930.0 -0.086079 0.499384 0.0 0.013935 1.719848 -18.023152 -0.130354 0.010037 12.845295 105.0
117 8930.0 -0.077793 0.531768 0.0 4.3e-05 1.719848 -18.023152 -0.130354 0.010037 12.845295 105.0
118 8930.0 -0.064346 0.528104 0.0 0.001399 1.719848 -18.023152 -0.130354 0.010037 12.845295 105.0
119 8930.0 -0.078542 0.517531 0.0 0.006396 1.719848 -18.023152 -0.130354 0.010037 12.845295 105.0
120 8930.0 -0.082426 0.522542 0.0 0.004681 1.719848 -18.023152 -0.130354 0.010037 12.845295 105.0
121 8930.0 -0.076485 0.528737 0.0 0.001841 1.719848 -18.023152 -0.130354 0.010037 12.845295 105.0
122 8930.0 -0.086203 0.541974 0.0 -0.006659 1.719848 -18.023152 -0.130354 0.010037 12.845295 105.0
123 8930.0 -0.09132 0.53292 0.0 -0.00153 1.719848 -18.023152 -0.130354 0.010037 12.845295 105.0
124 8930.0 -0.077188 0.52091 0.0 0.004995 1.719848 -18.023152 -0.130354 0.010037 12.845295 105.0
125 8930.0 -0.046924 0.528351 0.0 0.000229 1.719848 -18.023152 -0.130354 0.010037 12.845295 105.0
126 8930.0 -0.041107 0.526723 0.0 0.000506 1.719848 -18.023152 -0.130354 0.010037 12.845295 105.0
127 8930.0 -0.053007 0.530351 0.0 -0.000176 1.719848 -18.023152 -0.130354 0.010037 12.845295 105.0
128 8930.0 -0.032247 0.512782 0.0 0.005395 1.719848 -18.023152 -0.130354 0.010037 12.845295 105.0
129 8930.0 -0.055491 0.504595 0.0 0.01002 1.719848 -18.023152 -0.130354 0.010037 12.845295 105.0
130 8930.0 -0.03571 0.529083 0.0 -0.000747 1.719848 -18.023152 -0.130354 0.010037 12.845295 105.0
131 8930.0 -0.031795 0.545776 0.0 -0.006144 1.719848 -18.023152 -0.130354 0.010037 12.845295 105.0
132 8930.0 -0.029349 0.538924 0.0 -0.004089 1.719848 -18.023152 -0.130354 0.010037 12.845295 105.0
133 8930.0 -0.045399 0.527704 0.0 0.000388 1.719848 -18.023152 -0.130354 0.010037 12.845295 105.0
134 8930.0 0.001845 0.537782 0.0 -0.004384 1.719848 -18.023152 -0.130354 0.010037 12.845295 105.0
135 8930.0 0.015298 0.544961 0.0 -0.006869 1.719848 -18.023152 -0.130354 0.010037 12.845295 105.0
136 8930.0 0.037639 0.537821 0.0 -0.005137 1.719848 -18.023152 -0.130354 0.010037 12.845295 105.0
137 8930.0 0.029681 0.523435 0.0 -0.00055 1.719848 -18.023152 -0.130354 0.010037 12.845295 105.0
138 8930.0 0.033198 0.548177 0.0 -0.008228 1.719848 -18.023152 -0.130354 0.010037 12.845295 105.0
139 8930.0 0.039063 0.58129 0.0 -0.008261 1.719848 -18.023152 -0.130354 0.010037 12.845295 105.0
140 8930.0 0.050319 0.543001 0.0 -0.006992 1.719848 -18.023152 -0.130354 0.010037 12.845295 105.0
141 8930.0 0.044398 0.539639 0.0 -0.005836 1.719848 -18.023152 -0.130354 0.010037 12.845295 105.0
142 8930.0 0.061903 0.531433 0.0 -0.003676 1.719848 -18.023152 -0.130354 0.010037 12.845295 105.0
143 8930.0 0.083068 0.526809 0.0 -0.002693 1.719848 -18.023152 -0.130354 0.010037 12.845295 105.0
144 8930.0 0.087318 0.527927 0.0 -0.002261 1.719848 -18.023152 -0.130354 0.010037 12.845295 105.0
145 8930.0 0.103205 0.525615 0.0 0.000203 1.719848 -18.023152 -0.130354 0.010037 12.845295 105.0
146 8930.0 0.117125 0.51215 0.0 0.001995 1.719848 -18.023152 -0.130354 0.010037 12.845295 105.0
147 8930.0 0.100117 0.523491 0.0 -0.000358 1.719848 -18.023152 -0.130354 0.010037 12.845295 105.0
148 8930.0 0.10244 0.513765 0.0 0.000915 1.719848 -18.023152 -0.130354 0.010037 12.845295 105.0
149 8930.0 0.109666 0.500541 0.0 0.00483 1.719848 -18.023152 -0.130354 0.010037 12.845295 105.0
150 8930.0 0.116119 0.476432 0.0 0.012982 1.719848 -18.023152 -0.130354 0.010037 12.845295 105.0
151 8930.0 0.123871 0.489923 0.0 0.00796 1.719848 -18.023152 -0.130354 0.010037 12.845295 105.0
152 8930.0 0.126 0.512279 0.0 0.003417 1.719848 -18.023152 -0.130354 0.010037 12.845295 105.0
153 8930.0 0.115269 0.509631 0.0 0.00192 1.719848 -18.023152 -0.130354 0.010037 12.845295 105.0
154 8930.0 0.122063 0.501955 0.0 0.004138 1.719848 -18.023152 -0.130354 0.010037 12.845295 105.0
155 8930.0 0.131472 0.531943 0.0 0.00492 1.719848 -18.023152 -0.130354 0.010037 12.845295 105.0
156 8930.0 0.140218 0.520224 0.0 0.005942 1.719848 -18.023152 -0.130354 0.010037 12.845295 105.0
157 8930.0 0.130584 0.532878 0.0 0.004808 1.719848 -18.023152 -0.130354 0.010037 12.845295 105.0
158 8930.0 0.124674 0.531052 0.0 0.003805 1.719848 -18.023152 -0.130354 0.010037 12.845295 105.0
159 8930.0 0.148716 0.515012 0.0 0.007132 1.719848 -18.023152 -0.130354 0.010037 12.845295 105.0
160 8930.0 0.155581 0.521938 0.0 0.00845 1.719848 -18.023152 -0.130354 0.010037 12.845295 105.0
161 8930.0 0.164013 0.517409 0.0 0.009652 1.719848 -18.023152 -0.130354 0.010037 12.845295 105.0
162 8930.0 0.172737 0.521681 0.0 0.011182 1.719848 -18.023152 -0.130354 0.010037 12.845295 105.0
163 8930.0 0.138 0.505039 0.0 0.005102 1.719848 -18.023152 -0.130354 0.010037 12.845295 105.0
164 8930.0 0.134616 0.492588 0.0 0.006865 1.719848 -18.023152 -0.130354 0.010037 12.845295 105.0
165 8930.0 0.131834 0.484026 0.0 0.010029 1.719848 -18.023152 -0.130354 0.010037 12.845295 105.0
166 8930.0 0.156473 0.493416 0.0 0.008305 1.719848 -18.023152 -0.130354 0.010037 12.845295 105.0
167 8930.0 0.16152 0.511695 0.0 0.009071 1.719848 -18.023152 -0.130354 0.010037 12.845295 105.0
168 8930.0 0.160782 0.512947 0.0 0.008993 1.719848 -18.023152 -0.130354 0.010037 12.845295 105.0
169 8930.0 0.156018 0.499764 0.0 0.007811 1.719848 -18.023152 -0.130354 0.010037 12.845295 105.0
170 8930.0 0.195475 0.493634 0.0 0.015379 1.719848 -18.023152 -0.130354 0.010037 12.845295 105.0
171 8930.0 0.191587 0.492914 0.0 0.014746 1.719848 -18.023152 -0.130354 0.010037 12.845295 105.0
172 8930.0 0.21459 0.495228 0.0 0.018691 1.719848 -18.023152 -0.130354 0.010037 12.845295 105.0
173 8930.0 0.206379 0.497948 0.0 0.016914 1.719848 -18.023152 -0.130354 0.010037 12.845295 105.0
174 8930.0 0.219093 0.514473 0.0 0.027133 1.719848 -18.023152 -0.130354 0.010037 12.845295 105.0
175 8930.0 0.235756 0.519248 0.0 0.041723 1.719848 -18.023152 -0.130354 0.010037 12.845295 105.0
176 8930.0 0.221582 0.498187 0.0 0.021534 1.719848 -18.023152 -0.130354 0.010037 12.845295 105.0
177 8930.0 0.239459 0.468298 0.0 0.026019 1.719848 -18.023152 -0.130354 0.010037 12.845295 105.0
178 8930.0 0.255178 0.478752 0.0 0.038609 1.719848 -18.023152 -0.130354 0.010037 12.845295 105.0
179 8930.0 0.236952 0.447365 0.0 0.027741 1.719848 -18.023152 -0.130354 0.010037 12.845295 105.0
180 8930.0 0.263551 0.471497 0.0 0.041887 1.719848 -18.023152 -0.130354 0.010037 12.845295 105.0
181 8930.0 0.267091 0.484094 0.0 0.049621 1.719848 -18.023152 -0.130354 0.010037 12.845295 105.0
182 8930.0 0.271379 0.485126 0.0 0.053224 1.719848 -18.023152 -0.130354 0.010037 12.845295 105.0
183 8930.0 0.272563 0.496835 0.0 0.058849 1.719848 -18.023152 -0.130354 0.010037 12.845295 105.0
184 8930.0 0.280578 0.516051 0.0 0.07259 1.719848 -18.023152 -0.130354 0.010037 12.845295 105.0
185 8930.0 0.282809 0.513715 0.0 0.073301 1.719848 -18.023152 -0.130354 0.010037 12.845295 105.0
186 8930.0 0.28864 0.506178 0.0 0.074576 1.719848 -18.023152 -0.130354 0.010037 12.845295 105.0
187 8930.0 0.297512 0.478399 0.0 0.069907 1.719848 -18.023152 -0.130354 0.010037 12.845295 105.0
188 8930.0 0.319486 0.500074 0.0 0.095012 1.719848 -18.023152 -0.130354 0.010037 12.845295 105.0
189 8930.0 0.324696 0.508735 0.0 0.102392 1.719848 -18.023152 -0.130354 0.010037 12.845295 105.0
190 8930.0 0.349245 0.496822 0.0 0.115796 1.719848 -18.023152 -0.130354 0.010037 12.845295 105.0
191 8930.0 0.363724 0.53862 0.0 0.144404 1.719848 -18.023152 -0.130354 0.010037 12.845295 105.0
192 8930.0 0.372459 0.556331 0.0 0.160439 1.719848 -18.023152 -0.130354 0.010037 12.845295 105.0
193 8930.0 0.371945 0.544404 0.0 0.153459 1.719848 -18.023152 -0.130354 0.010037 12.845295 105.0
194 8930.0 0.378106 0.570986 0.0 0.172662 1.719848 -18.023152 -0.130354 0.010037 12.845295 105.0
195 8930.0 0.428924 0.551904 0.0 0.201768 1.719848 -18.023152 -0.130354 0.010037 12.845295 105.0
196 8930.0 0.436886 0.571276 0.0 0.222338 1.719848 -18.023152 -0.130354 0.010037 12.845295 105.0
197 8930.0 0.437742 0.544574 0.0 0.204069 1.719848 -18.023152 -0.130354 0.010037 12.845295 105.0
198 8930.0 0.463696 0.548799 0.0 0.229198 1.719848 -18.023152 -0.130354 0.010037 12.845295 105.0
199 8930.0 0.490433 0.545703 0.0 0.250729 1.719848 -18.023152 -0.130354 0.010037 12.845295 105.0
200 8930.0 0.517724 0.545787 0.0 0.274647 1.719848 -18.023152 -0.130354 0.010037 12.845295 105.0
201 8930.0 0.511843 0.547115 0.0 0.270267 1.719848 -18.023152 -0.130354 0.010037 12.845295 105.0
202 8930.0 0.534548 0.545783 0.0 0.28936 1.719848 -18.023152 -0.130354 0.010037 12.845295 105.0
203 8930.0 0.537592 0.536222 0.0 0.286521 1.719848 -18.023152 -0.130354 0.010037 12.845295 105.0
204 8930.0 0.533795 0.513579 0.0 0.270194 1.719848 -18.023152 -0.130354 0.010037 12.845295 105.0
205 8930.0 0.535176 0.512741 0.0 0.270927 1.719848 -18.023152 -0.130354 0.010037 12.845295 105.0
206 8930.0 0.537032 0.528849 0.0 0.281788 1.719848 -18.023152 -0.130354 0.010037 12.845295 105.0
207 8930.0 0.529679 0.520248 0.0 0.270407 1.719848 -18.023152 -0.130354 0.010037 12.845295 105.0
208 8930.0 0.541311 0.544887 0.0 0.29476 1.719848 -18.023152 -0.130354 0.010037 12.845295 105.0
209 8930.0 0.558847 0.56058 0.0 0.319129 1.719848 -18.023152 -0.130354 0.010037 12.845295 105.0
210 8930.0 0.564217 0.563658 0.0 0.325597 1.719848 -18.023152 -0.130354 0.010037 12.845295 105.0
211 8930.0 0.544847 0.592757 0.0 0.329649 1.719848 -18.023152 -0.130354 0.010037 12.845295 105.0
212 8930.0 0.564021 0.556074 0.0 0.321061 1.719848 -18.023152 -0.130354 0.010037 12.845295 105.0
213 8930.0 0.582533 0.578072 0.0 0.351324 1.719848 -18.023152 -0.130354 0.010037 12.845295 105.0
214 8930.0 0.579265 0.593484 0.0 0.359504 1.719848 -18.023152 -0.130354 0.010037 12.845295 105.0
215 8930.0 0.582283 0.587992 0.0 0.358169 1.719848 -18.023152 -0.130354 0.010037 12.845295 105.0
216 8930.0 0.609228 0.572005 0.0 0.369769 1.719848 -18.023152 -0.130354 0.010037 12.845295 105.0
217 8930.0 0.607807 0.577697 0.0 0.372601 1.719848 -18.023152 -0.130354 0.010037 12.845295 105.0
218 8930.0 0.639285 0.604269 0.0 0.418339 1.719848 -18.023152 -0.130354 0.010037 12.845295 105.0
219 8930.0 0.665343 0.606083 0.0 0.441842 1.719848 -18.023152 -0.130354 0.010037 12.845295 105.0
220 8930.0 0.655741 0.631575 0.0 0.451796 1.719848 -18.023152 -0.130354 0.010037 12.845295 105.0
221 8930.0 0.645171 0.630751 0.0 0.442199 1.719848 -18.023152 -0.130354 0.010037 12.845295 105.0
222 8930.0 0.673167 0.642891 0.0 0.4747 1.719848 -18.023152 -0.130354 0.010037 12.845295 105.0
223 8930.0 0.667193 0.645325 0.0 0.471341 1.719848 -18.023152 -0.130354 0.010037 12.845295 105.0
224 8930.0 0.676654 0.66088 0.0 0.490472 1.719848 -18.023152 -0.130354 0.010037 12.845295 105.0
225 8930.0 0.655552 0.669639 0.0 0.478716 1.719848 -18.023152 -0.130354 0.010037 12.845295 105.0
226 8930.0 0.667076 0.650287 0.0 0.474771 1.719848 -18.023152 -0.130354 0.010037 12.845295 105.0
227 8930.0 0.692699 0.659688 0.0 0.503301 1.719848 -18.023152 -0.130354 0.010037 12.845295 105.0
228 8930.0 0.683449 0.668259 0.0 0.501515 1.719848 -18.023152 -0.130354 0.010037 12.845295 105.0
229 8930.0 0.670352 0.679548 0.0 0.498384 1.719848 -18.023152 -0.130354 0.010037 12.845295 105.0
230 8930.0 0.669585 0.674734 0.0 0.494304 1.719848 -18.023152 -0.130354 0.010037 12.845295 105.0
231 8930.0 0.695531 0.661126 0.0 0.506739 1.719848 -18.023152 -0.130354 0.010037 12.845295 105.0
232 8930.0 0.709896 0.687492 0.0 0.537743 1.719848 -18.023152 -0.130354 0.010037 12.845295 105.0
233 8930.0 0.706102 0.663472 0.0 0.517419 1.719848 -18.023152 -0.130354 0.010037 12.845295 105.0
234 8930.0 0.692952 0.668288 0.0 0.509635 1.719848 -18.023152 -0.130354 0.010037 12.845295 105.0
235 8930.0 0.733103 0.659525 0.0 0.537626 1.719848 -18.023152 -0.130354 0.010037 12.845295 105.0
236 8930.0 0.73399 0.667243 0.0 0.543873 1.719848 -18.023152 -0.130354 0.010037 12.845295 105.0
237 8930.0 0.694417 0.665705 0.0 0.509047 1.719848 -18.023152 -0.130354 0.010037 12.845295 105.0
238 8930.0 0.711015 0.644212 0.0 0.507902 1.719848 -18.023152 -0.130354 0.010037 12.845295 105.0
239 8930.0 0.715449 0.670212 0.0 0.530182 1.719848 -18.023152 -0.130354 0.010037 12.845295 105.0
240 8930.0 0.727672 0.694176 0.0 0.557651 1.719848 -18.023152 -0.130354 0.010037 12.845295 105.0
241 8930.0 0.719471 0.726125 0.0 0.573393 1.719848 -18.023152 -0.130354 0.010037 12.845295 105.0
242 8930.0 0.69809 0.699253 0.0 0.536048 1.719848 -18.023152 -0.130354 0.010037 12.845295 105.0
243 8930.0 0.69078 0.691195 0.0 0.524082 1.719848 -18.023152 -0.130354 0.010037 12.845295 105.0
244 8930.0 0.683119 0.68681 0.0 0.514432 1.719848 -18.023152 -0.130354 0.010037 12.845295 105.0
245 8930.0 0.708364 0.686751 0.0 0.53591 1.719848 -18.023152 -0.130354 0.010037 12.845295 105.0
246 8930.0 0.709272 0.683406 0.0 0.534304 1.719848 -18.023152 -0.130354 0.010037 12.845295 105.0
247 8930.0 0.722711 0.68939 0.0 0.550017 1.719848 -18.023152 -0.130354 0.010037 12.845295 105.0
248 8930.0 0.717152 0.712828 0.0 0.561954 1.719848 -18.023152 -0.130354 0.010037 12.845295 105.0
249 8930.0 0.723122 0.725889 0.0 0.576337 1.719848 -18.023152 -0.130354 0.010037 12.845295 105.0
250 8930.0 0.713154 0.725358 0.0 0.567462 1.719848 -18.023152 -0.130354 0.010037 12.845295 105.0
251 8930.0 0.709694 0.727745 0.0 0.566211 1.719848 -18.023152 -0.130354 0.010037 12.845295 105.0
252 8930.0 0.731826 0.734659 0.0 0.589996 1.719848 -18.023152 -0.130354 0.010037 12.845295 105.0
253 8930.0 0.709218 0.760898 0.0 0.589394 1.719848 -18.023152 -0.130354 0.010037 12.845295 105.0
254 8930.0 0.750955 0.753247 0.0 0.619598 1.719848 -18.023152 -0.130354 0.010037 12.845295 105.0
255 8930.0 0.753735 0.775508 0.0 0.638349 1.719848 -18.023152 -0.130354 0.010037 12.845295 105.0
256 8930.0 0.755843 0.752921 0.0 0.62361 1.719848 -18.023152 -0.130354 0.010037 12.845295 105.0
257 8930.0 0.787036 0.743846 0.0 0.644085 1.719848 -18.023152 -0.130354 0.010037 12.845295 105.0
258 8930.0 0.816358 0.732063 0.0 0.660945 1.719848 -18.023152 -0.130354 0.010037 12.845295 105.0
259 8930.0 0.824382 0.745541 0.0 0.677814 1.719848 -18.023152 -0.130354 0.010037 12.845295 105.0
260 8930.0 0.841304 0.748011 0.0 0.694346 1.719848 -18.023152 -0.130354 0.010037 12.845295 105.0
261 8930.0 0.826758 0.765673 0.0 0.694652 1.719848 -18.023152 -0.130354 0.010037 12.845295 105.0
262 8930.0 0.84968 0.775303 0.0 0.721656 1.719848 -18.023152 -0.130354 0.010037 12.845295 105.0
263 8930.0 0.849479 0.777111 0.0 0.722808 1.719848 -18.023152 -0.130354 0.010037 12.845295 105.0
264 8930.0 0.843167 0.803926 0.0 0.736993 1.719848 -18.023152 -0.130354 0.010037 12.845295 105.0
265 8930.0 0.858925 0.810168 0.0 0.755279 1.719848 -18.023152 -0.130354 0.010037 12.845295 105.0
266 8930.0 0.83755 0.820967 0.0 0.74461 1.719848 -18.023152 -0.130354 0.010037 12.845295 105.0
267 8930.0 0.807506 0.832006 0.0 0.726576 1.719848 -18.023152 -0.130354 0.010037 12.845295 105.0
268 8930.0 0.832378 0.848355 0.0 0.760206 1.719848 -18.023152 -0.130354 0.010037 12.845295 105.0
269 8930.0 0.807661 0.858729 0.0 0.746318 1.719848 -18.023152 -0.130354 0.010037 12.845295 105.0
270 8930.0 0.814366 0.852416 0.0 0.747518 1.719848 -18.023152 -0.130354 0.010037 12.845295 105.0
271 8930.0 0.805551 0.887437 0.0 0.765546 1.719848 -18.023152 -0.130354 0.010037 12.845295 105.0
272 8930.0 0.841513 0.925441 0.0 0.824712 1.719848 -18.023152 -0.130354 0.010037 12.845295 105.0
273 8930.0 0.859702 0.947337 0.0 0.856542 1.719848 -18.023152 -0.130354 0.010037 12.845295 105.0
274 8930.0 0.869143 0.940539 0.0 0.859765 1.719848 -18.023152 -0.130354 0.010037 12.845295 105.0
275 8930.0 0.870171 0.957252 0.0 0.872595 1.719848 -18.023152 -0.130354 0.010037 12.845295 105.0
276 8930.0 0.858567 0.970749 0.0 0.872308 1.719848 -18.023152 -0.130354 0.010037 12.845295 105.0
277 8930.0 0.89088 0.979959 0.0 0.906381 1.719848 -18.023152 -0.130354 0.010037 12.845295 105.0
278 8930.0 0.903051 0.993483 0.0 0.92154 1.719848 -18.023152 -0.130354 0.010037 12.845295 105.0
279 8930.0 0.896397 1.008172 0.0 0.918175 1.719848 -18.023152 -0.130354 0.010037 12.845295 105.0
280 8930.0 0.936724 1.016027 0.0 0.943399 1.719848 -18.023152 -0.130354 0.010037 12.845295 105.0
281 8930.0 0.942875 1.030329 0.0 0.946172 1.719848 -18.023152 -0.130354 0.010037 12.845295 105.0
282 8930.0 0.908995 1.052508 0.0 0.929287 1.719848 -18.023152 -0.130354 0.010037 12.845295 105.0
283 8930.0 0.911935 1.057484 0.0 0.931864 1.719848 -18.023152 -0.130354 0.010037 12.845295 105.0
284 8930.0 0.930069 1.065395 0.0 0.941523 1.719848 -18.023152 -0.130354 0.010037 12.845295 105.0
285 8930.0 0.956548 1.075405 0.0 0.952977 1.719848 -18.023152 -0.130354 0.010037 12.845295 105.0
286 8930.0 0.928908 1.089942 0.0 0.941578 1.719848 -18.023152 -0.130354 0.010037 12.845295 105.0
287 8930.0 0.934137 1.066689 0.0 0.943277 1.719848 -18.023152 -0.130354 0.010037 12.845295 105.0
