 time p.x p.y p.z deep.node-0 CV opes.bias opes.rct opes.zed opes.neff opes.nker
0 800.0 0.573459 0.605922 0.0 0.363405 -0.360377 -3.047377 0.002698 0.015408 8.642242 41.0
1 800.0 0.554833 0.585179 0.0 0.332769 -0.360377 -3.047377 0.002698 0.015408 8.642242 41.0
2 800.0 0.541419 0.576178 0.0 0.31493 -0.360377 -3.047377 0.002698 0.015408 8.642242 41.0
3 800.0 0.544605 0.557004 0.0 0.304614 -0.360377 -3.047377 0.002698 0.015408 8.642242 41.0
4 800.0 0.541163 0.534995 0.0 0.288937 -0.360377 -3.047377 0.002698 0.015408 8.642242 41.0
5 800.0 0.518669 0.535901 0.0 0.269785 -0.360377 -3.047377 0.002698 0.015408 8.642242 41.0
6 800.0 0.510036 0.531989 0.0 0.259983 -0.360377 -3.047377 0.002698 0.015408 8.642242 41.0
7 800.0 0.507833 0.521763 0.0 0.252171 -0.360377 -3.047377 0.002698 0.015408 8.642242 41.0
8 800.0 0.5099 0.517789 0.0 0.25172 -0.360377 -3.047377 0.002698 0.015408 8.642242 41.0
9 800.0 0.4944 0.538944 0.0 0.250309 -0.360377 -3.047377 0.002698 0.015408 8.642242 41.0
10 800.0 0.485739 0.507191 0.0 0.2247 -0.360377 -3.047377 0.002698 0.015408 8.642242 41.0
11 800.0 0.472153 0.497894 0.0 0.207633 -0.360377 -3.047377 0.002698 0.015408 8.642242 41.0
12 800.0 0.431826 0.5043 0.0 0.18016 -0.360377 -3.047377 0.002698 0.015408 8.642242 41.0
13 800.0 0.427063 0.511895 0.0 0.179701 -0.360377 -3.047377 0.002698 0.015408 8.642242 41.0
14 800.0 0.412166 0.515043 0.0 0.169912 -0.360377 -3.047377 0.002698 0.015408 8.642242 41.0
15 800.0 0.415311 0.529285 0.0 0.178021 -0.360377 -3.047377 0.002698 0.015408 8.642242 41.0
16 800.0 0.427421 0.532744 0.0 0.188417 -0.360377 -3.047377 0.002698 0.015408 8.642242 41.0
17 800.0 0.421101 0.563309 0.0 0.203214 -0.360377 -3.047377 0.002698 0.015408 8.642242 41.0
18 800.0 0.419338 0.55789 0.0 0.197856 -0.360377 -3.047377 0.002698 0.015408 8.642242 41.0
19 800.0 0.371768 0.550757 0.0 0.156844 -0.360377 -3.047377 0.002698 0.015408 8.642242 41.0
20 800.0 0.369504 0.562271 0.0 0.161602 -0.360377 -3.047377 0.002698 0.015408 8.642242 41.0
21 800.0 0.375599 0.543356 0.0 0.155524 -0.360377 -3.047377 0.002698 0.015408 8.642242 41.0
22 800.0 0.364914 0.546107 0.0 0.149315 -0.360377 -3.047377 0.002698 0.015408 8.642242 41.0
23 800.0 0.347769 0.511049 0.0 0.120466 -0.360377 -3.047377 0.002698 0.015408 8.642242 41.0
24 800.0 0.340205 0.506791 0.0 0.113123 -0.360377 -3.047377 0.002698 0.015408 8.642242 41.0
25 800.0 0.324765 0.515042 0.0 0.105 -0.360377 -3.047377 0.002698 0.015408 8.642242 41.0
26 800.0 0.298286 0.534389 0.0 0.094969 -0.360377 -3.047377 0.002698 0.015408 8.642242 41.0
27 800.0 0.290837 0.52409 0.0 0.084028 -0.360377 -3.047377 0.002698 0.015408 8.642242 41.0
28 800.0 0.298735 0.519335 0.0 0.087407 -0.360377 -3.047377 0.002698 0.015408 8.642242 41.0
29 800.0 0.288208 0.516412 0.0 0.078403 -0.360377 -3.047377 0.002698 0.015408 8.642242 41.0
30 800.0 0.297072 0.500948 0.0 0.07872 -0.360377 -3.047377 0.002698 0.015408 8.642242 41.0
31 800.0 0.303746 0.500482 0.0 0.083488 -0.360377 -3.047377 0.002698 0.015408 8.642242 41.0
32 800.0 0.28243 0.522384 0.0 0.077047 -0.360377 -3.047377 0.002698 0.015408 8.642242 41.0
33 800.0 0.285111 0.527708 0.0 0.08186 -0.360377 -3.047377 0.002698 0.015408 8.642242 41.0
34 800.0 0.275347 0.521889 0.0 0.071676 -0.360377 -3.047377 0.002698 0.015408 8.642242 41.0
35 800.0 0.266332 0.534204 0.0 0.071848 -0.360377 -3.047377 0.002698 0.015408 8.642242 41.0
36 800.0 0.274673 0.510132 0.0 0.065806 -0.360377 -3.047377 0.002698 0.015408 8.642242 41.0
37 800.0 0.268916 0.519903 0.0 0.065968 -0.360377 -3.047377 0.002698 0.015408 8.642242 41.0
38 800.0 0.248952 0.523072 0.0 0.053301 -0.360377 -3.047377 0.002698 0.015408 8.642242 41.0
39 800.0 0.223557 0.531442 0.0 0.039535 -0.360377 -3.047377 0.002698 0.015408 8.642242 41.0
40 800.0 0.211405 0.527925 0.0 0.028877 -0.360377 -3.047377 0.002698 0.015408 8.642242 41.0
41 800.0 0.198667 0.510419 0.0 0.014963 -0.360377 -3.047377 0.002698 0.015408 8.642242 41.0
42 800.0 0.219629 0.514545 0.0 0.027558 -0.360377 -3.047377 0.002698 0.015408 8.642242 41.0
43 800.0 0.22277 0.513591 0.0 0.029304 -0.360377 -3.047377 0.002698 0.015408 8.642242 41.0
44 800.0 0.222514 0.497749 0.0 0.022049 -0.360377 -3.047377 0.002698 0.015408 8.642242 41.0
45 800.0 0.220945 0.501817 0.0 0.022532 -0.360377 -3.047377 0.002698 0.015408 8.642242 41.0
46 800.0 0.207595 0.496602 0.0 0.017275 -0.360377 -3.047377 0.002698 0.015408 8.642242 41.0
47 800.0 0.208419 0.520681 0.0 0.022804 -0.360377 -3.047377 0.002698 0.015408 8.642242 41.0
48 800.0 0.208605 0.541654 0.0 0.034292 -0.360377 -3.047377 0.002698 0.015408 8.642242 41.0
49 800.0 0.187179 0.526394 0.0 0.013639 -0.360377 -3.047377 0.002698 0.015408 8.642242 41.0
50 800.0 0.174527 0.515308 0.0 0.011264 -0.360377 -3.047377 0.002698 0.015408 8.642242 41.0
51 800.0 0.150328 0.530788 0.0 0.007894 -0.360377 -3.047377 0.002698 0.015408 8.642242 41.0
52 800.0 0.145379 0.514323 0.0 0.006577 -0.360377 -3.047377 0.002698 0.015408 8.642242 41.0
53 800.0 0.138415 0.512568 0.0 0.005409 -0.360377 -3.047377 0.002698 0.015408 8.642242 41.0
54 800.0 0.106267 0.500624 0.0 0.004875 -0.360377 -3.047377 0.002698 0.015408 8.642242 41.0
55 800.0 0.089773 0.510586 0.0 0.002154 -0.360377 -3.047377 0.002698 0.015408 8.642242 41.0
56 800.0 0.082494 0.499405 0.0 0.005742 -0.360377 -3.047377 0.002698 0.015408 8.642242 41.0
57 800.0 0.072594 0.475094 0.0 0.014169 -0.360377 -3.047377 0.002698 0.015408 8.642242 41.0
58 800.0 0.050012 0.47958 0.0 0.013332 -0.360377 -3.047377 0.002698 0.015408 8.642242 41.0
59 800.0 0.050883 0.494342 0.0 0.007953 -0.360377 -3.047377 0.002698 0.015408 8.642242 41.0
60 800.0 0.053162 0.513548 0.0 0.002002 -0.360377 -3.047377 0.002698 0.015408 8.642242 41.0
61 800.0 0.029109 0.530803 0.0 -0.002803 -0.360377 -3.047377 0.002698 0.015408 8.642242 41.0
62 800.0 0.002505 0.551403 0.0 -0.008584 -0.360377 -3.047377 0.002698 0.015408 8.642242 41.0
63 800.0 0.003007 0.533174 0.0 -0.002991 -0.360377 -3.047377 0.002698 0.015408 8.642242 41.0
64 800.0 0.00755 0.540276 0.0 -0.005269 -0.360377 -3.047377 0.002698 0.015408 8.642242 41.0
65 800.0 -0.009888 0.519655 0.0 0.001431 -0.360377 -3.047377 0.002698 0.015408 8.642242 41.0
66 800.0 0.004781 0.527275 0.0 -0.001215 -0.360377 -3.047377 0.002698 0.015408 8.642242 41.0
67 800.0 0.000679 0.523598 0.0 0.0 -0.360377 -3.047377 0.002698 0.015408 8.642242 41.0
68 800.0 0.030751 0.523333 0.0 -0.000541 -0.360377 -3.047377 0.002698 0.015408 8.642242 41.0
69 800.0 0.033758 0.484851 0.0 0.01222 -0.360377 -3.047377 0.002698 0.015408 8.642242 41.0
70 800.0 0.043288 0.496093 0.0 0.007572 -0.360377 -3.047377 0.002698 0.015408 8.642242 41.0
71 800.0 0.012634 0.532272 0.0 -0.002914 -0.360377 -3.047377 0.002698 0.015408 8.642242 41.0
72 800.0 0.033189 0.51462 0.0 0.002086 -0.360377 -3.047377 0.002698 0.015408 8.642242 41.0
73 800.0 0.029192 0.50124 0.0 0.006282 -0.360377 -3.047377 0.002698 0.015408 8.642242 41.0
74 800.0 0.033404 0.514687 0.0 0.002061 -0.360377 -3.047377 0.002698 0.015408 8.642242 41.0
75 800.0 0.01906 0.511907 0.0 0.003213 -0.360377 -3.047377 0.002698 0.015408 8.642242 41.0
76 800.0 0.019938 0.511741 0.0 0.003246 -0.360377 -3.047377 0.002698 0.015408 8.642242 41.0
77 800.0 0.02004 0.497731 0.0 0.008043 -0.360377 -3.047377 0.002698 0.015408 8.642242 41.0
78 800.0 0.018447 0.511391 0.0 0.003384 -0.360377 -3.047377 0.002698 0.015408 8.642242 41.0
79 800.0 -0.002542 0.504623 0.0 0.006747 -0.360377 -3.047377 0.002698 0.015408 8.642242 41.0
80 800.0 -0.017765 0.522976 0.0 0.000573 -0.360377 -3.047377 0.002698 0.015408 8.642242 41.0
81 800.0 -0.014921 0.543922 0.0 -0.005924 -0.360377 -3.047377 0.002698 0.015408 8.642242 41.0
82 800.0 -0.001898 0.51489 0.0 0.00273 -0.360377 -3.047377 0.002698 0.015408 8.642242 41.0
83 800.0 -0.003727 0.504015 0.0 0.007057 -0.360377 -3.047377 0.002698 0.015408 8.642242 41.0
84 800.0 0.000518 0.531955 0.0 -0.002565 -0.360377 -3.047377 0.002698 0.015408 8.642242 41.0
85 800.0 0.004698 0.550882 0.0 -0.008469 -0.360377 -3.047377 0.002698 0.015408 8.642242 41.0
86 800.0 -0.001043 0.553806 0.0 -0.009249 -0.360377 -3.047377 0.002698 0.015408 8.642242 41.0
87 800.0 0.009859 0.544595 0.0 -0.006644 -0.360377 -3.047377 0.002698 0.015408 8.642242 41.0
88 800.0 0.006579 0.52495 0.0 -0.000538 -0.360377 -3.047377 0.002698 0.015408 8.642242 41.0
89 800.0 0.004692 0.505745 0.0 0.005864 -0.360377 -3.047377 0.002698 0.015408 8.642242 41.0
90 800.0 0.010374 0.486243 0.0 0.013117 -0.360377 -3.047377 0.002698 0.015408 8.642242 41.0
91 800.0 0.010567 0.485046 0.0 0.013572 -0.360377 -3.047377 0.002698 0.015408 8.642242 41.0
92 800.0 0.028268 0.489803 0.0 0.010627 -0.360377 -3.047377 0.002698 0.015408 8.642242 41.0
93 800.0 0.036528 0.488594 0.0 0.010589 -0.360377 -3.047377 0.002698 0.015408 8.642242 41.0
94 800.0 0.028355 0.496076 0.0 0.008176 -0.360377 -3.047377 0.002698 0.015408 8.642242 41.0
95 800.0 0.028654 0.50102 0.0 0.00636 -0.360377 -3.047377 0.002698 0.015408 8.642242 41.0
96 800.0 0.021003 0.504134 0.0 0.005562 -0.360377 -3.047377 0.002698 0.015408 8.642242 41.0
97 800.0 0.022728 0.497026 0.0 0.008152 -0.360377 -3.047377 0.002698 0.015408 8.642242 41.0
98 800.0 0.0089 0.492327 0.0 0.010836 -0.360377 -3.047377 0.002698 0.015408 8.642242 41.0
99 800.0 0.022719 0.482671 0.0 0.013749 -0.360377 -3.047377 0.002698 0.015408 8.642242 41.0
100 800.0 0.003737 0.513888 0.0 0.002921 -0.360377 -3.047377 0.002698 0.015408 8.642242 41.0
101 800.0 -0.003393 0.531521 0.0 -0.002351 -0.360377 -3.047377 0.002698 0.015408 8.642242 41.0
102 800.0 -0.003657 0.549681 0.0 -0.007927 -0.360377 -3.047377 0.002698 0.015408 8.642242 41.0
103 800.0 -0.013413 0.524369 0.0 5.5e-05 -0.360377 -3.047377 0.002698 0.015408 8.642242 41.0
104 800.0 -0.027188 0.529399 0.0 -0.001206 -0.360377 -3.047377 0.002698 0.015408 8.642242 41.0
105 800.0 -0.056171 0.540705 0.0 -0.004018 -0.360377 -3.047377 0.002698 0.015408 8.642242 41.0
106 800.0 -0.038596 0.506316 0.0 0.008307 -0.360377 -3.047377 0.002698 0.015408 8.642242 41.0
107 800.0 -0.045379 0.496586 0.0 0.012519 -0.360377 -3.047377 0.002698 0.015408 8.642242 41.0
108 800.0 -0.042033 0.487568 0.0 0.015829 -0.360377 -3.047377 0.002698 0.015408 8.642242 41.0
109 800.0 -0.028865 0.495592 0.0 0.011889 -0.360377 -3.047377 0.002698 0.015408 8.642242 41.0
110 800.0 -0.042827 0.493002 0.0 0.013759 -0.360377 -3.047377 0.002698 0.015408 8.642242 41.0
111 800.0 -0.055559 0.518726 0.0 0.004514 -0.360377 -3.047377 0.002698 0.015408 8.642242 41.0
112 800.0 -0.066182 0.527894 0.0 0.001594 -0.360377 -3.047377 0.002698 0.015408 8.642242 41.0
113 800.0 -0.07615 0.532632 0.0 -0.00035 -0.360377 -3.047377 0.002698 0.015408 8.642242 41.0
114 800.0 -0.101234 0.551581 0.0 -0.016518 -0.360377 -3.047377 0.002698 0.015408 8.642242 41.0
115 800.0 -0.0827 0.542968 0.0 -0.006641 -0.360377 -3.047377 0.002698 0.015408 8.642242 41.0
116 800.0 -0.087848 0.539528 0.0 -0.005325 -0.360377 -3.047377 0.002698 0.015408 8.642242 41.0
117 800.0 -0.101878 0.519171 0.0 0.005708 -0.360377 -3.047377 0.002698 0.015408 8.642242 41.0
118 800.0 -0.107831 0.496647 0.0 0.016342 -0.360377 -3.047377 0.002698 0.015408 8.642242 41.0
119 800.0 -0.083914 0.510322 0.0 0.009537 -0.360377 -3.047377 0.002698 0.015408 8.642242 41.0
120 800.0 -0.086077 0.483238 0.0 0.020231 -0.360377 -3.047377 0.002698 0.015408 8.642242 41.0
121 800.0 -0.092809 0.494505 0.0 0.016252 -0.360377 -3.047377 0.002698 0.015408 8.642242 41.0
122 800.0 -0.105635 0.498404 0.0 0.015522 -0.360377 -3.047377 0.002698 0.015408 8.642242 41.0
123 800.0 -0.116755 0.510464 0.0 0.008673 -0.360377 -3.047377 0.002698 0.015408 8.642242 41.0
124 800.0 -0.104082 0.523552 0.0 0.002301 -0.360377 -3.047377 0.002698 0.015408 8.642242 41.0
125 800.0 -0.093347 0.546305 0.0 -0.011006 -0.360377 -3.047377 0.002698 0.015408 8.642242 41.0
126 800.0 -0.078275 0.54471 0.0 -0.007331 -0.360377 -3.047377 0.002698 0.015408 8.642242 41.0
127 800.0 -0.076877 0.531941 0.0 -1e-06 -0.360377 -3.047377 0.002698 0.015408 8.642242 41.0
128 800.0 -0.057302 0.535637 0.0 -0.001972 -0.360377 -3.047377 0.002698 0.015408 8.642242 41.0
129 800.0 -0.054228 0.515225 0.0 0.005797 -0.360377 -3.047377 0.002698 0.015408 8.642242 41.0
130 800.0 -0.067034 0.493724 0.0 0.014969 -0.360377 -3.047377 0.002698 0.015408 8.642242 41.0
131 800.0 -0.074653 0.525893 0.0 0.002896 -0.360377 -3.047377 0.002698 0.015408 8.642242 41.0
132 800.0 -0.045316 0.520902 0.0 0.003034 -0.360377 -3.047377 0.002698 0.015408 8.642242 41.0
133 800.0 -0.047192 0.514123 0.0 0.005793 -0.360377 -3.047377 0.002698 0.015408 8.642242 41.0
134 800.0 -0.03824 0.503854 0.0 0.009246 -0.360377 -3.047377 0.002698 0.015408 8.642242 41.0
135 800.0 -0.028562 0.523766 0.0 0.000886 -0.360377 -3.047377 0.002698 0.015408 8.642242 41.0
136 800.0 0.001988 0.508179 0.0 0.005081 -0.360377 -3.047377 0.002698 0.015408 8.642242 41.0
137 800.0 0.007989 0.54459 0.0 -0.006604 -0.360377 -3.047377 0.002698 0.015408 8.642242 41.0
138 800.0 0.000845 0.522784 0.0 0.000247 -0.360377 -3.047377 0.002698 0.015408 8.642242 41.0
139 800.0 0.003019 0.510715 0.0 0.004029 -0.360377 -3.047377 0.002698 0.015408 8.642242 41.0
140 800.0 -0.028025 0.531888 0.0 -0.001954 -0.360377 -3.047377 0.002698 0.015408 8.642242 41.0
141 800.0 -0.036096 0.538668 0.0 -0.00387 -0.360377 -3.047377 0.002698 0.015408 8.642242 41.0
142 800.0 -0.035616 0.535671 0.0 -0.002959 -0.360377 -3.047377 0.002698 0.015408 8.642242 41.0
143 800.0 -0.049442 0.518639 0.0 0.004171 -0.360377 -3.047377 0.002698 0.015408 8.642242 41.0
144 800.0 -0.039657 0.533712 0.0 -0.002273 -0.360377 -3.047377 0.002698 0.015408 8.642242 41.0
145 800.0 -0.027153 0.521292 0.0 0.001764 -0.360377 -3.047377 0.002698 0.015408 8.642242 41.0
146 800.0 -0.044543 0.529033 0.0 -0.000183 -0.360377 -3.047377 0.002698 0.015408 8.642242 41.0
147 800.0 -0.042758 0.53823 0.0 -0.003598 -0.360377 -3.047377 0.002698 0.015408 8.642242 41.0
148 800.0 -0.044661 0.53792 0.0 -0.003463 -0.360377 -3.047377 0.002698 0.015408 8.642242 41.0
149 800.0 -0.049804 0.524573 0.0 0.00188 -0.360377 -3.047377 0.002698 0.015408 8.642242 41.0
150 800.0 -0.060579 0.530005 0.0 0.000425 -0.360377 -3.047377 0.002698 0.015408 8.642242 41.0
151 800.0 -0.046348 0.515304 0.0 0.005281 -0.360377 -3.047377 0.002698 0.015408 8.642242 41.0
152 800.0 -0.044728 0.517297 0.0 0.004404 -0.360377 -3.047377 0.002698 0.015408 8.642242 41.0
153 800.0 -0.042355 0.539037 0.0 -0.003854 -0.360377 -3.047377 0.002698 0.015408 8.642242 41.0
154 800.0 -0.047261 0.527955 0.0 0.000405 -0.360377 -3.047377 0.002698 0.015408 8.642242 41.0
155 800.0 -0.04531 0.529124 0.0 -0.000171 -0.360377 -3.047377 0.002698 0.015408 8.642242 41.0
156 800.0 -0.036042 0.539922 0.0 -0.004257 -0.360377 -3.047377 0.002698 0.015408 8.642242 41.0
157 800.0 -0.02621 0.535973 0.0 -0.003247 -0.360377 -3.047377 0.002698 0.015408 8.642242 41.0
158 800.0 -0.033926 0.526839 0.0 1.8e-05 -0.360377 -3.047377 0.002698 0.015408 8.642242 41.0
159 800.0 -0.020739 0.521932 0.0 0.001119 -0.360377 -3.047377 0.002698 0.015408 8.642242 41.0
160 800.0 -0.032761 0.530487 0.0 -0.001425 -0.360377 -3.047377 0.002698 0.015408 8.642242 41.0
161 800.0 -0.037364 0.527764 0.0 -0.000131 -0.360377 -3.047377 0.002698 0.015408 8.642242 41.0
162 800.0 -0.05341 0.534445 0.0 -0.001747 -0.360377 -3.047377 0.002698 0.015408 8.642242 41.0
163 800.0 -0.043696 0.548253 0.0 -0.006659 -0.360377 -3.047377 0.002698 0.015408 8.642242 41.0
164 800.0 -0.053153 0.534031 0.0 -0.001602 -0.360377 -3.047377 0.002698 0.015408 8.642242 41.0
165 800.0 -0.034871 0.542871 0.0 -0.005188 -0.360377 -3.047377 0.002698 0.015408 8.642242 41.0
166 800.0 -0.016566 0.532256 0.0 -0.002304 -0.360377 -3.047377 0.002698 0.015408 8.642242 41.0
167 800.0 -0.00152 0.521634 0.0 0.000649 -0.360377 -3.047377 0.002698 0.015408 8.642242 41.0
168 800.0 0.007701 0.512597 0.0 0.003236 -0.360377 -3.047377 0.002698 0.015408 8.642242 41.0
169 800.0 0.028094 0.517564 0.0 0.001287 -0.360377 -3.047377 0.002698 0.015408 8.642242 41.0
170 800.0 0.004159 0.522813 0.0 0.000169 -0.360377 -3.047377 0.002698 0.015408 8.642242 41.0
171 800.0 0.012631 0.505486 0.0 0.005475 -0.360377 -3.047377 0.002698 0.015408 8.642242 41.0
172 800.0 5.3e-05 0.495641 0.0 0.010089 -0.360377 -3.047377 0.002698 0.015408 8.642242 41.0
173 800.0 -0.002167 0.499105 0.0 0.008875 -0.360377 -3.047377 0.002698 0.015408 8.642242 41.0
174 800.0 -0.01245 0.498507 0.0 0.009742 -0.360377 -3.047377 0.002698 0.015408 8.642242 41.0
175 800.0 -0.001831 0.5061 0.0 0.006127 -0.360377 -3.047377 0.002698 0.015408 8.642242 41.0
176 800.0 0.021927 0.488599 0.0 0.011487 -0.360377 -3.047377 0.002698 0.015408 8.642242 41.0
177 800.0 0.026812 0.49786 0.0 0.007575 -0.360377 -3.047377 0.002698 0.015408 8.642242 41.0
178 800.0 0.026007 0.492398 0.0 0.009754 -0.360377 -3.047377 0.002698 0.015408 8.642242 41.0
179 800.0 0.031482 0.483877 0.0 0.01274 -0.360377 -3.047377 0.002698 0.015408 8.642242 41.0
180 800.0 0.041693 0.499713 0.0 0.006492 -0.360377 -3.047377 0.002698 0.015408 8.642242 41.0
181 800.0 0.051636 0.51405 0.0 0.001879 -0.360377 -3.047377 0.002698 0.015408 8.642242 41.0
182 800.0 0.052374 0.533148 0.0 -0.004006 -0.360377 -3.047377 0.002698 0.015408 8.642242 41.0
183 800.0 0.074007 0.528054 0.0 -0.002888 -0.360377 -3.047377 0.002698 0.015408 8.642242 41.0
184 800.0 0.052356 0.534177 0.0 -0.004322 -0.360377 -3.047377 0.002698 0.015408 8.642242 41.0
185 800.0 0.049397 0.531707 0.0 -0.003502 -0.360377 -3.047377 0.002698 0.015408 8.642242 41.0
186 800.0 0.057617 0.506527 0.0 0.004068 -0.360377 -3.047377 0.002698 0.015408 8.642242 41.0
187 800.0 0.108785 0.508449 0.0 0.002417 -0.360377 -3.047377 0.002698 0.015408 8.642242 41.0
188 800.0 0.088372 0.501782 0.0 0.004889 -0.360377 -3.047377 0.002698 0.015408 8.642242 41.0
189 800.0 0.074256 0.504854 0.0 0.004237 -0.360377 -3.047377 0.002698 0.015408 8.642242 41.0
190 800.0 0.067355 0.511423 0.0 0.002361 -0.360377 -3.047377 0.002698 0.015408 8.642242 41.0
191 800.0 0.05736 0.509742 0.0 0.003085 -0.360377 -3.047377 0.002698 0.015408 8.642242 41.0
192 800.0 0.059515 0.512845 0.0 0.002087 -0.360377 -3.047377 0.002698 0.015408 8.642242 41.0
193 800.0 0.02684 0.483796 0.0 0.013057 -0.360377 -3.047377 0.002698 0.015408 8.642242 41.0
194 800.0 0.036241 0.491281 0.0 0.00956 -0.360377 -3.047377 0.002698 0.015408 8.642242 41.0
195 800.0 0.038807 0.480788 0.0 0.013493 -0.360377 -3.047377 0.002698 0.015408 8.642242 41.0
196 800.0 0.04564 0.492233 0.0 0.008709 -0.360377 -3.047377 0.002698 0.015408 8.642242 41.0
197 800.0 0.044464 0.491333 0.0 0.009033 -0.360377 -3.047377 0.002698 0.015408 8.642242 41.0
198 800.0 0.051467 0.497996 0.0 0.006817 -0.360377 -3.047377 0.002698 0.015408 8.642242 41.0
199 800.0 0.064283 0.504843 0.0 0.004447 -0.360377 -3.047377 0.002698 0.015408 8.642242 41.0
200 800.0 0.05907 0.520192 0.0 -0.000162 -0.360377 -3.047377 0.002698 0.015408 8.642242 41.0
201 800.0 0.041825 0.551797 0.0 -0.008763 -0.360377 -3.047377 0.002698 0.015408 8.642242 41.0
202 800.0 0.052384 0.522323 0.0 -0.000679 -0.360377 -3.047377 0.002698 0.015408 8.642242 41.0
203 800.0 0.058073 0.519331 0.0 0.000123 -0.360377 -3.047377 0.002698 0.015408 8.642242 41.0
204 800.0 0.056506 0.52484 0.0 -0.001538 -0.360377 -3.047377 0.002698 0.015408 8.642242 41.0
205 800.0 0.073983 0.513745 0.0 0.00151 -0.360377 -3.047377 0.002698 0.015408 8.642242 41.0
206 800.0 0.081641 0.511235 0.0 0.002123 -0.360377 -3.047377 0.002698 0.015408 8.642242 41.0
207 800.0 0.068055 0.542721 0.0 -0.004864 -0.360377 -3.047377 0.002698 0.015408 8.642242 41.0
208 800.0 0.067039 0.531756 0.0 -0.003882 -0.360377 -3.047377 0.002698 0.015408 8.642242 41.0
209 800.0 0.061662 0.551195 0.0 -0.005614 -0.360377 -3.047377 0.002698 0.015408 8.642242 41.0
210 800.0 0.056506 0.532312 0.0 -0.003835 -0.360377 -3.047377 0.002698 0.015408 8.642242 41.0
211 800.0 0.069842 0.528208 0.0 -0.002849 -0.360377 -3.047377 0.002698 0.015408 8.642242 41.0
212 800.0 0.062006 0.51961 0.0 -4.4e-05 -0.360377 -3.047377 0.002698 0.015408 8.642242 41.0
213 800.0 0.051079 0.54101 0.0 -0.006396 -0.360377 -3.047377 0.002698 0.015408 8.642242 41.0
214 800.0 0.022278 0.53929 0.0 -0.005271 -0.360377 -3.047377 0.002698 0.015408 8.642242 41.0
215 800.0 0.026194 0.529724 0.0 -0.002411 -0.360377 -3.047377 0.002698 0.015408 8.642242 41.0
216 800.0 0.019967 0.514552 0.0 0.002381 -0.360377 -3.047377 0.002698 0.015408 8.642242 41.0
217 800.0 0.000801 0.521662 0.0 0.000593 -0.360377 -3.047377 0.002698 0.015408 8.642242 41.0
218 800.0 -0.004616 0.526526 0.0 -0.00079 -0.360377 -3.047377 0.002698 0.015408 8.642242 41.0
219 800.0 -0.022303 0.53435 0.0 -0.002829 -0.360377 -3.047377 0.002698 0.015408 8.642242 41.0
220 800.0 -0.006972 0.536932 0.0 -0.00394 -0.360377 -3.047377 0.002698 0.015408 8.642242 41.0
221 800.0 0.01172 0.519839 0.0 0.000927 -0.360377 -3.047377 0.002698 0.015408 8.642242 41.0
222 800.0 0.02958 0.524112 0.0 -0.000757 -0.360377 -3.047377 0.002698 0.015408 8.642242 41.0
223 800.0 0.053586 0.5256 0.0 -0.001711 -0.360377 -3.047377 0.002698 0.015408 8.642242 41.0
224 800.0 0.049163 0.51722 0.0 0.000956 -0.360377 -3.047377 0.002698 0.015408 8.642242 41.0
225 800.0 0.02675 0.512415 0.0 0.002897 -0.360377 -3.047377 0.002698 0.015408 8.642242 41.0
226 800.0 0.018505 0.493472 0.0 0.009798 -0.360377 -3.047377 0.002698 0.015408 8.642242 41.0
227 800.0 0.014454 0.521727 0.0 0.00029 -0.360377 -3.047377 0.002698 0.015408 8.642242 41.0
228 800.0 0.0178 0.520731 0.0 0.000527 -0.360377 -3.047377 0.002698 0.015408 8.642242 41.0
229 800.0 0.022785 0.49918 0.0 0.007309 -0.360377 -3.047377 0.002698 0.015408 8.642242 41.0
230 800.0 0.032069 0.499144 0.0 0.006866 -0.360377 -3.047377 0.002698 0.015408 8.642242 41.0
231 800.0 0.067475 0.491602 0.0 0.008451 -0.360377 -3.047377 0.002698 0.015408 8.642242 41.0
232 800.0 0.082403 0.480901 0.0 0.011723 -0.360377 -3.047377 0.002698 0.015408 8.642242 41.0
233 800.0 0.084384 0.485754 0.0 0.009925 -0.360377 -3.047377 0.002698 0.015408 8.642242 41.0
234 800.0 0.102145 0.495223 0.0 0.00662 -0.360377 -3.047377 0.002698 0.015408 8.642242 41.0
235 800.0 0.122577 0.494095 0.0 0.006544 -0.360377 -3.047377 0.002698 0.015408 8.642242 41.0
236 800.0 0.121707 0.465842 0.0 0.016795 -0.360377 -3.047377 0.002698 0.015408 8.642242 41.0
237 800.0 0.126741 0.473669 0.0 0.013875 -0.360377 -3.047377 0.002698 0.015408 8.642242 41.0
238 800.0 0.124087 0.478645 0.0 0.012084 -0.360377 -3.047377 0.002698 0.015408 8.642242 41.0
239 800.0 0.092866 0.474373 0.0 0.013995 -0.360377 -3.047377 0.002698 0.015408 8.642242 41.0
240 800.0 0.084103 0.500639 0.0 0.005329 -0.360377 -3.047377 0.002698 0.015408 8.642242 41.0
241 800.0 0.075993 0.49493 0.0 0.007252 -0.360377 -3.047377 0.002698 0.015408 8.642242 41.0
242 800.0 0.093554 0.529353 0.0 -0.001219 -0.360377 -3.047377 0.002698 0.015408 8.642242 41.0
243 800.0 0.081015 0.510159 0.0 0.002467 -0.360377 -3.047377 0.002698 0.015408 8.642242 41.0
244 800.0 0.085065 0.495604 0.0 0.006857 -0.360377 -3.047377 0.002698 0.015408 8.642242 41.0
245 800.0 0.08062 0.506455 0.0 0.003613 -0.360377 -3.047377 0.002698 0.015408 8.642242 41.0
246 800.0 0.086875 0.529552 0.0 -0.002279 -0.360377 -3.047377 0.002698 0.015408 8.642242 41.0
247 800.0 0.092946 0.52872 0.0 -0.001336 -0.360377 -3.047377 0.002698 0.015408 8.642242 41.0
248 800.0 0.10511 0.516176 0.0 0.000205 -0.360377 -3.047377 0.002698 0.015408 8.642242 41.0
249 800.0 0.122111 0.499148 0.0 0.005 -0.360377 -3.047377 0.002698 0.015408 8.642242 41.0
250 800.0 0.098818 0.475046 0.0 0.013682 -0.360377 -3.047377 0.002698 0.015408 8.642242 41.0
251 800.0 0.102041 0.462526 0.0 0.018272 -0.360377 -3.047377 0.002698 0.015408 8.642242 41.0
252 800.0 0.08431 0.476723 0.0 0.01323 -0.360377 -3.047377 0.002698 0.015408 8.642242 41.0
253 800.0 0.073659 0.487439 0.0 0.009603 -0.360377 -3.047377 0.002698 0.015408 8.642242 41.0
254 800.0 0.055199 0.483624 0.0 0.011377 -0.360377 -3.047377 0.002698 0.015408 8.642242 41.0
255 800.0 0.054341 0.515459 0.0 0.00139 -0.360377 -3.047377 0.002698 0.015408 8.642242 41.0
256 800.0 0.072457 0.538815 0.0 -0.004286 -0.360377 -3.047377 0.002698 0.015408 8.642242 41.0
257 800.0 0.08186 0.531831 0.0 -0.003007 -0.360377 -3.047377 0.002698 0.015408 8.642242 41.0
258 800.0 0.082172 0.540153 0.0 -0.002691 -0.360377 -3.047377 0.002698 0.015408 8.642242 41.0
259 800.0 0.081048 0.538421 0.0 -0.002926 -0.360377 -3.047377 0.002698 0.015408 8.642242 41.0
260 800.0 0.079939 0.522531 0.0 -0.001313 -0.360377 -3.047377 0.002698 0.015408 8.642242 41.0
261 800.0 0.080426 0.53226 0.0 -0.003223 -0.360377 -3.047377 0.002698 0.015408 8.642242 41.0
262 800.0 0.076761 0.506977 0.0 0.003533 -0.360377 -3.047377 0.002698 0.015408 8.642242 41.0
263 800.0 0.078263 0.489967 0.0 0.00873 -0.360377 -3.047377 0.002698 0.015408 8.642242 41.0
264 800.0 0.076582 0.501155 0.0 0.005326 -0.360377 -3.047377 0.002698 0.015408 8.642242 41.0
265 800.0 0.063173 0.505125 0.0 0.004384 -0.360377 -3.047377 0.002698 0.015408 8.642242 41.0
266 800.0 0.095349 0.499082 0.0 0.005575 -0.360377 -3.047377 0.002698 0.015408 8.642242 41.0
267 800.0 0.089141 0.493262 0.0 0.007492 -0.360377 -3.047377 0.002698 0.015408 8.642242 41.0
268 800.0 0.105552 0.522223 0.0 0.000469 -0.360377 -3.047377 0.002698 0.015408 8.642242 41.0
269 800.0 0.097755 0.530413 0.0 -0.000514 -0.360377 -3.047377 0.002698 0.015408 8.642242 41.0
270 800.0 0.083114 0.522917 0.0 -0.001498 -0.360377 -3.047377 0.002698 0.015408 8.642242 41.0
271 800.0 0.07823 0.501125 0.0 0.005301 -0.360377 -3.047377 0.002698 0.015408 8.642242 41.0
272 800.0 0.071846 0.497485 0.0 0.006552 -0.360377 -3.047377 0.002698 0.015408 8.642242 41.0
273 800.0 0.076615 0.518597 0.0 -3.6e-05 -0.360377 -3.047377 0.002698 0.015408 8.642242 41.0
274 800.0 0.062036 0.526522 0.0 -0.002169 -0.360377 -3.047377 0.002698 0.015408 8.642242 41.0
275 800.0 0.064596 0.545552 0.0 -0.005326 -0.360377 -3.047377 0.002698 0.015408 8.642242 41.0
276 800.0 0.072645 0.566946 0.0 -0.003356 -0.360377 -3.047377 0.002698 0.015408 8.642242 41.0
277 800.0 0.072262 0.555663 0.0 -0.003778 -0.360377 -3.047377 0.002698 0.015408 8.642242 41.0
278 800.0 0.07153 0.53096 0.0 -0.00373 -0.360377 -3.047377 0.002698 0.015408 8.642242 41.0
279 800.0 0.066392 0.550999 0.0 -0.004865 -0.360377 -3.047377 0.002698 0.015408 8.642242 41.0
280 800.0 0.075697 0.554931 0.0 -0.003253 -0.360377 -3.047377 0.002698 0.015408 8.642242 41.0
281 800.0 0.082721 0.546131 0.0 -0.002413 -0.360377 -3.047377 0.002698 0.015408 8.642242 41.0
282 800.0 0.079639 0.535625 0.0 -0.003241 -0.360377 -3.047377 0.002698 0.015408 8.642242 41.0
283 800.0 0.103474 0.52091 0.0 9.5e-05 -0.360377 -3.047377 0.002698 0.015408 8.642242 41.0
284 800.0 0.102478 0.535096 0.0 0.00039 -0.360377 -3.047377 0.002698 0.015408 8.642242 41.0
285 800.0 0.100916 0.528478 0.0 -7.1e-05 -0.360377 -3.047377 0.002698 0.015408 8.642242 41.0
286 800.0 0.10111 0.526239 0.0 -0.000112 -0.360377 -3.047377 0.002698 0.015408 8.642242 41.0
287 800.0 0.124082 0.509707 0.0 0.003028 -0.360377 -3.047377 0.002698 0.015408 8.642242 41.0
