 time p.x p.y p.z deep.node-0 CV opes.bias opes.rct opes.zed opes.neff opes.nker
0 6900.0 0.237968 0.549451 0.0 0.059667 0.895224 -6.601579 -0.104432 0.013687 12.845295 77.0
1 6900.0 0.239703 0.53063 0.0 0.050728 0.895224 -6.601579 -0.104432 0.013687 12.845295 77.0
2 6900.0 0.250295 0.533085 0.0 0.059688 0.895224 -6.601579 -0.104432 0.013687 12.845295 77.0
3 6900.0 0.263809 0.517099 0.0 0.06077 0.895224 -6.601579 -0.104432 0.013687 12.845295 77.0
4 6900.0 0.24841 0.49109 0.0 0.038582 0.895224 -6.601579 -0.104432 0.013687 12.845295 77.0
5 6900.0 0.265417 0.518804 0.0 0.062852 0.895224 -6.601579 -0.104432 0.013687 12.845295 77.0
6 6900.0 0.284926 0.523638 0.0 0.079524 0.895224 -6.601579 -0.104432 0.013687 12.845295 77.0
7 6900.0 0.291667 0.515931 0.0 0.080778 0.895224 -6.601579 -0.104432 0.013687 12.845295 77.0
8 6900.0 0.296648 0.492328 0.0 0.074911 0.895224 -6.601579 -0.104432 0.013687 12.845295 77.0
9 6900.0 0.298796 0.505619 0.0 0.081893 0.895224 -6.601579 -0.104432 0.013687 12.845295 77.0
10 6900.0 0.285392 0.501872 0.0 0.070419 0.895224 -6.601579 -0.104432 0.013687 12.845295 77.0
11 6900.0 0.32242 0.534914 0.0 0.112641 0.895224 -6.601579 -0.104432 0.013687 12.845295 77.0
12 6900.0 0.326346 0.54106 0.0 0.118796 0.895224 -6.601579 -0.104432 0.013687 12.845295 77.0
13 6900.0 0.335558 0.537766 0.0 0.12365 0.895224 -6.601579 -0.104432 0.013687 12.845295 77.0
14 6900.0 0.33936 0.531619 0.0 0.123061 0.895224 -6.601579 -0.104432 0.013687 12.845295 77.0
15 6900.0 0.349439 0.52337 0.0 0.1267 0.895224 -6.601579 -0.104432 0.013687 12.845295 77.0
16 6900.0 0.34031 0.529195 0.0 0.122434 0.895224 -6.601579 -0.104432 0.013687 12.845295 77.0
17 6900.0 0.339751 0.522283 0.0 0.119064 0.895224 -6.601579 -0.104432 0.013687 12.845295 77.0
18 6900.0 0.358687 0.524885 0.0 0.134182 0.895224 -6.601579 -0.104432 0.013687 12.845295 77.0
19 6900.0 0.358205 0.506289 0.0 0.126287 0.895224 -6.601579 -0.104432 0.013687 12.845295 77.0
20 6900.0 0.343656 0.481896 0.0 0.105595 0.895224 -6.601579 -0.104432 0.013687 12.845295 77.0
21 6900.0 0.335603 0.481227 0.0 0.099343 0.895224 -6.601579 -0.104432 0.013687 12.845295 77.0
22 6900.0 0.342111 0.482961 0.0 0.10488 0.895224 -6.601579 -0.104432 0.013687 12.845295 77.0
23 6900.0 0.342547 0.473566 0.0 0.101396 0.895224 -6.601579 -0.104432 0.013687 12.845295 77.0
24 6900.0 0.363445 0.475742 0.0 0.117798 0.895224 -6.601579 -0.104432 0.013687 12.845295 77.0
25 6900.0 0.393256 0.466611 0.0 0.136238 0.895224 -6.601579 -0.104432 0.013687 12.845295 77.0
26 6900.0 0.394893 0.480492 0.0 0.14308 0.895224 -6.601579 -0.104432 0.013687 12.845295 77.0
27 6900.0 0.404605 0.481237 0.0 0.150595 0.895224 -6.601579 -0.104432 0.013687 12.845295 77.0
28 6900.0 0.431665 0.489915 0.0 0.17421 0.895224 -6.601579 -0.104432 0.013687 12.845295 77.0
29 6900.0 0.458261 0.479615 0.0 0.189788 0.895224 -6.601579 -0.104432 0.013687 12.845295 77.0
30 6900.0 0.471384 0.510538 0.0 0.214061 0.895224 -6.601579 -0.104432 0.013687 12.845295 77.0
31 6900.0 0.476208 0.504303 0.0 0.214768 0.895224 -6.601579 -0.104432 0.013687 12.845295 77.0
32 6900.0 0.493807 0.49944 0.0 0.227384 0.895224 -6.601579 -0.104432 0.013687 12.845295 77.0
33 6900.0 0.481859 0.501433 0.0 0.218084 0.895224 -6.601579 -0.104432 0.013687 12.845295 77.0
34 6900.0 0.481542 0.490134 0.0 0.211464 0.895224 -6.601579 -0.104432 0.013687 12.845295 77.0
35 6900.0 0.478368 0.482956 0.0 0.206076 0.895224 -6.601579 -0.104432 0.013687 12.845295 77.0
36 6900.0 0.472613 0.518285 0.0 0.219483 0.895224 -6.601579 -0.104432 0.013687 12.845295 77.0
37 6900.0 0.481635 0.544195 0.0 0.242165 0.895224 -6.601579 -0.104432 0.013687 12.845295 77.0
38 6900.0 0.511987 0.554105 0.0 0.274416 0.895224 -6.601579 -0.104432 0.013687 12.845295 77.0
39 6900.0 0.518034 0.550761 0.0 0.27778 0.895224 -6.601579 -0.104432 0.013687 12.845295 77.0
40 6900.0 0.504148 0.56691 0.0 0.276566 0.895224 -6.601579 -0.104432 0.013687 12.845295 77.0
41 6900.0 0.49216 0.542531 0.0 0.250413 0.895224 -6.601579 -0.104432 0.013687 12.845295 77.0
42 6900.0 0.491854 0.556092 0.0 0.25839 0.895224 -6.601579 -0.104432 0.013687 12.845295 77.0
43 6900.0 0.50334 0.577556 0.0 0.283453 0.895224 -6.601579 -0.104432 0.013687 12.845295 77.0
44 6900.0 0.495767 0.589568 0.0 0.285543 0.895224 -6.601579 -0.104432 0.013687 12.845295 77.0
45 6900.0 0.507949 0.571211 0.0 0.282867 0.895224 -6.601579 -0.104432 0.013687 12.845295 77.0
46 6900.0 0.524206 0.558483 0.0 0.287668 0.895224 -6.601579 -0.104432 0.013687 12.845295 77.0
47 6900.0 0.534278 0.59399 0.0 0.321517 0.895224 -6.601579 -0.104432 0.013687 12.845295 77.0
48 6900.0 0.528982 0.56468 0.0 0.296148 0.895224 -6.601579 -0.104432 0.013687 12.845295 77.0
49 6900.0 0.559379 0.568176 0.0 0.324546 0.895224 -6.601579 -0.104432 0.013687 12.845295 77.0
50 6900.0 0.535005 0.563623 0.0 0.300531 0.895224 -6.601579 -0.104432 0.013687 12.845295 77.0
51 6900.0 0.573972 0.570368 0.0 0.338546 0.895224 -6.601579 -0.104432 0.013687 12.845295 77.0
52 6900.0 0.586378 0.602433 0.0 0.371934 0.895224 -6.601579 -0.104432 0.013687 12.845295 77.0
53 6900.0 0.587519 0.583388 0.0 0.359356 0.895224 -6.601579 -0.104432 0.013687 12.845295 77.0
54 6900.0 0.581142 0.576905 0.0 0.349308 0.895224 -6.601579 -0.104432 0.013687 12.845295 77.0
55 6900.0 0.578922 0.58584 0.0 0.353773 0.895224 -6.601579 -0.104432 0.013687 12.845295 77.0
56 6900.0 0.575216 0.579484 0.0 0.346091 0.895224 -6.601579 -0.104432 0.013687 12.845295 77.0
57 6900.0 0.564133 0.594575 0.0 0.347382 0.895224 -6.601579 -0.104432 0.013687 12.845295 77.0
58 6900.0 0.56182 0.601658 0.0 0.35045 0.895224 -6.601579 -0.104432 0.013687 12.845295 77.0
59 6900.0 0.576073 0.593926 0.0 0.357098 0.895224 -6.601579 -0.104432 0.013687 12.845295 77.0
60 6900.0 0.561848 0.585284 0.0 0.338823 0.895224 -6.601579 -0.104432 0.013687 12.845295 77.0
61 6900.0 0.578635 0.603739 0.0 0.366264 0.895224 -6.601579 -0.104432 0.013687 12.845295 77.0
62 6900.0 0.604488 0.588281 0.0 0.377302 0.895224 -6.601579 -0.104432 0.013687 12.845295 77.0
63 6900.0 0.590592 0.596087 0.0 0.371012 0.895224 -6.601579 -0.104432 0.013687 12.845295 77.0
64 6900.0 0.593987 0.553864 0.0 0.346 0.895224 -6.601579 -0.104432 0.013687 12.845295 77.0
65 6900.0 0.602706 0.580833 0.0 0.370485 0.895224 -6.601579 -0.104432 0.013687 12.845295 77.0
66 6900.0 0.604027 0.590898 0.0 0.378772 0.895224 -6.601579 -0.104432 0.013687 12.845295 77.0
67 6900.0 0.597341 0.561429 0.0 0.353286 0.895224 -6.601579 -0.104432 0.013687 12.845295 77.0
68 6900.0 0.602224 0.551058 0.0 0.351589 0.895224 -6.601579 -0.104432 0.013687 12.845295 77.0
69 6900.0 0.629119 0.565168 0.0 0.383233 0.895224 -6.601579 -0.104432 0.013687 12.845295 77.0
70 6900.0 0.638753 0.553395 0.0 0.384884 0.895224 -6.601579 -0.104432 0.013687 12.845295 77.0
71 6900.0 0.647537 0.575296 0.0 0.40517 0.895224 -6.601579 -0.104432 0.013687 12.845295 77.0
72 6900.0 0.666391 0.587115 0.0 0.429239 0.895224 -6.601579 -0.104432 0.013687 12.845295 77.0
73 6900.0 0.659233 0.564786 0.0 0.409353 0.895224 -6.601579 -0.104432 0.013687 12.845295 77.0
74 6900.0 0.632018 0.585258 0.0 0.398619 0.895224 -6.601579 -0.104432 0.013687 12.845295 77.0
75 6900.0 0.632524 0.582427 0.0 0.397035 0.895224 -6.601579 -0.104432 0.013687 12.845295 77.0
76 6900.0 0.650468 0.59776 0.0 0.42324 0.895224 -6.601579 -0.104432 0.013687 12.845295 77.0
77 6900.0 0.68366 0.589607 0.0 0.445732 0.895224 -6.601579 -0.104432 0.013687 12.845295 77.0
78 6900.0 0.715716 0.581241 0.0 0.468225 0.895224 -6.601579 -0.104432 0.013687 12.845295 77.0
79 6900.0 0.709835 0.585117 0.0 0.465312 0.895224 -6.601579 -0.104432 0.013687 12.845295 77.0
80 6900.0 0.713934 0.569147 0.0 0.459706 0.895224 -6.601579 -0.104432 0.013687 12.845295 77.0
81 6900.0 0.715848 0.583592 0.0 0.469694 0.895224 -6.601579 -0.104432 0.013687 12.845295 77.0
82 6900.0 0.688663 0.600218 0.0 0.457547 0.895224 -6.601579 -0.104432 0.013687 12.845295 77.0
83 6900.0 0.699846 0.597885 0.0 0.46542 0.895224 -6.601579 -0.104432 0.013687 12.845295 77.0
84 6900.0 0.700038 0.605286 0.0 0.470849 0.895224 -6.601579 -0.104432 0.013687 12.845295 77.0
85 6900.0 0.694425 0.611392 0.0 0.470409 0.895224 -6.601579 -0.104432 0.013687 12.845295 77.0
86 6900.0 0.711817 0.623116 0.0 0.493577 0.895224 -6.601579 -0.104432 0.013687 12.845295 77.0
87 6900.0 0.700757 0.619244 0.0 0.481394 0.895224 -6.601579 -0.104432 0.013687 12.845295 77.0
88 6900.0 0.707758 0.612008 0.0 0.482213 0.895224 -6.601579 -0.104432 0.013687 12.845295 77.0
89 6900.0 0.722936 0.59146 0.0 0.48053 0.895224 -6.601579 -0.104432 0.013687 12.845295 77.0
90 6900.0 0.715782 0.606652 0.0 0.485241 0.895224 -6.601579 -0.104432 0.013687 12.845295 77.0
91 6900.0 0.707499 0.609356 0.0 0.480105 0.895224 -6.601579 -0.104432 0.013687 12.845295 77.0
92 6900.0 0.717338 0.595597 0.0 0.478702 0.895224 -6.601579 -0.104432 0.013687 12.845295 77.0
93 6900.0 0.712413 0.575893 0.0 0.462258 0.895224 -6.601579 -0.104432 0.013687 12.845295 77.0
94 6900.0 0.737508 0.583793 0.0 0.488754 0.895224 -6.601579 -0.104432 0.013687 12.845295 77.0
95 6900.0 0.733655 0.592359 0.0 0.490313 0.895224 -6.601579 -0.104432 0.013687 12.845295 77.0
96 6900.0 0.719659 0.584551 0.0 0.473579 0.895224 -6.601579 -0.104432 0.013687 12.845295 77.0
97 6900.0 0.713279 0.605921 0.0 0.482588 0.895224 -6.601579 -0.104432 0.013687 12.845295 77.0
98 6900.0 0.704818 0.625821 0.0 0.489534 0.895224 -6.601579 -0.104432 0.013687 12.845295 77.0
99 6900.0 0.699166 0.633833 0.0 0.490418 0.895224 -6.601579 -0.104432 0.013687 12.845295 77.0
100 6900.0 0.71373 0.628649 0.0 0.499143 0.895224 -6.601579 -0.104432 0.013687 12.845295 77.0
101 6900.0 0.710031 0.636343 0.0 0.501465 0.895224 -6.601579 -0.104432 0.013687 12.845295 77.0
102 6900.0 0.710747 0.608081 0.0 0.481967 0.895224 -6.601579 -0.104432 0.013687 12.845295 77.0
103 6900.0 0.702222 0.598293 0.0 0.467735 0.895224 -6.601579 -0.104432 0.013687 12.845295 77.0
104 6900.0 0.712524 0.585911 0.0 0.46812 0.895224 -6.601579 -0.104432 0.013687 12.845295 77.0
105 6900.0 0.727556 0.599374 0.0 0.4901 0.895224 -6.601579 -0.104432 0.013687 12.845295 77.0
106 6900.0 0.732628 0.605278 0.0 0.498623 0.895224 -6.601579 -0.104432 0.013687 12.845295 77.0
107 6900.0 0.745153 0.604551 0.0 0.508783 0.895224 -6.601579 -0.104432 0.013687 12.845295 77.0
108 6900.0 0.742325 0.627205 0.0 0.52249 0.895224 -6.601579 -0.104432 0.013687 12.845295 77.0
109 6900.0 0.730911 0.629935 0.0 0.514703 0.895224 -6.601579 -0.104432 0.013687 12.845295 77.0
110 6900.0 0.736904 0.638854 0.0 0.526159 0.895224 -6.601579 -0.104432 0.013687 12.845295 77.0
111 6900.0 0.761368 0.657189 0.0 0.560057 0.895224 -6.601579 -0.104432 0.013687 12.845295 77.0
112 6900.0 0.759321 0.668428 0.0 0.566309 0.895224 -6.601579 -0.104432 0.013687 12.845295 77.0
113 6900.0 0.75339 0.680144 0.0 0.569589 0.895224 -6.601579 -0.104432 0.013687 12.845295 77.0
114 6900.0 0.728387 0.691675 0.0 0.556481 0.895224 -6.601579 -0.104432 0.013687 12.845295 77.0
115 6900.0 0.733321 0.677415 0.0 0.550541 0.895224 -6.601579 -0.104432 0.013687 12.845295 77.0
116 6900.0 0.732752 0.676897 0.0 0.549687 0.895224 -6.601579 -0.104432 0.013687 12.845295 77.0
117 6900.0 0.704281 0.662771 0.0 0.515368 0.895224 -6.601579 -0.104432 0.013687 12.845295 77.0
118 6900.0 0.715786 0.66596 0.0 0.527443 0.895224 -6.601579 -0.104432 0.013687 12.845295 77.0
119 6900.0 0.680918 0.65801 0.0 0.492065 0.895224 -6.601579 -0.104432 0.013687 12.845295 77.0
120 6900.0 0.685925 0.631989 0.0 0.477819 0.895224 -6.601579 -0.104432 0.013687 12.845295 77.0
121 6900.0 0.717784 0.595115 0.0 0.47874 0.895224 -6.601579 -0.104432 0.013687 12.845295 77.0
122 6900.0 0.706897 0.577207 0.0 0.458189 0.895224 -6.601579 -0.104432 0.013687 12.845295 77.0
123 6900.0 0.694945 0.564985 0.0 0.440703 0.895224 -6.601579 -0.104432 0.013687 12.845295 77.0
124 6900.0 0.676071 0.571414 0.0 0.427895 0.895224 -6.601579 -0.104432 0.013687 12.845295 77.0
125 6900.0 0.673496 0.590278 0.0 0.437547 0.895224 -6.601579 -0.104432 0.013687 12.845295 77.0
126 6900.0 0.678994 0.590975 0.0 0.442729 0.895224 -6.601579 -0.104432 0.013687 12.845295 77.0
127 6900.0 0.684507 0.607919 0.0 0.459484 0.895224 -6.601579 -0.104432 0.013687 12.845295 77.0
128 6900.0 0.700596 0.621911 0.0 0.483153 0.895224 -6.601579 -0.104432 0.013687 12.845295 77.0
129 6900.0 0.72563 0.625921 0.0 0.507346 0.895224 -6.601579 -0.104432 0.013687 12.845295 77.0
130 6900.0 0.745736 0.627803 0.0 0.525823 0.895224 -6.601579 -0.104432 0.013687 12.845295 77.0
131 6900.0 0.748961 0.641887 0.0 0.538593 0.895224 -6.601579 -0.104432 0.013687 12.845295 77.0
132 6900.0 0.750708 0.646958 0.0 0.543691 0.895224 -6.601579 -0.104432 0.013687 12.845295 77.0
133 6900.0 0.764876 0.654033 0.0 0.560802 0.895224 -6.601579 -0.104432 0.013687 12.845295 77.0
134 6900.0 0.754063 0.65455 0.0 0.551953 0.895224 -6.601579 -0.104432 0.013687 12.845295 77.0
135 6900.0 0.747547 0.67392 0.0 0.560181 0.895224 -6.601579 -0.104432 0.013687 12.845295 77.0
136 6900.0 0.759651 0.689455 0.0 0.581552 0.895224 -6.601579 -0.104432 0.013687 12.845295 77.0
137 6900.0 0.770021 0.668767 0.0 0.575671 0.895224 -6.601579 -0.104432 0.013687 12.845295 77.0
138 6900.0 0.794242 0.664423 0.0 0.593226 0.895224 -6.601579 -0.104432 0.013687 12.845295 77.0
139 6900.0 0.798649 0.685211 0.0 0.611773 0.895224 -6.601579 -0.104432 0.013687 12.845295 77.0
140 6900.0 0.763124 0.701874 0.0 0.593348 0.895224 -6.601579 -0.104432 0.013687 12.845295 77.0
141 6900.0 0.758656 0.716166 0.0 0.599708 0.895224 -6.601579 -0.104432 0.013687 12.845295 77.0
142 6900.0 0.752703 0.696376 0.0 0.580553 0.895224 -6.601579 -0.104432 0.013687 12.845295 77.0
143 6900.0 0.759831 0.701767 0.0 0.590465 0.895224 -6.601579 -0.104432 0.013687 12.845295 77.0
144 6900.0 0.772587 0.695008 0.0 0.596529 0.895224 -6.601579 -0.104432 0.013687 12.845295 77.0
145 6900.0 0.761691 0.726067 0.0 0.60934 0.895224 -6.601579 -0.104432 0.013687 12.845295 77.0
146 6900.0 0.762941 0.726823 0.0 0.610943 0.895224 -6.601579 -0.104432 0.013687 12.845295 77.0
147 6900.0 0.751793 0.713948 0.0 0.59228 0.895224 -6.601579 -0.104432 0.013687 12.845295 77.0
148 6900.0 0.766599 0.725303 0.0 0.61298 0.895224 -6.601579 -0.104432 0.013687 12.845295 77.0
149 6900.0 0.761878 0.739108 0.0 0.618778 0.895224 -6.601579 -0.104432 0.013687 12.845295 77.0
150 6900.0 0.752307 0.75162 0.0 0.61958 0.895224 -6.601579 -0.104432 0.013687 12.845295 77.0
151 6900.0 0.777477 0.768537 0.0 0.653886 0.895224 -6.601579 -0.104432 0.013687 12.845295 77.0
152 6900.0 0.801247 0.762892 0.0 0.670421 0.895224 -6.601579 -0.104432 0.013687 12.845295 77.0
153 6900.0 0.788609 0.764368 0.0 0.66051 0.895224 -6.601579 -0.104432 0.013687 12.845295 77.0
154 6900.0 0.818144 0.78488 0.0 0.701252 0.895224 -6.601579 -0.104432 0.013687 12.845295 77.0
155 6900.0 0.840863 0.8098 0.0 0.739298 0.895224 -6.601579 -0.104432 0.013687 12.845295 77.0
156 6900.0 0.866084 0.813407 0.0 0.763883 0.895224 -6.601579 -0.104432 0.013687 12.845295 77.0
157 6900.0 0.851361 0.808488 0.0 0.747468 0.895224 -6.601579 -0.104432 0.013687 12.845295 77.0
158 6900.0 0.836195 0.82205 0.0 0.744226 0.895224 -6.601579 -0.104432 0.013687 12.845295 77.0
159 6900.0 0.848047 0.809483 0.0 0.745314 0.895224 -6.601579 -0.104432 0.013687 12.845295 77.0
160 6900.0 0.845945 0.813134 0.0 0.746165 0.895224 -6.601579 -0.104432 0.013687 12.845295 77.0
161 6900.0 0.84693 0.805375 0.0 0.741328 0.895224 -6.601579 -0.104432 0.013687 12.845295 77.0
162 6900.0 0.843815 0.806198 0.0 0.739223 0.895224 -6.601579 -0.104432 0.013687 12.845295 77.0
163 6900.0 0.844722 0.80541 0.0 0.739434 0.895224 -6.601579 -0.104432 0.013687 12.845295 77.0
164 6900.0 0.854225 0.824808 0.0 0.761933 0.895224 -6.601579 -0.104432 0.013687 12.845295 77.0
165 6900.0 0.85747 0.847844 0.0 0.781658 0.895224 -6.601579 -0.104432 0.013687 12.845295 77.0
166 6900.0 0.865398 0.85845 0.0 0.796336 0.895224 -6.601579 -0.104432 0.013687 12.845295 77.0
167 6900.0 0.859645 0.875501 0.0 0.803842 0.895224 -6.601579 -0.104432 0.013687 12.845295 77.0
168 6900.0 0.872422 0.890173 0.0 0.825721 0.895224 -6.601579 -0.104432 0.013687 12.845295 77.0
169 6900.0 0.867229 0.89558 0.0 0.825171 0.895224 -6.601579 -0.104432 0.013687 12.845295 77.0
170 6900.0 0.886178 0.915039 0.0 0.855932 0.895224 -6.601579 -0.104432 0.013687 12.845295 77.0
171 6900.0 0.890849 0.951121 0.0 0.885917 0.895224 -6.601579 -0.104432 0.013687 12.845295 77.0
172 6900.0 0.894203 0.97886 0.0 0.908621 0.895224 -6.601579 -0.104432 0.013687 12.845295 77.0
173 6900.0 0.908902 1.000777 0.0 0.928816 0.895224 -6.601579 -0.104432 0.013687 12.845295 77.0
174 6900.0 0.93061 1.030464 0.0 0.940973 0.895224 -6.601579 -0.104432 0.013687 12.845295 77.0
175 6900.0 0.92661 1.0519 0.0 0.939755 0.895224 -6.601579 -0.104432 0.013687 12.845295 77.0
176 6900.0 0.95532 1.077493 0.0 0.952503 0.895224 -6.601579 -0.104432 0.013687 12.845295 77.0
177 6900.0 0.988575 1.100762 0.0 0.967126 0.895224 -6.601579 -0.104432 0.013687 12.845295 77.0
178 6900.0 0.99644 1.114668 0.0 0.970772 0.895224 -6.601579 -0.104432 0.013687 12.845295 77.0
179 6900.0 1.004481 1.109086 0.0 0.974058 0.895224 -6.601579 -0.104432 0.013687 12.845295 77.0
180 6900.0 0.99915 1.145082 0.0 0.9726 0.895224 -6.601579 -0.104432 0.013687 12.845295 77.0
181 6900.0 0.980647 1.158629 0.0 0.965055 0.895224 -6.601579 -0.104432 0.013687 12.845295 77.0
182 6900.0 0.952058 1.167798 0.0 0.953134 0.895224 -6.601579 -0.104432 0.013687 12.845295 77.0
183 6900.0 0.966946 1.187489 0.0 0.956021 0.895224 -6.601579 -0.104432 0.013687 12.845295 77.0
184 6900.0 0.990512 1.159782 0.0 0.969264 0.895224 -6.601579 -0.104432 0.013687 12.845295 77.0
185 6900.0 0.996027 1.16979 0.0 0.971826 0.895224 -6.601579 -0.104432 0.013687 12.845295 77.0
186 6900.0 1.000908 1.188011 0.0 0.974303 0.895224 -6.601579 -0.104432 0.013687 12.845295 77.0
187 6900.0 0.978109 1.201353 0.0 0.958356 0.895224 -6.601579 -0.104432 0.013687 12.845295 77.0
188 6900.0 0.984312 1.173484 0.0 0.96694 0.895224 -6.601579 -0.104432 0.013687 12.845295 77.0
189 6900.0 0.990597 1.171031 0.0 0.969551 0.895224 -6.601579 -0.104432 0.013687 12.845295 77.0
190 6900.0 0.998482 1.182216 0.0 0.973145 0.895224 -6.601579 -0.104432 0.013687 12.845295 77.0
191 6900.0 0.983244 1.180074 0.0 0.966634 0.895224 -6.601579 -0.104432 0.013687 12.845295 77.0
192 6900.0 0.963931 1.185621 0.0 0.954791 0.895224 -6.601579 -0.104432 0.013687 12.845295 77.0
193 6900.0 0.982342 1.187865 0.0 0.965228 0.895224 -6.601579 -0.104432 0.013687 12.845295 77.0
194 6900.0 0.994481 1.200921 0.0 0.968411 0.895224 -6.601579 -0.104432 0.013687 12.845295 77.0
195 6900.0 1.005837 1.195831 0.0 0.976568 0.895224 -6.601579 -0.104432 0.013687 12.845295 77.0
196 6900.0 0.985519 1.184546 0.0 0.967699 0.895224 -6.601579 -0.104432 0.013687 12.845295 77.0
197 6900.0 0.997871 1.182424 0.0 0.972891 0.895224 -6.601579 -0.104432 0.013687 12.845295 77.0
198 6900.0 1.007006 1.211109 0.0 0.972745 0.895224 -6.601579 -0.104432 0.013687 12.845295 77.0
199 6900.0 1.013202 1.201879 0.0 0.979446 0.895224 -6.601579 -0.104432 0.013687 12.845295 77.0
200 6900.0 1.028594 1.205838 0.0 0.986443 0.895224 -6.601579 -0.104432 0.013687 12.845295 77.0
201 6900.0 1.010983 1.189567 0.0 0.978611 0.895224 -6.601579 -0.104432 0.013687 12.845295 77.0
202 6900.0 1.003595 1.166335 0.0 0.974959 0.895224 -6.601579 -0.104432 0.013687 12.845295 77.0
203 6900.0 0.990915 1.168503 0.0 0.96963 0.895224 -6.601579 -0.104432 0.013687 12.845295 77.0
204 6900.0 1.011148 1.129465 0.0 0.97734 0.895224 -6.601579 -0.104432 0.013687 12.845295 77.0
205 6900.0 0.994061 1.140838 0.0 0.970347 0.895224 -6.601579 -0.104432 0.013687 12.845295 77.0
206 6900.0 0.981934 1.134637 0.0 0.965065 0.895224 -6.601579 -0.104432 0.013687 12.845295 77.0
207 6900.0 0.995903 1.126853 0.0 0.970816 0.895224 -6.601579 -0.104432 0.013687 12.845295 77.0
208 6900.0 0.975677 1.129143 0.0 0.962289 0.895224 -6.601579 -0.104432 0.013687 12.845295 77.0
209 6900.0 0.978082 1.103994 0.0 0.962748 0.895224 -6.601579 -0.104432 0.013687 12.845295 77.0
210 6900.0 0.966424 1.097097 0.0 0.957649 0.895224 -6.601579 -0.104432 0.013687 12.845295 77.0
211 6900.0 0.964815 1.125384 0.0 0.957598 0.895224 -6.601579 -0.104432 0.013687 12.845295 77.0
212 6900.0 0.967236 1.147152 0.0 0.95911 0.895224 -6.601579 -0.104432 0.013687 12.845295 77.0
213 6900.0 0.958987 1.154665 0.0 0.955779 0.895224 -6.601579 -0.104432 0.013687 12.845295 77.0
214 6900.0 0.972197 1.168509 0.0 0.961691 0.895224 -6.601579 -0.104432 0.013687 12.845295 77.0
215 6900.0 0.984866 1.166726 0.0 0.967024 0.895224 -6.601579 -0.104432 0.013687 12.845295 77.0
216 6900.0 0.995722 1.169224 0.0 0.971685 0.895224 -6.601579 -0.104432 0.013687 12.845295 77.0
217 6900.0 0.984402 1.177296 0.0 0.967064 0.895224 -6.601579 -0.104432 0.013687 12.845295 77.0
218 6900.0 0.996323 1.204063 0.0 0.968524 0.895224 -6.601579 -0.104432 0.013687 12.845295 77.0
219 6900.0 0.985774 1.203429 0.0 0.962336 0.895224 -6.601579 -0.104432 0.013687 12.845295 77.0
220 6900.0 0.963276 1.199532 0.0 0.949952 0.895224 -6.601579 -0.104432 0.013687 12.845295 77.0
221 6900.0 0.972038 1.186643 0.0 0.959376 0.895224 -6.601579 -0.104432 0.013687 12.845295 77.0
222 6900.0 0.982631 1.176051 0.0 0.966285 0.895224 -6.601579 -0.104432 0.013687 12.845295 77.0
223 6900.0 0.978443 1.18214 0.0 0.964644 0.895224 -6.601579 -0.104432 0.013687 12.845295 77.0
224 6900.0 0.988079 1.176467 0.0 0.968605 0.895224 -6.601579 -0.104432 0.013687 12.845295 77.0
225 6900.0 0.982529 1.192729 0.0 0.963788 0.895224 -6.601579 -0.104432 0.013687 12.845295 77.0
226 6900.0 0.999156 1.182435 0.0 0.973436 0.895224 -6.601579 -0.104432 0.013687 12.845295 77.0
227 6900.0 0.977719 1.198425 0.0 0.959055 0.895224 -6.601579 -0.104432 0.013687 12.845295 77.0
228 6900.0 0.994417 1.198484 0.0 0.969151 0.895224 -6.601579 -0.104432 0.013687 12.845295 77.0
229 6900.0 0.999967 1.182259 0.0 0.973776 0.895224 -6.601579 -0.104432 0.013687 12.845295 77.0
230 6900.0 1.010884 1.165573 0.0 0.978034 0.895224 -6.601579 -0.104432 0.013687 12.845295 77.0
231 6900.0 1.004895 1.176127 0.0 0.975729 0.895224 -6.601579 -0.104432 0.013687 12.845295 77.0
232 6900.0 0.993818 1.162261 0.0 0.970722 0.895224 -6.601579 -0.104432 0.013687 12.845295 77.0
233 6900.0 1.00631 1.177485 0.0 0.97636 0.895224 -6.601579 -0.104432 0.013687 12.845295 77.0
234 6900.0 0.982929 1.213016 0.0 0.957551 0.895224 -6.601579 -0.104432 0.013687 12.845295 77.0
235 6900.0 0.985865 1.215432 0.0 0.958558 0.895224 -6.601579 -0.104432 0.013687 12.845295 77.0
236 6900.0 0.980871 1.222944 0.0 0.953133 0.895224 -6.601579 -0.104432 0.013687 12.845295 77.0
237 6900.0 1.004073 1.223052 0.0 0.967154 0.895224 -6.601579 -0.104432 0.013687 12.845295 77.0
238 6900.0 1.020575 1.242628 0.0 0.970899 0.895224 -6.601579 -0.104432 0.013687 12.845295 77.0
239 6900.0 1.02412 1.227319 0.0 0.977935 0.895224 -6.601579 -0.104432 0.013687 12.845295 77.0
240 6900.0 1.007637 1.205915 0.0 0.974786 0.895224 -6.601579 -0.104432 0.013687 12.845295 77.0
241 6900.0 0.996154 1.205366 0.0 0.968005 0.895224 -6.601579 -0.104432 0.013687 12.845295 77.0
242 6900.0 0.979724 1.205858 0.0 0.957895 0.895224 -6.601579 -0.104432 0.013687 12.845295 77.0
243 6900.0 0.989942 1.197421 0.0 0.96678 0.895224 -6.601579 -0.104432 0.013687 12.845295 77.0
244 6900.0 0.97649 1.216587 0.0 0.95251 0.895224 -6.601579 -0.104432 0.013687 12.845295 77.0
245 6900.0 0.974101 1.215785 0.0 0.951319 0.895224 -6.601579 -0.104432 0.013687 12.845295 77.0
246 6900.0 0.999073 1.211674 0.0 0.967759 0.895224 -6.601579 -0.104432 0.013687 12.845295 77.0
247 6900.0 0.980768 1.218471 0.0 0.9545 0.895224 -6.601579 -0.104432 0.013687 12.845295 77.0
248 6900.0 0.980481 1.208098 0.0 0.957638 0.895224 -6.601579 -0.104432 0.013687 12.845295 77.0
249 6900.0 0.991111 1.221342 0.0 0.959848 0.895224 -6.601579 -0.104432 0.013687 12.845295 77.0
250 6900.0 0.997002 1.241525 0.0 0.956971 0.895224 -6.601579 -0.104432 0.013687 12.845295 77.0
251 6900.0 0.983421 1.262608 0.0 0.936324 0.895224 -6.601579 -0.104432 0.013687 12.845295 77.0
252 6900.0 0.999171 1.255456 0.0 0.953836 0.895224 -6.601579 -0.104432 0.013687 12.845295 77.0
253 6900.0 0.976931 1.219945 0.0 0.951705 0.895224 -6.601579 -0.104432 0.013687 12.845295 77.0
254 6900.0 0.978779 1.185783 0.0 0.963734 0.895224 -6.601579 -0.104432 0.013687 12.845295 77.0
255 6900.0 0.977267 1.195494 0.0 0.959717 0.895224 -6.601579 -0.104432 0.013687 12.845295 77.0
256 6900.0 0.995138 1.175966 0.0 0.971587 0.895224 -6.601579 -0.104432 0.013687 12.845295 77.0
257 6900.0 1.004633 1.191875 0.0 0.975969 0.895224 -6.601579 -0.104432 0.013687 12.845295 77.0
258 6900.0 1.027806 1.191711 0.0 0.985794 0.895224 -6.601579 -0.104432 0.013687 12.845295 77.0
259 6900.0 1.030495 1.21453 0.0 0.985881 0.895224 -6.601579 -0.104432 0.013687 12.845295 77.0
260 6900.0 1.025967 1.228185 0.0 0.978777 0.895224 -6.601579 -0.104432 0.013687 12.845295 77.0
261 6900.0 1.020551 1.22364 0.0 0.976948 0.895224 -6.601579 -0.104432 0.013687 12.845295 77.0
262 6900.0 0.988161 1.222952 0.0 0.957547 0.895224 -6.601579 -0.104432 0.013687 12.845295 77.0
263 6900.0 0.993352 1.212198 0.0 0.964126 0.895224 -6.601579 -0.104432 0.013687 12.845295 77.0
264 6900.0 1.015855 1.200301 0.0 0.980917 0.895224 -6.601579 -0.104432 0.013687 12.845295 77.0
265 6900.0 1.023402 1.209141 0.0 0.983305 0.895224 -6.601579 -0.104432 0.013687 12.845295 77.0
266 6900.0 1.009201 1.194728 0.0 0.97797 0.895224 -6.601579 -0.104432 0.013687 12.845295 77.0
267 6900.0 1.021819 1.178231 0.0 0.982954 0.895224 -6.601579 -0.104432 0.013687 12.845295 77.0
268 6900.0 1.019433 1.207769 0.0 0.981339 0.895224 -6.601579 -0.104432 0.013687 12.845295 77.0
269 6900.0 1.005905 1.224216 0.0 0.967892 0.895224 -6.601579 -0.104432 0.013687 12.845295 77.0
270 6900.0 0.993671 1.209731 0.0 0.965107 0.895224 -6.601579 -0.104432 0.013687 12.845295 77.0
271 6900.0 0.982281 1.184216 0.0 0.966318 0.895224 -6.601579 -0.104432 0.013687 12.845295 77.0
272 6900.0 0.99441 1.185411 0.0 0.971489 0.895224 -6.601579 -0.104432 0.013687 12.845295 77.0
273 6900.0 0.993931 1.153158 0.0 0.970567 0.895224 -6.601579 -0.104432 0.013687 12.845295 77.0
274 6900.0 1.023359 1.152253 0.0 0.983028 0.895224 -6.601579 -0.104432 0.013687 12.845295 77.0
275 6900.0 1.014203 1.160246 0.0 0.979322 0.895224 -6.601579 -0.104432 0.013687 12.845295 77.0
276 6900.0 0.998718 1.172921 0.0 0.973037 0.895224 -6.601579 -0.104432 0.013687 12.845295 77.0
277 6900.0 0.99838 1.204375 0.0 0.96967 0.895224 -6.601579 -0.104432 0.013687 12.845295 77.0
278 6900.0 0.98353 1.229393 0.0 0.952684 0.895224 -6.601579 -0.104432 0.013687 12.845295 77.0
279 6900.0 0.991336 1.230176 0.0 0.957163 0.895224 -6.601579 -0.104432 0.013687 12.845295 77.0
280 6900.0 1.005704 1.203999 0.0 0.974226 0.895224 -6.601579 -0.104432 0.013687 12.845295 77.0
281 6900.0 1.015366 1.204129 0.0 0.980038 0.895224 -6.601579 -0.104432 0.013687 12.845295 77.0
282 6900.0 1.000951 1.184323 0.0 0.974239 0.895224 -6.601579 -0.104432 0.013687 12.845295 77.0
283 6900.0 0.993638 1.168644 0.0 0.970788 0.895224 -6.601579 -0.104432 0.013687 12.845295 77.0
284 6900.0 0.976064 1.156169 0.0 0.963056 0.895224 -6.601579 -0.104432 0.013687 12.845295 77.0
285 6900.0 0.978104 1.159905 0.0 0.964004 0.895224 -6.601579 -0.104432 0.013687 12.845295 77.0
286 6900.0 0.982712 1.174002 0.0 0.966273 0.895224 -6.601579 -0.104432 0.013687 12.845295 77.0
287 6900.0 0.980122 1.216019 0.0 0.954891 0.895224 -6.601579 -0.104432 0.013687 12.845295 77.0
