 time p.x p.y p.z deep.node-0 CV opes.bias opes.rct opes.zed opes.neff opes.nker
0 14165.0 -0.920647 0.983521 0.0 -0.810522 1.775599 -15.081168 -0.176656 0.008782 12.845295 120.0
1 14165.0 -0.918934 0.973292 0.0 -0.803945 1.775599 -15.081168 -0.176656 0.008782 12.845295 120.0
2 14165.0 -0.924354 0.964376 0.0 -0.800118 1.775599 -15.081168 -0.176656 0.008782 12.845295 120.0
3 14165.0 -0.934974 0.932986 0.0 -0.781073 1.775599 -15.081168 -0.176656 0.008782 12.845295 120.0
4 14165.0 -0.949782 0.933518 0.0 -0.786079 1.775599 -15.081168 -0.176656 0.008782 12.845295 120.0
5 14165.0 -0.947667 0.943805 0.0 -0.794156 1.775599 -15.081168 -0.176656 0.008782 12.845295 120.0
6 14165.0 -0.955374 0.93042 0.0 -0.785171 1.775599 -15.081168 -0.176656 0.008782 12.845295 120.0
7 14165.0 -0.959504 0.89326 0.0 -0.754917 1.775599 -15.081168 -0.176656 0.008782 12.845295 120.0
8 14165.0 -0.925655 0.899099 0.0 -0.749459 1.775599 -15.081168 -0.176656 0.008782 12.845295 120.0
9 14165.0 -0.90619 0.881305 0.0 -0.727724 1.775599 -15.081168 -0.176656 0.008782 12.845295 120.0
10 14165.0 -0.891196 0.875847 0.0 -0.717908 1.775599 -15.081168 -0.176656 0.008782 12.845295 120.0
11 14165.0 -0.902511 0.855562 0.0 -0.704033 1.775599 -15.081168 -0.176656 0.008782 12.845295 120.0
12 14165.0 -0.894343 0.818296 0.0 -0.668781 1.775599 -15.081168 -0.176656 0.008782 12.845295 120.0
13 14165.0 -0.867538 0.797181 0.0 -0.641328 1.775599 -15.081168 -0.176656 0.008782 12.845295 120.0
14 14165.0 -0.866484 0.771148 0.0 -0.618284 1.775599 -15.081168 -0.176656 0.008782 12.845295 120.0
15 14165.0 -0.888093 0.757827 0.0 -0.614005 1.775599 -15.081168 -0.176656 0.008782 12.845295 120.0
16 14165.0 -0.910055 0.74693 0.0 -0.611951 1.775599 -15.081168 -0.176656 0.008782 12.845295 120.0
17 14165.0 -0.903776 0.741743 0.0 -0.605321 1.775599 -15.081168 -0.176656 0.008782 12.845295 120.0
18 14165.0 -0.874717 0.723348 0.0 -0.579518 1.775599 -15.081168 -0.176656 0.008782 12.845295 120.0
19 14165.0 -0.868113 0.716099 0.0 -0.570717 1.775599 -15.081168 -0.176656 0.008782 12.845295 120.0
20 14165.0 -0.853977 0.707057 0.0 -0.555383 1.775599 -15.081168 -0.176656 0.008782 12.845295 120.0
21 14165.0 -0.839958 0.712407 0.0 -0.555899 1.775599 -15.081168 -0.176656 0.008782 12.845295 120.0
22 14165.0 -0.828016 0.715099 0.0 -0.554291 1.775599 -15.081168 -0.176656 0.008782 12.845295 120.0
23 14165.0 -0.812474 0.720388 0.0 -0.554158 1.775599 -15.081168 -0.176656 0.008782 12.845295 120.0
24 14165.0 -0.797177 0.723363 0.0 -0.551578 1.775599 -15.081168 -0.176656 0.008782 12.845295 120.0
25 14165.0 -0.791203 0.716331 0.0 -0.541329 1.775599 -15.081168 -0.176656 0.008782 12.845295 120.0
26 14165.0 -0.766647 0.69936 0.0 -0.512193 1.775599 -15.081168 -0.176656 0.008782 12.845295 120.0
27 14165.0 -0.749638 0.684716 0.0 -0.488781 1.775599 -15.081168 -0.176656 0.008782 12.845295 120.0
28 14165.0 -0.755943 0.700853 0.0 -0.509433 1.775599 -15.081168 -0.176656 0.008782 12.845295 120.0
29 14165.0 -0.747718 0.688758 0.0 -0.492505 1.775599 -15.081168 -0.176656 0.008782 12.845295 120.0
30 14165.0 -0.751631 0.689975 0.0 -0.495486 1.775599 -15.081168 -0.176656 0.008782 12.845295 120.0
31 14165.0 -0.724439 0.664696 0.0 -0.455968 1.775599 -15.081168 -0.176656 0.008782 12.845295 120.0
32 14165.0 -0.733944 0.651947 0.0 -0.445646 1.775599 -15.081168 -0.176656 0.008782 12.845295 120.0
33 14165.0 -0.718022 0.642985 0.0 -0.429037 1.775599 -15.081168 -0.176656 0.008782 12.845295 120.0
34 14165.0 -0.722691 0.64958 0.0 -0.438344 1.775599 -15.081168 -0.176656 0.008782 12.845295 120.0
35 14165.0 -0.709503 0.637318 0.0 -0.419176 1.775599 -15.081168 -0.176656 0.008782 12.845295 120.0
36 14165.0 -0.688186 0.621801 0.0 -0.393006 1.775599 -15.081168 -0.176656 0.008782 12.845295 120.0
37 14165.0 -0.682271 0.605977 0.0 -0.372864 1.775599 -15.081168 -0.176656 0.008782 12.845295 120.0
38 14165.0 -0.676223 0.603208 0.0 -0.367266 1.775599 -15.081168 -0.176656 0.008782 12.845295 120.0
39 14165.0 -0.675244 0.587938 0.0 -0.349787 1.775599 -15.081168 -0.176656 0.008782 12.845295 120.0
40 14165.0 -0.673743 0.590789 0.0 -0.352353 1.775599 -15.081168 -0.176656 0.008782 12.845295 120.0
41 14165.0 -0.692487 0.59894 0.0 -0.369223 1.775599 -15.081168 -0.176656 0.008782 12.845295 120.0
42 14165.0 -0.673307 0.608512 0.0 -0.37199 1.775599 -15.081168 -0.176656 0.008782 12.845295 120.0
43 14165.0 -0.656147 0.58855 0.0 -0.342569 1.775599 -15.081168 -0.176656 0.008782 12.845295 120.0
44 14165.0 -0.627899 0.573104 0.0 -0.311098 1.775599 -15.081168 -0.176656 0.008782 12.845295 120.0
45 14165.0 -0.612546 0.573618 0.0 -0.303411 1.775599 -15.081168 -0.176656 0.008782 12.845295 120.0
46 14165.0 -0.606354 0.552549 0.0 -0.271332 1.775599 -15.081168 -0.176656 0.008782 12.845295 120.0
47 14165.0 -0.595947 0.525813 0.0 -0.218316 1.775599 -15.081168 -0.176656 0.008782 12.845295 120.0
48 14165.0 -0.574079 0.525036 0.0 -0.195652 1.775599 -15.081168 -0.176656 0.008782 12.845295 120.0
49 14165.0 -0.56952 0.511498 0.0 -0.17306 1.775599 -15.081168 -0.176656 0.008782 12.845295 120.0
50 14165.0 -0.555502 0.508481 0.0 -0.159272 1.775599 -15.081168 -0.176656 0.008782 12.845295 120.0
51 14165.0 -0.544162 0.517833 0.0 -0.163786 1.775599 -15.081168 -0.176656 0.008782 12.845295 120.0
52 14165.0 -0.529484 0.506122 0.0 -0.137988 1.775599 -15.081168 -0.176656 0.008782 12.845295 120.0
53 14165.0 -0.492651 0.498669 0.0 -0.109525 1.775599 -15.081168 -0.176656 0.008782 12.845295 120.0
54 14165.0 -0.502254 0.495003 0.0 -0.109886 1.775599 -15.081168 -0.176656 0.008782 12.845295 120.0
55 14165.0 -0.469036 0.479528 0.0 -0.082274 1.775599 -15.081168 -0.176656 0.008782 12.845295 120.0
56 14165.0 -0.441524 0.499243 0.0 -0.090237 1.775599 -15.081168 -0.176656 0.008782 12.845295 120.0
57 14165.0 -0.437281 0.495109 0.0 -0.084651 1.775599 -15.081168 -0.176656 0.008782 12.845295 120.0
58 14165.0 -0.417481 0.484042 0.0 -0.066421 1.775599 -15.081168 -0.176656 0.008782 12.845295 120.0
59 14165.0 -0.405327 0.470329 0.0 -0.048636 1.775599 -15.081168 -0.176656 0.008782 12.845295 120.0
60 14165.0 -0.420565 0.49949 0.0 -0.082342 1.775599 -15.081168 -0.176656 0.008782 12.845295 120.0
61 14165.0 -0.388177 0.486232 0.0 -0.057141 1.775599 -15.081168 -0.176656 0.008782 12.845295 120.0
62 14165.0 -0.381486 0.461477 0.0 -0.03095 1.775599 -15.081168 -0.176656 0.008782 12.845295 120.0
63 14165.0 -0.360625 0.478184 0.0 -0.038782 1.775599 -15.081168 -0.176656 0.008782 12.845295 120.0
64 14165.0 -0.361883 0.485957 0.0 -0.046678 1.775599 -15.081168 -0.176656 0.008782 12.845295 120.0
65 14165.0 -0.350624 0.507879 0.0 -0.063205 1.775599 -15.081168 -0.176656 0.008782 12.845295 120.0
66 14165.0 -0.336652 0.514586 0.0 -0.064177 1.775599 -15.081168 -0.176656 0.008782 12.845295 120.0
67 14165.0 -0.329969 0.521785 0.0 -0.068446 1.775599 -15.081168 -0.176656 0.008782 12.845295 120.0
68 14165.0 -0.317395 0.521615 0.0 -0.063407 1.775599 -15.081168 -0.176656 0.008782 12.845295 120.0
69 14165.0 -0.304015 0.484079 0.0 -0.024876 1.775599 -15.081168 -0.176656 0.008782 12.845295 120.0
70 14165.0 -0.302198 0.495878 0.0 -0.033812 1.775599 -15.081168 -0.176656 0.008782 12.845295 120.0
71 14165.0 -0.270688 0.47746 0.0 -0.009244 1.775599 -15.081168 -0.176656 0.008782 12.845295 120.0
72 14165.0 -0.253274 0.482881 0.0 -0.008224 1.775599 -15.081168 -0.176656 0.008782 12.845295 120.0
73 14165.0 -0.249601 0.494077 0.0 -0.016101 1.775599 -15.081168 -0.176656 0.008782 12.845295 120.0
74 14165.0 -0.250892 0.498705 0.0 -0.020226 1.775599 -15.081168 -0.176656 0.008782 12.845295 120.0
75 14165.0 -0.240085 0.480915 0.0 -0.002564 1.775599 -15.081168 -0.176656 0.008782 12.845295 120.0
76 14165.0 -0.21464 0.50801 0.0 -0.016507 1.775599 -15.081168 -0.176656 0.008782 12.845295 120.0
77 14165.0 -0.193911 0.527465 0.0 -0.025759 1.775599 -15.081168 -0.176656 0.008782 12.845295 120.0
78 14165.0 -0.185676 0.547409 0.0 -0.039266 1.775599 -15.081168 -0.176656 0.008782 12.845295 120.0
79 14165.0 -0.169565 0.53562 0.0 -0.024796 1.775599 -15.081168 -0.176656 0.008782 12.845295 120.0
80 14165.0 -0.161488 0.510941 0.0 -0.002433 1.775599 -15.081168 -0.176656 0.008782 12.845295 120.0
81 14165.0 -0.16418 0.509344 0.0 -0.00198 1.775599 -15.081168 -0.176656 0.008782 12.845295 120.0
82 14165.0 -0.152522 0.520668 0.0 -0.007491 1.775599 -15.081168 -0.176656 0.008782 12.845295 120.0
83 14165.0 -0.142806 0.5194 0.0 -0.003467 1.775599 -15.081168 -0.176656 0.008782 12.845295 120.0
84 14165.0 -0.142571 0.510072 0.0 0.003839 1.775599 -15.081168 -0.176656 0.008782 12.845295 120.0
85 14165.0 -0.141343 0.512662 0.0 0.002325 1.775599 -15.081168 -0.176656 0.008782 12.845295 120.0
86 14165.0 -0.111252 0.504899 0.0 0.013328 1.775599 -15.081168 -0.176656 0.008782 12.845295 120.0
87 14165.0 -0.113803 0.52499 0.0 -0.000594 1.775599 -15.081168 -0.176656 0.008782 12.845295 120.0
88 14165.0 -0.088658 0.517183 0.0 0.007155 1.775599 -15.081168 -0.176656 0.008782 12.845295 120.0
89 14165.0 -0.090886 0.509357 0.0 0.010343 1.775599 -15.081168 -0.176656 0.008782 12.845295 120.0
90 14165.0 -0.074806 0.525016 0.0 0.003247 1.775599 -15.081168 -0.176656 0.008782 12.845295 120.0
91 14165.0 -0.067571 0.531563 0.0 0.000249 1.775599 -15.081168 -0.176656 0.008782 12.845295 120.0
92 14165.0 -0.049877 0.531395 0.0 -0.000776 1.775599 -15.081168 -0.176656 0.008782 12.845295 120.0
93 14165.0 -0.041191 0.525782 0.0 0.000878 1.775599 -15.081168 -0.176656 0.008782 12.845295 120.0
94 14165.0 -0.04549 0.528548 0.0 6.4e-05 1.775599 -15.081168 -0.176656 0.008782 12.845295 120.0
95 14165.0 -0.029396 0.545158 0.0 -0.006004 1.775599 -15.081168 -0.176656 0.008782 12.845295 120.0
96 14165.0 -0.030509 0.540288 0.0 -0.004484 1.775599 -15.081168 -0.176656 0.008782 12.845295 120.0
97 14165.0 -0.01155 0.53161 0.0 -0.002209 1.775599 -15.081168 -0.176656 0.008782 12.845295 120.0
98 14165.0 0.023581 0.507109 0.0 0.004594 1.775599 -15.081168 -0.176656 0.008782 12.845295 120.0
99 14165.0 0.047855 0.525068 0.0 -0.001429 1.775599 -15.081168 -0.176656 0.008782 12.845295 120.0
100 14165.0 0.042067 0.531205 0.0 -0.003195 1.775599 -15.081168 -0.176656 0.008782 12.845295 120.0
101 14165.0 0.03341 0.516952 0.0 0.001365 1.775599 -15.081168 -0.176656 0.008782 12.845295 120.0
102 14165.0 0.02073 0.530519 0.0 -0.002543 1.775599 -15.081168 -0.176656 0.008782 12.845295 120.0
103 14165.0 0.029819 0.495507 0.0 0.008308 1.775599 -15.081168 -0.176656 0.008782 12.845295 120.0
104 14165.0 0.030111 0.497562 0.0 0.007488 1.775599 -15.081168 -0.176656 0.008782 12.845295 120.0
105 14165.0 0.016762 0.498732 0.0 0.007854 1.775599 -15.081168 -0.176656 0.008782 12.845295 120.0
106 14165.0 0.01605 0.494937 0.0 0.009378 1.775599 -15.081168 -0.176656 0.008782 12.845295 120.0
107 14165.0 0.041127 0.505251 0.0 0.004802 1.775599 -15.081168 -0.176656 0.008782 12.845295 120.0
108 14165.0 0.042164 0.493471 0.0 0.008401 1.775599 -15.081168 -0.176656 0.008782 12.845295 120.0
109 14165.0 0.027998 0.484869 0.0 0.012567 1.775599 -15.081168 -0.176656 0.008782 12.845295 120.0
110 14165.0 0.0453 0.492635 0.0 0.008593 1.775599 -15.081168 -0.176656 0.008782 12.845295 120.0
111 14165.0 0.033514 0.485335 0.0 0.012046 1.775599 -15.081168 -0.176656 0.008782 12.845295 120.0
112 14165.0 0.031803 0.486843 0.0 0.011563 1.775599 -15.081168 -0.176656 0.008782 12.845295 120.0
113 14165.0 0.033221 0.497499 0.0 0.007348 1.775599 -15.081168 -0.176656 0.008782 12.845295 120.0
114 14165.0 0.081431 0.52847 0.0 -0.00317 1.775599 -15.081168 -0.176656 0.008782 12.845295 120.0
115 14165.0 0.074481 0.53658 0.0 -0.004034 1.775599 -15.081168 -0.176656 0.008782 12.845295 120.0
116 14165.0 0.097762 0.542342 0.0 -0.000131 1.775599 -15.081168 -0.176656 0.008782 12.845295 120.0
117 14165.0 0.121491 0.506892 0.0 0.002633 1.775599 -15.081168 -0.176656 0.008782 12.845295 120.0
118 14165.0 0.127745 0.511361 0.0 0.003666 1.775599 -15.081168 -0.176656 0.008782 12.845295 120.0
119 14165.0 0.132331 0.485363 0.0 0.009534 1.775599 -15.081168 -0.176656 0.008782 12.845295 120.0
120 14165.0 0.13796 0.508072 0.0 0.005192 1.775599 -15.081168 -0.176656 0.008782 12.845295 120.0
121 14165.0 0.161051 0.507792 0.0 0.008871 1.775599 -15.081168 -0.176656 0.008782 12.845295 120.0
122 14165.0 0.14798 0.53091 0.0 0.007523 1.775599 -15.081168 -0.176656 0.008782 12.845295 120.0
123 14165.0 0.188442 0.538139 0.0 0.017863 1.775599 -15.081168 -0.176656 0.008782 12.845295 120.0
124 14165.0 0.181987 0.541704 0.0 0.015143 1.775599 -15.081168 -0.176656 0.008782 12.845295 120.0
125 14165.0 0.188607 0.514971 0.0 0.013502 1.775599 -15.081168 -0.176656 0.008782 12.845295 120.0
126 14165.0 0.230767 0.491606 0.0 0.025688 1.775599 -15.081168 -0.176656 0.008782 12.845295 120.0
127 14165.0 0.239545 0.475522 0.0 0.025688 1.775599 -15.081168 -0.176656 0.008782 12.845295 120.0
128 14165.0 0.256796 0.480442 0.0 0.040495 1.775599 -15.081168 -0.176656 0.008782 12.845295 120.0
129 14165.0 0.265024 0.503857 0.0 0.056096 1.775599 -15.081168 -0.176656 0.008782 12.845295 120.0
130 14165.0 0.262648 0.501767 0.0 0.053484 1.775599 -15.081168 -0.176656 0.008782 12.845295 120.0
131 14165.0 0.262504 0.524487 0.0 0.063829 1.775599 -15.081168 -0.176656 0.008782 12.845295 120.0
132 14165.0 0.274397 0.508827 0.0 0.065072 1.775599 -15.081168 -0.176656 0.008782 12.845295 120.0
133 14165.0 0.285443 0.520439 0.0 0.078164 1.775599 -15.081168 -0.176656 0.008782 12.845295 120.0
134 14165.0 0.292059 0.513482 0.0 0.080076 1.775599 -15.081168 -0.176656 0.008782 12.845295 120.0
135 14165.0 0.295382 0.509965 0.0 0.081119 1.775599 -15.081168 -0.176656 0.008782 12.845295 120.0
136 14165.0 0.334853 0.515236 0.0 0.11257 1.775599 -15.081168 -0.176656 0.008782 12.845295 120.0
137 14165.0 0.360047 0.516254 0.0 0.131694 1.775599 -15.081168 -0.176656 0.008782 12.845295 120.0
138 14165.0 0.363262 0.511053 0.0 0.131974 1.775599 -15.081168 -0.176656 0.008782 12.845295 120.0
139 14165.0 0.363438 0.509538 0.0 0.131491 1.775599 -15.081168 -0.176656 0.008782 12.845295 120.0
140 14165.0 0.363577 0.500628 0.0 0.127983 1.775599 -15.081168 -0.176656 0.008782 12.845295 120.0
141 14165.0 0.379357 0.502546 0.0 0.14048 1.775599 -15.081168 -0.176656 0.008782 12.845295 120.0
142 14165.0 0.391753 0.512753 0.0 0.153824 1.775599 -15.081168 -0.176656 0.008782 12.845295 120.0
143 14165.0 0.397025 0.528196 0.0 0.163998 1.775599 -15.081168 -0.176656 0.008782 12.845295 120.0
144 14165.0 0.395306 0.498294 0.0 0.150602 1.775599 -15.081168 -0.176656 0.008782 12.845295 120.0
145 14165.0 0.409626 0.489342 0.0 0.157609 1.775599 -15.081168 -0.176656 0.008782 12.845295 120.0
146 14165.0 0.39427 0.510122 0.0 0.154626 1.775599 -15.081168 -0.176656 0.008782 12.845295 120.0
147 14165.0 0.414111 0.504356 0.0 0.167025 1.775599 -15.081168 -0.176656 0.008782 12.845295 120.0
148 14165.0 0.413104 0.504529 0.0 0.166348 1.775599 -15.081168 -0.176656 0.008782 12.845295 120.0
149 14165.0 0.441468 0.502192 0.0 0.186466 1.775599 -15.081168 -0.176656 0.008782 12.845295 120.0
150 14165.0 0.453653 0.490825 0.0 0.190909 1.775599 -15.081168 -0.176656 0.008782 12.845295 120.0
151 14165.0 0.477292 0.493848 0.0 0.209844 1.775599 -15.081168 -0.176656 0.008782 12.845295 120.0
152 14165.0 0.466533 0.537665 0.0 0.225199 1.775599 -15.081168 -0.176656 0.008782 12.845295 120.0
153 14165.0 0.488529 0.537138 0.0 0.244134 1.775599 -15.081168 -0.176656 0.008782 12.845295 120.0
154 14165.0 0.484693 0.516723 0.0 0.229139 1.775599 -15.081168 -0.176656 0.008782 12.845295 120.0
155 14165.0 0.478164 0.540378 0.0 0.236933 1.775599 -15.081168 -0.176656 0.008782 12.845295 120.0
156 14165.0 0.499653 0.548174 0.0 0.260215 1.775599 -15.081168 -0.176656 0.008782 12.845295 120.0
157 14165.0 0.487186 0.546646 0.0 0.248432 1.775599 -15.081168 -0.176656 0.008782 12.845295 120.0
158 14165.0 0.513757 0.519985 0.0 0.25633 1.775599 -15.081168 -0.176656 0.008782 12.845295 120.0
159 14165.0 0.513288 0.523792 0.0 0.25811 1.775599 -15.081168 -0.176656 0.008782 12.845295 120.0
160 14165.0 0.530455 0.513861 0.0 0.26744 1.775599 -15.081168 -0.176656 0.008782 12.845295 120.0
161 14165.0 0.525461 0.549749 0.0 0.283694 1.775599 -15.081168 -0.176656 0.008782 12.845295 120.0
162 14165.0 0.512587 0.54679 0.0 0.270731 1.775599 -15.081168 -0.176656 0.008782 12.845295 120.0
163 14165.0 0.510751 0.566876 0.0 0.28217 1.775599 -15.081168 -0.176656 0.008782 12.845295 120.0
164 14165.0 0.535467 0.550641 0.0 0.292959 1.775599 -15.081168 -0.176656 0.008782 12.845295 120.0
165 14165.0 0.541203 0.54675 0.0 0.295737 1.775599 -15.081168 -0.176656 0.008782 12.845295 120.0
166 14165.0 0.549103 0.528885 0.0 0.292367 1.775599 -15.081168 -0.176656 0.008782 12.845295 120.0
167 14165.0 0.54348 0.528293 0.0 0.287108 1.775599 -15.081168 -0.176656 0.008782 12.845295 120.0
168 14165.0 0.541594 0.535683 0.0 0.289711 1.775599 -15.081168 -0.176656 0.008782 12.845295 120.0
169 14165.0 0.542268 0.542684 0.0 0.294329 1.775599 -15.081168 -0.176656 0.008782 12.845295 120.0
170 14165.0 0.547398 0.529648 0.0 0.291314 1.775599 -15.081168 -0.176656 0.008782 12.845295 120.0
171 14165.0 0.512009 0.530638 0.0 0.260931 1.775599 -15.081168 -0.176656 0.008782 12.845295 120.0
172 14165.0 0.51044 0.541668 0.0 0.265905 1.775599 -15.081168 -0.176656 0.008782 12.845295 120.0
173 14165.0 0.485482 0.55889 0.0 0.254949 1.775599 -15.081168 -0.176656 0.008782 12.845295 120.0
174 14165.0 0.487379 0.521707 0.0 0.23428 1.775599 -15.081168 -0.176656 0.008782 12.845295 120.0
175 14165.0 0.478196 0.517047 0.0 0.223656 1.775599 -15.081168 -0.176656 0.008782 12.845295 120.0
176 14165.0 0.497404 0.522383 0.0 0.243406 1.775599 -15.081168 -0.176656 0.008782 12.845295 120.0
177 14165.0 0.525285 0.555089 0.0 0.286614 1.775599 -15.081168 -0.176656 0.008782 12.845295 120.0
178 14165.0 0.55667 0.566501 0.0 0.321046 1.775599 -15.081168 -0.176656 0.008782 12.845295 120.0
179 14165.0 0.572594 0.579547 0.0 0.343901 1.775599 -15.081168 -0.176656 0.008782 12.845295 120.0
180 14165.0 0.56117 0.564139 0.0 0.323208 1.775599 -15.081168 -0.176656 0.008782 12.845295 120.0
181 14165.0 0.584293 0.535249 0.0 0.326808 1.775599 -15.081168 -0.176656 0.008782 12.845295 120.0
182 14165.0 0.590401 0.538538 0.0 0.334044 1.775599 -15.081168 -0.176656 0.008782 12.845295 120.0
183 14165.0 0.579902 0.542356 0.0 0.327057 1.775599 -15.081168 -0.176656 0.008782 12.845295 120.0
184 14165.0 0.577857 0.572009 0.0 0.343025 1.775599 -15.081168 -0.176656 0.008782 12.845295 120.0
185 14165.0 0.563665 0.554782 0.0 0.320007 1.775599 -15.081168 -0.176656 0.008782 12.845295 120.0
186 14165.0 0.5636 0.553845 0.0 0.31941 1.775599 -15.081168 -0.176656 0.008782 12.845295 120.0
187 14165.0 0.584694 0.566929 0.0 0.34539 1.775599 -15.081168 -0.176656 0.008782 12.845295 120.0
188 14165.0 0.607642 0.586936 0.0 0.379034 1.775599 -15.081168 -0.176656 0.008782 12.845295 120.0
189 14165.0 0.608096 0.580971 0.0 0.375177 1.775599 -15.081168 -0.176656 0.008782 12.845295 120.0
190 14165.0 0.640549 0.577943 0.0 0.400686 1.775599 -15.081168 -0.176656 0.008782 12.845295 120.0
191 14165.0 0.655905 0.574465 0.0 0.412012 1.775599 -15.081168 -0.176656 0.008782 12.845295 120.0
192 14165.0 0.662607 0.592357 0.0 0.429744 1.775599 -15.081168 -0.176656 0.008782 12.845295 120.0
193 14165.0 0.677986 0.567777 0.0 0.427476 1.775599 -15.081168 -0.176656 0.008782 12.845295 120.0
194 14165.0 0.660596 0.580825 0.0 0.419824 1.775599 -15.081168 -0.176656 0.008782 12.845295 120.0
195 14165.0 0.650894 0.584572 0.0 0.414221 1.775599 -15.081168 -0.176656 0.008782 12.845295 120.0
196 14165.0 0.653344 0.57341 0.0 0.409164 1.775599 -15.081168 -0.176656 0.008782 12.845295 120.0
197 14165.0 0.667594 0.605888 0.0 0.443622 1.775599 -15.081168 -0.176656 0.008782 12.845295 120.0
198 14165.0 0.694862 0.591298 0.0 0.456485 1.775599 -15.081168 -0.176656 0.008782 12.845295 120.0
199 14165.0 0.702681 0.596592 0.0 0.466917 1.775599 -15.081168 -0.176656 0.008782 12.845295 120.0
200 14165.0 0.698633 0.589366 0.0 0.458325 1.775599 -15.081168 -0.176656 0.008782 12.845295 120.0
201 14165.0 0.695831 0.607493 0.0 0.468833 1.775599 -15.081168 -0.176656 0.008782 12.845295 120.0
202 14165.0 0.675005 0.612909 0.0 0.454935 1.775599 -15.081168 -0.176656 0.008782 12.845295 120.0
203 14165.0 0.680538 0.626896 0.0 0.469603 1.775599 -15.081168 -0.176656 0.008782 12.845295 120.0
204 14165.0 0.684446 0.607512 0.0 0.459142 1.775599 -15.081168 -0.176656 0.008782 12.845295 120.0
205 14165.0 0.685982 0.635766 0.0 0.480555 1.775599 -15.081168 -0.176656 0.008782 12.845295 120.0
206 14165.0 0.711123 0.626871 0.0 0.495657 1.775599 -15.081168 -0.176656 0.008782 12.845295 120.0
207 14165.0 0.692129 0.630254 0.0 0.481872 1.775599 -15.081168 -0.176656 0.008782 12.845295 120.0
208 14165.0 0.687131 0.647387 0.0 0.489802 1.775599 -15.081168 -0.176656 0.008782 12.845295 120.0
209 14165.0 0.698554 0.659218 0.0 0.507957 1.775599 -15.081168 -0.176656 0.008782 12.845295 120.0
210 14165.0 0.685681 0.652492 0.0 0.492199 1.775599 -15.081168 -0.176656 0.008782 12.845295 120.0
211 14165.0 0.699773 0.634611 0.0 0.491488 1.775599 -15.081168 -0.176656 0.008782 12.845295 120.0
212 14165.0 0.730105 0.630907 0.0 0.514708 1.775599 -15.081168 -0.176656 0.008782 12.845295 120.0
213 14165.0 0.725573 0.613998 0.0 0.498814 1.775599 -15.081168 -0.176656 0.008782 12.845295 120.0
214 14165.0 0.738818 0.605733 0.0 0.504223 1.775599 -15.081168 -0.176656 0.008782 12.845295 120.0
215 14165.0 0.705192 0.602516 0.0 0.473271 1.775599 -15.081168 -0.176656 0.008782 12.845295 120.0
216 14165.0 0.69794 0.615846 0.0 0.476574 1.775599 -15.081168 -0.176656 0.008782 12.845295 120.0
217 14165.0 0.657054 0.612756 0.0 0.439525 1.775599 -15.081168 -0.176656 0.008782 12.845295 120.0
218 14165.0 0.660184 0.612194 0.0 0.441792 1.775599 -15.081168 -0.176656 0.008782 12.845295 120.0
219 14165.0 0.639651 0.623835 0.0 0.432573 1.775599 -15.081168 -0.176656 0.008782 12.845295 120.0
220 14165.0 0.658478 0.606197 0.0 0.436071 1.775599 -15.081168 -0.176656 0.008782 12.845295 120.0
221 14165.0 0.665943 0.598498 0.0 0.436956 1.775599 -15.081168 -0.176656 0.008782 12.845295 120.0
222 14165.0 0.6698 0.585653 0.0 0.431105 1.775599 -15.081168 -0.176656 0.008782 12.845295 120.0
223 14165.0 0.665359 0.591673 0.0 0.431603 1.775599 -15.081168 -0.176656 0.008782 12.845295 120.0
224 14165.0 0.692251 0.607256 0.0 0.465613 1.775599 -15.081168 -0.176656 0.008782 12.845295 120.0
225 14165.0 0.72209 0.61579 0.0 0.49712 1.775599 -15.081168 -0.176656 0.008782 12.845295 120.0
226 14165.0 0.751391 0.635856 0.0 0.536374 1.775599 -15.081168 -0.176656 0.008782 12.845295 120.0
227 14165.0 0.755267 0.63623 0.0 0.539944 1.775599 -15.081168 -0.176656 0.008782 12.845295 120.0
228 14165.0 0.762367 0.653067 0.0 0.557976 1.775599 -15.081168 -0.176656 0.008782 12.845295 120.0
229 14165.0 0.744103 0.63902 0.0 0.532413 1.775599 -15.081168 -0.176656 0.008782 12.845295 120.0
230 14165.0 0.749977 0.64477 0.0 0.541511 1.775599 -15.081168 -0.176656 0.008782 12.845295 120.0
231 14165.0 0.757606 0.643035 0.0 0.54678 1.775599 -15.081168 -0.176656 0.008782 12.845295 120.0
232 14165.0 0.760325 0.674128 0.0 0.571221 1.775599 -15.081168 -0.176656 0.008782 12.845295 120.0
233 14165.0 0.75993 0.689284 0.0 0.581668 1.775599 -15.081168 -0.176656 0.008782 12.845295 120.0
234 14165.0 0.743633 0.696144 0.0 0.572657 1.775599 -15.081168 -0.176656 0.008782 12.845295 120.0
235 14165.0 0.753432 0.690867 0.0 0.577254 1.775599 -15.081168 -0.176656 0.008782 12.845295 120.0
236 14165.0 0.763881 0.715913 0.0 0.603982 1.775599 -15.081168 -0.176656 0.008782 12.845295 120.0
237 14165.0 0.764982 0.723046 0.0 0.609995 1.775599 -15.081168 -0.176656 0.008782 12.845295 120.0
238 14165.0 0.778439 0.73911 0.0 0.633132 1.775599 -15.081168 -0.176656 0.008782 12.845295 120.0
239 14165.0 0.79361 0.72945 0.0 0.639241 1.775599 -15.081168 -0.176656 0.008782 12.845295 120.0
240 14165.0 0.790344 0.731968 0.0 0.638247 1.775599 -15.081168 -0.176656 0.008782 12.845295 120.0
241 14165.0 0.8002 0.767099 0.0 0.672597 1.775599 -15.081168 -0.176656 0.008782 12.845295 120.0
242 14165.0 0.834532 0.764189 0.0 0.700325 1.775599 -15.081168 -0.176656 0.008782 12.845295 120.0
243 14165.0 0.843066 0.746201 0.0 0.69455 1.775599 -15.081168 -0.176656 0.008782 12.845295 120.0
244 14165.0 0.854352 0.779908 0.0 0.729099 1.775599 -15.081168 -0.176656 0.008782 12.845295 120.0
245 14165.0 0.856612 0.796106 0.0 0.74295 1.775599 -15.081168 -0.176656 0.008782 12.845295 120.0
246 14165.0 0.853263 0.82673 0.0 0.762506 1.775599 -15.081168 -0.176656 0.008782 12.845295 120.0
247 14165.0 0.845496 0.861444 0.0 0.78122 1.775599 -15.081168 -0.176656 0.008782 12.845295 120.0
248 14165.0 0.871717 0.883221 0.0 0.820007 1.775599 -15.081168 -0.176656 0.008782 12.845295 120.0
249 14165.0 0.882252 0.898806 0.0 0.840606 1.775599 -15.081168 -0.176656 0.008782 12.845295 120.0
250 14165.0 0.909188 0.911667 0.0 0.873412 1.775599 -15.081168 -0.176656 0.008782 12.845295 120.0
251 14165.0 0.898876 0.914074 0.0 0.866269 1.775599 -15.081168 -0.176656 0.008782 12.845295 120.0
252 14165.0 0.90381 0.925392 0.0 0.87862 1.775599 -15.081168 -0.176656 0.008782 12.845295 120.0
253 14165.0 0.92925 0.92967 0.0 0.897001 1.775599 -15.081168 -0.176656 0.008782 12.845295 120.0
254 14165.0 0.94646 0.946294 0.0 0.916401 1.775599 -15.081168 -0.176656 0.008782 12.845295 120.0
255 14165.0 0.927081 0.97962 0.0 0.931928 1.775599 -15.081168 -0.176656 0.008782 12.845295 120.0
256 14165.0 0.920784 0.993718 0.0 0.934326 1.775599 -15.081168 -0.176656 0.008782 12.845295 120.0
257 14165.0 0.928526 1.006775 0.0 0.939869 1.775599 -15.081168 -0.176656 0.008782 12.845295 120.0
258 14165.0 0.91433 1.035632 0.0 0.933563 1.775599 -15.081168 -0.176656 0.008782 12.845295 120.0
259 14165.0 0.912292 1.066495 0.0 0.932308 1.775599 -15.081168 -0.176656 0.008782 12.845295 120.0
260 14165.0 0.935066 1.058575 0.0 0.94349 1.775599 -15.081168 -0.176656 0.008782 12.845295 120.0
261 14165.0 0.952171 1.058321 0.0 0.950739 1.775599 -15.081168 -0.176656 0.008782 12.845295 120.0
262 14165.0 0.957599 1.077403 0.0 0.953467 1.775599 -15.081168 -0.176656 0.008782 12.845295 120.0
263 14165.0 0.951306 1.097105 0.0 0.951237 1.775599 -15.081168 -0.176656 0.008782 12.845295 120.0
264 14165.0 0.964466 1.107337 0.0 0.957047 1.775599 -15.081168 -0.176656 0.008782 12.845295 120.0
265 14165.0 0.970145 1.124656 0.0 0.959843 1.775599 -15.081168 -0.176656 0.008782 12.845295 120.0
266 14165.0 0.945881 1.148245 0.0 0.950077 1.775599 -15.081168 -0.176656 0.008782 12.845295 120.0
267 14165.0 0.939698 1.1225 0.0 0.946881 1.775599 -15.081168 -0.176656 0.008782 12.845295 120.0
268 14165.0 0.959505 1.112026 0.0 0.955048 1.775599 -15.081168 -0.176656 0.008782 12.845295 120.0
269 14165.0 0.98545 1.127602 0.0 0.966399 1.775599 -15.081168 -0.176656 0.008782 12.845295 120.0
270 14165.0 0.988281 1.157543 0.0 0.968268 1.775599 -15.081168 -0.176656 0.008782 12.845295 120.0
271 14165.0 1.00492 1.141053 0.0 0.974957 1.775599 -15.081168 -0.176656 0.008782 12.845295 120.0
272 14165.0 1.016893 1.166419 0.0 0.980601 1.775599 -15.081168 -0.176656 0.008782 12.845295 120.0
273 14165.0 0.991218 1.183421 0.0 0.970091 1.775599 -15.081168 -0.176656 0.008782 12.845295 120.0
274 14165.0 0.969381 1.189199 0.0 0.95695 1.775599 -15.081168 -0.176656 0.008782 12.845295 120.0
275 14165.0 0.980896 1.182999 0.0 0.965704 1.775599 -15.081168 -0.176656 0.008782 12.845295 120.0
276 14165.0 0.992278 1.173817 0.0 0.970326 1.775599 -15.081168 -0.176656 0.008782 12.845295 120.0
277 14165.0 0.977753 1.173777 0.0 0.964165 1.775599 -15.081168 -0.176656 0.008782 12.845295 120.0
278 14165.0 0.981857 1.168504 0.0 0.965788 1.775599 -15.081168 -0.176656 0.008782 12.845295 120.0
279 14165.0 0.979911 1.161573 0.0 0.964808 1.775599 -15.081168 -0.176656 0.008782 12.845295 120.0
280 14165.0 0.972283 1.14353 0.0 0.96117 1.775599 -15.081168 -0.176656 0.008782 12.845295 120.0
281 14165.0 0.98089 1.167762 0.0 0.965361 1.775599 -15.081168 -0.176656 0.008782 12.845295 120.0
282 14165.0 1.009812 1.167918 0.0 0.977631 1.775599 -15.081168 -0.176656 0.008782 12.845295 120.0
283 14165.0 1.005038 1.164869 0.0 0.975539 1.775599 -15.081168 -0.176656 0.008782 12.845295 120.0
284 14165.0 0.98762 1.179452 0.0 0.968476 1.775599 -15.081168 -0.176656 0.008782 12.845295 120.0
285 14165.0 0.970749 1.155434 0.0 0.960785 1.775599 -15.081168 -0.176656 0.008782 12.845295 120.0
286 14165.0 0.978895 1.151695 0.0 0.964156 1.775599 -15.081168 -0.176656 0.008782 12.845295 120.0
287 14165.0 0.981823 1.137288 0.0 0.965077 1.775599 -15.081168 -0.176656 0.008782 12.845295 120.0
