 time p.x p.y p.z deep.node-0 CV opes.bias opes.rct opes.zed opes.neff opes.nker
0 11065.0 -0.949892 0.781508 0.0 -0.655461 1.615696 -16.668955 -0.151878 0.008931 12.845295 118.0
1 11065.0 -0.97041 0.756472 0.0 -0.640629 1.615696 -16.668955 -0.151878 0.008931 12.845295 118.0
2 11065.0 -0.971075 0.749142 0.0 -0.634483 1.615696 -16.668955 -0.151878 0.008931 12.845295 118.0
3 11065.0 -0.955332 0.741225 0.0 -0.622284 1.615696 -16.668955 -0.151878 0.008931 12.845295 118.0
4 11065.0 -0.937218 0.761343 0.0 -0.633652 1.615696 -16.668955 -0.151878 0.008931 12.845295 118.0
5 11065.0 -0.952993 0.745606 0.0 -0.625302 1.615696 -16.668955 -0.151878 0.008931 12.845295 118.0
6 11065.0 -0.942935 0.745057 0.0 -0.621428 1.615696 -16.668955 -0.151878 0.008931 12.845295 118.0
7 11065.0 -0.950445 0.739633 0.0 -0.61925 1.615696 -16.668955 -0.151878 0.008931 12.845295 118.0
8 11065.0 -0.925688 0.744733 0.0 -0.615321 1.615696 -16.668955 -0.151878 0.008931 12.845295 118.0
9 11065.0 -0.906455 0.732933 0.0 -0.598569 1.615696 -16.668955 -0.151878 0.008931 12.845295 118.0
10 11065.0 -0.882842 0.737062 0.0 -0.594183 1.615696 -16.668955 -0.151878 0.008931 12.845295 118.0
11 11065.0 -0.900453 0.737306 0.0 -0.600342 1.615696 -16.668955 -0.151878 0.008931 12.845295 118.0
12 11065.0 -0.876498 0.724843 0.0 -0.581419 1.615696 -16.668955 -0.151878 0.008931 12.845295 118.0
13 11065.0 -0.896529 0.708449 0.0 -0.573178 1.615696 -16.668955 -0.151878 0.008931 12.845295 118.0
14 11065.0 -0.880702 0.686251 0.0 -0.542749 1.615696 -16.668955 -0.151878 0.008931 12.845295 118.0
15 11065.0 -0.88188 0.692436 0.0 -0.549992 1.615696 -16.668955 -0.151878 0.008931 12.845295 118.0
16 11065.0 -0.876857 0.671233 0.0 -0.524786 1.615696 -16.668955 -0.151878 0.008931 12.845295 118.0
17 11065.0 -0.874732 0.671678 0.0 -0.524462 1.615696 -16.668955 -0.151878 0.008931 12.845295 118.0
18 11065.0 -0.880473 0.64707 0.0 -0.502423 1.615696 -16.668955 -0.151878 0.008931 12.845295 118.0
19 11065.0 -0.857882 0.661798 0.0 -0.50717 1.615696 -16.668955 -0.151878 0.008931 12.845295 118.0
20 11065.0 -0.870363 0.64894 0.0 -0.499673 1.615696 -16.668955 -0.151878 0.008931 12.845295 118.0
21 11065.0 -0.853264 0.654499 0.0 -0.497388 1.615696 -16.668955 -0.151878 0.008931 12.845295 118.0
22 11065.0 -0.853573 0.679481 0.0 -0.524943 1.615696 -16.668955 -0.151878 0.008931 12.845295 118.0
23 11065.0 -0.826259 0.680331 0.0 -0.515435 1.615696 -16.668955 -0.151878 0.008931 12.845295 118.0
24 11065.0 -0.827781 0.65403 0.0 -0.486802 1.615696 -16.668955 -0.151878 0.008931 12.845295 118.0
25 11065.0 -0.80182 0.682706 0.0 -0.508124 1.615696 -16.668955 -0.151878 0.008931 12.845295 118.0
26 11065.0 -0.789806 0.667055 0.0 -0.485653 1.615696 -16.668955 -0.151878 0.008931 12.845295 118.0
27 11065.0 -0.780286 0.642544 0.0 -0.454307 1.615696 -16.668955 -0.151878 0.008931 12.845295 118.0
28 11065.0 -0.779748 0.651288 0.0 -0.463862 1.615696 -16.668955 -0.151878 0.008931 12.845295 118.0
29 11065.0 -0.776247 0.659041 0.0 -0.471082 1.615696 -16.668955 -0.151878 0.008931 12.845295 118.0
30 11065.0 -0.762221 0.682192 0.0 -0.491164 1.615696 -16.668955 -0.151878 0.008931 12.845295 118.0
31 11065.0 -0.768229 0.682216 0.0 -0.493677 1.615696 -16.668955 -0.151878 0.008931 12.845295 118.0
32 11065.0 -0.738854 0.670177 0.0 -0.468061 1.615696 -16.668955 -0.151878 0.008931 12.845295 118.0
33 11065.0 -0.747672 0.666935 0.0 -0.468085 1.615696 -16.668955 -0.151878 0.008931 12.845295 118.0
34 11065.0 -0.753246 0.657694 0.0 -0.460058 1.615696 -16.668955 -0.151878 0.008931 12.845295 118.0
35 11065.0 -0.730927 0.662434 0.0 -0.456123 1.615696 -16.668955 -0.151878 0.008931 12.845295 118.0
36 11065.0 -0.708066 0.64232 0.0 -0.424175 1.615696 -16.668955 -0.151878 0.008931 12.845295 118.0
37 11065.0 -0.709691 0.656682 0.0 -0.440905 1.615696 -16.668955 -0.151878 0.008931 12.845295 118.0
38 11065.0 -0.702363 0.630333 0.0 -0.408412 1.615696 -16.668955 -0.151878 0.008931 12.845295 118.0
39 11065.0 -0.701884 0.604508 0.0 -0.379337 1.615696 -16.668955 -0.151878 0.008931 12.845295 118.0
40 11065.0 -0.695119 0.589468 0.0 -0.359721 1.615696 -16.668955 -0.151878 0.008931 12.845295 118.0
41 11065.0 -0.677051 0.574551 0.0 -0.335838 1.615696 -16.668955 -0.151878 0.008931 12.845295 118.0
42 11065.0 -0.674142 0.559098 0.0 -0.319464 1.615696 -16.668955 -0.151878 0.008931 12.845295 118.0
43 11065.0 -0.67701 0.551068 0.0 -0.31163 1.615696 -16.668955 -0.151878 0.008931 12.845295 118.0
44 11065.0 -0.655335 0.534521 0.0 -0.27837 1.615696 -16.668955 -0.151878 0.008931 12.845295 118.0
45 11065.0 -0.629959 0.538521 0.0 -0.267799 1.615696 -16.668955 -0.151878 0.008931 12.845295 118.0
46 11065.0 -0.611425 0.534198 0.0 -0.247733 1.615696 -16.668955 -0.151878 0.008931 12.845295 118.0
47 11065.0 -0.60859 0.554895 0.0 -0.275893 1.615696 -16.668955 -0.151878 0.008931 12.845295 118.0
48 11065.0 -0.602096 0.559261 0.0 -0.278261 1.615696 -16.668955 -0.151878 0.008931 12.845295 118.0
49 11065.0 -0.578137 0.537997 0.0 -0.222044 1.615696 -16.668955 -0.151878 0.008931 12.845295 118.0
50 11065.0 -0.565792 0.538235 0.0 -0.210742 1.615696 -16.668955 -0.151878 0.008931 12.845295 118.0
51 11065.0 -0.56066 0.545818 0.0 -0.219265 1.615696 -16.668955 -0.151878 0.008931 12.845295 118.0
52 11065.0 -0.562369 0.532257 0.0 -0.196928 1.615696 -16.668955 -0.151878 0.008931 12.845295 118.0
53 11065.0 -0.557273 0.536786 0.0 -0.200091 1.615696 -16.668955 -0.151878 0.008931 12.845295 118.0
54 11065.0 -0.528359 0.529746 0.0 -0.169255 1.615696 -16.668955 -0.151878 0.008931 12.845295 118.0
55 11065.0 -0.522882 0.548701 0.0 -0.191376 1.615696 -16.668955 -0.151878 0.008931 12.845295 118.0
56 11065.0 -0.538389 0.542984 0.0 -0.194153 1.615696 -16.668955 -0.151878 0.008931 12.845295 118.0
57 11065.0 -0.5352 0.552639 0.0 -0.207139 1.615696 -16.668955 -0.151878 0.008931 12.845295 118.0
58 11065.0 -0.512411 0.557332 0.0 -0.196008 1.615696 -16.668955 -0.151878 0.008931 12.845295 118.0
59 11065.0 -0.511747 0.546057 0.0 -0.180176 1.615696 -16.668955 -0.151878 0.008931 12.845295 118.0
60 11065.0 -0.498398 0.554045 0.0 -0.181968 1.615696 -16.668955 -0.151878 0.008931 12.845295 118.0
61 11065.0 -0.500319 0.544171 0.0 -0.169809 1.615696 -16.668955 -0.151878 0.008931 12.845295 118.0
62 11065.0 -0.48274 0.546991 0.0 -0.161668 1.615696 -16.668955 -0.151878 0.008931 12.845295 118.0
63 11065.0 -0.480858 0.559696 0.0 -0.177714 1.615696 -16.668955 -0.151878 0.008931 12.845295 118.0
64 11065.0 -0.492611 0.530642 0.0 -0.146099 1.615696 -16.668955 -0.151878 0.008931 12.845295 118.0
65 11065.0 -0.465398 0.528402 0.0 -0.127292 1.615696 -16.668955 -0.151878 0.008931 12.845295 118.0
66 11065.0 -0.44265 0.509367 0.0 -0.100324 1.615696 -16.668955 -0.151878 0.008931 12.845295 118.0
67 11065.0 -0.429431 0.520121 0.0 -0.105445 1.615696 -16.668955 -0.151878 0.008931 12.845295 118.0
68 11065.0 -0.412904 0.538644 0.0 -0.116689 1.615696 -16.668955 -0.151878 0.008931 12.845295 118.0
69 11065.0 -0.382176 0.546712 0.0 -0.112458 1.615696 -16.668955 -0.151878 0.008931 12.845295 118.0
70 11065.0 -0.376492 0.517331 0.0 -0.082249 1.615696 -16.668955 -0.151878 0.008931 12.845295 118.0
71 11065.0 -0.354804 0.506157 0.0 -0.063185 1.615696 -16.668955 -0.151878 0.008931 12.845295 118.0
72 11065.0 -0.355014 0.514291 0.0 -0.071019 1.615696 -16.668955 -0.151878 0.008931 12.845295 118.0
73 11065.0 -0.346189 0.519899 0.0 -0.072941 1.615696 -16.668955 -0.151878 0.008931 12.845295 118.0
74 11065.0 -0.354746 0.530188 0.0 -0.086067 1.615696 -16.668955 -0.151878 0.008931 12.845295 118.0
75 11065.0 -0.323337 0.524943 0.0 -0.068884 1.615696 -16.668955 -0.151878 0.008931 12.845295 118.0
76 11065.0 -0.314116 0.518502 0.0 -0.059167 1.615696 -16.668955 -0.151878 0.008931 12.845295 118.0
77 11065.0 -0.30799 0.497473 0.0 -0.036887 1.615696 -16.668955 -0.151878 0.008931 12.845295 118.0
78 11065.0 -0.293157 0.511688 0.0 -0.044542 1.615696 -16.668955 -0.151878 0.008931 12.845295 118.0
79 11065.0 -0.294826 0.524456 0.0 -0.057358 1.615696 -16.668955 -0.151878 0.008931 12.845295 118.0
80 11065.0 -0.263256 0.514793 0.0 -0.036997 1.615696 -16.668955 -0.151878 0.008931 12.845295 118.0
81 11065.0 -0.262832 0.516023 0.0 -0.037857 1.615696 -16.668955 -0.151878 0.008931 12.845295 118.0
82 11065.0 -0.248033 0.517957 0.0 -0.034838 1.615696 -16.668955 -0.151878 0.008931 12.845295 118.0
83 11065.0 -0.242069 0.534214 0.0 -0.046192 1.615696 -16.668955 -0.151878 0.008931 12.845295 118.0
84 11065.0 -0.229656 0.520037 0.0 -0.030831 1.615696 -16.668955 -0.151878 0.008931 12.845295 118.0
85 11065.0 -0.203759 0.523801 0.0 -0.025854 1.615696 -16.668955 -0.151878 0.008931 12.845295 118.0
86 11065.0 -0.181164 0.521498 0.0 -0.017015 1.615696 -16.668955 -0.151878 0.008931 12.845295 118.0
87 11065.0 -0.167114 0.498062 0.0 0.006194 1.615696 -16.668955 -0.151878 0.008931 12.845295 118.0
88 11065.0 -0.150627 0.481872 0.0 0.021369 1.615696 -16.668955 -0.151878 0.008931 12.845295 118.0
89 11065.0 -0.130702 0.500503 0.0 0.012672 1.615696 -16.668955 -0.151878 0.008931 12.845295 118.0
90 11065.0 -0.133054 0.500168 0.0 0.012434 1.615696 -16.668955 -0.151878 0.008931 12.845295 118.0
91 11065.0 -0.116755 0.491831 0.0 0.01877 1.615696 -16.668955 -0.151878 0.008931 12.845295 118.0
92 11065.0 -0.127234 0.484044 0.0 0.022452 1.615696 -16.668955 -0.151878 0.008931 12.845295 118.0
93 11065.0 -0.126457 0.508138 0.0 0.008334 1.615696 -16.668955 -0.151878 0.008931 12.845295 118.0
94 11065.0 -0.126473 0.49586 0.0 0.016656 1.615696 -16.668955 -0.151878 0.008931 12.845295 118.0
95 11065.0 -0.1171 0.527402 0.0 -0.002881 1.615696 -16.668955 -0.151878 0.008931 12.845295 118.0
96 11065.0 -0.113236 0.530288 0.0 -0.004074 1.615696 -16.668955 -0.151878 0.008931 12.845295 118.0
97 11065.0 -0.097297 0.536594 0.0 -0.005202 1.615696 -16.668955 -0.151878 0.008931 12.845295 118.0
98 11065.0 -0.097088 0.530573 0.0 -0.001078 1.615696 -16.668955 -0.151878 0.008931 12.845295 118.0
99 11065.0 -0.087878 0.533702 0.0 -0.001647 1.615696 -16.668955 -0.151878 0.008931 12.845295 118.0
100 11065.0 -0.083483 0.530309 0.0 0.000537 1.615696 -16.668955 -0.151878 0.008931 12.845295 118.0
101 11065.0 -0.073178 0.504689 0.0 0.011072 1.615696 -16.668955 -0.151878 0.008931 12.845295 118.0
102 11065.0 -0.07906 0.506278 0.0 0.010815 1.615696 -16.668955 -0.151878 0.008931 12.845295 118.0
103 11065.0 -0.077799 0.487384 0.0 0.018104 1.615696 -16.668955 -0.151878 0.008931 12.845295 118.0
104 11065.0 -0.069433 0.5015 0.0 0.012085 1.615696 -16.668955 -0.151878 0.008931 12.845295 118.0
105 11065.0 -0.068424 0.518161 0.0 0.005527 1.615696 -16.668955 -0.151878 0.008931 12.845295 118.0
106 11065.0 -0.086178 0.526945 0.0 0.002288 1.615696 -16.668955 -0.151878 0.008931 12.845295 118.0
107 11065.0 -0.074455 0.542228 0.0 -0.005697 1.615696 -16.668955 -0.151878 0.008931 12.845295 118.0
108 11065.0 -0.055447 0.545031 0.0 -0.005847 1.615696 -16.668955 -0.151878 0.008931 12.845295 118.0
109 11065.0 -0.046286 0.544928 0.0 -0.005584 1.615696 -16.668955 -0.151878 0.008931 12.845295 118.0
110 11065.0 -0.043702 0.546931 0.0 -0.006253 1.615696 -16.668955 -0.151878 0.008931 12.845295 118.0
111 11065.0 -0.029562 0.52115 0.0 0.001967 1.615696 -16.668955 -0.151878 0.008931 12.845295 118.0
112 11065.0 -0.016585 0.518193 0.0 0.002321 1.615696 -16.668955 -0.151878 0.008931 12.845295 118.0
113 11065.0 -0.005598 0.530544 0.0 -0.002005 1.615696 -16.668955 -0.151878 0.008931 12.845295 118.0
114 11065.0 0.018503 0.508899 0.0 0.004149 1.615696 -16.668955 -0.151878 0.008931 12.845295 118.0
115 11065.0 0.00789 0.519637 0.0 0.001068 1.615696 -16.668955 -0.151878 0.008931 12.845295 118.0
116 11065.0 0.022253 0.516757 0.0 0.001656 1.615696 -16.668955 -0.151878 0.008931 12.845295 118.0
117 11065.0 0.057242 0.506372 0.0 0.004123 1.615696 -16.668955 -0.151878 0.008931 12.845295 118.0
118 11065.0 0.05416 0.52206 0.0 -0.000635 1.615696 -16.668955 -0.151878 0.008931 12.845295 118.0
119 11065.0 0.056442 0.519924 0.0 -2.6e-05 1.615696 -16.668955 -0.151878 0.008931 12.845295 118.0
120 11065.0 0.045466 0.528051 0.0 -0.002296 1.615696 -16.668955 -0.151878 0.008931 12.845295 118.0
121 11065.0 0.097418 0.510523 0.0 0.002015 1.615696 -16.668955 -0.151878 0.008931 12.845295 118.0
122 11065.0 0.094557 0.496739 0.0 0.006311 1.615696 -16.668955 -0.151878 0.008931 12.845295 118.0
123 11065.0 0.115988 0.517535 0.0 0.001986 1.615696 -16.668955 -0.151878 0.008931 12.845295 118.0
124 11065.0 0.140847 0.490291 0.0 0.007636 1.615696 -16.668955 -0.151878 0.008931 12.845295 118.0
125 11065.0 0.164147 0.485798 0.0 0.010494 1.615696 -16.668955 -0.151878 0.008931 12.845295 118.0
126 11065.0 0.193674 0.508862 0.0 0.014116 1.615696 -16.668955 -0.151878 0.008931 12.845295 118.0
127 11065.0 0.175996 0.503145 0.0 0.01111 1.615696 -16.668955 -0.151878 0.008931 12.845295 118.0
128 11065.0 0.171811 0.483855 0.0 0.01209 1.615696 -16.668955 -0.151878 0.008931 12.845295 118.0
129 11065.0 0.173371 0.511043 0.0 0.010943 1.615696 -16.668955 -0.151878 0.008931 12.845295 118.0
130 11065.0 0.190314 0.499872 0.0 0.01379 1.615696 -16.668955 -0.151878 0.008931 12.845295 118.0
131 11065.0 0.195864 0.50982 0.0 0.014496 1.615696 -16.668955 -0.151878 0.008931 12.845295 118.0
132 11065.0 0.189308 0.512829 0.0 0.013545 1.615696 -16.668955 -0.151878 0.008931 12.845295 118.0
133 11065.0 0.210086 0.496485 0.0 0.017741 1.615696 -16.668955 -0.151878 0.008931 12.845295 118.0
134 11065.0 0.218717 0.499399 0.0 0.019897 1.615696 -16.668955 -0.151878 0.008931 12.845295 118.0
135 11065.0 0.258839 0.494291 0.0 0.047626 1.615696 -16.668955 -0.151878 0.008931 12.845295 118.0
136 11065.0 0.266813 0.488397 0.0 0.051159 1.615696 -16.668955 -0.151878 0.008931 12.845295 118.0
137 11065.0 0.276732 0.453745 0.0 0.044481 1.615696 -16.668955 -0.151878 0.008931 12.845295 118.0
138 11065.0 0.274286 0.473518 0.0 0.050679 1.615696 -16.668955 -0.151878 0.008931 12.845295 118.0
139 11065.0 0.261584 0.479479 0.0 0.043661 1.615696 -16.668955 -0.151878 0.008931 12.845295 118.0
140 11065.0 0.25108 0.502093 0.0 0.045025 1.615696 -16.668955 -0.151878 0.008931 12.845295 118.0
141 11065.0 0.253184 0.485079 0.0 0.039692 1.615696 -16.668955 -0.151878 0.008931 12.845295 118.0
142 11065.0 0.253261 0.473977 0.0 0.035249 1.615696 -16.668955 -0.151878 0.008931 12.845295 118.0
143 11065.0 0.266297 0.481114 0.0 0.047824 1.615696 -16.668955 -0.151878 0.008931 12.845295 118.0
144 11065.0 0.268096 0.500153 0.0 0.056876 1.615696 -16.668955 -0.151878 0.008931 12.845295 118.0
145 11065.0 0.26055 0.513058 0.0 0.056503 1.615696 -16.668955 -0.151878 0.008931 12.845295 118.0
146 11065.0 0.249995 0.50209 0.0 0.044218 1.615696 -16.668955 -0.151878 0.008931 12.845295 118.0
147 11065.0 0.25137 0.510993 0.0 0.048848 1.615696 -16.668955 -0.151878 0.008931 12.845295 118.0
148 11065.0 0.247226 0.508695 0.0 0.044839 1.615696 -16.668955 -0.151878 0.008931 12.845295 118.0
149 11065.0 0.25435 0.494189 0.0 0.044251 1.615696 -16.668955 -0.151878 0.008931 12.845295 118.0
150 11065.0 0.257607 0.48403 0.0 0.042551 1.615696 -16.668955 -0.151878 0.008931 12.845295 118.0
151 11065.0 0.258824 0.477657 0.0 0.040873 1.615696 -16.668955 -0.151878 0.008931 12.845295 118.0
152 11065.0 0.278347 0.499422 0.0 0.064194 1.615696 -16.668955 -0.151878 0.008931 12.845295 118.0
153 11065.0 0.278085 0.526086 0.0 0.075921 1.615696 -16.668955 -0.151878 0.008931 12.845295 118.0
154 11065.0 0.293665 0.53067 0.0 0.089627 1.615696 -16.668955 -0.151878 0.008931 12.845295 118.0
155 11065.0 0.284927 0.55035 0.0 0.093986 1.615696 -16.668955 -0.151878 0.008931 12.845295 118.0
156 11065.0 0.298953 0.561109 0.0 0.109944 1.615696 -16.668955 -0.151878 0.008931 12.845295 118.0
157 11065.0 0.316353 0.57508 0.0 0.130285 1.615696 -16.668955 -0.151878 0.008931 12.845295 118.0
158 11065.0 0.322922 0.56759 0.0 0.130875 1.615696 -16.668955 -0.151878 0.008931 12.845295 118.0
159 11065.0 0.325415 0.558125 0.0 0.12742 1.615696 -16.668955 -0.151878 0.008931 12.845295 118.0
160 11065.0 0.316414 0.566915 0.0 0.125795 1.615696 -16.668955 -0.151878 0.008931 12.845295 118.0
161 11065.0 0.357548 0.55251 0.0 0.147536 1.615696 -16.668955 -0.151878 0.008931 12.845295 118.0
162 11065.0 0.349271 0.555978 0.0 0.143478 1.615696 -16.668955 -0.151878 0.008931 12.845295 118.0
163 11065.0 0.372624 0.554772 0.0 0.159693 1.615696 -16.668955 -0.151878 0.008931 12.845295 118.0
164 11065.0 0.391503 0.529509 0.0 0.160429 1.615696 -16.668955 -0.151878 0.008931 12.845295 118.0
165 11065.0 0.402703 0.531445 0.0 0.169532 1.615696 -16.668955 -0.151878 0.008931 12.845295 118.0
166 11065.0 0.382973 0.523159 0.0 0.15152 1.615696 -16.668955 -0.151878 0.008931 12.845295 118.0
167 11065.0 0.395351 0.535212 0.0 0.165599 1.615696 -16.668955 -0.151878 0.008931 12.845295 118.0
168 11065.0 0.434686 0.522554 0.0 0.189682 1.615696 -16.668955 -0.151878 0.008931 12.845295 118.0
169 11065.0 0.433341 0.53145 0.0 0.192627 1.615696 -16.668955 -0.151878 0.008931 12.845295 118.0
170 11065.0 0.429832 0.497623 0.0 0.175972 1.615696 -16.668955 -0.151878 0.008931 12.845295 118.0
171 11065.0 0.460973 0.519556 0.0 0.210045 1.615696 -16.668955 -0.151878 0.008931 12.845295 118.0
172 11065.0 0.494641 0.542963 0.0 0.252832 1.615696 -16.668955 -0.151878 0.008931 12.845295 118.0
173 11065.0 0.526766 0.544608 0.0 0.281877 1.615696 -16.668955 -0.151878 0.008931 12.845295 118.0
174 11065.0 0.541505 0.557566 0.0 0.302226 1.615696 -16.668955 -0.151878 0.008931 12.845295 118.0
175 11065.0 0.551278 0.561808 0.0 0.313215 1.615696 -16.668955 -0.151878 0.008931 12.845295 118.0
176 11065.0 0.579684 0.552821 0.0 0.332889 1.615696 -16.668955 -0.151878 0.008931 12.845295 118.0
177 11065.0 0.620004 0.564743 0.0 0.375016 1.615696 -16.668955 -0.151878 0.008931 12.845295 118.0
178 11065.0 0.621296 0.579094 0.0 0.385094 1.615696 -16.668955 -0.151878 0.008931 12.845295 118.0
179 11065.0 0.616364 0.565394 0.0 0.372206 1.615696 -16.668955 -0.151878 0.008931 12.845295 118.0
180 11065.0 0.624341 0.584485 0.0 0.391525 1.615696 -16.668955 -0.151878 0.008931 12.845295 118.0
181 11065.0 0.647766 0.601564 0.0 0.423643 1.615696 -16.668955 -0.151878 0.008931 12.845295 118.0
182 11065.0 0.675849 0.597724 0.0 0.44485 1.615696 -16.668955 -0.151878 0.008931 12.845295 118.0
183 11065.0 0.679893 0.587236 0.0 0.440835 1.615696 -16.668955 -0.151878 0.008931 12.845295 118.0
184 11065.0 0.662084 0.608909 0.0 0.441075 1.615696 -16.668955 -0.151878 0.008931 12.845295 118.0
185 11065.0 0.668351 0.613746 0.0 0.449859 1.615696 -16.668955 -0.151878 0.008931 12.845295 118.0
186 11065.0 0.65802 0.649535 0.0 0.466517 1.615696 -16.668955 -0.151878 0.008931 12.845295 118.0
187 11065.0 0.655098 0.642399 0.0 0.458949 1.615696 -16.668955 -0.151878 0.008931 12.845295 118.0
188 11065.0 0.642981 0.649031 0.0 0.453338 1.615696 -16.668955 -0.151878 0.008931 12.845295 118.0
189 11065.0 0.655072 0.645434 0.0 0.461086 1.615696 -16.668955 -0.151878 0.008931 12.845295 118.0
190 11065.0 0.676382 0.636132 0.0 0.472632 1.615696 -16.668955 -0.151878 0.008931 12.845295 118.0
191 11065.0 0.671668 0.652379 0.0 0.480173 1.615696 -16.668955 -0.151878 0.008931 12.845295 118.0
192 11065.0 0.693503 0.635985 0.0 0.487122 1.615696 -16.668955 -0.151878 0.008931 12.845295 118.0
193 11065.0 0.707917 0.639935 0.0 0.502219 1.615696 -16.668955 -0.151878 0.008931 12.845295 118.0
194 11065.0 0.721001 0.631042 0.0 0.507043 1.615696 -16.668955 -0.151878 0.008931 12.845295 118.0
195 11065.0 0.722703 0.642783 0.0 0.516849 1.615696 -16.668955 -0.151878 0.008931 12.845295 118.0
196 11065.0 0.714207 0.646345 0.0 0.512141 1.615696 -16.668955 -0.151878 0.008931 12.845295 118.0
197 11065.0 0.71264 0.628974 0.0 0.498446 1.615696 -16.668955 -0.151878 0.008931 12.845295 118.0
198 11065.0 0.700764 0.655147 0.0 0.506945 1.615696 -16.668955 -0.151878 0.008931 12.845295 118.0
199 11065.0 0.693272 0.648966 0.0 0.496161 1.615696 -16.668955 -0.151878 0.008931 12.845295 118.0
200 11065.0 0.687442 0.673516 0.0 0.508658 1.615696 -16.668955 -0.151878 0.008931 12.845295 118.0
201 11065.0 0.683533 0.671099 0.0 0.503607 1.615696 -16.668955 -0.151878 0.008931 12.845295 118.0
202 11065.0 0.670295 0.64039 0.0 0.470473 1.615696 -16.668955 -0.151878 0.008931 12.845295 118.0
203 11065.0 0.691612 0.655474 0.0 0.499376 1.615696 -16.668955 -0.151878 0.008931 12.845295 118.0
204 11065.0 0.682311 0.619183 0.0 0.465627 1.615696 -16.668955 -0.151878 0.008931 12.845295 118.0
205 11065.0 0.70771 0.619473 0.0 0.487483 1.615696 -16.668955 -0.151878 0.008931 12.845295 118.0
206 11065.0 0.695609 0.628699 0.0 0.483733 1.615696 -16.668955 -0.151878 0.008931 12.845295 118.0
207 11065.0 0.687412 0.61225 0.0 0.465042 1.615696 -16.668955 -0.151878 0.008931 12.845295 118.0
208 11065.0 0.681254 0.611865 0.0 0.459519 1.615696 -16.668955 -0.151878 0.008931 12.845295 118.0
209 11065.0 0.698946 0.581763 0.0 0.453858 1.615696 -16.668955 -0.151878 0.008931 12.845295 118.0
210 11065.0 0.683545 0.595957 0.0 0.450153 1.615696 -16.668955 -0.151878 0.008931 12.845295 118.0
211 11065.0 0.691114 0.591647 0.0 0.453538 1.615696 -16.668955 -0.151878 0.008931 12.845295 118.0
212 11065.0 0.702729 0.592989 0.0 0.464393 1.615696 -16.668955 -0.151878 0.008931 12.845295 118.0
213 11065.0 0.698705 0.587518 0.0 0.457071 1.615696 -16.668955 -0.151878 0.008931 12.845295 118.0
214 11065.0 0.703415 0.597737 0.0 0.468357 1.615696 -16.668955 -0.151878 0.008931 12.845295 118.0
215 11065.0 0.686093 0.613854 0.0 0.465059 1.615696 -16.668955 -0.151878 0.008931 12.845295 118.0
216 11065.0 0.678777 0.611386 0.0 0.457066 1.615696 -16.668955 -0.151878 0.008931 12.845295 118.0
217 11065.0 0.681913 0.619261 0.0 0.465343 1.615696 -16.668955 -0.151878 0.008931 12.845295 118.0
218 11065.0 0.672354 0.61488 0.0 0.454077 1.615696 -16.668955 -0.151878 0.008931 12.845295 118.0
219 11065.0 0.68363 0.61954 0.0 0.467005 1.615696 -16.668955 -0.151878 0.008931 12.845295 118.0
220 11065.0 0.687218 0.606754 0.0 0.460966 1.615696 -16.668955 -0.151878 0.008931 12.845295 118.0
221 11065.0 0.689073 0.598033 0.0 0.456342 1.615696 -16.668955 -0.151878 0.008931 12.845295 118.0
222 11065.0 0.69031 0.584641 0.0 0.44796 1.615696 -16.668955 -0.151878 0.008931 12.845295 118.0
223 11065.0 0.694549 0.583814 0.0 0.451192 1.615696 -16.668955 -0.151878 0.008931 12.845295 118.0
224 11065.0 0.7089 0.591776 0.0 0.468791 1.615696 -16.668955 -0.151878 0.008931 12.845295 118.0
225 11065.0 0.722746 0.613133 0.0 0.495789 1.615696 -16.668955 -0.151878 0.008931 12.845295 118.0
226 11065.0 0.72423 0.580438 0.0 0.47521 1.615696 -16.668955 -0.151878 0.008931 12.845295 118.0
227 11065.0 0.749066 0.568607 0.0 0.490125 1.615696 -16.668955 -0.151878 0.008931 12.845295 118.0
228 11065.0 0.754892 0.577216 0.0 0.500175 1.615696 -16.668955 -0.151878 0.008931 12.845295 118.0
229 11065.0 0.760751 0.588349 0.0 0.511706 1.615696 -16.668955 -0.151878 0.008931 12.845295 118.0
230 11065.0 0.766177 0.59981 0.0 0.52333 1.615696 -16.668955 -0.151878 0.008931 12.845295 118.0
231 11065.0 0.78038 0.610094 0.0 0.542755 1.615696 -16.668955 -0.151878 0.008931 12.845295 118.0
232 11065.0 0.763739 0.625607 0.0 0.539607 1.615696 -16.668955 -0.151878 0.008931 12.845295 118.0
233 11065.0 0.7476 0.634559 0.0 0.53222 1.615696 -16.668955 -0.151878 0.008931 12.845295 118.0
234 11065.0 0.772279 0.663443 0.0 0.573807 1.615696 -16.668955 -0.151878 0.008931 12.845295 118.0
235 11065.0 0.767643 0.670373 0.0 0.574786 1.615696 -16.668955 -0.151878 0.008931 12.845295 118.0
236 11065.0 0.752669 0.682292 0.0 0.570503 1.615696 -16.668955 -0.151878 0.008931 12.845295 118.0
237 11065.0 0.740665 0.673834 0.0 0.554253 1.615696 -16.668955 -0.151878 0.008931 12.845295 118.0
238 11065.0 0.739462 0.661072 0.0 0.544147 1.615696 -16.668955 -0.151878 0.008931 12.845295 118.0
239 11065.0 0.740568 0.686993 0.0 0.563532 1.615696 -16.668955 -0.151878 0.008931 12.845295 118.0
240 11065.0 0.715647 0.694962 0.0 0.54796 1.615696 -16.668955 -0.151878 0.008931 12.845295 118.0
241 11065.0 0.729636 0.701311 0.0 0.564401 1.615696 -16.668955 -0.151878 0.008931 12.845295 118.0
242 11065.0 0.701124 0.701858 0.0 0.540487 1.615696 -16.668955 -0.151878 0.008931 12.845295 118.0
243 11065.0 0.722952 0.69166 0.0 0.551838 1.615696 -16.668955 -0.151878 0.008931 12.845295 118.0
244 11065.0 0.741657 0.690874 0.0 0.567223 1.615696 -16.668955 -0.151878 0.008931 12.845295 118.0
245 11065.0 0.772419 0.677745 0.0 0.584103 1.615696 -16.668955 -0.151878 0.008931 12.845295 118.0
246 11065.0 0.775572 0.712411 0.0 0.611456 1.615696 -16.668955 -0.151878 0.008931 12.845295 118.0
247 11065.0 0.749073 0.682606 0.0 0.567661 1.615696 -16.668955 -0.151878 0.008931 12.845295 118.0
248 11065.0 0.732472 0.679444 0.0 0.551261 1.615696 -16.668955 -0.151878 0.008931 12.845295 118.0
249 11065.0 0.718422 0.696984 0.0 0.551765 1.615696 -16.668955 -0.151878 0.008931 12.845295 118.0
250 11065.0 0.735796 0.693108 0.0 0.563816 1.615696 -16.668955 -0.151878 0.008931 12.845295 118.0
251 11065.0 0.733472 0.700364 0.0 0.566998 1.615696 -16.668955 -0.151878 0.008931 12.845295 118.0
252 11065.0 0.734477 0.702788 0.0 0.56958 1.615696 -16.668955 -0.151878 0.008931 12.845295 118.0
253 11065.0 0.745867 0.704523 0.0 0.580522 1.615696 -16.668955 -0.151878 0.008931 12.845295 118.0
254 11065.0 0.753057 0.724327 0.0 0.600742 1.615696 -16.668955 -0.151878 0.008931 12.845295 118.0
255 11065.0 0.773245 0.725704 0.0 0.61893 1.615696 -16.668955 -0.151878 0.008931 12.845295 118.0
256 11065.0 0.775716 0.752592 0.0 0.640655 1.615696 -16.668955 -0.151878 0.008931 12.845295 118.0
257 11065.0 0.792664 0.768842 0.0 0.66732 1.615696 -16.668955 -0.151878 0.008931 12.845295 118.0
258 11065.0 0.827469 0.782572 0.0 0.707669 1.615696 -16.668955 -0.151878 0.008931 12.845295 118.0
259 11065.0 0.853531 0.797748 0.0 0.741475 1.615696 -16.668955 -0.151878 0.008931 12.845295 118.0
260 11065.0 0.843521 0.813865 0.0 0.744593 1.615696 -16.668955 -0.151878 0.008931 12.845295 118.0
261 11065.0 0.826453 0.816841 0.0 0.731929 1.615696 -16.668955 -0.151878 0.008931 12.845295 118.0
262 11065.0 0.823552 0.838951 0.0 0.745629 1.615696 -16.668955 -0.151878 0.008931 12.845295 118.0
263 11065.0 0.839382 0.85666 0.0 0.772392 1.615696 -16.668955 -0.151878 0.008931 12.845295 118.0
264 11065.0 0.862272 0.900311 0.0 0.824331 1.615696 -16.668955 -0.151878 0.008931 12.845295 118.0
265 11065.0 0.876679 0.924205 0.0 0.854394 1.615696 -16.668955 -0.151878 0.008931 12.845295 118.0
266 11065.0 0.883664 0.923345 0.0 0.859839 1.615696 -16.668955 -0.151878 0.008931 12.845295 118.0
267 11065.0 0.858245 0.946547 0.0 0.85473 1.615696 -16.668955 -0.151878 0.008931 12.845295 118.0
268 11065.0 0.873159 0.970649 0.0 0.884732 1.615696 -16.668955 -0.151878 0.008931 12.845295 118.0
269 11065.0 0.907347 1.005121 0.0 0.927489 1.615696 -16.668955 -0.151878 0.008931 12.845295 118.0
270 11065.0 0.938359 1.028685 0.0 0.94422 1.615696 -16.668955 -0.151878 0.008931 12.845295 118.0
271 11065.0 0.945677 1.057465 0.0 0.947966 1.615696 -16.668955 -0.151878 0.008931 12.845295 118.0
272 11065.0 0.9644 1.081171 0.0 0.956436 1.615696 -16.668955 -0.151878 0.008931 12.845295 118.0
273 11065.0 0.942081 1.113735 0.0 0.947696 1.615696 -16.668955 -0.151878 0.008931 12.845295 118.0
274 11065.0 0.928793 1.120911 0.0 0.94222 1.615696 -16.668955 -0.151878 0.008931 12.845295 118.0
275 11065.0 0.942621 1.124504 0.0 0.948165 1.615696 -16.668955 -0.151878 0.008931 12.845295 118.0
276 11065.0 0.98081 1.106012 0.0 0.96395 1.615696 -16.668955 -0.151878 0.008931 12.845295 118.0
277 11065.0 0.956382 1.125604 0.0 0.954026 1.615696 -16.668955 -0.151878 0.008931 12.845295 118.0
278 11065.0 0.942967 1.130447 0.0 0.948444 1.615696 -16.668955 -0.151878 0.008931 12.845295 118.0
279 11065.0 0.954236 1.123687 0.0 0.953073 1.615696 -16.668955 -0.151878 0.008931 12.845295 118.0
280 11065.0 0.970507 1.142117 0.0 0.960386 1.615696 -16.668955 -0.151878 0.008931 12.845295 118.0
281 11065.0 0.973856 1.147264 0.0 0.96192 1.615696 -16.668955 -0.151878 0.008931 12.845295 118.0
282 11065.0 0.950296 1.140964 0.0 0.951788 1.615696 -16.668955 -0.151878 0.008931 12.845295 118.0
283 11065.0 0.952251 1.15577 0.0 0.952947 1.615696 -16.668955 -0.151878 0.008931 12.845295 118.0
284 11065.0 0.968282 1.145608 0.0 0.95952 1.615696 -16.668955 -0.151878 0.008931 12.845295 118.0
285 11065.0 0.979555 1.168953 0.0 0.964822 1.615696 -16.668955 -0.151878 0.008931 12.845295 118.0
286 11065.0 0.969583 1.165609 0.0 0.960518 1.615696 -16.668955 -0.151878 0.008931 12.845295 118.0
287 11065.0 0.969134 1.161511 0.0 0.960236 1.615696 -16.668955 -0.151878 0.008931 12.845295 118.0
