 time p.x p.y p.z deep.node-0 CV opes.bias opes.rct opes.zed opes.neff opes.nker
0 12535.0 -0.928241 1.027037 0.0 -0.838214 1.660832 -15.73738 -0.164394 0.008638 12.845295 122.0
1 12535.0 -0.915209 1.014963 0.0 -0.827634 1.660832 -15.73738 -0.164394 0.008638 12.845295 122.0
2 12535.0 -0.934045 1.009291 0.0 -0.829406 1.660832 -15.73738 -0.164394 0.008638 12.845295 122.0
3 12535.0 -0.921105 0.999072 0.0 -0.819921 1.660832 -15.73738 -0.164394 0.008638 12.845295 122.0
4 12535.0 -0.955318 1.005118 0.0 -0.832714 1.660832 -15.73738 -0.164394 0.008638 12.845295 122.0
5 12535.0 -0.948137 0.982405 0.0 -0.817491 1.660832 -15.73738 -0.164394 0.008638 12.845295 122.0
6 12535.0 -0.931893 0.96617 0.0 -0.803289 1.660832 -15.73738 -0.164394 0.008638 12.845295 122.0
7 12535.0 -0.95199 0.966065 0.0 -0.808809 1.660832 -15.73738 -0.164394 0.008638 12.845295 122.0
8 12535.0 -0.943031 0.954954 0.0 -0.799656 1.660832 -15.73738 -0.164394 0.008638 12.845295 122.0
9 12535.0 -0.94336 0.926881 0.0 -0.778474 1.660832 -15.73738 -0.164394 0.008638 12.845295 122.0
10 12535.0 -0.937332 0.899173 0.0 -0.753113 1.660832 -15.73738 -0.164394 0.008638 12.845295 122.0
11 12535.0 -0.926191 0.874536 0.0 -0.728566 1.660832 -15.73738 -0.164394 0.008638 12.845295 122.0
12 12535.0 -0.944711 0.871469 0.0 -0.73188 1.660832 -15.73738 -0.164394 0.008638 12.845295 122.0
13 12535.0 -0.93589 0.869074 0.0 -0.727073 1.660832 -15.73738 -0.164394 0.008638 12.845295 122.0
14 12535.0 -0.935448 0.842294 0.0 -0.70357 1.660832 -15.73738 -0.164394 0.008638 12.845295 122.0
15 12535.0 -0.898372 0.823768 0.0 -0.674911 1.660832 -15.73738 -0.164394 0.008638 12.845295 122.0
16 12535.0 -0.887405 0.79706 0.0 -0.647922 1.660832 -15.73738 -0.164394 0.008638 12.845295 122.0
17 12535.0 -0.887487 0.765473 0.0 -0.620445 1.660832 -15.73738 -0.164394 0.008638 12.845295 122.0
18 12535.0 -0.87874 0.762805 0.0 -0.615172 1.660832 -15.73738 -0.164394 0.008638 12.845295 122.0
19 12535.0 -0.877995 0.725564 0.0 -0.582551 1.660832 -15.73738 -0.164394 0.008638 12.845295 122.0
20 12535.0 -0.870256 0.722532 0.0 -0.577302 1.660832 -15.73738 -0.164394 0.008638 12.845295 122.0
21 12535.0 -0.857768 0.687358 0.0 -0.535197 1.660832 -15.73738 -0.164394 0.008638 12.845295 122.0
22 12535.0 -0.858794 0.667446 0.0 -0.513722 1.660832 -15.73738 -0.164394 0.008638 12.845295 122.0
23 12535.0 -0.880605 0.626374 0.0 -0.482831 1.660832 -15.73738 -0.164394 0.008638 12.845295 122.0
24 12535.0 -0.846133 0.623607 0.0 -0.464414 1.660832 -15.73738 -0.164394 0.008638 12.845295 122.0
25 12535.0 -0.832096 0.612926 0.0 -0.447334 1.660832 -15.73738 -0.164394 0.008638 12.845295 122.0
26 12535.0 -0.836179 0.596975 0.0 -0.433827 1.660832 -15.73738 -0.164394 0.008638 12.845295 122.0
27 12535.0 -0.832265 0.607982 0.0 -0.442622 1.660832 -15.73738 -0.164394 0.008638 12.845295 122.0
28 12535.0 -0.821167 0.612697 0.0 -0.441874 1.660832 -15.73738 -0.164394 0.008638 12.845295 122.0
29 12535.0 -0.827435 0.610026 0.0 -0.442289 1.660832 -15.73738 -0.164394 0.008638 12.845295 122.0
30 12535.0 -0.822215 0.597247 0.0 -0.427399 1.660832 -15.73738 -0.164394 0.008638 12.845295 122.0
31 12535.0 -0.814208 0.599763 0.0 -0.426001 1.660832 -15.73738 -0.164394 0.008638 12.845295 122.0
32 12535.0 -0.79767 0.583975 0.0 -0.402772 1.660832 -15.73738 -0.164394 0.008638 12.845295 122.0
33 12535.0 -0.78574 0.578799 0.0 -0.392038 1.660832 -15.73738 -0.164394 0.008638 12.845295 122.0
34 12535.0 -0.790093 0.562651 0.0 -0.378469 1.660832 -15.73738 -0.164394 0.008638 12.845295 122.0
35 12535.0 -0.773561 0.522114 0.0 -0.33125 1.660832 -15.73738 -0.164394 0.008638 12.845295 122.0
36 12535.0 -0.772409 0.510194 0.0 -0.319142 1.660832 -15.73738 -0.164394 0.008638 12.845295 122.0
37 12535.0 -0.759132 0.48502 0.0 -0.281388 1.660832 -15.73738 -0.164394 0.008638 12.845295 122.0
38 12535.0 -0.762028 0.488101 0.0 -0.286888 1.660832 -15.73738 -0.164394 0.008638 12.845295 122.0
39 12535.0 -0.750373 0.489997 0.0 -0.282104 1.660832 -15.73738 -0.164394 0.008638 12.845295 122.0
40 12535.0 -0.740341 0.484186 0.0 -0.268953 1.660832 -15.73738 -0.164394 0.008638 12.845295 122.0
41 12535.0 -0.723308 0.502597 0.0 -0.280945 1.660832 -15.73738 -0.164394 0.008638 12.845295 122.0
42 12535.0 -0.709549 0.522297 0.0 -0.29649 1.660832 -15.73738 -0.164394 0.008638 12.845295 122.0
43 12535.0 -0.681554 0.4952 0.0 -0.246584 1.660832 -15.73738 -0.164394 0.008638 12.845295 122.0
44 12535.0 -0.657508 0.48216 0.0 -0.203859 1.660832 -15.73738 -0.164394 0.008638 12.845295 122.0
45 12535.0 -0.631299 0.495263 0.0 -0.200654 1.660832 -15.73738 -0.164394 0.008638 12.845295 122.0
46 12535.0 -0.615624 0.507224 0.0 -0.20578 1.660832 -15.73738 -0.164394 0.008638 12.845295 122.0
47 12535.0 -0.603615 0.519965 0.0 -0.215814 1.660832 -15.73738 -0.164394 0.008638 12.845295 122.0
48 12535.0 -0.583932 0.502508 0.0 -0.171169 1.660832 -15.73738 -0.164394 0.008638 12.845295 122.0
49 12535.0 -0.580131 0.492209 0.0 -0.154834 1.660832 -15.73738 -0.164394 0.008638 12.845295 122.0
50 12535.0 -0.585888 0.507346 0.0 -0.17896 1.660832 -15.73738 -0.164394 0.008638 12.845295 122.0
51 12535.0 -0.576401 0.4997 0.0 -0.162185 1.660832 -15.73738 -0.164394 0.008638 12.845295 122.0
52 12535.0 -0.581005 0.491961 0.0 -0.155115 1.660832 -15.73738 -0.164394 0.008638 12.845295 122.0
53 12535.0 -0.547417 0.466877 0.0 -0.101984 1.660832 -15.73738 -0.164394 0.008638 12.845295 122.0
54 12535.0 -0.535846 0.483984 0.0 -0.113159 1.660832 -15.73738 -0.164394 0.008638 12.845295 122.0
55 12535.0 -0.515281 0.470564 0.0 -0.092516 1.660832 -15.73738 -0.164394 0.008638 12.845295 122.0
56 12535.0 -0.507675 0.473151 0.0 -0.09186 1.660832 -15.73738 -0.164394 0.008638 12.845295 122.0
57 12535.0 -0.498429 0.472841 0.0 -0.08787 1.660832 -15.73738 -0.164394 0.008638 12.845295 122.0
58 12535.0 -0.509829 0.456656 0.0 -0.077477 1.660832 -15.73738 -0.164394 0.008638 12.845295 122.0
59 12535.0 -0.508438 0.44251 0.0 -0.063845 1.660832 -15.73738 -0.164394 0.008638 12.845295 122.0
60 12535.0 -0.49738 0.455239 0.0 -0.07118 1.660832 -15.73738 -0.164394 0.008638 12.845295 122.0
61 12535.0 -0.477841 0.441511 0.0 -0.050663 1.660832 -15.73738 -0.164394 0.008638 12.845295 122.0
62 12535.0 -0.462979 0.438734 0.0 -0.042143 1.660832 -15.73738 -0.164394 0.008638 12.845295 122.0
63 12535.0 -0.432851 0.424349 0.0 -0.017916 1.660832 -15.73738 -0.164394 0.008638 12.845295 122.0
64 12535.0 -0.441419 0.438963 0.0 -0.033717 1.660832 -15.73738 -0.164394 0.008638 12.845295 122.0
65 12535.0 -0.441886 0.459277 0.0 -0.052679 1.660832 -15.73738 -0.164394 0.008638 12.845295 122.0
66 12535.0 -0.421371 0.470405 0.0 -0.054933 1.660832 -15.73738 -0.164394 0.008638 12.845295 122.0
67 12535.0 -0.412785 0.472156 0.0 -0.053271 1.660832 -15.73738 -0.164394 0.008638 12.845295 122.0
68 12535.0 -0.403485 0.463813 0.0 -0.041712 1.660832 -15.73738 -0.164394 0.008638 12.845295 122.0
69 12535.0 -0.410342 0.46645 0.0 -0.046885 1.660832 -15.73738 -0.164394 0.008638 12.845295 122.0
70 12535.0 -0.39402 0.478005 0.0 -0.051566 1.660832 -15.73738 -0.164394 0.008638 12.845295 122.0
71 12535.0 -0.364005 0.476815 0.0 -0.038788 1.660832 -15.73738 -0.164394 0.008638 12.845295 122.0
72 12535.0 -0.364421 0.483556 0.0 -0.045374 1.660832 -15.73738 -0.164394 0.008638 12.845295 122.0
73 12535.0 -0.355147 0.479635 0.0 -0.038039 1.660832 -15.73738 -0.164394 0.008638 12.845295 122.0
74 12535.0 -0.333637 0.505226 0.0 -0.054086 1.660832 -15.73738 -0.164394 0.008638 12.845295 122.0
75 12535.0 -0.340044 0.51006 0.0 -0.061179 1.660832 -15.73738 -0.164394 0.008638 12.845295 122.0
76 12535.0 -0.353834 0.504829 0.0 -0.061543 1.660832 -15.73738 -0.164394 0.008638 12.845295 122.0
77 12535.0 -0.35156 0.505515 0.0 -0.061315 1.660832 -15.73738 -0.164394 0.008638 12.845295 122.0
78 12535.0 -0.325215 0.50567 0.0 -0.051242 1.660832 -15.73738 -0.164394 0.008638 12.845295 122.0
79 12535.0 -0.339879 0.498231 0.0 -0.04984 1.660832 -15.73738 -0.164394 0.008638 12.845295 122.0
80 12535.0 -0.308047 0.498263 0.0 -0.03754 1.660832 -15.73738 -0.164394 0.008638 12.845295 122.0
81 12535.0 -0.319799 0.508672 0.0 -0.052002 1.660832 -15.73738 -0.164394 0.008638 12.845295 122.0
82 12535.0 -0.296232 0.491256 0.0 -0.028247 1.660832 -15.73738 -0.164394 0.008638 12.845295 122.0
83 12535.0 -0.290323 0.48924 0.0 -0.024797 1.660832 -15.73738 -0.164394 0.008638 12.845295 122.0
84 12535.0 -0.291098 0.466691 0.0 -0.006886 1.660832 -15.73738 -0.164394 0.008638 12.845295 122.0
85 12535.0 -0.292081 0.465866 0.0 -0.006526 1.660832 -15.73738 -0.164394 0.008638 12.845295 122.0
86 12535.0 -0.30534 0.472477 0.0 -0.015947 1.660832 -15.73738 -0.164394 0.008638 12.845295 122.0
87 12535.0 -0.2714 0.470294 0.0 -0.003697 1.660832 -15.73738 -0.164394 0.008638 12.845295 122.0
88 12535.0 -0.234542 0.457513 0.0 0.017987 1.660832 -15.73738 -0.164394 0.008638 12.845295 122.0
89 12535.0 -0.217032 0.478179 0.0 0.006766 1.660832 -15.73738 -0.164394 0.008638 12.845295 122.0
90 12535.0 -0.191697 0.504695 0.0 -0.006745 1.660832 -15.73738 -0.164394 0.008638 12.845295 122.0
91 12535.0 -0.166719 0.489774 0.0 0.012832 1.660832 -15.73738 -0.164394 0.008638 12.845295 122.0
92 12535.0 -0.154198 0.491875 0.0 0.013881 1.660832 -15.73738 -0.164394 0.008638 12.845295 122.0
93 12535.0 -0.153577 0.518667 0.0 -0.006206 1.660832 -15.73738 -0.164394 0.008638 12.845295 122.0
94 12535.0 -0.131539 0.515033 0.0 0.002654 1.660832 -15.73738 -0.164394 0.008638 12.845295 122.0
95 12535.0 -0.111183 0.511161 0.0 0.009301 1.660832 -15.73738 -0.164394 0.008638 12.845295 122.0
96 12535.0 -0.115965 0.507996 0.0 0.010502 1.660832 -15.73738 -0.164394 0.008638 12.845295 122.0
97 12535.0 -0.099996 0.522769 0.0 0.00364 1.660832 -15.73738 -0.164394 0.008638 12.845295 122.0
98 12535.0 -0.110866 0.521484 0.0 0.002364 1.660832 -15.73738 -0.164394 0.008638 12.845295 122.0
99 12535.0 -0.146696 0.51929 0.0 -0.004581 1.660832 -15.73738 -0.164394 0.008638 12.845295 122.0
100 12535.0 -0.146602 0.546692 0.0 -0.026609 1.660832 -15.73738 -0.164394 0.008638 12.845295 122.0
101 12535.0 -0.134967 0.543628 0.0 -0.020545 1.660832 -15.73738 -0.164394 0.008638 12.845295 122.0
102 12535.0 -0.129371 0.541773 0.0 -0.017323 1.660832 -15.73738 -0.164394 0.008638 12.845295 122.0
103 12535.0 -0.117624 0.519589 0.0 0.002314 1.660832 -15.73738 -0.164394 0.008638 12.845295 122.0
104 12535.0 -0.103031 0.51345 0.0 0.008957 1.660832 -15.73738 -0.164394 0.008638 12.845295 122.0
105 12535.0 -0.095698 0.505258 0.0 0.012238 1.660832 -15.73738 -0.164394 0.008638 12.845295 122.0
106 12535.0 -0.05984 0.520007 0.0 0.004278 1.660832 -15.73738 -0.164394 0.008638 12.845295 122.0
107 12535.0 -0.057478 0.505573 0.0 0.00976 1.660832 -15.73738 -0.164394 0.008638 12.845295 122.0
108 12535.0 -0.0506 0.506589 0.0 0.008941 1.660832 -15.73738 -0.164394 0.008638 12.845295 122.0
109 12535.0 -0.044663 0.504426 0.0 0.009418 1.660832 -15.73738 -0.164394 0.008638 12.845295 122.0
110 12535.0 -0.036157 0.506517 0.0 0.008079 1.660832 -15.73738 -0.164394 0.008638 12.845295 122.0
111 12535.0 -0.019949 0.517934 0.0 0.002629 1.660832 -15.73738 -0.164394 0.008638 12.845295 122.0
112 12535.0 -0.017638 0.524607 0.0 6.9e-05 1.660832 -15.73738 -0.164394 0.008638 12.845295 122.0
113 12535.0 -0.0235 0.532908 0.0 -0.002361 1.660832 -15.73738 -0.164394 0.008638 12.845295 122.0
114 12535.0 -0.005995 0.521579 0.0 0.000759 1.660832 -15.73738 -0.164394 0.008638 12.845295 122.0
115 12535.0 -0.03477 0.526261 0.0 0.000296 1.660832 -15.73738 -0.164394 0.008638 12.845295 122.0
116 12535.0 0.013007 0.537087 0.0 -0.004402 1.660832 -15.73738 -0.164394 0.008638 12.845295 122.0
117 12535.0 0.03499 0.550285 0.0 -0.008913 1.660832 -15.73738 -0.164394 0.008638 12.845295 122.0
118 12535.0 0.043176 0.537078 0.0 -0.005023 1.660832 -15.73738 -0.164394 0.008638 12.845295 122.0
119 12535.0 0.063127 0.515066 0.0 0.001329 1.660832 -15.73738 -0.164394 0.008638 12.845295 122.0
120 12535.0 0.066947 0.507623 0.0 0.003538 1.660832 -15.73738 -0.164394 0.008638 12.845295 122.0
121 12535.0 0.075073 0.49661 0.0 0.006755 1.660832 -15.73738 -0.164394 0.008638 12.845295 122.0
122 12535.0 0.066392 0.517435 0.0 0.000533 1.660832 -15.73738 -0.164394 0.008638 12.845295 122.0
123 12535.0 0.091673 0.518638 0.0 -0.00036 1.660832 -15.73738 -0.164394 0.008638 12.845295 122.0
124 12535.0 0.098907 0.506642 0.0 0.003177 1.660832 -15.73738 -0.164394 0.008638 12.845295 122.0
125 12535.0 0.082519 0.530554 0.0 -0.002943 1.660832 -15.73738 -0.164394 0.008638 12.845295 122.0
126 12535.0 0.061476 0.521732 0.0 -0.000686 1.660832 -15.73738 -0.164394 0.008638 12.845295 122.0
127 12535.0 0.062316 0.525804 0.0 -0.001955 1.660832 -15.73738 -0.164394 0.008638 12.845295 122.0
128 12535.0 0.071812 0.53667 0.0 -0.004457 1.660832 -15.73738 -0.164394 0.008638 12.845295 122.0
129 12535.0 0.091949 0.527218 0.0 -0.001544 1.660832 -15.73738 -0.164394 0.008638 12.845295 122.0
130 12535.0 0.098735 0.539419 0.0 -7e-05 1.660832 -15.73738 -0.164394 0.008638 12.845295 122.0
131 12535.0 0.07976 0.543346 0.0 -0.002975 1.660832 -15.73738 -0.164394 0.008638 12.845295 122.0
132 12535.0 0.089561 0.517948 0.0 -0.000104 1.660832 -15.73738 -0.164394 0.008638 12.845295 122.0
133 12535.0 0.107719 0.529958 0.0 0.001063 1.660832 -15.73738 -0.164394 0.008638 12.845295 122.0
134 12535.0 0.146395 0.529323 0.0 0.007219 1.660832 -15.73738 -0.164394 0.008638 12.845295 122.0
135 12535.0 0.135098 0.527909 0.0 0.00537 1.660832 -15.73738 -0.164394 0.008638 12.845295 122.0
136 12535.0 0.15683 0.512561 0.0 0.00835 1.660832 -15.73738 -0.164394 0.008638 12.845295 122.0
137 12535.0 0.16079 0.507691 0.0 0.008826 1.660832 -15.73738 -0.164394 0.008638 12.845295 122.0
138 12535.0 0.155615 0.493122 0.0 0.008179 1.660832 -15.73738 -0.164394 0.008638 12.845295 122.0
139 12535.0 0.148624 0.494501 0.0 0.006763 1.660832 -15.73738 -0.164394 0.008638 12.845295 122.0
140 12535.0 0.120984 0.503079 0.0 0.003815 1.660832 -15.73738 -0.164394 0.008638 12.845295 122.0
141 12535.0 0.131148 0.502443 0.0 0.003924 1.660832 -15.73738 -0.164394 0.008638 12.845295 122.0
142 12535.0 0.124678 0.505502 0.0 0.002994 1.660832 -15.73738 -0.164394 0.008638 12.845295 122.0
143 12535.0 0.130581 0.480279 0.0 0.011414 1.660832 -15.73738 -0.164394 0.008638 12.845295 122.0
144 12535.0 0.143873 0.492804 0.0 0.006683 1.660832 -15.73738 -0.164394 0.008638 12.845295 122.0
145 12535.0 0.120277 0.497841 0.0 0.00544 1.660832 -15.73738 -0.164394 0.008638 12.845295 122.0
146 12535.0 0.130249 0.506593 0.0 0.003914 1.660832 -15.73738 -0.164394 0.008638 12.845295 122.0
147 12535.0 0.132769 0.50643 0.0 0.004311 1.660832 -15.73738 -0.164394 0.008638 12.845295 122.0
148 12535.0 0.12758 0.514739 0.0 0.003748 1.660832 -15.73738 -0.164394 0.008638 12.845295 122.0
149 12535.0 0.130743 0.527133 0.0 0.004649 1.660832 -15.73738 -0.164394 0.008638 12.845295 122.0
150 12535.0 0.149057 0.51713 0.0 0.007254 1.660832 -15.73738 -0.164394 0.008638 12.845295 122.0
151 12535.0 0.182367 0.527736 0.0 0.012914 1.660832 -15.73738 -0.164394 0.008638 12.845295 122.0
152 12535.0 0.193422 0.543208 0.0 0.024195 1.660832 -15.73738 -0.164394 0.008638 12.845295 122.0
153 12535.0 0.198432 0.504085 0.0 0.014829 1.660832 -15.73738 -0.164394 0.008638 12.845295 122.0
154 12535.0 0.213251 0.503896 0.0 0.017661 1.660832 -15.73738 -0.164394 0.008638 12.845295 122.0
155 12535.0 0.217992 0.494018 0.0 0.019436 1.660832 -15.73738 -0.164394 0.008638 12.845295 122.0
156 12535.0 0.21058 0.485585 0.0 0.018965 1.660832 -15.73738 -0.164394 0.008638 12.845295 122.0
157 12535.0 0.201237 0.496367 0.0 0.016143 1.660832 -15.73738 -0.164394 0.008638 12.845295 122.0
158 12535.0 0.221158 0.482781 0.0 0.021182 1.660832 -15.73738 -0.164394 0.008638 12.845295 122.0
159 12535.0 0.249694 0.471693 0.0 0.031674 1.660832 -15.73738 -0.164394 0.008638 12.845295 122.0
160 12535.0 0.278645 0.481791 0.0 0.057269 1.660832 -15.73738 -0.164394 0.008638 12.845295 122.0
161 12535.0 0.265041 0.473378 0.0 0.043756 1.660832 -15.73738 -0.164394 0.008638 12.845295 122.0
162 12535.0 0.265062 0.460333 0.0 0.038484 1.660832 -15.73738 -0.164394 0.008638 12.845295 122.0
163 12535.0 0.269575 0.484547 0.0 0.051649 1.660832 -15.73738 -0.164394 0.008638 12.845295 122.0
164 12535.0 0.283717 0.497866 0.0 0.067551 1.660832 -15.73738 -0.164394 0.008638 12.845295 122.0
165 12535.0 0.280915 0.494826 0.0 0.064238 1.660832 -15.73738 -0.164394 0.008638 12.845295 122.0
166 12535.0 0.298334 0.481061 0.0 0.071596 1.660832 -15.73738 -0.164394 0.008638 12.845295 122.0
167 12535.0 0.308182 0.492036 0.0 0.083358 1.660832 -15.73738 -0.164394 0.008638 12.845295 122.0
168 12535.0 0.299229 0.512189 0.0 0.084877 1.660832 -15.73738 -0.164394 0.008638 12.845295 122.0
169 12535.0 0.276381 0.502739 0.0 0.064078 1.660832 -15.73738 -0.164394 0.008638 12.845295 122.0
170 12535.0 0.277178 0.520792 0.0 0.072401 1.660832 -15.73738 -0.164394 0.008638 12.845295 122.0
171 12535.0 0.269305 0.525313 0.0 0.069177 1.660832 -15.73738 -0.164394 0.008638 12.845295 122.0
172 12535.0 0.26846 0.512228 0.0 0.062041 1.660832 -15.73738 -0.164394 0.008638 12.845295 122.0
173 12535.0 0.25673 0.523647 0.0 0.059215 1.660832 -15.73738 -0.164394 0.008638 12.845295 122.0
174 12535.0 0.256406 0.509811 0.0 0.052109 1.660832 -15.73738 -0.164394 0.008638 12.845295 122.0
175 12535.0 0.290869 0.495571 0.0 0.071932 1.660832 -15.73738 -0.164394 0.008638 12.845295 122.0
176 12535.0 0.300364 0.501559 0.0 0.081412 1.660832 -15.73738 -0.164394 0.008638 12.845295 122.0
177 12535.0 0.304251 0.502827 0.0 0.084812 1.660832 -15.73738 -0.164394 0.008638 12.845295 122.0
178 12535.0 0.324849 0.528886 0.0 0.111127 1.660832 -15.73738 -0.164394 0.008638 12.845295 122.0
179 12535.0 0.329308 0.488882 0.0 0.09777 1.660832 -15.73738 -0.164394 0.008638 12.845295 122.0
180 12535.0 0.336739 0.510504 0.0 0.112053 1.660832 -15.73738 -0.164394 0.008638 12.845295 122.0
181 12535.0 0.345807 0.510034 0.0 0.118598 1.660832 -15.73738 -0.164394 0.008638 12.845295 122.0
182 12535.0 0.341102 0.505795 0.0 0.113385 1.660832 -15.73738 -0.164394 0.008638 12.845295 122.0
183 12535.0 0.333618 0.518202 0.0 0.112855 1.660832 -15.73738 -0.164394 0.008638 12.845295 122.0
184 12535.0 0.330861 0.519534 0.0 0.111348 1.660832 -15.73738 -0.164394 0.008638 12.845295 122.0
185 12535.0 0.340757 0.518531 0.0 0.118291 1.660832 -15.73738 -0.164394 0.008638 12.845295 122.0
186 12535.0 0.353317 0.51531 0.0 0.126313 1.660832 -15.73738 -0.164394 0.008638 12.845295 122.0
187 12535.0 0.364566 0.499376 0.0 0.12821 1.660832 -15.73738 -0.164394 0.008638 12.845295 122.0
188 12535.0 0.349548 0.488863 0.0 0.112795 1.660832 -15.73738 -0.164394 0.008638 12.845295 122.0
189 12535.0 0.356912 0.469036 0.0 0.110228 1.660832 -15.73738 -0.164394 0.008638 12.845295 122.0
190 12535.0 0.328416 0.491366 0.0 0.098115 1.660832 -15.73738 -0.164394 0.008638 12.845295 122.0
191 12535.0 0.321695 0.51385 0.0 0.102236 1.660832 -15.73738 -0.164394 0.008638 12.845295 122.0
192 12535.0 0.314977 0.494695 0.0 0.089483 1.660832 -15.73738 -0.164394 0.008638 12.845295 122.0
193 12535.0 0.324764 0.528077 0.0 0.110628 1.660832 -15.73738 -0.164394 0.008638 12.845295 122.0
194 12535.0 0.361741 0.544974 0.0 0.146416 1.660832 -15.73738 -0.164394 0.008638 12.845295 122.0
195 12535.0 0.375649 0.539954 0.0 0.153718 1.660832 -15.73738 -0.164394 0.008638 12.845295 122.0
196 12535.0 0.373906 0.542572 0.0 0.15388 1.660832 -15.73738 -0.164394 0.008638 12.845295 122.0
197 12535.0 0.382744 0.538495 0.0 0.15804 1.660832 -15.73738 -0.164394 0.008638 12.845295 122.0
198 12535.0 0.401805 0.531686 0.0 0.168963 1.660832 -15.73738 -0.164394 0.008638 12.845295 122.0
199 12535.0 0.40828 0.536229 0.0 0.175613 1.660832 -15.73738 -0.164394 0.008638 12.845295 122.0
200 12535.0 0.412686 0.52436 0.0 0.174075 1.660832 -15.73738 -0.164394 0.008638 12.845295 122.0
201 12535.0 0.421325 0.540732 0.0 0.187422 1.660832 -15.73738 -0.164394 0.008638 12.845295 122.0
202 12535.0 0.427627 0.538019 0.0 0.191372 1.660832 -15.73738 -0.164394 0.008638 12.845295 122.0
203 12535.0 0.42398 0.515861 0.0 0.179019 1.660832 -15.73738 -0.164394 0.008638 12.845295 122.0
204 12535.0 0.430414 0.518711 0.0 0.184952 1.660832 -15.73738 -0.164394 0.008638 12.845295 122.0
205 12535.0 0.445766 0.529844 0.0 0.202561 1.660832 -15.73738 -0.164394 0.008638 12.845295 122.0
206 12535.0 0.458722 0.535427 0.0 0.217079 1.660832 -15.73738 -0.164394 0.008638 12.845295 122.0
207 12535.0 0.44438 0.536959 0.0 0.205416 1.660832 -15.73738 -0.164394 0.008638 12.845295 122.0
208 12535.0 0.448125 0.548597 0.0 0.215782 1.660832 -15.73738 -0.164394 0.008638 12.845295 122.0
209 12535.0 0.445533 0.534314 0.0 0.204902 1.660832 -15.73738 -0.164394 0.008638 12.845295 122.0
210 12535.0 0.44856 0.568571 0.0 0.230364 1.660832 -15.73738 -0.164394 0.008638 12.845295 122.0
211 12535.0 0.437143 0.557719 0.0 0.212911 1.660832 -15.73738 -0.164394 0.008638 12.845295 122.0
212 12535.0 0.46488 0.563665 0.0 0.240785 1.660832 -15.73738 -0.164394 0.008638 12.845295 122.0
213 12535.0 0.450814 0.568319 0.0 0.232106 1.660832 -15.73738 -0.164394 0.008638 12.845295 122.0
214 12535.0 0.464834 0.550637 0.0 0.231477 1.660832 -15.73738 -0.164394 0.008638 12.845295 122.0
215 12535.0 0.453328 0.571523 0.0 0.236529 1.660832 -15.73738 -0.164394 0.008638 12.845295 122.0
216 12535.0 0.467272 0.566881 0.0 0.245112 1.660832 -15.73738 -0.164394 0.008638 12.845295 122.0
217 12535.0 0.463048 0.548107 0.0 0.228159 1.660832 -15.73738 -0.164394 0.008638 12.845295 122.0
218 12535.0 0.487016 0.543517 0.0 0.246482 1.660832 -15.73738 -0.164394 0.008638 12.845295 122.0
219 12535.0 0.479558 0.539348 0.0 0.23756 1.660832 -15.73738 -0.164394 0.008638 12.845295 122.0
220 12535.0 0.493741 0.556329 0.0 0.260166 1.660832 -15.73738 -0.164394 0.008638 12.845295 122.0
221 12535.0 0.494506 0.559975 0.0 0.263413 1.660832 -15.73738 -0.164394 0.008638 12.845295 122.0
222 12535.0 0.501156 0.581347 0.0 0.284287 1.660832 -15.73738 -0.164394 0.008638 12.845295 122.0
223 12535.0 0.514019 0.565762 0.0 0.284164 1.660832 -15.73738 -0.164394 0.008638 12.845295 122.0
224 12535.0 0.531336 0.578223 0.0 0.307791 1.660832 -15.73738 -0.164394 0.008638 12.845295 122.0
225 12535.0 0.538097 0.580077 0.0 0.314873 1.660832 -15.73738 -0.164394 0.008638 12.845295 122.0
226 12535.0 0.532102 0.556353 0.0 0.293304 1.660832 -15.73738 -0.164394 0.008638 12.845295 122.0
227 12535.0 0.528765 0.553445 0.0 0.288711 1.660832 -15.73738 -0.164394 0.008638 12.845295 122.0
228 12535.0 0.531919 0.552981 0.0 0.291203 1.660832 -15.73738 -0.164394 0.008638 12.845295 122.0
229 12535.0 0.528314 0.549559 0.0 0.28608 1.660832 -15.73738 -0.164394 0.008638 12.845295 122.0
230 12535.0 0.550181 0.545476 0.0 0.302857 1.660832 -15.73738 -0.164394 0.008638 12.845295 122.0
231 12535.0 0.562733 0.558615 0.0 0.321397 1.660832 -15.73738 -0.164394 0.008638 12.845295 122.0
232 12535.0 0.5803 0.573897 0.0 0.346451 1.660832 -15.73738 -0.164394 0.008638 12.845295 122.0
233 12535.0 0.580105 0.576241 0.0 0.347952 1.660832 -15.73738 -0.164394 0.008638 12.845295 122.0
234 12535.0 0.584122 0.584865 0.0 0.357512 1.660832 -15.73738 -0.164394 0.008638 12.845295 122.0
235 12535.0 0.599524 0.585381 0.0 0.371008 1.660832 -15.73738 -0.164394 0.008638 12.845295 122.0
236 12535.0 0.606385 0.614907 0.0 0.397864 1.660832 -15.73738 -0.164394 0.008638 12.845295 122.0
237 12535.0 0.619726 0.63443 0.0 0.423127 1.660832 -15.73738 -0.164394 0.008638 12.845295 122.0
238 12535.0 0.637105 0.646416 0.0 0.446469 1.660832 -15.73738 -0.164394 0.008638 12.845295 122.0
239 12535.0 0.659143 0.661959 0.0 0.476313 1.660832 -15.73738 -0.164394 0.008638 12.845295 122.0
240 12535.0 0.670835 0.64921 0.0 0.477209 1.660832 -15.73738 -0.164394 0.008638 12.845295 122.0
241 12535.0 0.672706 0.637382 0.0 0.470388 1.660832 -15.73738 -0.164394 0.008638 12.845295 122.0
242 12535.0 0.680236 0.64686 0.0 0.48355 1.660832 -15.73738 -0.164394 0.008638 12.845295 122.0
243 12535.0 0.689693 0.59634 0.0 0.455666 1.660832 -15.73738 -0.164394 0.008638 12.845295 122.0
244 12535.0 0.683623 0.594323 0.0 0.449056 1.660832 -15.73738 -0.164394 0.008638 12.845295 122.0
245 12535.0 0.672195 0.571221 0.0 0.424393 1.660832 -15.73738 -0.164394 0.008638 12.845295 122.0
246 12535.0 0.652447 0.566254 0.0 0.404262 1.660832 -15.73738 -0.164394 0.008638 12.845295 122.0
247 12535.0 0.684205 0.570221 0.0 0.434322 1.660832 -15.73738 -0.164394 0.008638 12.845295 122.0
248 12535.0 0.685431 0.587061 0.0 0.44543 1.660832 -15.73738 -0.164394 0.008638 12.845295 122.0
249 12535.0 0.694585 0.580862 0.0 0.449525 1.660832 -15.73738 -0.164394 0.008638 12.845295 122.0
250 12535.0 0.680524 0.57792 0.0 0.435533 1.660832 -15.73738 -0.164394 0.008638 12.845295 122.0
251 12535.0 0.663939 0.548438 0.0 0.404062 1.660832 -15.73738 -0.164394 0.008638 12.845295 122.0
252 12535.0 0.700483 0.562521 0.0 0.444129 1.660832 -15.73738 -0.164394 0.008638 12.845295 122.0
253 12535.0 0.674312 0.556499 0.0 0.417773 1.660832 -15.73738 -0.164394 0.008638 12.845295 122.0
254 12535.0 0.676529 0.57663 0.0 0.431297 1.660832 -15.73738 -0.164394 0.008638 12.845295 122.0
255 12535.0 0.698287 0.582482 0.0 0.453695 1.660832 -15.73738 -0.164394 0.008638 12.845295 122.0
256 12535.0 0.706318 0.598325 0.0 0.47125 1.660832 -15.73738 -0.164394 0.008638 12.845295 122.0
257 12535.0 0.67516 0.610898 0.0 0.453636 1.660832 -15.73738 -0.164394 0.008638 12.845295 122.0
258 12535.0 0.652242 0.614732 0.0 0.436828 1.660832 -15.73738 -0.164394 0.008638 12.845295 122.0
259 12535.0 0.659298 0.629293 0.0 0.453204 1.660832 -15.73738 -0.164394 0.008638 12.845295 122.0
260 12535.0 0.664155 0.630957 0.0 0.458528 1.660832 -15.73738 -0.164394 0.008638 12.845295 122.0
261 12535.0 0.677581 0.638655 0.0 0.47545 1.660832 -15.73738 -0.164394 0.008638 12.845295 122.0
262 12535.0 0.676775 0.645352 0.0 0.479527 1.660832 -15.73738 -0.164394 0.008638 12.845295 122.0
263 12535.0 0.65948 0.63994 0.0 0.460934 1.660832 -15.73738 -0.164394 0.008638 12.845295 122.0
264 12535.0 0.675786 0.659238 0.0 0.488564 1.660832 -15.73738 -0.164394 0.008638 12.845295 122.0
265 12535.0 0.684112 0.680246 0.0 0.510609 1.660832 -15.73738 -0.164394 0.008638 12.845295 122.0
266 12535.0 0.687843 0.674898 0.0 0.509984 1.660832 -15.73738 -0.164394 0.008638 12.845295 122.0
267 12535.0 0.698517 0.703374 0.0 0.539344 1.660832 -15.73738 -0.164394 0.008638 12.845295 122.0
268 12535.0 0.707477 0.719779 0.0 0.558653 1.660832 -15.73738 -0.164394 0.008638 12.845295 122.0
269 12535.0 0.73201 0.720548 0.0 0.580112 1.660832 -15.73738 -0.164394 0.008638 12.845295 122.0
270 12535.0 0.758387 0.731385 0.0 0.610308 1.660832 -15.73738 -0.164394 0.008638 12.845295 122.0
271 12535.0 0.774112 0.723764 0.0 0.618289 1.660832 -15.73738 -0.164394 0.008638 12.845295 122.0
272 12535.0 0.776964 0.741618 0.0 0.633689 1.660832 -15.73738 -0.164394 0.008638 12.845295 122.0
273 12535.0 0.787511 0.759268 0.0 0.655813 1.660832 -15.73738 -0.164394 0.008638 12.845295 122.0
274 12535.0 0.790279 0.764049 0.0 0.661729 1.660832 -15.73738 -0.164394 0.008638 12.845295 122.0
275 12535.0 0.794003 0.771896 0.0 0.670726 1.660832 -15.73738 -0.164394 0.008638 12.845295 122.0
276 12535.0 0.806727 0.804925 0.0 0.706028 1.660832 -15.73738 -0.164394 0.008638 12.845295 122.0
277 12535.0 0.825323 0.806196 0.0 0.723136 1.660832 -15.73738 -0.164394 0.008638 12.845295 122.0
278 12535.0 0.828711 0.809256 0.0 0.728329 1.660832 -15.73738 -0.164394 0.008638 12.845295 122.0
279 12535.0 0.834014 0.806266 0.0 0.730747 1.660832 -15.73738 -0.164394 0.008638 12.845295 122.0
280 12535.0 0.833656 0.792821 0.0 0.720571 1.660832 -15.73738 -0.164394 0.008638 12.845295 122.0
281 12535.0 0.842143 0.817126 0.0 0.745787 1.660832 -15.73738 -0.164394 0.008638 12.845295 122.0
282 12535.0 0.844196 0.824744 0.0 0.753163 1.660832 -15.73738 -0.164394 0.008638 12.845295 122.0
283 12535.0 0.832418 0.824686 0.0 0.742875 1.660832 -15.73738 -0.164394 0.008638 12.845295 122.0
284 12535.0 0.858178 0.814956 0.0 0.758143 1.660832 -15.73738 -0.164394 0.008638 12.845295 122.0
285 12535.0 0.888064 0.817968 0.0 0.78635 1.660832 -15.73738 -0.164394 0.008638 12.845295 122.0
286 12535.0 0.896243 0.832929 0.0 0.804442 1.660832 -15.73738 -0.164394 0.008638 12.845295 122.0
287 12535.0 0.891324 0.863535 0.0 0.822618 1.660832 -15.73738 -0.164394 0.008638 12.845295 122.0
