 time p.x p.y p.z deep.node-0 CV opes.bias opes.rct opes.zed opes.neff opes.nker
0 9235.0 -0.857459 0.764575 0.0 -0.609524 1.527915 -17.654072 -0.133728 0.009669 12.845295 109.0
1 9235.0 -0.832466 0.794615 0.0 -0.627263 1.527915 -17.654072 -0.133728 0.009669 12.845295 109.0
2 9235.0 -0.813899 0.776711 0.0 -0.605389 1.527915 -17.654072 -0.133728 0.009669 12.845295 109.0
3 9235.0 -0.805256 0.77026 0.0 -0.596848 1.527915 -17.654072 -0.133728 0.009669 12.845295 109.0
4 9235.0 -0.823029 0.75644 0.0 -0.590823 1.527915 -17.654072 -0.133728 0.009669 12.845295 109.0
5 9235.0 -0.79616 0.750876 0.0 -0.576912 1.527915 -17.654072 -0.133728 0.009669 12.845295 109.0
6 9235.0 -0.784905 0.730959 0.0 -0.55508 1.527915 -17.654072 -0.133728 0.009669 12.845295 109.0
7 9235.0 -0.764357 0.722144 0.0 -0.536721 1.527915 -17.654072 -0.133728 0.009669 12.845295 109.0
8 9235.0 -0.772567 0.72712 0.0 -0.545682 1.527915 -17.654072 -0.133728 0.009669 12.845295 109.0
9 9235.0 -0.767829 0.709727 0.0 -0.524274 1.527915 -17.654072 -0.133728 0.009669 12.845295 109.0
10 9235.0 -0.773834 0.679888 0.0 -0.493393 1.527915 -17.654072 -0.133728 0.009669 12.845295 109.0
11 9235.0 -0.771256 0.671946 0.0 -0.483447 1.527915 -17.654072 -0.133728 0.009669 12.845295 109.0
12 9235.0 -0.777284 0.65206 0.0 -0.463706 1.527915 -17.654072 -0.133728 0.009669 12.845295 109.0
13 9235.0 -0.763531 0.641832 0.0 -0.446579 1.527915 -17.654072 -0.133728 0.009669 12.845295 109.0
14 9235.0 -0.783209 0.649727 0.0 -0.463549 1.527915 -17.654072 -0.133728 0.009669 12.845295 109.0
15 9235.0 -0.781069 0.667222 0.0 -0.482225 1.527915 -17.654072 -0.133728 0.009669 12.845295 109.0
16 9235.0 -0.777922 0.645013 0.0 -0.456089 1.527915 -17.654072 -0.133728 0.009669 12.845295 109.0
17 9235.0 -0.74983 0.647486 0.0 -0.447231 1.527915 -17.654072 -0.133728 0.009669 12.845295 109.0
18 9235.0 -0.760758 0.638703 0.0 -0.441932 1.527915 -17.654072 -0.133728 0.009669 12.845295 109.0
19 9235.0 -0.771883 0.644621 0.0 -0.453153 1.527915 -17.654072 -0.133728 0.009669 12.845295 109.0
20 9235.0 -0.763051 0.665574 0.0 -0.472926 1.527915 -17.654072 -0.133728 0.009669 12.845295 109.0
21 9235.0 -0.709548 0.659526 0.0 -0.444027 1.527915 -17.654072 -0.133728 0.009669 12.845295 109.0
22 9235.0 -0.687383 0.660826 0.0 -0.436308 1.527915 -17.654072 -0.133728 0.009669 12.845295 109.0
23 9235.0 -0.685412 0.642048 0.0 -0.414497 1.527915 -17.654072 -0.133728 0.009669 12.845295 109.0
24 9235.0 -0.666918 0.621458 0.0 -0.383822 1.527915 -17.654072 -0.133728 0.009669 12.845295 109.0
25 9235.0 -0.66102 0.59625 0.0 -0.353195 1.527915 -17.654072 -0.133728 0.009669 12.845295 109.0
26 9235.0 -0.645869 0.609143 0.0 -0.361342 1.527915 -17.654072 -0.133728 0.009669 12.845295 109.0
27 9235.0 -0.650236 0.593783 0.0 -0.345975 1.527915 -17.654072 -0.133728 0.009669 12.845295 109.0
28 9235.0 -0.63966 0.588947 0.0 -0.336191 1.527915 -17.654072 -0.133728 0.009669 12.845295 109.0
29 9235.0 -0.63248 0.580789 0.0 -0.324008 1.527915 -17.654072 -0.133728 0.009669 12.845295 109.0
30 9235.0 -0.591935 0.556563 0.0 -0.267447 1.527915 -17.654072 -0.133728 0.009669 12.845295 109.0
31 9235.0 -0.578329 0.542418 0.0 -0.230037 1.527915 -17.654072 -0.133728 0.009669 12.845295 109.0
32 9235.0 -0.570588 0.539793 0.0 -0.218048 1.527915 -17.654072 -0.133728 0.009669 12.845295 109.0
33 9235.0 -0.575715 0.538164 0.0 -0.220038 1.527915 -17.654072 -0.133728 0.009669 12.845295 109.0
34 9235.0 -0.567103 0.544137 0.0 -0.222413 1.527915 -17.654072 -0.133728 0.009669 12.845295 109.0
35 9235.0 -0.578653 0.523092 0.0 -0.196796 1.527915 -17.654072 -0.133728 0.009669 12.845295 109.0
36 9235.0 -0.592884 0.535687 0.0 -0.232184 1.527915 -17.654072 -0.133728 0.009669 12.845295 109.0
37 9235.0 -0.593996 0.540924 0.0 -0.242273 1.527915 -17.654072 -0.133728 0.009669 12.845295 109.0
38 9235.0 -0.611891 0.532118 0.0 -0.244638 1.527915 -17.654072 -0.133728 0.009669 12.845295 109.0
39 9235.0 -0.600814 0.538483 0.0 -0.244696 1.527915 -17.654072 -0.133728 0.009669 12.845295 109.0
40 9235.0 -0.580444 0.535384 0.0 -0.219617 1.527915 -17.654072 -0.133728 0.009669 12.845295 109.0
41 9235.0 -0.58649 0.537892 0.0 -0.229789 1.527915 -17.654072 -0.133728 0.009669 12.845295 109.0
42 9235.0 -0.581992 0.531491 0.0 -0.214393 1.527915 -17.654072 -0.133728 0.009669 12.845295 109.0
43 9235.0 -0.553915 0.548405 0.0 -0.217432 1.527915 -17.654072 -0.133728 0.009669 12.845295 109.0
44 9235.0 -0.555773 0.55494 0.0 -0.230741 1.527915 -17.654072 -0.133728 0.009669 12.845295 109.0
45 9235.0 -0.524892 0.529686 0.0 -0.166809 1.527915 -17.654072 -0.133728 0.009669 12.845295 109.0
46 9235.0 -0.488006 0.521528 0.0 -0.130526 1.527915 -17.654072 -0.133728 0.009669 12.845295 109.0
47 9235.0 -0.504961 0.517091 0.0 -0.136037 1.527915 -17.654072 -0.133728 0.009669 12.845295 109.0
48 9235.0 -0.539509 0.529583 0.0 -0.176638 1.527915 -17.654072 -0.133728 0.009669 12.845295 109.0
49 9235.0 -0.53142 0.521836 0.0 -0.160554 1.527915 -17.654072 -0.133728 0.009669 12.845295 109.0
50 9235.0 -0.517949 0.510844 0.0 -0.136373 1.527915 -17.654072 -0.133728 0.009669 12.845295 109.0
51 9235.0 -0.511382 0.502841 0.0 -0.121002 1.527915 -17.654072 -0.133728 0.009669 12.845295 109.0
52 9235.0 -0.493532 0.493563 0.0 -0.10506 1.527915 -17.654072 -0.133728 0.009669 12.845295 109.0
53 9235.0 -0.476523 0.492781 0.0 -0.097656 1.527915 -17.654072 -0.133728 0.009669 12.845295 109.0
54 9235.0 -0.477698 0.510687 0.0 -0.115178 1.527915 -17.654072 -0.133728 0.009669 12.845295 109.0
55 9235.0 -0.451569 0.535677 0.0 -0.128861 1.527915 -17.654072 -0.133728 0.009669 12.845295 109.0
56 9235.0 -0.435494 0.542153 0.0 -0.128797 1.527915 -17.654072 -0.133728 0.009669 12.845295 109.0
57 9235.0 -0.415084 0.52971 0.0 -0.109019 1.527915 -17.654072 -0.133728 0.009669 12.845295 109.0
58 9235.0 -0.400215 0.535688 0.0 -0.108949 1.527915 -17.654072 -0.133728 0.009669 12.845295 109.0
59 9235.0 -0.410854 0.558864 0.0 -0.135166 1.527915 -17.654072 -0.133728 0.009669 12.845295 109.0
60 9235.0 -0.383843 0.562904 0.0 -0.128537 1.527915 -17.654072 -0.133728 0.009669 12.845295 109.0
61 9235.0 -0.36153 0.550146 0.0 -0.107721 1.527915 -17.654072 -0.133728 0.009669 12.845295 109.0
62 9235.0 -0.34998 0.545308 0.0 -0.09863 1.527915 -17.654072 -0.133728 0.009669 12.845295 109.0
63 9235.0 -0.360076 0.539192 0.0 -0.096717 1.527915 -17.654072 -0.133728 0.009669 12.845295 109.0
64 9235.0 -0.339602 0.562864 0.0 -0.111337 1.527915 -17.654072 -0.133728 0.009669 12.845295 109.0
65 9235.0 -0.308853 0.55977 0.0 -0.096459 1.527915 -17.654072 -0.133728 0.009669 12.845295 109.0
66 9235.0 -0.288392 0.562593 0.0 -0.091212 1.527915 -17.654072 -0.133728 0.009669 12.845295 109.0
67 9235.0 -0.281272 0.569384 0.0 -0.094922 1.527915 -17.654072 -0.133728 0.009669 12.845295 109.0
68 9235.0 -0.254624 0.559721 0.0 -0.075375 1.527915 -17.654072 -0.133728 0.009669 12.845295 109.0
69 9235.0 -0.242689 0.553859 0.0 -0.065157 1.527915 -17.654072 -0.133728 0.009669 12.845295 109.0
70 9235.0 -0.209504 0.533286 0.0 -0.035266 1.527915 -17.654072 -0.133728 0.009669 12.845295 109.0
71 9235.0 -0.222502 0.544443 0.0 -0.048351 1.527915 -17.654072 -0.133728 0.009669 12.845295 109.0
72 9235.0 -0.212127 0.534986 0.0 -0.037444 1.527915 -17.654072 -0.133728 0.009669 12.845295 109.0
73 9235.0 -0.212474 0.521807 0.0 -0.026944 1.527915 -17.654072 -0.133728 0.009669 12.845295 109.0
74 9235.0 -0.202049 0.51204 0.0 -0.015859 1.527915 -17.654072 -0.133728 0.009669 12.845295 109.0
75 9235.0 -0.203368 0.500967 0.0 -0.007353 1.527915 -17.654072 -0.133728 0.009669 12.845295 109.0
76 9235.0 -0.215173 0.509334 0.0 -0.017738 1.527915 -17.654072 -0.133728 0.009669 12.845295 109.0
77 9235.0 -0.230558 0.519551 0.0 -0.030719 1.527915 -17.654072 -0.133728 0.009669 12.845295 109.0
78 9235.0 -0.21949 0.527722 0.0 -0.033874 1.527915 -17.654072 -0.133728 0.009669 12.845295 109.0
79 9235.0 -0.220077 0.500046 0.0 -0.011778 1.527915 -17.654072 -0.133728 0.009669 12.845295 109.0
80 9235.0 -0.224205 0.486197 0.0 -0.001906 1.527915 -17.654072 -0.133728 0.009669 12.845295 109.0
81 9235.0 -0.229283 0.479224 0.0 0.002137 1.527915 -17.654072 -0.133728 0.009669 12.845295 109.0
82 9235.0 -0.23579 0.494519 0.0 -0.012187 1.527915 -17.654072 -0.133728 0.009669 12.845295 109.0
83 9235.0 -0.217279 0.499957 0.0 -0.010841 1.527915 -17.654072 -0.133728 0.009669 12.845295 109.0
84 9235.0 -0.196792 0.50054 0.0 -0.004976 1.527915 -17.654072 -0.133728 0.009669 12.845295 109.0
85 9235.0 -0.178623 0.53686 0.0 -0.028595 1.527915 -17.654072 -0.133728 0.009669 12.845295 109.0
86 9235.0 -0.172028 0.529192 0.0 -0.020383 1.527915 -17.654072 -0.133728 0.009669 12.845295 109.0
87 9235.0 -0.175761 0.516681 0.0 -0.011467 1.527915 -17.654072 -0.133728 0.009669 12.845295 109.0
88 9235.0 -0.176215 0.507817 0.0 -0.004472 1.527915 -17.654072 -0.133728 0.009669 12.845295 109.0
89 9235.0 -0.183355 0.513529 0.0 -0.011278 1.527915 -17.654072 -0.133728 0.009669 12.845295 109.0
90 9235.0 -0.186613 0.508737 0.0 -0.008427 1.527915 -17.654072 -0.133728 0.009669 12.845295 109.0
91 9235.0 -0.193443 0.502431 0.0 -0.005463 1.527915 -17.654072 -0.133728 0.009669 12.845295 109.0
92 9235.0 -0.189581 0.511847 0.0 -0.011848 1.527915 -17.654072 -0.133728 0.009669 12.845295 109.0
93 9235.0 -0.184185 0.495417 0.0 0.003045 1.527915 -17.654072 -0.133728 0.009669 12.845295 109.0
94 9235.0 -0.178797 0.488733 0.0 0.010091 1.527915 -17.654072 -0.133728 0.009669 12.845295 109.0
95 9235.0 -0.142987 0.478778 0.0 0.024163 1.527915 -17.654072 -0.133728 0.009669 12.845295 109.0
96 9235.0 -0.137166 0.493069 0.0 0.016436 1.527915 -17.654072 -0.133728 0.009669 12.845295 109.0
97 9235.0 -0.115126 0.517076 0.0 0.004511 1.527915 -17.654072 -0.133728 0.009669 12.845295 109.0
98 9235.0 -0.121941 0.542755 0.0 -0.015815 1.527915 -17.654072 -0.133728 0.009669 12.845295 109.0
99 9235.0 -0.088667 0.523381 0.0 0.004165 1.527915 -17.654072 -0.133728 0.009669 12.845295 109.0
100 9235.0 -0.100097 0.48961 0.0 0.01861 1.527915 -17.654072 -0.133728 0.009669 12.845295 109.0
101 9235.0 -0.091689 0.481597 0.0 0.021216 1.527915 -17.654072 -0.133728 0.009669 12.845295 109.0
102 9235.0 -0.095344 0.504738 0.0 0.012419 1.527915 -17.654072 -0.133728 0.009669 12.845295 109.0
103 9235.0 -0.097597 0.518236 0.0 0.00656 1.527915 -17.654072 -0.133728 0.009669 12.845295 109.0
104 9235.0 -0.093652 0.512091 0.0 0.009448 1.527915 -17.654072 -0.133728 0.009669 12.845295 109.0
105 9235.0 -0.099744 0.492968 0.0 0.017279 1.527915 -17.654072 -0.133728 0.009669 12.845295 109.0
106 9235.0 -0.102862 0.497863 0.0 0.015562 1.527915 -17.654072 -0.133728 0.009669 12.845295 109.0
107 9235.0 -0.091774 0.495057 0.0 0.015973 1.527915 -17.654072 -0.133728 0.009669 12.845295 109.0
108 9235.0 -0.097465 0.485012 0.0 0.02024 1.527915 -17.654072 -0.133728 0.009669 12.845295 109.0
109 9235.0 -0.07581 0.493661 0.0 0.015534 1.527915 -17.654072 -0.133728 0.009669 12.845295 109.0
110 9235.0 -0.096574 0.501483 0.0 0.013764 1.527915 -17.654072 -0.133728 0.009669 12.845295 109.0
111 9235.0 -0.093521 0.472462 0.0 0.024891 1.527915 -17.654072 -0.133728 0.009669 12.845295 109.0
112 9235.0 -0.101016 0.488524 0.0 0.01909 1.527915 -17.654072 -0.133728 0.009669 12.845295 109.0
113 9235.0 -0.106684 0.486562 0.0 0.020204 1.527915 -17.654072 -0.133728 0.009669 12.845295 109.0
114 9235.0 -0.11818 0.505794 0.0 0.011558 1.527915 -17.654072 -0.133728 0.009669 12.845295 109.0
115 9235.0 -0.123104 0.501494 0.0 0.013501 1.527915 -17.654072 -0.133728 0.009669 12.845295 109.0
116 9235.0 -0.130942 0.505198 0.0 0.009441 1.527915 -17.654072 -0.133728 0.009669 12.845295 109.0
117 9235.0 -0.106401 0.489378 0.0 0.019089 1.527915 -17.654072 -0.133728 0.009669 12.845295 109.0
118 9235.0 -0.1318 0.505457 0.0 0.009096 1.527915 -17.654072 -0.133728 0.009669 12.845295 109.0
119 9235.0 -0.133583 0.486591 0.0 0.02098 1.527915 -17.654072 -0.133728 0.009669 12.845295 109.0
120 9235.0 -0.122619 0.48865 0.0 0.020371 1.527915 -17.654072 -0.133728 0.009669 12.845295 109.0
121 9235.0 -0.131413 0.488674 0.0 0.020105 1.527915 -17.654072 -0.133728 0.009669 12.845295 109.0
122 9235.0 -0.138191 0.497636 0.0 0.013137 1.527915 -17.654072 -0.133728 0.009669 12.845295 109.0
123 9235.0 -0.128146 0.48501 0.0 0.022131 1.527915 -17.654072 -0.133728 0.009669 12.845295 109.0
124 9235.0 -0.106815 0.495104 0.0 0.016881 1.527915 -17.654072 -0.133728 0.009669 12.845295 109.0
125 9235.0 -0.102046 0.497738 0.0 0.015561 1.527915 -17.654072 -0.133728 0.009669 12.845295 109.0
126 9235.0 -0.104331 0.497193 0.0 0.015914 1.527915 -17.654072 -0.133728 0.009669 12.845295 109.0
127 9235.0 -0.120855 0.503308 0.0 0.012715 1.527915 -17.654072 -0.133728 0.009669 12.845295 109.0
128 9235.0 -0.10553 0.503423 0.0 0.013559 1.527915 -17.654072 -0.133728 0.009669 12.845295 109.0
129 9235.0 -0.099263 0.516433 0.0 0.007486 1.527915 -17.654072 -0.133728 0.009669 12.845295 109.0
130 9235.0 -0.092798 0.526297 0.0 0.002267 1.527915 -17.654072 -0.133728 0.009669 12.845295 109.0
131 9235.0 -0.090796 0.510182 0.0 0.010016 1.527915 -17.654072 -0.133728 0.009669 12.845295 109.0
132 9235.0 -0.080236 0.513092 0.0 0.008231 1.527915 -17.654072 -0.133728 0.009669 12.845295 109.0
133 9235.0 -0.067544 0.509635 0.0 0.008797 1.527915 -17.654072 -0.133728 0.009669 12.845295 109.0
134 9235.0 -0.054358 0.530719 0.0 -0.000236 1.527915 -17.654072 -0.133728 0.009669 12.845295 109.0
135 9235.0 -0.046552 0.520911 0.0 0.003107 1.527915 -17.654072 -0.133728 0.009669 12.845295 109.0
136 9235.0 -0.026025 0.524533 0.0 0.000431 1.527915 -17.654072 -0.133728 0.009669 12.845295 109.0
137 9235.0 -0.02439 0.50214 0.0 0.009061 1.527915 -17.654072 -0.133728 0.009669 12.845295 109.0
138 9235.0 -0.033354 0.503187 0.0 0.009205 1.527915 -17.654072 -0.133728 0.009669 12.845295 109.0
139 9235.0 -0.012603 0.493364 0.0 0.011756 1.527915 -17.654072 -0.133728 0.009669 12.845295 109.0
140 9235.0 0.018586 0.476138 0.0 0.016551 1.527915 -17.654072 -0.133728 0.009669 12.845295 109.0
141 9235.0 0.044154 0.46451 0.0 0.020394 1.527915 -17.654072 -0.133728 0.009669 12.845295 109.0
142 9235.0 0.053927 0.496027 0.0 0.007372 1.527915 -17.654072 -0.133728 0.009669 12.845295 109.0
143 9235.0 0.077698 0.489153 0.0 0.008992 1.527915 -17.654072 -0.133728 0.009669 12.845295 109.0
144 9235.0 0.083297 0.49788 0.0 0.006194 1.527915 -17.654072 -0.133728 0.009669 12.845295 109.0
145 9235.0 0.08773 0.508024 0.0 0.002984 1.527915 -17.654072 -0.133728 0.009669 12.845295 109.0
146 9235.0 0.108593 0.491276 0.0 0.0077 1.527915 -17.654072 -0.133728 0.009669 12.845295 109.0
147 9235.0 0.096353 0.514224 0.0 0.0009 1.527915 -17.654072 -0.133728 0.009669 12.845295 109.0
148 9235.0 0.094277 0.528386 0.0 -0.001134 1.527915 -17.654072 -0.133728 0.009669 12.845295 109.0
149 9235.0 0.095565 0.519865 0.0 -0.000818 1.527915 -17.654072 -0.133728 0.009669 12.845295 109.0
150 9235.0 0.10047 0.528864 0.0 -0.00013 1.527915 -17.654072 -0.133728 0.009669 12.845295 109.0
151 9235.0 0.115835 0.513513 0.0 0.001833 1.527915 -17.654072 -0.133728 0.009669 12.845295 109.0
152 9235.0 0.114844 0.524532 0.0 0.002027 1.527915 -17.654072 -0.133728 0.009669 12.845295 109.0
153 9235.0 0.125685 0.530912 0.0 0.003962 1.527915 -17.654072 -0.133728 0.009669 12.845295 109.0
154 9235.0 0.131877 0.531801 0.0 0.00498 1.527915 -17.654072 -0.133728 0.009669 12.845295 109.0
155 9235.0 0.148514 0.526319 0.0 0.007462 1.527915 -17.654072 -0.133728 0.009669 12.845295 109.0
156 9235.0 0.152533 0.546219 0.0 0.00874 1.527915 -17.654072 -0.133728 0.009669 12.845295 109.0
157 9235.0 0.149813 0.561524 0.0 0.008795 1.527915 -17.654072 -0.133728 0.009669 12.845295 109.0
158 9235.0 0.150773 0.533938 0.0 0.008066 1.527915 -17.654072 -0.133728 0.009669 12.845295 109.0
159 9235.0 0.159877 0.529452 0.0 0.009377 1.527915 -17.654072 -0.133728 0.009669 12.845295 109.0
160 9235.0 0.179321 0.550012 0.0 0.017719 1.527915 -17.654072 -0.133728 0.009669 12.845295 109.0
161 9235.0 0.183349 0.533893 0.0 0.013267 1.527915 -17.654072 -0.133728 0.009669 12.845295 109.0
162 9235.0 0.197776 0.540214 0.0 0.025711 1.527915 -17.654072 -0.133728 0.009669 12.845295 109.0
163 9235.0 0.185587 0.536381 0.0 0.014854 1.527915 -17.654072 -0.133728 0.009669 12.845295 109.0
164 9235.0 0.184524 0.522809 0.0 0.0131 1.527915 -17.654072 -0.133728 0.009669 12.845295 109.0
165 9235.0 0.223418 0.508135 0.0 0.026929 1.527915 -17.654072 -0.133728 0.009669 12.845295 109.0
166 9235.0 0.216118 0.506675 0.0 0.020916 1.527915 -17.654072 -0.133728 0.009669 12.845295 109.0
167 9235.0 0.249287 0.508346 0.0 0.046228 1.527915 -17.654072 -0.133728 0.009669 12.845295 109.0
168 9235.0 0.266928 0.505931 0.0 0.058351 1.527915 -17.654072 -0.133728 0.009669 12.845295 109.0
169 9235.0 0.263959 0.517056 0.0 0.060855 1.527915 -17.654072 -0.133728 0.009669 12.845295 109.0
170 9235.0 0.241797 0.499958 0.0 0.037265 1.527915 -17.654072 -0.133728 0.009669 12.845295 109.0
171 9235.0 0.238825 0.498843 0.0 0.034605 1.527915 -17.654072 -0.133728 0.009669 12.845295 109.0
172 9235.0 0.253757 0.553161 0.0 0.073052 1.527915 -17.654072 -0.133728 0.009669 12.845295 109.0
173 9235.0 0.284242 0.557639 0.0 0.097438 1.527915 -17.654072 -0.133728 0.009669 12.845295 109.0
174 9235.0 0.299594 0.523127 0.0 0.089814 1.527915 -17.654072 -0.133728 0.009669 12.845295 109.0
175 9235.0 0.3177 0.529427 0.0 0.10627 1.527915 -17.654072 -0.133728 0.009669 12.845295 109.0
176 9235.0 0.302259 0.553526 0.0 0.108192 1.527915 -17.654072 -0.133728 0.009669 12.845295 109.0
177 9235.0 0.317077 0.525773 0.0 0.103843 1.527915 -17.654072 -0.133728 0.009669 12.845295 109.0
178 9235.0 0.315204 0.522285 0.0 0.100834 1.527915 -17.654072 -0.133728 0.009669 12.845295 109.0
179 9235.0 0.292659 0.531107 0.0 0.089139 1.527915 -17.654072 -0.133728 0.009669 12.845295 109.0
180 9235.0 0.292048 0.541729 0.0 0.094449 1.527915 -17.654072 -0.133728 0.009669 12.845295 109.0
181 9235.0 0.313895 0.515337 0.0 0.097045 1.527915 -17.654072 -0.133728 0.009669 12.845295 109.0
182 9235.0 0.307206 0.50129 0.0 0.086385 1.527915 -17.654072 -0.133728 0.009669 12.845295 109.0
183 9235.0 0.304144 0.516824 0.0 0.090406 1.527915 -17.654072 -0.133728 0.009669 12.845295 109.0
184 9235.0 0.296292 0.517741 0.0 0.084946 1.527915 -17.654072 -0.133728 0.009669 12.845295 109.0
185 9235.0 0.308556 0.544103 0.0 0.107628 1.527915 -17.654072 -0.133728 0.009669 12.845295 109.0
186 9235.0 0.32736 0.566039 0.0 0.133222 1.527915 -17.654072 -0.133728 0.009669 12.845295 109.0
187 9235.0 0.326127 0.543332 0.0 0.119869 1.527915 -17.654072 -0.133728 0.009669 12.845295 109.0
188 9235.0 0.31321 0.557427 0.0 0.118207 1.527915 -17.654072 -0.133728 0.009669 12.845295 109.0
189 9235.0 0.325881 0.558922 0.0 0.1282 1.527915 -17.654072 -0.133728 0.009669 12.845295 109.0
190 9235.0 0.32075 0.529085 0.0 0.108282 1.527915 -17.654072 -0.133728 0.009669 12.845295 109.0
191 9235.0 0.311542 0.514835 0.0 0.095095 1.527915 -17.654072 -0.133728 0.009669 12.845295 109.0
192 9235.0 0.312242 0.535158 0.0 0.10544 1.527915 -17.654072 -0.133728 0.009669 12.845295 109.0
193 9235.0 0.325733 0.544515 0.0 0.120226 1.527915 -17.654072 -0.133728 0.009669 12.845295 109.0
194 9235.0 0.322027 0.551159 0.0 0.121152 1.527915 -17.654072 -0.133728 0.009669 12.845295 109.0
195 9235.0 0.339921 0.542808 0.0 0.129523 1.527915 -17.654072 -0.133728 0.009669 12.845295 109.0
196 9235.0 0.354767 0.536632 0.0 0.136875 1.527915 -17.654072 -0.133728 0.009669 12.845295 109.0
197 9235.0 0.362404 0.52763 0.0 0.138056 1.527915 -17.654072 -0.133728 0.009669 12.845295 109.0
198 9235.0 0.378024 0.509546 0.0 0.142328 1.527915 -17.654072 -0.133728 0.009669 12.845295 109.0
199 9235.0 0.380763 0.534687 0.0 0.154552 1.527915 -17.654072 -0.133728 0.009669 12.845295 109.0
200 9235.0 0.409633 0.51921 0.0 0.16972 1.527915 -17.654072 -0.133728 0.009669 12.845295 109.0
201 9235.0 0.409642 0.525043 0.0 0.172091 1.527915 -17.654072 -0.133728 0.009669 12.845295 109.0
202 9235.0 0.420564 0.517272 0.0 0.177053 1.527915 -17.654072 -0.133728 0.009669 12.845295 109.0
203 9235.0 0.401018 0.525277 0.0 0.165781 1.527915 -17.654072 -0.133728 0.009669 12.845295 109.0
204 9235.0 0.393963 0.546013 0.0 0.170258 1.527915 -17.654072 -0.133728 0.009669 12.845295 109.0
205 9235.0 0.398854 0.560402 0.0 0.182182 1.527915 -17.654072 -0.133728 0.009669 12.845295 109.0
206 9235.0 0.420898 0.551789 0.0 0.194845 1.527915 -17.654072 -0.133728 0.009669 12.845295 109.0
207 9235.0 0.435113 0.563235 0.0 0.215106 1.527915 -17.654072 -0.133728 0.009669 12.845295 109.0
208 9235.0 0.42052 0.55171 0.0 0.194467 1.527915 -17.654072 -0.133728 0.009669 12.845295 109.0
209 9235.0 0.443215 0.546583 0.0 0.210164 1.527915 -17.654072 -0.133728 0.009669 12.845295 109.0
210 9235.0 0.457311 0.561878 0.0 0.233062 1.527915 -17.654072 -0.133728 0.009669 12.845295 109.0
211 9235.0 0.4452 0.555868 0.0 0.218462 1.527915 -17.654072 -0.133728 0.009669 12.845295 109.0
212 9235.0 0.461961 0.544706 0.0 0.225251 1.527915 -17.654072 -0.133728 0.009669 12.845295 109.0
213 9235.0 0.483492 0.559875 0.0 0.253954 1.527915 -17.654072 -0.133728 0.009669 12.845295 109.0
214 9235.0 0.470268 0.543807 0.0 0.232 1.527915 -17.654072 -0.133728 0.009669 12.845295 109.0
215 9235.0 0.458071 0.550963 0.0 0.225944 1.527915 -17.654072 -0.133728 0.009669 12.845295 109.0
216 9235.0 0.47473 0.55083 0.0 0.240049 1.527915 -17.654072 -0.133728 0.009669 12.845295 109.0
217 9235.0 0.468804 0.572263 0.0 0.250248 1.527915 -17.654072 -0.133728 0.009669 12.845295 109.0
218 9235.0 0.48447 0.563398 0.0 0.257294 1.527915 -17.654072 -0.133728 0.009669 12.845295 109.0
219 9235.0 0.511641 0.562417 0.0 0.279757 1.527915 -17.654072 -0.133728 0.009669 12.845295 109.0
220 9235.0 0.490552 0.565418 0.0 0.263915 1.527915 -17.654072 -0.133728 0.009669 12.845295 109.0
221 9235.0 0.51632 0.559093 0.0 0.28138 1.527915 -17.654072 -0.133728 0.009669 12.845295 109.0
222 9235.0 0.533571 0.55771 0.0 0.295369 1.527915 -17.654072 -0.133728 0.009669 12.845295 109.0
223 9235.0 0.559863 0.575992 0.0 0.33052 1.527915 -17.654072 -0.133728 0.009669 12.845295 109.0
224 9235.0 0.587862 0.572509 0.0 0.351909 1.527915 -17.654072 -0.133728 0.009669 12.845295 109.0
225 9235.0 0.605233 0.588628 0.0 0.378185 1.527915 -17.654072 -0.133728 0.009669 12.845295 109.0
226 9235.0 0.612833 0.573456 0.0 0.373867 1.527915 -17.654072 -0.133728 0.009669 12.845295 109.0
227 9235.0 0.618868 0.561114 0.0 0.371934 1.527915 -17.654072 -0.133728 0.009669 12.845295 109.0
228 9235.0 0.633945 0.552768 0.0 0.380319 1.527915 -17.654072 -0.133728 0.009669 12.845295 109.0
229 9235.0 0.620443 0.541617 0.0 0.362091 1.527915 -17.654072 -0.133728 0.009669 12.845295 109.0
230 9235.0 0.622342 0.55008 0.0 0.368623 1.527915 -17.654072 -0.133728 0.009669 12.845295 109.0
231 9235.0 0.624351 0.577199 0.0 0.386349 1.527915 -17.654072 -0.133728 0.009669 12.845295 109.0
232 9235.0 0.634421 0.560544 0.0 0.38521 1.527915 -17.654072 -0.133728 0.009669 12.845295 109.0
233 9235.0 0.637158 0.552181 0.0 0.382791 1.527915 -17.654072 -0.133728 0.009669 12.845295 109.0
234 9235.0 0.630083 0.541155 0.0 0.370257 1.527915 -17.654072 -0.133728 0.009669 12.845295 109.0
235 9235.0 0.620137 0.55089 0.0 0.36716 1.527915 -17.654072 -0.133728 0.009669 12.845295 109.0
236 9235.0 0.643318 0.546044 0.0 0.384647 1.527915 -17.654072 -0.133728 0.009669 12.845295 109.0
237 9235.0 0.654976 0.547449 0.0 0.395653 1.527915 -17.654072 -0.133728 0.009669 12.845295 109.0
238 9235.0 0.672634 0.548638 0.0 0.411781 1.527915 -17.654072 -0.133728 0.009669 12.845295 109.0
239 9235.0 0.656584 0.543597 0.0 0.394842 1.527915 -17.654072 -0.133728 0.009669 12.845295 109.0
240 9235.0 0.674957 0.540337 0.0 0.409036 1.527915 -17.654072 -0.133728 0.009669 12.845295 109.0
241 9235.0 0.692349 0.5602 0.0 0.435679 1.527915 -17.654072 -0.133728 0.009669 12.845295 109.0
242 9235.0 0.691777 0.549832 0.0 0.429212 1.527915 -17.654072 -0.133728 0.009669 12.845295 109.0
243 9235.0 0.695215 0.575922 0.0 0.447233 1.527915 -17.654072 -0.133728 0.009669 12.845295 109.0
244 9235.0 0.701248 0.593807 0.0 0.463713 1.527915 -17.654072 -0.133728 0.009669 12.845295 109.0
245 9235.0 0.719464 0.597191 0.0 0.481648 1.527915 -17.654072 -0.133728 0.009669 12.845295 109.0
246 9235.0 0.722115 0.610506 0.0 0.493382 1.527915 -17.654072 -0.133728 0.009669 12.845295 109.0
247 9235.0 0.744953 0.596814 0.0 0.503107 1.527915 -17.654072 -0.133728 0.009669 12.845295 109.0
248 9235.0 0.755757 0.591276 0.0 0.509022 1.527915 -17.654072 -0.133728 0.009669 12.845295 109.0
249 9235.0 0.723248 0.605268 0.0 0.490621 1.527915 -17.654072 -0.133728 0.009669 12.845295 109.0
250 9235.0 0.738157 0.638145 0.0 0.526722 1.527915 -17.654072 -0.133728 0.009669 12.845295 109.0
251 9235.0 0.72301 0.664531 0.0 0.532585 1.527915 -17.654072 -0.133728 0.009669 12.845295 109.0
252 9235.0 0.714185 0.657651 0.0 0.520167 1.527915 -17.654072 -0.133728 0.009669 12.845295 109.0
253 9235.0 0.685725 0.638383 0.0 0.482198 1.527915 -17.654072 -0.133728 0.009669 12.845295 109.0
254 9235.0 0.710339 0.654478 0.0 0.51463 1.527915 -17.654072 -0.133728 0.009669 12.845295 109.0
255 9235.0 0.704836 0.648921 0.0 0.505986 1.527915 -17.654072 -0.133728 0.009669 12.845295 109.0
256 9235.0 0.706046 0.624609 0.0 0.489719 1.527915 -17.654072 -0.133728 0.009669 12.845295 109.0
257 9235.0 0.70329 0.624659 0.0 0.487405 1.527915 -17.654072 -0.133728 0.009669 12.845295 109.0
258 9235.0 0.692638 0.628309 0.0 0.480922 1.527915 -17.654072 -0.133728 0.009669 12.845295 109.0
259 9235.0 0.697873 0.638779 0.0 0.492834 1.527915 -17.654072 -0.133728 0.009669 12.845295 109.0
260 9235.0 0.694982 0.63177 0.0 0.485383 1.527915 -17.654072 -0.133728 0.009669 12.845295 109.0
261 9235.0 0.713347 0.651753 0.0 0.515256 1.527915 -17.654072 -0.133728 0.009669 12.845295 109.0
262 9235.0 0.733371 0.681487 0.0 0.553481 1.527915 -17.654072 -0.133728 0.009669 12.845295 109.0
263 9235.0 0.74441 0.683109 0.0 0.564044 1.527915 -17.654072 -0.133728 0.009669 12.845295 109.0
264 9235.0 0.741154 0.67644 0.0 0.556524 1.527915 -17.654072 -0.133728 0.009669 12.845295 109.0
265 9235.0 0.740744 0.680344 0.0 0.558953 1.527915 -17.654072 -0.133728 0.009669 12.845295 109.0
266 9235.0 0.745272 0.678359 0.0 0.5614 1.527915 -17.654072 -0.133728 0.009669 12.845295 109.0
267 9235.0 0.750678 0.675017 0.0 0.56363 1.527915 -17.654072 -0.133728 0.009669 12.845295 109.0
268 9235.0 0.770434 0.694635 0.0 0.594428 1.527915 -17.654072 -0.133728 0.009669 12.845295 109.0
269 9235.0 0.760834 0.721748 0.0 0.605536 1.527915 -17.654072 -0.133728 0.009669 12.845295 109.0
270 9235.0 0.777168 0.74165 0.0 0.63389 1.527915 -17.654072 -0.133728 0.009669 12.845295 109.0
271 9235.0 0.790618 0.745482 0.0 0.648401 1.527915 -17.654072 -0.133728 0.009669 12.845295 109.0
272 9235.0 0.796111 0.749722 0.0 0.65629 1.527915 -17.654072 -0.133728 0.009669 12.845295 109.0
273 9235.0 0.810534 0.754968 0.0 0.672685 1.527915 -17.654072 -0.133728 0.009669 12.845295 109.0
274 9235.0 0.809366 0.753682 0.0 0.670725 1.527915 -17.654072 -0.133728 0.009669 12.845295 109.0
275 9235.0 0.811194 0.762135 0.0 0.678517 1.527915 -17.654072 -0.133728 0.009669 12.845295 109.0
276 9235.0 0.828822 0.775588 0.0 0.703722 1.527915 -17.654072 -0.133728 0.009669 12.845295 109.0
277 9235.0 0.812392 0.794187 0.0 0.703077 1.527915 -17.654072 -0.133728 0.009669 12.845295 109.0
278 9235.0 0.800651 0.787307 0.0 0.687816 1.527915 -17.654072 -0.133728 0.009669 12.845295 109.0
279 9235.0 0.817255 0.809772 0.0 0.718742 1.527915 -17.654072 -0.133728 0.009669 12.845295 109.0
280 9235.0 0.809771 0.832751 0.0 0.729093 1.527915 -17.654072 -0.133728 0.009669 12.845295 109.0
281 9235.0 0.826863 0.837395 0.0 0.747367 1.527915 -17.654072 -0.133728 0.009669 12.845295 109.0
282 9235.0 0.855858 0.8536 0.0 0.784479 1.527915 -17.654072 -0.133728 0.009669 12.845295 109.0
283 9235.0 0.859188 0.890419 0.0 0.814391 1.527915 -17.654072 -0.133728 0.009669 12.845295 109.0
284 9235.0 0.867158 0.919131 0.0 0.842389 1.527915 -17.654072 -0.133728 0.009669 12.845295 109.0
285 9235.0 0.893645 0.956334 0.0 0.892039 1.527915 -17.654072 -0.133728 0.009669 12.845295 109.0
286 9235.0 0.89418 0.970627 0.0 0.902716 1.527915 -17.654072 -0.133728 0.009669 12.845295 109.0
287 9235.0 0.902158 0.98673 0.0 0.918391 1.527915 -17.654072 -0.133728 0.009669 12.845295 109.0
