 time p.x p.y p.z deep.node-0 CV opes.bias opes.rct opes.zed opes.neff opes.nker
0 3705.0 0.1326 0.537707 0.0 0.005284 0.728287 -8.240916 -0.041744 0.015498 12.845295 68.0
1 3705.0 0.137031 0.553009 0.0 0.006481 0.728287 -8.240916 -0.041744 0.015498 12.845295 68.0
2 3705.0 0.142485 0.546185 0.0 0.007134 0.728287 -8.240916 -0.041744 0.015498 12.845295 68.0
3 3705.0 0.145613 0.547348 0.0 0.007671 0.728287 -8.240916 -0.041744 0.015498 12.845295 68.0
4 3705.0 0.128023 0.523505 0.0 0.004099 0.728287 -8.240916 -0.041744 0.015498 12.845295 68.0
5 3705.0 0.140622 0.528669 0.0 0.006276 0.728287 -8.240916 -0.041744 0.015498 12.845295 68.0
6 3705.0 0.147032 0.548045 0.0 0.00792 0.728287 -8.240916 -0.041744 0.015498 12.845295 68.0
7 3705.0 0.147772 0.535746 0.0 0.007645 0.728287 -8.240916 -0.041744 0.015498 12.845295 68.0
8 3705.0 0.153732 0.550729 0.0 0.009076 0.728287 -8.240916 -0.041744 0.015498 12.845295 68.0
9 3705.0 0.15959 0.549853 0.0 0.009983 0.728287 -8.240916 -0.041744 0.015498 12.845295 68.0
10 3705.0 0.1769 0.56845 0.0 0.025956 0.728287 -8.240916 -0.041744 0.015498 12.845295 68.0
11 3705.0 0.17534 0.539272 0.0 0.01216 0.728287 -8.240916 -0.041744 0.015498 12.845295 68.0
12 3705.0 0.14733 0.543666 0.0 0.007827 0.728287 -8.240916 -0.041744 0.015498 12.845295 68.0
13 3705.0 0.141946 0.546172 0.0 0.007048 0.728287 -8.240916 -0.041744 0.015498 12.845295 68.0
14 3705.0 0.146431 0.525112 0.0 0.00709 0.728287 -8.240916 -0.041744 0.015498 12.845295 68.0
15 3705.0 0.151697 0.506632 0.0 0.00734 0.728287 -8.240916 -0.041744 0.015498 12.845295 68.0
16 3705.0 0.157184 0.514144 0.0 0.008457 0.728287 -8.240916 -0.041744 0.015498 12.845295 68.0
17 3705.0 0.163239 0.497204 0.0 0.009142 0.728287 -8.240916 -0.041744 0.015498 12.845295 68.0
18 3705.0 0.159972 0.498815 0.0 0.008412 0.728287 -8.240916 -0.041744 0.015498 12.845295 68.0
19 3705.0 0.178967 0.501108 0.0 0.011597 0.728287 -8.240916 -0.041744 0.015498 12.845295 68.0
20 3705.0 0.172057 0.510444 0.0 0.010714 0.728287 -8.240916 -0.041744 0.015498 12.845295 68.0
21 3705.0 0.162992 0.499586 0.0 0.008919 0.728287 -8.240916 -0.041744 0.015498 12.845295 68.0
22 3705.0 0.167319 0.502023 0.0 0.009688 0.728287 -8.240916 -0.041744 0.015498 12.845295 68.0
23 3705.0 0.161783 0.493323 0.0 0.00928 0.728287 -8.240916 -0.041744 0.015498 12.845295 68.0
24 3705.0 0.160586 0.477888 0.0 0.011954 0.728287 -8.240916 -0.041744 0.015498 12.845295 68.0
25 3705.0 0.136587 0.501085 0.0 0.00475 0.728287 -8.240916 -0.041744 0.015498 12.845295 68.0
26 3705.0 0.136 0.50418 0.0 0.004755 0.728287 -8.240916 -0.041744 0.015498 12.845295 68.0
27 3705.0 0.155947 0.50371 0.0 0.007926 0.728287 -8.240916 -0.041744 0.015498 12.845295 68.0
28 3705.0 0.165955 0.517439 0.0 0.009963 0.728287 -8.240916 -0.041744 0.015498 12.845295 68.0
29 3705.0 0.180453 0.509459 0.0 0.012023 0.728287 -8.240916 -0.041744 0.015498 12.845295 68.0
30 3705.0 0.174946 0.510124 0.0 0.011165 0.728287 -8.240916 -0.041744 0.015498 12.845295 68.0
31 3705.0 0.167767 0.517014 0.0 0.010239 0.728287 -8.240916 -0.041744 0.015498 12.845295 68.0
32 3705.0 0.173631 0.53649 0.0 0.011798 0.728287 -8.240916 -0.041744 0.015498 12.845295 68.0
33 3705.0 0.181277 0.536624 0.0 0.013024 0.728287 -8.240916 -0.041744 0.015498 12.845295 68.0
34 3705.0 0.191989 0.526699 0.0 0.014417 0.728287 -8.240916 -0.041744 0.015498 12.845295 68.0
35 3705.0 0.192683 0.52914 0.0 0.016046 0.728287 -8.240916 -0.041744 0.015498 12.845295 68.0
36 3705.0 0.204431 0.528026 0.0 0.023907 0.728287 -8.240916 -0.041744 0.015498 12.845295 68.0
37 3705.0 0.204674 0.524124 0.0 0.02197 0.728287 -8.240916 -0.041744 0.015498 12.845295 68.0
38 3705.0 0.203997 0.52469 0.0 0.021788 0.728287 -8.240916 -0.041744 0.015498 12.845295 68.0
39 3705.0 0.231115 0.534773 0.0 0.046784 0.728287 -8.240916 -0.041744 0.015498 12.845295 68.0
40 3705.0 0.238853 0.528755 0.0 0.049101 0.728287 -8.240916 -0.041744 0.015498 12.845295 68.0
41 3705.0 0.253948 0.541754 0.0 0.067013 0.728287 -8.240916 -0.041744 0.015498 12.845295 68.0
42 3705.0 0.256604 0.536061 0.0 0.065845 0.728287 -8.240916 -0.041744 0.015498 12.845295 68.0
43 3705.0 0.278367 0.524972 0.0 0.075521 0.728287 -8.240916 -0.041744 0.015498 12.845295 68.0
44 3705.0 0.280926 0.513951 0.0 0.071998 0.728287 -8.240916 -0.041744 0.015498 12.845295 68.0
45 3705.0 0.272928 0.485564 0.0 0.054552 0.728287 -8.240916 -0.041744 0.015498 12.845295 68.0
46 3705.0 0.295888 0.454855 0.0 0.059158 0.728287 -8.240916 -0.041744 0.015498 12.845295 68.0
47 3705.0 0.278268 0.459848 0.0 0.048095 0.728287 -8.240916 -0.041744 0.015498 12.845295 68.0
48 3705.0 0.289114 0.457296 0.0 0.055116 0.728287 -8.240916 -0.041744 0.015498 12.845295 68.0
49 3705.0 0.303258 0.4859 0.0 0.077215 0.728287 -8.240916 -0.041744 0.015498 12.845295 68.0
50 3705.0 0.31894 0.494338 0.0 0.092282 0.728287 -8.240916 -0.041744 0.015498 12.845295 68.0
51 3705.0 0.310762 0.487351 0.0 0.083376 0.728287 -8.240916 -0.041744 0.015498 12.845295 68.0
52 3705.0 0.301126 0.496654 0.0 0.07999 0.728287 -8.240916 -0.041744 0.015498 12.845295 68.0
53 3705.0 0.325571 0.50038 0.0 0.099655 0.728287 -8.240916 -0.041744 0.015498 12.845295 68.0
54 3705.0 0.340795 0.503981 0.0 0.112422 0.728287 -8.240916 -0.041744 0.015498 12.845295 68.0
55 3705.0 0.377709 0.506196 0.0 0.140736 0.728287 -8.240916 -0.041744 0.015498 12.845295 68.0
56 3705.0 0.381465 0.52426 0.0 0.150847 0.728287 -8.240916 -0.041744 0.015498 12.845295 68.0
57 3705.0 0.376757 0.505427 0.0 0.139717 0.728287 -8.240916 -0.041744 0.015498 12.845295 68.0
58 3705.0 0.373389 0.509853 0.0 0.13901 0.728287 -8.240916 -0.041744 0.015498 12.845295 68.0
59 3705.0 0.365931 0.485018 0.0 0.123404 0.728287 -8.240916 -0.041744 0.015498 12.845295 68.0
60 3705.0 0.384014 0.49883 0.0 0.142433 0.728287 -8.240916 -0.041744 0.015498 12.845295 68.0
61 3705.0 0.397902 0.514532 0.0 0.159111 0.728287 -8.240916 -0.041744 0.015498 12.845295 68.0
62 3705.0 0.403494 0.519456 0.0 0.16526 0.728287 -8.240916 -0.041744 0.015498 12.845295 68.0
63 3705.0 0.432499 0.529956 0.0 0.191058 0.728287 -8.240916 -0.041744 0.015498 12.845295 68.0
64 3705.0 0.44392 0.513995 0.0 0.193072 0.728287 -8.240916 -0.041744 0.015498 12.845295 68.0
65 3705.0 0.465466 0.509996 0.0 0.208596 0.728287 -8.240916 -0.041744 0.015498 12.845295 68.0
66 3705.0 0.460107 0.497801 0.0 0.19853 0.728287 -8.240916 -0.041744 0.015498 12.845295 68.0
67 3705.0 0.471836 0.527186 0.0 0.223807 0.728287 -8.240916 -0.041744 0.015498 12.845295 68.0
68 3705.0 0.453256 0.546466 0.0 0.21865 0.728287 -8.240916 -0.041744 0.015498 12.845295 68.0
69 3705.0 0.458595 0.546503 0.0 0.223341 0.728287 -8.240916 -0.041744 0.015498 12.845295 68.0
70 3705.0 0.467375 0.54905 0.0 0.232513 0.728287 -8.240916 -0.041744 0.015498 12.845295 68.0
71 3705.0 0.460355 0.51428 0.0 0.206544 0.728287 -8.240916 -0.041744 0.015498 12.845295 68.0
72 3705.0 0.454148 0.522387 0.0 0.205683 0.728287 -8.240916 -0.041744 0.015498 12.845295 68.0
73 3705.0 0.458833 0.499691 0.0 0.198349 0.728287 -8.240916 -0.041744 0.015498 12.845295 68.0
74 3705.0 0.449853 0.512964 0.0 0.19706 0.728287 -8.240916 -0.041744 0.015498 12.845295 68.0
75 3705.0 0.442237 0.535348 0.0 0.202614 0.728287 -8.240916 -0.041744 0.015498 12.845295 68.0
76 3705.0 0.453674 0.533117 0.0 0.211335 0.728287 -8.240916 -0.041744 0.015498 12.845295 68.0
77 3705.0 0.454482 0.533386 0.0 0.212196 0.728287 -8.240916 -0.041744 0.015498 12.845295 68.0
78 3705.0 0.447389 0.531699 0.0 0.205021 0.728287 -8.240916 -0.041744 0.015498 12.845295 68.0
79 3705.0 0.448111 0.518991 0.0 0.198512 0.728287 -8.240916 -0.041744 0.015498 12.845295 68.0
80 3705.0 0.431948 0.54239 0.0 0.197667 0.728287 -8.240916 -0.041744 0.015498 12.845295 68.0
81 3705.0 0.433364 0.537797 0.0 0.196263 0.728287 -8.240916 -0.041744 0.015498 12.845295 68.0
82 3705.0 0.444378 0.529483 0.0 0.201147 0.728287 -8.240916 -0.041744 0.015498 12.845295 68.0
83 3705.0 0.444929 0.5211 0.0 0.196921 0.728287 -8.240916 -0.041744 0.015498 12.845295 68.0
84 3705.0 0.465925 0.507614 0.0 0.207659 0.728287 -8.240916 -0.041744 0.015498 12.845295 68.0
85 3705.0 0.484026 0.48754 0.0 0.212174 0.728287 -8.240916 -0.041744 0.015498 12.845295 68.0
86 3705.0 0.48514 0.500673 0.0 0.220518 0.728287 -8.240916 -0.041744 0.015498 12.845295 68.0
87 3705.0 0.503067 0.499239 0.0 0.235347 0.728287 -8.240916 -0.041744 0.015498 12.845295 68.0
88 3705.0 0.500724 0.519132 0.0 0.244472 0.728287 -8.240916 -0.041744 0.015498 12.845295 68.0
89 3705.0 0.523969 0.501116 0.0 0.254628 0.728287 -8.240916 -0.041744 0.015498 12.845295 68.0
90 3705.0 0.507858 0.496812 0.0 0.238162 0.728287 -8.240916 -0.041744 0.015498 12.845295 68.0
91 3705.0 0.500263 0.528189 0.0 0.249248 0.728287 -8.240916 -0.041744 0.015498 12.845295 68.0
92 3705.0 0.508704 0.526168 0.0 0.255468 0.728287 -8.240916 -0.041744 0.015498 12.845295 68.0
93 3705.0 0.51112 0.509936 0.0 0.248374 0.728287 -8.240916 -0.041744 0.015498 12.845295 68.0
94 3705.0 0.519229 0.532069 0.0 0.26807 0.728287 -8.240916 -0.041744 0.015498 12.845295 68.0
95 3705.0 0.546264 0.503088 0.0 0.275177 0.728287 -8.240916 -0.041744 0.015498 12.845295 68.0
96 3705.0 0.55093 0.521331 0.0 0.289618 0.728287 -8.240916 -0.041744 0.015498 12.845295 68.0
97 3705.0 0.559181 0.516598 0.0 0.294111 0.728287 -8.240916 -0.041744 0.015498 12.845295 68.0
98 3705.0 0.551299 0.536844 0.0 0.298868 0.728287 -8.240916 -0.041744 0.015498 12.845295 68.0
99 3705.0 0.558657 0.545042 0.0 0.310021 0.728287 -8.240916 -0.041744 0.015498 12.845295 68.0
100 3705.0 0.576604 0.555473 0.0 0.331722 0.728287 -8.240916 -0.041744 0.015498 12.845295 68.0
101 3705.0 0.574342 0.543243 0.0 0.322705 0.728287 -8.240916 -0.041744 0.015498 12.845295 68.0
102 3705.0 0.578142 0.544311 0.0 0.326643 0.728287 -8.240916 -0.041744 0.015498 12.845295 68.0
103 3705.0 0.546513 0.548671 0.0 0.301487 0.728287 -8.240916 -0.041744 0.015498 12.845295 68.0
104 3705.0 0.558267 0.592955 0.0 0.341229 0.728287 -8.240916 -0.041744 0.015498 12.845295 68.0
105 3705.0 0.577996 0.581128 0.0 0.349631 0.728287 -8.240916 -0.041744 0.015498 12.845295 68.0
106 3705.0 0.560032 0.608403 0.0 0.353725 0.728287 -8.240916 -0.041744 0.015498 12.845295 68.0
107 3705.0 0.598846 0.606143 0.0 0.385202 0.728287 -8.240916 -0.041744 0.015498 12.845295 68.0
108 3705.0 0.610658 0.620714 0.0 0.405638 0.728287 -8.240916 -0.041744 0.015498 12.845295 68.0
109 3705.0 0.602592 0.614383 0.0 0.394258 0.728287 -8.240916 -0.041744 0.015498 12.845295 68.0
110 3705.0 0.605391 0.604254 0.0 0.389438 0.728287 -8.240916 -0.041744 0.015498 12.845295 68.0
111 3705.0 0.61779 0.616693 0.0 0.408856 0.728287 -8.240916 -0.041744 0.015498 12.845295 68.0
112 3705.0 0.628148 0.614197 0.0 0.415909 0.728287 -8.240916 -0.041744 0.015498 12.845295 68.0
113 3705.0 0.631838 0.60893 0.0 0.415308 0.728287 -8.240916 -0.041744 0.015498 12.845295 68.0
114 3705.0 0.610282 0.608318 0.0 0.396498 0.728287 -8.240916 -0.041744 0.015498 12.845295 68.0
115 3705.0 0.612026 0.603593 0.0 0.394622 0.728287 -8.240916 -0.041744 0.015498 12.845295 68.0
116 3705.0 0.611416 0.578052 0.0 0.37593 0.728287 -8.240916 -0.041744 0.015498 12.845295 68.0
117 3705.0 0.595704 0.568809 0.0 0.356101 0.728287 -8.240916 -0.041744 0.015498 12.845295 68.0
118 3705.0 0.605783 0.564372 0.0 0.362364 0.728287 -8.240916 -0.041744 0.015498 12.845295 68.0
119 3705.0 0.61183 0.572029 0.0 0.372059 0.728287 -8.240916 -0.041744 0.015498 12.845295 68.0
120 3705.0 0.629322 0.571927 0.0 0.3873 0.728287 -8.240916 -0.041744 0.015498 12.845295 68.0
121 3705.0 0.649866 0.591613 0.0 0.418354 0.728287 -8.240916 -0.041744 0.015498 12.845295 68.0
122 3705.0 0.640524 0.585444 0.0 0.406001 0.728287 -8.240916 -0.041744 0.015498 12.845295 68.0
123 3705.0 0.647949 0.604383 0.0 0.425806 0.728287 -8.240916 -0.041744 0.015498 12.845295 68.0
124 3705.0 0.635121 0.608653 0.0 0.417909 0.728287 -8.240916 -0.041744 0.015498 12.845295 68.0
125 3705.0 0.64195 0.581435 0.0 0.404364 0.728287 -8.240916 -0.041744 0.015498 12.845295 68.0
126 3705.0 0.635178 0.557788 0.0 0.384285 0.728287 -8.240916 -0.041744 0.015498 12.845295 68.0
127 3705.0 0.631124 0.547603 0.0 0.374878 0.728287 -8.240916 -0.041744 0.015498 12.845295 68.0
128 3705.0 0.613241 0.553377 0.0 0.36256 0.728287 -8.240916 -0.041744 0.015498 12.845295 68.0
129 3705.0 0.597081 0.568839 0.0 0.357323 0.728287 -8.240916 -0.041744 0.015498 12.845295 68.0
130 3705.0 0.601255 0.570867 0.0 0.362157 0.728287 -8.240916 -0.041744 0.015498 12.845295 68.0
131 3705.0 0.593694 0.575915 0.0 0.359303 0.728287 -8.240916 -0.041744 0.015498 12.845295 68.0
132 3705.0 0.596893 0.563079 0.0 0.353844 0.728287 -8.240916 -0.041744 0.015498 12.845295 68.0
133 3705.0 0.605449 0.57205 0.0 0.366572 0.728287 -8.240916 -0.041744 0.015498 12.845295 68.0
134 3705.0 0.602672 0.580686 0.0 0.370351 0.728287 -8.240916 -0.041744 0.015498 12.845295 68.0
135 3705.0 0.609333 0.583443 0.0 0.377991 0.728287 -8.240916 -0.041744 0.015498 12.845295 68.0
136 3705.0 0.625126 0.588514 0.0 0.39506 0.728287 -8.240916 -0.041744 0.015498 12.845295 68.0
137 3705.0 0.639358 0.587932 0.0 0.406778 0.728287 -8.240916 -0.041744 0.015498 12.845295 68.0
138 3705.0 0.608921 0.599658 0.0 0.389176 0.728287 -8.240916 -0.041744 0.015498 12.845295 68.0
139 3705.0 0.630362 0.582328 0.0 0.395122 0.728287 -8.240916 -0.041744 0.015498 12.845295 68.0
140 3705.0 0.633302 0.570357 0.0 0.389878 0.728287 -8.240916 -0.041744 0.015498 12.845295 68.0
141 3705.0 0.645623 0.552401 0.0 0.390322 0.728287 -8.240916 -0.041744 0.015498 12.845295 68.0
142 3705.0 0.61888 0.569603 0.0 0.376829 0.728287 -8.240916 -0.041744 0.015498 12.845295 68.0
143 3705.0 0.649362 0.56515 0.0 0.400928 0.728287 -8.240916 -0.041744 0.015498 12.845295 68.0
144 3705.0 0.655976 0.559388 0.0 0.403397 0.728287 -8.240916 -0.041744 0.015498 12.845295 68.0
145 3705.0 0.669933 0.541902 0.0 0.405543 0.728287 -8.240916 -0.041744 0.015498 12.845295 68.0
146 3705.0 0.664782 0.552566 0.0 0.407173 0.728287 -8.240916 -0.041744 0.015498 12.845295 68.0
147 3705.0 0.667224 0.577235 0.0 0.423506 0.728287 -8.240916 -0.041744 0.015498 12.845295 68.0
148 3705.0 0.661474 0.576588 0.0 0.418104 0.728287 -8.240916 -0.041744 0.015498 12.845295 68.0
149 3705.0 0.659322 0.565087 0.0 0.409604 0.728287 -8.240916 -0.041744 0.015498 12.845295 68.0
150 3705.0 0.629638 0.577708 0.0 0.391218 0.728287 -8.240916 -0.041744 0.015498 12.845295 68.0
151 3705.0 0.654707 0.581572 0.0 0.415336 0.728287 -8.240916 -0.041744 0.015498 12.845295 68.0
152 3705.0 0.660964 0.583094 0.0 0.421752 0.728287 -8.240916 -0.041744 0.015498 12.845295 68.0
153 3705.0 0.669133 0.581179 0.0 0.427445 0.728287 -8.240916 -0.041744 0.015498 12.845295 68.0
154 3705.0 0.705031 0.574846 0.0 0.455199 0.728287 -8.240916 -0.041744 0.015498 12.845295 68.0
155 3705.0 0.70322 0.564554 0.0 0.447693 0.728287 -8.240916 -0.041744 0.015498 12.845295 68.0
156 3705.0 0.700001 0.554234 0.0 0.438938 0.728287 -8.240916 -0.041744 0.015498 12.845295 68.0
157 3705.0 0.715963 0.569394 0.0 0.461624 0.728287 -8.240916 -0.041744 0.015498 12.845295 68.0
158 3705.0 0.706863 0.572518 0.0 0.455463 0.728287 -8.240916 -0.041744 0.015498 12.845295 68.0
159 3705.0 0.713645 0.554853 0.0 0.451229 0.728287 -8.240916 -0.041744 0.015498 12.845295 68.0
160 3705.0 0.703197 0.568042 0.0 0.44968 0.728287 -8.240916 -0.041744 0.015498 12.845295 68.0
161 3705.0 0.694673 0.555276 0.0 0.434878 0.728287 -8.240916 -0.041744 0.015498 12.845295 68.0
162 3705.0 0.7064 0.539282 0.0 0.435931 0.728287 -8.240916 -0.041744 0.015498 12.845295 68.0
163 3705.0 0.68877 0.57624 0.0 0.441778 0.728287 -8.240916 -0.041744 0.015498 12.845295 68.0
164 3705.0 0.670306 0.569862 0.0 0.421959 0.728287 -8.240916 -0.041744 0.015498 12.845295 68.0
165 3705.0 0.665623 0.578177 0.0 0.422648 0.728287 -8.240916 -0.041744 0.015498 12.845295 68.0
166 3705.0 0.665818 0.561817 0.0 0.413404 0.728287 -8.240916 -0.041744 0.015498 12.845295 68.0
167 3705.0 0.643055 0.592455 0.0 0.413147 0.728287 -8.240916 -0.041744 0.015498 12.845295 68.0
168 3705.0 0.644508 0.570999 0.0 0.400049 0.728287 -8.240916 -0.041744 0.015498 12.845295 68.0
169 3705.0 0.664031 0.581474 0.0 0.423214 0.728287 -8.240916 -0.041744 0.015498 12.845295 68.0
170 3705.0 0.63042 0.576354 0.0 0.390921 0.728287 -8.240916 -0.041744 0.015498 12.845295 68.0
171 3705.0 0.650174 0.557084 0.0 0.396996 0.728287 -8.240916 -0.041744 0.015498 12.845295 68.0
172 3705.0 0.625451 0.579127 0.0 0.388658 0.728287 -8.240916 -0.041744 0.015498 12.845295 68.0
173 3705.0 0.632495 0.562983 0.0 0.384929 0.728287 -8.240916 -0.041744 0.015498 12.845295 68.0
174 3705.0 0.648909 0.551596 0.0 0.392732 0.728287 -8.240916 -0.041744 0.015498 12.845295 68.0
175 3705.0 0.635532 0.572277 0.0 0.392933 0.728287 -8.240916 -0.041744 0.015498 12.845295 68.0
176 3705.0 0.636839 0.585825 0.0 0.403131 0.728287 -8.240916 -0.041744 0.015498 12.845295 68.0
177 3705.0 0.63802 0.585311 0.0 0.403772 0.728287 -8.240916 -0.041744 0.015498 12.845295 68.0
178 3705.0 0.635615 0.572132 0.0 0.392922 0.728287 -8.240916 -0.041744 0.015498 12.845295 68.0
179 3705.0 0.630037 0.561524 0.0 0.381939 0.728287 -8.240916 -0.041744 0.015498 12.845295 68.0
180 3705.0 0.648293 0.564324 0.0 0.399518 0.728287 -8.240916 -0.041744 0.015498 12.845295 68.0
181 3705.0 0.656007 0.572263 0.0 0.410834 0.728287 -8.240916 -0.041744 0.015498 12.845295 68.0
182 3705.0 0.649135 0.566691 0.0 0.401616 0.728287 -8.240916 -0.041744 0.015498 12.845295 68.0
183 3705.0 0.649126 0.598022 0.0 0.422283 0.728287 -8.240916 -0.041744 0.015498 12.845295 68.0
184 3705.0 0.639873 0.595338 0.0 0.412486 0.728287 -8.240916 -0.041744 0.015498 12.845295 68.0
185 3705.0 0.66041 0.575574 0.0 0.41659 0.728287 -8.240916 -0.041744 0.015498 12.845295 68.0
186 3705.0 0.669214 0.572619 0.0 0.42259 0.728287 -8.240916 -0.041744 0.015498 12.845295 68.0
187 3705.0 0.680779 0.599783 0.0 0.450518 0.728287 -8.240916 -0.041744 0.015498 12.845295 68.0
188 3705.0 0.693325 0.617336 0.0 0.4737 0.728287 -8.240916 -0.041744 0.015498 12.845295 68.0
189 3705.0 0.717046 0.625801 0.0 0.499944 0.728287 -8.240916 -0.041744 0.015498 12.845295 68.0
190 3705.0 0.705541 0.635017 0.0 0.496694 0.728287 -8.240916 -0.041744 0.015498 12.845295 68.0
191 3705.0 0.690103 0.664253 0.0 0.504337 0.728287 -8.240916 -0.041744 0.015498 12.845295 68.0
192 3705.0 0.690568 0.676736 0.0 0.513614 0.728287 -8.240916 -0.041744 0.015498 12.845295 68.0
193 3705.0 0.698284 0.681848 0.0 0.523829 0.728287 -8.240916 -0.041744 0.015498 12.845295 68.0
194 3705.0 0.710594 0.664561 0.0 0.522022 0.728287 -8.240916 -0.041744 0.015498 12.845295 68.0
195 3705.0 0.712017 0.663531 0.0 0.522503 0.728287 -8.240916 -0.041744 0.015498 12.845295 68.0
196 3705.0 0.71363 0.66593 0.0 0.525584 0.728287 -8.240916 -0.041744 0.015498 12.845295 68.0
197 3705.0 0.723821 0.650515 0.0 0.523303 0.728287 -8.240916 -0.041744 0.015498 12.845295 68.0
198 3705.0 0.73217 0.666205 0.0 0.541584 0.728287 -8.240916 -0.041744 0.015498 12.845295 68.0
199 3705.0 0.733114 0.663569 0.0 0.540512 0.728287 -8.240916 -0.041744 0.015498 12.845295 68.0
200 3705.0 0.731722 0.655024 0.0 0.533246 0.728287 -8.240916 -0.041744 0.015498 12.845295 68.0
201 3705.0 0.745728 0.651037 0.0 0.542348 0.728287 -8.240916 -0.041744 0.015498 12.845295 68.0
202 3705.0 0.740086 0.656954 0.0 0.541748 0.728287 -8.240916 -0.041744 0.015498 12.845295 68.0
203 3705.0 0.717944 0.65814 0.0 0.523718 0.728287 -8.240916 -0.041744 0.015498 12.845295 68.0
204 3705.0 0.735727 0.626038 0.0 0.516036 0.728287 -8.240916 -0.041744 0.015498 12.845295 68.0
205 3705.0 0.71148 0.611999 0.0 0.485379 0.728287 -8.240916 -0.041744 0.015498 12.845295 68.0
206 3705.0 0.708173 0.604752 0.0 0.477403 0.728287 -8.240916 -0.041744 0.015498 12.845295 68.0
207 3705.0 0.684097 0.613663 0.0 0.463221 0.728287 -8.240916 -0.041744 0.015498 12.845295 68.0
208 3705.0 0.687485 0.605133 0.0 0.460041 0.728287 -8.240916 -0.041744 0.015498 12.845295 68.0
209 3705.0 0.67441 0.583129 0.0 0.433238 0.728287 -8.240916 -0.041744 0.015498 12.845295 68.0
210 3705.0 0.671111 0.569348 0.0 0.422368 0.728287 -8.240916 -0.041744 0.015498 12.845295 68.0
211 3705.0 0.694371 0.550748 0.0 0.432008 0.728287 -8.240916 -0.041744 0.015498 12.845295 68.0
212 3705.0 0.694791 0.571007 0.0 0.444033 0.728287 -8.240916 -0.041744 0.015498 12.845295 68.0
213 3705.0 0.698825 0.558198 0.0 0.440192 0.728287 -8.240916 -0.041744 0.015498 12.845295 68.0
214 3705.0 0.672167 0.543242 0.0 0.408268 0.728287 -8.240916 -0.041744 0.015498 12.845295 68.0
215 3705.0 0.689505 0.533431 0.0 0.417787 0.728287 -8.240916 -0.041744 0.015498 12.845295 68.0
216 3705.0 0.701085 0.55538 0.0 0.440546 0.728287 -8.240916 -0.041744 0.015498 12.845295 68.0
217 3705.0 0.686316 0.565795 0.0 0.433621 0.728287 -8.240916 -0.041744 0.015498 12.845295 68.0
218 3705.0 0.695472 0.559395 0.0 0.437947 0.728287 -8.240916 -0.041744 0.015498 12.845295 68.0
219 3705.0 0.705466 0.57394 0.0 0.455059 0.728287 -8.240916 -0.041744 0.015498 12.845295 68.0
220 3705.0 0.708153 0.58275 0.0 0.462478 0.728287 -8.240916 -0.041744 0.015498 12.845295 68.0
221 3705.0 0.693987 0.590575 0.0 0.455224 0.728287 -8.240916 -0.041744 0.015498 12.845295 68.0
222 3705.0 0.708549 0.605652 0.0 0.478364 0.728287 -8.240916 -0.041744 0.015498 12.845295 68.0
223 3705.0 0.716183 0.598278 0.0 0.479625 0.728287 -8.240916 -0.041744 0.015498 12.845295 68.0
224 3705.0 0.702003 0.584499 0.0 0.458106 0.728287 -8.240916 -0.041744 0.015498 12.845295 68.0
225 3705.0 0.673062 0.592963 0.0 0.439086 0.728287 -8.240916 -0.041744 0.015498 12.845295 68.0
226 3705.0 0.674855 0.603699 0.0 0.448254 0.728287 -8.240916 -0.041744 0.015498 12.845295 68.0
227 3705.0 0.6809 0.629021 0.0 0.471424 0.728287 -8.240916 -0.041744 0.015498 12.845295 68.0
228 3705.0 0.688337 0.648109 0.0 0.491344 0.728287 -8.240916 -0.041744 0.015498 12.845295 68.0
229 3705.0 0.652191 0.661072 0.0 0.469756 0.728287 -8.240916 -0.041744 0.015498 12.845295 68.0
230 3705.0 0.649458 0.66204 0.0 0.468116 0.728287 -8.240916 -0.041744 0.015498 12.845295 68.0
231 3705.0 0.669699 0.642546 0.0 0.471499 0.728287 -8.240916 -0.041744 0.015498 12.845295 68.0
232 3705.0 0.67826 0.657515 0.0 0.489447 0.728287 -8.240916 -0.041744 0.015498 12.845295 68.0
233 3705.0 0.695441 0.658184 0.0 0.504569 0.728287 -8.240916 -0.041744 0.015498 12.845295 68.0
234 3705.0 0.684208 0.662755 0.0 0.498246 0.728287 -8.240916 -0.041744 0.015498 12.845295 68.0
235 3705.0 0.673118 0.681138 0.0 0.501872 0.728287 -8.240916 -0.041744 0.015498 12.845295 68.0
236 3705.0 0.675731 0.651901 0.0 0.483297 0.728287 -8.240916 -0.041744 0.015498 12.845295 68.0
237 3705.0 0.686734 0.652899 0.0 0.493386 0.728287 -8.240916 -0.041744 0.015498 12.845295 68.0
238 3705.0 0.710581 0.666751 0.0 0.52357 0.728287 -8.240916 -0.041744 0.015498 12.845295 68.0
239 3705.0 0.707143 0.67044 0.0 0.523264 0.728287 -8.240916 -0.041744 0.015498 12.845295 68.0
240 3705.0 0.68424 0.65382 0.0 0.491915 0.728287 -8.240916 -0.041744 0.015498 12.845295 68.0
241 3705.0 0.697736 0.676712 0.0 0.519707 0.728287 -8.240916 -0.041744 0.015498 12.845295 68.0
242 3705.0 0.689894 0.690113 0.0 0.522558 0.728287 -8.240916 -0.041744 0.015498 12.845295 68.0
243 3705.0 0.688297 0.701262 0.0 0.529129 0.728287 -8.240916 -0.041744 0.015498 12.845295 68.0
244 3705.0 0.701171 0.70068 0.0 0.539689 0.728287 -8.240916 -0.041744 0.015498 12.845295 68.0
245 3705.0 0.708628 0.686674 0.0 0.53608 0.728287 -8.240916 -0.041744 0.015498 12.845295 68.0
246 3705.0 0.731308 0.712139 0.0 0.573531 0.728287 -8.240916 -0.041744 0.015498 12.845295 68.0
247 3705.0 0.749176 0.716557 0.0 0.591905 0.728287 -8.240916 -0.041744 0.015498 12.845295 68.0
248 3705.0 0.718106 0.704246 0.0 0.556662 0.728287 -8.240916 -0.041744 0.015498 12.845295 68.0
249 3705.0 0.723108 0.700581 0.0 0.558318 0.728287 -8.240916 -0.041744 0.015498 12.845295 68.0
250 3705.0 0.737696 0.673912 0.0 0.551777 0.728287 -8.240916 -0.041744 0.015498 12.845295 68.0
251 3705.0 0.732503 0.658233 0.0 0.536196 0.728287 -8.240916 -0.041744 0.015498 12.845295 68.0
252 3705.0 0.717542 0.661176 0.0 0.525536 0.728287 -8.240916 -0.041744 0.015498 12.845295 68.0
253 3705.0 0.725427 0.645199 0.0 0.520889 0.728287 -8.240916 -0.041744 0.015498 12.845295 68.0
254 3705.0 0.725386 0.645026 0.0 0.520731 0.728287 -8.240916 -0.041744 0.015498 12.845295 68.0
255 3705.0 0.728183 0.65031 0.0 0.526876 0.728287 -8.240916 -0.041744 0.015498 12.845295 68.0
256 3705.0 0.735105 0.657363 0.0 0.537794 0.728287 -8.240916 -0.041744 0.015498 12.845295 68.0
257 3705.0 0.735749 0.661377 0.0 0.5412 0.728287 -8.240916 -0.041744 0.015498 12.845295 68.0
258 3705.0 0.728298 0.650764 0.0 0.527297 0.728287 -8.240916 -0.041744 0.015498 12.845295 68.0
259 3705.0 0.733166 0.650052 0.0 0.530939 0.728287 -8.240916 -0.041744 0.015498 12.845295 68.0
260 3705.0 0.7204 0.637342 0.0 0.511015 0.728287 -8.240916 -0.041744 0.015498 12.845295 68.0
261 3705.0 0.738087 0.637996 0.0 0.526556 0.728287 -8.240916 -0.041744 0.015498 12.845295 68.0
262 3705.0 0.745322 0.631354 0.0 0.527997 0.728287 -8.240916 -0.041744 0.015498 12.845295 68.0
263 3705.0 0.753936 0.641054 0.0 0.542242 0.728287 -8.240916 -0.041744 0.015498 12.845295 68.0
264 3705.0 0.747313 0.625973 0.0 0.525866 0.728287 -8.240916 -0.041744 0.015498 12.845295 68.0
265 3705.0 0.773635 0.63639 0.0 0.555715 0.728287 -8.240916 -0.041744 0.015498 12.845295 68.0
266 3705.0 0.75469 0.640609 0.0 0.542568 0.728287 -8.240916 -0.041744 0.015498 12.845295 68.0
267 3705.0 0.752394 0.632019 0.0 0.534499 0.728287 -8.240916 -0.041744 0.015498 12.845295 68.0
268 3705.0 0.76616 0.639577 0.0 0.551611 0.728287 -8.240916 -0.041744 0.015498 12.845295 68.0
269 3705.0 0.768625 0.617848 0.0 0.538252 0.728287 -8.240916 -0.041744 0.015498 12.845295 68.0
270 3705.0 0.769943 0.620481 0.0 0.541248 0.728287 -8.240916 -0.041744 0.015498 12.845295 68.0
271 3705.0 0.783295 0.623713 0.0 0.554929 0.728287 -8.240916 -0.041744 0.015498 12.845295 68.0
272 3705.0 0.79312 0.626924 0.0 0.565588 0.728287 -8.240916 -0.041744 0.015498 12.845295 68.0
273 3705.0 0.783141 0.666941 0.0 0.585555 0.728287 -8.240916 -0.041744 0.015498 12.845295 68.0
274 3705.0 0.789846 0.674618 0.0 0.596733 0.728287 -8.240916 -0.041744 0.015498 12.845295 68.0
275 3705.0 0.781608 0.677876 0.0 0.592029 0.728287 -8.240916 -0.041744 0.015498 12.845295 68.0
276 3705.0 0.78927 0.68003 0.0 0.600092 0.728287 -8.240916 -0.041744 0.015498 12.845295 68.0
277 3705.0 0.784232 0.678603 0.0 0.594783 0.728287 -8.240916 -0.041744 0.015498 12.845295 68.0
278 3705.0 0.764585 0.691291 0.0 0.587063 0.728287 -8.240916 -0.041744 0.015498 12.845295 68.0
279 3705.0 0.764967 0.736867 0.0 0.619817 0.728287 -8.240916 -0.041744 0.015498 12.845295 68.0
280 3705.0 0.769485 0.708299 0.0 0.603341 0.728287 -8.240916 -0.041744 0.015498 12.845295 68.0
281 3705.0 0.78944 0.708033 0.0 0.620162 0.728287 -8.240916 -0.041744 0.015498 12.845295 68.0
282 3705.0 0.794816 0.712143 0.0 0.627669 0.728287 -8.240916 -0.041744 0.015498 12.845295 68.0
283 3705.0 0.806097 0.717226 0.0 0.641133 0.728287 -8.240916 -0.041744 0.015498 12.845295 68.0
284 3705.0 0.817473 0.738378 0.0 0.666549 0.728287 -8.240916 -0.041744 0.015498 12.845295 68.0
285 3705.0 0.845986 0.758453 0.0 0.70608 0.728287 -8.240916 -0.041744 0.015498 12.845295 68.0
286 3705.0 0.836921 0.777519 0.0 0.712184 0.728287 -8.240916 -0.041744 0.015498 12.845295 68.0
287 3705.0 0.838344 0.804981 0.0 0.733572 0.728287 -8.240916 -0.041744 0.015498 12.845295 68.0
