 time p.x p.y p.z deep.node-0 CV opes.bias opes.rct opes.zed opes.neff opes.nker
0 18950.0 -0.76319 0.791179 0.0 -0.600906 1.574441 -13.027152 -0.205831 0.007749 12.845295 136.0
1 18950.0 -0.746051 0.791474 0.0 -0.595244 1.574441 -13.027152 -0.205831 0.007749 12.845295 136.0
2 18950.0 -0.738994 0.781068 0.0 -0.583435 1.574441 -13.027152 -0.205831 0.007749 12.845295 136.0
3 18950.0 -0.756399 0.755041 0.0 -0.566634 1.574441 -13.027152 -0.205831 0.007749 12.845295 136.0
4 18950.0 -0.759976 0.752211 0.0 -0.565429 1.574441 -13.027152 -0.205831 0.007749 12.845295 136.0
5 18950.0 -0.766693 0.74557 0.0 -0.561991 1.574441 -13.027152 -0.205831 0.007749 12.845295 136.0
6 18950.0 -0.785745 0.724748 0.0 -0.548482 1.574441 -13.027152 -0.205831 0.007749 12.845295 136.0
7 18950.0 -0.788627 0.722448 0.0 -0.547103 1.574441 -13.027152 -0.205831 0.007749 12.845295 136.0
8 18950.0 -0.79141 0.699193 0.0 -0.522251 1.574441 -13.027152 -0.205831 0.007749 12.845295 136.0
9 18950.0 -0.789733 0.711803 0.0 -0.535657 1.574441 -13.027152 -0.205831 0.007749 12.845295 136.0
10 18950.0 -0.770617 0.6995 0.0 -0.513992 1.574441 -13.027152 -0.205831 0.007749 12.845295 136.0
11 18950.0 -0.768854 0.669638 0.0 -0.479872 1.574441 -13.027152 -0.205831 0.007749 12.845295 136.0
12 18950.0 -0.741304 0.6601 0.0 -0.457808 1.574441 -13.027152 -0.205831 0.007749 12.845295 136.0
13 18950.0 -0.732937 0.662361 0.0 -0.456874 1.574441 -13.027152 -0.205831 0.007749 12.845295 136.0
14 18950.0 -0.729166 0.640156 0.0 -0.430485 1.574441 -13.027152 -0.205831 0.007749 12.845295 136.0
15 18950.0 -0.742006 0.61665 0.0 -0.409515 1.574441 -13.027152 -0.205831 0.007749 12.845295 136.0
16 18950.0 -0.738921 0.610276 0.0 -0.401112 1.574441 -13.027152 -0.205831 0.007749 12.845295 136.0
17 18950.0 -0.726738 0.629743 0.0 -0.417838 1.574441 -13.027152 -0.205831 0.007749 12.845295 136.0
18 18950.0 -0.705535 0.613101 0.0 -0.390456 1.574441 -13.027152 -0.205831 0.007749 12.845295 136.0
19 18950.0 -0.702354 0.587312 0.0 -0.360333 1.574441 -13.027152 -0.205831 0.007749 12.845295 136.0
20 18950.0 -0.676639 0.56936 0.0 -0.330608 1.574441 -13.027152 -0.205831 0.007749 12.845295 136.0
21 18950.0 -0.637618 0.557587 0.0 -0.295596 1.574441 -13.027152 -0.205831 0.007749 12.845295 136.0
22 18950.0 -0.661819 0.583906 0.0 -0.339723 1.574441 -13.027152 -0.205831 0.007749 12.845295 136.0
23 18950.0 -0.645312 0.566323 0.0 -0.311423 1.574441 -13.027152 -0.205831 0.007749 12.845295 136.0
24 18950.0 -0.652136 0.591857 0.0 -0.344607 1.574441 -13.027152 -0.205831 0.007749 12.845295 136.0
25 18950.0 -0.634097 0.57766 0.0 -0.320653 1.574441 -13.027152 -0.205831 0.007749 12.845295 136.0
26 18950.0 -0.615282 0.577943 0.0 -0.310762 1.574441 -13.027152 -0.205831 0.007749 12.845295 136.0
27 18950.0 -0.608613 0.564426 0.0 -0.288814 1.574441 -13.027152 -0.205831 0.007749 12.845295 136.0
28 18950.0 -0.613685 0.572346 0.0 -0.30231 1.574441 -13.027152 -0.205831 0.007749 12.845295 136.0
29 18950.0 -0.598539 0.598432 0.0 -0.329367 1.574441 -13.027152 -0.205831 0.007749 12.845295 136.0
30 18950.0 -0.622822 0.578647 0.0 -0.315833 1.574441 -13.027152 -0.205831 0.007749 12.845295 136.0
31 18950.0 -0.608419 0.579544 0.0 -0.309183 1.574441 -13.027152 -0.205831 0.007749 12.845295 136.0
32 18950.0 -0.619609 0.543167 0.0 -0.267146 1.574441 -13.027152 -0.205831 0.007749 12.845295 136.0
33 18950.0 -0.629165 0.530122 0.0 -0.256696 1.574441 -13.027152 -0.205831 0.007749 12.845295 136.0
34 18950.0 -0.620032 0.523619 0.0 -0.238072 1.574441 -13.027152 -0.205831 0.007749 12.845295 136.0
35 18950.0 -0.611719 0.542022 0.0 -0.26015 1.574441 -13.027152 -0.205831 0.007749 12.845295 136.0
36 18950.0 -0.603448 0.559117 0.0 -0.278803 1.574441 -13.027152 -0.205831 0.007749 12.845295 136.0
37 18950.0 -0.620045 0.563606 0.0 -0.293947 1.574441 -13.027152 -0.205831 0.007749 12.845295 136.0
38 18950.0 -0.626479 0.558757 0.0 -0.290893 1.574441 -13.027152 -0.205831 0.007749 12.845295 136.0
39 18950.0 -0.628479 0.581892 0.0 -0.323317 1.574441 -13.027152 -0.205831 0.007749 12.845295 136.0
40 18950.0 -0.618393 0.558276 0.0 -0.285826 1.574441 -13.027152 -0.205831 0.007749 12.845295 136.0
41 18950.0 -0.615194 0.556965 0.0 -0.282303 1.574441 -13.027152 -0.205831 0.007749 12.845295 136.0
42 18950.0 -0.610012 0.533406 0.0 -0.245003 1.574441 -13.027152 -0.205831 0.007749 12.845295 136.0
43 18950.0 -0.595054 0.519004 0.0 -0.205819 1.574441 -13.027152 -0.205831 0.007749 12.845295 136.0
44 18950.0 -0.593237 0.490783 0.0 -0.162082 1.574441 -13.027152 -0.205831 0.007749 12.845295 136.0
45 18950.0 -0.559414 0.497678 0.0 -0.147649 1.574441 -13.027152 -0.205831 0.007749 12.845295 136.0
46 18950.0 -0.580899 0.513562 0.0 -0.183738 1.574441 -13.027152 -0.205831 0.007749 12.845295 136.0
47 18950.0 -0.574451 0.522087 0.0 -0.19098 1.574441 -13.027152 -0.205831 0.007749 12.845295 136.0
48 18950.0 -0.553448 0.515333 0.0 -0.166942 1.574441 -13.027152 -0.205831 0.007749 12.845295 136.0
49 18950.0 -0.544696 0.518472 0.0 -0.165019 1.574441 -13.027152 -0.205831 0.007749 12.845295 136.0
50 18950.0 -0.545352 0.495597 0.0 -0.135074 1.574441 -13.027152 -0.205831 0.007749 12.845295 136.0
51 18950.0 -0.54066 0.484347 0.0 -0.116854 1.574441 -13.027152 -0.205831 0.007749 12.845295 136.0
52 18950.0 -0.543681 0.47548 0.0 -0.108438 1.574441 -13.027152 -0.205831 0.007749 12.845295 136.0
53 18950.0 -0.535393 0.490546 0.0 -0.121416 1.574441 -13.027152 -0.205831 0.007749 12.845295 136.0
54 18950.0 -0.518224 0.510974 0.0 -0.136738 1.574441 -13.027152 -0.205831 0.007749 12.845295 136.0
55 18950.0 -0.527928 0.514074 0.0 -0.147585 1.574441 -13.027152 -0.205831 0.007749 12.845295 136.0
56 18950.0 -0.516862 0.512891 0.0 -0.138423 1.574441 -13.027152 -0.205831 0.007749 12.845295 136.0
57 18950.0 -0.512072 0.520008 0.0 -0.144865 1.574441 -13.027152 -0.205831 0.007749 12.845295 136.0
58 18950.0 -0.504597 0.507977 0.0 -0.123356 1.574441 -13.027152 -0.205831 0.007749 12.845295 136.0
59 18950.0 -0.497418 0.516283 0.0 -0.12979 1.574441 -13.027152 -0.205831 0.007749 12.845295 136.0
60 18950.0 -0.507443 0.521996 0.0 -0.144421 1.574441 -13.027152 -0.205831 0.007749 12.845295 136.0
61 18950.0 -0.480505 0.537674 0.0 -0.147434 1.574441 -13.027152 -0.205831 0.007749 12.845295 136.0
62 18950.0 -0.470216 0.524704 0.0 -0.125636 1.574441 -13.027152 -0.205831 0.007749 12.845295 136.0
63 18950.0 -0.458257 0.534168 0.0 -0.130017 1.574441 -13.027152 -0.205831 0.007749 12.845295 136.0
64 18950.0 -0.464558 0.533476 0.0 -0.131801 1.574441 -13.027152 -0.205831 0.007749 12.845295 136.0
65 18950.0 -0.470597 0.54666 0.0 -0.152934 1.574441 -13.027152 -0.205831 0.007749 12.845295 136.0
66 18950.0 -0.461003 0.540982 0.0 -0.138647 1.574441 -13.027152 -0.205831 0.007749 12.845295 136.0
67 18950.0 -0.464466 0.553758 0.0 -0.158436 1.574441 -13.027152 -0.205831 0.007749 12.845295 136.0
68 18950.0 -0.437967 0.563011 0.0 -0.152986 1.574441 -13.027152 -0.205831 0.007749 12.845295 136.0
69 18950.0 -0.419005 0.545691 0.0 -0.125772 1.574441 -13.027152 -0.205831 0.007749 12.845295 136.0
70 18950.0 -0.42764 0.538625 0.0 -0.122387 1.574441 -13.027152 -0.205831 0.007749 12.845295 136.0
71 18950.0 -0.415355 0.535322 0.0 -0.114474 1.574441 -13.027152 -0.205831 0.007749 12.845295 136.0
72 18950.0 -0.417064 0.536312 0.0 -0.11608 1.574441 -13.027152 -0.205831 0.007749 12.845295 136.0
73 18950.0 -0.410146 0.513749 0.0 -0.091891 1.574441 -13.027152 -0.205831 0.007749 12.845295 136.0
74 18950.0 -0.393422 0.524015 0.0 -0.095188 1.574441 -13.027152 -0.205831 0.007749 12.845295 136.0
75 18950.0 -0.391714 0.504836 0.0 -0.076245 1.574441 -13.027152 -0.205831 0.007749 12.845295 136.0
76 18950.0 -0.391232 0.489648 0.0 -0.061582 1.574441 -13.027152 -0.205831 0.007749 12.845295 136.0
77 18950.0 -0.380732 0.484241 0.0 -0.052354 1.574441 -13.027152 -0.205831 0.007749 12.845295 136.0
78 18950.0 -0.358023 0.497519 0.0 -0.056201 1.574441 -13.027152 -0.205831 0.007749 12.845295 136.0
79 18950.0 -0.373572 0.491955 0.0 -0.056929 1.574441 -13.027152 -0.205831 0.007749 12.845295 136.0
80 18950.0 -0.38093 0.526003 0.0 -0.092236 1.574441 -13.027152 -0.205831 0.007749 12.845295 136.0
81 18950.0 -0.351958 0.53384 0.0 -0.088467 1.574441 -13.027152 -0.205831 0.007749 12.845295 136.0
82 18950.0 -0.329908 0.507826 0.0 -0.055117 1.574441 -13.027152 -0.205831 0.007749 12.845295 136.0
83 18950.0 -0.322422 0.526266 0.0 -0.069789 1.574441 -13.027152 -0.205831 0.007749 12.845295 136.0
84 18950.0 -0.326903 0.534564 0.0 -0.079437 1.574441 -13.027152 -0.205831 0.007749 12.845295 136.0
85 18950.0 -0.319604 0.505024 0.0 -0.04845 1.574441 -13.027152 -0.205831 0.007749 12.845295 136.0
86 18950.0 -0.322967 0.503496 0.0 -0.048298 1.574441 -13.027152 -0.205831 0.007749 12.845295 136.0
87 18950.0 -0.314875 0.513054 0.0 -0.054269 1.574441 -13.027152 -0.205831 0.007749 12.845295 136.0
88 18950.0 -0.313947 0.501891 0.0 -0.043268 1.574441 -13.027152 -0.205831 0.007749 12.845295 136.0
89 18950.0 -0.285377 0.517475 0.0 -0.047039 1.574441 -13.027152 -0.205831 0.007749 12.845295 136.0
90 18950.0 -0.259241 0.502394 0.0 -0.025776 1.574441 -13.027152 -0.205831 0.007749 12.845295 136.0
91 18950.0 -0.231187 0.492016 0.0 -0.008749 1.574441 -13.027152 -0.205831 0.007749 12.845295 136.0
92 18950.0 -0.227632 0.501612 0.0 -0.015374 1.574441 -13.027152 -0.205831 0.007749 12.845295 136.0
93 18950.0 -0.213499 0.534226 0.0 -0.037257 1.574441 -13.027152 -0.205831 0.007749 12.845295 136.0
94 18950.0 -0.232455 0.557923 0.0 -0.06506 1.574441 -13.027152 -0.205831 0.007749 12.845295 136.0
95 18950.0 -0.240155 0.551181 0.0 -0.061622 1.574441 -13.027152 -0.205831 0.007749 12.845295 136.0
96 18950.0 -0.238077 0.540874 0.0 -0.050992 1.574441 -13.027152 -0.205831 0.007749 12.845295 136.0
97 18950.0 -0.245509 0.512642 0.0 -0.02978 1.574441 -13.027152 -0.205831 0.007749 12.845295 136.0
98 18950.0 -0.208904 0.519021 0.0 -0.023597 1.574441 -13.027152 -0.205831 0.007749 12.845295 136.0
99 18950.0 -0.225729 0.48595 0.0 -0.002178 1.574441 -13.027152 -0.205831 0.007749 12.845295 136.0
100 18950.0 -0.229375 0.497348 0.0 -0.01248 1.574441 -13.027152 -0.205831 0.007749 12.845295 136.0
101 18950.0 -0.211117 0.477192 0.0 0.009389 1.574441 -13.027152 -0.205831 0.007749 12.845295 136.0
102 18950.0 -0.200632 0.492097 0.0 0.000632 1.574441 -13.027152 -0.205831 0.007749 12.845295 136.0
103 18950.0 -0.20211 0.463255 0.0 0.023392 1.574441 -13.027152 -0.205831 0.007749 12.845295 136.0
104 18950.0 -0.186746 0.469357 0.0 0.022721 1.574441 -13.027152 -0.205831 0.007749 12.845295 136.0
105 18950.0 -0.172495 0.459297 0.0 0.031635 1.574441 -13.027152 -0.205831 0.007749 12.845295 136.0
106 18950.0 -0.163561 0.460843 0.0 0.031551 1.574441 -13.027152 -0.205831 0.007749 12.845295 136.0
107 18950.0 -0.154632 0.4705 0.0 0.027407 1.574441 -13.027152 -0.205831 0.007749 12.845295 136.0
108 18950.0 -0.149344 0.470919 0.0 0.027606 1.574441 -13.027152 -0.205831 0.007749 12.845295 136.0
109 18950.0 -0.145717 0.467159 0.0 0.029767 1.574441 -13.027152 -0.205831 0.007749 12.845295 136.0
110 18950.0 -0.150099 0.477473 0.0 0.024268 1.574441 -13.027152 -0.205831 0.007749 12.845295 136.0
111 18950.0 -0.171344 0.471052 0.0 0.024614 1.574441 -13.027152 -0.205831 0.007749 12.845295 136.0
112 18950.0 -0.141133 0.477321 0.0 0.025035 1.574441 -13.027152 -0.205831 0.007749 12.845295 136.0
113 18950.0 -0.120687 0.480962 0.0 0.02325 1.574441 -13.027152 -0.205831 0.007749 12.845295 136.0
114 18950.0 -0.119041 0.484406 0.0 0.021806 1.574441 -13.027152 -0.205831 0.007749 12.845295 136.0
115 18950.0 -0.101698 0.484687 0.0 0.020628 1.574441 -13.027152 -0.205831 0.007749 12.845295 136.0
116 18950.0 -0.071217 0.50671 0.0 0.010164 1.574441 -13.027152 -0.205831 0.007749 12.845295 136.0
117 18950.0 -0.051246 0.491257 0.0 0.014958 1.574441 -13.027152 -0.205831 0.007749 12.845295 136.0
118 18950.0 -0.017814 0.479819 0.0 0.017358 1.574441 -13.027152 -0.205831 0.007749 12.845295 136.0
119 18950.0 -0.024154 0.498719 0.0 0.01038 1.574441 -13.027152 -0.205831 0.007749 12.845295 136.0
120 18950.0 0.009459 0.518702 0.0 0.001323 1.574441 -13.027152 -0.205831 0.007749 12.845295 136.0
121 18950.0 0.029971 0.521003 0.0 0.000191 1.574441 -13.027152 -0.205831 0.007749 12.845295 136.0
122 18950.0 0.045986 0.518196 0.0 0.000722 1.574441 -13.027152 -0.205831 0.007749 12.845295 136.0
123 18950.0 0.052369 0.514014 0.0 0.001875 1.574441 -13.027152 -0.205831 0.007749 12.845295 136.0
124 18950.0 0.048436 0.502146 0.0 0.005605 1.574441 -13.027152 -0.205831 0.007749 12.845295 136.0
125 18950.0 0.033816 0.484016 0.0 0.012542 1.574441 -13.027152 -0.205831 0.007749 12.845295 136.0
126 18950.0 0.058237 0.490445 0.0 0.008998 1.574441 -13.027152 -0.205831 0.007749 12.845295 136.0
127 18950.0 0.057927 0.48791 0.0 0.009784 1.574441 -13.027152 -0.205831 0.007749 12.845295 136.0
128 18950.0 0.049578 0.496205 0.0 0.007407 1.574441 -13.027152 -0.205831 0.007749 12.845295 136.0
129 18950.0 0.051524 0.500684 0.0 0.00599 1.574441 -13.027152 -0.205831 0.007749 12.845295 136.0
130 18950.0 0.058623 0.516393 0.0 0.001015 1.574441 -13.027152 -0.205831 0.007749 12.845295 136.0
131 18950.0 0.070298 0.533295 0.0 -0.004422 1.574441 -13.027152 -0.205831 0.007749 12.845295 136.0
132 18950.0 0.054961 0.509152 0.0 0.003316 1.574441 -13.027152 -0.205831 0.007749 12.845295 136.0
133 18950.0 0.063995 0.517938 0.0 0.000428 1.574441 -13.027152 -0.205831 0.007749 12.845295 136.0
134 18950.0 0.087589 0.500608 0.0 0.005267 1.574441 -13.027152 -0.205831 0.007749 12.845295 136.0
135 18950.0 0.079694 0.503438 0.0 0.00456 1.574441 -13.027152 -0.205831 0.007749 12.845295 136.0
136 18950.0 0.102148 0.515896 0.0 0.000266 1.574441 -13.027152 -0.205831 0.007749 12.845295 136.0
137 18950.0 0.09517 0.501595 0.0 0.004806 1.574441 -13.027152 -0.205831 0.007749 12.845295 136.0
138 18950.0 0.098006 0.519821 0.0 -0.000813 1.574441 -13.027152 -0.205831 0.007749 12.845295 136.0
139 18950.0 0.109668 0.528286 0.0 0.00132 1.574441 -13.027152 -0.205831 0.007749 12.845295 136.0
140 18950.0 0.0858 0.526418 0.0 -0.002551 1.574441 -13.027152 -0.205831 0.007749 12.845295 136.0
141 18950.0 0.097203 0.530176 0.0 -0.00061 1.574441 -13.027152 -0.205831 0.007749 12.845295 136.0
142 18950.0 0.107655 0.543976 0.0 0.001501 1.574441 -13.027152 -0.205831 0.007749 12.845295 136.0
143 18950.0 0.110102 0.528152 0.0 0.001386 1.574441 -13.027152 -0.205831 0.007749 12.845295 136.0
144 18950.0 0.102427 0.528537 0.0 0.000172 1.574441 -13.027152 -0.205831 0.007749 12.845295 136.0
145 18950.0 0.11566 0.524875 0.0 0.002168 1.574441 -13.027152 -0.205831 0.007749 12.845295 136.0
146 18950.0 0.150876 0.552064 0.0 0.008662 1.574441 -13.027152 -0.205831 0.007749 12.845295 136.0
147 18950.0 0.151794 0.570285 0.0 0.009392 1.574441 -13.027152 -0.205831 0.007749 12.845295 136.0
148 18950.0 0.171275 0.578936 0.0 0.027581 1.574441 -13.027152 -0.205831 0.007749 12.845295 136.0
149 18950.0 0.175042 0.581167 0.0 0.031502 1.574441 -13.027152 -0.205831 0.007749 12.845295 136.0
150 18950.0 0.186794 0.552852 0.0 0.024641 1.574441 -13.027152 -0.205831 0.007749 12.845295 136.0
151 18950.0 0.198027 0.544823 0.0 0.028387 1.574441 -13.027152 -0.205831 0.007749 12.845295 136.0
152 18950.0 0.216393 0.534207 0.0 0.035871 1.574441 -13.027152 -0.205831 0.007749 12.845295 136.0
153 18950.0 0.203332 0.542082 0.0 0.030725 1.574441 -13.027152 -0.205831 0.007749 12.845295 136.0
154 18950.0 0.202242 0.557551 0.0 0.038314 1.574441 -13.027152 -0.205831 0.007749 12.845295 136.0
155 18950.0 0.193144 0.550693 0.0 0.028047 1.574441 -13.027152 -0.205831 0.007749 12.845295 136.0
156 18950.0 0.193665 0.552258 0.0 0.029269 1.574441 -13.027152 -0.205831 0.007749 12.845295 136.0
157 18950.0 0.19469 0.532856 0.0 0.019504 1.574441 -13.027152 -0.205831 0.007749 12.845295 136.0
158 18950.0 0.193884 0.514361 0.0 0.014325 1.574441 -13.027152 -0.205831 0.007749 12.845295 136.0
159 18950.0 0.21723 0.492914 0.0 0.019412 1.574441 -13.027152 -0.205831 0.007749 12.845295 136.0
160 18950.0 0.215656 0.479924 0.0 0.020478 1.574441 -13.027152 -0.205831 0.007749 12.845295 136.0
161 18950.0 0.222764 0.510773 0.0 0.027774 1.574441 -13.027152 -0.205831 0.007749 12.845295 136.0
162 18950.0 0.242441 0.504172 0.0 0.039451 1.574441 -13.027152 -0.205831 0.007749 12.845295 136.0
163 18950.0 0.224735 0.499411 0.0 0.024372 1.574441 -13.027152 -0.205831 0.007749 12.845295 136.0
164 18950.0 0.233961 0.525434 0.0 0.043779 1.574441 -13.027152 -0.205831 0.007749 12.845295 136.0
165 18950.0 0.212451 0.531981 0.0 0.031826 1.574441 -13.027152 -0.205831 0.007749 12.845295 136.0
166 18950.0 0.222709 0.525547 0.0 0.035733 1.574441 -13.027152 -0.205831 0.007749 12.845295 136.0
167 18950.0 0.231455 0.547926 0.0 0.05415 1.574441 -13.027152 -0.205831 0.007749 12.845295 136.0
168 18950.0 0.220767 0.556362 0.0 0.051017 1.574441 -13.027152 -0.205831 0.007749 12.845295 136.0
169 18950.0 0.237446 0.539649 0.0 0.053985 1.574441 -13.027152 -0.205831 0.007749 12.845295 136.0
170 18950.0 0.247788 0.537086 0.0 0.060048 1.574441 -13.027152 -0.205831 0.007749 12.845295 136.0
171 18950.0 0.266989 0.545915 0.0 0.078662 1.574441 -13.027152 -0.205831 0.007749 12.845295 136.0
172 18950.0 0.277606 0.534152 0.0 0.079943 1.574441 -13.027152 -0.205831 0.007749 12.845295 136.0
173 18950.0 0.297371 0.544728 0.0 0.099908 1.574441 -13.027152 -0.205831 0.007749 12.845295 136.0
174 18950.0 0.321632 0.558897 0.0 0.125114 1.574441 -13.027152 -0.205831 0.007749 12.845295 136.0
175 18950.0 0.324558 0.56153 0.0 0.128692 1.574441 -13.027152 -0.205831 0.007749 12.845295 136.0
176 18950.0 0.331343 0.541677 0.0 0.122731 1.574441 -13.027152 -0.205831 0.007749 12.845295 136.0
177 18950.0 0.362698 0.55594 0.0 0.153165 1.574441 -13.027152 -0.205831 0.007749 12.845295 136.0
178 18950.0 0.382255 0.530026 0.0 0.153771 1.574441 -13.027152 -0.205831 0.007749 12.845295 136.0
179 18950.0 0.395908 0.537894 0.0 0.167199 1.574441 -13.027152 -0.205831 0.007749 12.845295 136.0
180 18950.0 0.376836 0.537846 0.0 0.153432 1.574441 -13.027152 -0.205831 0.007749 12.845295 136.0
181 18950.0 0.389805 0.549945 0.0 0.169435 1.574441 -13.027152 -0.205831 0.007749 12.845295 136.0
182 18950.0 0.392279 0.560555 0.0 0.177117 1.574441 -13.027152 -0.205831 0.007749 12.845295 136.0
183 18950.0 0.398019 0.558456 0.0 0.180102 1.574441 -13.027152 -0.205831 0.007749 12.845295 136.0
184 18950.0 0.403447 0.559922 0.0 0.185756 1.574441 -13.027152 -0.205831 0.007749 12.845295 136.0
185 18950.0 0.425491 0.53939 0.0 0.190294 1.574441 -13.027152 -0.205831 0.007749 12.845295 136.0
186 18950.0 0.419907 0.527085 0.0 0.180543 1.574441 -13.027152 -0.205831 0.007749 12.845295 136.0
187 18950.0 0.411819 0.515969 0.0 0.17003 1.574441 -13.027152 -0.205831 0.007749 12.845295 136.0
188 18950.0 0.443466 0.50951 0.0 0.190916 1.574441 -13.027152 -0.205831 0.007749 12.845295 136.0
189 18950.0 0.436501 0.510485 0.0 0.186139 1.574441 -13.027152 -0.205831 0.007749 12.845295 136.0
190 18950.0 0.433303 0.509783 0.0 0.183479 1.574441 -13.027152 -0.205831 0.007749 12.845295 136.0
191 18950.0 0.457716 0.542197 0.0 0.220095 1.574441 -13.027152 -0.205831 0.007749 12.845295 136.0
192 18950.0 0.476085 0.522799 0.0 0.225045 1.574441 -13.027152 -0.205831 0.007749 12.845295 136.0
193 18950.0 0.485612 0.524596 0.0 0.234365 1.574441 -13.027152 -0.205831 0.007749 12.845295 136.0
194 18950.0 0.478344 0.537316 0.0 0.235328 1.574441 -13.027152 -0.205831 0.007749 12.845295 136.0
195 18950.0 0.495473 0.549951 0.0 0.257581 1.574441 -13.027152 -0.205831 0.007749 12.845295 136.0
196 18950.0 0.4783 0.547317 0.0 0.241044 1.574441 -13.027152 -0.205831 0.007749 12.845295 136.0
197 18950.0 0.480788 0.544681 0.0 0.241704 1.574441 -13.027152 -0.205831 0.007749 12.845295 136.0
198 18950.0 0.518726 0.558704 0.0 0.283154 1.574441 -13.027152 -0.205831 0.007749 12.845295 136.0
199 18950.0 0.515633 0.54182 0.0 0.270536 1.574441 -13.027152 -0.205831 0.007749 12.845295 136.0
200 18950.0 0.497034 0.549195 0.0 0.258512 1.574441 -13.027152 -0.205831 0.007749 12.845295 136.0
201 18950.0 0.487801 0.552072 0.0 0.252091 1.574441 -13.027152 -0.205831 0.007749 12.845295 136.0
202 18950.0 0.499952 0.555606 0.0 0.264947 1.574441 -13.027152 -0.205831 0.007749 12.845295 136.0
203 18950.0 0.509247 0.558041 0.0 0.274602 1.574441 -13.027152 -0.205831 0.007749 12.845295 136.0
204 18950.0 0.518229 0.570363 0.0 0.291026 1.574441 -13.027152 -0.205831 0.007749 12.845295 136.0
205 18950.0 0.543535 0.581108 0.0 0.320242 1.574441 -13.027152 -0.205831 0.007749 12.845295 136.0
206 18950.0 0.538363 0.581828 0.0 0.316345 1.574441 -13.027152 -0.205831 0.007749 12.845295 136.0
207 18950.0 0.560977 0.605676 0.0 0.352591 1.574441 -13.027152 -0.205831 0.007749 12.845295 136.0
208 18950.0 0.590629 0.608092 0.0 0.379584 1.574441 -13.027152 -0.205831 0.007749 12.845295 136.0
209 18950.0 0.617628 0.60897 0.0 0.403223 1.574441 -13.027152 -0.205831 0.007749 12.845295 136.0
210 18950.0 0.639816 0.613355 0.0 0.425257 1.574441 -13.027152 -0.205831 0.007749 12.845295 136.0
211 18950.0 0.636264 0.604388 0.0 0.415848 1.574441 -13.027152 -0.205831 0.007749 12.845295 136.0
212 18950.0 0.61327 0.593137 0.0 0.388244 1.574441 -13.027152 -0.205831 0.007749 12.845295 136.0
213 18950.0 0.614606 0.591683 0.0 0.388348 1.574441 -13.027152 -0.205831 0.007749 12.845295 136.0
214 18950.0 0.618006 0.597489 0.0 0.395377 1.574441 -13.027152 -0.205831 0.007749 12.845295 136.0
215 18950.0 0.632715 0.59857 0.0 0.408684 1.574441 -13.027152 -0.205831 0.007749 12.845295 136.0
216 18950.0 0.622875 0.606448 0.0 0.405901 1.574441 -13.027152 -0.205831 0.007749 12.845295 136.0
217 18950.0 0.613019 0.6219 0.0 0.408495 1.574441 -13.027152 -0.205831 0.007749 12.845295 136.0
218 18950.0 0.618684 0.613802 0.0 0.407562 1.574441 -13.027152 -0.205831 0.007749 12.845295 136.0
219 18950.0 0.633184 0.609629 0.0 0.416953 1.574441 -13.027152 -0.205831 0.007749 12.845295 136.0
220 18950.0 0.6326 0.613156 0.0 0.418964 1.574441 -13.027152 -0.205831 0.007749 12.845295 136.0
221 18950.0 0.611179 0.607259 0.0 0.39651 1.574441 -13.027152 -0.205831 0.007749 12.845295 136.0
222 18950.0 0.625288 0.590125 0.0 0.396344 1.574441 -13.027152 -0.205831 0.007749 12.845295 136.0
223 18950.0 0.642317 0.620484 0.0 0.432461 1.574441 -13.027152 -0.205831 0.007749 12.845295 136.0
224 18950.0 0.625143 0.61628 0.0 0.414831 1.574441 -13.027152 -0.205831 0.007749 12.845295 136.0
225 18950.0 0.662311 0.610945 0.0 0.442717 1.574441 -13.027152 -0.205831 0.007749 12.845295 136.0
226 18950.0 0.674717 0.620521 0.0 0.460105 1.574441 -13.027152 -0.205831 0.007749 12.845295 136.0
227 18950.0 0.702492 0.581825 0.0 0.456995 1.574441 -13.027152 -0.205831 0.007749 12.845295 136.0
228 18950.0 0.671488 0.599511 0.0 0.442404 1.574441 -13.027152 -0.205831 0.007749 12.845295 136.0
229 18950.0 0.679014 0.604005 0.0 0.452017 1.574441 -13.027152 -0.205831 0.007749 12.845295 136.0
230 18950.0 0.711519 0.611221 0.0 0.484858 1.574441 -13.027152 -0.205831 0.007749 12.845295 136.0
231 18950.0 0.71121 0.646476 0.0 0.50968 1.574441 -13.027152 -0.205831 0.007749 12.845295 136.0
232 18950.0 0.694795 0.670352 0.0 0.512675 1.574441 -13.027152 -0.205831 0.007749 12.845295 136.0
233 18950.0 0.709892 0.68295 0.0 0.534508 1.574441 -13.027152 -0.205831 0.007749 12.845295 136.0
234 18950.0 0.707996 0.67929 0.0 0.530287 1.574441 -13.027152 -0.205831 0.007749 12.845295 136.0
235 18950.0 0.738214 0.67621 0.0 0.553854 1.574441 -13.027152 -0.205831 0.007749 12.845295 136.0
236 18950.0 0.746065 0.678424 0.0 0.562121 1.574441 -13.027152 -0.205831 0.007749 12.845295 136.0
237 18950.0 0.762825 0.69341 0.0 0.587071 1.574441 -13.027152 -0.205831 0.007749 12.845295 136.0
238 18950.0 0.766785 0.697165 0.0 0.593118 1.574441 -13.027152 -0.205831 0.007749 12.845295 136.0
239 18950.0 0.779648 0.686962 0.0 0.596823 1.574441 -13.027152 -0.205831 0.007749 12.845295 136.0
240 18950.0 0.793659 0.670991 0.0 0.597402 1.574441 -13.027152 -0.205831 0.007749 12.845295 136.0
241 18950.0 0.795904 0.687529 0.0 0.611083 1.574441 -13.027152 -0.205831 0.007749 12.845295 136.0
242 18950.0 0.781806 0.685835 0.0 0.59786 1.574441 -13.027152 -0.205831 0.007749 12.845295 136.0
243 18950.0 0.773609 0.703613 0.0 0.603523 1.574441 -13.027152 -0.205831 0.007749 12.845295 136.0
244 18950.0 0.779977 0.720088 0.0 0.620673 1.574441 -13.027152 -0.205831 0.007749 12.845295 136.0
245 18950.0 0.780469 0.702345 0.0 0.608468 1.574441 -13.027152 -0.205831 0.007749 12.845295 136.0
246 18950.0 0.769717 0.704276 0.0 0.600677 1.574441 -13.027152 -0.205831 0.007749 12.845295 136.0
247 18950.0 0.771776 0.697391 0.0 0.597533 1.574441 -13.027152 -0.205831 0.007749 12.845295 136.0
248 18950.0 0.776648 0.68598 0.0 0.593567 1.574441 -13.027152 -0.205831 0.007749 12.845295 136.0
249 18950.0 0.788577 0.707845 0.0 0.619292 1.574441 -13.027152 -0.205831 0.007749 12.845295 136.0
250 18950.0 0.77765 0.717341 0.0 0.616734 1.574441 -13.027152 -0.205831 0.007749 12.845295 136.0
251 18950.0 0.774674 0.739456 0.0 0.63011 1.574441 -13.027152 -0.205831 0.007749 12.845295 136.0
252 18950.0 0.762458 0.768351 0.0 0.640685 1.574441 -13.027152 -0.205831 0.007749 12.845295 136.0
253 18950.0 0.778802 0.774159 0.0 0.659164 1.574441 -13.027152 -0.205831 0.007749 12.845295 136.0
254 18950.0 0.765791 0.813541 0.0 0.676741 1.574441 -13.027152 -0.205831 0.007749 12.845295 136.0
255 18950.0 0.788902 0.83194 0.0 0.710344 1.574441 -13.027152 -0.205831 0.007749 12.845295 136.0
256 18950.0 0.791901 0.8339 0.0 0.714391 1.574441 -13.027152 -0.205831 0.007749 12.845295 136.0
257 18950.0 0.795454 0.868778 0.0 0.743073 1.574441 -13.027152 -0.205831 0.007749 12.845295 136.0
258 18950.0 0.824064 0.869573 0.0 0.768542 1.574441 -13.027152 -0.205831 0.007749 12.845295 136.0
259 18950.0 0.836671 0.860869 0.0 0.773122 1.574441 -13.027152 -0.205831 0.007749 12.845295 136.0
260 18950.0 0.851076 0.860269 0.0 0.785212 1.574441 -13.027152 -0.205831 0.007749 12.845295 136.0
261 18950.0 0.878732 0.86316 0.0 0.81139 1.574441 -13.027152 -0.205831 0.007749 12.845295 136.0
262 18950.0 0.884202 0.851674 0.0 0.807721 1.574441 -13.027152 -0.205831 0.007749 12.845295 136.0
263 18950.0 0.865116 0.873712 0.0 0.807288 1.574441 -13.027152 -0.205831 0.007749 12.845295 136.0
264 18950.0 0.895092 0.851709 0.0 0.817219 1.574441 -13.027152 -0.205831 0.007749 12.845295 136.0
265 18950.0 0.896393 0.861822 0.0 0.825771 1.574441 -13.027152 -0.205831 0.007749 12.845295 136.0
266 18950.0 0.8957 0.915081 0.0 0.864245 1.574441 -13.027152 -0.205831 0.007749 12.845295 136.0
267 18950.0 0.919313 0.945767 0.0 0.904347 1.574441 -13.027152 -0.205831 0.007749 12.845295 136.0
268 18950.0 0.928602 0.96138 0.0 0.91961 1.574441 -13.027152 -0.205831 0.007749 12.845295 136.0
269 18950.0 0.908555 0.996324 0.0 0.927238 1.574441 -13.027152 -0.205831 0.007749 12.845295 136.0
270 18950.0 0.946136 0.997482 0.0 0.94649 1.574441 -13.027152 -0.205831 0.007749 12.845295 136.0
271 18950.0 0.947373 1.010817 0.0 0.947884 1.574441 -13.027152 -0.205831 0.007749 12.845295 136.0
272 18950.0 0.942488 1.034796 0.0 0.946107 1.574441 -13.027152 -0.205831 0.007749 12.845295 136.0
273 18950.0 0.94083 1.043026 0.0 0.945588 1.574441 -13.027152 -0.205831 0.007749 12.845295 136.0
274 18950.0 0.955778 1.017768 0.0 0.951488 1.574441 -13.027152 -0.205831 0.007749 12.845295 136.0
275 18950.0 0.949282 1.05157 0.0 0.949364 1.574441 -13.027152 -0.205831 0.007749 12.845295 136.0
276 18950.0 0.957581 1.066081 0.0 0.953207 1.574441 -13.027152 -0.205831 0.007749 12.845295 136.0
277 18950.0 0.967103 1.070611 0.0 0.957346 1.574441 -13.027152 -0.205831 0.007749 12.845295 136.0
278 18950.0 0.969718 1.062719 0.0 0.958279 1.574441 -13.027152 -0.205831 0.007749 12.845295 136.0
279 18950.0 0.960862 1.069889 0.0 0.954683 1.574441 -13.027152 -0.205831 0.007749 12.845295 136.0
280 18950.0 0.948442 1.109333 0.0 0.950296 1.574441 -13.027152 -0.205831 0.007749 12.845295 136.0
281 18950.0 0.969462 1.110255 0.0 0.959231 1.574441 -13.027152 -0.205831 0.007749 12.845295 136.0
282 18950.0 0.984625 1.137191 0.0 0.966263 1.574441 -13.027152 -0.205831 0.007749 12.845295 136.0
283 18950.0 0.968761 1.16139 0.0 0.960075 1.574441 -13.027152 -0.205831 0.007749 12.845295 136.0
284 18950.0 0.98113 1.175347 0.0 0.965632 1.574441 -13.027152 -0.205831 0.007749 12.845295 136.0
285 18950.0 0.984951 1.183701 0.0 0.967439 1.574441 -13.027152 -0.205831 0.007749 12.845295 136.0
286 18950.0 0.98478 1.188158 0.0 0.966611 1.574441 -13.027152 -0.205831 0.007749 12.845295 136.0
287 18950.0 0.99951 1.194416 0.0 0.973535 1.574441 -13.027152 -0.205831 0.007749 12.845295 136.0
