 time p.x p.y p.z deep.node-0 CV opes.bias opes.rct opes.zed opes.neff opes.nker
0 4015.0 0.239673 0.536063 0.0 0.053648 0.907994 -8.106311 -0.049864 0.014843 12.845295 71.0
1 4015.0 0.247904 0.540994 0.0 0.062247 0.907994 -8.106311 -0.049864 0.014843 12.845295 71.0
2 4015.0 0.256642 0.540051 0.0 0.068033 0.907994 -8.106311 -0.049864 0.014843 12.845295 71.0
3 4015.0 0.254855 0.561918 0.0 0.078583 0.907994 -8.106311 -0.049864 0.014843 12.845295 71.0
4 4015.0 0.254731 0.546655 0.0 0.070231 0.907994 -8.106311 -0.049864 0.014843 12.845295 71.0
5 4015.0 0.267093 0.53588 0.0 0.073304 0.907994 -8.106311 -0.049864 0.014843 12.845295 71.0
6 4015.0 0.273816 0.518554 0.0 0.068767 0.907994 -8.106311 -0.049864 0.014843 12.845295 71.0
7 4015.0 0.258855 0.511309 0.0 0.054535 0.907994 -8.106311 -0.049864 0.014843 12.845295 71.0
8 4015.0 0.236114 0.5103 0.0 0.037236 0.907994 -8.106311 -0.049864 0.014843 12.845295 71.0
9 4015.0 0.219569 0.521831 0.0 0.031459 0.907994 -8.106311 -0.049864 0.014843 12.845295 71.0
10 4015.0 0.237397 0.525715 0.0 0.046406 0.907994 -8.106311 -0.049864 0.014843 12.845295 71.0
11 4015.0 0.256714 0.51558 0.0 0.054837 0.907994 -8.106311 -0.049864 0.014843 12.845295 71.0
12 4015.0 0.258364 0.479521 0.0 0.041287 0.907994 -8.106311 -0.049864 0.014843 12.845295 71.0
13 4015.0 0.24964 0.474185 0.0 0.032644 0.907994 -8.106311 -0.049864 0.014843 12.845295 71.0
14 4015.0 0.247353 0.506305 0.0 0.043964 0.907994 -8.106311 -0.049864 0.014843 12.845295 71.0
15 4015.0 0.246552 0.504322 0.0 0.042566 0.907994 -8.106311 -0.049864 0.014843 12.845295 71.0
16 4015.0 0.271868 0.529373 0.0 0.073221 0.907994 -8.106311 -0.049864 0.014843 12.845295 71.0
17 4015.0 0.255206 0.524498 0.0 0.058578 0.907994 -8.106311 -0.049864 0.014843 12.845295 71.0
18 4015.0 0.241036 0.521621 0.0 0.046811 0.907994 -8.106311 -0.049864 0.014843 12.845295 71.0
19 4015.0 0.243408 0.52838 0.0 0.052179 0.907994 -8.106311 -0.049864 0.014843 12.845295 71.0
20 4015.0 0.261074 0.521368 0.0 0.061111 0.907994 -8.106311 -0.049864 0.014843 12.845295 71.0
21 4015.0 0.26761 0.533045 0.0 0.072142 0.907994 -8.106311 -0.049864 0.014843 12.845295 71.0
22 4015.0 0.27444 0.546007 0.0 0.08408 0.907994 -8.106311 -0.049864 0.014843 12.845295 71.0
23 4015.0 0.275165 0.547582 0.0 0.085454 0.907994 -8.106311 -0.049864 0.014843 12.845295 71.0
24 4015.0 0.275208 0.575414 0.0 0.100719 0.907994 -8.106311 -0.049864 0.014843 12.845295 71.0
25 4015.0 0.278104 0.572808 0.0 0.101367 0.907994 -8.106311 -0.049864 0.014843 12.845295 71.0
26 4015.0 0.294102 0.559215 0.0 0.105395 0.907994 -8.106311 -0.049864 0.014843 12.845295 71.0
27 4015.0 0.304772 0.545447 0.0 0.105629 0.907994 -8.106311 -0.049864 0.014843 12.845295 71.0
28 4015.0 0.310973 0.531535 0.0 0.102565 0.907994 -8.106311 -0.049864 0.014843 12.845295 71.0
29 4015.0 0.326574 0.561255 0.0 0.129996 0.907994 -8.106311 -0.049864 0.014843 12.845295 71.0
30 4015.0 0.339007 0.525334 0.0 0.119749 0.907994 -8.106311 -0.049864 0.014843 12.845295 71.0
31 4015.0 0.345818 0.524304 0.0 0.124389 0.907994 -8.106311 -0.049864 0.014843 12.845295 71.0
32 4015.0 0.337218 0.526134 0.0 0.118744 0.907994 -8.106311 -0.049864 0.014843 12.845295 71.0
33 4015.0 0.344243 0.52157 0.0 0.122112 0.907994 -8.106311 -0.049864 0.014843 12.845295 71.0
34 4015.0 0.357884 0.507852 0.0 0.126683 0.907994 -8.106311 -0.049864 0.014843 12.845295 71.0
35 4015.0 0.343193 0.518776 0.0 0.120199 0.907994 -8.106311 -0.049864 0.014843 12.845295 71.0
36 4015.0 0.385335 0.535298 0.0 0.158195 0.907994 -8.106311 -0.049864 0.014843 12.845295 71.0
37 4015.0 0.350726 0.54612 0.0 0.1391 0.907994 -8.106311 -0.049864 0.014843 12.845295 71.0
38 4015.0 0.392196 0.551139 0.0 0.171828 0.907994 -8.106311 -0.049864 0.014843 12.845295 71.0
39 4015.0 0.380394 0.516336 0.0 0.14684 0.907994 -8.106311 -0.049864 0.014843 12.845295 71.0
40 4015.0 0.397592 0.50493 0.0 0.154989 0.907994 -8.106311 -0.049864 0.014843 12.845295 71.0
41 4015.0 0.394669 0.517387 0.0 0.157867 0.907994 -8.106311 -0.049864 0.014843 12.845295 71.0
42 4015.0 0.408762 0.538352 0.0 0.176832 0.907994 -8.106311 -0.049864 0.014843 12.845295 71.0
43 4015.0 0.410688 0.506725 0.0 0.165444 0.907994 -8.106311 -0.049864 0.014843 12.845295 71.0
44 4015.0 0.412622 0.509848 0.0 0.168145 0.907994 -8.106311 -0.049864 0.014843 12.845295 71.0
45 4015.0 0.432423 0.528649 0.0 0.190472 0.907994 -8.106311 -0.049864 0.014843 12.845295 71.0
46 4015.0 0.45646 0.507607 0.0 0.199796 0.907994 -8.106311 -0.049864 0.014843 12.845295 71.0
47 4015.0 0.465246 0.529004 0.0 0.21909 0.907994 -8.106311 -0.049864 0.014843 12.845295 71.0
48 4015.0 0.469834 0.52068 0.0 0.218403 0.907994 -8.106311 -0.049864 0.014843 12.845295 71.0
49 4015.0 0.465355 0.509331 0.0 0.208126 0.907994 -8.106311 -0.049864 0.014843 12.845295 71.0
50 4015.0 0.472198 0.526263 0.0 0.2236 0.907994 -8.106311 -0.049864 0.014843 12.845295 71.0
51 4015.0 0.492204 0.526513 0.0 0.241234 0.907994 -8.106311 -0.049864 0.014843 12.845295 71.0
52 4015.0 0.478074 0.514289 0.0 0.222002 0.907994 -8.106311 -0.049864 0.014843 12.845295 71.0
53 4015.0 0.478769 0.529264 0.0 0.231066 0.907994 -8.106311 -0.049864 0.014843 12.845295 71.0
54 4015.0 0.4919 0.526934 0.0 0.241211 0.907994 -8.106311 -0.049864 0.014843 12.845295 71.0
55 4015.0 0.511764 0.535086 0.0 0.263276 0.907994 -8.106311 -0.049864 0.014843 12.845295 71.0
56 4015.0 0.518077 0.532315 0.0 0.267203 0.907994 -8.106311 -0.049864 0.014843 12.845295 71.0
57 4015.0 0.522981 0.519154 0.0 0.263919 0.907994 -8.106311 -0.049864 0.014843 12.845295 71.0
58 4015.0 0.502989 0.527594 0.0 0.25129 0.907994 -8.106311 -0.049864 0.014843 12.845295 71.0
59 4015.0 0.481051 0.528373 0.0 0.23255 0.907994 -8.106311 -0.049864 0.014843 12.845295 71.0
60 4015.0 0.495548 0.55641 0.0 0.261765 0.907994 -8.106311 -0.049864 0.014843 12.845295 71.0
61 4015.0 0.506042 0.568825 0.0 0.279543 0.907994 -8.106311 -0.049864 0.014843 12.845295 71.0
62 4015.0 0.547268 0.559755 0.0 0.308526 0.907994 -8.106311 -0.049864 0.014843 12.845295 71.0
63 4015.0 0.554299 0.580861 0.0 0.329242 0.907994 -8.106311 -0.049864 0.014843 12.845295 71.0
64 4015.0 0.537151 0.570425 0.0 0.307199 0.907994 -8.106311 -0.049864 0.014843 12.845295 71.0
65 4015.0 0.531957 0.562298 0.0 0.296989 0.907994 -8.106311 -0.049864 0.014843 12.845295 71.0
66 4015.0 0.565008 0.550597 0.0 0.318772 0.907994 -8.106311 -0.049864 0.014843 12.845295 71.0
67 4015.0 0.57196 0.553893 0.0 0.32675 0.907994 -8.106311 -0.049864 0.014843 12.845295 71.0
68 4015.0 0.565452 0.555202 0.0 0.321811 0.907994 -8.106311 -0.049864 0.014843 12.845295 71.0
69 4015.0 0.590066 0.555836 0.0 0.343705 0.907994 -8.106311 -0.049864 0.014843 12.845295 71.0
70 4015.0 0.583638 0.561041 0.0 0.341078 0.907994 -8.106311 -0.049864 0.014843 12.845295 71.0
71 4015.0 0.601855 0.55702 0.0 0.354697 0.907994 -8.106311 -0.049864 0.014843 12.845295 71.0
72 4015.0 0.609569 0.571942 0.0 0.370031 0.907994 -8.106311 -0.049864 0.014843 12.845295 71.0
73 4015.0 0.599963 0.556511 0.0 0.35275 0.907994 -8.106311 -0.049864 0.014843 12.845295 71.0
74 4015.0 0.631979 0.576107 0.0 0.392074 0.907994 -8.106311 -0.049864 0.014843 12.845295 71.0
75 4015.0 0.653563 0.600272 0.0 0.427666 0.907994 -8.106311 -0.049864 0.014843 12.845295 71.0
76 4015.0 0.651527 0.601048 0.0 0.426482 0.907994 -8.106311 -0.049864 0.014843 12.845295 71.0
77 4015.0 0.664969 0.623648 0.0 0.454021 0.907994 -8.106311 -0.049864 0.014843 12.845295 71.0
78 4015.0 0.673134 0.611941 0.0 0.452651 0.907994 -8.106311 -0.049864 0.014843 12.845295 71.0
79 4015.0 0.665874 0.618999 0.0 0.451484 0.907994 -8.106311 -0.049864 0.014843 12.845295 71.0
80 4015.0 0.65203 0.615656 0.0 0.437305 0.907994 -8.106311 -0.049864 0.014843 12.845295 71.0
81 4015.0 0.663423 0.633835 0.0 0.459951 0.907994 -8.106311 -0.049864 0.014843 12.845295 71.0
82 4015.0 0.663729 0.638104 0.0 0.463249 0.907994 -8.106311 -0.049864 0.014843 12.845295 71.0
83 4015.0 0.677688 0.654527 0.0 0.486833 0.907994 -8.106311 -0.049864 0.014843 12.845295 71.0
84 4015.0 0.711767 0.684404 0.0 0.537141 0.907994 -8.106311 -0.049864 0.014843 12.845295 71.0
85 4015.0 0.726992 0.688624 0.0 0.553121 0.907994 -8.106311 -0.049864 0.014843 12.845295 71.0
86 4015.0 0.741858 0.681126 0.0 0.560459 0.907994 -8.106311 -0.049864 0.014843 12.845295 71.0
87 4015.0 0.766978 0.670144 0.0 0.574057 0.907994 -8.106311 -0.049864 0.014843 12.845295 71.0
88 4015.0 0.772533 0.667395 0.0 0.576836 0.907994 -8.106311 -0.049864 0.014843 12.845295 71.0
89 4015.0 0.742297 0.658936 0.0 0.545044 0.907994 -8.106311 -0.049864 0.014843 12.845295 71.0
90 4015.0 0.741639 0.683668 0.0 0.56208 0.907994 -8.106311 -0.049864 0.014843 12.845295 71.0
91 4015.0 0.724251 0.670039 0.0 0.537561 0.907994 -8.106311 -0.049864 0.014843 12.845295 71.0
92 4015.0 0.716802 0.674274 0.0 0.534225 0.907994 -8.106311 -0.049864 0.014843 12.845295 71.0
93 4015.0 0.716021 0.66981 0.0 0.530383 0.907994 -8.106311 -0.049864 0.014843 12.845295 71.0
94 4015.0 0.723123 0.678038 0.0 0.542291 0.907994 -8.106311 -0.049864 0.014843 12.845295 71.0
95 4015.0 0.764768 0.674449 0.0 0.575236 0.907994 -8.106311 -0.049864 0.014843 12.845295 71.0
96 4015.0 0.775518 0.679029 0.0 0.587658 0.907994 -8.106311 -0.049864 0.014843 12.845295 71.0
97 4015.0 0.777678 0.648433 0.0 0.56773 0.907994 -8.106311 -0.049864 0.014843 12.845295 71.0
98 4015.0 0.775348 0.682643 0.0 0.590084 0.907994 -8.106311 -0.049864 0.014843 12.845295 71.0
99 4015.0 0.789362 0.674229 0.0 0.596043 0.907994 -8.106311 -0.049864 0.014843 12.845295 71.0
100 4015.0 0.784419 0.666424 0.0 0.586276 0.907994 -8.106311 -0.049864 0.014843 12.845295 71.0
101 4015.0 0.789721 0.675047 0.0 0.596931 0.907994 -8.106311 -0.049864 0.014843 12.845295 71.0
102 4015.0 0.790853 0.675947 0.0 0.598537 0.907994 -8.106311 -0.049864 0.014843 12.845295 71.0
103 4015.0 0.78852 0.681737 0.0 0.600668 0.907994 -8.106311 -0.049864 0.014843 12.845295 71.0
104 4015.0 0.787896 0.705335 0.0 0.616926 0.907994 -8.106311 -0.049864 0.014843 12.845295 71.0
105 4015.0 0.798147 0.717088 0.0 0.634116 0.907994 -8.106311 -0.049864 0.014843 12.845295 71.0
106 4015.0 0.811894 0.739603 0.0 0.662594 0.907994 -8.106311 -0.049864 0.014843 12.845295 71.0
107 4015.0 0.834191 0.773438 0.0 0.706815 0.907994 -8.106311 -0.049864 0.014843 12.845295 71.0
108 4015.0 0.824512 0.774045 0.0 0.698841 0.907994 -8.106311 -0.049864 0.014843 12.845295 71.0
109 4015.0 0.83112 0.790561 0.0 0.716707 0.907994 -8.106311 -0.049864 0.014843 12.845295 71.0
110 4015.0 0.829962 0.794093 0.0 0.718292 0.907994 -8.106311 -0.049864 0.014843 12.845295 71.0
111 4015.0 0.84244 0.789935 0.0 0.726094 0.907994 -8.106311 -0.049864 0.014843 12.845295 71.0
112 4015.0 0.845304 0.79489 0.0 0.732221 0.907994 -8.106311 -0.049864 0.014843 12.845295 71.0
113 4015.0 0.850238 0.800526 0.0 0.740649 0.907994 -8.106311 -0.049864 0.014843 12.845295 71.0
114 4015.0 0.840513 0.815919 0.0 0.743483 0.907994 -8.106311 -0.049864 0.014843 12.845295 71.0
115 4015.0 0.831171 0.836159 0.0 0.750208 0.907994 -8.106311 -0.049864 0.014843 12.845295 71.0
116 4015.0 0.832852 0.837723 0.0 0.752818 0.907994 -8.106311 -0.049864 0.014843 12.845295 71.0
117 4015.0 0.866459 0.851153 0.0 0.791904 0.907994 -8.106311 -0.049864 0.014843 12.845295 71.0
118 4015.0 0.884213 0.877586 0.0 0.826742 0.907994 -8.106311 -0.049864 0.014843 12.845295 71.0
119 4015.0 0.897426 0.901523 0.0 0.855799 0.907994 -8.106311 -0.049864 0.014843 12.845295 71.0
120 4015.0 0.900764 0.921641 0.0 0.87333 0.907994 -8.106311 -0.049864 0.014843 12.845295 71.0
121 4015.0 0.908612 0.938473 0.0 0.892084 0.907994 -8.106311 -0.049864 0.014843 12.845295 71.0
122 4015.0 0.917596 0.961163 0.0 0.914721 0.907994 -8.106311 -0.049864 0.014843 12.845295 71.0
123 4015.0 0.919723 1.000056 0.0 0.936097 0.907994 -8.106311 -0.049864 0.014843 12.845295 71.0
124 4015.0 0.921592 1.036438 0.0 0.937282 0.907994 -8.106311 -0.049864 0.014843 12.845295 71.0
125 4015.0 0.953675 1.048408 0.0 0.951156 0.907994 -8.106311 -0.049864 0.014843 12.845295 71.0
126 4015.0 0.947817 1.047745 0.0 0.948657 0.907994 -8.106311 -0.049864 0.014843 12.845295 71.0
127 4015.0 0.951358 1.042703 0.0 0.950046 0.907994 -8.106311 -0.049864 0.014843 12.845295 71.0
128 4015.0 0.932522 1.060476 0.0 0.942453 0.907994 -8.106311 -0.049864 0.014843 12.845295 71.0
129 4015.0 0.932496 1.06952 0.0 0.942644 0.907994 -8.106311 -0.049864 0.014843 12.845295 71.0
130 4015.0 0.925954 1.075421 0.0 0.940001 0.907994 -8.106311 -0.049864 0.014843 12.845295 71.0
131 4015.0 0.936069 1.068834 0.0 0.944144 0.907994 -8.106311 -0.049864 0.014843 12.845295 71.0
132 4015.0 0.957349 1.079057 0.0 0.953398 0.907994 -8.106311 -0.049864 0.014843 12.845295 71.0
133 4015.0 0.956536 1.097514 0.0 0.953465 0.907994 -8.106311 -0.049864 0.014843 12.845295 71.0
134 4015.0 0.971699 1.107223 0.0 0.960112 0.907994 -8.106311 -0.049864 0.014843 12.845295 71.0
135 4015.0 0.96469 1.146863 0.0 0.958024 0.907994 -8.106311 -0.049864 0.014843 12.845295 71.0
136 4015.0 0.972819 1.151824 0.0 0.961582 0.907994 -8.106311 -0.049864 0.014843 12.845295 71.0
137 4015.0 0.980191 1.167964 0.0 0.965069 0.907994 -8.106311 -0.049864 0.014843 12.845295 71.0
138 4015.0 0.988861 1.180816 0.0 0.969033 0.907994 -8.106311 -0.049864 0.014843 12.845295 71.0
139 4015.0 0.989053 1.156382 0.0 0.968569 0.907994 -8.106311 -0.049864 0.014843 12.845295 71.0
140 4015.0 0.998435 1.138112 0.0 0.972141 0.907994 -8.106311 -0.049864 0.014843 12.845295 71.0
141 4015.0 0.979472 1.12886 0.0 0.963892 0.907994 -8.106311 -0.049864 0.014843 12.845295 71.0
142 4015.0 0.973654 1.138185 0.0 0.961632 0.907994 -8.106311 -0.049864 0.014843 12.845295 71.0
143 4015.0 0.980885 1.157692 0.0 0.965134 0.907994 -8.106311 -0.049864 0.014843 12.845295 71.0
144 4015.0 0.981888 1.156758 0.0 0.965539 0.907994 -8.106311 -0.049864 0.014843 12.845295 71.0
145 4015.0 0.964573 1.173547 0.0 0.95857 0.907994 -8.106311 -0.049864 0.014843 12.845295 71.0
146 4015.0 0.950879 1.169331 0.0 0.952087 0.907994 -8.106311 -0.049864 0.014843 12.845295 71.0
147 4015.0 0.9836 1.161194 0.0 0.966364 0.907994 -8.106311 -0.049864 0.014843 12.845295 71.0
148 4015.0 0.981575 1.151763 0.0 0.965295 0.907994 -8.106311 -0.049864 0.014843 12.845295 71.0
149 4015.0 0.993499 1.161567 0.0 0.970571 0.907994 -8.106311 -0.049864 0.014843 12.845295 71.0
150 4015.0 0.996001 1.148483 0.0 0.97134 0.907994 -8.106311 -0.049864 0.014843 12.845295 71.0
151 4015.0 0.98654 1.152643 0.0 0.96742 0.907994 -8.106311 -0.049864 0.014843 12.845295 71.0
152 4015.0 1.01232 1.141644 0.0 0.978109 0.907994 -8.106311 -0.049864 0.014843 12.845295 71.0
153 4015.0 1.010203 1.184555 0.0 0.978169 0.907994 -8.106311 -0.049864 0.014843 12.845295 71.0
154 4015.0 1.027005 1.192699 0.0 0.985476 0.907994 -8.106311 -0.049864 0.014843 12.845295 71.0
155 4015.0 1.022339 1.169679 0.0 0.982984 0.907994 -8.106311 -0.049864 0.014843 12.845295 71.0
156 4015.0 1.034964 1.180802 0.0 0.988586 0.907994 -8.106311 -0.049864 0.014843 12.845295 71.0
157 4015.0 0.985704 1.175529 0.0 0.967576 0.907994 -8.106311 -0.049864 0.014843 12.845295 71.0
158 4015.0 1.010366 1.19617 0.0 0.978497 0.907994 -8.106311 -0.049864 0.014843 12.845295 71.0
159 4015.0 1.006175 1.189028 0.0 0.97656 0.907994 -8.106311 -0.049864 0.014843 12.845295 71.0
160 4015.0 1.008083 1.181018 0.0 0.97719 0.907994 -8.106311 -0.049864 0.014843 12.845295 71.0
161 4015.0 0.995757 1.1738 0.0 0.971801 0.907994 -8.106311 -0.049864 0.014843 12.845295 71.0
162 4015.0 0.989756 1.192968 0.0 0.968089 0.907994 -8.106311 -0.049864 0.014843 12.845295 71.0
163 4015.0 1.008687 1.190505 0.0 0.977658 0.907994 -8.106311 -0.049864 0.014843 12.845295 71.0
164 4015.0 0.982291 1.177262 0.0 0.966168 0.907994 -8.106311 -0.049864 0.014843 12.845295 71.0
165 4015.0 0.995866 1.172195 0.0 0.971812 0.907994 -8.106311 -0.049864 0.014843 12.845295 71.0
166 4015.0 0.991138 1.192693 0.0 0.969014 0.907994 -8.106311 -0.049864 0.014843 12.845295 71.0
167 4015.0 0.980806 1.182853 0.0 0.965662 0.907994 -8.106311 -0.049864 0.014843 12.845295 71.0
168 4015.0 1.005675 1.198763 0.0 0.975881 0.907994 -8.106311 -0.049864 0.014843 12.845295 71.0
169 4015.0 1.038987 1.181935 0.0 0.990318 0.907994 -8.106311 -0.049864 0.014843 12.845295 71.0
170 4015.0 0.98715 1.199464 0.0 0.964436 0.907994 -8.106311 -0.049864 0.014843 12.845295 71.0
171 4015.0 1.009721 1.217316 0.0 0.972407 0.907994 -8.106311 -0.049864 0.014843 12.845295 71.0
172 4015.0 1.026123 1.218457 0.0 0.981978 0.907994 -8.106311 -0.049864 0.014843 12.845295 71.0
173 4015.0 1.008679 1.225853 0.0 0.969049 0.907994 -8.106311 -0.049864 0.014843 12.845295 71.0
174 4015.0 0.973326 1.203506 0.0 0.954771 0.907994 -8.106311 -0.049864 0.014843 12.845295 71.0
175 4015.0 0.968504 1.198014 0.0 0.953604 0.907994 -8.106311 -0.049864 0.014843 12.845295 71.0
176 4015.0 0.974555 1.202744 0.0 0.955759 0.907994 -8.106311 -0.049864 0.014843 12.845295 71.0
177 4015.0 0.97914 1.216246 0.0 0.954224 0.907994 -8.106311 -0.049864 0.014843 12.845295 71.0
178 4015.0 0.986444 1.21817 0.0 0.958034 0.907994 -8.106311 -0.049864 0.014843 12.845295 71.0
179 4015.0 0.979252 1.2177 0.0 0.953827 0.907994 -8.106311 -0.049864 0.014843 12.845295 71.0
180 4015.0 0.987435 1.256022 0.0 0.944129 0.907994 -8.106311 -0.049864 0.014843 12.845295 71.0
181 4015.0 1.000382 1.250465 0.0 0.956164 0.907994 -8.106311 -0.049864 0.014843 12.845295 71.0
182 4015.0 1.025021 1.254918 0.0 0.969667 0.907994 -8.106311 -0.049864 0.014843 12.845295 71.0
183 4015.0 1.029633 1.229004 0.0 0.980736 0.907994 -8.106311 -0.049864 0.014843 12.845295 71.0
184 4015.0 1.037885 1.237507 0.0 0.98302 0.907994 -8.106311 -0.049864 0.014843 12.845295 71.0
185 4015.0 1.013764 1.229152 0.0 0.971076 0.907994 -8.106311 -0.049864 0.014843 12.845295 71.0
186 4015.0 1.037044 1.23016 0.0 0.984856 0.907994 -8.106311 -0.049864 0.014843 12.845295 71.0
187 4015.0 1.019943 1.238487 0.0 0.971838 0.907994 -8.106311 -0.049864 0.014843 12.845295 71.0
188 4015.0 1.024746 1.229122 0.0 0.977739 0.907994 -8.106311 -0.049864 0.014843 12.845295 71.0
189 4015.0 1.018606 1.233563 0.0 0.9726 0.907994 -8.106311 -0.049864 0.014843 12.845295 71.0
190 4015.0 1.001489 1.231007 0.0 0.963048 0.907994 -8.106311 -0.049864 0.014843 12.845295 71.0
191 4015.0 0.977676 1.23346 0.0 0.94784 0.907994 -8.106311 -0.049864 0.014843 12.845295 71.0
192 4015.0 0.975444 1.223476 0.0 0.949676 0.907994 -8.106311 -0.049864 0.014843 12.845295 71.0
193 4015.0 0.975536 1.234974 0.0 0.94606 0.907994 -8.106311 -0.049864 0.014843 12.845295 71.0
194 4015.0 1.000306 1.205638 0.0 0.970433 0.907994 -8.106311 -0.049864 0.014843 12.845295 71.0
195 4015.0 0.98772 1.193505 0.0 0.966684 0.907994 -8.106311 -0.049864 0.014843 12.845295 71.0
196 4015.0 0.964158 1.205821 0.0 0.948478 0.907994 -8.106311 -0.049864 0.014843 12.845295 71.0
197 4015.0 0.978053 1.215452 0.0 0.953819 0.907994 -8.106311 -0.049864 0.014843 12.845295 71.0
198 4015.0 0.969549 1.207659 0.0 0.951156 0.907994 -8.106311 -0.049864 0.014843 12.845295 71.0
199 4015.0 0.967586 1.180687 0.0 0.958581 0.907994 -8.106311 -0.049864 0.014843 12.845295 71.0
200 4015.0 1.002294 1.17853 0.0 0.974679 0.907994 -8.106311 -0.049864 0.014843 12.845295 71.0
201 4015.0 1.013454 1.159073 0.0 0.978979 0.907994 -8.106311 -0.049864 0.014843 12.845295 71.0
202 4015.0 1.004563 1.13627 0.0 0.974699 0.907994 -8.106311 -0.049864 0.014843 12.845295 71.0
203 4015.0 0.970924 1.147843 0.0 0.96069 0.907994 -8.106311 -0.049864 0.014843 12.845295 71.0
204 4015.0 0.945851 1.131693 0.0 0.949696 0.907994 -8.106311 -0.049864 0.014843 12.845295 71.0
205 4015.0 0.939375 1.147183 0.0 0.947294 0.907994 -8.106311 -0.049864 0.014843 12.845295 71.0
206 4015.0 0.947125 1.141996 0.0 0.950466 0.907994 -8.106311 -0.049864 0.014843 12.845295 71.0
207 4015.0 0.963529 1.147169 0.0 0.957538 0.907994 -8.106311 -0.049864 0.014843 12.845295 71.0
208 4015.0 0.958827 1.146849 0.0 0.955537 0.907994 -8.106311 -0.049864 0.014843 12.845295 71.0
209 4015.0 0.961626 1.147777 0.0 0.956745 0.907994 -8.106311 -0.049864 0.014843 12.845295 71.0
210 4015.0 0.964883 1.155224 0.0 0.958292 0.907994 -8.106311 -0.049864 0.014843 12.845295 71.0
211 4015.0 0.949502 1.164245 0.0 0.95197 0.907994 -8.106311 -0.049864 0.014843 12.845295 71.0
212 4015.0 0.970422 1.1636 0.0 0.960829 0.907994 -8.106311 -0.049864 0.014843 12.845295 71.0
213 4015.0 0.986051 1.153524 0.0 0.967233 0.907994 -8.106311 -0.049864 0.014843 12.845295 71.0
214 4015.0 0.982453 1.138534 0.0 0.965372 0.907994 -8.106311 -0.049864 0.014843 12.845295 71.0
215 4015.0 0.959841 1.155531 0.0 0.956161 0.907994 -8.106311 -0.049864 0.014843 12.845295 71.0
216 4015.0 0.949614 1.161326 0.0 0.951953 0.907994 -8.106311 -0.049864 0.014843 12.845295 71.0
217 4015.0 0.985899 1.187089 0.0 0.96763 0.907994 -8.106311 -0.049864 0.014843 12.845295 71.0
218 4015.0 0.970985 1.173067 0.0 0.961279 0.907994 -8.106311 -0.049864 0.014843 12.845295 71.0
219 4015.0 0.982776 1.16652 0.0 0.966133 0.907994 -8.106311 -0.049864 0.014843 12.845295 71.0
220 4015.0 0.971129 1.155431 0.0 0.960946 0.907994 -8.106311 -0.049864 0.014843 12.845295 71.0
221 4015.0 0.972576 1.145237 0.0 0.961332 0.907994 -8.106311 -0.049864 0.014843 12.845295 71.0
222 4015.0 0.973973 1.147498 0.0 0.961975 0.907994 -8.106311 -0.049864 0.014843 12.845295 71.0
223 4015.0 0.976607 1.143392 0.0 0.963001 0.907994 -8.106311 -0.049864 0.014843 12.845295 71.0
224 4015.0 0.969766 1.167488 0.0 0.960637 0.907994 -8.106311 -0.049864 0.014843 12.845295 71.0
225 4015.0 0.949038 1.169689 0.0 0.950858 0.907994 -8.106311 -0.049864 0.014843 12.845295 71.0
226 4015.0 0.954619 1.159463 0.0 0.954034 0.907994 -8.106311 -0.049864 0.014843 12.845295 71.0
227 4015.0 0.966898 1.173951 0.0 0.959565 0.907994 -8.106311 -0.049864 0.014843 12.845295 71.0
228 4015.0 0.983561 1.186412 0.0 0.96643 0.907994 -8.106311 -0.049864 0.014843 12.845295 71.0
229 4015.0 0.997005 1.206866 0.0 0.968041 0.907994 -8.106311 -0.049864 0.014843 12.845295 71.0
230 4015.0 0.986269 1.21902 0.0 0.957656 0.907994 -8.106311 -0.049864 0.014843 12.845295 71.0
231 4015.0 0.993833 1.240989 0.0 0.955222 0.907994 -8.106311 -0.049864 0.014843 12.845295 71.0
232 4015.0 0.984866 1.19917 0.0 0.963146 0.907994 -8.106311 -0.049864 0.014843 12.845295 71.0
233 4015.0 0.963629 1.202713 0.0 0.94915 0.907994 -8.106311 -0.049864 0.014843 12.845295 71.0
234 4015.0 0.977006 1.193094 0.0 0.960325 0.907994 -8.106311 -0.049864 0.014843 12.845295 71.0
235 4015.0 0.984869 1.216685 0.0 0.957554 0.907994 -8.106311 -0.049864 0.014843 12.845295 71.0
236 4015.0 0.978857 1.209468 0.0 0.956218 0.907994 -8.106311 -0.049864 0.014843 12.845295 71.0
237 4015.0 0.980805 1.207138 0.0 0.958141 0.907994 -8.106311 -0.049864 0.014843 12.845295 71.0
238 4015.0 0.972347 1.210893 0.0 0.951819 0.907994 -8.106311 -0.049864 0.014843 12.845295 71.0
239 4015.0 0.963494 1.212248 0.0 0.946023 0.907994 -8.106311 -0.049864 0.014843 12.845295 71.0
240 4015.0 0.99363 1.216336 0.0 0.962973 0.907994 -8.106311 -0.049864 0.014843 12.845295 71.0
241 4015.0 0.999031 1.225403 0.0 0.963349 0.907994 -8.106311 -0.049864 0.014843 12.845295 71.0
242 4015.0 0.965245 1.200425 0.0 0.95086 0.907994 -8.106311 -0.049864 0.014843 12.845295 71.0
243 4015.0 0.950138 1.21633 0.0 0.936629 0.907994 -8.106311 -0.049864 0.014843 12.845295 71.0
244 4015.0 0.962578 1.163815 0.0 0.957507 0.907994 -8.106311 -0.049864 0.014843 12.845295 71.0
245 4015.0 0.955526 1.164978 0.0 0.954541 0.907994 -8.106311 -0.049864 0.014843 12.845295 71.0
246 4015.0 0.949387 1.158068 0.0 0.951784 0.907994 -8.106311 -0.049864 0.014843 12.845295 71.0
247 4015.0 0.93889 1.124938 0.0 0.946592 0.907994 -8.106311 -0.049864 0.014843 12.845295 71.0
248 4015.0 0.964302 1.126087 0.0 0.957396 0.907994 -8.106311 -0.049864 0.014843 12.845295 71.0
249 4015.0 0.956581 1.102039 0.0 0.953585 0.907994 -8.106311 -0.049864 0.014843 12.845295 71.0
250 4015.0 0.980105 1.088295 0.0 0.963255 0.907994 -8.106311 -0.049864 0.014843 12.845295 71.0
251 4015.0 0.98878 1.100367 0.0 0.967204 0.907994 -8.106311 -0.049864 0.014843 12.845295 71.0
252 4015.0 0.987689 1.110019 0.0 0.966956 0.907994 -8.106311 -0.049864 0.014843 12.845295 71.0
253 4015.0 0.97282 1.112622 0.0 0.960708 0.907994 -8.106311 -0.049864 0.014843 12.845295 71.0
254 4015.0 0.990977 1.128102 0.0 0.968754 0.907994 -8.106311 -0.049864 0.014843 12.845295 71.0
255 4015.0 0.980817 1.122771 0.0 0.964327 0.907994 -8.106311 -0.049864 0.014843 12.845295 71.0
256 4015.0 1.007802 1.137211 0.0 0.976094 0.907994 -8.106311 -0.049864 0.014843 12.845295 71.0
257 4015.0 1.00564 1.13569 0.0 0.975143 0.907994 -8.106311 -0.049864 0.014843 12.845295 71.0
258 4015.0 1.003952 1.102558 0.0 0.973688 0.907994 -8.106311 -0.049864 0.014843 12.845295 71.0
259 4015.0 0.988863 1.10513 0.0 0.967346 0.907994 -8.106311 -0.049864 0.014843 12.845295 71.0
260 4015.0 0.977774 1.104848 0.0 0.962636 0.907994 -8.106311 -0.049864 0.014843 12.845295 71.0
261 4015.0 1.015502 1.103305 0.0 0.978603 0.907994 -8.106311 -0.049864 0.014843 12.845295 71.0
262 4015.0 0.990532 1.120389 0.0 0.968394 0.907994 -8.106311 -0.049864 0.014843 12.845295 71.0
263 4015.0 0.967154 1.148482 0.0 0.959105 0.907994 -8.106311 -0.049864 0.014843 12.845295 71.0
264 4015.0 0.957626 1.150545 0.0 0.95511 0.907994 -8.106311 -0.049864 0.014843 12.845295 71.0
265 4015.0 0.956926 1.129647 0.0 0.954347 0.907994 -8.106311 -0.049864 0.014843 12.845295 71.0
266 4015.0 0.959992 1.143767 0.0 0.955963 0.907994 -8.106311 -0.049864 0.014843 12.845295 71.0
267 4015.0 0.958405 1.155105 0.0 0.955542 0.907994 -8.106311 -0.049864 0.014843 12.845295 71.0
268 4015.0 0.953947 1.161075 0.0 0.953785 0.907994 -8.106311 -0.049864 0.014843 12.845295 71.0
269 4015.0 0.962222 1.150093 0.0 0.95705 0.907994 -8.106311 -0.049864 0.014843 12.845295 71.0
270 4015.0 0.964829 1.149136 0.0 0.958134 0.907994 -8.106311 -0.049864 0.014843 12.845295 71.0
271 4015.0 0.989615 1.179676 0.0 0.969327 0.907994 -8.106311 -0.049864 0.014843 12.845295 71.0
272 4015.0 1.02345 1.190591 0.0 0.983921 0.907994 -8.106311 -0.049864 0.014843 12.845295 71.0
273 4015.0 1.021415 1.199273 0.0 0.983252 0.907994 -8.106311 -0.049864 0.014843 12.845295 71.0
274 4015.0 1.002052 1.18933 0.0 0.974818 0.907994 -8.106311 -0.049864 0.014843 12.845295 71.0
275 4015.0 0.990448 1.201706 0.0 0.965718 0.907994 -8.106311 -0.049864 0.014843 12.845295 71.0
276 4015.0 0.969049 1.195825 0.0 0.954633 0.907994 -8.106311 -0.049864 0.014843 12.845295 71.0
277 4015.0 0.975728 1.190259 0.0 0.960456 0.907994 -8.106311 -0.049864 0.014843 12.845295 71.0
278 4015.0 0.974038 1.183035 0.0 0.961739 0.907994 -8.106311 -0.049864 0.014843 12.845295 71.0
279 4015.0 0.981989 1.182981 0.0 0.966167 0.907994 -8.106311 -0.049864 0.014843 12.845295 71.0
280 4015.0 0.980887 1.180067 0.0 0.965634 0.907994 -8.106311 -0.049864 0.014843 12.845295 71.0
281 4015.0 0.975591 1.160214 0.0 0.962946 0.907994 -8.106311 -0.049864 0.014843 12.845295 71.0
282 4015.0 0.976131 1.169746 0.0 0.963387 0.907994 -8.106311 -0.049864 0.014843 12.845295 71.0
283 4015.0 0.975191 1.153677 0.0 0.96263 0.907994 -8.106311 -0.049864 0.014843 12.845295 71.0
284 4015.0 0.99796 1.159734 0.0 0.972422 0.907994 -8.106311 -0.049864 0.014843 12.845295 71.0
285 4015.0 1.009718 1.16314 0.0 0.977485 0.907994 -8.106311 -0.049864 0.014843 12.845295 71.0
286 4015.0 0.984257 1.16638 0.0 0.966759 0.907994 -8.106311 -0.049864 0.014843 12.845295 71.0
287 4015.0 0.974992 1.185151 0.0 0.961642 0.907994 -8.106311 -0.049864 0.014843 12.845295 71.0
