 time p.x p.y p.z deep.node-0 CV opes.bias opes.rct opes.zed opes.neff opes.nker
0 3120.0 0.370812 0.530086 0.0 0.145296 0.813587 -8.662198 -0.024355 0.015968 12.845295 66.0
1 3120.0 0.359837 0.52441 0.0 0.134845 0.813587 -8.662198 -0.024355 0.015968 12.845295 66.0
2 3120.0 0.35164 0.528952 0.0 0.130597 0.813587 -8.662198 -0.024355 0.015968 12.845295 66.0
3 3120.0 0.34085 0.545084 0.0 0.131425 0.813587 -8.662198 -0.024355 0.015968 12.845295 66.0
4 3120.0 0.34554 0.552489 0.0 0.138842 0.813587 -8.662198 -0.024355 0.015968 12.845295 66.0
5 3120.0 0.363558 0.54827 0.0 0.149526 0.813587 -8.662198 -0.024355 0.015968 12.845295 66.0
6 3120.0 0.345216 0.546884 0.0 0.135545 0.813587 -8.662198 -0.024355 0.015968 12.845295 66.0
7 3120.0 0.336893 0.532745 0.0 0.121894 0.813587 -8.662198 -0.024355 0.015968 12.845295 66.0
8 3120.0 0.338925 0.519785 0.0 0.117439 0.813587 -8.662198 -0.024355 0.015968 12.845295 66.0
9 3120.0 0.366854 0.53425 0.0 0.144294 0.813587 -8.662198 -0.024355 0.015968 12.845295 66.0
10 3120.0 0.364233 0.536514 0.0 0.143631 0.813587 -8.662198 -0.024355 0.015968 12.845295 66.0
11 3120.0 0.363499 0.520335 0.0 0.135913 0.813587 -8.662198 -0.024355 0.015968 12.845295 66.0
12 3120.0 0.383828 0.516554 0.0 0.149479 0.813587 -8.662198 -0.024355 0.015968 12.845295 66.0
13 3120.0 0.389322 0.53228 0.0 0.159932 0.813587 -8.662198 -0.024355 0.015968 12.845295 66.0
14 3120.0 0.409543 0.569985 0.0 0.198112 0.813587 -8.662198 -0.024355 0.015968 12.845295 66.0
15 3120.0 0.414811 0.56339 0.0 0.19791 0.813587 -8.662198 -0.024355 0.015968 12.845295 66.0
16 3120.0 0.408455 0.54788 0.0 0.181773 0.813587 -8.662198 -0.024355 0.015968 12.845295 66.0
17 3120.0 0.416678 0.550816 0.0 0.190555 0.813587 -8.662198 -0.024355 0.015968 12.845295 66.0
18 3120.0 0.420931 0.524361 0.0 0.180199 0.813587 -8.662198 -0.024355 0.015968 12.845295 66.0
19 3120.0 0.417202 0.538009 0.0 0.182975 0.813587 -8.662198 -0.024355 0.015968 12.845295 66.0
20 3120.0 0.412141 0.539838 0.0 0.179972 0.813587 -8.662198 -0.024355 0.015968 12.845295 66.0
21 3120.0 0.413075 0.531211 0.0 0.177141 0.813587 -8.662198 -0.024355 0.015968 12.845295 66.0
22 3120.0 0.418114 0.542209 0.0 0.185655 0.813587 -8.662198 -0.024355 0.015968 12.845295 66.0
23 3120.0 0.43323 0.553043 0.0 0.206249 0.813587 -8.662198 -0.024355 0.015968 12.845295 66.0
24 3120.0 0.427298 0.564403 0.0 0.209276 0.813587 -8.662198 -0.024355 0.015968 12.845295 66.0
25 3120.0 0.401927 0.557209 0.0 0.182531 0.813587 -8.662198 -0.024355 0.015968 12.845295 66.0
26 3120.0 0.379109 0.571174 0.0 0.173492 0.813587 -8.662198 -0.024355 0.015968 12.845295 66.0
27 3120.0 0.393238 0.574178 0.0 0.187197 0.813587 -8.662198 -0.024355 0.015968 12.845295 66.0
28 3120.0 0.395606 0.587237 0.0 0.198507 0.813587 -8.662198 -0.024355 0.015968 12.845295 66.0
29 3120.0 0.399236 0.574878 0.0 0.192807 0.813587 -8.662198 -0.024355 0.015968 12.845295 66.0
30 3120.0 0.401657 0.585685 0.0 0.20256 0.813587 -8.662198 -0.024355 0.015968 12.845295 66.0
31 3120.0 0.395914 0.592114 0.0 0.20224 0.813587 -8.662198 -0.024355 0.015968 12.845295 66.0
32 3120.0 0.412749 0.541216 0.0 0.181177 0.813587 -8.662198 -0.024355 0.015968 12.845295 66.0
33 3120.0 0.405493 0.541053 0.0 0.17584 0.813587 -8.662198 -0.024355 0.015968 12.845295 66.0
34 3120.0 0.393698 0.533108 0.0 0.163518 0.813587 -8.662198 -0.024355 0.015968 12.845295 66.0
35 3120.0 0.412017 0.540386 0.0 0.180187 0.813587 -8.662198 -0.024355 0.015968 12.845295 66.0
36 3120.0 0.424169 0.548349 0.0 0.195185 0.813587 -8.662198 -0.024355 0.015968 12.845295 66.0
37 3120.0 0.434989 0.534206 0.0 0.195618 0.813587 -8.662198 -0.024355 0.015968 12.845295 66.0
38 3120.0 0.424122 0.525711 0.0 0.183117 0.813587 -8.662198 -0.024355 0.015968 12.845295 66.0
39 3120.0 0.411072 0.512287 0.0 0.167983 0.813587 -8.662198 -0.024355 0.015968 12.845295 66.0
40 3120.0 0.420571 0.52547 0.0 0.180382 0.813587 -8.662198 -0.024355 0.015968 12.845295 66.0
41 3120.0 0.42337 0.519895 0.0 0.180201 0.813587 -8.662198 -0.024355 0.015968 12.845295 66.0
42 3120.0 0.433355 0.503752 0.0 0.181073 0.813587 -8.662198 -0.024355 0.015968 12.845295 66.0
43 3120.0 0.431186 0.492722 0.0 0.174992 0.813587 -8.662198 -0.024355 0.015968 12.845295 66.0
44 3120.0 0.416965 0.504347 0.0 0.169142 0.813587 -8.662198 -0.024355 0.015968 12.845295 66.0
45 3120.0 0.409305 0.507273 0.0 0.164639 0.813587 -8.662198 -0.024355 0.015968 12.845295 66.0
46 3120.0 0.429425 0.520656 0.0 0.185006 0.813587 -8.662198 -0.024355 0.015968 12.845295 66.0
47 3120.0 0.447345 0.537297 0.0 0.208204 0.813587 -8.662198 -0.024355 0.015968 12.845295 66.0
48 3120.0 0.447236 0.529321 0.0 0.203548 0.813587 -8.662198 -0.024355 0.015968 12.845295 66.0
49 3120.0 0.431273 0.549809 0.0 0.202279 0.813587 -8.662198 -0.024355 0.015968 12.845295 66.0
50 3120.0 0.43078 0.53379 0.0 0.191707 0.813587 -8.662198 -0.024355 0.015968 12.845295 66.0
51 3120.0 0.433891 0.557572 0.0 0.210035 0.813587 -8.662198 -0.024355 0.015968 12.845295 66.0
52 3120.0 0.44965 0.550084 0.0 0.21814 0.813587 -8.662198 -0.024355 0.015968 12.845295 66.0
53 3120.0 0.466764 0.550534 0.0 0.233049 0.813587 -8.662198 -0.024355 0.015968 12.845295 66.0
54 3120.0 0.485513 0.54776 0.0 0.247609 0.813587 -8.662198 -0.024355 0.015968 12.845295 66.0
55 3120.0 0.519607 0.532803 0.0 0.268822 0.813587 -8.662198 -0.024355 0.015968 12.845295 66.0
56 3120.0 0.524615 0.542781 0.0 0.278945 0.813587 -8.662198 -0.024355 0.015968 12.845295 66.0
57 3120.0 0.54272 0.543171 0.0 0.295005 0.813587 -8.662198 -0.024355 0.015968 12.845295 66.0
58 3120.0 0.550974 0.55398 0.0 0.308444 0.813587 -8.662198 -0.024355 0.015968 12.845295 66.0
59 3120.0 0.566758 0.560857 0.0 0.326207 0.813587 -8.662198 -0.024355 0.015968 12.845295 66.0
60 3120.0 0.58087 0.528842 0.0 0.320127 0.813587 -8.662198 -0.024355 0.015968 12.845295 66.0
61 3120.0 0.57364 0.546194 0.0 0.323789 0.813587 -8.662198 -0.024355 0.015968 12.845295 66.0
62 3120.0 0.572822 0.5535 0.0 0.327278 0.813587 -8.662198 -0.024355 0.015968 12.845295 66.0
63 3120.0 0.571002 0.545764 0.0 0.321234 0.813587 -8.662198 -0.024355 0.015968 12.845295 66.0
64 3120.0 0.562326 0.560224 0.0 0.321966 0.813587 -8.662198 -0.024355 0.015968 12.845295 66.0
65 3120.0 0.531562 0.556607 0.0 0.292977 0.813587 -8.662198 -0.024355 0.015968 12.845295 66.0
66 3120.0 0.551846 0.566752 0.0 0.317112 0.813587 -8.662198 -0.024355 0.015968 12.845295 66.0
67 3120.0 0.553604 0.561102 0.0 0.314843 0.813587 -8.662198 -0.024355 0.015968 12.845295 66.0
68 3120.0 0.579282 0.586638 0.0 0.354648 0.813587 -8.662198 -0.024355 0.015968 12.845295 66.0
69 3120.0 0.598513 0.572955 0.0 0.361305 0.813587 -8.662198 -0.024355 0.015968 12.845295 66.0
70 3120.0 0.608015 0.566144 0.0 0.365335 0.813587 -8.662198 -0.024355 0.015968 12.845295 66.0
71 3120.0 0.625909 0.550773 0.0 0.372141 0.813587 -8.662198 -0.024355 0.015968 12.845295 66.0
72 3120.0 0.650576 0.566107 0.0 0.402541 0.813587 -8.662198 -0.024355 0.015968 12.845295 66.0
73 3120.0 0.641732 0.566674 0.0 0.395131 0.813587 -8.662198 -0.024355 0.015968 12.845295 66.0
74 3120.0 0.640665 0.575815 0.0 0.399459 0.813587 -8.662198 -0.024355 0.015968 12.845295 66.0
75 3120.0 0.62362 0.583629 0.0 0.390301 0.813587 -8.662198 -0.024355 0.015968 12.845295 66.0
76 3120.0 0.640847 0.578312 0.0 0.401202 0.813587 -8.662198 -0.024355 0.015968 12.845295 66.0
77 3120.0 0.64044 0.600409 0.0 0.416577 0.813587 -8.662198 -0.024355 0.015968 12.845295 66.0
78 3120.0 0.63387 0.570984 0.0 0.390735 0.813587 -8.662198 -0.024355 0.015968 12.845295 66.0
79 3120.0 0.644894 0.544964 0.0 0.385404 0.813587 -8.662198 -0.024355 0.015968 12.845295 66.0
80 3120.0 0.639575 0.569853 0.0 0.395074 0.813587 -8.662198 -0.024355 0.015968 12.845295 66.0
81 3120.0 0.639761 0.578685 0.0 0.400541 0.813587 -8.662198 -0.024355 0.015968 12.845295 66.0
82 3120.0 0.617648 0.576877 0.0 0.380406 0.813587 -8.662198 -0.024355 0.015968 12.845295 66.0
83 3120.0 0.619539 0.569819 0.0 0.37753 0.813587 -8.662198 -0.024355 0.015968 12.845295 66.0
84 3120.0 0.621922 0.549811 0.0 0.3681 0.813587 -8.662198 -0.024355 0.015968 12.845295 66.0
85 3120.0 0.642672 0.560353 0.0 0.392316 0.813587 -8.662198 -0.024355 0.015968 12.845295 66.0
86 3120.0 0.639943 0.573435 0.0 0.397458 0.813587 -8.662198 -0.024355 0.015968 12.845295 66.0
87 3120.0 0.644185 0.57916 0.0 0.40465 0.813587 -8.662198 -0.024355 0.015968 12.845295 66.0
88 3120.0 0.657971 0.557231 0.0 0.403901 0.813587 -8.662198 -0.024355 0.015968 12.845295 66.0
89 3120.0 0.67625 0.586203 0.0 0.436994 0.813587 -8.662198 -0.024355 0.015968 12.845295 66.0
90 3120.0 0.697058 0.571516 0.0 0.446309 0.813587 -8.662198 -0.024355 0.015968 12.845295 66.0
91 3120.0 0.695005 0.57779 0.0 0.448124 0.813587 -8.662198 -0.024355 0.015968 12.845295 66.0
92 3120.0 0.700028 0.605254 0.0 0.470818 0.813587 -8.662198 -0.024355 0.015968 12.845295 66.0
93 3120.0 0.703563 0.621283 0.0 0.485236 0.813587 -8.662198 -0.024355 0.015968 12.845295 66.0
94 3120.0 0.708357 0.615308 0.0 0.485071 0.813587 -8.662198 -0.024355 0.015968 12.845295 66.0
95 3120.0 0.718732 0.599835 0.0 0.482906 0.813587 -8.662198 -0.024355 0.015968 12.845295 66.0
96 3120.0 0.716439 0.615297 0.0 0.491952 0.813587 -8.662198 -0.024355 0.015968 12.845295 66.0
97 3120.0 0.704744 0.616591 0.0 0.482904 0.813587 -8.662198 -0.024355 0.015968 12.845295 66.0
98 3120.0 0.721529 0.613021 0.0 0.494672 0.813587 -8.662198 -0.024355 0.015968 12.845295 66.0
99 3120.0 0.726339 0.624256 0.0 0.506766 0.813587 -8.662198 -0.024355 0.015968 12.845295 66.0
100 3120.0 0.739215 0.632321 0.0 0.52348 0.813587 -8.662198 -0.024355 0.015968 12.845295 66.0
101 3120.0 0.728992 0.643199 0.0 0.522505 0.813587 -8.662198 -0.024355 0.015968 12.845295 66.0
102 3120.0 0.737829 0.646222 0.0 0.532189 0.813587 -8.662198 -0.024355 0.015968 12.845295 66.0
103 3120.0 0.736866 0.664421 0.0 0.544317 0.813587 -8.662198 -0.024355 0.015968 12.845295 66.0
104 3120.0 0.750042 0.63982 0.0 0.538044 0.813587 -8.662198 -0.024355 0.015968 12.845295 66.0
105 3120.0 0.751092 0.638742 0.0 0.538173 0.813587 -8.662198 -0.024355 0.015968 12.845295 66.0
106 3120.0 0.752479 0.647646 0.0 0.54569 0.813587 -8.662198 -0.024355 0.015968 12.845295 66.0
107 3120.0 0.76327 0.657663 0.0 0.562016 0.813587 -8.662198 -0.024355 0.015968 12.845295 66.0
108 3120.0 0.764958 0.672193 0.0 0.573793 0.813587 -8.662198 -0.024355 0.015968 12.845295 66.0
109 3120.0 0.755472 0.667579 0.0 0.562423 0.813587 -8.662198 -0.024355 0.015968 12.845295 66.0
110 3120.0 0.774754 0.669265 0.0 0.58006 0.813587 -8.662198 -0.024355 0.015968 12.845295 66.0
111 3120.0 0.782444 0.693988 0.0 0.604205 0.813587 -8.662198 -0.024355 0.015968 12.845295 66.0
112 3120.0 0.785794 0.700954 0.0 0.612017 0.813587 -8.662198 -0.024355 0.015968 12.845295 66.0
113 3120.0 0.815596 0.698283 0.0 0.63552 0.813587 -8.662198 -0.024355 0.015968 12.845295 66.0
114 3120.0 0.814138 0.692 0.0 0.629807 0.813587 -8.662198 -0.024355 0.015968 12.845295 66.0
115 3120.0 0.828962 0.717293 0.0 0.661072 0.813587 -8.662198 -0.024355 0.015968 12.845295 66.0
116 3120.0 0.847061 0.759794 0.0 0.707999 0.813587 -8.662198 -0.024355 0.015968 12.845295 66.0
117 3120.0 0.859804 0.756942 0.0 0.71699 0.813587 -8.662198 -0.024355 0.015968 12.845295 66.0
118 3120.0 0.848461 0.778688 0.0 0.72308 0.813587 -8.662198 -0.024355 0.015968 12.845295 66.0
119 3120.0 0.853368 0.800049 0.0 0.74302 0.813587 -8.662198 -0.024355 0.015968 12.845295 66.0
120 3120.0 0.859091 0.817826 0.0 0.761043 0.813587 -8.662198 -0.024355 0.015968 12.845295 66.0
121 3120.0 0.865797 0.835804 0.0 0.780066 0.813587 -8.662198 -0.024355 0.015968 12.845295 66.0
122 3120.0 0.885718 0.864551 0.0 0.818488 0.813587 -8.662198 -0.024355 0.015968 12.845295 66.0
123 3120.0 0.892172 0.880019 0.0 0.835451 0.813587 -8.662198 -0.024355 0.015968 12.845295 66.0
124 3120.0 0.896813 0.902716 0.0 0.856141 0.813587 -8.662198 -0.024355 0.015968 12.845295 66.0
125 3120.0 0.896617 0.909131 0.0 0.860677 0.813587 -8.662198 -0.024355 0.015968 12.845295 66.0
126 3120.0 0.897193 0.923839 0.0 0.871844 0.813587 -8.662198 -0.024355 0.015968 12.845295 66.0
127 3120.0 0.907436 0.942758 0.0 0.89414 0.813587 -8.662198 -0.024355 0.015968 12.845295 66.0
128 3120.0 0.914879 0.940228 0.0 0.898443 0.813587 -8.662198 -0.024355 0.015968 12.845295 66.0
129 3120.0 0.917084 0.948659 0.0 0.905475 0.813587 -8.662198 -0.024355 0.015968 12.845295 66.0
130 3120.0 0.93054 0.951814 0.0 0.913539 0.813587 -8.662198 -0.024355 0.015968 12.845295 66.0
131 3120.0 0.907003 0.983383 0.0 0.921337 0.813587 -8.662198 -0.024355 0.015968 12.845295 66.0
132 3120.0 0.920588 1.020712 0.0 0.936583 0.813587 -8.662198 -0.024355 0.015968 12.845295 66.0
133 3120.0 0.953914 1.036874 0.0 0.951 0.813587 -8.662198 -0.024355 0.015968 12.845295 66.0
134 3120.0 0.948289 1.073902 0.0 0.94944 0.813587 -8.662198 -0.024355 0.015968 12.845295 66.0
135 3120.0 0.966563 1.100511 0.0 0.957784 0.813587 -8.662198 -0.024355 0.015968 12.845295 66.0
136 3120.0 0.957189 1.093475 0.0 0.953651 0.813587 -8.662198 -0.024355 0.015968 12.845295 66.0
137 3120.0 0.963791 1.124297 0.0 0.957139 0.813587 -8.662198 -0.024355 0.015968 12.845295 66.0
138 3120.0 0.94492 1.155614 0.0 0.949834 0.813587 -8.662198 -0.024355 0.015968 12.845295 66.0
139 3120.0 0.96455 1.174562 0.0 0.958583 0.813587 -8.662198 -0.024355 0.015968 12.845295 66.0
140 3120.0 0.966895 1.179035 0.0 0.95869 0.813587 -8.662198 -0.024355 0.015968 12.845295 66.0
141 3120.0 0.967579 1.143521 0.0 0.959175 0.813587 -8.662198 -0.024355 0.015968 12.845295 66.0
142 3120.0 0.953287 1.162441 0.0 0.953535 0.813587 -8.662198 -0.024355 0.015968 12.845295 66.0
143 3120.0 0.967608 1.161755 0.0 0.959594 0.813587 -8.662198 -0.024355 0.015968 12.845295 66.0
144 3120.0 0.978133 1.171138 0.0 0.964267 0.813587 -8.662198 -0.024355 0.015968 12.845295 66.0
145 3120.0 0.973924 1.159848 0.0 0.96223 0.813587 -8.662198 -0.024355 0.015968 12.845295 66.0
146 3120.0 0.994287 1.153489 0.0 0.970725 0.813587 -8.662198 -0.024355 0.015968 12.845295 66.0
147 3120.0 1.012516 1.160088 0.0 0.978603 0.813587 -8.662198 -0.024355 0.015968 12.845295 66.0
148 3120.0 0.979373 1.147946 0.0 0.964276 0.813587 -8.662198 -0.024355 0.015968 12.845295 66.0
149 3120.0 0.952667 1.147055 0.0 0.952929 0.813587 -8.662198 -0.024355 0.015968 12.845295 66.0
150 3120.0 0.953617 1.144573 0.0 0.953277 0.813587 -8.662198 -0.024355 0.015968 12.845295 66.0
151 3120.0 0.945907 1.145407 0.0 0.950025 0.813587 -8.662198 -0.024355 0.015968 12.845295 66.0
152 3120.0 0.950471 1.151471 0.0 0.952096 0.813587 -8.662198 -0.024355 0.015968 12.845295 66.0
153 3120.0 0.952895 1.154022 0.0 0.953181 0.813587 -8.662198 -0.024355 0.015968 12.845295 66.0
154 3120.0 0.970355 1.144476 0.0 0.960374 0.813587 -8.662198 -0.024355 0.015968 12.845295 66.0
155 3120.0 0.965415 1.152496 0.0 0.958457 0.813587 -8.662198 -0.024355 0.015968 12.845295 66.0
156 3120.0 0.94689 1.176242 0.0 0.947464 0.813587 -8.662198 -0.024355 0.015968 12.845295 66.0
157 3120.0 0.969082 1.180399 0.0 0.959579 0.813587 -8.662198 -0.024355 0.015968 12.845295 66.0
158 3120.0 0.975742 1.182322 0.0 0.963 0.813587 -8.662198 -0.024355 0.015968 12.845295 66.0
159 3120.0 0.973225 1.202935 0.0 0.954892 0.813587 -8.662198 -0.024355 0.015968 12.845295 66.0
160 3120.0 0.979229 1.22539 0.0 0.951358 0.813587 -8.662198 -0.024355 0.015968 12.845295 66.0
161 3120.0 0.979674 1.222471 0.0 0.95256 0.813587 -8.662198 -0.024355 0.015968 12.845295 66.0
162 3120.0 0.989673 1.209302 0.0 0.962823 0.813587 -8.662198 -0.024355 0.015968 12.845295 66.0
163 3120.0 0.979351 1.201235 0.0 0.959146 0.813587 -8.662198 -0.024355 0.015968 12.845295 66.0
164 3120.0 0.99986 1.217596 0.0 0.966344 0.813587 -8.662198 -0.024355 0.015968 12.845295 66.0
165 3120.0 1.012702 1.203612 0.0 0.97859 0.813587 -8.662198 -0.024355 0.015968 12.845295 66.0
166 3120.0 1.001665 1.199018 0.0 0.973371 0.813587 -8.662198 -0.024355 0.015968 12.845295 66.0
167 3120.0 1.006839 1.182021 0.0 0.976685 0.813587 -8.662198 -0.024355 0.015968 12.845295 66.0
168 3120.0 0.981789 1.180398 0.0 0.966024 0.813587 -8.662198 -0.024355 0.015968 12.845295 66.0
169 3120.0 0.98628 1.176657 0.0 0.967846 0.813587 -8.662198 -0.024355 0.015968 12.845295 66.0
170 3120.0 0.971698 1.175379 0.0 0.961632 0.813587 -8.662198 -0.024355 0.015968 12.845295 66.0
171 3120.0 1.012218 1.187871 0.0 0.979097 0.813587 -8.662198 -0.024355 0.015968 12.845295 66.0
172 3120.0 1.028569 1.197904 0.0 0.986255 0.813587 -8.662198 -0.024355 0.015968 12.845295 66.0
173 3120.0 1.02885 1.209677 0.0 0.986434 0.813587 -8.662198 -0.024355 0.015968 12.845295 66.0
174 3120.0 1.028711 1.201683 0.0 0.9864 0.813587 -8.662198 -0.024355 0.015968 12.845295 66.0
175 3120.0 1.003876 1.177256 0.0 0.975322 0.813587 -8.662198 -0.024355 0.015968 12.845295 66.0
176 3120.0 0.993186 1.185888 0.0 0.970981 0.813587 -8.662198 -0.024355 0.015968 12.845295 66.0
177 3120.0 0.987196 1.177082 0.0 0.968244 0.813587 -8.662198 -0.024355 0.015968 12.845295 66.0
178 3120.0 0.990996 1.180875 0.0 0.96994 0.813587 -8.662198 -0.024355 0.015968 12.845295 66.0
179 3120.0 1.00494 1.160134 0.0 0.975391 0.813587 -8.662198 -0.024355 0.015968 12.845295 66.0
180 3120.0 0.996615 1.177557 0.0 0.972249 0.813587 -8.662198 -0.024355 0.015968 12.845295 66.0
181 3120.0 0.99201 1.173104 0.0 0.970196 0.813587 -8.662198 -0.024355 0.015968 12.845295 66.0
182 3120.0 0.977795 1.184206 0.0 0.963641 0.813587 -8.662198 -0.024355 0.015968 12.845295 66.0
183 3120.0 1.008243 1.173312 0.0 0.977086 0.813587 -8.662198 -0.024355 0.015968 12.845295 66.0
184 3120.0 0.998853 1.185328 0.0 0.973372 0.813587 -8.662198 -0.024355 0.015968 12.845295 66.0
185 3120.0 1.003671 1.198991 0.0 0.974594 0.813587 -8.662198 -0.024355 0.015968 12.845295 66.0
186 3120.0 1.001983 1.200564 0.0 0.97307 0.813587 -8.662198 -0.024355 0.015968 12.845295 66.0
187 3120.0 0.991643 1.183579 0.0 0.970275 0.813587 -8.662198 -0.024355 0.015968 12.845295 66.0
188 3120.0 0.978489 1.176199 0.0 0.964531 0.813587 -8.662198 -0.024355 0.015968 12.845295 66.0
189 3120.0 0.987573 1.168507 0.0 0.968212 0.813587 -8.662198 -0.024355 0.015968 12.845295 66.0
190 3120.0 0.983783 1.15597 0.0 0.966325 0.813587 -8.662198 -0.024355 0.015968 12.845295 66.0
191 3120.0 0.988462 1.185577 0.0 0.96897 0.813587 -8.662198 -0.024355 0.015968 12.845295 66.0
192 3120.0 0.978859 1.186409 0.0 0.963583 0.813587 -8.662198 -0.024355 0.015968 12.845295 66.0
193 3120.0 0.994906 1.201351 0.0 0.968532 0.813587 -8.662198 -0.024355 0.015968 12.845295 66.0
194 3120.0 0.976867 1.215501 0.0 0.953085 0.813587 -8.662198 -0.024355 0.015968 12.845295 66.0
195 3120.0 0.960422 1.193299 0.0 0.950214 0.813587 -8.662198 -0.024355 0.015968 12.845295 66.0
196 3120.0 0.98776 1.187055 0.0 0.968706 0.813587 -8.662198 -0.024355 0.015968 12.845295 66.0
197 3120.0 0.986399 1.170139 0.0 0.967751 0.813587 -8.662198 -0.024355 0.015968 12.845295 66.0
198 3120.0 0.988097 1.189837 0.0 0.968084 0.813587 -8.662198 -0.024355 0.015968 12.845295 66.0
199 3120.0 0.987245 1.195513 0.0 0.965755 0.813587 -8.662198 -0.024355 0.015968 12.845295 66.0
200 3120.0 1.003877 1.209977 0.0 0.971211 0.813587 -8.662198 -0.024355 0.015968 12.845295 66.0
201 3120.0 1.014978 1.209973 0.0 0.977937 0.813587 -8.662198 -0.024355 0.015968 12.845295 66.0
202 3120.0 1.001603 1.212677 0.0 0.968971 0.813587 -8.662198 -0.024355 0.015968 12.845295 66.0
203 3120.0 1.010635 1.214501 0.0 0.97386 0.813587 -8.662198 -0.024355 0.015968 12.845295 66.0
204 3120.0 1.007803 1.219967 0.0 0.970399 0.813587 -8.662198 -0.024355 0.015968 12.845295 66.0
205 3120.0 1.016166 1.246942 0.0 0.96685 0.813587 -8.662198 -0.024355 0.015968 12.845295 66.0
206 3120.0 0.994493 1.238412 0.0 0.956446 0.813587 -8.662198 -0.024355 0.015968 12.845295 66.0
207 3120.0 1.034004 1.246511 0.0 0.977793 0.813587 -8.662198 -0.024355 0.015968 12.845295 66.0
208 3120.0 1.039343 1.232509 0.0 0.985499 0.813587 -8.662198 -0.024355 0.015968 12.845295 66.0
209 3120.0 1.017338 1.242354 0.0 0.969025 0.813587 -8.662198 -0.024355 0.015968 12.845295 66.0
210 3120.0 1.002946 1.220203 0.0 0.967381 0.813587 -8.662198 -0.024355 0.015968 12.845295 66.0
211 3120.0 1.022762 1.208661 0.0 0.983071 0.813587 -8.662198 -0.024355 0.015968 12.845295 66.0
212 3120.0 1.01752 1.209484 0.0 0.979632 0.813587 -8.662198 -0.024355 0.015968 12.845295 66.0
213 3120.0 1.008058 1.216103 0.0 0.971787 0.813587 -8.662198 -0.024355 0.015968 12.845295 66.0
214 3120.0 1.002395 1.233939 0.0 0.962661 0.813587 -8.662198 -0.024355 0.015968 12.845295 66.0
215 3120.0 0.983573 1.224457 0.0 0.954287 0.813587 -8.662198 -0.024355 0.015968 12.845295 66.0
216 3120.0 0.952455 1.224976 0.0 0.935272 0.813587 -8.662198 -0.024355 0.015968 12.845295 66.0
217 3120.0 0.978349 1.211849 0.0 0.955149 0.813587 -8.662198 -0.024355 0.015968 12.845295 66.0
218 3120.0 1.021137 1.230776 0.0 0.975024 0.813587 -8.662198 -0.024355 0.015968 12.845295 66.0
219 3120.0 1.038042 1.251084 0.0 0.978779 0.813587 -8.662198 -0.024355 0.015968 12.845295 66.0
220 3120.0 1.035228 1.260052 0.0 0.97421 0.813587 -8.662198 -0.024355 0.015968 12.845295 66.0
221 3120.0 0.998147 1.25519 0.0 0.9533 0.813587 -8.662198 -0.024355 0.015968 12.845295 66.0
222 3120.0 1.007333 1.263673 0.0 0.955788 0.813587 -8.662198 -0.024355 0.015968 12.845295 66.0
223 3120.0 1.008399 1.269 0.0 0.953114 0.813587 -8.662198 -0.024355 0.015968 12.845295 66.0
224 3120.0 1.013722 1.251447 0.0 0.963931 0.813587 -8.662198 -0.024355 0.015968 12.845295 66.0
225 3120.0 0.984834 1.247324 0.0 0.947748 0.813587 -8.662198 -0.024355 0.015968 12.845295 66.0
226 3120.0 0.989751 1.256475 0.0 0.945779 0.813587 -8.662198 -0.024355 0.015968 12.845295 66.0
227 3120.0 1.007093 1.241565 0.0 0.963071 0.813587 -8.662198 -0.024355 0.015968 12.845295 66.0
228 3120.0 1.006211 1.211851 0.0 0.972026 0.813587 -8.662198 -0.024355 0.015968 12.845295 66.0
229 3120.0 0.958208 1.213225 0.0 0.942509 0.813587 -8.662198 -0.024355 0.015968 12.845295 66.0
230 3120.0 0.976797 1.205643 0.0 0.956191 0.813587 -8.662198 -0.024355 0.015968 12.845295 66.0
231 3120.0 0.972431 1.234928 0.0 0.944194 0.813587 -8.662198 -0.024355 0.015968 12.845295 66.0
232 3120.0 0.971005 1.215321 0.0 0.949592 0.813587 -8.662198 -0.024355 0.015968 12.845295 66.0
233 3120.0 0.982153 1.191376 0.0 0.963992 0.813587 -8.662198 -0.024355 0.015968 12.845295 66.0
234 3120.0 1.000758 1.19407 0.0 0.974375 0.813587 -8.662198 -0.024355 0.015968 12.845295 66.0
235 3120.0 0.961994 1.199575 0.0 0.949162 0.813587 -8.662198 -0.024355 0.015968 12.845295 66.0
236 3120.0 0.953535 1.201547 0.0 0.943408 0.813587 -8.662198 -0.024355 0.015968 12.845295 66.0
237 3120.0 0.962879 1.197658 0.0 0.95031 0.813587 -8.662198 -0.024355 0.015968 12.845295 66.0
238 3120.0 0.977814 1.20935 0.0 0.955623 0.813587 -8.662198 -0.024355 0.015968 12.845295 66.0
239 3120.0 0.96772 1.199066 0.0 0.952793 0.813587 -8.662198 -0.024355 0.015968 12.845295 66.0
240 3120.0 1.000311 1.197847 0.0 0.972924 0.813587 -8.662198 -0.024355 0.015968 12.845295 66.0
241 3120.0 1.013003 1.195777 0.0 0.979606 0.813587 -8.662198 -0.024355 0.015968 12.845295 66.0
242 3120.0 1.031121 1.19109 0.0 0.987186 0.813587 -8.662198 -0.024355 0.015968 12.845295 66.0
243 3120.0 0.985475 1.194801 0.0 0.964911 0.813587 -8.662198 -0.024355 0.015968 12.845295 66.0
244 3120.0 0.990912 1.208835 0.0 0.963722 0.813587 -8.662198 -0.024355 0.015968 12.845295 66.0
245 3120.0 1.001488 1.203552 0.0 0.971816 0.813587 -8.662198 -0.024355 0.015968 12.845295 66.0
246 3120.0 1.002808 1.181715 0.0 0.974969 0.813587 -8.662198 -0.024355 0.015968 12.845295 66.0
247 3120.0 0.980825 1.204317 0.0 0.959054 0.813587 -8.662198 -0.024355 0.015968 12.845295 66.0
248 3120.0 0.974344 1.212911 0.0 0.952384 0.813587 -8.662198 -0.024355 0.015968 12.845295 66.0
249 3120.0 1.000204 1.210855 0.0 0.968705 0.813587 -8.662198 -0.024355 0.015968 12.845295 66.0
250 3120.0 1.015077 1.221184 0.0 0.974416 0.813587 -8.662198 -0.024355 0.015968 12.845295 66.0
251 3120.0 1.010004 1.226763 0.0 0.969561 0.813587 -8.662198 -0.024355 0.015968 12.845295 66.0
252 3120.0 1.008847 1.222821 0.0 0.97012 0.813587 -8.662198 -0.024355 0.015968 12.845295 66.0
253 3120.0 1.009687 1.20234 0.0 0.977169 0.813587 -8.662198 -0.024355 0.015968 12.845295 66.0
254 3120.0 1.026963 1.219406 0.0 0.982184 0.813587 -8.662198 -0.024355 0.015968 12.845295 66.0
255 3120.0 0.983354 1.228509 0.0 0.95286 0.813587 -8.662198 -0.024355 0.015968 12.845295 66.0
256 3120.0 0.968416 1.207944 0.0 0.950379 0.813587 -8.662198 -0.024355 0.015968 12.845295 66.0
257 3120.0 0.986758 1.186932 0.0 0.9682 0.813587 -8.662198 -0.024355 0.015968 12.845295 66.0
258 3120.0 0.983451 1.204268 0.0 0.960661 0.813587 -8.662198 -0.024355 0.015968 12.845295 66.0
259 3120.0 1.013811 1.206734 0.0 0.978264 0.813587 -8.662198 -0.024355 0.015968 12.845295 66.0
260 3120.0 1.017329 1.202241 0.0 0.981585 0.813587 -8.662198 -0.024355 0.015968 12.845295 66.0
261 3120.0 0.991194 1.228081 0.0 0.957746 0.813587 -8.662198 -0.024355 0.015968 12.845295 66.0
262 3120.0 0.982325 1.231072 0.0 0.951418 0.813587 -8.662198 -0.024355 0.015968 12.845295 66.0
263 3120.0 0.963542 1.21776 0.0 0.944292 0.813587 -8.662198 -0.024355 0.015968 12.845295 66.0
264 3120.0 0.948508 1.201718 0.0 0.940308 0.813587 -8.662198 -0.024355 0.015968 12.845295 66.0
265 3120.0 0.949088 1.196882 0.0 0.942204 0.813587 -8.662198 -0.024355 0.015968 12.845295 66.0
266 3120.0 0.968769 1.183629 0.0 0.958358 0.813587 -8.662198 -0.024355 0.015968 12.845295 66.0
267 3120.0 0.939096 1.172488 0.0 0.943941 0.813587 -8.662198 -0.024355 0.015968 12.845295 66.0
268 3120.0 0.91914 1.168507 0.0 0.933124 0.813587 -8.662198 -0.024355 0.015968 12.845295 66.0
269 3120.0 0.943553 1.143518 0.0 0.948985 0.813587 -8.662198 -0.024355 0.015968 12.845295 66.0
270 3120.0 0.981955 1.14992 0.0 0.965415 0.813587 -8.662198 -0.024355 0.015968 12.845295 66.0
271 3120.0 0.988627 1.16794 0.0 0.968647 0.813587 -8.662198 -0.024355 0.015968 12.845295 66.0
272 3120.0 0.99981 1.177091 0.0 0.973594 0.813587 -8.662198 -0.024355 0.015968 12.845295 66.0
273 3120.0 1.019703 1.178608 0.0 0.982065 0.813587 -8.662198 -0.024355 0.015968 12.845295 66.0
274 3120.0 1.013058 1.187782 0.0 0.979451 0.813587 -8.662198 -0.024355 0.015968 12.845295 66.0
275 3120.0 1.006368 1.172458 0.0 0.976272 0.813587 -8.662198 -0.024355 0.015968 12.845295 66.0
276 3120.0 1.008353 1.181913 0.0 0.977325 0.813587 -8.662198 -0.024355 0.015968 12.845295 66.0
277 3120.0 1.004846 1.19649 0.0 0.976105 0.813587 -8.662198 -0.024355 0.015968 12.845295 66.0
278 3120.0 1.007374 1.199995 0.0 0.976517 0.813587 -8.662198 -0.024355 0.015968 12.845295 66.0
279 3120.0 1.013608 1.199483 0.0 0.979946 0.813587 -8.662198 -0.024355 0.015968 12.845295 66.0
280 3120.0 1.015447 1.214143 0.0 0.976889 0.813587 -8.662198 -0.024355 0.015968 12.845295 66.0
281 3120.0 0.989634 1.216822 0.0 0.960397 0.813587 -8.662198 -0.024355 0.015968 12.845295 66.0
282 3120.0 0.979524 1.187939 0.0 0.963497 0.813587 -8.662198 -0.024355 0.015968 12.845295 66.0
283 3120.0 0.986476 1.182512 0.0 0.968059 0.813587 -8.662198 -0.024355 0.015968 12.845295 66.0
284 3120.0 0.95666 1.176228 0.0 0.953386 0.813587 -8.662198 -0.024355 0.015968 12.845295 66.0
285 3120.0 0.96975 1.166539 0.0 0.960609 0.813587 -8.662198 -0.024355 0.015968 12.845295 66.0
286 3120.0 0.966241 1.163245 0.0 0.959047 0.813587 -8.662198 -0.024355 0.015968 12.845295 66.0
287 3120.0 0.965502 1.1699 0.0 0.958883 0.813587 -8.662198 -0.024355 0.015968 12.845295 66.0
