 time p.x p.y p.z deep.node-0 CV opes.bias opes.rct opes.zed opes.neff opes.nker
0 14915.0 -0.78502 1.215011 0.0 -0.909916 1.671741 -14.674872 -0.18183 0.00817 12.845295 129.0
1 14915.0 -0.786149 1.213433 0.0 -0.909309 1.671741 -14.674872 -0.18183 0.00817 12.845295 129.0
2 14915.0 -0.802854 1.174152 0.0 -0.890868 1.671741 -14.674872 -0.18183 0.00817 12.845295 129.0
3 14915.0 -0.829758 1.138595 0.0 -0.877214 1.671741 -14.674872 -0.18183 0.00817 12.845295 129.0
4 14915.0 -0.829373 1.134603 0.0 -0.874761 1.671741 -14.674872 -0.18183 0.00817 12.845295 129.0
5 14915.0 -0.85082 1.121332 0.0 -0.872746 1.671741 -14.674872 -0.18183 0.00817 12.845295 129.0
6 14915.0 -0.882239 1.114343 0.0 -0.877121 1.671741 -14.674872 -0.18183 0.00817 12.845295 129.0
7 14915.0 -0.89296 1.110116 0.0 -0.87753 1.671741 -14.674872 -0.18183 0.00817 12.845295 129.0
8 14915.0 -0.90919 1.110308 0.0 -0.882026 1.671741 -14.674872 -0.18183 0.00817 12.845295 129.0
9 14915.0 -0.960861 1.108436 0.0 -0.894883 1.671741 -14.674872 -0.18183 0.00817 12.845295 129.0
10 14915.0 -0.94999 1.097412 0.0 -0.88546 1.671741 -14.674872 -0.18183 0.00817 12.845295 129.0
11 14915.0 -0.952142 1.0786 0.0 -0.874972 1.671741 -14.674872 -0.18183 0.00817 12.845295 129.0
12 14915.0 -0.957815 1.074911 0.0 -0.874333 1.671741 -14.674872 -0.18183 0.00817 12.845295 129.0
13 14915.0 -0.946161 1.029021 0.0 -0.844215 1.671741 -14.674872 -0.18183 0.00817 12.845295 129.0
14 14915.0 -0.922859 1.017355 0.0 -0.831099 1.671741 -14.674872 -0.18183 0.00817 12.845295 129.0
15 14915.0 -0.914233 0.98461 0.0 -0.809378 1.671741 -14.674872 -0.18183 0.00817 12.845295 129.0
16 14915.0 -0.929814 1.002761 0.0 -0.824446 1.671741 -14.674872 -0.18183 0.00817 12.845295 129.0
17 14915.0 -0.914042 0.981207 0.0 -0.807296 1.671741 -14.674872 -0.18183 0.00817 12.845295 129.0
18 14915.0 -0.910773 0.938865 0.0 -0.778617 1.671741 -14.674872 -0.18183 0.00817 12.845295 129.0
19 14915.0 -0.92855 0.922172 0.0 -0.769923 1.671741 -14.674872 -0.18183 0.00817 12.845295 129.0
20 14915.0 -0.943868 0.910352 0.0 -0.764608 1.671741 -14.674872 -0.18183 0.00817 12.845295 129.0
21 14915.0 -0.931822 0.897736 0.0 -0.750199 1.671741 -14.674872 -0.18183 0.00817 12.845295 129.0
22 14915.0 -0.923487 0.888186 0.0 -0.739534 1.671741 -14.674872 -0.18183 0.00817 12.845295 129.0
23 14915.0 -0.894419 0.879989 0.0 -0.722608 1.671741 -14.674872 -0.18183 0.00817 12.845295 129.0
24 14915.0 -0.914187 0.895538 0.0 -0.742834 1.671741 -14.674872 -0.18183 0.00817 12.845295 129.0
25 14915.0 -0.889317 0.866958 0.0 -0.709523 1.671741 -14.674872 -0.18183 0.00817 12.845295 129.0
26 14915.0 -0.897092 0.84675 0.0 -0.694522 1.671741 -14.674872 -0.18183 0.00817 12.845295 129.0
27 14915.0 -0.922742 0.838376 0.0 -0.695869 1.671741 -14.674872 -0.18183 0.00817 12.845295 129.0
28 14915.0 -0.894429 0.79565 0.0 -0.649061 1.671741 -14.674872 -0.18183 0.00817 12.845295 129.0
29 14915.0 -0.891977 0.762464 0.0 -0.619347 1.671741 -14.674872 -0.18183 0.00817 12.845295 129.0
30 14915.0 -0.897102 0.74964 0.0 -0.609932 1.671741 -14.674872 -0.18183 0.00817 12.845295 129.0
31 14915.0 -0.874942 0.750606 0.0 -0.603287 1.671741 -14.674872 -0.18183 0.00817 12.845295 129.0
32 14915.0 -0.857462 0.76751 0.0 -0.612075 1.671741 -14.674872 -0.18183 0.00817 12.845295 129.0
33 14915.0 -0.830271 0.781454 0.0 -0.615046 1.671741 -14.674872 -0.18183 0.00817 12.845295 129.0
34 14915.0 -0.818015 0.782643 0.0 -0.61195 1.671741 -14.674872 -0.18183 0.00817 12.845295 129.0
35 14915.0 -0.807959 0.774779 0.0 -0.6017 1.671741 -14.674872 -0.18183 0.00817 12.845295 129.0
36 14915.0 -0.810874 0.733642 0.0 -0.566902 1.671741 -14.674872 -0.18183 0.00817 12.845295 129.0
37 14915.0 -0.801292 0.736472 0.0 -0.566126 1.671741 -14.674872 -0.18183 0.00817 12.845295 129.0
38 14915.0 -0.784451 0.713117 0.0 -0.534942 1.671741 -14.674872 -0.18183 0.00817 12.845295 129.0
39 14915.0 -0.809867 0.692259 0.0 -0.522135 1.671741 -14.674872 -0.18183 0.00817 12.845295 129.0
40 14915.0 -0.819999 0.709429 0.0 -0.544999 1.671741 -14.674872 -0.18183 0.00817 12.845295 129.0
41 14915.0 -0.840957 0.693558 0.0 -0.53558 1.671741 -14.674872 -0.18183 0.00817 12.845295 129.0
42 14915.0 -0.824714 0.672366 0.0 -0.506036 1.671741 -14.674872 -0.18183 0.00817 12.845295 129.0
43 14915.0 -0.816071 0.670392 0.0 -0.500252 1.671741 -14.674872 -0.18183 0.00817 12.845295 129.0
44 14915.0 -0.807513 0.652018 0.0 -0.476166 1.671741 -14.674872 -0.18183 0.00817 12.845295 129.0
45 14915.0 -0.786456 0.653995 0.0 -0.469664 1.671741 -14.674872 -0.18183 0.00817 12.845295 129.0
46 14915.0 -0.762054 0.66502 0.0 -0.471894 1.671741 -14.674872 -0.18183 0.00817 12.845295 129.0
47 14915.0 -0.770835 0.649961 0.0 -0.45869 1.671741 -14.674872 -0.18183 0.00817 12.845295 129.0
48 14915.0 -0.756305 0.656242 0.0 -0.459701 1.671741 -14.674872 -0.18183 0.00817 12.845295 129.0
49 14915.0 -0.757317 0.657075 0.0 -0.461052 1.671741 -14.674872 -0.18183 0.00817 12.845295 129.0
50 14915.0 -0.759014 0.676628 0.0 -0.483617 1.671741 -14.674872 -0.18183 0.00817 12.845295 129.0
51 14915.0 -0.738425 0.666247 0.0 -0.46349 1.671741 -14.674872 -0.18183 0.00817 12.845295 129.0
52 14915.0 -0.723229 0.664669 0.0 -0.455438 1.671741 -14.674872 -0.18183 0.00817 12.845295 129.0
53 14915.0 -0.717658 0.66738 0.0 -0.456164 1.671741 -14.674872 -0.18183 0.00817 12.845295 129.0
54 14915.0 -0.724284 0.66073 0.0 -0.451469 1.671741 -14.674872 -0.18183 0.00817 12.845295 129.0
55 14915.0 -0.714966 0.653585 0.0 -0.439625 1.671741 -14.674872 -0.18183 0.00817 12.845295 129.0
56 14915.0 -0.745008 0.660031 0.0 -0.459263 1.671741 -14.674872 -0.18183 0.00817 12.845295 129.0
57 14915.0 -0.734147 0.662319 0.0 -0.457327 1.671741 -14.674872 -0.18183 0.00817 12.845295 129.0
58 14915.0 -0.722026 0.655648 0.0 -0.444854 1.671741 -14.674872 -0.18183 0.00817 12.845295 129.0
59 14915.0 -0.730671 0.639699 0.0 -0.430597 1.671741 -14.674872 -0.18183 0.00817 12.845295 129.0
60 14915.0 -0.752936 0.666072 0.0 -0.469298 1.671741 -14.674872 -0.18183 0.00817 12.845295 129.0
61 14915.0 -0.752156 0.656223 0.0 -0.457963 1.671741 -14.674872 -0.18183 0.00817 12.845295 129.0
62 14915.0 -0.719149 0.66669 0.0 -0.456009 1.671741 -14.674872 -0.18183 0.00817 12.845295 129.0
63 14915.0 -0.716886 0.666393 0.0 -0.454741 1.671741 -14.674872 -0.18183 0.00817 12.845295 129.0
64 14915.0 -0.725198 0.645859 0.0 -0.43522 1.671741 -14.674872 -0.18183 0.00817 12.845295 129.0
65 14915.0 -0.731939 0.650384 0.0 -0.443069 1.671741 -14.674872 -0.18183 0.00817 12.845295 129.0
66 14915.0 -0.717589 0.612259 0.0 -0.394503 1.671741 -14.674872 -0.18183 0.00817 12.845295 129.0
67 14915.0 -0.705372 0.612992 0.0 -0.390267 1.671741 -14.674872 -0.18183 0.00817 12.845295 129.0
68 14915.0 -0.688244 0.606223 0.0 -0.375611 1.671741 -14.674872 -0.18183 0.00817 12.845295 129.0
69 14915.0 -0.663646 0.604296 0.0 -0.363279 1.671741 -14.674872 -0.18183 0.00817 12.845295 129.0
70 14915.0 -0.653989 0.592268 0.0 -0.345833 1.671741 -14.674872 -0.18183 0.00817 12.845295 129.0
71 14915.0 -0.647592 0.602675 0.0 -0.354824 1.671741 -14.674872 -0.18183 0.00817 12.845295 129.0
72 14915.0 -0.634371 0.610509 0.0 -0.358112 1.671741 -14.674872 -0.18183 0.00817 12.845295 129.0
73 14915.0 -0.620731 0.613993 0.0 -0.356364 1.671741 -14.674872 -0.18183 0.00817 12.845295 129.0
74 14915.0 -0.613674 0.586372 0.0 -0.321299 1.671741 -14.674872 -0.18183 0.00817 12.845295 129.0
75 14915.0 -0.597891 0.569152 0.0 -0.28936 1.671741 -14.674872 -0.18183 0.00817 12.845295 129.0
76 14915.0 -0.583155 0.546427 0.0 -0.241702 1.671741 -14.674872 -0.18183 0.00817 12.845295 129.0
77 14915.0 -0.547044 0.545875 0.0 -0.206437 1.671741 -14.674872 -0.18183 0.00817 12.845295 129.0
78 14915.0 -0.514646 0.527156 0.0 -0.15637 1.671741 -14.674872 -0.18183 0.00817 12.845295 129.0
79 14915.0 -0.523001 0.509683 0.0 -0.138234 1.671741 -14.674872 -0.18183 0.00817 12.845295 129.0
80 14915.0 -0.513583 0.513904 0.0 -0.137569 1.671741 -14.674872 -0.18183 0.00817 12.845295 129.0
81 14915.0 -0.520083 0.550577 0.0 -0.192027 1.671741 -14.674872 -0.18183 0.00817 12.845295 129.0
82 14915.0 -0.519373 0.534742 0.0 -0.169942 1.671741 -14.674872 -0.18183 0.00817 12.845295 129.0
83 14915.0 -0.500782 0.534391 0.0 -0.156784 1.671741 -14.674872 -0.18183 0.00817 12.845295 129.0
84 14915.0 -0.478072 0.535234 0.0 -0.142448 1.671741 -14.674872 -0.18183 0.00817 12.845295 129.0
85 14915.0 -0.450461 0.563533 0.0 -0.162217 1.671741 -14.674872 -0.18183 0.00817 12.845295 129.0
86 14915.0 -0.457265 0.562721 0.0 -0.165751 1.671741 -14.674872 -0.18183 0.00817 12.845295 129.0
87 14915.0 -0.424168 0.526947 0.0 -0.10991 1.671741 -14.674872 -0.18183 0.00817 12.845295 129.0
88 14915.0 -0.423494 0.519072 0.0 -0.102142 1.671741 -14.674872 -0.18183 0.00817 12.845295 129.0
89 14915.0 -0.426264 0.524438 0.0 -0.108332 1.671741 -14.674872 -0.18183 0.00817 12.845295 129.0
90 14915.0 -0.425101 0.535505 0.0 -0.118429 1.671741 -14.674872 -0.18183 0.00817 12.845295 129.0
91 14915.0 -0.433871 0.531412 0.0 -0.11793 1.671741 -14.674872 -0.18183 0.00817 12.845295 129.0
92 14915.0 -0.403008 0.512266 0.0 -0.087708 1.671741 -14.674872 -0.18183 0.00817 12.845295 129.0
93 14915.0 -0.42456 0.499642 0.0 -0.084037 1.671741 -14.674872 -0.18183 0.00817 12.845295 129.0
94 14915.0 -0.440453 0.489315 0.0 -0.080359 1.671741 -14.674872 -0.18183 0.00817 12.845295 129.0
95 14915.0 -0.434664 0.48694 0.0 -0.075849 1.671741 -14.674872 -0.18183 0.00817 12.845295 129.0
96 14915.0 -0.428383 0.485737 0.0 -0.072267 1.671741 -14.674872 -0.18183 0.00817 12.845295 129.0
97 14915.0 -0.402441 0.465009 0.0 -0.042446 1.671741 -14.674872 -0.18183 0.00817 12.845295 129.0
98 14915.0 -0.382736 0.452397 0.0 -0.023712 1.671741 -14.674872 -0.18183 0.00817 12.845295 129.0
99 14915.0 -0.385959 0.490668 0.0 -0.060509 1.671741 -14.674872 -0.18183 0.00817 12.845295 129.0
100 14915.0 -0.357345 0.50523 0.0 -0.063287 1.671741 -14.674872 -0.18183 0.00817 12.845295 129.0
101 14915.0 -0.353543 0.532714 0.0 -0.088008 1.671741 -14.674872 -0.18183 0.00817 12.845295 129.0
102 14915.0 -0.362221 0.53595 0.0 -0.094459 1.671741 -14.674872 -0.18183 0.00817 12.845295 129.0
103 14915.0 -0.365924 0.520186 0.0 -0.08087 1.671741 -14.674872 -0.18183 0.00817 12.845295 129.0
104 14915.0 -0.376548 0.541034 0.0 -0.104863 1.671741 -14.674872 -0.18183 0.00817 12.845295 129.0
105 14915.0 -0.407494 0.544376 0.0 -0.120054 1.671741 -14.674872 -0.18183 0.00817 12.845295 129.0
106 14915.0 -0.374383 0.517004 0.0 -0.081119 1.671741 -14.674872 -0.18183 0.00817 12.845295 129.0
107 14915.0 -0.35463 0.518301 0.0 -0.074692 1.671741 -14.674872 -0.18183 0.00817 12.845295 129.0
108 14915.0 -0.312755 0.48677 0.0 -0.029744 1.671741 -14.674872 -0.18183 0.00817 12.845295 129.0
109 14915.0 -0.332212 0.502967 0.0 -0.051381 1.671741 -14.674872 -0.18183 0.00817 12.845295 129.0
110 14915.0 -0.346186 0.5031 0.0 -0.056928 1.671741 -14.674872 -0.18183 0.00817 12.845295 129.0
111 14915.0 -0.318559 0.499589 0.0 -0.042864 1.671741 -14.674872 -0.18183 0.00817 12.845295 129.0
112 14915.0 -0.291219 0.541407 0.0 -0.072116 1.671741 -14.674872 -0.18183 0.00817 12.845295 129.0
113 14915.0 -0.303836 0.563514 0.0 -0.098081 1.671741 -14.674872 -0.18183 0.00817 12.845295 129.0
114 14915.0 -0.305568 0.546304 0.0 -0.082349 1.671741 -14.674872 -0.18183 0.00817 12.845295 129.0
115 14915.0 -0.329954 0.526185 0.0 -0.072634 1.671741 -14.674872 -0.18183 0.00817 12.845295 129.0
116 14915.0 -0.33313 0.507085 0.0 -0.055661 1.671741 -14.674872 -0.18183 0.00817 12.845295 129.0
117 14915.0 -0.295486 0.481783 0.0 -0.020391 1.671741 -14.674872 -0.18183 0.00817 12.845295 129.0
118 14915.0 -0.291943 0.487074 0.0 -0.023554 1.671741 -14.674872 -0.18183 0.00817 12.845295 129.0
119 14915.0 -0.276409 0.480821 0.0 -0.013719 1.671741 -14.674872 -0.18183 0.00817 12.845295 129.0
120 14915.0 -0.263464 0.506196 0.0 -0.030142 1.671741 -14.674872 -0.18183 0.00817 12.845295 129.0
121 14915.0 -0.238804 0.502588 0.0 -0.019613 1.671741 -14.674872 -0.18183 0.00817 12.845295 129.0
122 14915.0 -0.23567 0.489144 0.0 -0.007823 1.671741 -14.674872 -0.18183 0.00817 12.845295 129.0
123 14915.0 -0.227368 0.501162 0.0 -0.01493 1.671741 -14.674872 -0.18183 0.00817 12.845295 129.0
124 14915.0 -0.217926 0.511497 0.0 -0.02033 1.671741 -14.674872 -0.18183 0.00817 12.845295 129.0
125 14915.0 -0.177024 0.527972 0.0 -0.020946 1.671741 -14.674872 -0.18183 0.00817 12.845295 129.0
126 14915.0 -0.172681 0.523934 0.0 -0.016353 1.671741 -14.674872 -0.18183 0.00817 12.845295 129.0
127 14915.0 -0.191196 0.527405 0.0 -0.024871 1.671741 -14.674872 -0.18183 0.00817 12.845295 129.0
128 14915.0 -0.183073 0.524532 0.0 -0.020047 1.671741 -14.674872 -0.18183 0.00817 12.845295 129.0
129 14915.0 -0.157349 0.51862 0.0 -0.007336 1.671741 -14.674872 -0.18183 0.00817 12.845295 129.0
130 14915.0 -0.151268 0.507606 0.0 0.003411 1.671741 -14.674872 -0.18183 0.00817 12.845295 129.0
131 14915.0 -0.142024 0.508004 0.0 0.005349 1.671741 -14.674872 -0.18183 0.00817 12.845295 129.0
132 14915.0 -0.126859 0.511926 0.0 0.005686 1.671741 -14.674872 -0.18183 0.00817 12.845295 129.0
133 14915.0 -0.138406 0.528369 0.0 -0.009326 1.671741 -14.674872 -0.18183 0.00817 12.845295 129.0
134 14915.0 -0.140012 0.53961 0.0 -0.01887 1.671741 -14.674872 -0.18183 0.00817 12.845295 129.0
135 14915.0 -0.163971 0.5595 0.0 -0.042289 1.671741 -14.674872 -0.18183 0.00817 12.845295 129.0
136 14915.0 -0.124109 0.558371 0.0 -0.029056 1.671741 -14.674872 -0.18183 0.00817 12.845295 129.0
137 14915.0 -0.097981 0.560881 0.0 -0.022999 1.671741 -14.674872 -0.18183 0.00817 12.845295 129.0
138 14915.0 -0.086434 0.560302 0.0 -0.018815 1.671741 -14.674872 -0.18183 0.00817 12.845295 129.0
139 14915.0 -0.090509 0.544083 0.0 -0.008939 1.671741 -14.674872 -0.18183 0.00817 12.845295 129.0
140 14915.0 -0.109244 0.532156 0.0 -0.004552 1.671741 -14.674872 -0.18183 0.00817 12.845295 129.0
141 14915.0 -0.11543 0.509172 0.0 0.009811 1.671741 -14.674872 -0.18183 0.00817 12.845295 129.0
142 14915.0 -0.130782 0.516844 0.0 0.001575 1.671741 -14.674872 -0.18183 0.00817 12.845295 129.0
143 14915.0 -0.124944 0.516994 0.0 0.002627 1.671741 -14.674872 -0.18183 0.00817 12.845295 129.0
144 14915.0 -0.131262 0.494835 0.0 0.016405 1.671741 -14.674872 -0.18183 0.00817 12.845295 129.0
145 14915.0 -0.118383 0.497948 0.0 0.01647 1.671741 -14.674872 -0.18183 0.00817 12.845295 129.0
146 14915.0 -0.157548 0.515161 0.0 -0.004613 1.671741 -14.674872 -0.18183 0.00817 12.845295 129.0
147 14915.0 -0.164607 0.528864 0.0 -0.017825 1.671741 -14.674872 -0.18183 0.00817 12.845295 129.0
148 14915.0 -0.168345 0.526354 0.0 -0.016961 1.671741 -14.674872 -0.18183 0.00817 12.845295 129.0
149 14915.0 -0.147159 0.535037 0.0 -0.017399 1.671741 -14.674872 -0.18183 0.00817 12.845295 129.0
150 14915.0 -0.13879 0.537088 0.0 -0.016463 1.671741 -14.674872 -0.18183 0.00817 12.845295 129.0
151 14915.0 -0.139188 0.539304 0.0 -0.01837 1.671741 -14.674872 -0.18183 0.00817 12.845295 129.0
152 14915.0 -0.129153 0.560116 0.0 -0.03202 1.671741 -14.674872 -0.18183 0.00817 12.845295 129.0
153 14915.0 -0.124117 0.558973 0.0 -0.029543 1.671741 -14.674872 -0.18183 0.00817 12.845295 129.0
154 14915.0 -0.127395 0.546302 0.0 -0.020357 1.671741 -14.674872 -0.18183 0.00817 12.845295 129.0
155 14915.0 -0.117885 0.555597 0.0 -0.024898 1.671741 -14.674872 -0.18183 0.00817 12.845295 129.0
156 14915.0 -0.117814 0.550144 0.0 -0.020488 1.671741 -14.674872 -0.18183 0.00817 12.845295 129.0
157 14915.0 -0.098772 0.54198 0.0 -0.009146 1.671741 -14.674872 -0.18183 0.00817 12.845295 129.0
158 14915.0 -0.096102 0.552237 0.0 -0.015573 1.671741 -14.674872 -0.18183 0.00817 12.845295 129.0
159 14915.0 -0.098131 0.560701 0.0 -0.0229 1.671741 -14.674872 -0.18183 0.00817 12.845295 129.0
160 14915.0 -0.120431 0.544208 0.0 -0.016519 1.671741 -14.674872 -0.18183 0.00817 12.845295 129.0
161 14915.0 -0.099451 0.553992 0.0 -0.017907 1.671741 -14.674872 -0.18183 0.00817 12.845295 129.0
162 14915.0 -0.090161 0.513511 0.0 0.008679 1.671741 -14.674872 -0.18183 0.00817 12.845295 129.0
163 14915.0 -0.092466 0.508527 0.0 0.010764 1.671741 -14.674872 -0.18183 0.00817 12.845295 129.0
164 14915.0 -0.080488 0.518183 0.0 0.006261 1.671741 -14.674872 -0.18183 0.00817 12.845295 129.0
165 14915.0 -0.062671 0.498537 0.0 0.012823 1.671741 -14.674872 -0.18183 0.00817 12.845295 129.0
166 14915.0 -0.046964 0.490628 0.0 0.01494 1.671741 -14.674872 -0.18183 0.00817 12.845295 129.0
167 14915.0 -0.045422 0.516327 0.0 0.004825 1.671741 -14.674872 -0.18183 0.00817 12.845295 129.0
168 14915.0 -0.046713 0.50506 0.0 0.009297 1.671741 -14.674872 -0.18183 0.00817 12.845295 129.0
169 14915.0 -0.048806 0.510944 0.0 0.007132 1.671741 -14.674872 -0.18183 0.00817 12.845295 129.0
170 14915.0 -0.014749 0.51434 0.0 0.00371 1.671741 -14.674872 -0.18183 0.00817 12.845295 129.0
171 14915.0 -0.018012 0.500974 0.0 0.009122 1.671741 -14.674872 -0.18183 0.00817 12.845295 129.0
172 14915.0 0.005957 0.511447 0.0 0.003625 1.671741 -14.674872 -0.18183 0.00817 12.845295 129.0
173 14915.0 -0.012398 0.49411 0.0 0.011453 1.671741 -14.674872 -0.18183 0.00817 12.845295 129.0
174 14915.0 -0.001197 0.495543 0.0 0.010204 1.671741 -14.674872 -0.18183 0.00817 12.845295 129.0
175 14915.0 0.005805 0.508296 0.0 0.0048 1.671741 -14.674872 -0.18183 0.00817 12.845295 129.0
176 14915.0 -0.012614 0.517403 0.0 0.002384 1.671741 -14.674872 -0.18183 0.00817 12.845295 129.0
177 14915.0 -0.009496 0.48255 0.0 0.015781 1.671741 -14.674872 -0.18183 0.00817 12.845295 129.0
178 14915.0 -0.004004 0.513725 0.0 0.003288 1.671741 -14.674872 -0.18183 0.00817 12.845295 129.0
179 14915.0 0.005769 0.503482 0.0 0.006679 1.671741 -14.674872 -0.18183 0.00817 12.845295 129.0
180 14915.0 0.010406 0.513027 0.0 0.003048 1.671741 -14.674872 -0.18183 0.00817 12.845295 129.0
181 14915.0 -0.009722 0.517256 0.0 0.002263 1.671741 -14.674872 -0.18183 0.00817 12.845295 129.0
182 14915.0 -0.000197 0.527238 0.0 -0.001101 1.671741 -14.674872 -0.18183 0.00817 12.845295 129.0
183 14915.0 -0.003159 0.537168 0.0 -0.004092 1.671741 -14.674872 -0.18183 0.00817 12.845295 129.0
184 14915.0 -0.01904 0.524799 0.0 3.9e-05 1.671741 -14.674872 -0.18183 0.00817 12.845295 129.0
185 14915.0 0.003523 0.527869 0.0 -0.001372 1.671741 -14.674872 -0.18183 0.00817 12.845295 129.0
186 14915.0 0.01199 0.514933 0.0 0.002429 1.671741 -14.674872 -0.18183 0.00817 12.845295 129.0
187 14915.0 0.005031 0.520388 0.0 0.000896 1.671741 -14.674872 -0.18183 0.00817 12.845295 129.0
188 14915.0 0.014631 0.523638 0.0 -0.000301 1.671741 -14.674872 -0.18183 0.00817 12.845295 129.0
189 14915.0 0.030417 0.517391 0.0 0.001292 1.671741 -14.674872 -0.18183 0.00817 12.845295 129.0
190 14915.0 0.037606 0.540382 0.0 -0.005924 1.671741 -14.674872 -0.18183 0.00817 12.845295 129.0
191 14915.0 0.047112 0.521486 0.0 -0.000312 1.671741 -14.674872 -0.18183 0.00817 12.845295 129.0
192 14915.0 0.03783 0.514546 0.0 0.002013 1.671741 -14.674872 -0.18183 0.00817 12.845295 129.0
193 14915.0 0.050823 0.525948 0.0 -0.001761 1.671741 -14.674872 -0.18183 0.00817 12.845295 129.0
194 14915.0 0.059263 0.509665 0.0 0.003069 1.671741 -14.674872 -0.18183 0.00817 12.845295 129.0
195 14915.0 0.066507 0.515195 0.0 0.001219 1.671741 -14.674872 -0.18183 0.00817 12.845295 129.0
196 14915.0 0.071572 0.532729 0.0 -0.004275 1.671741 -14.674872 -0.18183 0.00817 12.845295 129.0
197 14915.0 0.07047 0.524249 0.0 -0.001645 1.671741 -14.674872 -0.18183 0.00817 12.845295 129.0
198 14915.0 0.107057 0.544128 0.0 0.00141 1.671741 -14.674872 -0.18183 0.00817 12.845295 129.0
199 14915.0 0.135996 0.557116 0.0 0.006447 1.671741 -14.674872 -0.18183 0.00817 12.845295 129.0
200 14915.0 0.108471 0.541831 0.0 0.001563 1.671741 -14.674872 -0.18183 0.00817 12.845295 129.0
201 14915.0 0.122387 0.562319 0.0 0.00444 1.671741 -14.674872 -0.18183 0.00817 12.845295 129.0
202 14915.0 0.156566 0.549741 0.0 0.009497 1.671741 -14.674872 -0.18183 0.00817 12.845295 129.0
203 14915.0 0.161411 0.544661 0.0 0.010108 1.671741 -14.674872 -0.18183 0.00817 12.845295 129.0
204 14915.0 0.155686 0.530342 0.0 0.008736 1.671741 -14.674872 -0.18183 0.00817 12.845295 129.0
205 14915.0 0.147673 0.500377 0.0 0.006497 1.671741 -14.674872 -0.18183 0.00817 12.845295 129.0
206 14915.0 0.158788 0.51013 0.0 0.008585 1.671741 -14.674872 -0.18183 0.00817 12.845295 129.0
207 14915.0 0.181128 0.507608 0.0 0.012072 1.671741 -14.674872 -0.18183 0.00817 12.845295 129.0
208 14915.0 0.206354 0.513074 0.0 0.017198 1.671741 -14.674872 -0.18183 0.00817 12.845295 129.0
209 14915.0 0.22407 0.516734 0.0 0.031943 1.671741 -14.674872 -0.18183 0.00817 12.845295 129.0
210 14915.0 0.209479 0.541395 0.0 0.034781 1.671741 -14.674872 -0.18183 0.00817 12.845295 129.0
211 14915.0 0.221381 0.514805 0.0 0.028961 1.671741 -14.674872 -0.18183 0.00817 12.845295 129.0
212 14915.0 0.240038 0.497602 0.0 0.035004 1.671741 -14.674872 -0.18183 0.00817 12.845295 129.0
213 14915.0 0.273617 0.515371 0.0 0.067145 1.671741 -14.674872 -0.18183 0.00817 12.845295 129.0
214 14915.0 0.290404 0.532311 0.0 0.088166 1.671741 -14.674872 -0.18183 0.00817 12.845295 129.0
215 14915.0 0.306513 0.507365 0.0 0.088332 1.671741 -14.674872 -0.18183 0.00817 12.845295 129.0
216 14915.0 0.348703 0.522757 0.0 0.125905 1.671741 -14.674872 -0.18183 0.00817 12.845295 129.0
217 14915.0 0.337153 0.538058 0.0 0.124958 1.671741 -14.674872 -0.18183 0.00817 12.845295 129.0
218 14915.0 0.367591 0.541953 0.0 0.148995 1.671741 -14.674872 -0.18183 0.00817 12.845295 129.0
219 14915.0 0.396973 0.543841 0.0 0.171228 1.671741 -14.674872 -0.18183 0.00817 12.845295 129.0
220 14915.0 0.427388 0.539229 0.0 0.19186 1.671741 -14.674872 -0.18183 0.00817 12.845295 129.0
221 14915.0 0.422864 0.554904 0.0 0.198737 1.671741 -14.674872 -0.18183 0.00817 12.845295 129.0
222 14915.0 0.405321 0.541821 0.0 0.176142 1.671741 -14.674872 -0.18183 0.00817 12.845295 129.0
223 14915.0 0.393937 0.527992 0.0 0.161623 1.671741 -14.674872 -0.18183 0.00817 12.845295 129.0
224 14915.0 0.415636 0.534969 0.0 0.180566 1.671741 -14.674872 -0.18183 0.00817 12.845295 129.0
225 14915.0 0.421383 0.54287 0.0 0.188912 1.671741 -14.674872 -0.18183 0.00817 12.845295 129.0
226 14915.0 0.429685 0.541574 0.0 0.195219 1.671741 -14.674872 -0.18183 0.00817 12.845295 129.0
227 14915.0 0.433873 0.529206 0.0 0.19183 1.671741 -14.674872 -0.18183 0.00817 12.845295 129.0
228 14915.0 0.438997 0.513796 0.0 0.189335 1.671741 -14.674872 -0.18183 0.00817 12.845295 129.0
229 14915.0 0.430583 0.511039 0.0 0.181968 1.671741 -14.674872 -0.18183 0.00817 12.845295 129.0
230 14915.0 0.429389 0.516205 0.0 0.183176 1.671741 -14.674872 -0.18183 0.00817 12.845295 129.0
231 14915.0 0.442675 0.497023 0.0 0.185268 1.671741 -14.674872 -0.18183 0.00817 12.845295 129.0
232 14915.0 0.437453 0.512255 0.0 0.187563 1.671741 -14.674872 -0.18183 0.00817 12.845295 129.0
233 14915.0 0.452053 0.512873 0.0 0.198657 1.671741 -14.674872 -0.18183 0.00817 12.845295 129.0
234 14915.0 0.466351 0.503743 0.0 0.205858 1.671741 -14.674872 -0.18183 0.00817 12.845295 129.0
235 14915.0 0.474921 0.5093 0.0 0.21645 1.671741 -14.674872 -0.18183 0.00817 12.845295 129.0
236 14915.0 0.465997 0.501704 0.0 0.204487 1.671741 -14.674872 -0.18183 0.00817 12.845295 129.0
237 14915.0 0.47292 0.515573 0.0 0.218228 1.671741 -14.674872 -0.18183 0.00817 12.845295 129.0
238 14915.0 0.489943 0.513365 0.0 0.231833 1.671741 -14.674872 -0.18183 0.00817 12.845295 129.0
239 14915.0 0.508668 0.521595 0.0 0.252805 1.671741 -14.674872 -0.18183 0.00817 12.845295 129.0
240 14915.0 0.520609 0.524812 0.0 0.2651 1.671741 -14.674872 -0.18183 0.00817 12.845295 129.0
241 14915.0 0.531703 0.516288 0.0 0.269899 1.671741 -14.674872 -0.18183 0.00817 12.845295 129.0
242 14915.0 0.533742 0.524192 0.0 0.27623 1.671741 -14.674872 -0.18183 0.00817 12.845295 129.0
243 14915.0 0.536909 0.537607 0.0 0.286721 1.671741 -14.674872 -0.18183 0.00817 12.845295 129.0
244 14915.0 0.544344 0.528067 0.0 0.287733 1.671741 -14.674872 -0.18183 0.00817 12.845295 129.0
245 14915.0 0.539358 0.51565 0.0 0.276227 1.671741 -14.674872 -0.18183 0.00817 12.845295 129.0
246 14915.0 0.556158 0.513554 0.0 0.289715 1.671741 -14.674872 -0.18183 0.00817 12.845295 129.0
247 14915.0 0.554018 0.5317 0.0 0.298285 1.671741 -14.674872 -0.18183 0.00817 12.845295 129.0
248 14915.0 0.553113 0.500214 0.0 0.279536 1.671741 -14.674872 -0.18183 0.00817 12.845295 129.0
249 14915.0 0.543214 0.522956 0.0 0.283804 1.671741 -14.674872 -0.18183 0.00817 12.845295 129.0
250 14915.0 0.581619 0.514265 0.0 0.312394 1.671741 -14.674872 -0.18183 0.00817 12.845295 129.0
251 14915.0 0.5961 0.537026 0.0 0.338158 1.671741 -14.674872 -0.18183 0.00817 12.845295 129.0
252 14915.0 0.640141 0.551623 0.0 0.385078 1.671741 -14.674872 -0.18183 0.00817 12.845295 129.0
253 14915.0 0.631431 0.567203 0.0 0.386426 1.671741 -14.674872 -0.18183 0.00817 12.845295 129.0
254 14915.0 0.63438 0.559883 0.0 0.384793 1.671741 -14.674872 -0.18183 0.00817 12.845295 129.0
255 14915.0 0.62122 0.596456 0.0 0.397382 1.671741 -14.674872 -0.18183 0.00817 12.845295 129.0
256 14915.0 0.625921 0.604059 0.0 0.406798 1.671741 -14.674872 -0.18183 0.00817 12.845295 129.0
257 14915.0 0.643688 0.623561 0.0 0.435819 1.671741 -14.674872 -0.18183 0.00817 12.845295 129.0
258 14915.0 0.643266 0.619103 0.0 0.432287 1.671741 -14.674872 -0.18183 0.00817 12.845295 129.0
259 14915.0 0.680977 0.595169 0.0 0.447403 1.671741 -14.674872 -0.18183 0.00817 12.845295 129.0
260 14915.0 0.715982 0.614045 0.0 0.490673 1.671741 -14.674872 -0.18183 0.00817 12.845295 129.0
261 14915.0 0.706348 0.636129 0.0 0.498173 1.671741 -14.674872 -0.18183 0.00817 12.845295 129.0
262 14915.0 0.697007 0.67706 0.0 0.519334 1.671741 -14.674872 -0.18183 0.00817 12.845295 129.0
263 14915.0 0.692096 0.681857 0.0 0.518561 1.671741 -14.674872 -0.18183 0.00817 12.845295 129.0
264 14915.0 0.696621 0.680616 0.0 0.521535 1.671741 -14.674872 -0.18183 0.00817 12.845295 129.0
265 14915.0 0.699385 0.695819 0.0 0.534708 1.671741 -14.674872 -0.18183 0.00817 12.845295 129.0
266 14915.0 0.703869 0.70386 0.0 0.544252 1.671741 -14.674872 -0.18183 0.00817 12.845295 129.0
267 14915.0 0.703013 0.699257 0.0 0.540247 1.671741 -14.674872 -0.18183 0.00817 12.845295 129.0
268 14915.0 0.721109 0.727618 0.0 0.575851 1.671741 -14.674872 -0.18183 0.00817 12.845295 129.0
269 14915.0 0.729279 0.736641 0.0 0.589235 1.671741 -14.674872 -0.18183 0.00817 12.845295 129.0
270 14915.0 0.735889 0.736843 0.0 0.595013 1.671741 -14.674872 -0.18183 0.00817 12.845295 129.0
271 14915.0 0.744438 0.739639 0.0 0.60429 1.671741 -14.674872 -0.18183 0.00817 12.845295 129.0
272 14915.0 0.728008 0.734208 0.0 0.586421 1.671741 -14.674872 -0.18183 0.00817 12.845295 129.0
273 14915.0 0.735482 0.739922 0.0 0.596857 1.671741 -14.674872 -0.18183 0.00817 12.845295 129.0
274 14915.0 0.719095 0.735963 0.0 0.580072 1.671741 -14.674872 -0.18183 0.00817 12.845295 129.0
275 14915.0 0.746655 0.720506 0.0 0.592567 1.671741 -14.674872 -0.18183 0.00817 12.845295 129.0
276 14915.0 0.738394 0.728722 0.0 0.59137 1.671741 -14.674872 -0.18183 0.00817 12.845295 129.0
277 14915.0 0.746436 0.71867 0.0 0.591073 1.671741 -14.674872 -0.18183 0.00817 12.845295 129.0
278 14915.0 0.757592 0.740187 0.0 0.615892 1.671741 -14.674872 -0.18183 0.00817 12.845295 129.0
279 14915.0 0.763815 0.752753 0.0 0.630421 1.671741 -14.674872 -0.18183 0.00817 12.845295 129.0
280 14915.0 0.760856 0.777057 0.0 0.64568 1.671741 -14.674872 -0.18183 0.00817 12.845295 129.0
281 14915.0 0.773688 0.784969 0.0 0.662646 1.671741 -14.674872 -0.18183 0.00817 12.845295 129.0
282 14915.0 0.778328 0.790863 0.0 0.671007 1.671741 -14.674872 -0.18183 0.00817 12.845295 129.0
283 14915.0 0.796344 0.800861 0.0 0.694014 1.671741 -14.674872 -0.18183 0.00817 12.845295 129.0
284 14915.0 0.809508 0.799871 0.0 0.704738 1.671741 -14.674872 -0.18183 0.00817 12.845295 129.0
285 14915.0 0.81416 0.813692 0.0 0.718926 1.671741 -14.674872 -0.18183 0.00817 12.845295 129.0
286 14915.0 0.806675 0.849855 0.0 0.738949 1.671741 -14.674872 -0.18183 0.00817 12.845295 129.0
287 14915.0 0.824878 0.859453 0.0 0.761825 1.671741 -14.674872 -0.18183 0.00817 12.845295 129.0
