 time p.x p.y p.z deep.node-0 CV opes.bias opes.rct opes.zed opes.neff opes.nker
0 10110.0 -0.726841 1.230615 0.0 -0.903461 1.694726 -17.212537 -0.142818 0.009494 12.845295 111.0
1 10110.0 -0.757693 1.216086 0.0 -0.903289 1.694726 -17.212537 -0.142818 0.009494 12.845295 111.0
2 10110.0 -0.762871 1.192131 0.0 -0.890647 1.694726 -17.212537 -0.142818 0.009494 12.845295 111.0
3 10110.0 -0.807335 1.211821 0.0 -0.913999 1.694726 -17.212537 -0.142818 0.009494 12.845295 111.0
4 10110.0 -0.824075 1.192325 0.0 -0.90723 1.694726 -17.212537 -0.142818 0.009494 12.845295 111.0
5 10110.0 -0.825855 1.176388 0.0 -0.898397 1.694726 -17.212537 -0.142818 0.009494 12.845295 111.0
6 10110.0 -0.815095 1.183359 0.0 -0.899593 1.694726 -17.212537 -0.142818 0.009494 12.845295 111.0
7 10110.0 -0.819338 1.167512 0.0 -0.891414 1.694726 -17.212537 -0.142818 0.009494 12.845295 111.0
8 10110.0 -0.836059 1.135859 0.0 -0.877306 1.694726 -17.212537 -0.142818 0.009494 12.845295 111.0
9 10110.0 -0.854734 1.121611 0.0 -0.873967 1.694726 -17.212537 -0.142818 0.009494 12.845295 111.0
10 10110.0 -0.86456 1.106121 0.0 -0.867507 1.694726 -17.212537 -0.142818 0.009494 12.845295 111.0
11 10110.0 -0.878683 1.08463 0.0 -0.858676 1.694726 -17.212537 -0.142818 0.009494 12.845295 111.0
12 10110.0 -0.886162 1.087187 0.0 -0.862201 1.694726 -17.212537 -0.142818 0.009494 12.845295 111.0
13 10110.0 -0.878077 1.066426 0.0 -0.847801 1.694726 -17.212537 -0.142818 0.009494 12.845295 111.0
14 10110.0 -0.890092 1.085107 0.0 -0.862039 1.694726 -17.212537 -0.142818 0.009494 12.845295 111.0
15 10110.0 -0.900802 1.098113 0.0 -0.872585 1.694726 -17.212537 -0.142818 0.009494 12.845295 111.0
16 10110.0 -0.923543 1.086078 0.0 -0.871646 1.694726 -17.212537 -0.142818 0.009494 12.845295 111.0
17 10110.0 -0.906672 1.104942 0.0 -0.878189 1.694726 -17.212537 -0.142818 0.009494 12.845295 111.0
18 10110.0 -0.898957 1.087579 0.0 -0.865888 1.694726 -17.212537 -0.142818 0.009494 12.845295 111.0
19 10110.0 -0.893159 1.08006 0.0 -0.859897 1.694726 -17.212537 -0.142818 0.009494 12.845295 111.0
20 10110.0 -0.905087 1.073598 0.0 -0.859317 1.694726 -17.212537 -0.142818 0.009494 12.845295 111.0
21 10110.0 -0.91137 1.044208 0.0 -0.843721 1.694726 -17.212537 -0.142818 0.009494 12.845295 111.0
22 10110.0 -0.920673 1.041947 0.0 -0.844903 1.694726 -17.212537 -0.142818 0.009494 12.845295 111.0
23 10110.0 -0.928223 0.999724 0.0 -0.82224 1.694726 -17.212537 -0.142818 0.009494 12.845295 111.0
24 10110.0 -0.919148 0.96939 0.0 -0.801679 1.694726 -17.212537 -0.142818 0.009494 12.845295 111.0
25 10110.0 -0.922631 0.95962 0.0 -0.796788 1.694726 -17.212537 -0.142818 0.009494 12.845295 111.0
26 10110.0 -0.93328 0.952106 0.0 -0.795239 1.694726 -17.212537 -0.142818 0.009494 12.845295 111.0
27 10110.0 -0.935138 0.938506 0.0 -0.785807 1.694726 -17.212537 -0.142818 0.009494 12.845295 111.0
28 10110.0 -0.909183 0.915145 0.0 -0.758005 1.694726 -17.212537 -0.142818 0.009494 12.845295 111.0
29 10110.0 -0.911603 0.895073 0.0 -0.741557 1.694726 -17.212537 -0.142818 0.009494 12.845295 111.0
30 10110.0 -0.907487 0.887654 0.0 -0.733698 1.694726 -17.212537 -0.142818 0.009494 12.845295 111.0
31 10110.0 -0.91594 0.854715 0.0 -0.707824 1.694726 -17.212537 -0.142818 0.009494 12.845295 111.0
32 10110.0 -0.907695 0.817672 0.0 -0.672739 1.694726 -17.212537 -0.142818 0.009494 12.845295 111.0
33 10110.0 -0.904738 0.798695 0.0 -0.655192 1.694726 -17.212537 -0.142818 0.009494 12.845295 111.0
34 10110.0 -0.899514 0.786205 0.0 -0.642539 1.694726 -17.212537 -0.142818 0.009494 12.845295 111.0
35 10110.0 -0.897675 0.751905 0.0 -0.612093 1.694726 -17.212537 -0.142818 0.009494 12.845295 111.0
36 10110.0 -0.905338 0.751634 0.0 -0.614446 1.694726 -17.212537 -0.142818 0.009494 12.845295 111.0
37 10110.0 -0.879591 0.745263 0.0 -0.600213 1.694726 -17.212537 -0.142818 0.009494 12.845295 111.0
38 10110.0 -0.870768 0.719923 0.0 -0.575207 1.694726 -17.212537 -0.142818 0.009494 12.845295 111.0
39 10110.0 -0.847362 0.691985 0.0 -0.536301 1.694726 -17.212537 -0.142818 0.009494 12.845295 111.0
40 10110.0 -0.836975 0.673844 0.0 -0.512407 1.694726 -17.212537 -0.142818 0.009494 12.845295 111.0
41 10110.0 -0.821366 0.676458 0.0 -0.509225 1.694726 -17.212537 -0.142818 0.009494 12.845295 111.0
42 10110.0 -0.821978 0.688466 0.0 -0.522733 1.694726 -17.212537 -0.142818 0.009494 12.845295 111.0
43 10110.0 -0.82148 0.695884 0.0 -0.530689 1.694726 -17.212537 -0.142818 0.009494 12.845295 111.0
44 10110.0 -0.835838 0.685677 0.0 -0.524968 1.694726 -17.212537 -0.142818 0.009494 12.845295 111.0
45 10110.0 -0.822003 0.680003 0.0 -0.513447 1.694726 -17.212537 -0.142818 0.009494 12.845295 111.0
46 10110.0 -0.81651 0.672348 0.0 -0.502621 1.694726 -17.212537 -0.142818 0.009494 12.845295 111.0
47 10110.0 -0.812471 0.658708 0.0 -0.485699 1.694726 -17.212537 -0.142818 0.009494 12.845295 111.0
48 10110.0 -0.771338 0.626923 0.0 -0.433138 1.694726 -17.212537 -0.142818 0.009494 12.845295 111.0
49 10110.0 -0.763954 0.638094 0.0 -0.442574 1.694726 -17.212537 -0.142818 0.009494 12.845295 111.0
50 10110.0 -0.753862 0.64935 0.0 -0.450984 1.694726 -17.212537 -0.142818 0.009494 12.845295 111.0
51 10110.0 -0.75686 0.64983 0.0 -0.452761 1.694726 -17.212537 -0.142818 0.009494 12.845295 111.0
52 10110.0 -0.764516 0.645761 0.0 -0.451379 1.694726 -17.212537 -0.142818 0.009494 12.845295 111.0
53 10110.0 -0.745562 0.628721 0.0 -0.424484 1.694726 -17.212537 -0.142818 0.009494 12.845295 111.0
54 10110.0 -0.744272 0.621894 0.0 -0.416317 1.694726 -17.212537 -0.142818 0.009494 12.845295 111.0
55 10110.0 -0.761797 0.622921 0.0 -0.424716 1.694726 -17.212537 -0.142818 0.009494 12.845295 111.0
56 10110.0 -0.76881 0.610518 0.0 -0.414674 1.694726 -17.212537 -0.142818 0.009494 12.845295 111.0
57 10110.0 -0.775986 0.635134 0.0 -0.444242 1.694726 -17.212537 -0.142818 0.009494 12.845295 111.0
58 10110.0 -0.764032 0.606758 0.0 -0.408739 1.694726 -17.212537 -0.142818 0.009494 12.845295 111.0
59 10110.0 -0.759036 0.580084 0.0 -0.380487 1.694726 -17.212537 -0.142818 0.009494 12.845295 111.0
60 10110.0 -0.764037 0.573406 0.0 -0.37641 1.694726 -17.212537 -0.142818 0.009494 12.845295 111.0
61 10110.0 -0.756991 0.561656 0.0 -0.361643 1.694726 -17.212537 -0.142818 0.009494 12.845295 111.0
62 10110.0 -0.759872 0.545946 0.0 -0.347793 1.694726 -17.212537 -0.142818 0.009494 12.845295 111.0
63 10110.0 -0.747407 0.526581 0.0 -0.323048 1.694726 -17.212537 -0.142818 0.009494 12.845295 111.0
64 10110.0 -0.731174 0.535359 0.0 -0.323778 1.694726 -17.212537 -0.142818 0.009494 12.845295 111.0
65 10110.0 -0.707867 0.524317 0.0 -0.297919 1.694726 -17.212537 -0.142818 0.009494 12.845295 111.0
66 10110.0 -0.70396 0.533079 0.0 -0.306178 1.694726 -17.212537 -0.142818 0.009494 12.845295 111.0
67 10110.0 -0.705046 0.52895 0.0 -0.301828 1.694726 -17.212537 -0.142818 0.009494 12.845295 111.0
68 10110.0 -0.720539 0.554764 0.0 -0.337495 1.694726 -17.212537 -0.142818 0.009494 12.845295 111.0
69 10110.0 -0.685364 0.554765 0.0 -0.32064 1.694726 -17.212537 -0.142818 0.009494 12.845295 111.0
70 10110.0 -0.677391 0.554729 0.0 -0.316304 1.694726 -17.212537 -0.142818 0.009494 12.845295 111.0
71 10110.0 -0.690546 0.579459 0.0 -0.347063 1.694726 -17.212537 -0.142818 0.009494 12.845295 111.0
72 10110.0 -0.670824 0.562217 0.0 -0.320897 1.694726 -17.212537 -0.142818 0.009494 12.845295 111.0
73 10110.0 -0.653618 0.561805 0.0 -0.310441 1.694726 -17.212537 -0.142818 0.009494 12.845295 111.0
74 10110.0 -0.661228 0.554791 0.0 -0.306554 1.694726 -17.212537 -0.142818 0.009494 12.845295 111.0
75 10110.0 -0.660113 0.526748 0.0 -0.27184 1.694726 -17.212537 -0.142818 0.009494 12.845295 111.0
76 10110.0 -0.63593 0.529045 0.0 -0.259927 1.694726 -17.212537 -0.142818 0.009494 12.845295 111.0
77 10110.0 -0.618913 0.540946 0.0 -0.263921 1.694726 -17.212537 -0.142818 0.009494 12.845295 111.0
78 10110.0 -0.610753 0.554556 0.0 -0.276616 1.694726 -17.212537 -0.142818 0.009494 12.845295 111.0
79 10110.0 -0.587893 0.534066 0.0 -0.224546 1.694726 -17.212537 -0.142818 0.009494 12.845295 111.0
80 10110.0 -0.580746 0.558501 0.0 -0.260747 1.694726 -17.212537 -0.142818 0.009494 12.845295 111.0
81 10110.0 -0.573326 0.536941 0.0 -0.215608 1.694726 -17.212537 -0.142818 0.009494 12.845295 111.0
82 10110.0 -0.57714 0.57659 0.0 -0.286803 1.694726 -17.212537 -0.142818 0.009494 12.845295 111.0
83 10110.0 -0.598626 0.580982 0.0 -0.305782 1.694726 -17.212537 -0.142818 0.009494 12.845295 111.0
84 10110.0 -0.579111 0.571532 0.0 -0.280717 1.694726 -17.212537 -0.142818 0.009494 12.845295 111.0
85 10110.0 -0.5721 0.54652 0.0 -0.231369 1.694726 -17.212537 -0.142818 0.009494 12.845295 111.0
86 10110.0 -0.570454 0.559382 0.0 -0.25253 1.694726 -17.212537 -0.142818 0.009494 12.845295 111.0
87 10110.0 -0.547846 0.564078 0.0 -0.239359 1.694726 -17.212537 -0.142818 0.009494 12.845295 111.0
88 10110.0 -0.543632 0.565134 0.0 -0.237223 1.694726 -17.212537 -0.142818 0.009494 12.845295 111.0
89 10110.0 -0.519021 0.549341 0.0 -0.189616 1.694726 -17.212537 -0.142818 0.009494 12.845295 111.0
90 10110.0 -0.52098 0.533396 0.0 -0.169202 1.694726 -17.212537 -0.142818 0.009494 12.845295 111.0
91 10110.0 -0.533871 0.54364 0.0 -0.191967 1.694726 -17.212537 -0.142818 0.009494 12.845295 111.0
92 10110.0 -0.495361 0.549382 0.0 -0.173536 1.694726 -17.212537 -0.142818 0.009494 12.845295 111.0
93 10110.0 -0.492062 0.532975 0.0 -0.148906 1.694726 -17.212537 -0.142818 0.009494 12.845295 111.0
94 10110.0 -0.460688 0.532323 0.0 -0.129202 1.694726 -17.212537 -0.142818 0.009494 12.845295 111.0
95 10110.0 -0.45262 0.543715 0.0 -0.13693 1.694726 -17.212537 -0.142818 0.009494 12.845295 111.0
96 10110.0 -0.43723 0.561088 0.0 -0.14986 1.694726 -17.212537 -0.142818 0.009494 12.845295 111.0
97 10110.0 -0.404659 0.567409 0.0 -0.140907 1.694726 -17.212537 -0.142818 0.009494 12.845295 111.0
98 10110.0 -0.419552 0.58296 0.0 -0.167639 1.694726 -17.212537 -0.142818 0.009494 12.845295 111.0
99 10110.0 -0.40293 0.544356 0.0 -0.118264 1.694726 -17.212537 -0.142818 0.009494 12.845295 111.0
100 10110.0 -0.401102 0.552336 0.0 -0.12516 1.694726 -17.212537 -0.142818 0.009494 12.845295 111.0
101 10110.0 -0.392067 0.54079 0.0 -0.110651 1.694726 -17.212537 -0.142818 0.009494 12.845295 111.0
102 10110.0 -0.373213 0.542816 0.0 -0.105267 1.694726 -17.212537 -0.142818 0.009494 12.845295 111.0
103 10110.0 -0.394304 0.544953 0.0 -0.115486 1.694726 -17.212537 -0.142818 0.009494 12.845295 111.0
104 10110.0 -0.378298 0.538742 0.0 -0.103357 1.694726 -17.212537 -0.142818 0.009494 12.845295 111.0
105 10110.0 -0.354498 0.55066 0.0 -0.105483 1.694726 -17.212537 -0.142818 0.009494 12.845295 111.0
106 10110.0 -0.353024 0.547088 0.0 -0.101508 1.694726 -17.212537 -0.142818 0.009494 12.845295 111.0
107 10110.0 -0.298305 0.530762 0.0 -0.064719 1.694726 -17.212537 -0.142818 0.009494 12.845295 111.0
108 10110.0 -0.322182 0.528952 0.0 -0.072256 1.694726 -17.212537 -0.142818 0.009494 12.845295 111.0
109 10110.0 -0.301656 0.529073 0.0 -0.064409 1.694726 -17.212537 -0.142818 0.009494 12.845295 111.0
110 10110.0 -0.293498 0.513586 0.0 -0.046483 1.694726 -17.212537 -0.142818 0.009494 12.845295 111.0
111 10110.0 -0.290244 0.490723 0.0 -0.025966 1.694726 -17.212537 -0.142818 0.009494 12.845295 111.0
112 10110.0 -0.26235 0.503807 0.0 -0.027875 1.694726 -17.212537 -0.142818 0.009494 12.845295 111.0
113 10110.0 -0.249782 0.504527 0.0 -0.024569 1.694726 -17.212537 -0.142818 0.009494 12.845295 111.0
114 10110.0 -0.258803 0.496383 0.0 -0.020801 1.694726 -17.212537 -0.142818 0.009494 12.845295 111.0
115 10110.0 -0.237397 0.508925 0.0 -0.02428 1.694726 -17.212537 -0.142818 0.009494 12.845295 111.0
116 10110.0 -0.233248 0.520393 0.0 -0.032228 1.694726 -17.212537 -0.142818 0.009494 12.845295 111.0
117 10110.0 -0.240379 0.527368 0.0 -0.040047 1.694726 -17.212537 -0.142818 0.009494 12.845295 111.0
118 10110.0 -0.238881 0.554174 0.0 -0.06398 1.694726 -17.212537 -0.142818 0.009494 12.845295 111.0
119 10110.0 -0.222926 0.514507 0.0 -0.024299 1.694726 -17.212537 -0.142818 0.009494 12.845295 111.0
120 10110.0 -0.229986 0.507076 0.0 -0.0205 1.694726 -17.212537 -0.142818 0.009494 12.845295 111.0
121 10110.0 -0.209659 0.506343 0.0 -0.013625 1.694726 -17.212537 -0.142818 0.009494 12.845295 111.0
122 10110.0 -0.198059 0.509768 0.0 -0.012796 1.694726 -17.212537 -0.142818 0.009494 12.845295 111.0
123 10110.0 -0.211801 0.503676 0.0 -0.012141 1.694726 -17.212537 -0.142818 0.009494 12.845295 111.0
124 10110.0 -0.18943 0.510609 0.0 -0.010805 1.694726 -17.212537 -0.142818 0.009494 12.845295 111.0
125 10110.0 -0.187234 0.495689 0.0 0.001883 1.694726 -17.212537 -0.142818 0.009494 12.845295 111.0
126 10110.0 -0.191116 0.523891 0.0 -0.022018 1.694726 -17.212537 -0.142818 0.009494 12.845295 111.0
127 10110.0 -0.186139 0.518463 0.0 -0.01611 1.694726 -17.212537 -0.142818 0.009494 12.845295 111.0
128 10110.0 -0.187683 0.515148 0.0 -0.013919 1.694726 -17.212537 -0.142818 0.009494 12.845295 111.0
129 10110.0 -0.16981 0.508046 0.0 -0.002676 1.694726 -17.212537 -0.142818 0.009494 12.845295 111.0
130 10110.0 -0.15198 0.533867 0.0 -0.017948 1.694726 -17.212537 -0.142818 0.009494 12.845295 111.0
131 10110.0 -0.14371 0.552867 0.0 -0.030685 1.694726 -17.212537 -0.142818 0.009494 12.845295 111.0
132 10110.0 -0.160015 0.565338 0.0 -0.045765 1.694726 -17.212537 -0.142818 0.009494 12.845295 111.0
133 10110.0 -0.152021 0.56936 0.0 -0.046531 1.694726 -17.212537 -0.142818 0.009494 12.845295 111.0
134 10110.0 -0.146737 0.559584 0.0 -0.037028 1.694726 -17.212537 -0.142818 0.009494 12.845295 111.0
135 10110.0 -0.136903 0.541016 0.0 -0.019041 1.694726 -17.212537 -0.142818 0.009494 12.845295 111.0
136 10110.0 -0.112237 0.533929 0.0 -0.006346 1.694726 -17.212537 -0.142818 0.009494 12.845295 111.0
137 10110.0 -0.127143 0.540536 0.0 -0.015637 1.694726 -17.212537 -0.142818 0.009494 12.845295 111.0
138 10110.0 -0.163868 0.541077 0.0 -0.027427 1.694726 -17.212537 -0.142818 0.009494 12.845295 111.0
139 10110.0 -0.17013 0.509113 0.0 -0.003634 1.694726 -17.212537 -0.142818 0.009494 12.845295 111.0
140 10110.0 -0.131138 0.481215 0.0 0.023795 1.694726 -17.212537 -0.142818 0.009494 12.845295 111.0
141 10110.0 -0.12773 0.475996 0.0 0.02562 1.694726 -17.212537 -0.142818 0.009494 12.845295 111.0
142 10110.0 -0.119851 0.488599 0.0 0.020221 1.694726 -17.212537 -0.142818 0.009494 12.845295 111.0
143 10110.0 -0.118081 0.492197 0.0 0.018709 1.694726 -17.212537 -0.142818 0.009494 12.845295 111.0
144 10110.0 -0.138976 0.48187 0.0 0.022926 1.694726 -17.212537 -0.142818 0.009494 12.845295 111.0
145 10110.0 -0.12699 0.478373 0.0 0.024647 1.694726 -17.212537 -0.142818 0.009494 12.845295 111.0
146 10110.0 -0.112421 0.520458 0.0 0.002752 1.694726 -17.212537 -0.142818 0.009494 12.845295 111.0
147 10110.0 -0.109263 0.547764 0.0 -0.015928 1.694726 -17.212537 -0.142818 0.009494 12.845295 111.0
148 10110.0 -0.124666 0.546087 0.0 -0.01934 1.694726 -17.212537 -0.142818 0.009494 12.845295 111.0
149 10110.0 -0.117358 0.528002 0.0 -0.003339 1.694726 -17.212537 -0.142818 0.009494 12.845295 111.0
150 10110.0 -0.11138 0.514112 0.0 0.007261 1.694726 -17.212537 -0.142818 0.009494 12.845295 111.0
151 10110.0 -0.102313 0.497324 0.0 0.015738 1.694726 -17.212537 -0.142818 0.009494 12.845295 111.0
152 10110.0 -0.106248 0.488125 0.0 0.019567 1.694726 -17.212537 -0.142818 0.009494 12.845295 111.0
153 10110.0 -0.099564 0.499525 0.0 0.014711 1.694726 -17.212537 -0.142818 0.009494 12.845295 111.0
154 10110.0 -0.078561 0.509937 0.0 0.009358 1.694726 -17.212537 -0.142818 0.009494 12.845295 111.0
155 10110.0 -0.034001 0.483619 0.0 0.016874 1.694726 -17.212537 -0.142818 0.009494 12.845295 111.0
156 10110.0 -0.016887 0.456577 0.0 0.027128 1.694726 -17.212537 -0.142818 0.009494 12.845295 111.0
157 10110.0 0.00507 0.478407 0.0 0.016499 1.694726 -17.212537 -0.142818 0.009494 12.845295 111.0
158 10110.0 0.011811 0.513439 0.0 0.002892 1.694726 -17.212537 -0.142818 0.009494 12.845295 111.0
159 10110.0 0.002208 0.493041 0.0 0.01097 1.694726 -17.212537 -0.142818 0.009494 12.845295 111.0
160 10110.0 0.030212 0.499683 0.0 0.006739 1.694726 -17.212537 -0.142818 0.009494 12.845295 111.0
161 10110.0 0.033755 0.493436 0.0 0.008873 1.694726 -17.212537 -0.142818 0.009494 12.845295 111.0
162 10110.0 0.03848 0.503934 0.0 0.005261 1.694726 -17.212537 -0.142818 0.009494 12.845295 111.0
163 10110.0 0.051966 0.529786 0.0 -0.002964 1.694726 -17.212537 -0.142818 0.009494 12.845295 111.0
164 10110.0 0.051622 0.515405 0.0 0.001463 1.694726 -17.212537 -0.142818 0.009494 12.845295 111.0
165 10110.0 0.066237 0.508615 0.0 0.003248 1.694726 -17.212537 -0.142818 0.009494 12.845295 111.0
166 10110.0 0.034974 0.519443 0.0 0.000567 1.694726 -17.212537 -0.142818 0.009494 12.845295 111.0
167 10110.0 0.036177 0.509018 0.0 0.003746 1.694726 -17.212537 -0.142818 0.009494 12.845295 111.0
168 10110.0 0.046231 0.512333 0.0 0.002519 1.694726 -17.212537 -0.142818 0.009494 12.845295 111.0
169 10110.0 0.056874 0.499919 0.0 0.006114 1.694726 -17.212537 -0.142818 0.009494 12.845295 111.0
170 10110.0 0.064046 0.521502 0.0 -0.000668 1.694726 -17.212537 -0.142818 0.009494 12.845295 111.0
171 10110.0 0.068679 0.50143 0.0 0.005405 1.694726 -17.212537 -0.142818 0.009494 12.845295 111.0
172 10110.0 0.065157 0.503225 0.0 0.004927 1.694726 -17.212537 -0.142818 0.009494 12.845295 111.0
173 10110.0 0.052073 0.498313 0.0 0.006707 1.694726 -17.212537 -0.142818 0.009494 12.845295 111.0
174 10110.0 0.087398 0.508281 0.0 0.002912 1.694726 -17.212537 -0.142818 0.009494 12.845295 111.0
175 10110.0 0.092685 0.482255 0.0 0.011113 1.694726 -17.212537 -0.142818 0.009494 12.845295 111.0
176 10110.0 0.113589 0.485545 0.0 0.009676 1.694726 -17.212537 -0.142818 0.009494 12.845295 111.0
177 10110.0 0.134237 0.5047 0.0 0.00449 1.694726 -17.212537 -0.142818 0.009494 12.845295 111.0
178 10110.0 0.140357 0.513243 0.0 0.005741 1.694726 -17.212537 -0.142818 0.009494 12.845295 111.0
179 10110.0 0.174048 0.493889 0.0 0.011453 1.694726 -17.212537 -0.142818 0.009494 12.845295 111.0
180 10110.0 0.182777 0.520274 0.0 0.01274 1.694726 -17.212537 -0.142818 0.009494 12.845295 111.0
181 10110.0 0.200147 0.523171 0.0 0.018192 1.694726 -17.212537 -0.142818 0.009494 12.845295 111.0
182 10110.0 0.234481 0.520509 0.0 0.041487 1.694726 -17.212537 -0.142818 0.009494 12.845295 111.0
183 10110.0 0.253614 0.530963 0.0 0.060931 1.694726 -17.212537 -0.142818 0.009494 12.845295 111.0
184 10110.0 0.253812 0.520729 0.0 0.055533 1.694726 -17.212537 -0.142818 0.009494 12.845295 111.0
185 10110.0 0.254577 0.506667 0.0 0.049476 1.694726 -17.212537 -0.142818 0.009494 12.845295 111.0
186 10110.0 0.257476 0.499704 0.0 0.048807 1.694726 -17.212537 -0.142818 0.009494 12.845295 111.0
187 10110.0 0.26862 0.518748 0.0 0.065129 1.694726 -17.212537 -0.142818 0.009494 12.845295 111.0
188 10110.0 0.294816 0.482216 0.0 0.069452 1.694726 -17.212537 -0.142818 0.009494 12.845295 111.0
189 10110.0 0.298292 0.509303 0.0 0.083012 1.694726 -17.212537 -0.142818 0.009494 12.845295 111.0
190 10110.0 0.312221 0.503485 0.0 0.090999 1.694726 -17.212537 -0.142818 0.009494 12.845295 111.0
191 10110.0 0.294044 0.488879 0.0 0.071579 1.694726 -17.212537 -0.142818 0.009494 12.845295 111.0
192 10110.0 0.288336 0.473734 0.0 0.061201 1.694726 -17.212537 -0.142818 0.009494 12.845295 111.0
193 10110.0 0.286453 0.459915 0.0 0.054201 1.694726 -17.212537 -0.142818 0.009494 12.845295 111.0
194 10110.0 0.309025 0.462864 0.0 0.072161 1.694726 -17.212537 -0.142818 0.009494 12.845295 111.0
195 10110.0 0.320093 0.467915 0.0 0.082428 1.694726 -17.212537 -0.142818 0.009494 12.845295 111.0
196 10110.0 0.325762 0.48212 0.0 0.092396 1.694726 -17.212537 -0.142818 0.009494 12.845295 111.0
197 10110.0 0.311327 0.465639 0.0 0.074995 1.694726 -17.212537 -0.142818 0.009494 12.845295 111.0
198 10110.0 0.321104 0.48838 0.0 0.091473 1.694726 -17.212537 -0.142818 0.009494 12.845295 111.0
199 10110.0 0.334134 0.508817 0.0 0.109435 1.694726 -17.212537 -0.142818 0.009494 12.845295 111.0
200 10110.0 0.357219 0.51553 0.0 0.129301 1.694726 -17.212537 -0.142818 0.009494 12.845295 111.0
201 10110.0 0.382212 0.533939 0.0 0.155325 1.694726 -17.212537 -0.142818 0.009494 12.845295 111.0
202 10110.0 0.430897 0.525001 0.0 0.18786 1.694726 -17.212537 -0.142818 0.009494 12.845295 111.0
203 10110.0 0.410569 0.543916 0.0 0.181101 1.694726 -17.212537 -0.142818 0.009494 12.845295 111.0
204 10110.0 0.422174 0.552787 0.0 0.196642 1.694726 -17.212537 -0.142818 0.009494 12.845295 111.0
205 10110.0 0.44114 0.524506 0.0 0.195529 1.694726 -17.212537 -0.142818 0.009494 12.845295 111.0
206 10110.0 0.456005 0.511442 0.0 0.201157 1.694726 -17.212537 -0.142818 0.009494 12.845295 111.0
207 10110.0 0.457922 0.510893 0.0 0.202521 1.694726 -17.212537 -0.142818 0.009494 12.845295 111.0
208 10110.0 0.475861 0.537014 0.0 0.232983 1.694726 -17.212537 -0.142818 0.009494 12.845295 111.0
209 10110.0 0.468851 0.533456 0.0 0.224804 1.694726 -17.212537 -0.142818 0.009494 12.845295 111.0
210 10110.0 0.476194 0.517261 0.0 0.22203 1.694726 -17.212537 -0.142818 0.009494 12.845295 111.0
211 10110.0 0.475043 0.522018 0.0 0.223697 1.694726 -17.212537 -0.142818 0.009494 12.845295 111.0
212 10110.0 0.477166 0.563584 0.0 0.2512 1.694726 -17.212537 -0.142818 0.009494 12.845295 111.0
213 10110.0 0.507447 0.575808 0.0 0.285709 1.694726 -17.212537 -0.142818 0.009494 12.845295 111.0
214 10110.0 0.534832 0.559564 0.0 0.297539 1.694726 -17.212537 -0.142818 0.009494 12.845295 111.0
215 10110.0 0.536 0.566198 0.0 0.30321 1.694726 -17.212537 -0.142818 0.009494 12.845295 111.0
216 10110.0 0.524437 0.585193 0.0 0.306869 1.694726 -17.212537 -0.142818 0.009494 12.845295 111.0
217 10110.0 0.536328 0.604838 0.0 0.330984 1.694726 -17.212537 -0.142818 0.009494 12.845295 111.0
218 10110.0 0.53907 0.606252 0.0 0.334326 1.694726 -17.212537 -0.142818 0.009494 12.845295 111.0
219 10110.0 0.571096 0.633821 0.0 0.381241 1.694726 -17.212537 -0.142818 0.009494 12.845295 111.0
220 10110.0 0.582524 0.655529 0.0 0.406428 1.694726 -17.212537 -0.142818 0.009494 12.845295 111.0
221 10110.0 0.604448 0.64624 0.0 0.418507 1.694726 -17.212537 -0.142818 0.009494 12.845295 111.0
222 10110.0 0.607438 0.628903 0.0 0.40872 1.694726 -17.212537 -0.142818 0.009494 12.845295 111.0
223 10110.0 0.612381 0.621733 0.0 0.407832 1.694726 -17.212537 -0.142818 0.009494 12.845295 111.0
224 10110.0 0.615404 0.621264 0.0 0.410075 1.694726 -17.212537 -0.142818 0.009494 12.845295 111.0
225 10110.0 0.614193 0.62053 0.0 0.408521 1.694726 -17.212537 -0.142818 0.009494 12.845295 111.0
226 10110.0 0.623764 0.618608 0.0 0.415311 1.694726 -17.212537 -0.142818 0.009494 12.845295 111.0
227 10110.0 0.63055 0.614748 0.0 0.418349 1.694726 -17.212537 -0.142818 0.009494 12.845295 111.0
228 10110.0 0.616768 0.626167 0.0 0.414726 1.694726 -17.212537 -0.142818 0.009494 12.845295 111.0
229 10110.0 0.607159 0.629847 0.0 0.409154 1.694726 -17.212537 -0.142818 0.009494 12.845295 111.0
230 10110.0 0.592847 0.63675 0.0 0.401866 1.694726 -17.212537 -0.142818 0.009494 12.845295 111.0
231 10110.0 0.593889 0.634549 0.0 0.401188 1.694726 -17.212537 -0.142818 0.009494 12.845295 111.0
232 10110.0 0.593128 0.625181 0.0 0.393873 1.694726 -17.212537 -0.142818 0.009494 12.845295 111.0
233 10110.0 0.601974 0.623809 0.0 0.400438 1.694726 -17.212537 -0.142818 0.009494 12.845295 111.0
234 10110.0 0.593853 0.622738 0.0 0.392754 1.694726 -17.212537 -0.142818 0.009494 12.845295 111.0
235 10110.0 0.601733 0.602561 0.0 0.385114 1.694726 -17.212537 -0.142818 0.009494 12.845295 111.0
236 10110.0 0.59566 0.604273 0.0 0.381156 1.694726 -17.212537 -0.142818 0.009494 12.845295 111.0
237 10110.0 0.598523 0.613613 0.0 0.390241 1.694726 -17.212537 -0.142818 0.009494 12.845295 111.0
238 10110.0 0.57878 0.627361 0.0 0.383195 1.694726 -17.212537 -0.142818 0.009494 12.845295 111.0
239 10110.0 0.601453 0.577534 0.0 0.367069 1.694726 -17.212537 -0.142818 0.009494 12.845295 111.0
240 10110.0 0.614731 0.583753 0.0 0.382812 1.694726 -17.212537 -0.142818 0.009494 12.845295 111.0
241 10110.0 0.594379 0.583259 0.0 0.365112 1.694726 -17.212537 -0.142818 0.009494 12.845295 111.0
242 10110.0 0.59855 0.579445 0.0 0.365954 1.694726 -17.212537 -0.142818 0.009494 12.845295 111.0
243 10110.0 0.584198 0.561096 0.0 0.341599 1.694726 -17.212537 -0.142818 0.009494 12.845295 111.0
244 10110.0 0.586096 0.561284 0.0 0.343367 1.694726 -17.212537 -0.142818 0.009494 12.845295 111.0
245 10110.0 0.565827 0.573476 0.0 0.333813 1.694726 -17.212537 -0.142818 0.009494 12.845295 111.0
246 10110.0 0.599874 0.568379 0.0 0.359501 1.694726 -17.212537 -0.142818 0.009494 12.845295 111.0
247 10110.0 0.618651 0.575973 0.0 0.380619 1.694726 -17.212537 -0.142818 0.009494 12.845295 111.0
248 10110.0 0.608801 0.578596 0.0 0.374088 1.694726 -17.212537 -0.142818 0.009494 12.845295 111.0
249 10110.0 0.585203 0.558713 0.0 0.341107 1.694726 -17.212537 -0.142818 0.009494 12.845295 111.0
250 10110.0 0.601699 0.578644 0.0 0.368068 1.694726 -17.212537 -0.142818 0.009494 12.845295 111.0
251 10110.0 0.600894 0.578876 0.0 0.367547 1.694726 -17.212537 -0.142818 0.009494 12.845295 111.0
252 10110.0 0.599445 0.567582 0.0 0.358668 1.694726 -17.212537 -0.142818 0.009494 12.845295 111.0
253 10110.0 0.595802 0.576123 0.0 0.361248 1.694726 -17.212537 -0.142818 0.009494 12.845295 111.0
254 10110.0 0.604023 0.578494 0.0 0.369942 1.694726 -17.212537 -0.142818 0.009494 12.845295 111.0
255 10110.0 0.60119 0.596685 0.0 0.380471 1.694726 -17.212537 -0.142818 0.009494 12.845295 111.0
256 10110.0 0.615658 0.56417 0.0 0.370885 1.694726 -17.212537 -0.142818 0.009494 12.845295 111.0
257 10110.0 0.616695 0.586282 0.0 0.386286 1.694726 -17.212537 -0.142818 0.009494 12.845295 111.0
258 10110.0 0.608848 0.595377 0.0 0.386068 1.694726 -17.212537 -0.142818 0.009494 12.845295 111.0
259 10110.0 0.595922 0.615463 0.0 0.389341 1.694726 -17.212537 -0.142818 0.009494 12.845295 111.0
260 10110.0 0.585993 0.601731 0.0 0.371108 1.694726 -17.212537 -0.142818 0.009494 12.845295 111.0
261 10110.0 0.582804 0.635786 0.0 0.39262 1.694726 -17.212537 -0.142818 0.009494 12.845295 111.0
262 10110.0 0.589818 0.650717 0.0 0.409221 1.694726 -17.212537 -0.142818 0.009494 12.845295 111.0
263 10110.0 0.5877 0.647642 0.0 0.405228 1.694726 -17.212537 -0.142818 0.009494 12.845295 111.0
264 10110.0 0.622265 0.650712 0.0 0.436876 1.694726 -17.212537 -0.142818 0.009494 12.845295 111.0
265 10110.0 0.649467 0.656075 0.0 0.463879 1.694726 -17.212537 -0.142818 0.009494 12.845295 111.0
266 10110.0 0.645404 0.668569 0.0 0.469306 1.694726 -17.212537 -0.142818 0.009494 12.845295 111.0
267 10110.0 0.63444 0.665625 0.0 0.457865 1.694726 -17.212537 -0.142818 0.009494 12.845295 111.0
268 10110.0 0.642209 0.650601 0.0 0.453797 1.694726 -17.212537 -0.142818 0.009494 12.845295 111.0
269 10110.0 0.64079 0.64251 0.0 0.446831 1.694726 -17.212537 -0.142818 0.009494 12.845295 111.0
270 10110.0 0.642037 0.668865 0.0 0.466646 1.694726 -17.212537 -0.142818 0.009494 12.845295 111.0
271 10110.0 0.637372 0.678779 0.0 0.469724 1.694726 -17.212537 -0.142818 0.009494 12.845295 111.0
272 10110.0 0.627696 0.686047 0.0 0.466647 1.694726 -17.212537 -0.142818 0.009494 12.845295 111.0
273 10110.0 0.655284 0.721856 0.0 0.515642 1.694726 -17.212537 -0.142818 0.009494 12.845295 111.0
274 10110.0 0.68344 0.712975 0.0 0.533323 1.694726 -17.212537 -0.142818 0.009494 12.845295 111.0
275 10110.0 0.694691 0.743194 0.0 0.564415 1.694726 -17.212537 -0.142818 0.009494 12.845295 111.0
276 10110.0 0.693194 0.749706 0.0 0.567773 1.694726 -17.212537 -0.142818 0.009494 12.845295 111.0
277 10110.0 0.715042 0.76829 0.0 0.599618 1.694726 -17.212537 -0.142818 0.009494 12.845295 111.0
278 10110.0 0.744254 0.766914 0.0 0.623797 1.694726 -17.212537 -0.142818 0.009494 12.845295 111.0
279 10110.0 0.746177 0.766297 0.0 0.625016 1.694726 -17.212537 -0.142818 0.009494 12.845295 111.0
280 10110.0 0.764833 0.760728 0.0 0.637158 1.694726 -17.212537 -0.142818 0.009494 12.845295 111.0
281 10110.0 0.800593 0.79014 0.0 0.689844 1.694726 -17.212537 -0.142818 0.009494 12.845295 111.0
282 10110.0 0.816677 0.781545 0.0 0.697529 1.694726 -17.212537 -0.142818 0.009494 12.845295 111.0
283 10110.0 0.816686 0.784877 0.0 0.699981 1.694726 -17.212537 -0.142818 0.009494 12.845295 111.0
284 10110.0 0.842825 0.803902 0.0 0.736678 1.694726 -17.212537 -0.142818 0.009494 12.845295 111.0
285 10110.0 0.849758 0.824563 0.0 0.757867 1.694726 -17.212537 -0.142818 0.009494 12.845295 111.0
286 10110.0 0.875717 0.834607 0.0 0.787817 1.694726 -17.212537 -0.142818 0.009494 12.845295 111.0
287 10110.0 0.866494 0.850239 0.0 0.791265 1.694726 -17.212537 -0.142818 0.009494 12.845295 111.0
