 time p.x p.y p.z deep.node-0 CV opes.bias opes.rct opes.zed opes.neff opes.nker
0 6765.0 0.49848 0.534354 0.0 0.251236 0.697862 -6.732741 -0.102445 0.013687 12.845295 77.0
1 6765.0 0.509903 0.538309 0.0 0.263504 0.697862 -6.732741 -0.102445 0.013687 12.845295 77.0
2 6765.0 0.544544 0.556804 0.0 0.304446 0.697862 -6.732741 -0.102445 0.013687 12.845295 77.0
3 6765.0 0.554987 0.592596 0.0 0.338178 0.697862 -6.732741 -0.102445 0.013687 12.845295 77.0
4 6765.0 0.558686 0.596249 0.0 0.34393 0.697862 -6.732741 -0.102445 0.013687 12.845295 77.0
5 6765.0 0.556346 0.567045 0.0 0.321156 0.697862 -6.732741 -0.102445 0.013687 12.845295 77.0
6 6765.0 0.573937 0.53919 0.0 0.320018 0.697862 -6.732741 -0.102445 0.013687 12.845295 77.0
7 6765.0 0.569561 0.548627 0.0 0.321621 0.697862 -6.732741 -0.102445 0.013687 12.845295 77.0
8 6765.0 0.546973 0.516517 0.0 0.283386 0.697862 -6.732741 -0.102445 0.013687 12.845295 77.0
9 6765.0 0.540066 0.521214 0.0 0.280048 0.697862 -6.732741 -0.102445 0.013687 12.845295 77.0
10 6765.0 0.533941 0.519017 0.0 0.273427 0.697862 -6.732741 -0.102445 0.013687 12.845295 77.0
11 6765.0 0.529505 0.498916 0.0 0.25822 0.697862 -6.732741 -0.102445 0.013687 12.845295 77.0
12 6765.0 0.53064 0.527153 0.0 0.275221 0.697862 -6.732741 -0.102445 0.013687 12.845295 77.0
13 6765.0 0.527143 0.542124 0.0 0.280778 0.697862 -6.732741 -0.102445 0.013687 12.845295 77.0
14 6765.0 0.541687 0.545816 0.0 0.295623 0.697862 -6.732741 -0.102445 0.013687 12.845295 77.0
15 6765.0 0.558863 0.565011 0.0 0.321855 0.697862 -6.732741 -0.102445 0.013687 12.845295 77.0
16 6765.0 0.545307 0.532538 0.0 0.291149 0.697862 -6.732741 -0.102445 0.013687 12.845295 77.0
17 6765.0 0.54579 0.52677 0.0 0.288252 0.697862 -6.732741 -0.102445 0.013687 12.845295 77.0
18 6765.0 0.554239 0.521429 0.0 0.292568 0.697862 -6.732741 -0.102445 0.013687 12.845295 77.0
19 6765.0 0.567827 0.538678 0.0 0.314379 0.697862 -6.732741 -0.102445 0.013687 12.845295 77.0
20 6765.0 0.576845 0.53165 0.0 0.318223 0.697862 -6.732741 -0.102445 0.013687 12.845295 77.0
21 6765.0 0.586034 0.553749 0.0 0.338977 0.697862 -6.732741 -0.102445 0.013687 12.845295 77.0
22 6765.0 0.582259 0.546073 0.0 0.331257 0.697862 -6.732741 -0.102445 0.013687 12.845295 77.0
23 6765.0 0.548763 0.564098 0.0 0.312596 0.697862 -6.732741 -0.102445 0.013687 12.845295 77.0
24 6765.0 0.53409 0.571524 0.0 0.305372 0.697862 -6.732741 -0.102445 0.013687 12.845295 77.0
25 6765.0 0.558952 0.57161 0.0 0.326625 0.697862 -6.732741 -0.102445 0.013687 12.845295 77.0
26 6765.0 0.569766 0.58047 0.0 0.342147 0.697862 -6.732741 -0.102445 0.013687 12.845295 77.0
27 6765.0 0.583681 0.569357 0.0 0.346102 0.697862 -6.732741 -0.102445 0.013687 12.845295 77.0
28 6765.0 0.59707 0.587092 0.0 0.370133 0.697862 -6.732741 -0.102445 0.013687 12.845295 77.0
29 6765.0 0.571803 0.564602 0.0 0.332775 0.697862 -6.732741 -0.102445 0.013687 12.845295 77.0
30 6765.0 0.603179 0.542543 0.0 0.347525 0.697862 -6.732741 -0.102445 0.013687 12.845295 77.0
31 6765.0 0.608147 0.563881 0.0 0.364149 0.697862 -6.732741 -0.102445 0.013687 12.845295 77.0
32 6765.0 0.627255 0.564758 0.0 0.381367 0.697862 -6.732741 -0.102445 0.013687 12.845295 77.0
33 6765.0 0.609983 0.586374 0.0 0.38063 0.697862 -6.732741 -0.102445 0.013687 12.845295 77.0
34 6765.0 0.603044 0.589383 0.0 0.376856 0.697862 -6.732741 -0.102445 0.013687 12.845295 77.0
35 6765.0 0.601989 0.604172 0.0 0.386478 0.697862 -6.732741 -0.102445 0.013687 12.845295 77.0
36 6765.0 0.606955 0.614549 0.0 0.398096 0.697862 -6.732741 -0.102445 0.013687 12.845295 77.0
37 6765.0 0.615377 0.616619 0.0 0.406747 0.697862 -6.732741 -0.102445 0.013687 12.845295 77.0
38 6765.0 0.653663 0.611354 0.0 0.435637 0.697862 -6.732741 -0.102445 0.013687 12.845295 77.0
39 6765.0 0.644652 0.594642 0.0 0.416065 0.697862 -6.732741 -0.102445 0.013687 12.845295 77.0
40 6765.0 0.62531 0.598098 0.0 0.402037 0.697862 -6.732741 -0.102445 0.013687 12.845295 77.0
41 6765.0 0.635018 0.600722 0.0 0.412178 0.697862 -6.732741 -0.102445 0.013687 12.845295 77.0
42 6765.0 0.63502 0.593324 0.0 0.406916 0.697862 -6.732741 -0.102445 0.013687 12.845295 77.0
43 6765.0 0.59342 0.589364 0.0 0.368639 0.697862 -6.732741 -0.102445 0.013687 12.845295 77.0
44 6765.0 0.60375 0.576041 0.0 0.367965 0.697862 -6.732741 -0.102445 0.013687 12.845295 77.0
45 6765.0 0.609564 0.566091 0.0 0.36666 0.697862 -6.732741 -0.102445 0.013687 12.845295 77.0
46 6765.0 0.626607 0.554195 0.0 0.374721 0.697862 -6.732741 -0.102445 0.013687 12.845295 77.0
47 6765.0 0.619808 0.548115 0.0 0.365276 0.697862 -6.732741 -0.102445 0.013687 12.845295 77.0
48 6765.0 0.609226 0.547234 0.0 0.355513 0.697862 -6.732741 -0.102445 0.013687 12.845295 77.0
49 6765.0 0.62448 0.547232 0.0 0.368854 0.697862 -6.732741 -0.102445 0.013687 12.845295 77.0
50 6765.0 0.617683 0.565083 0.0 0.373182 0.697862 -6.732741 -0.102445 0.013687 12.845295 77.0
51 6765.0 0.637695 0.602345 0.0 0.415615 0.697862 -6.732741 -0.102445 0.013687 12.845295 77.0
52 6765.0 0.664849 0.581775 0.0 0.424126 0.697862 -6.732741 -0.102445 0.013687 12.845295 77.0
53 6765.0 0.65159 0.564538 0.0 0.402525 0.697862 -6.732741 -0.102445 0.013687 12.845295 77.0
54 6765.0 0.671255 0.553456 0.0 0.413348 0.697862 -6.732741 -0.102445 0.013687 12.845295 77.0
55 6765.0 0.664748 0.548239 0.0 0.404654 0.697862 -6.732741 -0.102445 0.013687 12.845295 77.0
56 6765.0 0.660202 0.556511 0.0 0.405438 0.697862 -6.732741 -0.102445 0.013687 12.845295 77.0
57 6765.0 0.674511 0.564909 0.0 0.422787 0.697862 -6.732741 -0.102445 0.013687 12.845295 77.0
58 6765.0 0.675391 0.568775 0.0 0.425781 0.697862 -6.732741 -0.102445 0.013687 12.845295 77.0
59 6765.0 0.667191 0.576003 0.0 0.422768 0.697862 -6.732741 -0.102445 0.013687 12.845295 77.0
60 6765.0 0.640861 0.585257 0.0 0.406155 0.697862 -6.732741 -0.102445 0.013687 12.845295 77.0
61 6765.0 0.655753 0.614292 0.0 0.439508 0.697862 -6.732741 -0.102445 0.013687 12.845295 77.0
62 6765.0 0.648948 0.59449 0.0 0.419619 0.697862 -6.732741 -0.102445 0.013687 12.845295 77.0
63 6765.0 0.645404 0.58376 0.0 0.408963 0.697862 -6.732741 -0.102445 0.013687 12.845295 77.0
64 6765.0 0.630707 0.565649 0.0 0.384898 0.697862 -6.732741 -0.102445 0.013687 12.845295 77.0
65 6765.0 0.62308 0.583084 0.0 0.389453 0.697862 -6.732741 -0.102445 0.013687 12.845295 77.0
66 6765.0 0.634388 0.566789 0.0 0.388775 0.697862 -6.732741 -0.102445 0.013687 12.845295 77.0
67 6765.0 0.611021 0.600089 0.0 0.391273 0.697862 -6.732741 -0.102445 0.013687 12.845295 77.0
68 6765.0 0.630528 0.582486 0.0 0.395376 0.697862 -6.732741 -0.102445 0.013687 12.845295 77.0
69 6765.0 0.644342 0.576072 0.0 0.402823 0.697862 -6.732741 -0.102445 0.013687 12.845295 77.0
70 6765.0 0.650623 0.592661 0.0 0.419745 0.697862 -6.732741 -0.102445 0.013687 12.845295 77.0
71 6765.0 0.647274 0.625558 0.0 0.440297 0.697862 -6.732741 -0.102445 0.013687 12.845295 77.0
72 6765.0 0.649524 0.638742 0.0 0.451595 0.697862 -6.732741 -0.102445 0.013687 12.845295 77.0
73 6765.0 0.627862 0.633838 0.0 0.429641 0.697862 -6.732741 -0.102445 0.013687 12.845295 77.0
74 6765.0 0.6171 0.628345 0.0 0.416559 0.697862 -6.732741 -0.102445 0.013687 12.845295 77.0
75 6765.0 0.615979 0.611894 0.0 0.403898 0.697862 -6.732741 -0.102445 0.013687 12.845295 77.0
76 6765.0 0.629433 0.590682 0.0 0.400274 0.697862 -6.732741 -0.102445 0.013687 12.845295 77.0
77 6765.0 0.612595 0.58716 0.0 0.383415 0.697862 -6.732741 -0.102445 0.013687 12.845295 77.0
78 6765.0 0.618184 0.586664 0.0 0.387827 0.697862 -6.732741 -0.102445 0.013687 12.845295 77.0
79 6765.0 0.58787 0.590075 0.0 0.364414 0.697862 -6.732741 -0.102445 0.013687 12.845295 77.0
80 6765.0 0.576282 0.583826 0.0 0.35009 0.697862 -6.732741 -0.102445 0.013687 12.845295 77.0
81 6765.0 0.564345 0.596952 0.0 0.349254 0.697862 -6.732741 -0.102445 0.013687 12.845295 77.0
82 6765.0 0.571879 0.591484 0.0 0.351785 0.697862 -6.732741 -0.102445 0.013687 12.845295 77.0
83 6765.0 0.568022 0.611736 0.0 0.362907 0.697862 -6.732741 -0.102445 0.013687 12.845295 77.0
84 6765.0 0.581753 0.593533 0.0 0.36166 0.697862 -6.732741 -0.102445 0.013687 12.845295 77.0
85 6765.0 0.582169 0.554782 0.0 0.336191 0.697862 -6.732741 -0.102445 0.013687 12.845295 77.0
86 6765.0 0.600781 0.556746 0.0 0.3536 0.697862 -6.732741 -0.102445 0.013687 12.845295 77.0
87 6765.0 0.579803 0.55589 0.0 0.334759 0.697862 -6.732741 -0.102445 0.013687 12.845295 77.0
88 6765.0 0.595081 0.575509 0.0 0.360196 0.697862 -6.732741 -0.102445 0.013687 12.845295 77.0
89 6765.0 0.594689 0.589292 0.0 0.369669 0.697862 -6.732741 -0.102445 0.013687 12.845295 77.0
90 6765.0 0.601087 0.62426 0.0 0.400003 0.697862 -6.732741 -0.102445 0.013687 12.845295 77.0
91 6765.0 0.619681 0.628787 0.0 0.419073 0.697862 -6.732741 -0.102445 0.013687 12.845295 77.0
92 6765.0 0.615427 0.621529 0.0 0.410283 0.697862 -6.732741 -0.102445 0.013687 12.845295 77.0
93 6765.0 0.62394 0.639683 0.0 0.430457 0.697862 -6.732741 -0.102445 0.013687 12.845295 77.0
94 6765.0 0.611276 0.653549 0.0 0.429528 0.697862 -6.732741 -0.102445 0.013687 12.845295 77.0
95 6765.0 0.618796 0.663179 0.0 0.44279 0.697862 -6.732741 -0.102445 0.013687 12.845295 77.0
96 6765.0 0.632507 0.659607 0.0 0.451936 0.697862 -6.732741 -0.102445 0.013687 12.845295 77.0
97 6765.0 0.645831 0.650866 0.0 0.457074 0.697862 -6.732741 -0.102445 0.013687 12.845295 77.0
98 6765.0 0.668269 0.636964 0.0 0.466309 0.697862 -6.732741 -0.102445 0.013687 12.845295 77.0
99 6765.0 0.67712 0.642375 0.0 0.477704 0.697862 -6.732741 -0.102445 0.013687 12.845295 77.0
100 6765.0 0.686163 0.626673 0.0 0.474239 0.697862 -6.732741 -0.102445 0.013687 12.845295 77.0
101 6765.0 0.691926 0.623293 0.0 0.476747 0.697862 -6.732741 -0.102445 0.013687 12.845295 77.0
102 6765.0 0.682938 0.617492 0.0 0.464958 0.697862 -6.732741 -0.102445 0.013687 12.845295 77.0
103 6765.0 0.708564 0.603331 0.0 0.476725 0.697862 -6.732741 -0.102445 0.013687 12.845295 77.0
104 6765.0 0.708764 0.615988 0.0 0.485902 0.697862 -6.732741 -0.102445 0.013687 12.845295 77.0
105 6765.0 0.746993 0.585387 0.0 0.497968 0.697862 -6.732741 -0.102445 0.013687 12.845295 77.0
106 6765.0 0.740657 0.6007 0.0 0.502211 0.697862 -6.732741 -0.102445 0.013687 12.845295 77.0
107 6765.0 0.742553 0.606227 0.0 0.507759 0.697862 -6.732741 -0.102445 0.013687 12.845295 77.0
108 6765.0 0.743954 0.594785 0.0 0.500812 0.697862 -6.732741 -0.102445 0.013687 12.845295 77.0
109 6765.0 0.746433 0.616409 0.0 0.518311 0.697862 -6.732741 -0.102445 0.013687 12.845295 77.0
110 6765.0 0.769758 0.623268 0.0 0.543073 0.697862 -6.732741 -0.102445 0.013687 12.845295 77.0
111 6765.0 0.777732 0.634764 0.0 0.55805 0.697862 -6.732741 -0.102445 0.013687 12.845295 77.0
112 6765.0 0.758183 0.612112 0.0 0.525269 0.697862 -6.732741 -0.102445 0.013687 12.845295 77.0
113 6765.0 0.775347 0.596164 0.0 0.52897 0.697862 -6.732741 -0.102445 0.013687 12.845295 77.0
114 6765.0 0.760788 0.585899 0.0 0.510329 0.697862 -6.732741 -0.102445 0.013687 12.845295 77.0
115 6765.0 0.741734 0.602736 0.0 0.504577 0.697862 -6.732741 -0.102445 0.013687 12.845295 77.0
116 6765.0 0.769046 0.611968 0.0 0.534426 0.697862 -6.732741 -0.102445 0.013687 12.845295 77.0
117 6765.0 0.763138 0.61999 0.0 0.535098 0.697862 -6.732741 -0.102445 0.013687 12.845295 77.0
118 6765.0 0.746457 0.603345 0.0 0.509036 0.697862 -6.732741 -0.102445 0.013687 12.845295 77.0
119 6765.0 0.726019 0.57416 0.0 0.473162 0.697862 -6.732741 -0.102445 0.013687 12.845295 77.0
120 6765.0 0.715993 0.56157 0.0 0.457148 0.697862 -6.732741 -0.102445 0.013687 12.845295 77.0
121 6765.0 0.729819 0.565886 0.0 0.471724 0.697862 -6.732741 -0.102445 0.013687 12.845295 77.0
122 6765.0 0.723939 0.561152 0.0 0.463857 0.697862 -6.732741 -0.102445 0.013687 12.845295 77.0
123 6765.0 0.711199 0.592539 0.0 0.471293 0.697862 -6.732741 -0.102445 0.013687 12.845295 77.0
124 6765.0 0.726201 0.604513 0.0 0.492601 0.697862 -6.732741 -0.102445 0.013687 12.845295 77.0
125 6765.0 0.75818 0.626374 0.0 0.535414 0.697862 -6.732741 -0.102445 0.013687 12.845295 77.0
126 6765.0 0.747816 0.626705 0.0 0.526816 0.697862 -6.732741 -0.102445 0.013687 12.845295 77.0
127 6765.0 0.745658 0.629035 0.0 0.526633 0.697862 -6.732741 -0.102445 0.013687 12.845295 77.0
128 6765.0 0.761315 0.637908 0.0 0.546293 0.697862 -6.732741 -0.102445 0.013687 12.845295 77.0
129 6765.0 0.791972 0.633976 0.0 0.569627 0.697862 -6.732741 -0.102445 0.013687 12.845295 77.0
130 6765.0 0.790393 0.668981 0.0 0.593188 0.697862 -6.732741 -0.102445 0.013687 12.845295 77.0
131 6765.0 0.782463 0.695109 0.0 0.605019 0.697862 -6.732741 -0.102445 0.013687 12.845295 77.0
132 6765.0 0.775017 0.70705 0.0 0.607169 0.697862 -6.732741 -0.102445 0.013687 12.845295 77.0
133 6765.0 0.77658 0.683853 0.0 0.591995 0.697862 -6.732741 -0.102445 0.013687 12.845295 77.0
134 6765.0 0.775172 0.693476 0.0 0.597642 0.697862 -6.732741 -0.102445 0.013687 12.845295 77.0
135 6765.0 0.730766 0.702301 0.0 0.56607 0.697862 -6.732741 -0.102445 0.013687 12.845295 77.0
136 6765.0 0.727845 0.709637 0.0 0.568799 0.697862 -6.732741 -0.102445 0.013687 12.845295 77.0
137 6765.0 0.731699 0.692143 0.0 0.559637 0.697862 -6.732741 -0.102445 0.013687 12.845295 77.0
138 6765.0 0.74148 0.687815 0.0 0.564896 0.697862 -6.732741 -0.102445 0.013687 12.845295 77.0
139 6765.0 0.738842 0.707389 0.0 0.576573 0.697862 -6.732741 -0.102445 0.013687 12.845295 77.0
140 6765.0 0.780837 0.733945 0.0 0.631428 0.697862 -6.732741 -0.102445 0.013687 12.845295 77.0
141 6765.0 0.78932 0.726204 0.0 0.633127 0.697862 -6.732741 -0.102445 0.013687 12.845295 77.0
142 6765.0 0.77498 0.747138 0.0 0.636013 0.697862 -6.732741 -0.102445 0.013687 12.845295 77.0
143 6765.0 0.806856 0.769561 0.0 0.680192 0.697862 -6.732741 -0.102445 0.013687 12.845295 77.0
144 6765.0 0.82397 0.774274 0.0 0.698537 0.697862 -6.732741 -0.102445 0.013687 12.845295 77.0
145 6765.0 0.803953 0.773632 0.0 0.680654 0.697862 -6.732741 -0.102445 0.013687 12.845295 77.0
146 6765.0 0.823784 0.77053 0.0 0.695628 0.697862 -6.732741 -0.102445 0.013687 12.845295 77.0
147 6765.0 0.81983 0.766623 0.0 0.689323 0.697862 -6.732741 -0.102445 0.013687 12.845295 77.0
148 6765.0 0.821512 0.766157 0.0 0.690443 0.697862 -6.732741 -0.102445 0.013687 12.845295 77.0
149 6765.0 0.81625 0.801154 0.0 0.711545 0.697862 -6.732741 -0.102445 0.013687 12.845295 77.0
150 6765.0 0.786749 0.810354 0.0 0.692634 0.697862 -6.732741 -0.102445 0.013687 12.845295 77.0
151 6765.0 0.79017 0.802333 0.0 0.689724 0.697862 -6.732741 -0.102445 0.013687 12.845295 77.0
152 6765.0 0.799079 0.848066 0.0 0.731028 0.697862 -6.732741 -0.102445 0.013687 12.845295 77.0
153 6765.0 0.793129 0.867721 0.0 0.740275 0.697862 -6.732741 -0.102445 0.013687 12.845295 77.0
154 6765.0 0.823168 0.868474 0.0 0.766956 0.697862 -6.732741 -0.102445 0.013687 12.845295 77.0
155 6765.0 0.817025 0.852976 0.0 0.750241 0.697862 -6.732741 -0.102445 0.013687 12.845295 77.0
156 6765.0 0.829143 0.851628 0.0 0.759794 0.697862 -6.732741 -0.102445 0.013687 12.845295 77.0
157 6765.0 0.835033 0.880615 0.0 0.786185 0.697862 -6.732741 -0.102445 0.013687 12.845295 77.0
158 6765.0 0.8496 0.903442 0.0 0.815605 0.697862 -6.732741 -0.102445 0.013687 12.845295 77.0
159 6765.0 0.879825 0.924969 0.0 0.857691 0.697862 -6.732741 -0.102445 0.013687 12.845295 77.0
160 6765.0 0.886344 0.944495 0.0 0.877323 0.697862 -6.732741 -0.102445 0.013687 12.845295 77.0
161 6765.0 0.876369 0.964259 0.0 0.882912 0.697862 -6.732741 -0.102445 0.013687 12.845295 77.0
162 6765.0 0.887973 0.979055 0.0 0.903426 0.697862 -6.732741 -0.102445 0.013687 12.845295 77.0
163 6765.0 0.889621 1.007384 0.0 0.912414 0.697862 -6.732741 -0.102445 0.013687 12.845295 77.0
164 6765.0 0.901991 1.014225 0.0 0.922925 0.697862 -6.732741 -0.102445 0.013687 12.845295 77.0
165 6765.0 0.91707 1.033319 0.0 0.935294 0.697862 -6.732741 -0.102445 0.013687 12.845295 77.0
166 6765.0 0.913416 1.047896 0.0 0.932975 0.697862 -6.732741 -0.102445 0.013687 12.845295 77.0
167 6765.0 0.9427 1.031568 0.0 0.946125 0.697862 -6.732741 -0.102445 0.013687 12.845295 77.0
168 6765.0 0.959459 1.066845 0.0 0.95402 0.697862 -6.732741 -0.102445 0.013687 12.845295 77.0
169 6765.0 0.962392 1.10112 0.0 0.956029 0.697862 -6.732741 -0.102445 0.013687 12.845295 77.0
170 6765.0 0.972959 1.087552 0.0 0.960208 0.697862 -6.732741 -0.102445 0.013687 12.845295 77.0
171 6765.0 0.977923 1.095101 0.0 0.962482 0.697862 -6.732741 -0.102445 0.013687 12.845295 77.0
172 6765.0 0.982976 1.097505 0.0 0.964678 0.697862 -6.732741 -0.102445 0.013687 12.845295 77.0
173 6765.0 1.002927 1.134956 0.0 0.973976 0.697862 -6.732741 -0.102445 0.013687 12.845295 77.0
174 6765.0 1.000715 1.118264 0.0 0.972665 0.697862 -6.732741 -0.102445 0.013687 12.845295 77.0
175 6765.0 0.954266 1.100756 0.0 0.952574 0.697862 -6.732741 -0.102445 0.013687 12.845295 77.0
176 6765.0 0.958961 1.103005 0.0 0.954616 0.697862 -6.732741 -0.102445 0.013687 12.845295 77.0
177 6765.0 0.981293 1.103229 0.0 0.964092 0.697862 -6.732741 -0.102445 0.013687 12.845295 77.0
178 6765.0 0.960965 1.111677 0.0 0.955659 0.697862 -6.732741 -0.102445 0.013687 12.845295 77.0
179 6765.0 0.962056 1.113839 0.0 0.95617 0.697862 -6.732741 -0.102445 0.013687 12.845295 77.0
180 6765.0 0.97546 1.132482 0.0 0.962271 0.697862 -6.732741 -0.102445 0.013687 12.845295 77.0
181 6765.0 1.004986 1.13835 0.0 0.974925 0.697862 -6.732741 -0.102445 0.013687 12.845295 77.0
182 6765.0 1.00416 1.157391 0.0 0.974999 0.697862 -6.732741 -0.102445 0.013687 12.845295 77.0
183 6765.0 0.997653 1.178622 0.0 0.972713 0.697862 -6.732741 -0.102445 0.013687 12.845295 77.0
184 6765.0 0.994917 1.194501 0.0 0.970726 0.697862 -6.732741 -0.102445 0.013687 12.845295 77.0
185 6765.0 1.012024 1.191844 0.0 0.979103 0.697862 -6.732741 -0.102445 0.013687 12.845295 77.0
186 6765.0 0.985035 1.188969 0.0 0.966506 0.697862 -6.732741 -0.102445 0.013687 12.845295 77.0
187 6765.0 1.000544 1.214216 0.0 0.967838 0.697862 -6.732741 -0.102445 0.013687 12.845295 77.0
188 6765.0 0.999143 1.190713 0.0 0.973615 0.697862 -6.732741 -0.102445 0.013687 12.845295 77.0
189 6765.0 1.016295 1.196345 0.0 0.981015 0.697862 -6.732741 -0.102445 0.013687 12.845295 77.0
190 6765.0 1.004326 1.202533 0.0 0.97386 0.697862 -6.732741 -0.102445 0.013687 12.845295 77.0
191 6765.0 0.977716 1.210393 0.0 0.955231 0.697862 -6.732741 -0.102445 0.013687 12.845295 77.0
192 6765.0 0.976379 1.205888 0.0 0.955859 0.697862 -6.732741 -0.102445 0.013687 12.845295 77.0
193 6765.0 0.995107 1.185465 0.0 0.971786 0.697862 -6.732741 -0.102445 0.013687 12.845295 77.0
194 6765.0 0.986006 1.18878 0.0 0.967155 0.697862 -6.732741 -0.102445 0.013687 12.845295 77.0
195 6765.0 0.978003 1.176393 0.0 0.964329 0.697862 -6.732741 -0.102445 0.013687 12.845295 77.0
196 6765.0 0.989006 1.165578 0.0 0.968755 0.697862 -6.732741 -0.102445 0.013687 12.845295 77.0
197 6765.0 0.989057 1.177496 0.0 0.969042 0.697862 -6.732741 -0.102445 0.013687 12.845295 77.0
198 6765.0 1.011529 1.171396 0.0 0.978437 0.697862 -6.732741 -0.102445 0.013687 12.845295 77.0
199 6765.0 1.007497 1.161878 0.0 0.976515 0.697862 -6.732741 -0.102445 0.013687 12.845295 77.0
200 6765.0 0.969434 1.178155 0.0 0.960509 0.697862 -6.732741 -0.102445 0.013687 12.845295 77.0
201 6765.0 0.957344 1.177588 0.0 0.953367 0.697862 -6.732741 -0.102445 0.013687 12.845295 77.0
202 6765.0 0.940089 1.203603 0.0 0.934606 0.697862 -6.732741 -0.102445 0.013687 12.845295 77.0
203 6765.0 0.943275 1.202027 0.0 0.937039 0.697862 -6.732741 -0.102445 0.013687 12.845295 77.0
204 6765.0 0.95169 1.212775 0.0 0.938704 0.697862 -6.732741 -0.102445 0.013687 12.845295 77.0
205 6765.0 0.967008 1.215206 0.0 0.947207 0.697862 -6.732741 -0.102445 0.013687 12.845295 77.0
206 6765.0 0.965786 1.19291 0.0 0.953587 0.697862 -6.732741 -0.102445 0.013687 12.845295 77.0
207 6765.0 1.007524 1.187596 0.0 0.9771 0.697862 -6.732741 -0.102445 0.013687 12.845295 77.0
208 6765.0 1.004577 1.167785 0.0 0.975408 0.697862 -6.732741 -0.102445 0.013687 12.845295 77.0
209 6765.0 0.996933 1.17829 0.0 0.9724 0.697862 -6.732741 -0.102445 0.013687 12.845295 77.0
210 6765.0 0.970782 1.182046 0.0 0.960084 0.697862 -6.732741 -0.102445 0.013687 12.845295 77.0
211 6765.0 0.957425 1.189901 0.0 0.949483 0.697862 -6.732741 -0.102445 0.013687 12.845295 77.0
212 6765.0 0.955459 1.188735 0.0 0.948665 0.697862 -6.732741 -0.102445 0.013687 12.845295 77.0
213 6765.0 0.974447 1.183426 0.0 0.961862 0.697862 -6.732741 -0.102445 0.013687 12.845295 77.0
214 6765.0 0.960305 1.177729 0.0 0.955116 0.697862 -6.732741 -0.102445 0.013687 12.845295 77.0
215 6765.0 0.959065 1.17066 0.0 0.956169 0.697862 -6.732741 -0.102445 0.013687 12.845295 77.0
216 6765.0 0.937762 1.145924 0.0 0.946582 0.697862 -6.732741 -0.102445 0.013687 12.845295 77.0
217 6765.0 0.94932 1.161412 0.0 0.95183 0.697862 -6.732741 -0.102445 0.013687 12.845295 77.0
218 6765.0 0.954436 1.167508 0.0 0.954136 0.697862 -6.732741 -0.102445 0.013687 12.845295 77.0
219 6765.0 0.961564 1.151154 0.0 0.956794 0.697862 -6.732741 -0.102445 0.013687 12.845295 77.0
220 6765.0 0.966763 1.165238 0.0 0.959313 0.697862 -6.732741 -0.102445 0.013687 12.845295 77.0
221 6765.0 0.958691 1.192946 0.0 0.949278 0.697862 -6.732741 -0.102445 0.013687 12.845295 77.0
222 6765.0 0.987867 1.198784 0.0 0.965087 0.697862 -6.732741 -0.102445 0.013687 12.845295 77.0
223 6765.0 0.962833 1.180717 0.0 0.955693 0.697862 -6.732741 -0.102445 0.013687 12.845295 77.0
224 6765.0 0.990813 1.154546 0.0 0.969275 0.697862 -6.732741 -0.102445 0.013687 12.845295 77.0
225 6765.0 0.977564 1.160299 0.0 0.963784 0.697862 -6.732741 -0.102445 0.013687 12.845295 77.0
226 6765.0 0.996856 1.167088 0.0 0.972118 0.697862 -6.732741 -0.102445 0.013687 12.845295 77.0
227 6765.0 1.002813 1.154005 0.0 0.974353 0.697862 -6.732741 -0.102445 0.013687 12.845295 77.0
228 6765.0 1.003141 1.164161 0.0 0.974718 0.697862 -6.732741 -0.102445 0.013687 12.845295 77.0
229 6765.0 0.99482 1.189468 0.0 0.971754 0.697862 -6.732741 -0.102445 0.013687 12.845295 77.0
230 6765.0 0.992539 1.210358 0.0 0.964221 0.697862 -6.732741 -0.102445 0.013687 12.845295 77.0
231 6765.0 1.004351 1.222579 0.0 0.967474 0.697862 -6.732741 -0.102445 0.013687 12.845295 77.0
232 6765.0 1.002257 1.240213 0.0 0.960574 0.697862 -6.732741 -0.102445 0.013687 12.845295 77.0
233 6765.0 1.01114 1.254032 0.0 0.961541 0.697862 -6.732741 -0.102445 0.013687 12.845295 77.0
234 6765.0 0.995589 1.224686 0.0 0.961493 0.697862 -6.732741 -0.102445 0.013687 12.845295 77.0
235 6765.0 0.982317 1.219712 0.0 0.955041 0.697862 -6.732741 -0.102445 0.013687 12.845295 77.0
236 6765.0 1.002685 1.225108 0.0 0.965657 0.697862 -6.732741 -0.102445 0.013687 12.845295 77.0
237 6765.0 1.01508 1.221321 0.0 0.974374 0.697862 -6.732741 -0.102445 0.013687 12.845295 77.0
238 6765.0 1.027046 1.213148 0.0 0.984233 0.697862 -6.732741 -0.102445 0.013687 12.845295 77.0
239 6765.0 1.025992 1.204732 0.0 0.985315 0.697862 -6.732741 -0.102445 0.013687 12.845295 77.0
240 6765.0 1.021828 1.201271 0.0 0.983472 0.697862 -6.732741 -0.102445 0.013687 12.845295 77.0
241 6765.0 0.99027 1.195353 0.0 0.967638 0.697862 -6.732741 -0.102445 0.013687 12.845295 77.0
242 6765.0 0.993495 1.215533 0.0 0.963147 0.697862 -6.732741 -0.102445 0.013687 12.845295 77.0
243 6765.0 0.995977 1.204535 0.0 0.968163 0.697862 -6.732741 -0.102445 0.013687 12.845295 77.0
244 6765.0 0.996232 1.206208 0.0 0.967783 0.697862 -6.732741 -0.102445 0.013687 12.845295 77.0
245 6765.0 0.971576 1.202911 0.0 0.953901 0.697862 -6.732741 -0.102445 0.013687 12.845295 77.0
246 6765.0 0.989832 1.198769 0.0 0.966282 0.697862 -6.732741 -0.102445 0.013687 12.845295 77.0
247 6765.0 0.99091 1.201827 0.0 0.965958 0.697862 -6.732741 -0.102445 0.013687 12.845295 77.0
248 6765.0 0.990506 1.214573 0.0 0.961644 0.697862 -6.732741 -0.102445 0.013687 12.845295 77.0
249 6765.0 1.009623 1.213918 0.0 0.973432 0.697862 -6.732741 -0.102445 0.013687 12.845295 77.0
250 6765.0 1.026326 1.226853 0.0 0.97942 0.697862 -6.732741 -0.102445 0.013687 12.845295 77.0
251 6765.0 1.014786 1.201179 0.0 0.980483 0.697862 -6.732741 -0.102445 0.013687 12.845295 77.0
252 6765.0 1.025568 1.199988 0.0 0.985029 0.697862 -6.732741 -0.102445 0.013687 12.845295 77.0
253 6765.0 1.014799 1.201 0.0 0.980484 0.697862 -6.732741 -0.102445 0.013687 12.845295 77.0
254 6765.0 1.026449 1.209509 0.0 0.985034 0.697862 -6.732741 -0.102445 0.013687 12.845295 77.0
255 6765.0 0.994923 1.196613 0.0 0.970055 0.697862 -6.732741 -0.102445 0.013687 12.845295 77.0
256 6765.0 0.991712 1.223836 0.0 0.959416 0.697862 -6.732741 -0.102445 0.013687 12.845295 77.0
257 6765.0 0.980768 1.236862 0.0 0.948626 0.697862 -6.732741 -0.102445 0.013687 12.845295 77.0
258 6765.0 0.983055 1.219309 0.0 0.955617 0.697862 -6.732741 -0.102445 0.013687 12.845295 77.0
259 6765.0 0.994711 1.233847 0.0 0.958035 0.697862 -6.732741 -0.102445 0.013687 12.845295 77.0
260 6765.0 1.007723 1.242447 0.0 0.963171 0.697862 -6.732741 -0.102445 0.013687 12.845295 77.0
261 6765.0 0.993992 1.223268 0.0 0.960978 0.697862 -6.732741 -0.102445 0.013687 12.845295 77.0
262 6765.0 0.969299 1.201161 0.0 0.95308 0.697862 -6.732741 -0.102445 0.013687 12.845295 77.0
263 6765.0 0.970842 1.204282 0.0 0.953018 0.697862 -6.732741 -0.102445 0.013687 12.845295 77.0
264 6765.0 0.94471 1.214137 0.0 0.934041 0.697862 -6.732741 -0.102445 0.013687 12.845295 77.0
265 6765.0 0.934537 1.203578 0.0 0.931251 0.697862 -6.732741 -0.102445 0.013687 12.845295 77.0
266 6765.0 0.949417 1.188722 0.0 0.945009 0.697862 -6.732741 -0.102445 0.013687 12.845295 77.0
267 6765.0 0.988092 1.179856 0.0 0.968686 0.697862 -6.732741 -0.102445 0.013687 12.845295 77.0
268 6765.0 0.984678 1.184684 0.0 0.967346 0.697862 -6.732741 -0.102445 0.013687 12.845295 77.0
269 6765.0 1.014011 1.178159 0.0 0.979641 0.697862 -6.732741 -0.102445 0.013687 12.845295 77.0
270 6765.0 1.007107 1.183103 0.0 0.976823 0.697862 -6.732741 -0.102445 0.013687 12.845295 77.0
271 6765.0 1.026134 1.183427 0.0 0.9849 0.697862 -6.732741 -0.102445 0.013687 12.845295 77.0
272 6765.0 1.004486 1.214873 0.0 0.970016 0.697862 -6.732741 -0.102445 0.013687 12.845295 77.0
273 6765.0 0.99514 1.227601 0.0 0.96029 0.697862 -6.732741 -0.102445 0.013687 12.845295 77.0
274 6765.0 1.012529 1.226933 0.0 0.971037 0.697862 -6.732741 -0.102445 0.013687 12.845295 77.0
275 6765.0 1.015729 1.232649 0.0 0.97115 0.697862 -6.732741 -0.102445 0.013687 12.845295 77.0
276 6765.0 1.005088 1.249085 0.0 0.959455 0.697862 -6.732741 -0.102445 0.013687 12.845295 77.0
277 6765.0 1.007454 1.260071 0.0 0.95738 0.697862 -6.732741 -0.102445 0.013687 12.845295 77.0
278 6765.0 0.998982 1.222026 0.0 0.964397 0.697862 -6.732741 -0.102445 0.013687 12.845295 77.0
279 6765.0 0.989996 1.204708 0.0 0.964485 0.697862 -6.732741 -0.102445 0.013687 12.845295 77.0
280 6765.0 1.014055 1.200686 0.0 0.980162 0.697862 -6.732741 -0.102445 0.013687 12.845295 77.0
281 6765.0 1.023635 1.212747 0.0 0.982295 0.697862 -6.732741 -0.102445 0.013687 12.845295 77.0
282 6765.0 0.997089 1.226611 0.0 0.961787 0.697862 -6.732741 -0.102445 0.013687 12.845295 77.0
283 6765.0 1.018038 1.216257 0.0 0.977783 0.697862 -6.732741 -0.102445 0.013687 12.845295 77.0
284 6765.0 1.024645 1.220806 0.0 0.980333 0.697862 -6.732741 -0.102445 0.013687 12.845295 77.0
285 6765.0 1.01718 1.228679 0.0 0.973296 0.697862 -6.732741 -0.102445 0.013687 12.845295 77.0
286 6765.0 0.995494 1.217254 0.0 0.963809 0.697862 -6.732741 -0.102445 0.013687 12.845295 77.0
287 6765.0 0.976136 1.226598 0.0 0.949098 0.697862 -6.732741 -0.102445 0.013687 12.845295 77.0
