 time p.x p.y p.z deep.node-0 CV opes.bias opes.rct opes.zed opes.neff opes.nker
0 5715.0 -0.028017 0.476573 0.0 0.019252 0.926748 -7.075265 -0.085469 0.014052 12.845295 75.0
1 5715.0 -0.027361 0.498709 0.0 0.010581 0.926748 -7.075265 -0.085469 0.014052 12.845295 75.0
2 5715.0 -0.009524 0.481483 0.0 0.016199 0.926748 -7.075265 -0.085469 0.014052 12.845295 75.0
3 5715.0 0.003418 0.489068 0.0 0.012444 0.926748 -7.075265 -0.085469 0.014052 12.845295 75.0
4 5715.0 -0.005 0.480066 0.0 0.016472 0.926748 -7.075265 -0.085469 0.014052 12.845295 75.0
5 5715.0 0.005257 0.476905 0.0 0.017073 0.926748 -7.075265 -0.085469 0.014052 12.845295 75.0
6 5715.0 0.01759 0.461697 0.0 0.023038 0.926748 -7.075265 -0.085469 0.014052 12.845295 75.0
7 5715.0 0.016606 0.461908 0.0 0.022995 0.926748 -7.075265 -0.085469 0.014052 12.845295 75.0
8 5715.0 0.013923 0.481997 0.0 0.014554 0.926748 -7.075265 -0.085469 0.014052 12.845295 75.0
9 5715.0 0.000524 0.484135 0.0 0.014546 0.926748 -7.075265 -0.085469 0.014052 12.845295 75.0
10 5715.0 0.003048 0.475799 0.0 0.017641 0.926748 -7.075265 -0.085469 0.014052 12.845295 75.0
11 5715.0 0.028894 0.498657 0.0 0.007136 0.926748 -7.075265 -0.085469 0.014052 12.845295 75.0
12 5715.0 0.049762 0.499208 0.0 0.00648 0.926748 -7.075265 -0.085469 0.014052 12.845295 75.0
13 5715.0 0.055039 0.512762 0.0 0.002205 0.926748 -7.075265 -0.085469 0.014052 12.845295 75.0
14 5715.0 0.03458 0.505926 0.0 0.00473 0.926748 -7.075265 -0.085469 0.014052 12.845295 75.0
15 5715.0 0.031136 0.499953 0.0 0.006637 0.926748 -7.075265 -0.085469 0.014052 12.845295 75.0
16 5715.0 0.023627 0.49852 0.0 0.007514 0.926748 -7.075265 -0.085469 0.014052 12.845295 75.0
17 5715.0 0.034529 0.506418 0.0 0.004579 0.926748 -7.075265 -0.085469 0.014052 12.845295 75.0
18 5715.0 0.039886 0.506259 0.0 0.004518 0.926748 -7.075265 -0.085469 0.014052 12.845295 75.0
19 5715.0 0.048228 0.504552 0.0 0.004869 0.926748 -7.075265 -0.085469 0.014052 12.845295 75.0
20 5715.0 0.071953 0.491092 0.0 0.008515 0.926748 -7.075265 -0.085469 0.014052 12.845295 75.0
21 5715.0 0.059978 0.518708 0.0 0.000275 0.926748 -7.075265 -0.085469 0.014052 12.845295 75.0
22 5715.0 0.044282 0.513002 0.0 0.002354 0.926748 -7.075265 -0.085469 0.014052 12.845295 75.0
23 5715.0 0.031544 0.521222 0.0 9.1e-05 0.926748 -7.075265 -0.085469 0.014052 12.845295 75.0
24 5715.0 0.054895 0.516602 0.0 0.001027 0.926748 -7.075265 -0.085469 0.014052 12.845295 75.0
25 5715.0 0.060298 0.527922 0.0 -0.002564 0.926748 -7.075265 -0.085469 0.014052 12.845295 75.0
26 5715.0 0.084496 0.540341 0.0 -0.002314 0.926748 -7.075265 -0.085469 0.014052 12.845295 75.0
27 5715.0 0.088271 0.554292 0.0 -0.001265 0.926748 -7.075265 -0.085469 0.014052 12.845295 75.0
28 5715.0 0.075141 0.549086 0.0 -0.003529 0.926748 -7.075265 -0.085469 0.014052 12.845295 75.0
29 5715.0 0.060893 0.542061 0.0 -0.006029 0.926748 -7.075265 -0.085469 0.014052 12.845295 75.0
30 5715.0 0.053439 0.51705 0.0 0.00092 0.926748 -7.075265 -0.085469 0.014052 12.845295 75.0
31 5715.0 0.027393 0.526087 0.0 -0.001318 0.926748 -7.075265 -0.085469 0.014052 12.845295 75.0
32 5715.0 0.02827 0.500026 0.0 0.006674 0.926748 -7.075265 -0.085469 0.014052 12.845295 75.0
33 5715.0 0.033844 0.517846 0.0 0.001081 0.926748 -7.075265 -0.085469 0.014052 12.845295 75.0
34 5715.0 0.02681 0.502847 0.0 0.005837 0.926748 -7.075265 -0.085469 0.014052 12.845295 75.0
35 5715.0 0.026383 0.498936 0.0 0.007182 0.926748 -7.075265 -0.085469 0.014052 12.845295 75.0
36 5715.0 0.045614 0.478436 0.0 0.014074 0.926748 -7.075265 -0.085469 0.014052 12.845295 75.0
37 5715.0 0.032539 0.483221 0.0 0.01293 0.926748 -7.075265 -0.085469 0.014052 12.845295 75.0
38 5715.0 0.050862 0.476758 0.0 0.014554 0.926748 -7.075265 -0.085469 0.014052 12.845295 75.0
39 5715.0 0.060162 0.500319 0.0 0.005923 0.926748 -7.075265 -0.085469 0.014052 12.845295 75.0
40 5715.0 0.055734 0.477505 0.0 0.013965 0.926748 -7.075265 -0.085469 0.014052 12.845295 75.0
41 5715.0 0.02679 0.513137 0.0 0.002675 0.926748 -7.075265 -0.085469 0.014052 12.845295 75.0
42 5715.0 0.00569 0.500163 0.0 0.007979 0.926748 -7.075265 -0.085469 0.014052 12.845295 75.0
43 5715.0 0.015842 0.504599 0.0 0.005623 0.926748 -7.075265 -0.085469 0.014052 12.845295 75.0
44 5715.0 0.004909 0.525721 0.0 -0.00074 0.926748 -7.075265 -0.085469 0.014052 12.845295 75.0
45 5715.0 0.022571 0.526943 0.0 -0.001481 0.926748 -7.075265 -0.085469 0.014052 12.845295 75.0
46 5715.0 0.036479 0.519173 0.0 0.000619 0.926748 -7.075265 -0.085469 0.014052 12.845295 75.0
47 5715.0 0.045054 0.524748 0.0 -0.001273 0.926748 -7.075265 -0.085469 0.014052 12.845295 75.0
48 5715.0 0.064522 0.544695 0.0 -0.005365 0.926748 -7.075265 -0.085469 0.014052 12.845295 75.0
49 5715.0 0.071249 0.525003 0.0 -0.001893 0.926748 -7.075265 -0.085469 0.014052 12.845295 75.0
50 5715.0 0.07416 0.529809 0.0 -0.003431 0.926748 -7.075265 -0.085469 0.014052 12.845295 75.0
51 5715.0 0.054864 0.548498 0.0 -0.006786 0.926748 -7.075265 -0.085469 0.014052 12.845295 75.0
52 5715.0 0.074505 0.538173 0.0 -0.003979 0.926748 -7.075265 -0.085469 0.014052 12.845295 75.0
53 5715.0 0.061121 0.532212 0.0 -0.003899 0.926748 -7.075265 -0.085469 0.014052 12.845295 75.0
54 5715.0 0.069605 0.496276 0.0 0.00697 0.926748 -7.075265 -0.085469 0.014052 12.845295 75.0
55 5715.0 0.074402 0.485127 0.0 0.010298 0.926748 -7.075265 -0.085469 0.014052 12.845295 75.0
56 5715.0 0.068623 0.498353 0.0 0.006352 0.926748 -7.075265 -0.085469 0.014052 12.845295 75.0
57 5715.0 0.093268 0.506053 0.0 0.003475 0.926748 -7.075265 -0.085469 0.014052 12.845295 75.0
58 5715.0 0.074628 0.510512 0.0 0.002491 0.926748 -7.075265 -0.085469 0.014052 12.845295 75.0
59 5715.0 0.083482 0.494012 0.0 0.007379 0.926748 -7.075265 -0.085469 0.014052 12.845295 75.0
60 5715.0 0.092029 0.478718 0.0 0.012414 0.926748 -7.075265 -0.085469 0.014052 12.845295 75.0
61 5715.0 0.100781 0.505419 0.0 0.003514 0.926748 -7.075265 -0.085469 0.014052 12.845295 75.0
62 5715.0 0.081778 0.492854 0.0 0.00777 0.926748 -7.075265 -0.085469 0.014052 12.845295 75.0
63 5715.0 0.075705 0.500698 0.0 0.005485 0.926748 -7.075265 -0.085469 0.014052 12.845295 75.0
64 5715.0 0.07617 0.518972 0.0 -0.000142 0.926748 -7.075265 -0.085469 0.014052 12.845295 75.0
65 5715.0 0.057681 0.509176 0.0 0.003252 0.926748 -7.075265 -0.085469 0.014052 12.845295 75.0
66 5715.0 0.051493 0.504482 0.0 0.004823 0.926748 -7.075265 -0.085469 0.014052 12.845295 75.0
67 5715.0 0.040964 0.519921 0.0 0.000296 0.926748 -7.075265 -0.085469 0.014052 12.845295 75.0
68 5715.0 0.034475 0.520098 0.0 0.000376 0.926748 -7.075265 -0.085469 0.014052 12.845295 75.0
69 5715.0 0.025169 0.513522 0.0 0.00259 0.926748 -7.075265 -0.085469 0.014052 12.845295 75.0
70 5715.0 0.040499 0.499143 0.0 0.006692 0.926748 -7.075265 -0.085469 0.014052 12.845295 75.0
71 5715.0 0.042479 0.504919 0.0 0.004876 0.926748 -7.075265 -0.085469 0.014052 12.845295 75.0
72 5715.0 0.053135 0.475952 0.0 0.014797 0.926748 -7.075265 -0.085469 0.014052 12.845295 75.0
73 5715.0 0.044205 0.490431 0.0 0.0094 0.926748 -7.075265 -0.085469 0.014052 12.845295 75.0
74 5715.0 0.02875 0.517782 0.0 0.001206 0.926748 -7.075265 -0.085469 0.014052 12.845295 75.0
75 5715.0 0.022501 0.517572 0.0 0.0014 0.926748 -7.075265 -0.085469 0.014052 12.845295 75.0
76 5715.0 0.020624 0.515651 0.0 0.002029 0.926748 -7.075265 -0.085469 0.014052 12.845295 75.0
77 5715.0 0.008701 0.507325 0.0 0.005001 0.926748 -7.075265 -0.085469 0.014052 12.845295 75.0
78 5715.0 -0.005761 0.487408 0.0 0.013657 0.926748 -7.075265 -0.085469 0.014052 12.845295 75.0
79 5715.0 5.9e-05 0.510455 0.0 0.004312 0.926748 -7.075265 -0.085469 0.014052 12.845295 75.0
80 5715.0 -0.012206 0.507429 0.0 0.006248 0.926748 -7.075265 -0.085469 0.014052 12.845295 75.0
81 5715.0 -0.003791 0.498834 0.0 0.00908 0.926748 -7.075265 -0.085469 0.014052 12.845295 75.0
82 5715.0 -0.00488 0.494503 0.0 0.010837 0.926748 -7.075265 -0.085469 0.014052 12.845295 75.0
83 5715.0 -0.011376 0.478486 0.0 0.017481 0.926748 -7.075265 -0.085469 0.014052 12.845295 75.0
84 5715.0 0.004876 0.461347 0.0 0.023856 0.926748 -7.075265 -0.085469 0.014052 12.845295 75.0
85 5715.0 0.001638 0.474351 0.0 0.018292 0.926748 -7.075265 -0.085469 0.014052 12.845295 75.0
86 5715.0 0.016318 0.494462 0.0 0.009547 0.926748 -7.075265 -0.085469 0.014052 12.845295 75.0
87 5715.0 0.03434 0.507756 0.0 0.004172 0.926748 -7.075265 -0.085469 0.014052 12.845295 75.0
88 5715.0 0.045385 0.514364 0.0 0.001912 0.926748 -7.075265 -0.085469 0.014052 12.845295 75.0
89 5715.0 0.042487 0.500017 0.0 0.006382 0.926748 -7.075265 -0.085469 0.014052 12.845295 75.0
90 5715.0 0.05617 0.500516 0.0 0.005945 0.926748 -7.075265 -0.085469 0.014052 12.845295 75.0
91 5715.0 0.06016 0.495806 0.0 0.007311 0.926748 -7.075265 -0.085469 0.014052 12.845295 75.0
92 5715.0 0.060835 0.511543 0.0 0.002459 0.926748 -7.075265 -0.085469 0.014052 12.845295 75.0
93 5715.0 0.06061 0.498168 0.0 0.006575 0.926748 -7.075265 -0.085469 0.014052 12.845295 75.0
94 5715.0 0.068663 0.513323 0.0 0.00175 0.926748 -7.075265 -0.085469 0.014052 12.845295 75.0
95 5715.0 0.079462 0.510362 0.0 0.002437 0.926748 -7.075265 -0.085469 0.014052 12.845295 75.0
96 5715.0 0.097366 0.522741 0.0 -0.000822 0.926748 -7.075265 -0.085469 0.014052 12.845295 75.0
97 5715.0 0.076426 0.519983 0.0 -0.000458 0.926748 -7.075265 -0.085469 0.014052 12.845295 75.0
98 5715.0 0.080757 0.522845 0.0 -0.001427 0.926748 -7.075265 -0.085469 0.014052 12.845295 75.0
99 5715.0 0.096363 0.501001 0.0 0.004964 0.926748 -7.075265 -0.085469 0.014052 12.845295 75.0
100 5715.0 0.121122 0.511248 0.0 0.002605 0.926748 -7.075265 -0.085469 0.014052 12.845295 75.0
101 5715.0 0.117984 0.517891 0.0 0.002316 0.926748 -7.075265 -0.085469 0.014052 12.845295 75.0
102 5715.0 0.10949 0.519582 0.0 0.001014 0.926748 -7.075265 -0.085469 0.014052 12.845295 75.0
103 5715.0 0.136749 0.515757 0.0 0.005245 0.926748 -7.075265 -0.085469 0.014052 12.845295 75.0
104 5715.0 0.152326 0.52765 0.0 0.008113 0.926748 -7.075265 -0.085469 0.014052 12.845295 75.0
105 5715.0 0.163816 0.519986 0.0 0.009703 0.926748 -7.075265 -0.085469 0.014052 12.845295 75.0
106 5715.0 0.175528 0.51309 0.0 0.011353 0.926748 -7.075265 -0.085469 0.014052 12.845295 75.0
107 5715.0 0.173303 0.530147 0.0 0.011543 0.926748 -7.075265 -0.085469 0.014052 12.845295 75.0
108 5715.0 0.16539 0.543843 0.0 0.010717 0.926748 -7.075265 -0.085469 0.014052 12.845295 75.0
109 5715.0 0.176938 0.538986 0.0 0.012406 0.926748 -7.075265 -0.085469 0.014052 12.845295 75.0
110 5715.0 0.167926 0.548477 0.0 0.011271 0.926748 -7.075265 -0.085469 0.014052 12.845295 75.0
111 5715.0 0.169967 0.559008 0.0 0.01585 0.926748 -7.075265 -0.085469 0.014052 12.845295 75.0
112 5715.0 0.162426 0.547211 0.0 0.010352 0.926748 -7.075265 -0.085469 0.014052 12.845295 75.0
113 5715.0 0.15266 0.526148 0.0 0.008118 0.926748 -7.075265 -0.085469 0.014052 12.845295 75.0
114 5715.0 0.148957 0.504279 0.0 0.006827 0.926748 -7.075265 -0.085469 0.014052 12.845295 75.0
115 5715.0 0.155551 0.522641 0.0 0.008468 0.926748 -7.075265 -0.085469 0.014052 12.845295 75.0
116 5715.0 0.175923 0.502035 0.0 0.011062 0.926748 -7.075265 -0.085469 0.014052 12.845295 75.0
117 5715.0 0.20748 0.48922 0.0 0.018023 0.926748 -7.075265 -0.085469 0.014052 12.845295 75.0
118 5715.0 0.229532 0.497578 0.0 0.027191 0.926748 -7.075265 -0.085469 0.014052 12.845295 75.0
119 5715.0 0.214687 0.488847 0.0 0.019373 0.926748 -7.075265 -0.085469 0.014052 12.845295 75.0
120 5715.0 0.193935 0.513446 0.0 0.014304 0.926748 -7.075265 -0.085469 0.014052 12.845295 75.0
121 5715.0 0.220416 0.507711 0.0 0.024528 0.926748 -7.075265 -0.085469 0.014052 12.845295 75.0
122 5715.0 0.217208 0.503936 0.0 0.020615 0.926748 -7.075265 -0.085469 0.014052 12.845295 75.0
123 5715.0 0.223699 0.518876 0.0 0.032835 0.926748 -7.075265 -0.085469 0.014052 12.845295 75.0
124 5715.0 0.247353 0.53216 0.0 0.057068 0.926748 -7.075265 -0.085469 0.014052 12.845295 75.0
125 5715.0 0.229083 0.517294 0.0 0.035858 0.926748 -7.075265 -0.085469 0.014052 12.845295 75.0
126 5715.0 0.240844 0.523181 0.0 0.047518 0.926748 -7.075265 -0.085469 0.014052 12.845295 75.0
127 5715.0 0.241708 0.503861 0.0 0.038781 0.926748 -7.075265 -0.085469 0.014052 12.845295 75.0
128 5715.0 0.225015 0.517448 0.0 0.03301 0.926748 -7.075265 -0.085469 0.014052 12.845295 75.0
129 5715.0 0.216936 0.472086 0.0 0.021526 0.926748 -7.075265 -0.085469 0.014052 12.845295 75.0
130 5715.0 0.228338 0.503655 0.0 0.028768 0.926748 -7.075265 -0.085469 0.014052 12.845295 75.0
131 5715.0 0.219216 0.500219 0.0 0.0206 0.926748 -7.075265 -0.085469 0.014052 12.845295 75.0
132 5715.0 0.224371 0.519252 0.0 0.033523 0.926748 -7.075265 -0.085469 0.014052 12.845295 75.0
133 5715.0 0.223518 0.528681 0.0 0.038013 0.926748 -7.075265 -0.085469 0.014052 12.845295 75.0
134 5715.0 0.216043 0.529468 0.0 0.033054 0.926748 -7.075265 -0.085469 0.014052 12.845295 75.0
135 5715.0 0.210166 0.506455 0.0 0.016718 0.926748 -7.075265 -0.085469 0.014052 12.845295 75.0
136 5715.0 0.220576 0.502125 0.0 0.022383 0.926748 -7.075265 -0.085469 0.014052 12.845295 75.0
137 5715.0 0.216666 0.518089 0.0 0.027343 0.926748 -7.075265 -0.085469 0.014052 12.845295 75.0
138 5715.0 0.206787 0.53186 0.0 0.02768 0.926748 -7.075265 -0.085469 0.014052 12.845295 75.0
139 5715.0 0.212454 0.542318 0.0 0.037425 0.926748 -7.075265 -0.085469 0.014052 12.845295 75.0
140 5715.0 0.209191 0.539053 0.0 0.033306 0.926748 -7.075265 -0.085469 0.014052 12.845295 75.0
141 5715.0 0.212514 0.536331 0.0 0.034227 0.926748 -7.075265 -0.085469 0.014052 12.845295 75.0
142 5715.0 0.200715 0.527006 0.0 0.020678 0.926748 -7.075265 -0.085469 0.014052 12.845295 75.0
143 5715.0 0.222657 0.536837 0.0 0.041808 0.926748 -7.075265 -0.085469 0.014052 12.845295 75.0
144 5715.0 0.184992 0.522471 0.0 0.013164 0.926748 -7.075265 -0.085469 0.014052 12.845295 75.0
145 5715.0 0.203014 0.509037 0.0 0.015613 0.926748 -7.075265 -0.085469 0.014052 12.845295 75.0
146 5715.0 0.211158 0.510584 0.0 0.019311 0.926748 -7.075265 -0.085469 0.014052 12.845295 75.0
147 5715.0 0.206731 0.510974 0.0 0.016333 0.926748 -7.075265 -0.085469 0.014052 12.845295 75.0
148 5715.0 0.192136 0.521525 0.0 0.014275 0.926748 -7.075265 -0.085469 0.014052 12.845295 75.0
149 5715.0 0.214181 0.512642 0.0 0.022603 0.926748 -7.075265 -0.085469 0.014052 12.845295 75.0
150 5715.0 0.212772 0.533673 0.0 0.032973 0.926748 -7.075265 -0.085469 0.014052 12.845295 75.0
151 5715.0 0.215684 0.520298 0.0 0.02783 0.926748 -7.075265 -0.085469 0.014052 12.845295 75.0
152 5715.0 0.223725 0.52276 0.0 0.034956 0.926748 -7.075265 -0.085469 0.014052 12.845295 75.0
153 5715.0 0.232233 0.527275 0.0 0.043531 0.926748 -7.075265 -0.085469 0.014052 12.845295 75.0
154 5715.0 0.222755 0.532902 0.0 0.039749 0.926748 -7.075265 -0.085469 0.014052 12.845295 75.0
155 5715.0 0.205524 0.519304 0.0 0.019973 0.926748 -7.075265 -0.085469 0.014052 12.845295 75.0
156 5715.0 0.172811 0.520658 0.0 0.011161 0.926748 -7.075265 -0.085469 0.014052 12.845295 75.0
157 5715.0 0.18292 0.510493 0.0 0.01245 0.926748 -7.075265 -0.085469 0.014052 12.845295 75.0
158 5715.0 0.177897 0.513819 0.0 0.011755 0.926748 -7.075265 -0.085469 0.014052 12.845295 75.0
159 5715.0 0.201366 0.503379 0.0 0.015436 0.926748 -7.075265 -0.085469 0.014052 12.845295 75.0
160 5715.0 0.207174 0.485172 0.0 0.018388 0.926748 -7.075265 -0.085469 0.014052 12.845295 75.0
161 5715.0 0.193417 0.485988 0.0 0.0158 0.926748 -7.075265 -0.085469 0.014052 12.845295 75.0
162 5715.0 0.197594 0.479375 0.0 0.017248 0.926748 -7.075265 -0.085469 0.014052 12.845295 75.0
163 5715.0 0.205625 0.493941 0.0 0.017194 0.926748 -7.075265 -0.085469 0.014052 12.845295 75.0
164 5715.0 0.227251 0.515456 0.0 0.033543 0.926748 -7.075265 -0.085469 0.014052 12.845295 75.0
165 5715.0 0.230406 0.516215 0.0 0.036227 0.926748 -7.075265 -0.085469 0.014052 12.845295 75.0
166 5715.0 0.238028 0.513904 0.0 0.040467 0.926748 -7.075265 -0.085469 0.014052 12.845295 75.0
167 5715.0 0.266484 0.513139 0.0 0.060943 0.926748 -7.075265 -0.085469 0.014052 12.845295 75.0
168 5715.0 0.282672 0.503451 0.0 0.069039 0.926748 -7.075265 -0.085469 0.014052 12.845295 75.0
169 5715.0 0.269552 0.498375 0.0 0.057237 0.926748 -7.075265 -0.085469 0.014052 12.845295 75.0
170 5715.0 0.250066 0.521433 0.0 0.053216 0.926748 -7.075265 -0.085469 0.014052 12.845295 75.0
171 5715.0 0.271751 0.516356 0.0 0.066159 0.926748 -7.075265 -0.085469 0.014052 12.845295 75.0
172 5715.0 0.295466 0.532725 0.0 0.092038 0.926748 -7.075265 -0.085469 0.014052 12.845295 75.0
173 5715.0 0.297482 0.545684 0.0 0.100505 0.926748 -7.075265 -0.085469 0.014052 12.845295 75.0
174 5715.0 0.29858 0.513151 0.0 0.084785 0.926748 -7.075265 -0.085469 0.014052 12.845295 75.0
175 5715.0 0.282707 0.527672 0.0 0.080109 0.926748 -7.075265 -0.085469 0.014052 12.845295 75.0
176 5715.0 0.282663 0.523247 0.0 0.077682 0.926748 -7.075265 -0.085469 0.014052 12.845295 75.0
177 5715.0 0.273728 0.513982 0.0 0.066664 0.926748 -7.075265 -0.085469 0.014052 12.845295 75.0
178 5715.0 0.250563 0.523945 0.0 0.054934 0.926748 -7.075265 -0.085469 0.014052 12.845295 75.0
179 5715.0 0.240937 0.550851 0.0 0.062565 0.926748 -7.075265 -0.085469 0.014052 12.845295 75.0
180 5715.0 0.255612 0.528411 0.0 0.060989 0.926748 -7.075265 -0.085469 0.014052 12.845295 75.0
181 5715.0 0.242215 0.499718 0.0 0.037478 0.926748 -7.075265 -0.085469 0.014052 12.845295 75.0
182 5715.0 0.259697 0.48668 0.0 0.045178 0.926748 -7.075265 -0.085469 0.014052 12.845295 75.0
183 5715.0 0.276069 0.512228 0.0 0.067692 0.926748 -7.075265 -0.085469 0.014052 12.845295 75.0
184 5715.0 0.2845 0.504504 0.0 0.070823 0.926748 -7.075265 -0.085469 0.014052 12.845295 75.0
185 5715.0 0.286175 0.513797 0.0 0.075834 0.926748 -7.075265 -0.085469 0.014052 12.845295 75.0
186 5715.0 0.297738 0.554364 0.0 0.105389 0.926748 -7.075265 -0.085469 0.014052 12.845295 75.0
187 5715.0 0.300195 0.54928 0.0 0.104407 0.926748 -7.075265 -0.085469 0.014052 12.845295 75.0
188 5715.0 0.297418 0.540777 0.0 0.097803 0.926748 -7.075265 -0.085469 0.014052 12.845295 75.0
189 5715.0 0.310722 0.507458 0.0 0.091496 0.926748 -7.075265 -0.085469 0.014052 12.845295 75.0
190 5715.0 0.302634 0.486273 0.0 0.076903 0.926748 -7.075265 -0.085469 0.014052 12.845295 75.0
191 5715.0 0.300715 0.486515 0.0 0.075575 0.926748 -7.075265 -0.085469 0.014052 12.845295 75.0
192 5715.0 0.336916 0.47561 0.0 0.098042 0.926748 -7.075265 -0.085469 0.014052 12.845295 75.0
193 5715.0 0.389444 0.481354 0.0 0.139382 0.926748 -7.075265 -0.085469 0.014052 12.845295 75.0
194 5715.0 0.410993 0.496996 0.0 0.161727 0.926748 -7.075265 -0.085469 0.014052 12.845295 75.0
195 5715.0 0.421445 0.50336 0.0 0.172069 0.926748 -7.075265 -0.085469 0.014052 12.845295 75.0
196 5715.0 0.432782 0.491409 0.0 0.175645 0.926748 -7.075265 -0.085469 0.014052 12.845295 75.0
197 5715.0 0.434814 0.525347 0.0 0.190909 0.926748 -7.075265 -0.085469 0.014052 12.845295 75.0
198 5715.0 0.393938 0.521263 0.0 0.158895 0.926748 -7.075265 -0.085469 0.014052 12.845295 75.0
199 5715.0 0.384053 0.491078 0.0 0.13932 0.926748 -7.075265 -0.085469 0.014052 12.845295 75.0
200 5715.0 0.390792 0.48346 0.0 0.141237 0.926748 -7.075265 -0.085469 0.014052 12.845295 75.0
201 5715.0 0.407885 0.487978 0.0 0.155763 0.926748 -7.075265 -0.085469 0.014052 12.845295 75.0
202 5715.0 0.427751 0.501487 0.0 0.175993 0.926748 -7.075265 -0.085469 0.014052 12.845295 75.0
203 5715.0 0.430115 0.484539 0.0 0.17088 0.926748 -7.075265 -0.085469 0.014052 12.845295 75.0
204 5715.0 0.430303 0.467252 0.0 0.164013 0.926748 -7.075265 -0.085469 0.014052 12.845295 75.0
205 5715.0 0.427665 0.494557 0.0 0.17312 0.926748 -7.075265 -0.085469 0.014052 12.845295 75.0
206 5715.0 0.446116 0.508749 0.0 0.192576 0.926748 -7.075265 -0.085469 0.014052 12.845295 75.0
207 5715.0 0.481864 0.505909 0.0 0.220601 0.926748 -7.075265 -0.085469 0.014052 12.845295 75.0
208 5715.0 0.474429 0.516345 0.0 0.219977 0.926748 -7.075265 -0.085469 0.014052 12.845295 75.0
209 5715.0 0.50194 0.512025 0.0 0.241542 0.926748 -7.075265 -0.085469 0.014052 12.845295 75.0
210 5715.0 0.523055 0.529446 0.0 0.269906 0.926748 -7.075265 -0.085469 0.014052 12.845295 75.0
211 5715.0 0.542841 0.524365 0.0 0.284289 0.926748 -7.075265 -0.085469 0.014052 12.845295 75.0
212 5715.0 0.557562 0.50265 0.0 0.284783 0.926748 -7.075265 -0.085469 0.014052 12.845295 75.0
213 5715.0 0.575327 0.521703 0.0 0.311171 0.926748 -7.075265 -0.085469 0.014052 12.845295 75.0
214 5715.0 0.563583 0.515579 0.0 0.297375 0.926748 -7.075265 -0.085469 0.014052 12.845295 75.0
215 5715.0 0.59719 0.506428 0.0 0.321503 0.926748 -7.075265 -0.085469 0.014052 12.845295 75.0
216 5715.0 0.596513 0.481067 0.0 0.306633 0.926748 -7.075265 -0.085469 0.014052 12.845295 75.0
217 5715.0 0.610438 0.511792 0.0 0.336178 0.926748 -7.075265 -0.085469 0.014052 12.845295 75.0
218 5715.0 0.595252 0.521853 0.0 0.328684 0.926748 -7.075265 -0.085469 0.014052 12.845295 75.0
219 5715.0 0.590563 0.498382 0.0 0.311166 0.926748 -7.075265 -0.085469 0.014052 12.845295 75.0
220 5715.0 0.607814 0.498002 0.0 0.325996 0.926748 -7.075265 -0.085469 0.014052 12.845295 75.0
221 5715.0 0.605953 0.515368 0.0 0.334312 0.926748 -7.075265 -0.085469 0.014052 12.845295 75.0
222 5715.0 0.595902 0.523388 0.0 0.330136 0.926748 -7.075265 -0.085469 0.014052 12.845295 75.0
223 5715.0 0.612652 0.530829 0.0 0.34907 0.926748 -7.075265 -0.085469 0.014052 12.845295 75.0
224 5715.0 0.585441 0.531366 0.0 0.325578 0.926748 -7.075265 -0.085469 0.014052 12.845295 75.0
225 5715.0 0.599438 0.522065 0.0 0.332468 0.926748 -7.075265 -0.085469 0.014052 12.845295 75.0
226 5715.0 0.601059 0.535607 0.0 0.341679 0.926748 -7.075265 -0.085469 0.014052 12.845295 75.0
227 5715.0 0.597888 0.533636 0.0 0.337771 0.926748 -7.075265 -0.085469 0.014052 12.845295 75.0
228 5715.0 0.577253 0.526107 0.0 0.31539 0.926748 -7.075265 -0.085469 0.014052 12.845295 75.0
229 5715.0 0.573198 0.530023 0.0 0.314096 0.926748 -7.075265 -0.085469 0.014052 12.845295 75.0
230 5715.0 0.595156 0.537662 0.0 0.337698 0.926748 -7.075265 -0.085469 0.014052 12.845295 75.0
231 5715.0 0.57904 0.540912 0.0 0.325473 0.926748 -7.075265 -0.085469 0.014052 12.845295 75.0
232 5715.0 0.565755 0.542943 0.0 0.315022 0.926748 -7.075265 -0.085469 0.014052 12.845295 75.0
233 5715.0 0.568785 0.554591 0.0 0.324374 0.926748 -7.075265 -0.085469 0.014052 12.845295 75.0
234 5715.0 0.593666 0.564342 0.0 0.351748 0.926748 -7.075265 -0.085469 0.014052 12.845295 75.0
235 5715.0 0.606284 0.55571 0.0 0.357817 0.926748 -7.075265 -0.085469 0.014052 12.845295 75.0
236 5715.0 0.630304 0.56893 0.0 0.386434 0.926748 -7.075265 -0.085469 0.014052 12.845295 75.0
237 5715.0 0.627988 0.567657 0.0 0.383676 0.926748 -7.075265 -0.085469 0.014052 12.845295 75.0
238 5715.0 0.640989 0.589803 0.0 0.409499 0.926748 -7.075265 -0.085469 0.014052 12.845295 75.0
239 5715.0 0.651505 0.595971 0.0 0.422852 0.926748 -7.075265 -0.085469 0.014052 12.845295 75.0
240 5715.0 0.628527 0.591636 0.0 0.40018 0.926748 -7.075265 -0.085469 0.014052 12.845295 75.0
241 5715.0 0.622163 0.594664 0.0 0.39691 0.926748 -7.075265 -0.085469 0.014052 12.845295 75.0
242 5715.0 0.630225 0.590908 0.0 0.40111 0.926748 -7.075265 -0.085469 0.014052 12.845295 75.0
243 5715.0 0.649469 0.570253 0.0 0.403958 0.926748 -7.075265 -0.085469 0.014052 12.845295 75.0
244 5715.0 0.64572 0.571475 0.0 0.401382 0.926748 -7.075265 -0.085469 0.014052 12.845295 75.0
245 5715.0 0.649475 0.590844 0.0 0.417474 0.926748 -7.075265 -0.085469 0.014052 12.845295 75.0
246 5715.0 0.663878 0.586912 0.0 0.426953 0.926748 -7.075265 -0.085469 0.014052 12.845295 75.0
247 5715.0 0.660174 0.604337 0.0 0.436193 0.926748 -7.075265 -0.085469 0.014052 12.845295 75.0
248 5715.0 0.687548 0.621402 0.0 0.471669 0.926748 -7.075265 -0.085469 0.014052 12.845295 75.0
249 5715.0 0.684274 0.634632 0.0 0.478292 0.926748 -7.075265 -0.085469 0.014052 12.845295 75.0
250 5715.0 0.68606 0.639063 0.0 0.482967 0.926748 -7.075265 -0.085469 0.014052 12.845295 75.0
251 5715.0 0.696522 0.635545 0.0 0.489382 0.926748 -7.075265 -0.085469 0.014052 12.845295 75.0
252 5715.0 0.690075 0.642395 0.0 0.488761 0.926748 -7.075265 -0.085469 0.014052 12.845295 75.0
253 5715.0 0.707208 0.643443 0.0 0.50411 0.926748 -7.075265 -0.085469 0.014052 12.845295 75.0
254 5715.0 0.704168 0.652899 0.0 0.508247 0.926748 -7.075265 -0.085469 0.014052 12.845295 75.0
255 5715.0 0.724102 0.661636 0.0 0.531455 0.926748 -7.075265 -0.085469 0.014052 12.845295 75.0
256 5715.0 0.720222 0.65911 0.0 0.526351 0.926748 -7.075265 -0.085469 0.014052 12.845295 75.0
257 5715.0 0.725624 0.672045 0.0 0.540159 0.926748 -7.075265 -0.085469 0.014052 12.845295 75.0
258 5715.0 0.748435 0.668475 0.0 0.557063 0.926748 -7.075265 -0.085469 0.014052 12.845295 75.0
259 5715.0 0.762739 0.686457 0.0 0.582051 0.926748 -7.075265 -0.085469 0.014052 12.845295 75.0
260 5715.0 0.754199 0.677327 0.0 0.568275 0.926748 -7.075265 -0.085469 0.014052 12.845295 75.0
261 5715.0 0.767159 0.678512 0.0 0.580165 0.926748 -7.075265 -0.085469 0.014052 12.845295 75.0
262 5715.0 0.744722 0.678493 0.0 0.561026 0.926748 -7.075265 -0.085469 0.014052 12.845295 75.0
263 5715.0 0.752192 0.700334 0.0 0.582933 0.926748 -7.075265 -0.085469 0.014052 12.845295 75.0
264 5715.0 0.74478 0.704899 0.0 0.579863 0.926748 -7.075265 -0.085469 0.014052 12.845295 75.0
265 5715.0 0.772411 0.685586 0.0 0.589675 0.926748 -7.075265 -0.085469 0.014052 12.845295 75.0
266 5715.0 0.787657 0.695909 0.0 0.610016 0.926748 -7.075265 -0.085469 0.014052 12.845295 75.0
267 5715.0 0.805782 0.714981 0.0 0.639212 0.926748 -7.075265 -0.085469 0.014052 12.845295 75.0
268 5715.0 0.830667 0.729967 0.0 0.671853 0.926748 -7.075265 -0.085469 0.014052 12.845295 75.0
269 5715.0 0.820612 0.735554 0.0 0.667207 0.926748 -7.075265 -0.085469 0.014052 12.845295 75.0
270 5715.0 0.837804 0.745301 0.0 0.689313 0.926748 -7.075265 -0.085469 0.014052 12.845295 75.0
271 5715.0 0.841206 0.761341 0.0 0.704041 0.926748 -7.075265 -0.085469 0.014052 12.845295 75.0
272 5715.0 0.858249 0.792164 0.0 0.741482 0.926748 -7.075265 -0.085469 0.014052 12.845295 75.0
273 5715.0 0.861613 0.801746 0.0 0.751438 0.926748 -7.075265 -0.085469 0.014052 12.845295 75.0
274 5715.0 0.866997 0.816679 0.0 0.767078 0.926748 -7.075265 -0.085469 0.014052 12.845295 75.0
275 5715.0 0.861496 0.845199 0.0 0.783219 0.926748 -7.075265 -0.085469 0.014052 12.845295 75.0
276 5715.0 0.871381 0.85883 0.0 0.801819 0.926748 -7.075265 -0.085469 0.014052 12.845295 75.0
277 5715.0 0.875652 0.854726 0.0 0.802523 0.926748 -7.075265 -0.085469 0.014052 12.845295 75.0
278 5715.0 0.897624 0.885373 0.0 0.844121 0.926748 -7.075265 -0.085469 0.014052 12.845295 75.0
279 5715.0 0.899835 0.926693 0.0 0.876146 0.926748 -7.075265 -0.085469 0.014052 12.845295 75.0
280 5715.0 0.906444 0.946778 0.0 0.896166 0.926748 -7.075265 -0.085469 0.014052 12.845295 75.0
281 5715.0 0.905469 0.963897 0.0 0.90757 0.926748 -7.075265 -0.085469 0.014052 12.845295 75.0
282 5715.0 0.929689 0.987001 0.0 0.935701 0.926748 -7.075265 -0.085469 0.014052 12.845295 75.0
283 5715.0 0.915845 1.000463 0.0 0.934456 0.926748 -7.075265 -0.085469 0.014052 12.845295 75.0
284 5715.0 0.909304 1.021589 0.0 0.929136 0.926748 -7.075265 -0.085469 0.014052 12.845295 75.0
285 5715.0 0.913182 1.020601 0.0 0.932435 0.926748 -7.075265 -0.085469 0.014052 12.845295 75.0
286 5715.0 0.916208 1.041939 0.0 0.935121 0.926748 -7.075265 -0.085469 0.014052 12.845295 75.0
287 5715.0 0.941399 1.050707 0.0 0.946001 0.926748 -7.075265 -0.085469 0.014052 12.845295 75.0
