 time p.x p.y p.z deep.node-0 CV opes.bias opes.rct opes.zed opes.neff opes.nker
0 10025.0 -0.924793 1.051511 0.0 -0.851644 1.579867 -17.125521 -0.14197 0.009494 12.845295 111.0
1 10025.0 -0.946333 1.046223 0.0 -0.854351 1.579867 -17.125521 -0.14197 0.009494 12.845295 111.0
2 10025.0 -0.942976 1.032204 0.0 -0.845215 1.579867 -17.125521 -0.14197 0.009494 12.845295 111.0
3 10025.0 -0.935635 1.023573 0.0 -0.838186 1.579867 -17.125521 -0.14197 0.009494 12.845295 111.0
4 10025.0 -0.924268 1.034039 0.0 -0.841234 1.579867 -17.125521 -0.14197 0.009494 12.845295 111.0
5 10025.0 -0.929655 0.993938 0.0 -0.819244 1.579867 -17.125521 -0.14197 0.009494 12.845295 111.0
6 10025.0 -0.940601 0.983375 0.0 -0.816014 1.579867 -17.125521 -0.14197 0.009494 12.845295 111.0
7 10025.0 -0.927391 0.963183 0.0 -0.800247 1.579867 -17.125521 -0.14197 0.009494 12.845295 111.0
8 10025.0 -0.939504 0.967337 0.0 -0.806103 1.579867 -17.125521 -0.14197 0.009494 12.845295 111.0
9 10025.0 -0.949103 0.952307 0.0 -0.799756 1.579867 -17.125521 -0.14197 0.009494 12.845295 111.0
10 10025.0 -0.938182 0.927337 0.0 -0.777267 1.579867 -17.125521 -0.14197 0.009494 12.845295 111.0
11 10025.0 -0.94145 0.915264 0.0 -0.76803 1.579867 -17.125521 -0.14197 0.009494 12.845295 111.0
12 10025.0 -0.932758 0.889101 0.0 -0.743162 1.579867 -17.125521 -0.14197 0.009494 12.845295 111.0
13 10025.0 -0.906632 0.845901 0.0 -0.696999 1.579867 -17.125521 -0.14197 0.009494 12.845295 111.0
14 10025.0 -0.927599 0.82634 0.0 -0.68701 1.579867 -17.125521 -0.14197 0.009494 12.845295 111.0
15 10025.0 -0.916229 0.812609 0.0 -0.671202 1.579867 -17.125521 -0.14197 0.009494 12.845295 111.0
16 10025.0 -0.916554 0.824211 0.0 -0.681429 1.579867 -17.125521 -0.14197 0.009494 12.845295 111.0
17 10025.0 -0.903081 0.821052 0.0 -0.674131 1.579867 -17.125521 -0.14197 0.009494 12.845295 111.0
18 10025.0 -0.896984 0.800919 0.0 -0.654517 1.579867 -17.125521 -0.14197 0.009494 12.845295 111.0
19 10025.0 -0.876878 0.740219 0.0 -0.594912 1.579867 -17.125521 -0.14197 0.009494 12.845295 111.0
20 10025.0 -0.852459 0.729982 0.0 -0.577766 1.579867 -17.125521 -0.14197 0.009494 12.845295 111.0
21 10025.0 -0.838095 0.720701 0.0 -0.564296 1.579867 -17.125521 -0.14197 0.009494 12.845295 111.0
22 10025.0 -0.836993 0.697443 0.0 -0.538331 1.579867 -17.125521 -0.14197 0.009494 12.845295 111.0
23 10025.0 -0.863917 0.68103 0.0 -0.530598 1.579867 -17.125521 -0.14197 0.009494 12.845295 111.0
24 10025.0 -0.862063 0.704856 0.0 -0.556057 1.579867 -17.125521 -0.14197 0.009494 12.845295 111.0
25 10025.0 -0.847052 0.702797 0.0 -0.548057 1.579867 -17.125521 -0.14197 0.009494 12.845295 111.0
26 10025.0 -0.843832 0.707473 0.0 -0.551961 1.579867 -17.125521 -0.14197 0.009494 12.845295 111.0
27 10025.0 -0.831646 0.684165 0.0 -0.521705 1.579867 -17.125521 -0.14197 0.009494 12.845295 111.0
28 10025.0 -0.826193 0.683049 0.0 -0.518394 1.579867 -17.125521 -0.14197 0.009494 12.845295 111.0
29 10025.0 -0.828047 0.676017 0.0 -0.511381 1.579867 -17.125521 -0.14197 0.009494 12.845295 111.0
30 10025.0 -0.829839 0.683915 0.0 -0.520739 1.579867 -17.125521 -0.14197 0.009494 12.845295 111.0
31 10025.0 -0.825914 0.669125 0.0 -0.502908 1.579867 -17.125521 -0.14197 0.009494 12.845295 111.0
32 10025.0 -0.838824 0.64673 0.0 -0.483328 1.579867 -17.125521 -0.14197 0.009494 12.845295 111.0
33 10025.0 -0.843291 0.650578 0.0 -0.48927 1.579867 -17.125521 -0.14197 0.009494 12.845295 111.0
34 10025.0 -0.8503 0.628174 0.0 -0.470839 1.579867 -17.125521 -0.14197 0.009494 12.845295 111.0
35 10025.0 -0.834214 0.643139 0.0 -0.477638 1.579867 -17.125521 -0.14197 0.009494 12.845295 111.0
36 10025.0 -0.808429 0.641181 0.0 -0.464428 1.579867 -17.125521 -0.14197 0.009494 12.845295 111.0
37 10025.0 -0.816125 0.647556 0.0 -0.474741 1.579867 -17.125521 -0.14197 0.009494 12.845295 111.0
38 10025.0 -0.798531 0.641835 0.0 -0.461064 1.579867 -17.125521 -0.14197 0.009494 12.845295 111.0
39 10025.0 -0.775381 0.680693 0.0 -0.494934 1.579867 -17.125521 -0.14197 0.009494 12.845295 111.0
40 10025.0 -0.770917 0.657587 0.0 -0.467251 1.579867 -17.125521 -0.14197 0.009494 12.845295 111.0
41 10025.0 -0.760657 0.649165 0.0 -0.453589 1.579867 -17.125521 -0.14197 0.009494 12.845295 111.0
42 10025.0 -0.735978 0.645492 0.0 -0.43927 1.579867 -17.125521 -0.14197 0.009494 12.845295 111.0
43 10025.0 -0.722517 0.642175 0.0 -0.429992 1.579867 -17.125521 -0.14197 0.009494 12.845295 111.0
44 10025.0 -0.725321 0.627557 0.0 -0.414807 1.579867 -17.125521 -0.14197 0.009494 12.845295 111.0
45 10025.0 -0.732656 0.621774 0.0 -0.411376 1.579867 -17.125521 -0.14197 0.009494 12.845295 111.0
46 10025.0 -0.730756 0.599382 0.0 -0.385644 1.579867 -17.125521 -0.14197 0.009494 12.845295 111.0
47 10025.0 -0.709872 0.589628 0.0 -0.366181 1.579867 -17.125521 -0.14197 0.009494 12.845295 111.0
48 10025.0 -0.686867 0.570938 0.0 -0.337039 1.579867 -17.125521 -0.14197 0.009494 12.845295 111.0
49 10025.0 -0.66577 0.588911 0.0 -0.346955 1.579867 -17.125521 -0.14197 0.009494 12.845295 111.0
50 10025.0 -0.65931 0.572616 0.0 -0.326062 1.579867 -17.125521 -0.14197 0.009494 12.845295 111.0
51 10025.0 -0.646124 0.56705 0.0 -0.312852 1.579867 -17.125521 -0.14197 0.009494 12.845295 111.0
52 10025.0 -0.633122 0.54757 0.0 -0.280704 1.579867 -17.125521 -0.14197 0.009494 12.845295 111.0
53 10025.0 -0.631417 0.533893 0.0 -0.263068 1.579867 -17.125521 -0.14197 0.009494 12.845295 111.0
54 10025.0 -0.611959 0.522616 0.0 -0.228481 1.579867 -17.125521 -0.14197 0.009494 12.845295 111.0
55 10025.0 -0.614984 0.54484 0.0 -0.266344 1.579867 -17.125521 -0.14197 0.009494 12.845295 111.0
56 10025.0 -0.591615 0.547831 0.0 -0.252216 1.579867 -17.125521 -0.14197 0.009494 12.845295 111.0
57 10025.0 -0.561604 0.551946 0.0 -0.230988 1.579867 -17.125521 -0.14197 0.009494 12.845295 111.0
58 10025.0 -0.5498 0.567579 0.0 -0.2474 1.579867 -17.125521 -0.14197 0.009494 12.845295 111.0
59 10025.0 -0.555532 0.568456 0.0 -0.254393 1.579867 -17.125521 -0.14197 0.009494 12.845295 111.0
60 10025.0 -0.564723 0.555814 0.0 -0.240785 1.579867 -17.125521 -0.14197 0.009494 12.845295 111.0
61 10025.0 -0.56735 0.541387 0.0 -0.21779 1.579867 -17.125521 -0.14197 0.009494 12.845295 111.0
62 10025.0 -0.580193 0.527358 0.0 -0.205581 1.579867 -17.125521 -0.14197 0.009494 12.845295 111.0
63 10025.0 -0.578724 0.516562 0.0 -0.186207 1.579867 -17.125521 -0.14197 0.009494 12.845295 111.0
64 10025.0 -0.550419 0.484517 0.0 -0.123888 1.579867 -17.125521 -0.14197 0.009494 12.845295 111.0
65 10025.0 -0.553052 0.475869 0.0 -0.114236 1.579867 -17.125521 -0.14197 0.009494 12.845295 111.0
66 10025.0 -0.528803 0.485629 0.0 -0.111858 1.579867 -17.125521 -0.14197 0.009494 12.845295 111.0
67 10025.0 -0.519445 0.477183 0.0 -0.100302 1.579867 -17.125521 -0.14197 0.009494 12.845295 111.0
68 10025.0 -0.503695 0.490532 0.0 -0.106331 1.579867 -17.125521 -0.14197 0.009494 12.845295 111.0
69 10025.0 -0.492164 0.49667 0.0 -0.10743 1.579867 -17.125521 -0.14197 0.009494 12.845295 111.0
70 10025.0 -0.493567 0.513583 0.0 -0.124095 1.579867 -17.125521 -0.14197 0.009494 12.845295 111.0
71 10025.0 -0.465513 0.510376 0.0 -0.110155 1.579867 -17.125521 -0.14197 0.009494 12.845295 111.0
72 10025.0 -0.446708 0.504116 0.0 -0.096893 1.579867 -17.125521 -0.14197 0.009494 12.845295 111.0
73 10025.0 -0.462533 0.507941 0.0 -0.106678 1.579867 -17.125521 -0.14197 0.009494 12.845295 111.0
74 10025.0 -0.446963 0.515145 0.0 -0.107505 1.579867 -17.125521 -0.14197 0.009494 12.845295 111.0
75 10025.0 -0.44657 0.500315 0.0 -0.093217 1.579867 -17.125521 -0.14197 0.009494 12.845295 111.0
76 10025.0 -0.415087 0.506534 0.0 -0.086931 1.579867 -17.125521 -0.14197 0.009494 12.845295 111.0
77 10025.0 -0.412476 0.50119 0.0 -0.080824 1.579867 -17.125521 -0.14197 0.009494 12.845295 111.0
78 10025.0 -0.404047 0.520142 0.0 -0.095618 1.579867 -17.125521 -0.14197 0.009494 12.845295 111.0
79 10025.0 -0.384485 0.516734 0.0 -0.08478 1.579867 -17.125521 -0.14197 0.009494 12.845295 111.0
80 10025.0 -0.364496 0.511801 0.0 -0.072325 1.579867 -17.125521 -0.14197 0.009494 12.845295 111.0
81 10025.0 -0.36461 0.509 0.0 -0.069699 1.579867 -17.125521 -0.14197 0.009494 12.845295 111.0
82 10025.0 -0.373081 0.47209 0.0 -0.037805 1.579867 -17.125521 -0.14197 0.009494 12.845295 111.0
83 10025.0 -0.334851 0.480947 0.0 -0.031889 1.579867 -17.125521 -0.14197 0.009494 12.845295 111.0
84 10025.0 -0.336384 0.517307 0.0 -0.066667 1.579867 -17.125521 -0.14197 0.009494 12.845295 111.0
85 10025.0 -0.33949 0.508106 0.0 -0.059102 1.579867 -17.125521 -0.14197 0.009494 12.845295 111.0
86 10025.0 -0.33423 0.525969 0.0 -0.074087 1.579867 -17.125521 -0.14197 0.009494 12.845295 111.0
87 10025.0 -0.314418 0.530113 0.0 -0.070351 1.579867 -17.125521 -0.14197 0.009494 12.845295 111.0
88 10025.0 -0.334322 0.517886 0.0 -0.066419 1.579867 -17.125521 -0.14197 0.009494 12.845295 111.0
89 10025.0 -0.308028 0.487939 0.0 -0.029224 1.579867 -17.125521 -0.14197 0.009494 12.845295 111.0
90 10025.0 -0.326121 0.482763 0.0 -0.030651 1.579867 -17.125521 -0.14197 0.009494 12.845295 111.0
91 10025.0 -0.295809 0.478315 0.0 -0.017699 1.579867 -17.125521 -0.14197 0.009494 12.845295 111.0
92 10025.0 -0.29301 0.495626 0.0 -0.030768 1.579867 -17.125521 -0.14197 0.009494 12.845295 111.0
93 10025.0 -0.27935 0.482371 0.0 -0.015875 1.579867 -17.125521 -0.14197 0.009494 12.845295 111.0
94 10025.0 -0.258927 0.491121 0.0 -0.016605 1.579867 -17.125521 -0.14197 0.009494 12.845295 111.0
95 10025.0 -0.245099 0.520354 0.0 -0.03586 1.579867 -17.125521 -0.14197 0.009494 12.845295 111.0
96 10025.0 -0.242017 0.524068 0.0 -0.037897 1.579867 -17.125521 -0.14197 0.009494 12.845295 111.0
97 10025.0 -0.232672 0.530144 0.0 -0.039899 1.579867 -17.125521 -0.14197 0.009494 12.845295 111.0
98 10025.0 -0.228517 0.514628 0.0 -0.026125 1.579867 -17.125521 -0.14197 0.009494 12.845295 111.0
99 10025.0 -0.212012 0.495352 0.0 -0.005505 1.579867 -17.125521 -0.14197 0.009494 12.845295 111.0
100 10025.0 -0.217334 0.520327 0.0 -0.027255 1.579867 -17.125521 -0.14197 0.009494 12.845295 111.0
101 10025.0 -0.19312 0.519774 0.0 -0.019323 1.579867 -17.125521 -0.14197 0.009494 12.845295 111.0
102 10025.0 -0.204771 0.482801 0.0 0.006836 1.579867 -17.125521 -0.14197 0.009494 12.845295 111.0
103 10025.0 -0.205111 0.498168 0.0 -0.005639 1.579867 -17.125521 -0.14197 0.009494 12.845295 111.0
104 10025.0 -0.207179 0.486032 0.0 0.003491 1.579867 -17.125521 -0.14197 0.009494 12.845295 111.0
105 10025.0 -0.207208 0.478457 0.0 0.009579 1.579867 -17.125521 -0.14197 0.009494 12.845295 111.0
106 10025.0 -0.199097 0.505256 0.0 -0.009485 1.579867 -17.125521 -0.14197 0.009494 12.845295 111.0
107 10025.0 -0.180156 0.512364 0.0 -0.00935 1.579867 -17.125521 -0.14197 0.009494 12.845295 111.0
108 10025.0 -0.172779 0.524539 0.0 -0.01687 1.579867 -17.125521 -0.14197 0.009494 12.845295 111.0
109 10025.0 -0.154357 0.522285 0.0 -0.00936 1.579867 -17.125521 -0.14197 0.009494 12.845295 111.0
110 10025.0 -0.129926 0.52945 0.0 -0.007574 1.579867 -17.125521 -0.14197 0.009494 12.845295 111.0
111 10025.0 -0.10848 0.528106 0.0 -0.001655 1.579867 -17.125521 -0.14197 0.009494 12.845295 111.0
112 10025.0 -0.084625 0.539526 0.0 -0.004762 1.579867 -17.125521 -0.14197 0.009494 12.845295 111.0
113 10025.0 -0.066963 0.539526 0.0 -0.003723 1.579867 -17.125521 -0.14197 0.009494 12.845295 111.0
114 10025.0 -0.059761 0.55729 0.0 -0.012224 1.579867 -17.125521 -0.14197 0.009494 12.845295 111.0
115 10025.0 -0.059469 0.572183 0.0 -0.019462 1.579867 -17.125521 -0.14197 0.009494 12.845295 111.0
116 10025.0 -0.043822 0.556187 0.0 -0.0101 1.579867 -17.125521 -0.14197 0.009494 12.845295 111.0
117 10025.0 -0.040179 0.548278 0.0 -0.00674 1.579867 -17.125521 -0.14197 0.009494 12.845295 111.0
118 10025.0 -0.046976 0.552289 0.0 -0.008524 1.579867 -17.125521 -0.14197 0.009494 12.845295 111.0
119 10025.0 -0.052281 0.553593 0.0 -0.009685 1.579867 -17.125521 -0.14197 0.009494 12.845295 111.0
120 10025.0 -0.060582 0.548453 0.0 -0.008019 1.579867 -17.125521 -0.14197 0.009494 12.845295 111.0
121 10025.0 -0.04119 0.525622 0.0 0.00094 1.579867 -17.125521 -0.14197 0.009494 12.845295 111.0
122 10025.0 -0.066143 0.544353 0.0 -0.006415 1.579867 -17.125521 -0.14197 0.009494 12.845295 111.0
123 10025.0 -0.048862 0.540114 0.0 -0.00405 1.579867 -17.125521 -0.14197 0.009494 12.845295 111.0
124 10025.0 -0.044938 0.525735 0.0 0.001127 1.579867 -17.125521 -0.14197 0.009494 12.845295 111.0
125 10025.0 -0.034657 0.523882 0.0 0.001216 1.579867 -17.125521 -0.14197 0.009494 12.845295 111.0
126 10025.0 -0.015603 0.513138 0.0 0.004231 1.579867 -17.125521 -0.14197 0.009494 12.845295 111.0
127 10025.0 -0.01376 0.518908 0.0 0.001868 1.579867 -17.125521 -0.14197 0.009494 12.845295 111.0
128 10025.0 -0.007651 0.522677 0.0 0.000456 1.579867 -17.125521 -0.14197 0.009494 12.845295 111.0
129 10025.0 0.01999 0.513041 0.0 0.002845 1.579867 -17.125521 -0.14197 0.009494 12.845295 111.0
130 10025.0 0.043715 0.553302 0.0 -0.008413 1.579867 -17.125521 -0.14197 0.009494 12.845295 111.0
131 10025.0 0.058579 0.504346 0.0 0.004718 1.579867 -17.125521 -0.14197 0.009494 12.845295 111.0
132 10025.0 0.069201 0.513376 0.0 0.001723 1.579867 -17.125521 -0.14197 0.009494 12.845295 111.0
133 10025.0 0.081745 0.543034 0.0 -0.002667 1.579867 -17.125521 -0.14197 0.009494 12.845295 111.0
134 10025.0 0.093994 0.561612 0.0 -0.000117 1.579867 -17.125521 -0.14197 0.009494 12.845295 111.0
135 10025.0 0.089797 0.528874 0.0 -0.001834 1.579867 -17.125521 -0.14197 0.009494 12.845295 111.0
136 10025.0 0.089815 0.541733 0.0 -0.00142 1.579867 -17.125521 -0.14197 0.009494 12.845295 111.0
137 10025.0 0.124594 0.526434 0.0 0.003645 1.579867 -17.125521 -0.14197 0.009494 12.845295 111.0
138 10025.0 0.156804 0.519204 0.0 0.008558 1.579867 -17.125521 -0.14197 0.009494 12.845295 111.0
139 10025.0 0.148021 0.543947 0.0 0.007947 1.579867 -17.125521 -0.14197 0.009494 12.845295 111.0
140 10025.0 0.149907 0.526298 0.0 0.007683 1.579867 -17.125521 -0.14197 0.009494 12.845295 111.0
141 10025.0 0.155943 0.527126 0.0 0.008674 1.579867 -17.125521 -0.14197 0.009494 12.845295 111.0
142 10025.0 0.169883 0.53865 0.0 0.011269 1.579867 -17.125521 -0.14197 0.009494 12.845295 111.0
143 10025.0 0.171572 0.533743 0.0 0.011382 1.579867 -17.125521 -0.14197 0.009494 12.845295 111.0
144 10025.0 0.168127 0.518386 0.0 0.01034 1.579867 -17.125521 -0.14197 0.009494 12.845295 111.0
145 10025.0 0.176919 0.50295 0.0 0.011251 1.579867 -17.125521 -0.14197 0.009494 12.845295 111.0
146 10025.0 0.173155 0.529046 0.0 0.011484 1.579867 -17.125521 -0.14197 0.009494 12.845295 111.0
147 10025.0 0.153579 0.531521 0.0 0.008437 1.579867 -17.125521 -0.14197 0.009494 12.845295 111.0
148 10025.0 0.156999 0.535622 0.0 0.009114 1.579867 -17.125521 -0.14197 0.009494 12.845295 111.0
149 10025.0 0.14971 0.520715 0.0 0.007473 1.579867 -17.125521 -0.14197 0.009494 12.845295 111.0
150 10025.0 0.161873 0.512166 0.0 0.009142 1.579867 -17.125521 -0.14197 0.009494 12.845295 111.0
151 10025.0 0.134387 0.505106 0.0 0.004527 1.579867 -17.125521 -0.14197 0.009494 12.845295 111.0
152 10025.0 0.133973 0.53372 0.0 0.005376 1.579867 -17.125521 -0.14197 0.009494 12.845295 111.0
153 10025.0 0.145294 0.549762 0.0 0.007697 1.579867 -17.125521 -0.14197 0.009494 12.845295 111.0
154 10025.0 0.158896 0.556513 0.0 0.010085 1.579867 -17.125521 -0.14197 0.009494 12.845295 111.0
155 10025.0 0.164357 0.571263 0.0 0.018443 1.579867 -17.125521 -0.14197 0.009494 12.845295 111.0
156 10025.0 0.1635 0.570717 0.0 0.01753 1.579867 -17.125521 -0.14197 0.009494 12.845295 111.0
157 10025.0 0.158213 0.536688 0.0 0.009342 1.579867 -17.125521 -0.14197 0.009494 12.845295 111.0
158 10025.0 0.161257 0.528624 0.0 0.009571 1.579867 -17.125521 -0.14197 0.009494 12.845295 111.0
159 10025.0 0.181197 0.514457 0.0 0.012302 1.579867 -17.125521 -0.14197 0.009494 12.845295 111.0
160 10025.0 0.183914 0.526697 0.0 0.013128 1.579867 -17.125521 -0.14197 0.009494 12.845295 111.0
161 10025.0 0.185057 0.522721 0.0 0.013183 1.579867 -17.125521 -0.14197 0.009494 12.845295 111.0
162 10025.0 0.213929 0.504292 0.0 0.018324 1.579867 -17.125521 -0.14197 0.009494 12.845295 111.0
163 10025.0 0.222138 0.509306 0.0 0.02653 1.579867 -17.125521 -0.14197 0.009494 12.845295 111.0
164 10025.0 0.228622 0.510722 0.0 0.031968 1.579867 -17.125521 -0.14197 0.009494 12.845295 111.0
165 10025.0 0.232312 0.509272 0.0 0.033996 1.579867 -17.125521 -0.14197 0.009494 12.845295 111.0
166 10025.0 0.245261 0.495667 0.0 0.038099 1.579867 -17.125521 -0.14197 0.009494 12.845295 111.0
167 10025.0 0.252604 0.500815 0.0 0.045639 1.579867 -17.125521 -0.14197 0.009494 12.845295 111.0
168 10025.0 0.240623 0.479422 0.0 0.02807 1.579867 -17.125521 -0.14197 0.009494 12.845295 111.0
169 10025.0 0.260363 0.448706 0.0 0.031862 1.579867 -17.125521 -0.14197 0.009494 12.845295 111.0
170 10025.0 0.265808 0.455565 0.0 0.037105 1.579867 -17.125521 -0.14197 0.009494 12.845295 111.0
171 10025.0 0.280265 0.471767 0.0 0.05441 1.579867 -17.125521 -0.14197 0.009494 12.845295 111.0
172 10025.0 0.294389 0.484621 0.0 0.070109 1.579867 -17.125521 -0.14197 0.009494 12.845295 111.0
173 10025.0 0.296257 0.506766 0.0 0.080472 1.579867 -17.125521 -0.14197 0.009494 12.845295 111.0
174 10025.0 0.311862 0.504605 0.0 0.091186 1.579867 -17.125521 -0.14197 0.009494 12.845295 111.0
175 10025.0 0.317383 0.533773 0.0 0.108395 1.579867 -17.125521 -0.14197 0.009494 12.845295 111.0
176 10025.0 0.323026 0.546497 0.0 0.119348 1.579867 -17.125521 -0.14197 0.009494 12.845295 111.0
177 10025.0 0.30542 0.579167 0.0 0.12465 1.579867 -17.125521 -0.14197 0.009494 12.845295 111.0
178 10025.0 0.303707 0.586121 0.0 0.127273 1.579867 -17.125521 -0.14197 0.009494 12.845295 111.0
179 10025.0 0.322233 0.552209 0.0 0.121869 1.579867 -17.125521 -0.14197 0.009494 12.845295 111.0
180 10025.0 0.326555 0.534764 0.0 0.115539 1.579867 -17.125521 -0.14197 0.009494 12.845295 111.0
181 10025.0 0.330737 0.52315 0.0 0.112721 1.579867 -17.125521 -0.14197 0.009494 12.845295 111.0
182 10025.0 0.372968 0.539058 0.0 0.151302 1.579867 -17.125521 -0.14197 0.009494 12.845295 111.0
183 10025.0 0.364777 0.520636 0.0 0.136983 1.579867 -17.125521 -0.14197 0.009494 12.845295 111.0
184 10025.0 0.393082 0.539889 0.0 0.166242 1.579867 -17.125521 -0.14197 0.009494 12.845295 111.0
185 10025.0 0.39857 0.553657 0.0 0.177835 1.579867 -17.125521 -0.14197 0.009494 12.845295 111.0
186 10025.0 0.409961 0.5663 0.0 0.195847 1.579867 -17.125521 -0.14197 0.009494 12.845295 111.0
187 10025.0 0.40062 0.560954 0.0 0.18408 1.579867 -17.125521 -0.14197 0.009494 12.845295 111.0
188 10025.0 0.39303 0.554525 0.0 0.174311 1.579867 -17.125521 -0.14197 0.009494 12.845295 111.0
189 10025.0 0.402131 0.555641 0.0 0.181588 1.579867 -17.125521 -0.14197 0.009494 12.845295 111.0
190 10025.0 0.403609 0.556719 0.0 0.183615 1.579867 -17.125521 -0.14197 0.009494 12.845295 111.0
191 10025.0 0.418748 0.559723 0.0 0.198657 1.579867 -17.125521 -0.14197 0.009494 12.845295 111.0
192 10025.0 0.420183 0.583485 0.0 0.216787 1.579867 -17.125521 -0.14197 0.009494 12.845295 111.0
193 10025.0 0.418408 0.56376 0.0 0.201239 1.579867 -17.125521 -0.14197 0.009494 12.845295 111.0
194 10025.0 0.446329 0.547765 0.0 0.213659 1.579867 -17.125521 -0.14197 0.009494 12.845295 111.0
195 10025.0 0.469437 0.575251 0.0 0.252913 1.579867 -17.125521 -0.14197 0.009494 12.845295 111.0
196 10025.0 0.463133 0.596733 0.0 0.262824 1.579867 -17.125521 -0.14197 0.009494 12.845295 111.0
197 10025.0 0.474054 0.594082 0.0 0.270248 1.579867 -17.125521 -0.14197 0.009494 12.845295 111.0
198 10025.0 0.464704 0.589359 0.0 0.258917 1.579867 -17.125521 -0.14197 0.009494 12.845295 111.0
199 10025.0 0.471421 0.591084 0.0 0.26587 1.579867 -17.125521 -0.14197 0.009494 12.845295 111.0
200 10025.0 0.46122 0.605194 0.0 0.267214 1.579867 -17.125521 -0.14197 0.009494 12.845295 111.0
201 10025.0 0.464107 0.581982 0.0 0.253159 1.579867 -17.125521 -0.14197 0.009494 12.845295 111.0
202 10025.0 0.464714 0.5888 0.0 0.258528 1.579867 -17.125521 -0.14197 0.009494 12.845295 111.0
203 10025.0 0.475682 0.592697 0.0 0.27065 1.579867 -17.125521 -0.14197 0.009494 12.845295 111.0
204 10025.0 0.498597 0.576899 0.0 0.278942 1.579867 -17.125521 -0.14197 0.009494 12.845295 111.0
205 10025.0 0.497352 0.592278 0.0 0.288823 1.579867 -17.125521 -0.14197 0.009494 12.845295 111.0
206 10025.0 0.503617 0.585696 0.0 0.28948 1.579867 -17.125521 -0.14197 0.009494 12.845295 111.0
207 10025.0 0.514322 0.594083 0.0 0.304573 1.579867 -17.125521 -0.14197 0.009494 12.845295 111.0
208 10025.0 0.498316 0.592559 0.0 0.289845 1.579867 -17.125521 -0.14197 0.009494 12.845295 111.0
209 10025.0 0.502973 0.612593 0.0 0.308069 1.579867 -17.125521 -0.14197 0.009494 12.845295 111.0
210 10025.0 0.50491 0.606593 0.0 0.305451 1.579867 -17.125521 -0.14197 0.009494 12.845295 111.0
211 10025.0 0.528559 0.597298 0.0 0.318996 1.579867 -17.125521 -0.14197 0.009494 12.845295 111.0
212 10025.0 0.53947 0.604826 0.0 0.333653 1.579867 -17.125521 -0.14197 0.009494 12.845295 111.0
213 10025.0 0.528292 0.601359 0.0 0.321658 1.579867 -17.125521 -0.14197 0.009494 12.845295 111.0
214 10025.0 0.556192 0.580647 0.0 0.330703 1.579867 -17.125521 -0.14197 0.009494 12.845295 111.0
215 10025.0 0.567476 0.578276 0.0 0.338635 1.579867 -17.125521 -0.14197 0.009494 12.845295 111.0
216 10025.0 0.567062 0.608467 0.0 0.359763 1.579867 -17.125521 -0.14197 0.009494 12.845295 111.0
217 10025.0 0.57182 0.639531 0.0 0.385921 1.579867 -17.125521 -0.14197 0.009494 12.845295 111.0
218 10025.0 0.583744 0.643453 0.0 0.398876 1.579867 -17.125521 -0.14197 0.009494 12.845295 111.0
219 10025.0 0.608199 0.585861 0.0 0.378744 1.579867 -17.125521 -0.14197 0.009494 12.845295 111.0
220 10025.0 0.611933 0.618309 0.0 0.405014 1.579867 -17.125521 -0.14197 0.009494 12.845295 111.0
221 10025.0 0.619556 0.605633 0.0 0.402493 1.579867 -17.125521 -0.14197 0.009494 12.845295 111.0
222 10025.0 0.631473 0.583945 0.0 0.397219 1.579867 -17.125521 -0.14197 0.009494 12.845295 111.0
223 10025.0 0.62429 0.586533 0.0 0.392938 1.579867 -17.125521 -0.14197 0.009494 12.845295 111.0
224 10025.0 0.608535 0.586038 0.0 0.379157 1.579867 -17.125521 -0.14197 0.009494 12.845295 111.0
225 10025.0 0.625345 0.572513 0.0 0.384159 1.579867 -17.125521 -0.14197 0.009494 12.845295 111.0
226 10025.0 0.634576 0.557913 0.0 0.383831 1.579867 -17.125521 -0.14197 0.009494 12.845295 111.0
227 10025.0 0.625124 0.578709 0.0 0.388082 1.579867 -17.125521 -0.14197 0.009494 12.845295 111.0
228 10025.0 0.633152 0.609705 0.0 0.41698 1.579867 -17.125521 -0.14197 0.009494 12.845295 111.0
229 10025.0 0.641286 0.588129 0.0 0.408562 1.579867 -17.125521 -0.14197 0.009494 12.845295 111.0
230 10025.0 0.62714 0.596495 0.0 0.402455 1.579867 -17.125521 -0.14197 0.009494 12.845295 111.0
231 10025.0 0.616484 0.577461 0.0 0.379829 1.579867 -17.125521 -0.14197 0.009494 12.845295 111.0
232 10025.0 0.614489 0.572496 0.0 0.374654 1.579867 -17.125521 -0.14197 0.009494 12.845295 111.0
233 10025.0 0.607927 0.595488 0.0 0.385362 1.579867 -17.125521 -0.14197 0.009494 12.845295 111.0
234 10025.0 0.61231 0.575077 0.0 0.374575 1.579867 -17.125521 -0.14197 0.009494 12.845295 111.0
235 10025.0 0.609172 0.570621 0.0 0.368924 1.579867 -17.125521 -0.14197 0.009494 12.845295 111.0
236 10025.0 0.643445 0.575154 0.0 0.40151 1.579867 -17.125521 -0.14197 0.009494 12.845295 111.0
237 10025.0 0.644549 0.605265 0.0 0.423535 1.579867 -17.125521 -0.14197 0.009494 12.845295 111.0
238 10025.0 0.625713 0.629372 0.0 0.424632 1.579867 -17.125521 -0.14197 0.009494 12.845295 111.0
239 10025.0 0.662437 0.624343 0.0 0.452358 1.579867 -17.125521 -0.14197 0.009494 12.845295 111.0
240 10025.0 0.65307 0.641736 0.0 0.456748 1.579867 -17.125521 -0.14197 0.009494 12.845295 111.0
241 10025.0 0.657237 0.658061 0.0 0.471916 1.579867 -17.125521 -0.14197 0.009494 12.845295 111.0
242 10025.0 0.672456 0.645089 0.0 0.475658 1.579867 -17.125521 -0.14197 0.009494 12.845295 111.0
243 10025.0 0.67729 0.625397 0.0 0.465769 1.579867 -17.125521 -0.14197 0.009494 12.845295 111.0
244 10025.0 0.679038 0.640676 0.0 0.478129 1.579867 -17.125521 -0.14197 0.009494 12.845295 111.0
245 10025.0 0.679944 0.618851 0.0 0.463373 1.579867 -17.125521 -0.14197 0.009494 12.845295 111.0
246 10025.0 0.684517 0.609892 0.0 0.460896 1.579867 -17.125521 -0.14197 0.009494 12.845295 111.0
247 10025.0 0.683063 0.598169 0.0 0.451316 1.579867 -17.125521 -0.14197 0.009494 12.845295 111.0
248 10025.0 0.696145 0.601567 0.0 0.464884 1.579867 -17.125521 -0.14197 0.009494 12.845295 111.0
249 10025.0 0.70947 0.621507 0.0 0.490431 1.579867 -17.125521 -0.14197 0.009494 12.845295 111.0
250 10025.0 0.733185 0.608611 0.0 0.501469 1.579867 -17.125521 -0.14197 0.009494 12.845295 111.0
251 10025.0 0.722901 0.60483 0.0 0.490013 1.579867 -17.125521 -0.14197 0.009494 12.845295 111.0
252 10025.0 0.728314 0.612406 0.0 0.500018 1.579867 -17.125521 -0.14197 0.009494 12.845295 111.0
253 10025.0 0.745866 0.652673 0.0 0.54363 1.579867 -17.125521 -0.14197 0.009494 12.845295 111.0
254 10025.0 0.716052 0.666802 0.0 0.528269 1.579867 -17.125521 -0.14197 0.009494 12.845295 111.0
255 10025.0 0.716715 0.67551 0.0 0.53503 1.579867 -17.125521 -0.14197 0.009494 12.845295 111.0
256 10025.0 0.737504 0.675874 0.0 0.55301 1.579867 -17.125521 -0.14197 0.009494 12.845295 111.0
257 10025.0 0.749164 0.693486 0.0 0.57548 1.579867 -17.125521 -0.14197 0.009494 12.845295 111.0
258 10025.0 0.753171 0.715389 0.0 0.59448 1.579867 -17.125521 -0.14197 0.009494 12.845295 111.0
259 10025.0 0.765036 0.728898 0.0 0.614206 1.579867 -17.125521 -0.14197 0.009494 12.845295 111.0
260 10025.0 0.746062 0.708901 0.0 0.583804 1.579867 -17.125521 -0.14197 0.009494 12.845295 111.0
261 10025.0 0.748963 0.712867 0.0 0.589098 1.579867 -17.125521 -0.14197 0.009494 12.845295 111.0
262 10025.0 0.747352 0.689067 0.0 0.570791 1.579867 -17.125521 -0.14197 0.009494 12.845295 111.0
263 10025.0 0.777911 0.687308 0.0 0.595588 1.579867 -17.125521 -0.14197 0.009494 12.845295 111.0
264 10025.0 0.768275 0.709536 0.0 0.603191 1.579867 -17.125521 -0.14197 0.009494 12.845295 111.0
265 10025.0 0.791486 0.690398 0.0 0.609358 1.579867 -17.125521 -0.14197 0.009494 12.845295 111.0
266 10025.0 0.801404 0.681565 0.0 0.611528 1.579867 -17.125521 -0.14197 0.009494 12.845295 111.0
267 10025.0 0.787221 0.679628 0.0 0.59806 1.579867 -17.125521 -0.14197 0.009494 12.845295 111.0
268 10025.0 0.783791 0.674139 0.0 0.591231 1.579867 -17.125521 -0.14197 0.009494 12.845295 111.0
269 10025.0 0.796694 0.66346 0.0 0.594631 1.579867 -17.125521 -0.14197 0.009494 12.845295 111.0
270 10025.0 0.784962 0.675323 0.0 0.593071 1.579867 -17.125521 -0.14197 0.009494 12.845295 111.0
271 10025.0 0.785462 0.685808 0.0 0.600958 1.579867 -17.125521 -0.14197 0.009494 12.845295 111.0
272 10025.0 0.804025 0.671431 0.0 0.606552 1.579867 -17.125521 -0.14197 0.009494 12.845295 111.0
273 10025.0 0.835507 0.671293 0.0 0.633289 1.579867 -17.125521 -0.14197 0.009494 12.845295 111.0
274 10025.0 0.794652 0.711567 0.0 0.627119 1.579867 -17.125521 -0.14197 0.009494 12.845295 111.0
275 10025.0 0.789735 0.712321 0.0 0.623464 1.579867 -17.125521 -0.14197 0.009494 12.845295 111.0
276 10025.0 0.791153 0.718456 0.0 0.629038 1.579867 -17.125521 -0.14197 0.009494 12.845295 111.0
277 10025.0 0.771901 0.753694 0.0 0.638146 1.579867 -17.125521 -0.14197 0.009494 12.845295 111.0
278 10025.0 0.769651 0.731893 0.0 0.62027 1.579867 -17.125521 -0.14197 0.009494 12.845295 111.0
279 10025.0 0.791871 0.732569 0.0 0.640016 1.579867 -17.125521 -0.14197 0.009494 12.845295 111.0
280 10025.0 0.792796 0.749439 0.0 0.653198 1.579867 -17.125521 -0.14197 0.009494 12.845295 111.0
281 10025.0 0.780806 0.778493 0.0 0.664087 1.579867 -17.125521 -0.14197 0.009494 12.845295 111.0
282 10025.0 0.761529 0.794731 0.0 0.659232 1.579867 -17.125521 -0.14197 0.009494 12.845295 111.0
283 10025.0 0.754482 0.781075 0.0 0.643083 1.579867 -17.125521 -0.14197 0.009494 12.845295 111.0
284 10025.0 0.772064 0.793253 0.0 0.667312 1.579867 -17.125521 -0.14197 0.009494 12.845295 111.0
285 10025.0 0.777717 0.799274 0.0 0.676647 1.579867 -17.125521 -0.14197 0.009494 12.845295 111.0
286 10025.0 0.793213 0.823566 0.0 0.70795 1.579867 -17.125521 -0.14197 0.009494 12.845295 111.0
287 10025.0 0.799032 0.844297 0.0 0.728223 1.579867 -17.125521 -0.14197 0.009494 12.845295 111.0
