 time p.x p.y p.z deep.node-0 CV opes.bias opes.rct opes.zed opes.neff opes.nker
0 12410.0 -0.948991 0.986573 0.0 -0.820162 1.641292 -15.912512 -0.163389 0.00871 12.845295 121.0
1 12410.0 -0.932757 0.967223 0.0 -0.80416 1.641292 -15.912512 -0.163389 0.00871 12.845295 121.0
2 12410.0 -0.913833 0.932877 0.0 -0.774478 1.641292 -15.912512 -0.163389 0.00871 12.845295 121.0
3 12410.0 -0.925275 0.929002 0.0 -0.77471 1.641292 -15.912512 -0.163389 0.00871 12.845295 121.0
4 12410.0 -0.942855 0.934729 0.0 -0.784976 1.641292 -15.912512 -0.163389 0.00871 12.845295 121.0
5 12410.0 -0.934552 0.918781 0.0 -0.768893 1.641292 -15.912512 -0.163389 0.00871 12.845295 121.0
6 12410.0 -0.917373 0.888849 0.0 -0.738074 1.641292 -15.912512 -0.163389 0.00871 12.845295 121.0
7 12410.0 -0.908697 0.839018 0.0 -0.691693 1.641292 -15.912512 -0.163389 0.00871 12.845295 121.0
8 12410.0 -0.892032 0.815858 0.0 -0.665875 1.641292 -15.912512 -0.163389 0.00871 12.845295 121.0
9 12410.0 -0.881795 0.808511 0.0 -0.656016 1.641292 -15.912512 -0.163389 0.00871 12.845295 121.0
10 12410.0 -0.864916 0.787281 0.0 -0.63181 1.641292 -15.912512 -0.163389 0.00871 12.845295 121.0
11 12410.0 -0.84486 0.762382 0.0 -0.603362 1.641292 -15.912512 -0.163389 0.00871 12.845295 121.0
12 12410.0 -0.830582 0.751268 0.0 -0.588879 1.641292 -15.912512 -0.163389 0.00871 12.845295 121.0
13 12410.0 -0.84156 0.739862 0.0 -0.582672 1.641292 -15.912512 -0.163389 0.00871 12.845295 121.0
14 12410.0 -0.838317 0.750996 0.0 -0.591255 1.641292 -15.912512 -0.163389 0.00871 12.845295 121.0
15 12410.0 -0.840935 0.734224 0.0 -0.577562 1.641292 -15.912512 -0.163389 0.00871 12.845295 121.0
16 12410.0 -0.837829 0.730963 0.0 -0.573677 1.641292 -15.912512 -0.163389 0.00871 12.845295 121.0
17 12410.0 -0.832122 0.736943 0.0 -0.576948 1.641292 -15.912512 -0.163389 0.00871 12.845295 121.0
18 12410.0 -0.824637 0.719814 0.0 -0.558177 1.641292 -15.912512 -0.163389 0.00871 12.845295 121.0
19 12410.0 -0.821615 0.706881 0.0 -0.542819 1.641292 -15.912512 -0.163389 0.00871 12.845295 121.0
20 12410.0 -0.805041 0.712841 0.0 -0.543028 1.641292 -15.912512 -0.163389 0.00871 12.845295 121.0
21 12410.0 -0.80635 0.710681 0.0 -0.541156 1.641292 -15.912512 -0.163389 0.00871 12.845295 121.0
22 12410.0 -0.797774 0.685932 0.0 -0.510058 1.641292 -15.912512 -0.163389 0.00871 12.845295 121.0
23 12410.0 -0.793886 0.666471 0.0 -0.486689 1.641292 -15.912512 -0.163389 0.00871 12.845295 121.0
24 12410.0 -0.790817 0.627775 0.0 -0.442151 1.641292 -15.912512 -0.163389 0.00871 12.845295 121.0
25 12410.0 -0.775534 0.596852 0.0 -0.404647 1.641292 -15.912512 -0.163389 0.00871 12.845295 121.0
26 12410.0 -0.754711 0.6055 0.0 -0.403054 1.641292 -15.912512 -0.163389 0.00871 12.845295 121.0
27 12410.0 -0.760313 0.584206 0.0 -0.385095 1.641292 -15.912512 -0.163389 0.00871 12.845295 121.0
28 12410.0 -0.749457 0.60103 0.0 -0.396203 1.641292 -15.912512 -0.163389 0.00871 12.845295 121.0
29 12410.0 -0.740357 0.583117 0.0 -0.374477 1.641292 -15.912512 -0.163389 0.00871 12.845295 121.0
30 12410.0 -0.738407 0.553281 0.0 -0.344618 1.641292 -15.912512 -0.163389 0.00871 12.845295 121.0
31 12410.0 -0.715841 0.57584 0.0 -0.355674 1.641292 -15.912512 -0.163389 0.00871 12.845295 121.0
32 12410.0 -0.72 0.575092 0.0 -0.356943 1.641292 -15.912512 -0.163389 0.00871 12.845295 121.0
33 12410.0 -0.742327 0.571551 0.0 -0.364208 1.641292 -15.912512 -0.163389 0.00871 12.845295 121.0
34 12410.0 -0.741066 0.559781 0.0 -0.352195 1.641292 -15.912512 -0.163389 0.00871 12.845295 121.0
35 12410.0 -0.701717 0.558446 0.0 -0.332045 1.641292 -15.912512 -0.163389 0.00871 12.845295 121.0
36 12410.0 -0.708712 0.539291 0.0 -0.316607 1.641292 -15.912512 -0.163389 0.00871 12.845295 121.0
37 12410.0 -0.712419 0.552644 0.0 -0.331548 1.641292 -15.912512 -0.163389 0.00871 12.845295 121.0
38 12410.0 -0.681312 0.547155 0.0 -0.309495 1.641292 -15.912512 -0.163389 0.00871 12.845295 121.0
39 12410.0 -0.661928 0.568243 0.0 -0.322476 1.641292 -15.912512 -0.163389 0.00871 12.845295 121.0
40 12410.0 -0.668885 0.565699 0.0 -0.323344 1.641292 -15.912512 -0.163389 0.00871 12.845295 121.0
41 12410.0 -0.652141 0.545906 0.0 -0.290246 1.641292 -15.912512 -0.163389 0.00871 12.845295 121.0
42 12410.0 -0.654889 0.546885 0.0 -0.293104 1.641292 -15.912512 -0.163389 0.00871 12.845295 121.0
43 12410.0 -0.636303 0.547474 0.0 -0.282521 1.641292 -15.912512 -0.163389 0.00871 12.845295 121.0
44 12410.0 -0.623241 0.547614 0.0 -0.274751 1.641292 -15.912512 -0.163389 0.00871 12.845295 121.0
45 12410.0 -0.60595 0.522081 0.0 -0.221705 1.641292 -15.912512 -0.163389 0.00871 12.845295 121.0
46 12410.0 -0.596849 0.519049 0.0 -0.207648 1.641292 -15.912512 -0.163389 0.00871 12.845295 121.0
47 12410.0 -0.586001 0.52408 0.0 -0.205651 1.641292 -15.912512 -0.163389 0.00871 12.845295 121.0
48 12410.0 -0.578138 0.508146 0.0 -0.174617 1.641292 -15.912512 -0.163389 0.00871 12.845295 121.0
49 12410.0 -0.562021 0.494838 0.0 -0.145694 1.641292 -15.912512 -0.163389 0.00871 12.845295 121.0
50 12410.0 -0.557987 0.511907 0.0 -0.165557 1.641292 -15.912512 -0.163389 0.00871 12.845295 121.0
51 12410.0 -0.561775 0.519131 0.0 -0.177797 1.641292 -15.912512 -0.163389 0.00871 12.845295 121.0
52 12410.0 -0.571905 0.507571 0.0 -0.169506 1.641292 -15.912512 -0.163389 0.00871 12.845295 121.0
53 12410.0 -0.558839 0.516138 0.0 -0.171773 1.641292 -15.912512 -0.163389 0.00871 12.845295 121.0
54 12410.0 -0.56637 0.511513 0.0 -0.170881 1.641292 -15.912512 -0.163389 0.00871 12.845295 121.0
55 12410.0 -0.552779 0.499682 0.0 -0.145682 1.641292 -15.912512 -0.163389 0.00871 12.845295 121.0
56 12410.0 -0.554599 0.481518 0.0 -0.122819 1.641292 -15.912512 -0.163389 0.00871 12.845295 121.0
57 12410.0 -0.538748 0.502675 0.0 -0.139871 1.641292 -15.912512 -0.163389 0.00871 12.845295 121.0
58 12410.0 -0.524163 0.48667 0.0 -0.110961 1.641292 -15.912512 -0.163389 0.00871 12.845295 121.0
59 12410.0 -0.500887 0.49303 0.0 -0.107515 1.641292 -15.912512 -0.163389 0.00871 12.845295 121.0
60 12410.0 -0.476735 0.480348 0.0 -0.086117 1.641292 -15.912512 -0.163389 0.00871 12.845295 121.0
61 12410.0 -0.471255 0.507197 0.0 -0.109353 1.641292 -15.912512 -0.163389 0.00871 12.845295 121.0
62 12410.0 -0.435854 0.503522 0.0 -0.092116 1.641292 -15.912512 -0.163389 0.00871 12.845295 121.0
63 12410.0 -0.423497 0.518109 0.0 -0.101226 1.641292 -15.912512 -0.163389 0.00871 12.845295 121.0
64 12410.0 -0.415051 0.505314 0.0 -0.085754 1.641292 -15.912512 -0.163389 0.00871 12.845295 121.0
65 12410.0 -0.39374 0.487357 0.0 -0.060371 1.641292 -15.912512 -0.163389 0.00871 12.845295 121.0
66 12410.0 -0.395737 0.470444 0.0 -0.045025 1.641292 -15.912512 -0.163389 0.00871 12.845295 121.0
67 12410.0 -0.399262 0.462457 0.0 -0.03878 1.641292 -15.912512 -0.163389 0.00871 12.845295 121.0
68 12410.0 -0.389429 0.490392 0.0 -0.061591 1.641292 -15.912512 -0.163389 0.00871 12.845295 121.0
69 12410.0 -0.356614 0.486694 0.0 -0.045337 1.641292 -15.912512 -0.163389 0.00871 12.845295 121.0
70 12410.0 -0.336375 0.505984 0.0 -0.055871 1.641292 -15.912512 -0.163389 0.00871 12.845295 121.0
71 12410.0 -0.345346 0.507674 0.0 -0.060961 1.641292 -15.912512 -0.163389 0.00871 12.845295 121.0
72 12410.0 -0.331696 0.506599 0.0 -0.054642 1.641292 -15.912512 -0.163389 0.00871 12.845295 121.0
73 12410.0 -0.30378 0.509794 0.0 -0.046857 1.641292 -15.912512 -0.163389 0.00871 12.845295 121.0
74 12410.0 -0.298185 0.509743 0.0 -0.044638 1.641292 -15.912512 -0.163389 0.00871 12.845295 121.0
75 12410.0 -0.285251 0.516887 0.0 -0.04643 1.641292 -15.912512 -0.163389 0.00871 12.845295 121.0
76 12410.0 -0.285691 0.51208 0.0 -0.042019 1.641292 -15.912512 -0.163389 0.00871 12.845295 121.0
77 12410.0 -0.273997 0.546495 0.0 -0.070284 1.641292 -15.912512 -0.163389 0.00871 12.845295 121.0
78 12410.0 -0.295368 0.539923 0.0 -0.072311 1.641292 -15.912512 -0.163389 0.00871 12.845295 121.0
79 12410.0 -0.271252 0.552066 0.0 -0.074528 1.641292 -15.912512 -0.163389 0.00871 12.845295 121.0
80 12410.0 -0.259969 0.54552 0.0 -0.063913 1.641292 -15.912512 -0.163389 0.00871 12.845295 121.0
81 12410.0 -0.256882 0.53097 0.0 -0.048847 1.641292 -15.912512 -0.163389 0.00871 12.845295 121.0
82 12410.0 -0.268839 0.546244 0.0 -0.068044 1.641292 -15.912512 -0.163389 0.00871 12.845295 121.0
83 12410.0 -0.243812 0.510046 0.0 -0.027165 1.641292 -15.912512 -0.163389 0.00871 12.845295 121.0
84 12410.0 -0.237618 0.511885 0.0 -0.026731 1.641292 -15.912512 -0.163389 0.00871 12.845295 121.0
85 12410.0 -0.249143 0.513538 0.0 -0.031624 1.641292 -15.912512 -0.163389 0.00871 12.845295 121.0
86 12410.0 -0.250822 0.488255 0.0 -0.011792 1.641292 -15.912512 -0.163389 0.00871 12.845295 121.0
87 12410.0 -0.242742 0.507223 0.0 -0.024562 1.641292 -15.912512 -0.163389 0.00871 12.845295 121.0
88 12410.0 -0.269658 0.517054 0.0 -0.040797 1.641292 -15.912512 -0.163389 0.00871 12.845295 121.0
89 12410.0 -0.249272 0.534877 0.0 -0.049619 1.641292 -15.912512 -0.163389 0.00871 12.845295 121.0
90 12410.0 -0.235222 0.531491 0.0 -0.041772 1.641292 -15.912512 -0.163389 0.00871 12.845295 121.0
91 12410.0 -0.230455 0.495284 0.0 -0.011153 1.641292 -15.912512 -0.163389 0.00871 12.845295 121.0
92 12410.0 -0.21618 0.505715 0.0 -0.015136 1.641292 -15.912512 -0.163389 0.00871 12.845295 121.0
93 12410.0 -0.215183 0.497622 0.0 -0.008313 1.641292 -15.912512 -0.163389 0.00871 12.845295 121.0
94 12410.0 -0.21525 0.512542 0.0 -0.020344 1.641292 -15.912512 -0.163389 0.00871 12.845295 121.0
95 12410.0 -0.209439 0.516846 0.0 -0.022012 1.641292 -15.912512 -0.163389 0.00871 12.845295 121.0
96 12410.0 -0.203646 0.519839 0.0 -0.02263 1.641292 -15.912512 -0.163389 0.00871 12.845295 121.0
97 12410.0 -0.186347 0.521883 0.0 -0.018927 1.641292 -15.912512 -0.163389 0.00871 12.845295 121.0
98 12410.0 -0.182648 0.497585 0.0 0.001775 1.641292 -15.912512 -0.163389 0.00871 12.845295 121.0
99 12410.0 -0.179776 0.487448 0.0 0.010823 1.641292 -15.912512 -0.163389 0.00871 12.845295 121.0
100 12410.0 -0.184578 0.502289 0.0 -0.002608 1.641292 -15.912512 -0.163389 0.00871 12.845295 121.0
101 12410.0 -0.183924 0.540916 0.0 -0.033498 1.641292 -15.912512 -0.163389 0.00871 12.845295 121.0
102 12410.0 -0.165001 0.524245 0.0 -0.014229 1.641292 -15.912512 -0.163389 0.00871 12.845295 121.0
103 12410.0 -0.152947 0.537085 0.0 -0.020837 1.641292 -15.912512 -0.163389 0.00871 12.845295 121.0
104 12410.0 -0.134969 0.522308 0.0 -0.003384 1.641292 -15.912512 -0.163389 0.00871 12.845295 121.0
105 12410.0 -0.144076 0.506006 0.0 0.006299 1.641292 -15.912512 -0.163389 0.00871 12.845295 121.0
106 12410.0 -0.135879 0.516202 0.0 0.001004 1.641292 -15.912512 -0.163389 0.00871 12.845295 121.0
107 12410.0 -0.123857 0.506435 0.0 0.010002 1.641292 -15.912512 -0.163389 0.00871 12.845295 121.0
108 12410.0 -0.115396 0.501101 0.0 0.015072 1.641292 -15.912512 -0.163389 0.00871 12.845295 121.0
109 12410.0 -0.119649 0.498186 0.0 0.016253 1.641292 -15.912512 -0.163389 0.00871 12.845295 121.0
110 12410.0 -0.091725 0.50782 0.0 0.010994 1.641292 -15.912512 -0.163389 0.00871 12.845295 121.0
111 12410.0 -0.077854 0.496276 0.0 0.014641 1.641292 -15.912512 -0.163389 0.00871 12.845295 121.0
112 12410.0 -0.054865 0.48219 0.0 0.018716 1.641292 -15.912512 -0.163389 0.00871 12.845295 121.0
113 12410.0 -0.054899 0.481051 0.0 0.019163 1.641292 -15.912512 -0.163389 0.00871 12.845295 121.0
114 12410.0 -0.05401 0.523943 0.0 0.002385 1.641292 -15.912512 -0.163389 0.00871 12.845295 121.0
115 12410.0 -0.054287 0.509241 0.0 0.008134 1.641292 -15.912512 -0.163389 0.00871 12.845295 121.0
116 12410.0 -0.052066 0.500226 0.0 0.011512 1.641292 -15.912512 -0.163389 0.00871 12.845295 121.0
117 12410.0 -0.057646 0.485024 0.0 0.017783 1.641292 -15.912512 -0.163389 0.00871 12.845295 121.0
118 12410.0 -0.045805 0.489274 0.0 0.015396 1.641292 -15.912512 -0.163389 0.00871 12.845295 121.0
119 12410.0 -0.063563 0.480742 0.0 0.019817 1.641292 -15.912512 -0.163389 0.00871 12.845295 121.0
120 12410.0 -0.058962 0.486229 0.0 0.017394 1.641292 -15.912512 -0.163389 0.00871 12.845295 121.0
121 12410.0 -0.057022 0.499835 0.0 0.01197 1.641292 -15.912512 -0.163389 0.00871 12.845295 121.0
122 12410.0 -0.060002 0.500313 0.0 0.011967 1.641292 -15.912512 -0.163389 0.00871 12.845295 121.0
123 12410.0 -0.050125 0.508933 0.0 0.007997 1.641292 -15.912512 -0.163389 0.00871 12.845295 121.0
124 12410.0 -0.037473 0.519041 0.0 0.003277 1.641292 -15.912512 -0.163389 0.00871 12.845295 121.0
125 12410.0 -0.004004 0.528084 0.0 -0.001282 1.641292 -15.912512 -0.163389 0.00871 12.845295 121.0
126 12410.0 -0.000891 0.521447 0.0 0.000694 1.641292 -15.912512 -0.163389 0.00871 12.845295 121.0
127 12410.0 -0.008224 0.509611 0.0 0.005152 1.641292 -15.912512 -0.163389 0.00871 12.845295 121.0
128 12410.0 -0.017148 0.508285 0.0 0.006218 1.641292 -15.912512 -0.163389 0.00871 12.845295 121.0
129 12410.0 -0.017292 0.499277 0.0 0.00974 1.641292 -15.912512 -0.163389 0.00871 12.845295 121.0
130 12410.0 -0.012797 0.475667 0.0 0.018668 1.641292 -15.912512 -0.163389 0.00871 12.845295 121.0
131 12410.0 -0.007651 0.490533 0.0 0.012555 1.641292 -15.912512 -0.163389 0.00871 12.845295 121.0
132 12410.0 0.002497 0.482477 0.0 0.015071 1.641292 -15.912512 -0.163389 0.00871 12.845295 121.0
133 12410.0 -0.014845 0.494379 0.0 0.011499 1.641292 -15.912512 -0.163389 0.00871 12.845295 121.0
134 12410.0 0.009727 0.486851 0.0 0.01292 1.641292 -15.912512 -0.163389 0.00871 12.845295 121.0
135 12410.0 0.002515 0.485895 0.0 0.013737 1.641292 -15.912512 -0.163389 0.00871 12.845295 121.0
136 12410.0 0.013856 0.488822 0.0 0.011897 1.641292 -15.912512 -0.163389 0.00871 12.845295 121.0
137 12410.0 0.024692 0.485542 0.0 0.012509 1.641292 -15.912512 -0.163389 0.00871 12.845295 121.0
138 12410.0 0.03436 0.469766 0.0 0.018548 1.641292 -15.912512 -0.163389 0.00871 12.845295 121.0
139 12410.0 0.046369 0.483966 0.0 0.011788 1.641292 -15.912512 -0.163389 0.00871 12.845295 121.0
140 12410.0 0.054175 0.519442 0.0 0.00017 1.641292 -15.912512 -0.163389 0.00871 12.845295 121.0
141 12410.0 0.066651 0.547698 0.0 -0.004929 1.641292 -15.912512 -0.163389 0.00871 12.845295 121.0
142 12410.0 0.066309 0.532469 0.0 -0.004086 1.641292 -15.912512 -0.163389 0.00871 12.845295 121.0
143 12410.0 0.077693 0.527517 0.0 -0.0028 1.641292 -15.912512 -0.163389 0.00871 12.845295 121.0
144 12410.0 0.06982 0.505077 0.0 0.004261 1.641292 -15.912512 -0.163389 0.00871 12.845295 121.0
145 12410.0 0.083965 0.507557 0.0 0.003206 1.641292 -15.912512 -0.163389 0.00871 12.845295 121.0
146 12410.0 0.115782 0.510589 0.0 0.001731 1.641292 -15.912512 -0.163389 0.00871 12.845295 121.0
147 12410.0 0.130624 0.49114 0.0 0.007439 1.641292 -15.912512 -0.163389 0.00871 12.845295 121.0
148 12410.0 0.127703 0.49004 0.0 0.007874 1.641292 -15.912512 -0.163389 0.00871 12.845295 121.0
149 12410.0 0.137537 0.487425 0.0 0.008722 1.641292 -15.912512 -0.163389 0.00871 12.845295 121.0
150 12410.0 0.163477 0.479683 0.0 0.011265 1.641292 -15.912512 -0.163389 0.00871 12.845295 121.0
151 12410.0 0.139925 0.495219 0.0 0.005844 1.641292 -15.912512 -0.163389 0.00871 12.845295 121.0
152 12410.0 0.159742 0.491181 0.0 0.009132 1.641292 -15.912512 -0.163389 0.00871 12.845295 121.0
153 12410.0 0.128979 0.501573 0.0 0.004113 1.641292 -15.912512 -0.163389 0.00871 12.845295 121.0
154 12410.0 0.130065 0.52716 0.0 0.004542 1.641292 -15.912512 -0.163389 0.00871 12.845295 121.0
155 12410.0 0.146671 0.511978 0.0 0.006709 1.641292 -15.912512 -0.163389 0.00871 12.845295 121.0
156 12410.0 0.143079 0.50081 0.0 0.005778 1.641292 -15.912512 -0.163389 0.00871 12.845295 121.0
157 12410.0 0.145225 0.493714 0.0 0.006335 1.641292 -15.912512 -0.163389 0.00871 12.845295 121.0
158 12410.0 0.137187 0.491448 0.0 0.007254 1.641292 -15.912512 -0.163389 0.00871 12.845295 121.0
159 12410.0 0.129772 0.520318 0.0 0.004276 1.641292 -15.912512 -0.163389 0.00871 12.845295 121.0
160 12410.0 0.152211 0.520621 0.0 0.00787 1.641292 -15.912512 -0.163389 0.00871 12.845295 121.0
161 12410.0 0.157667 0.531569 0.0 0.009091 1.641292 -15.912512 -0.163389 0.00871 12.845295 121.0
162 12410.0 0.169588 0.534805 0.0 0.011099 1.641292 -15.912512 -0.163389 0.00871 12.845295 121.0
163 12410.0 0.197493 0.542872 0.0 0.026945 1.641292 -15.912512 -0.163389 0.00871 12.845295 121.0
164 12410.0 0.206608 0.530149 0.0 0.026625 1.641292 -15.912512 -0.163389 0.00871 12.845295 121.0
165 12410.0 0.238669 0.553749 0.0 0.0625 1.641292 -15.912512 -0.163389 0.00871 12.845295 121.0
166 12410.0 0.23968 0.540545 0.0 0.05608 1.641292 -15.912512 -0.163389 0.00871 12.845295 121.0
167 12410.0 0.237297 0.54822 0.0 0.058518 1.641292 -15.912512 -0.163389 0.00871 12.845295 121.0
168 12410.0 0.228772 0.54028 0.0 0.048077 1.641292 -15.912512 -0.163389 0.00871 12.845295 121.0
169 12410.0 0.243458 0.51903 0.0 0.047154 1.641292 -15.912512 -0.163389 0.00871 12.845295 121.0
170 12410.0 0.254574 0.50837 0.0 0.050164 1.641292 -15.912512 -0.163389 0.00871 12.845295 121.0
171 12410.0 0.267075 0.516184 0.0 0.062627 1.641292 -15.912512 -0.163389 0.00871 12.845295 121.0
172 12410.0 0.284597 0.517325 0.0 0.076092 1.641292 -15.912512 -0.163389 0.00871 12.845295 121.0
173 12410.0 0.275195 0.500998 0.0 0.062491 1.641292 -15.912512 -0.163389 0.00871 12.845295 121.0
174 12410.0 0.313799 0.488366 0.0 0.086043 1.641292 -15.912512 -0.163389 0.00871 12.845295 121.0
175 12410.0 0.316883 0.506113 0.0 0.095526 1.641292 -15.912512 -0.163389 0.00871 12.845295 121.0
176 12410.0 0.317328 0.497088 0.0 0.092199 1.641292 -15.912512 -0.163389 0.00871 12.845295 121.0
177 12410.0 0.318582 0.497673 0.0 0.093367 1.641292 -15.912512 -0.163389 0.00871 12.845295 121.0
178 12410.0 0.337886 0.496168 0.0 0.107095 1.641292 -15.912512 -0.163389 0.00871 12.845295 121.0
179 12410.0 0.344924 0.482585 0.0 0.106816 1.641292 -15.912512 -0.163389 0.00871 12.845295 121.0
180 12410.0 0.341062 0.492042 0.0 0.107781 1.641292 -15.912512 -0.163389 0.00871 12.845295 121.0
181 12410.0 0.35073 0.491646 0.0 0.114801 1.641292 -15.912512 -0.163389 0.00871 12.845295 121.0
182 12410.0 0.365265 0.495957 0.0 0.127343 1.641292 -15.912512 -0.163389 0.00871 12.845295 121.0
183 12410.0 0.338765 0.499481 0.0 0.10909 1.641292 -15.912512 -0.163389 0.00871 12.845295 121.0
184 12410.0 0.346966 0.493264 0.0 0.112661 1.641292 -15.912512 -0.163389 0.00871 12.845295 121.0
185 12410.0 0.364607 0.494655 0.0 0.126327 1.641292 -15.912512 -0.163389 0.00871 12.845295 121.0
186 12410.0 0.370775 0.514187 0.0 0.138824 1.641292 -15.912512 -0.163389 0.00871 12.845295 121.0
187 12410.0 0.382148 0.52452 0.0 0.151459 1.641292 -15.912512 -0.163389 0.00871 12.845295 121.0
188 12410.0 0.394619 0.491527 0.0 0.147349 1.641292 -15.912512 -0.163389 0.00871 12.845295 121.0
189 12410.0 0.394476 0.511109 0.0 0.15518 1.641292 -15.912512 -0.163389 0.00871 12.845295 121.0
190 12410.0 0.397126 0.524077 0.0 0.162403 1.641292 -15.912512 -0.163389 0.00871 12.845295 121.0
191 12410.0 0.38443 0.518286 0.0 0.150627 1.641292 -15.912512 -0.163389 0.00871 12.845295 121.0
192 12410.0 0.38617 0.536343 0.0 0.159343 1.641292 -15.912512 -0.163389 0.00871 12.845295 121.0
193 12410.0 0.401804 0.55779 0.0 0.182839 1.641292 -15.912512 -0.163389 0.00871 12.845295 121.0
194 12410.0 0.423164 0.561783 0.0 0.203887 1.641292 -15.912512 -0.163389 0.00871 12.845295 121.0
195 12410.0 0.444837 0.5566 0.0 0.218673 1.641292 -15.912512 -0.163389 0.00871 12.845295 121.0
196 12410.0 0.480133 0.553582 0.0 0.246613 1.641292 -15.912512 -0.163389 0.00871 12.845295 121.0
197 12410.0 0.494801 0.581328 0.0 0.278858 1.641292 -15.912512 -0.163389 0.00871 12.845295 121.0
198 12410.0 0.518703 0.564958 0.0 0.287584 1.641292 -15.912512 -0.163389 0.00871 12.845295 121.0
199 12410.0 0.492316 0.557318 0.0 0.259655 1.641292 -15.912512 -0.163389 0.00871 12.845295 121.0
200 12410.0 0.477222 0.561788 0.0 0.24997 1.641292 -15.912512 -0.163389 0.00871 12.845295 121.0
201 12410.0 0.477549 0.574171 0.0 0.25906 1.641292 -15.912512 -0.163389 0.00871 12.845295 121.0
202 12410.0 0.459824 0.559008 0.0 0.233162 1.641292 -15.912512 -0.163389 0.00871 12.845295 121.0
203 12410.0 0.466731 0.564185 0.0 0.242733 1.641292 -15.912512 -0.163389 0.00871 12.845295 121.0
204 12410.0 0.459045 0.58159 0.0 0.248565 1.641292 -15.912512 -0.163389 0.00871 12.845295 121.0
205 12410.0 0.44012 0.576324 0.0 0.228687 1.641292 -15.912512 -0.163389 0.00871 12.845295 121.0
206 12410.0 0.438149 0.583029 0.0 0.231777 1.641292 -15.912512 -0.163389 0.00871 12.845295 121.0
207 12410.0 0.445634 0.582574 0.0 0.237834 1.641292 -15.912512 -0.163389 0.00871 12.845295 121.0
208 12410.0 0.47364 0.581416 0.0 0.260883 1.641292 -15.912512 -0.163389 0.00871 12.845295 121.0
209 12410.0 0.482892 0.560098 0.0 0.253601 1.641292 -15.912512 -0.163389 0.00871 12.845295 121.0
210 12410.0 0.495989 0.553286 0.0 0.259952 1.641292 -15.912512 -0.163389 0.00871 12.845295 121.0
211 12410.0 0.520441 0.536321 0.0 0.271576 1.641292 -15.912512 -0.163389 0.00871 12.845295 121.0
212 12410.0 0.504503 0.535039 0.0 0.256898 1.641292 -15.912512 -0.163389 0.00871 12.845295 121.0
213 12410.0 0.516522 0.535782 0.0 0.267838 1.641292 -15.912512 -0.163389 0.00871 12.845295 121.0
214 12410.0 0.543434 0.527309 0.0 0.286502 1.641292 -15.912512 -0.163389 0.00871 12.845295 121.0
215 12410.0 0.5581 0.533246 0.0 0.302746 1.641292 -15.912512 -0.163389 0.00871 12.845295 121.0
216 12410.0 0.553447 0.539138 0.0 0.302067 1.641292 -15.912512 -0.163389 0.00871 12.845295 121.0
217 12410.0 0.553219 0.558326 0.0 0.312909 1.641292 -15.912512 -0.163389 0.00871 12.845295 121.0
218 12410.0 0.578149 0.53453 0.0 0.321021 1.641292 -15.912512 -0.163389 0.00871 12.845295 121.0
219 12410.0 0.575893 0.544997 0.0 0.325071 1.641292 -15.912512 -0.163389 0.00871 12.845295 121.0
220 12410.0 0.586627 0.543218 0.0 0.333436 1.641292 -15.912512 -0.163389 0.00871 12.845295 121.0
221 12410.0 0.617174 0.544011 0.0 0.360611 1.641292 -15.912512 -0.163389 0.00871 12.845295 121.0
222 12410.0 0.621013 0.538266 0.0 0.360662 1.641292 -15.912512 -0.163389 0.00871 12.845295 121.0
223 12410.0 0.634963 0.580761 0.0 0.397929 1.641292 -15.912512 -0.163389 0.00871 12.845295 121.0
224 12410.0 0.661652 0.595571 0.0 0.431217 1.641292 -15.912512 -0.163389 0.00871 12.845295 121.0
225 12410.0 0.66309 0.591779 0.0 0.429743 1.641292 -15.912512 -0.163389 0.00871 12.845295 121.0
226 12410.0 0.665765 0.596728 0.0 0.435545 1.641292 -15.912512 -0.163389 0.00871 12.845295 121.0
227 12410.0 0.665637 0.60789 0.0 0.443379 1.641292 -15.912512 -0.163389 0.00871 12.845295 121.0
228 12410.0 0.678264 0.637516 0.0 0.475222 1.641292 -15.912512 -0.163389 0.00871 12.845295 121.0
229 12410.0 0.67564 0.649235 0.0 0.481323 1.641292 -15.912512 -0.163389 0.00871 12.845295 121.0
230 12410.0 0.657949 0.635375 0.0 0.456381 1.641292 -15.912512 -0.163389 0.00871 12.845295 121.0
231 12410.0 0.679732 0.644689 0.0 0.481576 1.641292 -15.912512 -0.163389 0.00871 12.845295 121.0
232 12410.0 0.678801 0.667421 0.0 0.496957 1.641292 -15.912512 -0.163389 0.00871 12.845295 121.0
233 12410.0 0.682594 0.638568 0.0 0.479661 1.641292 -15.912512 -0.163389 0.00871 12.845295 121.0
234 12410.0 0.691492 0.623857 0.0 0.476778 1.641292 -15.912512 -0.163389 0.00871 12.845295 121.0
235 12410.0 0.69538 0.614711 0.0 0.473584 1.641292 -15.912512 -0.163389 0.00871 12.845295 121.0
236 12410.0 0.696712 0.604533 0.0 0.467478 1.641292 -15.912512 -0.163389 0.00871 12.845295 121.0
237 12410.0 0.69159 0.613747 0.0 0.469668 1.641292 -15.912512 -0.163389 0.00871 12.845295 121.0
238 12410.0 0.680279 0.586998 0.0 0.440994 1.641292 -15.912512 -0.163389 0.00871 12.845295 121.0
239 12410.0 0.693769 0.596422 0.0 0.459199 1.641292 -15.912512 -0.163389 0.00871 12.845295 121.0
240 12410.0 0.702454 0.60692 0.0 0.474071 1.641292 -15.912512 -0.163389 0.00871 12.845295 121.0
241 12410.0 0.707821 0.606474 0.0 0.478329 1.641292 -15.912512 -0.163389 0.00871 12.845295 121.0
242 12410.0 0.731381 0.59905 0.0 0.493129 1.641292 -15.912512 -0.163389 0.00871 12.845295 121.0
243 12410.0 0.729456 0.612559 0.0 0.5011 1.641292 -15.912512 -0.163389 0.00871 12.845295 121.0
244 12410.0 0.728545 0.617858 0.0 0.504094 1.641292 -15.912512 -0.163389 0.00871 12.845295 121.0
245 12410.0 0.688526 0.633282 0.0 0.480956 1.641292 -15.912512 -0.163389 0.00871 12.845295 121.0
246 12410.0 0.681385 0.641158 0.0 0.480473 1.641292 -15.912512 -0.163389 0.00871 12.845295 121.0
247 12410.0 0.683676 0.653044 0.0 0.490883 1.641292 -15.912512 -0.163389 0.00871 12.845295 121.0
248 12410.0 0.658826 0.652939 0.0 0.469625 1.641292 -15.912512 -0.163389 0.00871 12.845295 121.0
249 12410.0 0.686334 0.65333 0.0 0.493352 1.641292 -15.912512 -0.163389 0.00871 12.845295 121.0
250 12410.0 0.682217 0.667506 0.0 0.499929 1.641292 -15.912512 -0.163389 0.00871 12.845295 121.0
251 12410.0 0.681087 0.686401 0.0 0.51241 1.641292 -15.912512 -0.163389 0.00871 12.845295 121.0
252 12410.0 0.698638 0.697253 0.0 0.535092 1.641292 -15.912512 -0.163389 0.00871 12.845295 121.0
253 12410.0 0.719014 0.711945 0.0 0.562915 1.641292 -15.912512 -0.163389 0.00871 12.845295 121.0
254 12410.0 0.728627 0.719682 0.0 0.576613 1.641292 -15.912512 -0.163389 0.00871 12.845295 121.0
255 12410.0 0.721891 0.742769 0.0 0.587298 1.641292 -15.912512 -0.163389 0.00871 12.845295 121.0
256 12410.0 0.738015 0.746022 0.0 0.603357 1.641292 -15.912512 -0.163389 0.00871 12.845295 121.0
257 12410.0 0.728684 0.737251 0.0 0.589162 1.641292 -15.912512 -0.163389 0.00871 12.845295 121.0
258 12410.0 0.718134 0.734054 0.0 0.577895 1.641292 -15.912512 -0.163389 0.00871 12.845295 121.0
259 12410.0 0.741275 0.741298 0.0 0.602774 1.641292 -15.912512 -0.163389 0.00871 12.845295 121.0
260 12410.0 0.739714 0.768747 0.0 0.621192 1.641292 -15.912512 -0.163389 0.00871 12.845295 121.0
261 12410.0 0.746593 0.758473 0.0 0.619638 1.641292 -15.912512 -0.163389 0.00871 12.845295 121.0
262 12410.0 0.759791 0.751574 0.0 0.626055 1.641292 -15.912512 -0.163389 0.00871 12.845295 121.0
263 12410.0 0.757657 0.755217 0.0 0.626872 1.641292 -15.912512 -0.163389 0.00871 12.845295 121.0
264 12410.0 0.735282 0.76567 0.0 0.615079 1.641292 -15.912512 -0.163389 0.00871 12.845295 121.0
265 12410.0 0.760795 0.774362 0.0 0.643649 1.641292 -15.912512 -0.163389 0.00871 12.845295 121.0
266 12410.0 0.779595 0.784042 0.0 0.667105 1.641292 -15.912512 -0.163389 0.00871 12.845295 121.0
267 12410.0 0.767188 0.759252 0.0 0.638124 1.641292 -15.912512 -0.163389 0.00871 12.845295 121.0
268 12410.0 0.791105 0.756865 0.0 0.657176 1.641292 -15.912512 -0.163389 0.00871 12.845295 121.0
269 12410.0 0.802994 0.772562 0.0 0.679036 1.641292 -15.912512 -0.163389 0.00871 12.845295 121.0
270 12410.0 0.811346 0.773677 0.0 0.687119 1.641292 -15.912512 -0.163389 0.00871 12.845295 121.0
271 12410.0 0.806739 0.784616 0.0 0.691137 1.641292 -15.912512 -0.163389 0.00871 12.845295 121.0
272 12410.0 0.795276 0.780641 0.0 0.678249 1.641292 -15.912512 -0.163389 0.00871 12.845295 121.0
273 12410.0 0.777327 0.775903 0.0 0.65916 1.641292 -15.912512 -0.163389 0.00871 12.845295 121.0
274 12410.0 0.781285 0.74984 0.0 0.64348 1.641292 -15.912512 -0.163389 0.00871 12.845295 121.0
275 12410.0 0.805774 0.773139 0.0 0.681877 1.641292 -15.912512 -0.163389 0.00871 12.845295 121.0
276 12410.0 0.824787 0.767335 0.0 0.694157 1.641292 -15.912512 -0.163389 0.00871 12.845295 121.0
277 12410.0 0.826627 0.753537 0.0 0.685634 1.641292 -15.912512 -0.163389 0.00871 12.845295 121.0
278 12410.0 0.840833 0.773253 0.0 0.712457 1.641292 -15.912512 -0.163389 0.00871 12.845295 121.0
279 12410.0 0.83827 0.785393 0.0 0.719135 1.641292 -15.912512 -0.163389 0.00871 12.845295 121.0
280 12410.0 0.831499 0.815695 0.0 0.735478 1.641292 -15.912512 -0.163389 0.00871 12.845295 121.0
281 12410.0 0.8457 0.829355 0.0 0.757853 1.641292 -15.912512 -0.163389 0.00871 12.845295 121.0
282 12410.0 0.877309 0.840755 0.0 0.793713 1.641292 -15.912512 -0.163389 0.00871 12.845295 121.0
283 12410.0 0.88126 0.856141 0.0 0.808439 1.641292 -15.912512 -0.163389 0.00871 12.845295 121.0
284 12410.0 0.877144 0.868049 0.0 0.813596 1.641292 -15.912512 -0.163389 0.00871 12.845295 121.0
285 12410.0 0.887136 0.869216 0.0 0.823144 1.641292 -15.912512 -0.163389 0.00871 12.845295 121.0
286 12410.0 0.861465 0.887889 0.0 0.814515 1.641292 -15.912512 -0.163389 0.00871 12.845295 121.0
287 12410.0 0.87394 0.882116 0.0 0.82113 1.641292 -15.912512 -0.163389 0.00871 12.845295 121.0
