 time p.x p.y p.z deep.node-0 CV opes.bias opes.rct opes.zed opes.neff opes.nker
0 14465.0 -0.931869 1.002019 0.0 -0.824567 1.585717 -14.784874 -0.178758 0.008298 12.845295 127.0
1 14465.0 -0.930587 0.987469 0.0 -0.815655 1.585717 -14.784874 -0.178758 0.008298 12.845295 127.0
2 14465.0 -0.93171 0.955432 0.0 -0.796798 1.585717 -14.784874 -0.178758 0.008298 12.845295 127.0
3 14465.0 -0.924447 0.933748 0.0 -0.778482 1.585717 -14.784874 -0.178758 0.008298 12.845295 127.0
4 14465.0 -0.890438 0.883058 0.0 -0.723941 1.585717 -14.784874 -0.178758 0.008298 12.845295 127.0
5 14465.0 -0.882178 0.851411 0.0 -0.693557 1.585717 -14.784874 -0.178758 0.008298 12.845295 127.0
6 14465.0 -0.854399 0.843614 0.0 -0.67739 1.585717 -14.784874 -0.178758 0.008298 12.845295 127.0
7 14465.0 -0.846602 0.830256 0.0 -0.663112 1.585717 -14.784874 -0.178758 0.008298 12.845295 127.0
8 14465.0 -0.817314 0.817356 0.0 -0.641985 1.585717 -14.784874 -0.178758 0.008298 12.845295 127.0
9 14465.0 -0.805812 0.808586 0.0 -0.630458 1.585717 -14.784874 -0.178758 0.008298 12.845295 127.0
10 14465.0 -0.795252 0.81221 0.0 -0.630058 1.585717 -14.784874 -0.178758 0.008298 12.845295 127.0
11 14465.0 -0.774793 0.802407 0.0 -0.614611 1.585717 -14.784874 -0.178758 0.008298 12.845295 127.0
12 14465.0 -0.764793 0.779701 0.0 -0.591437 1.585717 -14.784874 -0.178758 0.008298 12.845295 127.0
13 14465.0 -0.772097 0.756694 0.0 -0.573808 1.585717 -14.784874 -0.178758 0.008298 12.845295 127.0
14 14465.0 -0.77315 0.744123 0.0 -0.563058 1.585717 -14.784874 -0.178758 0.008298 12.845295 127.0
15 14465.0 -0.7674 0.727689 0.0 -0.54418 1.585717 -14.784874 -0.178758 0.008298 12.845295 127.0
16 14465.0 -0.771055 0.716335 0.0 -0.532996 1.585717 -14.784874 -0.178758 0.008298 12.845295 127.0
17 14465.0 -0.761818 0.728772 0.0 -0.543081 1.585717 -14.784874 -0.178758 0.008298 12.845295 127.0
18 14465.0 -0.761915 0.722857 0.0 -0.536507 1.585717 -14.784874 -0.178758 0.008298 12.845295 127.0
19 14465.0 -0.753497 0.730538 0.0 -0.541613 1.585717 -14.784874 -0.178758 0.008298 12.845295 127.0
20 14465.0 -0.733249 0.719999 0.0 -0.521451 1.585717 -14.784874 -0.178758 0.008298 12.845295 127.0
21 14465.0 -0.734267 0.705227 0.0 -0.505355 1.585717 -14.784874 -0.178758 0.008298 12.845295 127.0
22 14465.0 -0.710081 0.7147 0.0 -0.505939 1.585717 -14.784874 -0.178758 0.008298 12.845295 127.0
23 14465.0 -0.725655 0.699306 0.0 -0.49517 1.585717 -14.784874 -0.178758 0.008298 12.845295 127.0
24 14465.0 -0.740548 0.693413 0.0 -0.494744 1.585717 -14.784874 -0.178758 0.008298 12.845295 127.0
25 14465.0 -0.749145 0.680614 0.0 -0.48399 1.585717 -14.784874 -0.178758 0.008298 12.845295 127.0
26 14465.0 -0.747252 0.702184 0.0 -0.507324 1.585717 -14.784874 -0.178758 0.008298 12.845295 127.0
27 14465.0 -0.743182 0.674999 0.0 -0.475244 1.585717 -14.784874 -0.178758 0.008298 12.845295 127.0
28 14465.0 -0.736522 0.657615 0.0 -0.453051 1.585717 -14.784874 -0.178758 0.008298 12.845295 127.0
29 14465.0 -0.698488 0.639367 0.0 -0.416909 1.585717 -14.784874 -0.178758 0.008298 12.845295 127.0
30 14465.0 -0.714506 0.640403 0.0 -0.424695 1.585717 -14.784874 -0.178758 0.008298 12.845295 127.0
31 14465.0 -0.695999 0.647927 0.0 -0.425451 1.585717 -14.784874 -0.178758 0.008298 12.845295 127.0
32 14465.0 -0.681879 0.625871 0.0 -0.394946 1.585717 -14.784874 -0.178758 0.008298 12.845295 127.0
33 14465.0 -0.662561 0.629177 0.0 -0.39065 1.585717 -14.784874 -0.178758 0.008298 12.845295 127.0
34 14465.0 -0.659831 0.599054 0.0 -0.355838 1.585717 -14.784874 -0.178758 0.008298 12.845295 127.0
35 14465.0 -0.628478 0.577044 0.0 -0.31675 1.585717 -14.784874 -0.178758 0.008298 12.845295 127.0
36 14465.0 -0.617133 0.584314 0.0 -0.3204 1.585717 -14.784874 -0.178758 0.008298 12.845295 127.0
37 14465.0 -0.580805 0.598473 0.0 -0.319739 1.585717 -14.784874 -0.178758 0.008298 12.845295 127.0
38 14465.0 -0.585607 0.575083 0.0 -0.290332 1.585717 -14.784874 -0.178758 0.008298 12.845295 127.0
39 14465.0 -0.589839 0.560187 0.0 -0.271343 1.585717 -14.784874 -0.178758 0.008298 12.845295 127.0
40 14465.0 -0.592871 0.553073 0.0 -0.26267 1.585717 -14.784874 -0.178758 0.008298 12.845295 127.0
41 14465.0 -0.552666 0.526495 0.0 -0.181397 1.585717 -14.784874 -0.178758 0.008298 12.845295 127.0
42 14465.0 -0.528506 0.53773 0.0 -0.180246 1.585717 -14.784874 -0.178758 0.008298 12.845295 127.0
43 14465.0 -0.507934 0.554345 0.0 -0.188881 1.585717 -14.784874 -0.178758 0.008298 12.845295 127.0
44 14465.0 -0.483612 0.525513 0.0 -0.132965 1.585717 -14.784874 -0.178758 0.008298 12.845295 127.0
45 14465.0 -0.454927 0.496038 0.0 -0.092383 1.585717 -14.784874 -0.178758 0.008298 12.845295 127.0
46 14465.0 -0.444669 0.498364 0.0 -0.090619 1.585717 -14.784874 -0.178758 0.008298 12.845295 127.0
47 14465.0 -0.459045 0.524545 0.0 -0.121151 1.585717 -14.784874 -0.178758 0.008298 12.845295 127.0
48 14465.0 -0.433245 0.491461 0.0 -0.079609 1.585717 -14.784874 -0.178758 0.008298 12.845295 127.0
49 14465.0 -0.435623 0.495931 0.0 -0.084792 1.585717 -14.784874 -0.178758 0.008298 12.845295 127.0
50 14465.0 -0.408067 0.488056 0.0 -0.066596 1.585717 -14.784874 -0.178758 0.008298 12.845295 127.0
51 14465.0 -0.410088 0.514247 0.0 -0.092343 1.585717 -14.784874 -0.178758 0.008298 12.845295 127.0
52 14465.0 -0.359572 0.52008 0.0 -0.078306 1.585717 -14.784874 -0.178758 0.008298 12.845295 127.0
53 14465.0 -0.379204 0.52065 0.0 -0.086465 1.585717 -14.784874 -0.178758 0.008298 12.845295 127.0
54 14465.0 -0.380883 0.521528 0.0 -0.087953 1.585717 -14.784874 -0.178758 0.008298 12.845295 127.0
55 14465.0 -0.373646 0.518035 0.0 -0.081816 1.585717 -14.784874 -0.178758 0.008298 12.845295 127.0
56 14465.0 -0.368618 0.484314 0.0 -0.047725 1.585717 -14.784874 -0.178758 0.008298 12.845295 127.0
57 14465.0 -0.359536 0.50757 0.0 -0.066368 1.585717 -14.784874 -0.178758 0.008298 12.845295 127.0
58 14465.0 -0.326204 0.505624 0.0 -0.051582 1.585717 -14.784874 -0.178758 0.008298 12.845295 127.0
59 14465.0 -0.330435 0.520471 0.0 -0.067374 1.585717 -14.784874 -0.178758 0.008298 12.845295 127.0
60 14465.0 -0.36075 0.531702 0.0 -0.089839 1.585717 -14.784874 -0.178758 0.008298 12.845295 127.0
61 14465.0 -0.349491 0.524449 0.0 -0.078559 1.585717 -14.784874 -0.178758 0.008298 12.845295 127.0
62 14465.0 -0.34784 0.530169 0.0 -0.08337 1.585717 -14.784874 -0.178758 0.008298 12.845295 127.0
63 14465.0 -0.362234 0.547858 0.0 -0.105814 1.585717 -14.784874 -0.178758 0.008298 12.845295 127.0
64 14465.0 -0.332469 0.539236 0.0 -0.086049 1.585717 -14.784874 -0.178758 0.008298 12.845295 127.0
65 14465.0 -0.317113 0.520809 0.0 -0.062529 1.585717 -14.784874 -0.178758 0.008298 12.845295 127.0
66 14465.0 -0.322515 0.535175 0.0 -0.078317 1.585717 -14.784874 -0.178758 0.008298 12.845295 127.0
67 14465.0 -0.33607 0.536469 0.0 -0.084809 1.585717 -14.784874 -0.178758 0.008298 12.845295 127.0
68 14465.0 -0.337401 0.533317 0.0 -0.08232 1.585717 -14.784874 -0.178758 0.008298 12.845295 127.0
69 14465.0 -0.316347 0.512396 0.0 -0.054213 1.585717 -14.784874 -0.178758 0.008298 12.845295 127.0
70 14465.0 -0.312968 0.503638 0.0 -0.044555 1.585717 -14.784874 -0.178758 0.008298 12.845295 127.0
71 14465.0 -0.305511 0.502841 0.0 -0.040902 1.585717 -14.784874 -0.178758 0.008298 12.845295 127.0
72 14465.0 -0.307565 0.506776 0.0 -0.045449 1.585717 -14.784874 -0.178758 0.008298 12.845295 127.0
73 14465.0 -0.277949 0.502214 0.0 -0.031415 1.585717 -14.784874 -0.178758 0.008298 12.845295 127.0
74 14465.0 -0.275056 0.487959 0.0 -0.019046 1.585717 -14.784874 -0.178758 0.008298 12.845295 127.0
75 14465.0 -0.268286 0.47614 0.0 -0.007439 1.585717 -14.784874 -0.178758 0.008298 12.845295 127.0
76 14465.0 -0.27588 0.476823 0.0 -0.010337 1.585717 -14.784874 -0.178758 0.008298 12.845295 127.0
77 14465.0 -0.255454 0.488011 0.0 -0.013028 1.585717 -14.784874 -0.178758 0.008298 12.845295 127.0
78 14465.0 -0.251262 0.486188 0.0 -0.010264 1.585717 -14.784874 -0.178758 0.008298 12.845295 127.0
79 14465.0 -0.257645 0.494671 0.0 -0.019066 1.585717 -14.784874 -0.178758 0.008298 12.845295 127.0
80 14465.0 -0.259798 0.506773 0.0 -0.029472 1.585717 -14.784874 -0.178758 0.008298 12.845295 127.0
81 14465.0 -0.266906 0.49025 0.0 -0.01837 1.585717 -14.784874 -0.178758 0.008298 12.845295 127.0
82 14465.0 -0.25135 0.491602 0.0 -0.014649 1.585717 -14.784874 -0.178758 0.008298 12.845295 127.0
83 14465.0 -0.289589 0.499303 0.0 -0.03267 1.585717 -14.784874 -0.178758 0.008298 12.845295 127.0
84 14465.0 -0.277284 0.529938 0.0 -0.055778 1.585717 -14.784874 -0.178758 0.008298 12.845295 127.0
85 14465.0 -0.284853 0.534748 0.0 -0.063299 1.585717 -14.784874 -0.178758 0.008298 12.845295 127.0
86 14465.0 -0.287598 0.537268 0.0 -0.066766 1.585717 -14.784874 -0.178758 0.008298 12.845295 127.0
87 14465.0 -0.302973 0.531479 0.0 -0.067213 1.585717 -14.784874 -0.178758 0.008298 12.845295 127.0
88 14465.0 -0.301393 0.522759 0.0 -0.058288 1.585717 -14.784874 -0.178758 0.008298 12.845295 127.0
89 14465.0 -0.273139 0.515414 0.0 -0.040553 1.585717 -14.784874 -0.178758 0.008298 12.845295 127.0
90 14465.0 -0.273179 0.532893 0.0 -0.057002 1.585717 -14.784874 -0.178758 0.008298 12.845295 127.0
91 14465.0 -0.264339 0.537864 0.0 -0.058311 1.585717 -14.784874 -0.178758 0.008298 12.845295 127.0
92 14465.0 -0.236433 0.533418 0.0 -0.043697 1.585717 -14.784874 -0.178758 0.008298 12.845295 127.0
93 14465.0 -0.219454 0.539037 0.0 -0.042971 1.585717 -14.784874 -0.178758 0.008298 12.845295 127.0
94 14465.0 -0.211418 0.541985 0.0 -0.042859 1.585717 -14.784874 -0.178758 0.008298 12.845295 127.0
95 14465.0 -0.202077 0.532945 0.0 -0.032694 1.585717 -14.784874 -0.178758 0.008298 12.845295 127.0
96 14465.0 -0.18096 0.539926 0.0 -0.031785 1.585717 -14.784874 -0.178758 0.008298 12.845295 127.0
97 14465.0 -0.189067 0.508924 0.0 -0.009337 1.585717 -14.784874 -0.178758 0.008298 12.845295 127.0
98 14465.0 -0.168633 0.506508 0.0 -0.001074 1.585717 -14.784874 -0.178758 0.008298 12.845295 127.0
99 14465.0 -0.170594 0.509928 0.0 -0.004433 1.585717 -14.784874 -0.178758 0.008298 12.845295 127.0
100 14465.0 -0.176549 0.526806 0.0 -0.019861 1.585717 -14.784874 -0.178758 0.008298 12.845295 127.0
101 14465.0 -0.158083 0.509268 0.0 -3.4e-05 1.585717 -14.784874 -0.178758 0.008298 12.845295 127.0
102 14465.0 -0.137996 0.488566 0.0 0.019326 1.585717 -14.784874 -0.178758 0.008298 12.845295 127.0
103 14465.0 -0.126134 0.506577 0.0 0.009456 1.585717 -14.784874 -0.178758 0.008298 12.845295 127.0
104 14465.0 -0.131451 0.524373 0.0 -0.003959 1.585717 -14.784874 -0.178758 0.008298 12.845295 127.0
105 14465.0 -0.145259 0.525456 0.0 -0.0091 1.585717 -14.784874 -0.178758 0.008298 12.845295 127.0
106 14465.0 -0.111696 0.515907 0.0 0.005982 1.585717 -14.784874 -0.178758 0.008298 12.845295 127.0
107 14465.0 -0.066411 0.513607 0.0 0.007178 1.585717 -14.784874 -0.178758 0.008298 12.845295 127.0
108 14465.0 -0.049221 0.521269 0.0 0.003132 1.585717 -14.784874 -0.178758 0.008298 12.845295 127.0
109 14465.0 -0.046225 0.529692 0.0 -0.000337 1.585717 -14.784874 -0.178758 0.008298 12.845295 127.0
110 14465.0 -0.024822 0.531334 0.0 -0.00185 1.585717 -14.784874 -0.178758 0.008298 12.845295 127.0
111 14465.0 0.000494 0.508318 0.0 0.005119 1.585717 -14.784874 -0.178758 0.008298 12.845295 127.0
112 14465.0 0.006655 0.515903 0.0 0.002241 1.585717 -14.784874 -0.178758 0.008298 12.845295 127.0
113 14465.0 0.013551 0.509592 0.0 0.004038 1.585717 -14.784874 -0.178758 0.008298 12.845295 127.0
114 14465.0 0.056492 0.495467 0.0 0.007491 1.585717 -14.784874 -0.178758 0.008298 12.845295 127.0
115 14465.0 0.067589 0.492825 0.0 0.008073 1.585717 -14.784874 -0.178758 0.008298 12.845295 127.0
116 14465.0 0.098612 0.512516 0.0 0.001378 1.585717 -14.784874 -0.178758 0.008298 12.845295 127.0
117 14465.0 0.108134 0.518348 0.0 0.000758 1.585717 -14.784874 -0.178758 0.008298 12.845295 127.0
118 14465.0 0.091512 0.497049 0.0 0.006279 1.585717 -14.784874 -0.178758 0.008298 12.845295 127.0
119 14465.0 0.075541 0.476283 0.0 0.013489 1.585717 -14.784874 -0.178758 0.008298 12.845295 127.0
120 14465.0 0.068077 0.498157 0.0 0.006424 1.585717 -14.784874 -0.178758 0.008298 12.845295 127.0
121 14465.0 0.067505 0.502717 0.0 0.005034 1.585717 -14.784874 -0.178758 0.008298 12.845295 127.0
122 14465.0 0.054227 0.503786 0.0 0.00498 1.585717 -14.784874 -0.178758 0.008298 12.845295 127.0
123 14465.0 0.052079 0.510096 0.0 0.003085 1.585717 -14.784874 -0.178758 0.008298 12.845295 127.0
124 14465.0 0.083397 0.51133 0.0 0.002058 1.585717 -14.784874 -0.178758 0.008298 12.845295 127.0
125 14465.0 0.09257 0.49522 0.0 0.00682 1.585717 -14.784874 -0.178758 0.008298 12.845295 127.0
126 14465.0 0.093785 0.50068 0.0 0.005116 1.585717 -14.784874 -0.178758 0.008298 12.845295 127.0
127 14465.0 0.0909 0.490075 0.0 0.008436 1.585717 -14.784874 -0.178758 0.008298 12.845295 127.0
128 14465.0 0.076165 0.514092 0.0 0.001358 1.585717 -14.784874 -0.178758 0.008298 12.845295 127.0
129 14465.0 0.081168 0.505493 0.0 0.003898 1.585717 -14.784874 -0.178758 0.008298 12.845295 127.0
130 14465.0 0.096244 0.518034 0.0 -0.000269 1.585717 -14.784874 -0.178758 0.008298 12.845295 127.0
131 14465.0 0.080361 0.516667 0.0 0.00048 1.585717 -14.784874 -0.178758 0.008298 12.845295 127.0
132 14465.0 0.101133 0.523537 0.0 -0.000195 1.585717 -14.784874 -0.178758 0.008298 12.845295 127.0
133 14465.0 0.12318 0.509626 0.0 0.002882 1.585717 -14.784874 -0.178758 0.008298 12.845295 127.0
134 14465.0 0.134589 0.495614 0.0 0.005828 1.585717 -14.784874 -0.178758 0.008298 12.845295 127.0
135 14465.0 0.130863 0.531076 0.0 0.004795 1.585717 -14.784874 -0.178758 0.008298 12.845295 127.0
136 14465.0 0.127394 0.51737 0.0 0.003802 1.585717 -14.784874 -0.178758 0.008298 12.845295 127.0
137 14465.0 0.110058 0.482387 0.0 0.010871 1.585717 -14.784874 -0.178758 0.008298 12.845295 127.0
138 14465.0 0.102211 0.504745 0.0 0.003692 1.585717 -14.784874 -0.178758 0.008298 12.845295 127.0
139 14465.0 0.083633 0.488859 0.0 0.00896 1.585717 -14.784874 -0.178758 0.008298 12.845295 127.0
140 14465.0 0.124904 0.479179 0.0 0.011879 1.585717 -14.784874 -0.178758 0.008298 12.845295 127.0
141 14465.0 0.115499 0.475317 0.0 0.013397 1.585717 -14.784874 -0.178758 0.008298 12.845295 127.0
142 14465.0 0.114308 0.473303 0.0 0.014147 1.585717 -14.784874 -0.178758 0.008298 12.845295 127.0
143 14465.0 0.118308 0.47361 0.0 0.01399 1.585717 -14.784874 -0.178758 0.008298 12.845295 127.0
144 14465.0 0.117135 0.499308 0.0 0.005054 1.585717 -14.784874 -0.178758 0.008298 12.845295 127.0
145 14465.0 0.113744 0.507239 0.0 0.002686 1.585717 -14.784874 -0.178758 0.008298 12.845295 127.0
146 14465.0 0.131705 0.51632 0.0 0.004457 1.585717 -14.784874 -0.178758 0.008298 12.845295 127.0
147 14465.0 0.131351 0.497102 0.0 0.005438 1.585717 -14.784874 -0.178758 0.008298 12.845295 127.0
148 14465.0 0.132419 0.483811 0.0 0.010101 1.585717 -14.784874 -0.178758 0.008298 12.845295 127.0
149 14465.0 0.127561 0.49793 0.0 0.005262 1.585717 -14.784874 -0.178758 0.008298 12.845295 127.0
150 14465.0 0.103181 0.502008 0.0 0.004513 1.585717 -14.784874 -0.178758 0.008298 12.845295 127.0
151 14465.0 0.10024 0.495634 0.0 0.006533 1.585717 -14.784874 -0.178758 0.008298 12.845295 127.0
152 14465.0 0.108827 0.495857 0.0 0.006287 1.585717 -14.784874 -0.178758 0.008298 12.845295 127.0
153 14465.0 0.104614 0.480459 0.0 0.011637 1.585717 -14.784874 -0.178758 0.008298 12.845295 127.0
154 14465.0 0.10665 0.483416 0.0 0.010533 1.585717 -14.784874 -0.178758 0.008298 12.845295 127.0
155 14465.0 0.106411 0.477374 0.0 0.012746 1.585717 -14.784874 -0.178758 0.008298 12.845295 127.0
156 14465.0 0.105904 0.515822 0.0 0.000321 1.585717 -14.784874 -0.178758 0.008298 12.845295 127.0
157 14465.0 0.126201 0.491405 0.0 0.007392 1.585717 -14.784874 -0.178758 0.008298 12.845295 127.0
158 14465.0 0.144402 0.499485 0.0 0.005947 1.585717 -14.784874 -0.178758 0.008298 12.845295 127.0
159 14465.0 0.157582 0.496598 0.0 0.008175 1.585717 -14.784874 -0.178758 0.008298 12.845295 127.0
160 14465.0 0.152441 0.500001 0.0 0.007247 1.585717 -14.784874 -0.178758 0.008298 12.845295 127.0
161 14465.0 0.156966 0.492356 0.0 0.008505 1.585717 -14.784874 -0.178758 0.008298 12.845295 127.0
162 14465.0 0.149029 0.494453 0.0 0.006842 1.585717 -14.784874 -0.178758 0.008298 12.845295 127.0
163 14465.0 0.142469 0.501673 0.0 0.005708 1.585717 -14.784874 -0.178758 0.008298 12.845295 127.0
164 14465.0 0.151244 0.506536 0.0 0.007265 1.585717 -14.784874 -0.178758 0.008298 12.845295 127.0
165 14465.0 0.167783 0.498547 0.0 0.009829 1.585717 -14.784874 -0.178758 0.008298 12.845295 127.0
166 14465.0 0.142921 0.490666 0.0 0.007476 1.585717 -14.784874 -0.178758 0.008298 12.845295 127.0
167 14465.0 0.132075 0.48033 0.0 0.011379 1.585717 -14.784874 -0.178758 0.008298 12.845295 127.0
168 14465.0 0.132267 0.486104 0.0 0.009264 1.585717 -14.784874 -0.178758 0.008298 12.845295 127.0
169 14465.0 0.145444 0.501822 0.0 0.006188 1.585717 -14.784874 -0.178758 0.008298 12.845295 127.0
170 14465.0 0.134451 0.494527 0.0 0.006165 1.585717 -14.784874 -0.178758 0.008298 12.845295 127.0
171 14465.0 0.147592 0.499607 0.0 0.00646 1.585717 -14.784874 -0.178758 0.008298 12.845295 127.0
172 14465.0 0.157014 0.503064 0.0 0.008075 1.585717 -14.784874 -0.178758 0.008298 12.845295 127.0
173 14465.0 0.180748 0.524576 0.0 0.012554 1.585717 -14.784874 -0.178758 0.008298 12.845295 127.0
174 14465.0 0.175369 0.523845 0.0 0.011671 1.585717 -14.784874 -0.178758 0.008298 12.845295 127.0
175 14465.0 0.168546 0.505808 0.0 0.010005 1.585717 -14.784874 -0.178758 0.008298 12.845295 127.0
176 14465.0 0.158182 0.520277 0.0 0.008812 1.585717 -14.784874 -0.178758 0.008298 12.845295 127.0
177 14465.0 0.15458 0.524644 0.0 0.008377 1.585717 -14.784874 -0.178758 0.008298 12.845295 127.0
178 14465.0 0.138482 0.512939 0.0 0.005431 1.585717 -14.784874 -0.178758 0.008298 12.845295 127.0
179 14465.0 0.145211 0.533747 0.0 0.007172 1.585717 -14.784874 -0.178758 0.008298 12.845295 127.0
180 14465.0 0.152722 0.536495 0.0 0.008459 1.585717 -14.784874 -0.178758 0.008298 12.845295 127.0
181 14465.0 0.146488 0.535623 0.0 0.007436 1.585717 -14.784874 -0.178758 0.008298 12.845295 127.0
182 14465.0 0.153108 0.551281 0.0 0.008994 1.585717 -14.784874 -0.178758 0.008298 12.845295 127.0
183 14465.0 0.141413 0.534937 0.0 0.006603 1.585717 -14.784874 -0.178758 0.008298 12.845295 127.0
184 14465.0 0.1403 0.551577 0.0 0.006958 1.585717 -14.784874 -0.178758 0.008298 12.845295 127.0
185 14465.0 0.170456 0.54278 0.0 0.011493 1.585717 -14.784874 -0.178758 0.008298 12.845295 127.0
186 14465.0 0.175434 0.545417 0.0 0.012431 1.585717 -14.784874 -0.178758 0.008298 12.845295 127.0
187 14465.0 0.180717 0.5356 0.0 0.012902 1.585717 -14.784874 -0.178758 0.008298 12.845295 127.0
188 14465.0 0.171453 0.509083 0.0 0.010574 1.585717 -14.784874 -0.178758 0.008298 12.845295 127.0
189 14465.0 0.196204 0.502879 0.0 0.014549 1.585717 -14.784874 -0.178758 0.008298 12.845295 127.0
190 14465.0 0.204017 0.507212 0.0 0.015715 1.585717 -14.784874 -0.178758 0.008298 12.845295 127.0
191 14465.0 0.230972 0.52698 0.0 0.042462 1.585717 -14.784874 -0.178758 0.008298 12.845295 127.0
192 14465.0 0.248478 0.488037 0.0 0.037396 1.585717 -14.784874 -0.178758 0.008298 12.845295 127.0
193 14465.0 0.253978 0.505735 0.0 0.048654 1.585717 -14.784874 -0.178758 0.008298 12.845295 127.0
194 14465.0 0.268574 0.493503 0.0 0.054536 1.585717 -14.784874 -0.178758 0.008298 12.845295 127.0
195 14465.0 0.265828 0.517153 0.0 0.062255 1.585717 -14.784874 -0.178758 0.008298 12.845295 127.0
196 14465.0 0.262325 0.511182 0.0 0.057061 1.585717 -14.784874 -0.178758 0.008298 12.845295 127.0
197 14465.0 0.257913 0.512283 0.0 0.05423 1.585717 -14.784874 -0.178758 0.008298 12.845295 127.0
198 14465.0 0.269858 0.523088 0.0 0.06837 1.585717 -14.784874 -0.178758 0.008298 12.845295 127.0
199 14465.0 0.287216 0.519079 0.0 0.078748 1.585717 -14.784874 -0.178758 0.008298 12.845295 127.0
200 14465.0 0.327325 0.516926 0.0 0.107665 1.585717 -14.784874 -0.178758 0.008298 12.845295 127.0
201 14465.0 0.346646 0.522811 0.0 0.124399 1.585717 -14.784874 -0.178758 0.008298 12.845295 127.0
202 14465.0 0.370323 0.515823 0.0 0.139152 1.585717 -14.784874 -0.178758 0.008298 12.845295 127.0
203 14465.0 0.353241 0.504171 0.0 0.121742 1.585717 -14.784874 -0.178758 0.008298 12.845295 127.0
204 14465.0 0.370791 0.514833 0.0 0.139098 1.585717 -14.784874 -0.178758 0.008298 12.845295 127.0
205 14465.0 0.384218 0.503147 0.0 0.144334 1.585717 -14.784874 -0.178758 0.008298 12.845295 127.0
206 14465.0 0.405736 0.489376 0.0 0.154734 1.585717 -14.784874 -0.178758 0.008298 12.845295 127.0
207 14465.0 0.431313 0.500903 0.0 0.178402 1.585717 -14.784874 -0.178758 0.008298 12.845295 127.0
208 14465.0 0.466534 0.505304 0.0 0.206893 1.585717 -14.784874 -0.178758 0.008298 12.845295 127.0
209 14465.0 0.467161 0.504429 0.0 0.206949 1.585717 -14.784874 -0.178758 0.008298 12.845295 127.0
210 14465.0 0.494425 0.518733 0.0 0.238755 1.585717 -14.784874 -0.178758 0.008298 12.845295 127.0
211 14465.0 0.485376 0.552622 0.0 0.250399 1.585717 -14.784874 -0.178758 0.008298 12.845295 127.0
212 14465.0 0.491908 0.56049 0.0 0.261564 1.585717 -14.784874 -0.178758 0.008298 12.845295 127.0
213 14465.0 0.508571 0.543752 0.0 0.26547 1.585717 -14.784874 -0.178758 0.008298 12.845295 127.0
214 14465.0 0.516907 0.568513 0.0 0.288583 1.585717 -14.784874 -0.178758 0.008298 12.845295 127.0
215 14465.0 0.510424 0.571599 0.0 0.285253 1.585717 -14.784874 -0.178758 0.008298 12.845295 127.0
216 14465.0 0.524606 0.582578 0.0 0.305153 1.585717 -14.784874 -0.178758 0.008298 12.845295 127.0
217 14465.0 0.526091 0.588881 0.0 0.310903 1.585717 -14.784874 -0.178758 0.008298 12.845295 127.0
218 14465.0 0.513742 0.58236 0.0 0.295737 1.585717 -14.784874 -0.178758 0.008298 12.845295 127.0
219 14465.0 0.528488 0.575086 0.0 0.303131 1.585717 -14.784874 -0.178758 0.008298 12.845295 127.0
220 14465.0 0.549087 0.595984 0.0 0.335559 1.585717 -14.784874 -0.178758 0.008298 12.845295 127.0
221 14465.0 0.553691 0.586043 0.0 0.33241 1.585717 -14.784874 -0.178758 0.008298 12.845295 127.0
222 14465.0 0.545175 0.597095 0.0 0.333015 1.585717 -14.784874 -0.178758 0.008298 12.845295 127.0
223 14465.0 0.545095 0.597775 0.0 0.33343 1.585717 -14.784874 -0.178758 0.008298 12.845295 127.0
224 14465.0 0.571183 0.603143 0.0 0.359488 1.585717 -14.784874 -0.178758 0.008298 12.845295 127.0
225 14465.0 0.584491 0.614167 0.0 0.378675 1.585717 -14.784874 -0.178758 0.008298 12.845295 127.0
226 14465.0 0.570249 0.619124 0.0 0.370063 1.585717 -14.784874 -0.178758 0.008298 12.845295 127.0
227 14465.0 0.595749 0.60013 0.0 0.378284 1.585717 -14.784874 -0.178758 0.008298 12.845295 127.0
228 14465.0 0.585977 0.573868 0.0 0.351269 1.585717 -14.784874 -0.178758 0.008298 12.845295 127.0
229 14465.0 0.577402 0.549631 0.0 0.329058 1.585717 -14.784874 -0.178758 0.008298 12.845295 127.0
230 14465.0 0.578565 0.563696 0.0 0.338168 1.585717 -14.784874 -0.178758 0.008298 12.845295 127.0
231 14465.0 0.602311 0.570296 0.0 0.362736 1.585717 -14.784874 -0.178758 0.008298 12.845295 127.0
232 14465.0 0.607668 0.574937 0.0 0.370518 1.585717 -14.784874 -0.178758 0.008298 12.845295 127.0
233 14465.0 0.617081 0.558994 0.0 0.369151 1.585717 -14.784874 -0.178758 0.008298 12.845295 127.0
234 14465.0 0.601717 0.573727 0.0 0.364585 1.585717 -14.784874 -0.178758 0.008298 12.845295 127.0
235 14465.0 0.583934 0.586105 0.0 0.358234 1.585717 -14.784874 -0.178758 0.008298 12.845295 127.0
236 14465.0 0.589557 0.592362 0.0 0.367479 1.585717 -14.784874 -0.178758 0.008298 12.845295 127.0
237 14465.0 0.595691 0.586259 0.0 0.368365 1.585717 -14.784874 -0.178758 0.008298 12.845295 127.0
238 14465.0 0.599408 0.580744 0.0 0.36761 1.585717 -14.784874 -0.178758 0.008298 12.845295 127.0
239 14465.0 0.608227 0.584005 0.0 0.377447 1.585717 -14.784874 -0.178758 0.008298 12.845295 127.0
240 14465.0 0.62743 0.580591 0.0 0.391387 1.585717 -14.784874 -0.178758 0.008298 12.845295 127.0
241 14465.0 0.610087 0.577361 0.0 0.374305 1.585717 -14.784874 -0.178758 0.008298 12.845295 127.0
242 14465.0 0.603715 0.588272 0.0 0.376637 1.585717 -14.784874 -0.178758 0.008298 12.845295 127.0
243 14465.0 0.613196 0.554462 0.0 0.363145 1.585717 -14.784874 -0.178758 0.008298 12.845295 127.0
244 14465.0 0.627205 0.5765 0.0 0.388284 1.585717 -14.784874 -0.178758 0.008298 12.845295 127.0
245 14465.0 0.635295 0.574196 0.0 0.393831 1.585717 -14.784874 -0.178758 0.008298 12.845295 127.0
246 14465.0 0.621054 0.578332 0.0 0.384344 1.585717 -14.784874 -0.178758 0.008298 12.845295 127.0
247 14465.0 0.62718 0.607069 0.0 0.410013 1.585717 -14.784874 -0.178758 0.008298 12.845295 127.0
248 14465.0 0.64896 0.590219 0.0 0.41659 1.585717 -14.784874 -0.178758 0.008298 12.845295 127.0
249 14465.0 0.664127 0.588171 0.0 0.428061 1.585717 -14.784874 -0.178758 0.008298 12.845295 127.0
250 14465.0 0.634152 0.58449 0.0 0.399891 1.585717 -14.784874 -0.178758 0.008298 12.845295 127.0
251 14465.0 0.629682 0.61039 0.0 0.414509 1.585717 -14.784874 -0.178758 0.008298 12.845295 127.0
252 14465.0 0.608271 0.596341 0.0 0.386263 1.585717 -14.784874 -0.178758 0.008298 12.845295 127.0
253 14465.0 0.598903 0.611656 0.0 0.389174 1.585717 -14.784874 -0.178758 0.008298 12.845295 127.0
254 14465.0 0.6149 0.603561 0.0 0.39705 1.585717 -14.784874 -0.178758 0.008298 12.845295 127.0
255 14465.0 0.64818 0.601883 0.0 0.424224 1.585717 -14.784874 -0.178758 0.008298 12.845295 127.0
256 14465.0 0.631348 0.619747 0.0 0.422587 1.585717 -14.784874 -0.178758 0.008298 12.845295 127.0
257 14465.0 0.641286 0.619354 0.0 0.430778 1.585717 -14.784874 -0.178758 0.008298 12.845295 127.0
258 14465.0 0.648663 0.614192 0.0 0.433393 1.585717 -14.784874 -0.178758 0.008298 12.845295 127.0
259 14465.0 0.65965 0.593302 0.0 0.427895 1.585717 -14.784874 -0.178758 0.008298 12.845295 127.0
260 14465.0 0.667141 0.607414 0.0 0.444321 1.585717 -14.784874 -0.178758 0.008298 12.845295 127.0
261 14465.0 0.691245 0.610904 0.0 0.467351 1.585717 -14.784874 -0.178758 0.008298 12.845295 127.0
262 14465.0 0.688148 0.623096 0.0 0.473386 1.585717 -14.784874 -0.178758 0.008298 12.845295 127.0
263 14465.0 0.679454 0.633504 0.0 0.473381 1.585717 -14.784874 -0.178758 0.008298 12.845295 127.0
264 14465.0 0.701852 0.64716 0.0 0.502189 1.585717 -14.784874 -0.178758 0.008298 12.845295 127.0
265 14465.0 0.714624 0.659792 0.0 0.522065 1.585717 -14.784874 -0.178758 0.008298 12.845295 127.0
266 14465.0 0.717179 0.635556 0.0 0.506998 1.585717 -14.784874 -0.178758 0.008298 12.845295 127.0
267 14465.0 0.705902 0.681922 0.0 0.530375 1.585717 -14.784874 -0.178758 0.008298 12.845295 127.0
268 14465.0 0.702673 0.70687 0.0 0.545374 1.585717 -14.784874 -0.178758 0.008298 12.845295 127.0
269 14465.0 0.717301 0.731319 0.0 0.575238 1.585717 -14.784874 -0.178758 0.008298 12.845295 127.0
270 14465.0 0.735052 0.736629 0.0 0.594148 1.585717 -14.784874 -0.178758 0.008298 12.845295 127.0
271 14465.0 0.753919 0.721224 0.0 0.59927 1.585717 -14.784874 -0.178758 0.008298 12.845295 127.0
272 14465.0 0.765282 0.747689 0.0 0.627982 1.585717 -14.784874 -0.178758 0.008298 12.845295 127.0
273 14465.0 0.771484 0.743599 0.0 0.630376 1.585717 -14.784874 -0.178758 0.008298 12.845295 127.0
274 14465.0 0.761246 0.739362 0.0 0.61842 1.585717 -14.784874 -0.178758 0.008298 12.845295 127.0
275 14465.0 0.774193 0.753294 0.0 0.639845 1.585717 -14.784874 -0.178758 0.008298 12.845295 127.0
276 14465.0 0.80849 0.728678 0.0 0.651617 1.585717 -14.784874 -0.178758 0.008298 12.845295 127.0
277 14465.0 0.794409 0.750873 0.0 0.655654 1.585717 -14.784874 -0.178758 0.008298 12.845295 127.0
278 14465.0 0.788283 0.750523 0.0 0.650069 1.585717 -14.784874 -0.178758 0.008298 12.845295 127.0
279 14465.0 0.800156 0.756093 0.0 0.664483 1.585717 -14.784874 -0.178758 0.008298 12.845295 127.0
280 14465.0 0.809553 0.74417 0.0 0.663908 1.585717 -14.784874 -0.178758 0.008298 12.845295 127.0
281 14465.0 0.829463 0.743658 0.0 0.680852 1.585717 -14.784874 -0.178758 0.008298 12.845295 127.0
282 14465.0 0.81938 0.759671 0.0 0.683831 1.585717 -14.784874 -0.178758 0.008298 12.845295 127.0
283 14465.0 0.836663 0.777323 0.0 0.711816 1.585717 -14.784874 -0.178758 0.008298 12.845295 127.0
284 14465.0 0.833972 0.779134 0.0 0.710804 1.585717 -14.784874 -0.178758 0.008298 12.845295 127.0
285 14465.0 0.835616 0.793054 0.0 0.722447 1.585717 -14.784874 -0.178758 0.008298 12.845295 127.0
286 14465.0 0.831545 0.823182 0.0 0.741011 1.585717 -14.784874 -0.178758 0.008298 12.845295 127.0
287 14465.0 0.847071 0.832223 0.0 0.76115 1.585717 -14.784874 -0.178758 0.008298 12.845295 127.0
