 time p.x p.y p.z deep.node-0 CV opes.bias opes.rct opes.zed opes.neff opes.nker
0 3030.0 0.073672 0.487611 0.0 0.00955 0.855322 -8.704862 -0.021389 0.015729 12.845295 67.0
1 3030.0 0.079884 0.495836 0.0 0.006893 0.855322 -8.704862 -0.021389 0.015729 12.845295 67.0
2 3030.0 0.075975 0.532562 0.0 -0.003924 0.855322 -8.704862 -0.021389 0.015729 12.845295 67.0
3 3030.0 0.074877 0.53657 0.0 -0.003971 0.855322 -8.704862 -0.021389 0.015729 12.845295 67.0
4 3030.0 0.073864 0.503807 0.0 0.004567 0.855322 -8.704862 -0.021389 0.015729 12.845295 67.0
5 3030.0 0.061241 0.495811 0.0 0.007287 0.855322 -8.704862 -0.021389 0.015729 12.845295 67.0
6 3030.0 0.061348 0.470105 0.0 0.016991 0.855322 -8.704862 -0.021389 0.015729 12.845295 67.0
7 3030.0 0.047811 0.467389 0.0 0.018913 0.855322 -8.704862 -0.021389 0.015729 12.845295 67.0
8 3030.0 0.023274 0.468409 0.0 0.019733 0.855322 -8.704862 -0.021389 0.015729 12.845295 67.0
9 3030.0 0.028865 0.471137 0.0 0.018218 0.855322 -8.704862 -0.021389 0.015729 12.845295 67.0
10 3030.0 0.02638 0.485234 0.0 0.012525 0.855322 -8.704862 -0.021389 0.015729 12.845295 67.0
11 3030.0 0.031647 0.508991 0.0 0.003848 0.855322 -8.704862 -0.021389 0.015729 12.845295 67.0
12 3030.0 0.045786 0.510713 0.0 0.003026 0.855322 -8.704862 -0.021389 0.015729 12.845295 67.0
13 3030.0 0.042891 0.502531 0.0 0.005601 0.855322 -8.704862 -0.021389 0.015729 12.845295 67.0
14 3030.0 0.031461 0.505844 0.0 0.004819 0.855322 -8.704862 -0.021389 0.015729 12.845295 67.0
15 3030.0 0.037449 0.530064 0.0 -0.002749 0.855322 -8.704862 -0.021389 0.015729 12.845295 67.0
16 3030.0 0.021303 0.535194 0.0 -0.003991 0.855322 -8.704862 -0.021389 0.015729 12.845295 67.0
17 3030.0 0.033619 0.518275 0.0 0.000954 0.855322 -8.704862 -0.021389 0.015729 12.845295 67.0
18 3030.0 0.025399 0.502606 0.0 0.00594 0.855322 -8.704862 -0.021389 0.015729 12.845295 67.0
19 3030.0 0.04677 0.516577 0.0 0.001204 0.855322 -8.704862 -0.021389 0.015729 12.845295 67.0
20 3030.0 0.051941 0.542893 0.0 -0.006992 0.855322 -8.704862 -0.021389 0.015729 12.845295 67.0
21 3030.0 0.075515 0.535648 0.0 -0.003899 0.855322 -8.704862 -0.021389 0.015729 12.845295 67.0
22 3030.0 0.078081 0.538615 0.0 -0.003394 0.855322 -8.704862 -0.021389 0.015729 12.845295 67.0
23 3030.0 0.088226 0.527769 0.0 -0.002121 0.855322 -8.704862 -0.021389 0.015729 12.845295 67.0
24 3030.0 0.085183 0.54405 0.0 -0.002086 0.855322 -8.704862 -0.021389 0.015729 12.845295 67.0
25 3030.0 0.09307 0.524492 0.0 -0.001452 0.855322 -8.704862 -0.021389 0.015729 12.845295 67.0
26 3030.0 0.083915 0.50767 0.0 0.003172 0.855322 -8.704862 -0.021389 0.015729 12.845295 67.0
27 3030.0 0.08489 0.531175 0.0 -0.002544 0.855322 -8.704862 -0.021389 0.015729 12.845295 67.0
28 3030.0 0.098934 0.51304 0.0 0.00121 0.855322 -8.704862 -0.021389 0.015729 12.845295 67.0
29 3030.0 0.097131 0.51786 0.0 -0.000234 0.855322 -8.704862 -0.021389 0.015729 12.845295 67.0
30 3030.0 0.100679 0.515698 0.0 0.000357 0.855322 -8.704862 -0.021389 0.015729 12.845295 67.0
31 3030.0 0.096738 0.509017 0.0 0.002492 0.855322 -8.704862 -0.021389 0.015729 12.845295 67.0
32 3030.0 0.086884 0.498723 0.0 0.00586 0.855322 -8.704862 -0.021389 0.015729 12.845295 67.0
33 3030.0 0.090895 0.530315 0.0 -0.001613 0.855322 -8.704862 -0.021389 0.015729 12.845295 67.0
34 3030.0 0.082472 0.547382 0.0 -0.002412 0.855322 -8.704862 -0.021389 0.015729 12.845295 67.0
35 3030.0 0.076039 0.519267 0.0 -0.00023 0.855322 -8.704862 -0.021389 0.015729 12.845295 67.0
36 3030.0 0.100778 0.518144 0.0 -0.000397 0.855322 -8.704862 -0.021389 0.015729 12.845295 67.0
37 3030.0 0.133263 0.507712 0.0 0.004431 0.855322 -8.704862 -0.021389 0.015729 12.845295 67.0
38 3030.0 0.145956 0.513121 0.0 0.006631 0.855322 -8.704862 -0.021389 0.015729 12.845295 67.0
39 3030.0 0.144001 0.501664 0.0 0.005952 0.855322 -8.704862 -0.021389 0.015729 12.845295 67.0
40 3030.0 0.140108 0.491882 0.0 0.007062 0.855322 -8.704862 -0.021389 0.015729 12.845295 67.0
41 3030.0 0.152481 0.508406 0.0 0.007522 0.855322 -8.704862 -0.021389 0.015729 12.845295 67.0
42 3030.0 0.134544 0.532449 0.0 0.005427 0.855322 -8.704862 -0.021389 0.015729 12.845295 67.0
43 3030.0 0.109887 0.51916 0.0 0.001064 0.855322 -8.704862 -0.021389 0.015729 12.845295 67.0
44 3030.0 0.132648 0.5199 0.0 0.004722 0.855322 -8.704862 -0.021389 0.015729 12.845295 67.0
45 3030.0 0.128133 0.529254 0.0 0.004301 0.855322 -8.704862 -0.021389 0.015729 12.845295 67.0
46 3030.0 0.151994 0.52522 0.0 0.007982 0.855322 -8.704862 -0.021389 0.015729 12.845295 67.0
47 3030.0 0.16672 0.563316 0.0 0.015843 0.855322 -8.704862 -0.021389 0.015729 12.845295 67.0
48 3030.0 0.161378 0.540566 0.0 0.009972 0.855322 -8.704862 -0.021389 0.015729 12.845295 67.0
49 3030.0 0.183414 0.536366 0.0 0.013357 0.855322 -8.704862 -0.021389 0.015729 12.845295 67.0
50 3030.0 0.137363 0.530453 0.0 0.005813 0.855322 -8.704862 -0.021389 0.015729 12.845295 67.0
51 3030.0 0.1556 0.515374 0.0 0.008243 0.855322 -8.704862 -0.021389 0.015729 12.845295 67.0
52 3030.0 0.192047 0.507656 0.0 0.013817 0.855322 -8.704862 -0.021389 0.015729 12.845295 67.0
53 3030.0 0.187552 0.507201 0.0 0.013085 0.855322 -8.704862 -0.021389 0.015729 12.845295 67.0
54 3030.0 0.19435 0.512677 0.0 0.014346 0.855322 -8.704862 -0.021389 0.015729 12.845295 67.0
55 3030.0 0.208523 0.508435 0.0 0.016474 0.855322 -8.704862 -0.021389 0.015729 12.845295 67.0
56 3030.0 0.243249 0.5275 0.0 0.051588 0.855322 -8.704862 -0.021389 0.015729 12.845295 67.0
57 3030.0 0.221787 0.526548 0.0 0.035611 0.855322 -8.704862 -0.021389 0.015729 12.845295 67.0
58 3030.0 0.219119 0.523571 0.0 0.032077 0.855322 -8.704862 -0.021389 0.015729 12.845295 67.0
59 3030.0 0.231348 0.547246 0.0 0.053704 0.855322 -8.704862 -0.021389 0.015729 12.845295 67.0
60 3030.0 0.262351 0.548983 0.0 0.076981 0.855322 -8.704862 -0.021389 0.015729 12.845295 67.0
61 3030.0 0.260681 0.549082 0.0 0.075832 0.855322 -8.704862 -0.021389 0.015729 12.845295 67.0
62 3030.0 0.271721 0.529102 0.0 0.072968 0.855322 -8.704862 -0.021389 0.015729 12.845295 67.0
63 3030.0 0.281737 0.533281 0.0 0.082447 0.855322 -8.704862 -0.021389 0.015729 12.845295 67.0
64 3030.0 0.307127 0.521223 0.0 0.094404 0.855322 -8.704862 -0.021389 0.015729 12.845295 67.0
65 3030.0 0.290381 0.478746 0.0 0.064751 0.855322 -8.704862 -0.021389 0.015729 12.845295 67.0
66 3030.0 0.304355 0.501635 0.0 0.084407 0.855322 -8.704862 -0.021389 0.015729 12.845295 67.0
67 3030.0 0.314121 0.498173 0.0 0.090257 0.855322 -8.704862 -0.021389 0.015729 12.845295 67.0
68 3030.0 0.33039 0.491085 0.0 0.099467 0.855322 -8.704862 -0.021389 0.015729 12.845295 67.0
69 3030.0 0.338364 0.480098 0.0 0.100936 0.855322 -8.704862 -0.021389 0.015729 12.845295 67.0
70 3030.0 0.324803 0.523086 0.0 0.108288 0.855322 -8.704862 -0.021389 0.015729 12.845295 67.0
71 3030.0 0.315802 0.532084 0.0 0.106341 0.855322 -8.704862 -0.021389 0.015729 12.845295 67.0
72 3030.0 0.327456 0.552975 0.0 0.126047 0.855322 -8.704862 -0.021389 0.015729 12.845295 67.0
73 3030.0 0.328815 0.5359 0.0 0.117782 0.855322 -8.704862 -0.021389 0.015729 12.845295 67.0
74 3030.0 0.300922 0.521388 0.0 0.089863 0.855322 -8.704862 -0.021389 0.015729 12.845295 67.0
75 3030.0 0.29306 0.541086 0.0 0.09483 0.855322 -8.704862 -0.021389 0.015729 12.845295 67.0
76 3030.0 0.285924 0.550564 0.0 0.09482 0.855322 -8.704862 -0.021389 0.015729 12.845295 67.0
77 3030.0 0.295784 0.576888 0.0 0.116416 0.855322 -8.704862 -0.021389 0.015729 12.845295 67.0
78 3030.0 0.307072 0.556294 0.0 0.113158 0.855322 -8.704862 -0.021389 0.015729 12.845295 67.0
79 3030.0 0.323445 0.560033 0.0 0.127056 0.855322 -8.704862 -0.021389 0.015729 12.845295 67.0
80 3030.0 0.342963 0.572468 0.0 0.148075 0.855322 -8.704862 -0.021389 0.015729 12.845295 67.0
81 3030.0 0.346328 0.549902 0.0 0.13798 0.855322 -8.704862 -0.021389 0.015729 12.845295 67.0
82 3030.0 0.309886 0.541575 0.0 0.107217 0.855322 -8.704862 -0.021389 0.015729 12.845295 67.0
83 3030.0 0.310181 0.521504 0.0 0.096787 0.855322 -8.704862 -0.021389 0.015729 12.845295 67.0
84 3030.0 0.321533 0.487206 0.0 0.091317 0.855322 -8.704862 -0.021389 0.015729 12.845295 67.0
85 3030.0 0.356773 0.510013 0.0 0.126733 0.855322 -8.704862 -0.021389 0.015729 12.845295 67.0
86 3030.0 0.376636 0.531481 0.0 0.150187 0.855322 -8.704862 -0.021389 0.015729 12.845295 67.0
87 3030.0 0.362888 0.538694 0.0 0.143842 0.855322 -8.704862 -0.021389 0.015729 12.845295 67.0
88 3030.0 0.365582 0.539157 0.0 0.146034 0.855322 -8.704862 -0.021389 0.015729 12.845295 67.0
89 3030.0 0.379794 0.547144 0.0 0.160641 0.855322 -8.704862 -0.021389 0.015729 12.845295 67.0
90 3030.0 0.388924 0.534698 0.0 0.160617 0.855322 -8.704862 -0.021389 0.015729 12.845295 67.0
91 3030.0 0.368556 0.547407 0.0 0.152661 0.855322 -8.704862 -0.021389 0.015729 12.845295 67.0
92 3030.0 0.379638 0.543162 0.0 0.158329 0.855322 -8.704862 -0.021389 0.015729 12.845295 67.0
93 3030.0 0.382839 0.53477 0.0 0.156127 0.855322 -8.704862 -0.021389 0.015729 12.845295 67.0
94 3030.0 0.370903 0.504546 0.0 0.135012 0.855322 -8.704862 -0.021389 0.015729 12.845295 67.0
95 3030.0 0.38675 0.530416 0.0 0.157266 0.855322 -8.704862 -0.021389 0.015729 12.845295 67.0
96 3030.0 0.375284 0.514045 0.0 0.142116 0.855322 -8.704862 -0.021389 0.015729 12.845295 67.0
97 3030.0 0.385196 0.515726 0.0 0.150159 0.855322 -8.704862 -0.021389 0.015729 12.845295 67.0
98 3030.0 0.376893 0.532888 0.0 0.150948 0.855322 -8.704862 -0.021389 0.015729 12.845295 67.0
99 3030.0 0.378003 0.523735 0.0 0.148063 0.855322 -8.704862 -0.021389 0.015729 12.845295 67.0
100 3030.0 0.369757 0.555142 0.0 0.157825 0.855322 -8.704862 -0.021389 0.015729 12.845295 67.0
101 3030.0 0.362206 0.539444 0.0 0.143757 0.855322 -8.704862 -0.021389 0.015729 12.845295 67.0
102 3030.0 0.372308 0.557356 0.0 0.160899 0.855322 -8.704862 -0.021389 0.015729 12.845295 67.0
103 3030.0 0.375031 0.550002 0.0 0.158785 0.855322 -8.704862 -0.021389 0.015729 12.845295 67.0
104 3030.0 0.373293 0.521813 0.0 0.143785 0.855322 -8.704862 -0.021389 0.015729 12.845295 67.0
105 3030.0 0.397813 0.534331 0.0 0.16707 0.855322 -8.704862 -0.021389 0.015729 12.845295 67.0
106 3030.0 0.408846 0.538821 0.0 0.177087 0.855322 -8.704862 -0.021389 0.015729 12.845295 67.0
107 3030.0 0.41339 0.530397 0.0 0.177044 0.855322 -8.704862 -0.021389 0.015729 12.845295 67.0
108 3030.0 0.440378 0.553991 0.0 0.213016 0.855322 -8.704862 -0.021389 0.015729 12.845295 67.0
109 3030.0 0.452922 0.552962 0.0 0.222976 0.855322 -8.704862 -0.021389 0.015729 12.845295 67.0
110 3030.0 0.458493 0.518863 0.0 0.207494 0.855322 -8.704862 -0.021389 0.015729 12.845295 67.0
111 3030.0 0.456153 0.518253 0.0 0.20511 0.855322 -8.704862 -0.021389 0.015729 12.845295 67.0
112 3030.0 0.463285 0.525981 0.0 0.215668 0.855322 -8.704862 -0.021389 0.015729 12.845295 67.0
113 3030.0 0.452823 0.529818 0.0 0.2087 0.855322 -8.704862 -0.021389 0.015729 12.845295 67.0
114 3030.0 0.438408 0.532464 0.0 0.197614 0.855322 -8.704862 -0.021389 0.015729 12.845295 67.0
115 3030.0 0.445999 0.515051 0.0 0.195044 0.855322 -8.704862 -0.021389 0.015729 12.845295 67.0
116 3030.0 0.446882 0.524645 0.0 0.200614 0.855322 -8.704862 -0.021389 0.015729 12.845295 67.0
117 3030.0 0.454605 0.533533 0.0 0.212388 0.855322 -8.704862 -0.021389 0.015729 12.845295 67.0
118 3030.0 0.455042 0.511511 0.0 0.200357 0.855322 -8.704862 -0.021389 0.015729 12.845295 67.0
119 3030.0 0.407541 0.528637 0.0 0.171988 0.855322 -8.704862 -0.021389 0.015729 12.845295 67.0
120 3030.0 0.441251 0.541728 0.0 0.205423 0.855322 -8.704862 -0.021389 0.015729 12.845295 67.0
121 3030.0 0.434231 0.533742 0.0 0.194689 0.855322 -8.704862 -0.021389 0.015729 12.845295 67.0
122 3030.0 0.433175 0.534025 0.0 0.193927 0.855322 -8.704862 -0.021389 0.015729 12.845295 67.0
123 3030.0 0.40843 0.538987 0.0 0.176847 0.855322 -8.704862 -0.021389 0.015729 12.845295 67.0
124 3030.0 0.391914 0.541106 0.0 0.16606 0.855322 -8.704862 -0.021389 0.015729 12.845295 67.0
125 3030.0 0.373955 0.542917 0.0 0.154102 0.855322 -8.704862 -0.021389 0.015729 12.845295 67.0
126 3030.0 0.386897 0.541615 0.0 0.162721 0.855322 -8.704862 -0.021389 0.015729 12.845295 67.0
127 3030.0 0.38485 0.541252 0.0 0.161049 0.855322 -8.704862 -0.021389 0.015729 12.845295 67.0
128 3030.0 0.389917 0.548588 0.0 0.168762 0.855322 -8.704862 -0.021389 0.015729 12.845295 67.0
129 3030.0 0.393851 0.542515 0.0 0.168234 0.855322 -8.704862 -0.021389 0.015729 12.845295 67.0
130 3030.0 0.411805 0.563643 0.0 0.195528 0.855322 -8.704862 -0.021389 0.015729 12.845295 67.0
131 3030.0 0.405235 0.526183 0.0 0.16928 0.855322 -8.704862 -0.021389 0.015729 12.845295 67.0
132 3030.0 0.408223 0.523825 0.0 0.170544 0.855322 -8.704862 -0.021389 0.015729 12.845295 67.0
133 3030.0 0.416645 0.52793 0.0 0.178463 0.855322 -8.704862 -0.021389 0.015729 12.845295 67.0
134 3030.0 0.404726 0.516446 0.0 0.164956 0.855322 -8.704862 -0.021389 0.015729 12.845295 67.0
135 3030.0 0.434703 0.513576 0.0 0.186056 0.855322 -8.704862 -0.021389 0.015729 12.845295 67.0
136 3030.0 0.402973 0.524301 0.0 0.166837 0.855322 -8.704862 -0.021389 0.015729 12.845295 67.0
137 3030.0 0.391194 0.552402 0.0 0.171804 0.855322 -8.704862 -0.021389 0.015729 12.845295 67.0
138 3030.0 0.391363 0.529493 0.0 0.160319 0.855322 -8.704862 -0.021389 0.015729 12.845295 67.0
139 3030.0 0.396746 0.513678 0.0 0.157907 0.855322 -8.704862 -0.021389 0.015729 12.845295 67.0
140 3030.0 0.390598 0.53165 0.0 0.160625 0.855322 -8.704862 -0.021389 0.015729 12.845295 67.0
141 3030.0 0.400059 0.514798 0.0 0.160821 0.855322 -8.704862 -0.021389 0.015729 12.845295 67.0
142 3030.0 0.403063 0.511214 0.0 0.1616 0.855322 -8.704862 -0.021389 0.015729 12.845295 67.0
143 3030.0 0.400884 0.555242 0.0 0.180388 0.855322 -8.704862 -0.021389 0.015729 12.845295 67.0
144 3030.0 0.383757 0.574238 0.0 0.179158 0.855322 -8.704862 -0.021389 0.015729 12.845295 67.0
145 3030.0 0.411611 0.573896 0.0 0.202658 0.855322 -8.704862 -0.021389 0.015729 12.845295 67.0
146 3030.0 0.39698 0.552972 0.0 0.176304 0.855322 -8.704862 -0.021389 0.015729 12.845295 67.0
147 3030.0 0.427405 0.539318 0.0 0.191926 0.855322 -8.704862 -0.021389 0.015729 12.845295 67.0
148 3030.0 0.446173 0.544368 0.0 0.211247 0.855322 -8.704862 -0.021389 0.015729 12.845295 67.0
149 3030.0 0.453945 0.545202 0.0 0.218525 0.855322 -8.704862 -0.021389 0.015729 12.845295 67.0
150 3030.0 0.431544 0.556317 0.0 0.207141 0.855322 -8.704862 -0.021389 0.015729 12.845295 67.0
151 3030.0 0.433823 0.575851 0.0 0.222982 0.855322 -8.704862 -0.021389 0.015729 12.845295 67.0
152 3030.0 0.446786 0.58385 0.0 0.239724 0.855322 -8.704862 -0.021389 0.015729 12.845295 67.0
153 3030.0 0.475318 0.584714 0.0 0.26466 0.855322 -8.704862 -0.021389 0.015729 12.845295 67.0
154 3030.0 0.477178 0.546465 0.0 0.239573 0.855322 -8.704862 -0.021389 0.015729 12.845295 67.0
155 3030.0 0.463859 0.527243 0.0 0.216878 0.855322 -8.704862 -0.021389 0.015729 12.845295 67.0
156 3030.0 0.4709 0.542882 0.0 0.23202 0.855322 -8.704862 -0.021389 0.015729 12.845295 67.0
157 3030.0 0.475695 0.52015 0.0 0.223217 0.855322 -8.704862 -0.021389 0.015729 12.845295 67.0
158 3030.0 0.493279 0.526325 0.0 0.242067 0.855322 -8.704862 -0.021389 0.015729 12.845295 67.0
159 3030.0 0.480511 0.513454 0.0 0.223657 0.855322 -8.704862 -0.021389 0.015729 12.845295 67.0
160 3030.0 0.467411 0.527918 0.0 0.220358 0.855322 -8.704862 -0.021389 0.015729 12.845295 67.0
161 3030.0 0.472429 0.52124 0.0 0.220981 0.855322 -8.704862 -0.021389 0.015729 12.845295 67.0
162 3030.0 0.463793 0.531373 0.0 0.219181 0.855322 -8.704862 -0.021389 0.015729 12.845295 67.0
163 3030.0 0.499997 0.573223 0.0 0.27752 0.855322 -8.704862 -0.021389 0.015729 12.845295 67.0
164 3030.0 0.514386 0.588333 0.0 0.300536 0.855322 -8.704862 -0.021389 0.015729 12.845295 67.0
165 3030.0 0.522418 0.557371 0.0 0.285419 0.855322 -8.704862 -0.021389 0.015729 12.845295 67.0
166 3030.0 0.536928 0.553142 0.0 0.295677 0.855322 -8.704862 -0.021389 0.015729 12.845295 67.0
167 3030.0 0.536097 0.575739 0.0 0.310082 0.855322 -8.704862 -0.021389 0.015729 12.845295 67.0
168 3030.0 0.538883 0.571041 0.0 0.309113 0.855322 -8.704862 -0.021389 0.015729 12.845295 67.0
169 3030.0 0.559417 0.560574 0.0 0.319624 0.855322 -8.704862 -0.021389 0.015729 12.845295 67.0
170 3030.0 0.578183 0.561543 0.0 0.336595 0.855322 -8.704862 -0.021389 0.015729 12.845295 67.0
171 3030.0 0.59596 0.570981 0.0 0.357724 0.855322 -8.704862 -0.021389 0.015729 12.845295 67.0
172 3030.0 0.614914 0.589709 0.0 0.387206 0.855322 -8.704862 -0.021389 0.015729 12.845295 67.0
173 3030.0 0.620215 0.57304 0.0 0.379975 0.855322 -8.704862 -0.021389 0.015729 12.845295 67.0
174 3030.0 0.610882 0.565636 0.0 0.367551 0.855322 -8.704862 -0.021389 0.015729 12.845295 67.0
175 3030.0 0.621419 0.560302 0.0 0.373698 0.855322 -8.704862 -0.021389 0.015729 12.845295 67.0
176 3030.0 0.601447 0.548218 0.0 0.349275 0.855322 -8.704862 -0.021389 0.015729 12.845295 67.0
177 3030.0 0.593446 0.578716 0.0 0.361084 0.855322 -8.704862 -0.021389 0.015729 12.845295 67.0
178 3030.0 0.584466 0.57584 0.0 0.351383 0.855322 -8.704862 -0.021389 0.015729 12.845295 67.0
179 3030.0 0.573582 0.580628 0.0 0.345513 0.855322 -8.704862 -0.021389 0.015729 12.845295 67.0
180 3030.0 0.567771 0.590301 0.0 0.347442 0.855322 -8.704862 -0.021389 0.015729 12.845295 67.0
181 3030.0 0.581012 0.579401 0.0 0.350973 0.855322 -8.704862 -0.021389 0.015729 12.845295 67.0
182 3030.0 0.590569 0.566524 0.0 0.350295 0.855322 -8.704862 -0.021389 0.015729 12.845295 67.0
183 3030.0 0.572771 0.563909 0.0 0.333223 0.855322 -8.704862 -0.021389 0.015729 12.845295 67.0
184 3030.0 0.574329 0.585819 0.0 0.349843 0.855322 -8.704862 -0.021389 0.015729 12.845295 67.0
185 3030.0 0.555392 0.600528 0.0 0.344167 0.855322 -8.704862 -0.021389 0.015729 12.845295 67.0
186 3030.0 0.568964 0.577577 0.0 0.339406 0.855322 -8.704862 -0.021389 0.015729 12.845295 67.0
187 3030.0 0.569216 0.557209 0.0 0.326258 0.855322 -8.704862 -0.021389 0.015729 12.845295 67.0
188 3030.0 0.563661 0.552585 0.0 0.318739 0.855322 -8.704862 -0.021389 0.015729 12.845295 67.0
189 3030.0 0.56712 0.554856 0.0 0.323071 0.855322 -8.704862 -0.021389 0.015729 12.845295 67.0
190 3030.0 0.54668 0.5741 0.0 0.317937 0.855322 -8.704862 -0.021389 0.015729 12.845295 67.0
191 3030.0 0.529839 0.57498 0.0 0.304207 0.855322 -8.704862 -0.021389 0.015729 12.845295 67.0
192 3030.0 0.531874 0.538058 0.0 0.282577 0.855322 -8.704862 -0.021389 0.015729 12.845295 67.0
193 3030.0 0.534088 0.569347 0.0 0.303821 0.855322 -8.704862 -0.021389 0.015729 12.845295 67.0
194 3030.0 0.553849 0.558167 0.0 0.313368 0.855322 -8.704862 -0.021389 0.015729 12.845295 67.0
195 3030.0 0.577199 0.570621 0.0 0.341476 0.855322 -8.704862 -0.021389 0.015729 12.845295 67.0
196 3030.0 0.56245 0.586479 0.0 0.340187 0.855322 -8.704862 -0.021389 0.015729 12.845295 67.0
197 3030.0 0.565664 0.568254 0.0 0.329959 0.855322 -8.704862 -0.021389 0.015729 12.845295 67.0
198 3030.0 0.577583 0.589352 0.0 0.355131 0.855322 -8.704862 -0.021389 0.015729 12.845295 67.0
199 3030.0 0.584938 0.587174 0.0 0.359851 0.855322 -8.704862 -0.021389 0.015729 12.845295 67.0
200 3030.0 0.61987 0.560994 0.0 0.372741 0.855322 -8.704862 -0.021389 0.015729 12.845295 67.0
201 3030.0 0.615799 0.585125 0.0 0.384699 0.855322 -8.704862 -0.021389 0.015729 12.845295 67.0
202 3030.0 0.634693 0.591319 0.0 0.405211 0.855322 -8.704862 -0.021389 0.015729 12.845295 67.0
203 3030.0 0.613762 0.613467 0.0 0.403128 0.855322 -8.704862 -0.021389 0.015729 12.845295 67.0
204 3030.0 0.620656 0.624724 0.0 0.417013 0.855322 -8.704862 -0.021389 0.015729 12.845295 67.0
205 3030.0 0.642408 0.609801 0.0 0.424937 0.855322 -8.704862 -0.021389 0.015729 12.845295 67.0
206 3030.0 0.64248 0.644641 0.0 0.449788 0.855322 -8.704862 -0.021389 0.015729 12.845295 67.0
207 3030.0 0.661741 0.648934 0.0 0.469261 0.855322 -8.704862 -0.021389 0.015729 12.845295 67.0
208 3030.0 0.649524 0.642624 0.0 0.454358 0.855322 -8.704862 -0.021389 0.015729 12.845295 67.0
209 3030.0 0.644945 0.655407 0.0 0.45955 0.855322 -8.704862 -0.021389 0.015729 12.845295 67.0
210 3030.0 0.650747 0.636542 0.0 0.451072 0.855322 -8.704862 -0.021389 0.015729 12.845295 67.0
211 3030.0 0.655249 0.611183 0.0 0.436867 0.855322 -8.704862 -0.021389 0.015729 12.845295 67.0
212 3030.0 0.638778 0.600236 0.0 0.415038 0.855322 -8.704862 -0.021389 0.015729 12.845295 67.0
213 3030.0 0.643332 0.600367 0.0 0.419013 0.855322 -8.704862 -0.021389 0.015729 12.845295 67.0
214 3030.0 0.643071 0.591648 0.0 0.412586 0.855322 -8.704862 -0.021389 0.015729 12.845295 67.0
215 3030.0 0.639592 0.575367 0.0 0.398262 0.855322 -8.704862 -0.021389 0.015729 12.845295 67.0
216 3030.0 0.656767 0.565007 0.0 0.407323 0.855322 -8.704862 -0.021389 0.015729 12.845295 67.0
217 3030.0 0.672227 0.557513 0.0 0.416533 0.855322 -8.704862 -0.021389 0.015729 12.845295 67.0
218 3030.0 0.69165 0.542525 0.0 0.424896 0.855322 -8.704862 -0.021389 0.015729 12.845295 67.0
219 3030.0 0.658643 0.556295 0.0 0.40395 0.855322 -8.704862 -0.021389 0.015729 12.845295 67.0
220 3030.0 0.642495 0.562532 0.0 0.393416 0.855322 -8.704862 -0.021389 0.015729 12.845295 67.0
221 3030.0 0.627895 0.538842 0.0 0.367012 0.855322 -8.704862 -0.021389 0.015729 12.845295 67.0
222 3030.0 0.631503 0.566644 0.0 0.386167 0.855322 -8.704862 -0.021389 0.015729 12.845295 67.0
223 3030.0 0.6279 0.579109 0.0 0.390733 0.855322 -8.704862 -0.021389 0.015729 12.845295 67.0
224 3030.0 0.630994 0.56687 0.0 0.385853 0.855322 -8.704862 -0.021389 0.015729 12.845295 67.0
225 3030.0 0.631634 0.555006 0.0 0.379585 0.855322 -8.704862 -0.021389 0.015729 12.845295 67.0
226 3030.0 0.617697 0.56792 0.0 0.374826 0.855322 -8.704862 -0.021389 0.015729 12.845295 67.0
227 3030.0 0.646529 0.568726 0.0 0.400508 0.855322 -8.704862 -0.021389 0.015729 12.845295 67.0
228 3030.0 0.618992 0.565544 0.0 0.374592 0.855322 -8.704862 -0.021389 0.015729 12.845295 67.0
229 3030.0 0.628952 0.566075 0.0 0.383609 0.855322 -8.704862 -0.021389 0.015729 12.845295 67.0
230 3030.0 0.621672 0.582272 0.0 0.387675 0.855322 -8.704862 -0.021389 0.015729 12.845295 67.0
231 3030.0 0.613394 0.579302 0.0 0.378505 0.855322 -8.704862 -0.021389 0.015729 12.845295 67.0
232 3030.0 0.614304 0.575077 0.0 0.376274 0.855322 -8.704862 -0.021389 0.015729 12.845295 67.0
233 3030.0 0.605105 0.604523 0.0 0.389385 0.855322 -8.704862 -0.021389 0.015729 12.845295 67.0
234 3030.0 0.590562 0.605199 0.0 0.377469 0.855322 -8.704862 -0.021389 0.015729 12.845295 67.0
235 3030.0 0.581821 0.600909 0.0 0.366966 0.855322 -8.704862 -0.021389 0.015729 12.845295 67.0
236 3030.0 0.592725 0.614227 0.0 0.385737 0.855322 -8.704862 -0.021389 0.015729 12.845295 67.0
237 3030.0 0.61368 0.615269 0.0 0.40434 0.855322 -8.704862 -0.021389 0.015729 12.845295 67.0
238 3030.0 0.598849 0.621235 0.0 0.395942 0.855322 -8.704862 -0.021389 0.015729 12.845295 67.0
239 3030.0 0.599757 0.605367 0.0 0.385427 0.855322 -8.704862 -0.021389 0.015729 12.845295 67.0
240 3030.0 0.62893 0.593261 0.0 0.40168 0.855322 -8.704862 -0.021389 0.015729 12.845295 67.0
241 3030.0 0.609672 0.589416 0.0 0.382529 0.855322 -8.704862 -0.021389 0.015729 12.845295 67.0
242 3030.0 0.603988 0.603024 0.0 0.387366 0.855322 -8.704862 -0.021389 0.015729 12.845295 67.0
243 3030.0 0.635644 0.583992 0.0 0.400809 0.855322 -8.704862 -0.021389 0.015729 12.845295 67.0
244 3030.0 0.62998 0.586469 0.0 0.397743 0.855322 -8.704862 -0.021389 0.015729 12.845295 67.0
245 3030.0 0.656867 0.598858 0.0 0.429477 0.855322 -8.704862 -0.021389 0.015729 12.845295 67.0
246 3030.0 0.644576 0.612016 0.0 0.428362 0.855322 -8.704862 -0.021389 0.015729 12.845295 67.0
247 3030.0 0.673962 0.599652 0.0 0.444613 0.855322 -8.704862 -0.021389 0.015729 12.845295 67.0
248 3030.0 0.687677 0.595346 0.0 0.45324 0.855322 -8.704862 -0.021389 0.015729 12.845295 67.0
249 3030.0 0.714071 0.633113 0.0 0.50261 0.855322 -8.704862 -0.021389 0.015729 12.845295 67.0
250 3030.0 0.726135 0.652492 0.0 0.526682 0.855322 -8.704862 -0.021389 0.015729 12.845295 67.0
251 3030.0 0.728344 0.65637 0.0 0.531324 0.855322 -8.704862 -0.021389 0.015729 12.845295 67.0
252 3030.0 0.731013 0.665531 0.0 0.540118 0.855322 -8.704862 -0.021389 0.015729 12.845295 67.0
253 3030.0 0.732625 0.661646 0.0 0.538727 0.855322 -8.704862 -0.021389 0.015729 12.845295 67.0
254 3030.0 0.740259 0.676891 0.0 0.556082 0.855322 -8.704862 -0.021389 0.015729 12.845295 67.0
255 3030.0 0.751453 0.685965 0.0 0.57208 0.855322 -8.704862 -0.021389 0.015729 12.845295 67.0
256 3030.0 0.776077 0.685081 0.0 0.592441 0.855322 -8.704862 -0.021389 0.015729 12.845295 67.0
257 3030.0 0.788184 0.701685 0.0 0.614575 0.855322 -8.704862 -0.021389 0.015729 12.845295 67.0
258 3030.0 0.790668 0.704828 0.0 0.618928 0.855322 -8.704862 -0.021389 0.015729 12.845295 67.0
259 3030.0 0.779858 0.69856 0.0 0.605254 0.855322 -8.704862 -0.021389 0.015729 12.845295 67.0
260 3030.0 0.77142 0.69852 0.0 0.598033 0.855322 -8.704862 -0.021389 0.015729 12.845295 67.0
261 3030.0 0.775834 0.700183 0.0 0.602979 0.855322 -8.704862 -0.021389 0.015729 12.845295 67.0
262 3030.0 0.760947 0.694278 0.0 0.586088 0.855322 -8.704862 -0.021389 0.015729 12.845295 67.0
263 3030.0 0.761167 0.711038 0.0 0.5982 0.855322 -8.704862 -0.021389 0.015729 12.845295 67.0
264 3030.0 0.764091 0.714884 0.0 0.603429 0.855322 -8.704862 -0.021389 0.015729 12.845295 67.0
265 3030.0 0.759058 0.721066 0.0 0.603537 0.855322 -8.704862 -0.021389 0.015729 12.845295 67.0
266 3030.0 0.774148 0.716782 0.0 0.613351 0.855322 -8.704862 -0.021389 0.015729 12.845295 67.0
267 3030.0 0.75754 0.73966 0.0 0.615473 0.855322 -8.704862 -0.021389 0.015729 12.845295 67.0
268 3030.0 0.761287 0.75836 0.0 0.632336 0.855322 -8.704862 -0.021389 0.015729 12.845295 67.0
269 3030.0 0.756475 0.756302 0.0 0.62664 0.855322 -8.704862 -0.021389 0.015729 12.845295 67.0
270 3030.0 0.763418 0.766145 0.0 0.639901 0.855322 -8.704862 -0.021389 0.015729 12.845295 67.0
271 3030.0 0.796866 0.771817 0.0 0.673158 0.855322 -8.704862 -0.021389 0.015729 12.845295 67.0
272 3030.0 0.797209 0.765221 0.0 0.668617 0.855322 -8.704862 -0.021389 0.015729 12.845295 67.0
273 3030.0 0.814371 0.773197 0.0 0.689398 0.855322 -8.704862 -0.021389 0.015729 12.845295 67.0
274 3030.0 0.809742 0.777143 0.0 0.688266 0.855322 -8.704862 -0.021389 0.015729 12.845295 67.0
275 3030.0 0.826134 0.761074 0.0 0.690734 0.855322 -8.704862 -0.021389 0.015729 12.845295 67.0
276 3030.0 0.83848 0.773834 0.0 0.710836 0.855322 -8.704862 -0.021389 0.015729 12.845295 67.0
277 3030.0 0.840923 0.781821 0.0 0.718821 0.855322 -8.704862 -0.021389 0.015729 12.845295 67.0
278 3030.0 0.851012 0.805256 0.0 0.744792 0.855322 -8.704862 -0.021389 0.015729 12.845295 67.0
279 3030.0 0.837669 0.820723 0.0 0.744534 0.855322 -8.704862 -0.021389 0.015729 12.845295 67.0
280 3030.0 0.849992 0.803418 0.0 0.742556 0.855322 -8.704862 -0.021389 0.015729 12.845295 67.0
281 3030.0 0.858552 0.840553 0.0 0.77725 0.855322 -8.704862 -0.021389 0.015729 12.845295 67.0
282 3030.0 0.863971 0.837677 0.0 0.779853 0.855322 -8.704862 -0.021389 0.015729 12.845295 67.0
283 3030.0 0.86815 0.869583 0.0 0.806898 0.855322 -8.704862 -0.021389 0.015729 12.845295 67.0
284 3030.0 0.868621 0.883718 0.0 0.817679 0.855322 -8.704862 -0.021389 0.015729 12.845295 67.0
285 3030.0 0.854738 0.892835 0.0 0.812292 0.855322 -8.704862 -0.021389 0.015729 12.845295 67.0
286 3030.0 0.866429 0.918154 0.0 0.841038 0.855322 -8.704862 -0.021389 0.015729 12.845295 67.0
287 3030.0 0.881767 0.932561 0.0 0.864872 0.855322 -8.704862 -0.021389 0.015729 12.845295 67.0
