 time p.x p.y p.z deep.node-0 CV opes.bias opes.rct opes.zed opes.neff opes.nker
0 10945.0 -0.841521 1.127158 0.0 -0.873662 1.844278 -16.788492 -0.150784 0.009085 12.845295 116.0
1 10945.0 -0.847034 1.100096 0.0 -0.859227 1.844278 -16.788492 -0.150784 0.009085 12.845295 116.0
2 10945.0 -0.865742 1.098676 0.0 -0.863445 1.844278 -16.788492 -0.150784 0.009085 12.845295 116.0
3 10945.0 -0.86459 1.084801 0.0 -0.85497 1.844278 -16.788492 -0.150784 0.009085 12.845295 116.0
4 10945.0 -0.865206 1.054407 0.0 -0.837252 1.844278 -16.788492 -0.150784 0.009085 12.845295 116.0
5 10945.0 -0.874949 1.033361 0.0 -0.82746 1.844278 -16.788492 -0.150784 0.009085 12.845295 116.0
6 10945.0 -0.924702 1.021087 0.0 -0.833779 1.844278 -16.788492 -0.150784 0.009085 12.845295 116.0
7 10945.0 -0.917567 0.991918 0.0 -0.814667 1.844278 -16.788492 -0.150784 0.009085 12.845295 116.0
8 10945.0 -0.907747 0.9589 0.0 -0.792221 1.844278 -16.788492 -0.150784 0.009085 12.845295 116.0
9 10945.0 -0.920122 0.952228 0.0 -0.791657 1.844278 -16.788492 -0.150784 0.009085 12.845295 116.0
10 10945.0 -0.901603 0.919325 0.0 -0.759219 1.844278 -16.788492 -0.150784 0.009085 12.845295 116.0
11 10945.0 -0.923827 0.907535 0.0 -0.756054 1.844278 -16.788492 -0.150784 0.009085 12.845295 116.0
12 10945.0 -0.954655 0.903275 0.0 -0.761922 1.844278 -16.788492 -0.150784 0.009085 12.845295 116.0
13 10945.0 -0.932236 0.895424 0.0 -0.748365 1.844278 -16.788492 -0.150784 0.009085 12.845295 116.0
14 10945.0 -0.901632 0.867362 0.0 -0.714029 1.844278 -16.788492 -0.150784 0.009085 12.845295 116.0
15 10945.0 -0.935105 0.850389 0.0 -0.710513 1.844278 -16.788492 -0.150784 0.009085 12.845295 116.0
16 10945.0 -0.914835 0.842195 0.0 -0.696533 1.844278 -16.788492 -0.150784 0.009085 12.845295 116.0
17 10945.0 -0.940706 0.819808 0.0 -0.685734 1.844278 -16.788492 -0.150784 0.009085 12.845295 116.0
18 10945.0 -0.933942 0.80536 0.0 -0.670853 1.844278 -16.788492 -0.150784 0.009085 12.845295 116.0
19 10945.0 -0.923672 0.785061 0.0 -0.649693 1.844278 -16.788492 -0.150784 0.009085 12.845295 116.0
20 10945.0 -0.922147 0.76284 0.0 -0.629863 1.844278 -16.788492 -0.150784 0.009085 12.845295 116.0
21 10945.0 -0.917714 0.759787 0.0 -0.625712 1.844278 -16.788492 -0.150784 0.009085 12.845295 116.0
22 10945.0 -0.908299 0.749983 0.0 -0.614011 1.844278 -16.788492 -0.150784 0.009085 12.845295 116.0
23 10945.0 -0.890008 0.750346 0.0 -0.608149 1.844278 -16.788492 -0.150784 0.009085 12.845295 116.0
24 10945.0 -0.878219 0.726687 0.0 -0.583603 1.844278 -16.788492 -0.150784 0.009085 12.845295 116.0
25 10945.0 -0.870786 0.728855 0.0 -0.582977 1.844278 -16.788492 -0.150784 0.009085 12.845295 116.0
26 10945.0 -0.887838 0.727269 0.0 -0.587357 1.844278 -16.788492 -0.150784 0.009085 12.845295 116.0
27 10945.0 -0.8599 0.719854 0.0 -0.571476 1.844278 -16.788492 -0.150784 0.009085 12.845295 116.0
28 10945.0 -0.887033 0.710509 0.0 -0.571811 1.844278 -16.788492 -0.150784 0.009085 12.845295 116.0
29 10945.0 -0.858977 0.728571 0.0 -0.578741 1.844278 -16.788492 -0.150784 0.009085 12.845295 116.0
30 10945.0 -0.848594 0.722499 0.0 -0.569957 1.844278 -16.788492 -0.150784 0.009085 12.845295 116.0
31 10945.0 -0.847929 0.716457 0.0 -0.563394 1.844278 -16.788492 -0.150784 0.009085 12.845295 116.0
32 10945.0 -0.851292 0.710826 0.0 -0.558496 1.844278 -16.788492 -0.150784 0.009085 12.845295 116.0
33 10945.0 -0.843809 0.720494 0.0 -0.566253 1.844278 -16.788492 -0.150784 0.009085 12.845295 116.0
34 10945.0 -0.842436 0.719697 0.0 -0.564852 1.844278 -16.788492 -0.150784 0.009085 12.845295 116.0
35 10945.0 -0.830419 0.71713 0.0 -0.55744 1.844278 -16.788492 -0.150784 0.009085 12.845295 116.0
36 10945.0 -0.813321 0.726487 0.0 -0.56118 1.844278 -16.788492 -0.150784 0.009085 12.845295 116.0
37 10945.0 -0.797086 0.716032 0.0 -0.543429 1.844278 -16.788492 -0.150784 0.009085 12.845295 116.0
38 10945.0 -0.808637 0.715 0.0 -0.546774 1.844278 -16.788492 -0.150784 0.009085 12.845295 116.0
39 10945.0 -0.781423 0.723771 0.0 -0.545601 1.844278 -16.788492 -0.150784 0.009085 12.845295 116.0
40 10945.0 -0.771747 0.712205 0.0 -0.528665 1.844278 -16.788492 -0.150784 0.009085 12.845295 116.0
41 10945.0 -0.760119 0.721706 0.0 -0.534477 1.844278 -16.788492 -0.150784 0.009085 12.845295 116.0
42 10945.0 -0.755367 0.726759 0.0 -0.538161 1.844278 -16.788492 -0.150784 0.009085 12.845295 116.0
43 10945.0 -0.736779 0.709282 0.0 -0.510928 1.844278 -16.788492 -0.150784 0.009085 12.845295 116.0
44 10945.0 -0.752219 0.693407 0.0 -0.499566 1.844278 -16.788492 -0.150784 0.009085 12.845295 116.0
45 10945.0 -0.752247 0.68571 0.0 -0.490972 1.844278 -16.788492 -0.150784 0.009085 12.845295 116.0
46 10945.0 -0.742959 0.678399 0.0 -0.478953 1.844278 -16.788492 -0.150784 0.009085 12.845295 116.0
47 10945.0 -0.738537 0.658638 0.0 -0.455028 1.844278 -16.788492 -0.150784 0.009085 12.845295 116.0
48 10945.0 -0.728137 0.664376 0.0 -0.457141 1.844278 -16.788492 -0.150784 0.009085 12.845295 116.0
49 10945.0 -0.743353 0.645385 0.0 -0.442202 1.844278 -16.788492 -0.150784 0.009085 12.845295 116.0
50 10945.0 -0.761822 0.649799 0.0 -0.45478 1.844278 -16.788492 -0.150784 0.009085 12.845295 116.0
51 10945.0 -0.783885 0.644913 0.0 -0.458445 1.844278 -16.788492 -0.150784 0.009085 12.845295 116.0
52 10945.0 -0.785662 0.636717 0.0 -0.450017 1.844278 -16.788492 -0.150784 0.009085 12.845295 116.0
53 10945.0 -0.743101 0.637525 0.0 -0.433309 1.844278 -16.788492 -0.150784 0.009085 12.845295 116.0
54 10945.0 -0.768483 0.614998 0.0 -0.418861 1.844278 -16.788492 -0.150784 0.009085 12.845295 116.0
55 10945.0 -0.756147 0.620762 0.0 -0.419964 1.844278 -16.788492 -0.150784 0.009085 12.845295 116.0
56 10945.0 -0.739151 0.630376 0.0 -0.423682 1.844278 -16.788492 -0.150784 0.009085 12.845295 116.0
57 10945.0 -0.716389 0.634689 0.0 -0.419086 1.844278 -16.788492 -0.150784 0.009085 12.845295 116.0
58 10945.0 -0.701293 0.659301 0.0 -0.440359 1.844278 -16.788492 -0.150784 0.009085 12.845295 116.0
59 10945.0 -0.699408 0.658611 0.0 -0.438808 1.844278 -16.788492 -0.150784 0.009085 12.845295 116.0
60 10945.0 -0.68889 0.657645 0.0 -0.433376 1.844278 -16.788492 -0.150784 0.009085 12.845295 116.0
61 10945.0 -0.681535 0.651685 0.0 -0.423668 1.844278 -16.788492 -0.150784 0.009085 12.845295 116.0
62 10945.0 -0.683953 0.639016 0.0 -0.410502 1.844278 -16.788492 -0.150784 0.009085 12.845295 116.0
63 10945.0 -0.683468 0.627145 0.0 -0.397028 1.844278 -16.788492 -0.150784 0.009085 12.845295 116.0
64 10945.0 -0.692639 0.614809 0.0 -0.38703 1.844278 -16.788492 -0.150784 0.009085 12.845295 116.0
65 10945.0 -0.686128 0.596654 0.0 -0.364036 1.844278 -16.788492 -0.150784 0.009085 12.845295 116.0
66 10945.0 -0.672333 0.55894 0.0 -0.318341 1.844278 -16.788492 -0.150784 0.009085 12.845295 116.0
67 10945.0 -0.663951 0.588515 0.0 -0.345759 1.844278 -16.788492 -0.150784 0.009085 12.845295 116.0
68 10945.0 -0.636194 0.572927 0.0 -0.315388 1.844278 -16.788492 -0.150784 0.009085 12.845295 116.0
69 10945.0 -0.641745 0.533284 0.0 -0.268608 1.844278 -16.788492 -0.150784 0.009085 12.845295 116.0
70 10945.0 -0.658979 0.553547 0.0 -0.303677 1.844278 -16.788492 -0.150784 0.009085 12.845295 116.0
71 10945.0 -0.66163 0.573639 0.0 -0.328166 1.844278 -16.788492 -0.150784 0.009085 12.845295 116.0
72 10945.0 -0.629944 0.576187 0.0 -0.31639 1.844278 -16.788492 -0.150784 0.009085 12.845295 116.0
73 10945.0 -0.605021 0.553105 0.0 -0.271245 1.844278 -16.788492 -0.150784 0.009085 12.845295 116.0
74 10945.0 -0.582728 0.534904 0.0 -0.220937 1.844278 -16.788492 -0.150784 0.009085 12.845295 116.0
75 10945.0 -0.559493 0.552862 0.0 -0.230603 1.844278 -16.788492 -0.150784 0.009085 12.845295 116.0
76 10945.0 -0.561256 0.534945 0.0 -0.200621 1.844278 -16.788492 -0.150784 0.009085 12.845295 116.0
77 10945.0 -0.558733 0.552444 0.0 -0.229142 1.844278 -16.788492 -0.150784 0.009085 12.845295 116.0
78 10945.0 -0.527445 0.531551 0.0 -0.171093 1.844278 -16.788492 -0.150784 0.009085 12.845295 116.0
79 10945.0 -0.535178 0.510009 0.0 -0.147125 1.844278 -16.788492 -0.150784 0.009085 12.845295 116.0
80 10945.0 -0.516285 0.513848 0.0 -0.139335 1.844278 -16.788492 -0.150784 0.009085 12.845295 116.0
81 10945.0 -0.502893 0.490819 0.0 -0.106275 1.844278 -16.788492 -0.150784 0.009085 12.845295 116.0
82 10945.0 -0.501944 0.473666 0.0 -0.090041 1.844278 -16.788492 -0.150784 0.009085 12.845295 116.0
83 10945.0 -0.501356 0.491455 0.0 -0.106247 1.844278 -16.788492 -0.150784 0.009085 12.845295 116.0
84 10945.0 -0.4947 0.521611 0.0 -0.135204 1.844278 -16.788492 -0.150784 0.009085 12.845295 116.0
85 10945.0 -0.474439 0.54953 0.0 -0.159469 1.844278 -16.788492 -0.150784 0.009085 12.845295 116.0
86 10945.0 -0.458413 0.57241 0.0 -0.17975 1.844278 -16.788492 -0.150784 0.009085 12.845295 116.0
87 10945.0 -0.45104 0.564176 0.0 -0.16349 1.844278 -16.788492 -0.150784 0.009085 12.845295 116.0
88 10945.0 -0.436323 0.557795 0.0 -0.144749 1.844278 -16.788492 -0.150784 0.009085 12.845295 116.0
89 10945.0 -0.441793 0.56617 0.0 -0.159904 1.844278 -16.788492 -0.150784 0.009085 12.845295 116.0
90 10945.0 -0.417334 0.530149 0.0 -0.110311 1.844278 -16.788492 -0.150784 0.009085 12.845295 116.0
91 10945.0 -0.401871 0.518611 0.0 -0.093315 1.844278 -16.788492 -0.150784 0.009085 12.845295 116.0
92 10945.0 -0.39433 0.509769 0.0 -0.081962 1.844278 -16.788492 -0.150784 0.009085 12.845295 116.0
93 10945.0 -0.391045 0.508787 0.0 -0.079752 1.844278 -16.788492 -0.150784 0.009085 12.845295 116.0
94 10945.0 -0.368729 0.504088 0.0 -0.066615 1.844278 -16.788492 -0.150784 0.009085 12.845295 116.0
95 10945.0 -0.35191 0.49139 0.0 -0.047987 1.844278 -16.788492 -0.150784 0.009085 12.845295 116.0
96 10945.0 -0.333152 0.516649 0.0 -0.064786 1.844278 -16.788492 -0.150784 0.009085 12.845295 116.0
97 10945.0 -0.325413 0.527184 0.0 -0.071825 1.844278 -16.788492 -0.150784 0.009085 12.845295 116.0
98 10945.0 -0.292957 0.533329 0.0 -0.06509 1.844278 -16.788492 -0.150784 0.009085 12.845295 116.0
99 10945.0 -0.284646 0.513449 0.0 -0.042918 1.844278 -16.788492 -0.150784 0.009085 12.845295 116.0
100 10945.0 -0.298967 0.472896 0.0 -0.014313 1.844278 -16.788492 -0.150784 0.009085 12.845295 116.0
101 10945.0 -0.273803 0.483055 0.0 -0.014711 1.844278 -16.788492 -0.150784 0.009085 12.845295 116.0
102 10945.0 -0.268135 0.475823 0.0 -0.007137 1.844278 -16.788492 -0.150784 0.009085 12.845295 116.0
103 10945.0 -0.27762 0.486873 0.0 -0.018964 1.844278 -16.788492 -0.150784 0.009085 12.845295 116.0
104 10945.0 -0.260344 0.508363 0.0 -0.030922 1.844278 -16.788492 -0.150784 0.009085 12.845295 116.0
105 10945.0 -0.223634 0.505525 0.0 -0.017287 1.844278 -16.788492 -0.150784 0.009085 12.845295 116.0
106 10945.0 -0.217221 0.514233 0.0 -0.022314 1.844278 -16.788492 -0.150784 0.009085 12.845295 116.0
107 10945.0 -0.21538 0.499407 0.0 -0.009811 1.844278 -16.788492 -0.150784 0.009085 12.845295 116.0
108 10945.0 -0.208497 0.51433 0.0 -0.019695 1.844278 -16.788492 -0.150784 0.009085 12.845295 116.0
109 10945.0 -0.224995 0.521882 0.0 -0.030875 1.844278 -16.788492 -0.150784 0.009085 12.845295 116.0
110 10945.0 -0.21801 0.538448 0.0 -0.04205 1.844278 -16.788492 -0.150784 0.009085 12.845295 116.0
111 10945.0 -0.195888 0.529798 0.0 -0.028248 1.844278 -16.788492 -0.150784 0.009085 12.845295 116.0
112 10945.0 -0.173695 0.533715 0.0 -0.024539 1.844278 -16.788492 -0.150784 0.009085 12.845295 116.0
113 10945.0 -0.156029 0.528932 0.0 -0.015227 1.844278 -16.788492 -0.150784 0.009085 12.845295 116.0
114 10945.0 -0.160371 0.501307 0.0 0.005666 1.844278 -16.788492 -0.150784 0.009085 12.845295 116.0
115 10945.0 -0.155927 0.505759 0.0 0.003457 1.844278 -16.788492 -0.150784 0.009085 12.845295 116.0
116 10945.0 -0.13891 0.50616 0.0 0.007214 1.844278 -16.788492 -0.150784 0.009085 12.845295 116.0
117 10945.0 -0.129865 0.519239 0.0 0.000133 1.844278 -16.788492 -0.150784 0.009085 12.845295 116.0
118 10945.0 -0.13136 0.532335 0.0 -0.01034 1.844278 -16.788492 -0.150784 0.009085 12.845295 116.0
119 10945.0 -0.137428 0.531844 0.0 -0.011821 1.844278 -16.788492 -0.150784 0.009085 12.845295 116.0
120 10945.0 -0.109976 0.540268 0.0 -0.010198 1.844278 -16.788492 -0.150784 0.009085 12.845295 116.0
121 10945.0 -0.125794 0.524607 0.0 -0.002703 1.844278 -16.788492 -0.150784 0.009085 12.845295 116.0
122 10945.0 -0.137113 0.528066 0.0 -0.008683 1.844278 -16.788492 -0.150784 0.009085 12.845295 116.0
123 10945.0 -0.131877 0.532305 0.0 -0.010475 1.844278 -16.788492 -0.150784 0.009085 12.845295 116.0
124 10945.0 -0.104718 0.524938 0.0 0.001236 1.844278 -16.788492 -0.150784 0.009085 12.845295 116.0
125 10945.0 -0.130851 0.510484 0.0 0.005875 1.844278 -16.788492 -0.150784 0.009085 12.845295 116.0
126 10945.0 -0.111044 0.520605 0.0 0.002925 1.844278 -16.788492 -0.150784 0.009085 12.845295 116.0
127 10945.0 -0.091183 0.55102 0.0 -0.013776 1.844278 -16.788492 -0.150784 0.009085 12.845295 116.0
128 10945.0 -0.09909 0.537862 0.0 -0.006416 1.844278 -16.788492 -0.150784 0.009085 12.845295 116.0
129 10945.0 -0.066307 0.529634 0.0 0.000923 1.844278 -16.788492 -0.150784 0.009085 12.845295 116.0
130 10945.0 -0.069361 0.531996 0.0 0.00019 1.844278 -16.788492 -0.150784 0.009085 12.845295 116.0
131 10945.0 -0.055317 0.533745 0.0 -0.001357 1.844278 -16.788492 -0.150784 0.009085 12.845295 116.0
132 10945.0 -0.055361 0.494709 0.0 0.013866 1.844278 -16.788492 -0.150784 0.009085 12.845295 116.0
133 10945.0 -0.039252 0.483036 0.0 0.017425 1.844278 -16.788492 -0.150784 0.009085 12.845295 116.0
134 10945.0 -0.012747 0.497515 0.0 0.010147 1.844278 -16.788492 -0.150784 0.009085 12.845295 116.0
135 10945.0 -0.005194 0.498085 0.0 0.009459 1.844278 -16.788492 -0.150784 0.009085 12.845295 116.0
136 10945.0 0.012529 0.481838 0.0 0.014702 1.844278 -16.788492 -0.150784 0.009085 12.845295 116.0
137 10945.0 0.002571 0.482211 0.0 0.01517 1.844278 -16.788492 -0.150784 0.009085 12.845295 116.0
138 10945.0 0.039093 0.495303 0.0 0.007901 1.844278 -16.788492 -0.150784 0.009085 12.845295 116.0
139 10945.0 0.018238 0.469828 0.0 0.019359 1.844278 -16.788492 -0.150784 0.009085 12.845295 116.0
140 10945.0 0.020203 0.487996 0.0 0.011828 1.844278 -16.788492 -0.150784 0.009085 12.845295 116.0
141 10945.0 0.037136 0.530097 0.0 -0.002753 1.844278 -16.788492 -0.150784 0.009085 12.845295 116.0
142 10945.0 0.074407 0.53573 0.0 -0.004073 1.844278 -16.788492 -0.150784 0.009085 12.845295 116.0
143 10945.0 0.074385 0.527063 0.0 -0.002591 1.844278 -16.788492 -0.150784 0.009085 12.845295 116.0
144 10945.0 0.071902 0.527064 0.0 -0.00254 1.844278 -16.788492 -0.150784 0.009085 12.845295 116.0
145 10945.0 0.106721 0.504807 0.0 0.00358 1.844278 -16.788492 -0.150784 0.009085 12.845295 116.0
146 10945.0 0.11247 0.508633 0.0 0.002285 1.844278 -16.788492 -0.150784 0.009085 12.845295 116.0
147 10945.0 0.110646 0.535575 0.0 0.00171 1.844278 -16.788492 -0.150784 0.009085 12.845295 116.0
148 10945.0 0.135197 0.542287 0.0 0.005846 1.844278 -16.788492 -0.150784 0.009085 12.845295 116.0
149 10945.0 0.122263 0.524488 0.0 0.00321 1.844278 -16.788492 -0.150784 0.009085 12.845295 116.0
150 10945.0 0.145362 0.518043 0.0 0.006693 1.844278 -16.788492 -0.150784 0.009085 12.845295 116.0
151 10945.0 0.130626 0.516642 0.0 0.004295 1.844278 -16.788492 -0.150784 0.009085 12.845295 116.0
152 10945.0 0.149722 0.533456 0.0 0.007883 1.844278 -16.788492 -0.150784 0.009085 12.845295 116.0
153 10945.0 0.144586 0.525445 0.0 0.006806 1.844278 -16.788492 -0.150784 0.009085 12.845295 116.0
154 10945.0 0.165458 0.513509 0.0 0.009758 1.844278 -16.788492 -0.150784 0.009085 12.845295 116.0
155 10945.0 0.161508 0.553357 0.0 0.010402 1.844278 -16.788492 -0.150784 0.009085 12.845295 116.0
156 10945.0 0.154704 0.545319 0.0 0.009058 1.844278 -16.788492 -0.150784 0.009085 12.845295 116.0
157 10945.0 0.139612 0.532212 0.0 0.006228 1.844278 -16.788492 -0.150784 0.009085 12.845295 116.0
158 10945.0 0.178104 0.540626 0.0 0.012645 1.844278 -16.788492 -0.150784 0.009085 12.845295 116.0
159 10945.0 0.180287 0.503306 0.0 0.0118 1.844278 -16.788492 -0.150784 0.009085 12.845295 116.0
160 10945.0 0.201188 0.494937 0.0 0.016283 1.844278 -16.788492 -0.150784 0.009085 12.845295 116.0
161 10945.0 0.201202 0.502502 0.0 0.015498 1.844278 -16.788492 -0.150784 0.009085 12.845295 116.0
162 10945.0 0.213774 0.504652 0.0 0.018355 1.844278 -16.788492 -0.150784 0.009085 12.845295 116.0
163 10945.0 0.231751 0.501163 0.0 0.030292 1.844278 -16.788492 -0.150784 0.009085 12.845295 116.0
164 10945.0 0.218626 0.506461 0.0 0.022692 1.844278 -16.788492 -0.150784 0.009085 12.845295 116.0
165 10945.0 0.224763 0.493727 0.0 0.022088 1.844278 -16.788492 -0.150784 0.009085 12.845295 116.0
166 10945.0 0.246951 0.500255 0.0 0.041213 1.844278 -16.788492 -0.150784 0.009085 12.845295 116.0
167 10945.0 0.246903 0.495928 0.0 0.039424 1.844278 -16.788492 -0.150784 0.009085 12.845295 116.0
168 10945.0 0.271078 0.488716 0.0 0.054455 1.844278 -16.788492 -0.150784 0.009085 12.845295 116.0
169 10945.0 0.281139 0.489676 0.0 0.062317 1.844278 -16.788492 -0.150784 0.009085 12.845295 116.0
170 10945.0 0.259612 0.512217 0.0 0.055465 1.844278 -16.788492 -0.150784 0.009085 12.845295 116.0
171 10945.0 0.290106 0.540086 0.0 0.09216 1.844278 -16.788492 -0.150784 0.009085 12.845295 116.0
172 10945.0 0.295688 0.538131 0.0 0.095123 1.844278 -16.788492 -0.150784 0.009085 12.845295 116.0
173 10945.0 0.308035 0.537712 0.0 0.103792 1.844278 -16.788492 -0.150784 0.009085 12.845295 116.0
174 10945.0 0.322275 0.540584 0.0 0.115607 1.844278 -16.788492 -0.150784 0.009085 12.845295 116.0
175 10945.0 0.316097 0.541468 0.0 0.111634 1.844278 -16.788492 -0.150784 0.009085 12.845295 116.0
176 10945.0 0.315827 0.550284 0.0 0.116212 1.844278 -16.788492 -0.150784 0.009085 12.845295 116.0
177 10945.0 0.364518 0.519692 0.0 0.136408 1.844278 -16.788492 -0.150784 0.009085 12.845295 116.0
178 10945.0 0.355807 0.544392 0.0 0.141826 1.844278 -16.788492 -0.150784 0.009085 12.845295 116.0
179 10945.0 0.374126 0.550992 0.0 0.158679 1.844278 -16.788492 -0.150784 0.009085 12.845295 116.0
180 10945.0 0.380048 0.518057 0.0 0.14728 1.844278 -16.788492 -0.150784 0.009085 12.845295 116.0
181 10945.0 0.406182 0.510021 0.0 0.163433 1.844278 -16.788492 -0.150784 0.009085 12.845295 116.0
182 10945.0 0.421557 0.520785 0.0 0.179214 1.844278 -16.788492 -0.150784 0.009085 12.845295 116.0
183 10945.0 0.426791 0.497035 0.0 0.173476 1.844278 -16.788492 -0.150784 0.009085 12.845295 116.0
184 10945.0 0.408723 0.508401 0.0 0.164664 1.844278 -16.788492 -0.150784 0.009085 12.845295 116.0
185 10945.0 0.401947 0.505308 0.0 0.158377 1.844278 -16.788492 -0.150784 0.009085 12.845295 116.0
186 10945.0 0.420699 0.506547 0.0 0.172806 1.844278 -16.788492 -0.150784 0.009085 12.845295 116.0
187 10945.0 0.447877 0.515766 0.0 0.196729 1.844278 -16.788492 -0.150784 0.009085 12.845295 116.0
188 10945.0 0.458516 0.513962 0.0 0.204762 1.844278 -16.788492 -0.150784 0.009085 12.845295 116.0
189 10945.0 0.474567 0.518769 0.0 0.221458 1.844278 -16.788492 -0.150784 0.009085 12.845295 116.0
190 10945.0 0.492339 0.534334 0.0 0.245853 1.844278 -16.788492 -0.150784 0.009085 12.845295 116.0
191 10945.0 0.510776 0.542744 0.0 0.266819 1.844278 -16.788492 -0.150784 0.009085 12.845295 116.0
192 10945.0 0.511228 0.540135 0.0 0.265713 1.844278 -16.788492 -0.150784 0.009085 12.845295 116.0
193 10945.0 0.524121 0.506752 0.0 0.257925 1.844278 -16.788492 -0.150784 0.009085 12.845295 116.0
194 10945.0 0.497446 0.498581 0.0 0.230075 1.844278 -16.788492 -0.150784 0.009085 12.845295 116.0
195 10945.0 0.513364 0.531646 0.0 0.262695 1.844278 -16.788492 -0.150784 0.009085 12.845295 116.0
196 10945.0 0.549168 0.52913 0.0 0.292565 1.844278 -16.788492 -0.150784 0.009085 12.845295 116.0
197 10945.0 0.554269 0.532929 0.0 0.299213 1.844278 -16.788492 -0.150784 0.009085 12.845295 116.0
198 10945.0 0.552321 0.538836 0.0 0.300908 1.844278 -16.788492 -0.150784 0.009085 12.845295 116.0
199 10945.0 0.560721 0.557356 0.0 0.318913 1.844278 -16.788492 -0.150784 0.009085 12.845295 116.0
200 10945.0 0.54499 0.557093 0.0 0.305002 1.844278 -16.788492 -0.150784 0.009085 12.845295 116.0
201 10945.0 0.550612 0.563934 0.0 0.314055 1.844278 -16.788492 -0.150784 0.009085 12.845295 116.0
202 10945.0 0.567054 0.570471 0.0 0.332721 1.844278 -16.788492 -0.150784 0.009085 12.845295 116.0
203 10945.0 0.562172 0.568947 0.0 0.327476 1.844278 -16.788492 -0.150784 0.009085 12.845295 116.0
204 10945.0 0.571993 0.58937 0.0 0.350379 1.844278 -16.788492 -0.150784 0.009085 12.845295 116.0
205 10945.0 0.578204 0.57147 0.0 0.342937 1.844278 -16.788492 -0.150784 0.009085 12.845295 116.0
206 10945.0 0.572228 0.572619 0.0 0.33866 1.844278 -16.788492 -0.150784 0.009085 12.845295 116.0
207 10945.0 0.595961 0.563414 0.0 0.353221 1.844278 -16.788492 -0.150784 0.009085 12.845295 116.0
208 10945.0 0.614237 0.555124 0.0 0.364437 1.844278 -16.788492 -0.150784 0.009085 12.845295 116.0
209 10945.0 0.602669 0.54476 0.0 0.348354 1.844278 -16.788492 -0.150784 0.009085 12.845295 116.0
210 10945.0 0.597748 0.576936 0.0 0.363485 1.844278 -16.788492 -0.150784 0.009085 12.845295 116.0
211 10945.0 0.60835 0.551225 0.0 0.357044 1.844278 -16.788492 -0.150784 0.009085 12.845295 116.0
212 10945.0 0.638516 0.569315 0.0 0.393839 1.844278 -16.788492 -0.150784 0.009085 12.845295 116.0
213 10945.0 0.636423 0.552033 0.0 0.382063 1.844278 -16.788492 -0.150784 0.009085 12.845295 116.0
214 10945.0 0.642673 0.563694 0.0 0.39424 1.844278 -16.788492 -0.150784 0.009085 12.845295 116.0
215 10945.0 0.666822 0.565502 0.0 0.416403 1.844278 -16.788492 -0.150784 0.009085 12.845295 116.0
216 10945.0 0.663149 0.584555 0.0 0.424654 1.844278 -16.788492 -0.150784 0.009085 12.845295 116.0
217 10945.0 0.678402 0.592024 0.0 0.44297 1.844278 -16.788492 -0.150784 0.009085 12.845295 116.0
218 10945.0 0.709579 0.582145 0.0 0.463378 1.844278 -16.788492 -0.150784 0.009085 12.845295 116.0
219 10945.0 0.7187 0.576145 0.0 0.467903 1.844278 -16.788492 -0.150784 0.009085 12.845295 116.0
220 10945.0 0.730848 0.57798 0.0 0.479584 1.844278 -16.788492 -0.150784 0.009085 12.845295 116.0
221 10945.0 0.721076 0.573018 0.0 0.468181 1.844278 -16.788492 -0.150784 0.009085 12.845295 116.0
222 10945.0 0.700223 0.582415 0.0 0.455349 1.844278 -16.788492 -0.150784 0.009085 12.845295 116.0
223 10945.0 0.685424 0.586441 0.0 0.444984 1.844278 -16.788492 -0.150784 0.009085 12.845295 116.0
224 10945.0 0.664321 0.624738 0.0 0.454244 1.844278 -16.788492 -0.150784 0.009085 12.845295 116.0
225 10945.0 0.706275 0.638556 0.0 0.499838 1.844278 -16.788492 -0.150784 0.009085 12.845295 116.0
226 10945.0 0.701487 0.637659 0.0 0.495118 1.844278 -16.788492 -0.150784 0.009085 12.845295 116.0
227 10945.0 0.706276 0.649466 0.0 0.507601 1.844278 -16.788492 -0.150784 0.009085 12.845295 116.0
228 10945.0 0.697603 0.644631 0.0 0.496768 1.844278 -16.788492 -0.150784 0.009085 12.845295 116.0
229 10945.0 0.689239 0.632677 0.0 0.481133 1.844278 -16.788492 -0.150784 0.009085 12.845295 116.0
230 10945.0 0.717362 0.650093 0.0 0.517497 1.844278 -16.788492 -0.150784 0.009085 12.845295 116.0
231 10945.0 0.696891 0.646126 0.0 0.497224 1.844278 -16.788492 -0.150784 0.009085 12.845295 116.0
232 10945.0 0.711377 0.622994 0.0 0.493115 1.844278 -16.788492 -0.150784 0.009085 12.845295 116.0
233 10945.0 0.713641 0.636728 0.0 0.504816 1.844278 -16.788492 -0.150784 0.009085 12.845295 116.0
234 10945.0 0.722294 0.658168 0.0 0.527447 1.844278 -16.788492 -0.150784 0.009085 12.845295 116.0
235 10945.0 0.729946 0.676597 0.0 0.547082 1.844278 -16.788492 -0.150784 0.009085 12.845295 116.0
236 10945.0 0.729196 0.68028 0.0 0.549064 1.844278 -16.788492 -0.150784 0.009085 12.845295 116.0
237 10945.0 0.732018 0.661938 0.0 0.538418 1.844278 -16.788492 -0.150784 0.009085 12.845295 116.0
238 10945.0 0.720254 0.667551 0.0 0.532385 1.844278 -16.788492 -0.150784 0.009085 12.845295 116.0
239 10945.0 0.730637 0.670016 0.0 0.542988 1.844278 -16.788492 -0.150784 0.009085 12.845295 116.0
240 10945.0 0.739863 0.686154 0.0 0.562335 1.844278 -16.788492 -0.150784 0.009085 12.845295 116.0
241 10945.0 0.719154 0.689956 0.0 0.547388 1.844278 -16.788492 -0.150784 0.009085 12.845295 116.0
242 10945.0 0.739595 0.68232 0.0 0.559378 1.844278 -16.788492 -0.150784 0.009085 12.845295 116.0
243 10945.0 0.738664 0.668684 0.0 0.548883 1.844278 -16.788492 -0.150784 0.009085 12.845295 116.0
244 10945.0 0.740647 0.66163 0.0 0.545554 1.844278 -16.788492 -0.150784 0.009085 12.845295 116.0
245 10945.0 0.747256 0.682619 0.0 0.566122 1.844278 -16.788492 -0.150784 0.009085 12.845295 116.0
246 10945.0 0.746327 0.658604 0.0 0.548243 1.844278 -16.788492 -0.150784 0.009085 12.845295 116.0
247 10945.0 0.743121 0.692095 0.0 0.56934 1.844278 -16.788492 -0.150784 0.009085 12.845295 116.0
248 10945.0 0.729526 0.690362 0.0 0.556517 1.844278 -16.788492 -0.150784 0.009085 12.845295 116.0
249 10945.0 0.753607 0.697149 0.0 0.581874 1.844278 -16.788492 -0.150784 0.009085 12.845295 116.0
250 10945.0 0.729201 0.704536 0.0 0.566325 1.844278 -16.788492 -0.150784 0.009085 12.845295 116.0
251 10945.0 0.746981 0.699163 0.0 0.577658 1.844278 -16.788492 -0.150784 0.009085 12.845295 116.0
252 10945.0 0.742486 0.699349 0.0 0.573959 1.844278 -16.788492 -0.150784 0.009085 12.845295 116.0
253 10945.0 0.745599 0.707788 0.0 0.582617 1.844278 -16.788492 -0.150784 0.009085 12.845295 116.0
254 10945.0 0.752186 0.701189 0.0 0.583537 1.844278 -16.788492 -0.150784 0.009085 12.845295 116.0
255 10945.0 0.745152 0.708419 0.0 0.582685 1.844278 -16.788492 -0.150784 0.009085 12.845295 116.0
256 10945.0 0.757554 0.713791 0.0 0.597079 1.844278 -16.788492 -0.150784 0.009085 12.845295 116.0
257 10945.0 0.739242 0.699988 0.0 0.571648 1.844278 -16.788492 -0.150784 0.009085 12.845295 116.0
258 10945.0 0.749035 0.701454 0.0 0.581039 1.844278 -16.788492 -0.150784 0.009085 12.845295 116.0
259 10945.0 0.750496 0.704112 0.0 0.584176 1.844278 -16.788492 -0.150784 0.009085 12.845295 116.0
260 10945.0 0.764931 0.705753 0.0 0.597648 1.844278 -16.788492 -0.150784 0.009085 12.845295 116.0
261 10945.0 0.773108 0.738295 0.0 0.627896 1.844278 -16.788492 -0.150784 0.009085 12.845295 116.0
262 10945.0 0.771555 0.759916 0.0 0.64241 1.844278 -16.788492 -0.150784 0.009085 12.845295 116.0
263 10945.0 0.777172 0.772414 0.0 0.656465 1.844278 -16.788492 -0.150784 0.009085 12.845295 116.0
264 10945.0 0.787016 0.766637 0.0 0.660789 1.844278 -16.788492 -0.150784 0.009085 12.845295 116.0
265 10945.0 0.810743 0.751985 0.0 0.670678 1.844278 -16.788492 -0.150784 0.009085 12.845295 116.0
266 10945.0 0.807778 0.750812 0.0 0.667239 1.844278 -16.788492 -0.150784 0.009085 12.845295 116.0
267 10945.0 0.816377 0.730535 0.0 0.65984 1.844278 -16.788492 -0.150784 0.009085 12.845295 116.0
268 10945.0 0.839275 0.729867 0.0 0.679268 1.844278 -16.788492 -0.150784 0.009085 12.845295 116.0
269 10945.0 0.832464 0.743671 0.0 0.683472 1.844278 -16.788492 -0.150784 0.009085 12.845295 116.0
270 10945.0 0.838241 0.760567 0.0 0.700894 1.844278 -16.788492 -0.150784 0.009085 12.845295 116.0
271 10945.0 0.850141 0.793796 0.0 0.735626 1.844278 -16.788492 -0.150784 0.009085 12.845295 116.0
272 10945.0 0.873419 0.813379 0.0 0.770243 1.844278 -16.788492 -0.150784 0.009085 12.845295 116.0
273 10945.0 0.874064 0.813074 0.0 0.77058 1.844278 -16.788492 -0.150784 0.009085 12.845295 116.0
274 10945.0 0.878289 0.843279 0.0 0.796417 1.844278 -16.788492 -0.150784 0.009085 12.845295 116.0
275 10945.0 0.878018 0.873944 0.0 0.818681 1.844278 -16.788492 -0.150784 0.009085 12.845295 116.0
276 10945.0 0.882257 0.887101 0.0 0.832022 1.844278 -16.788492 -0.150784 0.009085 12.845295 116.0
277 10945.0 0.873874 0.919556 0.0 0.848543 1.844278 -16.788492 -0.150784 0.009085 12.845295 116.0
278 10945.0 0.909461 0.953334 0.0 0.903436 1.844278 -16.788492 -0.150784 0.009085 12.845295 116.0
279 10945.0 0.937384 0.969565 0.0 0.929294 1.844278 -16.788492 -0.150784 0.009085 12.845295 116.0
280 10945.0 0.953462 0.987972 0.0 0.946185 1.844278 -16.788492 -0.150784 0.009085 12.845295 116.0
281 10945.0 0.951226 1.013575 0.0 0.949533 1.844278 -16.788492 -0.150784 0.009085 12.845295 116.0
282 10945.0 0.951811 1.038322 0.0 0.95014 1.844278 -16.788492 -0.150784 0.009085 12.845295 116.0
283 10945.0 0.950616 1.047726 0.0 0.949843 1.844278 -16.788492 -0.150784 0.009085 12.845295 116.0
284 10945.0 0.968667 1.063859 0.0 0.957859 1.844278 -16.788492 -0.150784 0.009085 12.845295 116.0
285 10945.0 0.987488 1.103662 0.0 0.96673 1.844278 -16.788492 -0.150784 0.009085 12.845295 116.0
286 10945.0 0.995574 1.096644 0.0 0.970003 1.844278 -16.788492 -0.150784 0.009085 12.845295 116.0
287 10945.0 0.996858 1.099728 0.0 0.970616 1.844278 -16.788492 -0.150784 0.009085 12.845295 116.0
