 time p.x p.y p.z deep.node-0 CV opes.bias opes.rct opes.zed opes.neff opes.nker
0 12445.0 -0.672415 1.332366 0.0 -0.94752 1.56427 -15.700212 -0.163672 0.00871 12.845295 121.0
1 12445.0 -0.672903 1.30995 0.0 -0.934764 1.56427 -15.700212 -0.163672 0.00871 12.845295 121.0
2 12445.0 -0.686559 1.330111 0.0 -0.949973 1.56427 -15.700212 -0.163672 0.00871 12.845295 121.0
3 12445.0 -0.696088 1.322489 0.0 -0.948118 1.56427 -15.700212 -0.163672 0.00871 12.845295 121.0
4 12445.0 -0.695932 1.325517 0.0 -0.949817 1.56427 -15.700212 -0.163672 0.00871 12.845295 121.0
5 12445.0 -0.678602 1.318641 0.0 -0.94127 1.56427 -15.700212 -0.163672 0.00871 12.845295 121.0
6 12445.0 -0.730692 1.309023 0.0 -0.949552 1.56427 -15.700212 -0.163672 0.00871 12.845295 121.0
7 12445.0 -0.719915 1.317787 0.0 -0.951733 1.56427 -15.700212 -0.163672 0.00871 12.845295 121.0
8 12445.0 -0.725281 1.287276 0.0 -0.935617 1.56427 -15.700212 -0.163672 0.00871 12.845295 121.0
9 12445.0 -0.74267 1.296567 0.0 -0.945568 1.56427 -15.700212 -0.163672 0.00871 12.845295 121.0
10 12445.0 -0.706441 1.253111 0.0 -0.910984 1.56427 -15.700212 -0.163672 0.00871 12.845295 121.0
11 12445.0 -0.696475 1.20434 0.0 -0.879895 1.56427 -15.700212 -0.163672 0.00871 12.845295 121.0
12 12445.0 -0.719453 1.215137 0.0 -0.892455 1.56427 -15.700212 -0.163672 0.00871 12.845295 121.0
13 12445.0 -0.731704 1.218161 0.0 -0.897544 1.56427 -15.700212 -0.163672 0.00871 12.845295 121.0
14 12445.0 -0.736452 1.212408 0.0 -0.895441 1.56427 -15.700212 -0.163672 0.00871 12.845295 121.0
15 12445.0 -0.755097 1.199151 0.0 -0.892678 1.56427 -15.700212 -0.163672 0.00871 12.845295 121.0
16 12445.0 -0.750138 1.201734 0.0 -0.892858 1.56427 -15.700212 -0.163672 0.00871 12.845295 121.0
17 12445.0 -0.766018 1.18038 0.0 -0.884582 1.56427 -15.700212 -0.163672 0.00871 12.845295 121.0
18 12445.0 -0.758098 1.172248 0.0 -0.877658 1.56427 -15.700212 -0.163672 0.00871 12.845295 121.0
19 12445.0 -0.784812 1.159722 0.0 -0.877504 1.56427 -15.700212 -0.163672 0.00871 12.845295 121.0
20 12445.0 -0.797143 1.164063 0.0 -0.883389 1.56427 -15.700212 -0.163672 0.00871 12.845295 121.0
21 12445.0 -0.851369 1.175839 0.0 -0.904967 1.56427 -15.700212 -0.163672 0.00871 12.845295 121.0
22 12445.0 -0.849371 1.152154 0.0 -0.89049 1.56427 -15.700212 -0.163672 0.00871 12.845295 121.0
23 12445.0 -0.850672 1.114147 0.0 -0.868478 1.56427 -15.700212 -0.163672 0.00871 12.845295 121.0
24 12445.0 -0.8506 1.116216 0.0 -0.869676 1.56427 -15.700212 -0.163672 0.00871 12.845295 121.0
25 12445.0 -0.85058 1.095647 0.0 -0.857567 1.56427 -15.700212 -0.163672 0.00871 12.845295 121.0
26 12445.0 -0.860572 1.072494 0.0 -0.846643 1.56427 -15.700212 -0.163672 0.00871 12.845295 121.0
27 12445.0 -0.885483 1.058804 0.0 -0.845317 1.56427 -15.700212 -0.163672 0.00871 12.845295 121.0
28 12445.0 -0.916951 1.021287 0.0 -0.831802 1.56427 -15.700212 -0.163672 0.00871 12.845295 121.0
29 12445.0 -0.928054 1.016475 0.0 -0.831988 1.56427 -15.700212 -0.163672 0.00871 12.845295 121.0
30 12445.0 -0.972457 0.972117 0.0 -0.817966 1.56427 -15.700212 -0.163672 0.00871 12.845295 121.0
31 12445.0 -0.957678 0.95747 0.0 -0.805234 1.56427 -15.700212 -0.163672 0.00871 12.845295 121.0
32 12445.0 -0.945041 0.926225 0.0 -0.778434 1.56427 -15.700212 -0.163672 0.00871 12.845295 121.0
33 12445.0 -0.941708 0.914042 0.0 -0.767073 1.56427 -15.700212 -0.163672 0.00871 12.845295 121.0
34 12445.0 -0.920418 0.895364 0.0 -0.744679 1.56427 -15.700212 -0.163672 0.00871 12.845295 121.0
35 12445.0 -0.930608 0.874539 0.0 -0.730058 1.56427 -15.700212 -0.163672 0.00871 12.845295 121.0
36 12445.0 -0.894392 0.848931 0.0 -0.695513 1.56427 -15.700212 -0.163672 0.00871 12.845295 121.0
37 12445.0 -0.846243 0.830539 0.0 -0.663238 1.56427 -15.700212 -0.163672 0.00871 12.845295 121.0
38 12445.0 -0.849263 0.796777 0.0 -0.634813 1.56427 -15.700212 -0.163672 0.00871 12.845295 121.0
39 12445.0 -0.80324 0.788649 0.0 -0.612205 1.56427 -15.700212 -0.163672 0.00871 12.845295 121.0
40 12445.0 -0.825238 0.768802 0.0 -0.602315 1.56427 -15.700212 -0.163672 0.00871 12.845295 121.0
41 12445.0 -0.798205 0.738691 0.0 -0.567012 1.56427 -15.700212 -0.163672 0.00871 12.845295 121.0
42 12445.0 -0.792227 0.741827 0.0 -0.567719 1.56427 -15.700212 -0.163672 0.00871 12.845295 121.0
43 12445.0 -0.783292 0.726421 0.0 -0.549338 1.56427 -15.700212 -0.163672 0.00871 12.845295 121.0
44 12445.0 -0.799831 0.727979 0.0 -0.557662 1.56427 -15.700212 -0.163672 0.00871 12.845295 121.0
45 12445.0 -0.791794 0.715527 0.0 -0.540674 1.56427 -15.700212 -0.163672 0.00871 12.845295 121.0
46 12445.0 -0.798086 0.700141 0.0 -0.526074 1.56427 -15.700212 -0.163672 0.00871 12.845295 121.0
47 12445.0 -0.804301 0.699857 0.0 -0.528329 1.56427 -15.700212 -0.163672 0.00871 12.845295 121.0
48 12445.0 -0.823054 0.717239 0.0 -0.554744 1.56427 -15.700212 -0.163672 0.00871 12.845295 121.0
49 12445.0 -0.833179 0.708023 0.0 -0.548493 1.56427 -15.700212 -0.163672 0.00871 12.845295 121.0
50 12445.0 -0.822844 0.686597 0.0 -0.521011 1.56427 -15.700212 -0.163672 0.00871 12.845295 121.0
51 12445.0 -0.797673 0.686763 0.0 -0.510944 1.56427 -15.700212 -0.163672 0.00871 12.845295 121.0
52 12445.0 -0.77268 0.709142 0.0 -0.525626 1.56427 -15.700212 -0.163672 0.00871 12.845295 121.0
53 12445.0 -0.799632 0.692154 0.0 -0.517783 1.56427 -15.700212 -0.163672 0.00871 12.845295 121.0
54 12445.0 -0.787261 0.686687 0.0 -0.506551 1.56427 -15.700212 -0.163672 0.00871 12.845295 121.0
55 12445.0 -0.779691 0.662753 0.0 -0.476658 1.56427 -15.700212 -0.163672 0.00871 12.845295 121.0
56 12445.0 -0.809412 0.647441 0.0 -0.471835 1.56427 -15.700212 -0.163672 0.00871 12.845295 121.0
57 12445.0 -0.798771 0.637836 0.0 -0.456692 1.56427 -15.700212 -0.163672 0.00871 12.845295 121.0
58 12445.0 -0.804271 0.628189 0.0 -0.448796 1.56427 -15.700212 -0.163672 0.00871 12.845295 121.0
59 12445.0 -0.790347 0.615092 0.0 -0.429428 1.56427 -15.700212 -0.163672 0.00871 12.845295 121.0
60 12445.0 -0.779232 0.6215 0.0 -0.430341 1.56427 -15.700212 -0.163672 0.00871 12.845295 121.0
61 12445.0 -0.783552 0.610938 0.0 -0.422145 1.56427 -15.700212 -0.163672 0.00871 12.845295 121.0
62 12445.0 -0.773818 0.610939 0.0 -0.417482 1.56427 -15.700212 -0.163672 0.00871 12.845295 121.0
63 12445.0 -0.777937 0.594663 0.0 -0.403677 1.56427 -15.700212 -0.163672 0.00871 12.845295 121.0
64 12445.0 -0.773676 0.57569 0.0 -0.383243 1.56427 -15.700212 -0.163672 0.00871 12.845295 121.0
65 12445.0 -0.760525 0.558178 0.0 -0.359965 1.56427 -15.700212 -0.163672 0.00871 12.845295 121.0
66 12445.0 -0.751695 0.524831 0.0 -0.323406 1.56427 -15.700212 -0.163672 0.00871 12.845295 121.0
67 12445.0 -0.762349 0.534436 0.0 -0.337823 1.56427 -15.700212 -0.163672 0.00871 12.845295 121.0
68 12445.0 -0.719043 0.538943 0.0 -0.32144 1.56427 -15.700212 -0.163672 0.00871 12.845295 121.0
69 12445.0 -0.719273 0.553556 0.0 -0.335717 1.56427 -15.700212 -0.163672 0.00871 12.845295 121.0
70 12445.0 -0.725645 0.550987 0.0 -0.33628 1.56427 -15.700212 -0.163672 0.00871 12.845295 121.0
71 12445.0 -0.738166 0.57023 0.0 -0.360934 1.56427 -15.700212 -0.163672 0.00871 12.845295 121.0
72 12445.0 -0.755039 0.576361 0.0 -0.374962 1.56427 -15.700212 -0.163672 0.00871 12.845295 121.0
73 12445.0 -0.739442 0.598843 0.0 -0.389284 1.56427 -15.700212 -0.163672 0.00871 12.845295 121.0
74 12445.0 -0.741462 0.579281 0.0 -0.371287 1.56427 -15.700212 -0.163672 0.00871 12.845295 121.0
75 12445.0 -0.722197 0.5721 0.0 -0.355095 1.56427 -15.700212 -0.163672 0.00871 12.845295 121.0
76 12445.0 -0.699293 0.566408 0.0 -0.338602 1.56427 -15.700212 -0.163672 0.00871 12.845295 121.0
77 12445.0 -0.677886 0.585389 0.0 -0.34803 1.56427 -15.700212 -0.163672 0.00871 12.845295 121.0
78 12445.0 -0.662243 0.581054 0.0 -0.33671 1.56427 -15.700212 -0.163672 0.00871 12.845295 121.0
79 12445.0 -0.663655 0.594145 0.0 -0.351932 1.56427 -15.700212 -0.163672 0.00871 12.845295 121.0
80 12445.0 -0.651776 0.571424 0.0 -0.321612 1.56427 -15.700212 -0.163672 0.00871 12.845295 121.0
81 12445.0 -0.635481 0.558337 0.0 -0.29524 1.56427 -15.700212 -0.163672 0.00871 12.845295 121.0
82 12445.0 -0.618637 0.5227 0.0 -0.235142 1.56427 -15.700212 -0.163672 0.00871 12.845295 121.0
83 12445.0 -0.584024 0.510346 0.0 -0.181646 1.56427 -15.700212 -0.163672 0.00871 12.845295 121.0
84 12445.0 -0.5689 0.514449 0.0 -0.176547 1.56427 -15.700212 -0.163672 0.00871 12.845295 121.0
85 12445.0 -0.538516 0.518647 0.0 -0.161043 1.56427 -15.700212 -0.163672 0.00871 12.845295 121.0
86 12445.0 -0.538316 0.532694 0.0 -0.180067 1.56427 -15.700212 -0.163672 0.00871 12.845295 121.0
87 12445.0 -0.519778 0.554165 0.0 -0.196711 1.56427 -15.700212 -0.163672 0.00871 12.845295 121.0
88 12445.0 -0.507673 0.557831 0.0 -0.193457 1.56427 -15.700212 -0.163672 0.00871 12.845295 121.0
89 12445.0 -0.49848 0.553276 0.0 -0.180976 1.56427 -15.700212 -0.163672 0.00871 12.845295 121.0
90 12445.0 -0.501808 0.55017 0.0 -0.179008 1.56427 -15.700212 -0.163672 0.00871 12.845295 121.0
91 12445.0 -0.49055 0.542111 0.0 -0.160337 1.56427 -15.700212 -0.163672 0.00871 12.845295 121.0
92 12445.0 -0.503031 0.53325 0.0 -0.156762 1.56427 -15.700212 -0.163672 0.00871 12.845295 121.0
93 12445.0 -0.492494 0.511996 0.0 -0.122166 1.56427 -15.700212 -0.163672 0.00871 12.845295 121.0
94 12445.0 -0.466081 0.523028 0.0 -0.122434 1.56427 -15.700212 -0.163672 0.00871 12.845295 121.0
95 12445.0 -0.471739 0.529017 0.0 -0.130337 1.56427 -15.700212 -0.163672 0.00871 12.845295 121.0
96 12445.0 -0.496383 0.533243 0.0 -0.152219 1.56427 -15.700212 -0.163672 0.00871 12.845295 121.0
97 12445.0 -0.492868 0.519142 0.0 -0.130587 1.56427 -15.700212 -0.163672 0.00871 12.845295 121.0
98 12445.0 -0.484219 0.521779 0.0 -0.128285 1.56427 -15.700212 -0.163672 0.00871 12.845295 121.0
99 12445.0 -0.484195 0.510179 0.0 -0.117215 1.56427 -15.700212 -0.163672 0.00871 12.845295 121.0
100 12445.0 -0.487802 0.519447 0.0 -0.127548 1.56427 -15.700212 -0.163672 0.00871 12.845295 121.0
101 12445.0 -0.488964 0.527817 0.0 -0.139757 1.56427 -15.700212 -0.163672 0.00871 12.845295 121.0
102 12445.0 -0.473444 0.539645 0.0 -0.145307 1.56427 -15.700212 -0.163672 0.00871 12.845295 121.0
103 12445.0 -0.471071 0.558786 0.0 -0.169799 1.56427 -15.700212 -0.163672 0.00871 12.845295 121.0
104 12445.0 -0.454389 0.533966 0.0 -0.128324 1.56427 -15.700212 -0.163672 0.00871 12.845295 121.0
105 12445.0 -0.441062 0.521984 0.0 -0.111733 1.56427 -15.700212 -0.163672 0.00871 12.845295 121.0
106 12445.0 -0.403684 0.509594 0.0 -0.085424 1.56427 -15.700212 -0.163672 0.00871 12.845295 121.0
107 12445.0 -0.392108 0.495404 0.0 -0.067408 1.56427 -15.700212 -0.163672 0.00871 12.845295 121.0
108 12445.0 -0.380437 0.525603 0.0 -0.091664 1.56427 -15.700212 -0.163672 0.00871 12.845295 121.0
109 12445.0 -0.37166 0.531404 0.0 -0.093787 1.56427 -15.700212 -0.163672 0.00871 12.845295 121.0
110 12445.0 -0.361151 0.521856 0.0 -0.08061 1.56427 -15.700212 -0.163672 0.00871 12.845295 121.0
111 12445.0 -0.353588 0.513753 0.0 -0.069953 1.56427 -15.700212 -0.163672 0.00871 12.845295 121.0
112 12445.0 -0.338963 0.507813 0.0 -0.058618 1.56427 -15.700212 -0.163672 0.00871 12.845295 121.0
113 12445.0 -0.339298 0.516009 0.0 -0.06656 1.56427 -15.700212 -0.163672 0.00871 12.845295 121.0
114 12445.0 -0.324907 0.507418 0.0 -0.052789 1.56427 -15.700212 -0.163672 0.00871 12.845295 121.0
115 12445.0 -0.328027 0.509381 0.0 -0.05587 1.56427 -15.700212 -0.163672 0.00871 12.845295 121.0
116 12445.0 -0.325126 0.524079 0.0 -0.068753 1.56427 -15.700212 -0.163672 0.00871 12.845295 121.0
117 12445.0 -0.326498 0.524651 0.0 -0.069831 1.56427 -15.700212 -0.163672 0.00871 12.845295 121.0
118 12445.0 -0.330221 0.485072 0.0 -0.033778 1.56427 -15.700212 -0.163672 0.00871 12.845295 121.0
119 12445.0 -0.326029 0.480739 0.0 -0.028993 1.56427 -15.700212 -0.163672 0.00871 12.845295 121.0
120 12445.0 -0.307746 0.458716 0.0 -0.005613 1.56427 -15.700212 -0.163672 0.00871 12.845295 121.0
121 12445.0 -0.299691 0.467281 0.0 -0.010018 1.56427 -15.700212 -0.163672 0.00871 12.845295 121.0
122 12445.0 -0.267756 0.471275 0.0 -0.003359 1.56427 -15.700212 -0.163672 0.00871 12.845295 121.0
123 12445.0 -0.290882 0.48048 0.0 -0.017919 1.56427 -15.700212 -0.163672 0.00871 12.845295 121.0
124 12445.0 -0.283131 0.50544 0.0 -0.035614 1.56427 -15.700212 -0.163672 0.00871 12.845295 121.0
125 12445.0 -0.281846 0.505408 0.0 -0.035191 1.56427 -15.700212 -0.163672 0.00871 12.845295 121.0
126 12445.0 -0.270996 0.509228 0.0 -0.034911 1.56427 -15.700212 -0.163672 0.00871 12.845295 121.0
127 12445.0 -0.267976 0.493897 0.0 -0.021637 1.56427 -15.700212 -0.163672 0.00871 12.845295 121.0
128 12445.0 -0.272114 0.478835 0.0 -0.010792 1.56427 -15.700212 -0.163672 0.00871 12.845295 121.0
129 12445.0 -0.248557 0.477062 0.0 -0.002081 1.56427 -15.700212 -0.163672 0.00871 12.845295 121.0
130 12445.0 -0.221278 0.481754 0.0 0.002576 1.56427 -15.700212 -0.163672 0.00871 12.845295 121.0
131 12445.0 -0.221479 0.47746 0.0 0.00597 1.56427 -15.700212 -0.163672 0.00871 12.845295 121.0
132 12445.0 -0.215331 0.480541 0.0 0.005391 1.56427 -15.700212 -0.163672 0.00871 12.845295 121.0
133 12445.0 -0.213138 0.49333 0.0 -0.004226 1.56427 -15.700212 -0.163672 0.00871 12.845295 121.0
134 12445.0 -0.211741 0.49974 0.0 -0.008954 1.56427 -15.700212 -0.163672 0.00871 12.845295 121.0
135 12445.0 -0.191344 0.487936 0.0 0.006854 1.56427 -15.700212 -0.163672 0.00871 12.845295 121.0
136 12445.0 -0.179128 0.472173 0.0 0.022316 1.56427 -15.700212 -0.163672 0.00871 12.845295 121.0
137 12445.0 -0.173345 0.482281 0.0 0.016604 1.56427 -15.700212 -0.163672 0.00871 12.845295 121.0
138 12445.0 -0.181164 0.481189 0.0 0.015432 1.56427 -15.700212 -0.163672 0.00871 12.845295 121.0
139 12445.0 -0.173906 0.501915 0.0 0.000992 1.56427 -15.700212 -0.163672 0.00871 12.845295 121.0
140 12445.0 -0.148284 0.502535 0.0 0.007821 1.56427 -15.700212 -0.163672 0.00871 12.845295 121.0
141 12445.0 -0.146492 0.50186 0.0 0.008633 1.56427 -15.700212 -0.163672 0.00871 12.845295 121.0
142 12445.0 -0.161803 0.536536 0.0 -0.023134 1.56427 -15.700212 -0.163672 0.00871 12.845295 121.0
143 12445.0 -0.133903 0.534463 0.0 -0.012839 1.56427 -15.700212 -0.163672 0.00871 12.845295 121.0
144 12445.0 -0.124019 0.490425 0.0 0.019766 1.56427 -15.700212 -0.163672 0.00871 12.845295 121.0
145 12445.0 -0.112883 0.4925 0.0 0.01827 1.56427 -15.700212 -0.163672 0.00871 12.845295 121.0
146 12445.0 -0.116835 0.485288 0.0 0.021326 1.56427 -15.700212 -0.163672 0.00871 12.845295 121.0
147 12445.0 -0.101454 0.50544 0.0 0.012521 1.56427 -15.700212 -0.163672 0.00871 12.845295 121.0
148 12445.0 -0.087484 0.493537 0.0 0.016302 1.56427 -15.700212 -0.163672 0.00871 12.845295 121.0
149 12445.0 -0.080016 0.496392 0.0 0.014728 1.56427 -15.700212 -0.163672 0.00871 12.845295 121.0
150 12445.0 -0.094942 0.508927 0.0 0.010761 1.56427 -15.700212 -0.163672 0.00871 12.845295 121.0
151 12445.0 -0.106409 0.503021 0.0 0.01377 1.56427 -15.700212 -0.163672 0.00871 12.845295 121.0
152 12445.0 -0.096368 0.501372 0.0 0.013794 1.56427 -15.700212 -0.163672 0.00871 12.845295 121.0
153 12445.0 -0.096532 0.509227 0.0 0.010742 1.56427 -15.700212 -0.163672 0.00871 12.845295 121.0
154 12445.0 -0.094387 0.519971 0.0 0.005764 1.56427 -15.700212 -0.163672 0.00871 12.845295 121.0
155 12445.0 -0.0901 0.486366 0.0 0.019259 1.56427 -15.700212 -0.163672 0.00871 12.845295 121.0
156 12445.0 -0.093169 0.501578 0.0 0.013517 1.56427 -15.700212 -0.163672 0.00871 12.845295 121.0
157 12445.0 -0.093083 0.49213 0.0 0.017195 1.56427 -15.700212 -0.163672 0.00871 12.845295 121.0
158 12445.0 -0.086384 0.493116 0.0 0.016398 1.56427 -15.700212 -0.163672 0.00871 12.845295 121.0
159 12445.0 -0.078172 0.512645 0.0 0.008278 1.56427 -15.700212 -0.163672 0.00871 12.845295 121.0
160 12445.0 -0.078235 0.518059 0.0 0.006171 1.56427 -15.700212 -0.163672 0.00871 12.845295 121.0
161 12445.0 -0.060482 0.517921 0.0 0.005131 1.56427 -15.700212 -0.163672 0.00871 12.845295 121.0
162 12445.0 -0.046751 0.525977 0.0 0.001144 1.56427 -15.700212 -0.163672 0.00871 12.845295 121.0
163 12445.0 -0.038021 0.473909 0.0 0.020907 1.56427 -15.700212 -0.163672 0.00871 12.845295 121.0
164 12445.0 -0.040507 0.504257 0.0 0.009228 1.56427 -15.700212 -0.163672 0.00871 12.845295 121.0
165 12445.0 -0.038528 0.550607 0.0 -0.00749 1.56427 -15.700212 -0.163672 0.00871 12.845295 121.0
166 12445.0 -0.009129 0.538813 0.0 -0.004474 1.56427 -15.700212 -0.163672 0.00871 12.845295 121.0
167 12445.0 -0.011299 0.535421 0.0 -0.003386 1.56427 -15.700212 -0.163672 0.00871 12.845295 121.0
168 12445.0 -0.003733 0.551292 0.0 -0.008421 1.56427 -15.700212 -0.163672 0.00871 12.845295 121.0
169 12445.0 0.00151 0.556961 0.0 -0.010272 1.56427 -15.700212 -0.163672 0.00871 12.845295 121.0
170 12445.0 0.031328 0.556858 0.0 -0.010277 1.56427 -15.700212 -0.163672 0.00871 12.845295 121.0
171 12445.0 0.027605 0.577497 0.0 -0.010212 1.56427 -15.700212 -0.163672 0.00871 12.845295 121.0
172 12445.0 0.025439 0.532364 0.0 -0.003207 1.56427 -15.700212 -0.163672 0.00871 12.845295 121.0
173 12445.0 0.038163 0.526968 0.0 -0.001812 1.56427 -15.700212 -0.163672 0.00871 12.845295 121.0
174 12445.0 0.029373 0.532969 0.0 -0.003475 1.56427 -15.700212 -0.163672 0.00871 12.845295 121.0
175 12445.0 0.023587 0.508978 0.0 0.004019 1.56427 -15.700212 -0.163672 0.00871 12.845295 121.0
176 12445.0 0.02431 0.503822 0.0 0.005589 1.56427 -15.700212 -0.163672 0.00871 12.845295 121.0
177 12445.0 0.011608 0.506406 0.0 0.00518 1.56427 -15.700212 -0.163672 0.00871 12.845295 121.0
178 12445.0 -0.009309 0.519787 0.0 0.001378 1.56427 -15.700212 -0.163672 0.00871 12.845295 121.0
179 12445.0 0.015642 0.500095 0.0 0.007392 1.56427 -15.700212 -0.163672 0.00871 12.845295 121.0
180 12445.0 0.030667 0.499217 0.0 0.006873 1.56427 -15.700212 -0.163672 0.00871 12.845295 121.0
181 12445.0 0.047145 0.503223 0.0 0.0053 1.56427 -15.700212 -0.163672 0.00871 12.845295 121.0
182 12445.0 0.072843 0.51233 0.0 0.001969 1.56427 -15.700212 -0.163672 0.00871 12.845295 121.0
183 12445.0 0.071798 0.514616 0.0 0.001288 1.56427 -15.700212 -0.163672 0.00871 12.845295 121.0
184 12445.0 0.055465 0.519007 0.0 0.000276 1.56427 -15.700212 -0.163672 0.00871 12.845295 121.0
185 12445.0 0.075114 0.510206 0.0 0.002575 1.56427 -15.700212 -0.163672 0.00871 12.845295 121.0
186 12445.0 0.086835 0.498471 0.0 0.005939 1.56427 -15.700212 -0.163672 0.00871 12.845295 121.0
187 12445.0 0.102203 0.515997 0.0 0.000234 1.56427 -15.700212 -0.163672 0.00871 12.845295 121.0
188 12445.0 0.09536 0.522987 0.0 -0.001134 1.56427 -15.700212 -0.163672 0.00871 12.845295 121.0
189 12445.0 0.100665 0.521606 0.0 -0.000331 1.56427 -15.700212 -0.163672 0.00871 12.845295 121.0
190 12445.0 0.095751 0.534576 0.0 -0.000701 1.56427 -15.700212 -0.163672 0.00871 12.845295 121.0
191 12445.0 0.106248 0.529966 0.0 0.000828 1.56427 -15.700212 -0.163672 0.00871 12.845295 121.0
192 12445.0 0.10161 0.526285 0.0 -3e-05 1.56427 -15.700212 -0.163672 0.00871 12.845295 121.0
193 12445.0 0.104293 0.52229 0.0 0.00027 1.56427 -15.700212 -0.163672 0.00871 12.845295 121.0
194 12445.0 0.111835 0.507027 0.0 0.002791 1.56427 -15.700212 -0.163672 0.00871 12.845295 121.0
195 12445.0 0.104871 0.518626 0.0 0.000245 1.56427 -15.700212 -0.163672 0.00871 12.845295 121.0
196 12445.0 0.118224 0.497023 0.0 0.005734 1.56427 -15.700212 -0.163672 0.00871 12.845295 121.0
197 12445.0 0.146479 0.519384 0.0 0.006915 1.56427 -15.700212 -0.163672 0.00871 12.845295 121.0
198 12445.0 0.185709 0.503196 0.0 0.012662 1.56427 -15.700212 -0.163672 0.00871 12.845295 121.0
199 12445.0 0.186429 0.519078 0.0 0.013285 1.56427 -15.700212 -0.163672 0.00871 12.845295 121.0
200 12445.0 0.207611 0.497002 0.0 0.017236 1.56427 -15.700212 -0.163672 0.00871 12.845295 121.0
201 12445.0 0.241527 0.49834 0.0 0.036409 1.56427 -15.700212 -0.163672 0.00871 12.845295 121.0
202 12445.0 0.244148 0.517728 0.0 0.046946 1.56427 -15.700212 -0.163672 0.00871 12.845295 121.0
203 12445.0 0.254168 0.494526 0.0 0.044252 1.56427 -15.700212 -0.163672 0.00871 12.845295 121.0
204 12445.0 0.284863 0.524735 0.0 0.080072 1.56427 -15.700212 -0.163672 0.00871 12.845295 121.0
205 12445.0 0.293141 0.52714 0.0 0.087339 1.56427 -15.700212 -0.163672 0.00871 12.845295 121.0
206 12445.0 0.306105 0.502418 0.0 0.086024 1.56427 -15.700212 -0.163672 0.00871 12.845295 121.0
207 12445.0 0.287809 0.508704 0.0 0.074983 1.56427 -15.700212 -0.163672 0.00871 12.845295 121.0
208 12445.0 0.327927 0.522969 0.0 0.110561 1.56427 -15.700212 -0.163672 0.00871 12.845295 121.0
209 12445.0 0.320941 0.532839 0.0 0.110452 1.56427 -15.700212 -0.163672 0.00871 12.845295 121.0
210 12445.0 0.30577 0.537521 0.0 0.102057 1.56427 -15.700212 -0.163672 0.00871 12.845295 121.0
211 12445.0 0.306457 0.524701 0.0 0.095611 1.56427 -15.700212 -0.163672 0.00871 12.845295 121.0
212 12445.0 0.352452 0.531798 0.0 0.132591 1.56427 -15.700212 -0.163672 0.00871 12.845295 121.0
213 12445.0 0.361548 0.48963 0.0 0.122019 1.56427 -15.700212 -0.163672 0.00871 12.845295 121.0
214 12445.0 0.373834 0.493379 0.0 0.132662 1.56427 -15.700212 -0.163672 0.00871 12.845295 121.0
215 12445.0 0.389866 0.490439 0.0 0.143378 1.56427 -15.700212 -0.163672 0.00871 12.845295 121.0
216 12445.0 0.398383 0.503042 0.0 0.154812 1.56427 -15.700212 -0.163672 0.00871 12.845295 121.0
217 12445.0 0.416795 0.51292 0.0 0.17249 1.56427 -15.700212 -0.163672 0.00871 12.845295 121.0
218 12445.0 0.428275 0.511082 0.0 0.180272 1.56427 -15.700212 -0.163672 0.00871 12.845295 121.0
219 12445.0 0.406254 0.511542 0.0 0.164102 1.56427 -15.700212 -0.163672 0.00871 12.845295 121.0
220 12445.0 0.403584 0.517508 0.0 0.164538 1.56427 -15.700212 -0.163672 0.00871 12.845295 121.0
221 12445.0 0.414911 0.533286 0.0 0.179346 1.56427 -15.700212 -0.163672 0.00871 12.845295 121.0
222 12445.0 0.398075 0.530654 0.0 0.165774 1.56427 -15.700212 -0.163672 0.00871 12.845295 121.0
223 12445.0 0.401497 0.518185 0.0 0.163262 1.56427 -15.700212 -0.163672 0.00871 12.845295 121.0
224 12445.0 0.409381 0.530613 0.0 0.174154 1.56427 -15.700212 -0.163672 0.00871 12.845295 121.0
225 12445.0 0.42243 0.52146 0.0 0.180137 1.56427 -15.700212 -0.163672 0.00871 12.845295 121.0
226 12445.0 0.439652 0.523513 0.0 0.19376 1.56427 -15.700212 -0.163672 0.00871 12.845295 121.0
227 12445.0 0.445872 0.554866 0.0 0.218322 1.56427 -15.700212 -0.163672 0.00871 12.845295 121.0
228 12445.0 0.455036 0.541455 0.0 0.217324 1.56427 -15.700212 -0.163672 0.00871 12.845295 121.0
229 12445.0 0.461468 0.527267 0.0 0.214807 1.56427 -15.700212 -0.163672 0.00871 12.845295 121.0
230 12445.0 0.485627 0.562829 0.0 0.257875 1.56427 -15.700212 -0.163672 0.00871 12.845295 121.0
231 12445.0 0.485334 0.554947 0.0 0.252018 1.56427 -15.700212 -0.163672 0.00871 12.845295 121.0
232 12445.0 0.494978 0.530698 0.0 0.246069 1.56427 -15.700212 -0.163672 0.00871 12.845295 121.0
233 12445.0 0.512358 0.52459 0.0 0.257756 1.56427 -15.700212 -0.163672 0.00871 12.845295 121.0
234 12445.0 0.508991 0.521205 0.0 0.252863 1.56427 -15.700212 -0.163672 0.00871 12.845295 121.0
235 12445.0 0.523221 0.528992 0.0 0.269791 1.56427 -15.700212 -0.163672 0.00871 12.845295 121.0
236 12445.0 0.502686 0.542654 0.0 0.259692 1.56427 -15.700212 -0.163672 0.00871 12.845295 121.0
237 12445.0 0.504236 0.54607 0.0 0.263012 1.56427 -15.700212 -0.163672 0.00871 12.845295 121.0
238 12445.0 0.51847 0.53885 0.0 0.271308 1.56427 -15.700212 -0.163672 0.00871 12.845295 121.0
239 12445.0 0.530192 0.539997 0.0 0.282221 1.56427 -15.700212 -0.163672 0.00871 12.845295 121.0
240 12445.0 0.523818 0.520015 0.0 0.265147 1.56427 -15.700212 -0.163672 0.00871 12.845295 121.0
241 12445.0 0.524627 0.499982 0.0 0.254565 1.56427 -15.700212 -0.163672 0.00871 12.845295 121.0
242 12445.0 0.52557 0.519554 0.0 0.266413 1.56427 -15.700212 -0.163672 0.00871 12.845295 121.0
243 12445.0 0.535838 0.537904 0.0 0.285955 1.56427 -15.700212 -0.163672 0.00871 12.845295 121.0
244 12445.0 0.552845 0.522142 0.0 0.291759 1.56427 -15.700212 -0.163672 0.00871 12.845295 121.0
245 12445.0 0.57298 0.538114 0.0 0.318562 1.56427 -15.700212 -0.163672 0.00871 12.845295 121.0
246 12445.0 0.58821 0.537152 0.0 0.33133 1.56427 -15.700212 -0.163672 0.00871 12.845295 121.0
247 12445.0 0.583704 0.539468 0.0 0.328721 1.56427 -15.700212 -0.163672 0.00871 12.845295 121.0
248 12445.0 0.600623 0.526281 0.0 0.33593 1.56427 -15.700212 -0.163672 0.00871 12.845295 121.0
249 12445.0 0.640825 0.51423 0.0 0.364159 1.56427 -15.700212 -0.163672 0.00871 12.845295 121.0
250 12445.0 0.63822 0.522624 0.0 0.366711 1.56427 -15.700212 -0.163672 0.00871 12.845295 121.0
251 12445.0 0.62497 0.528347 0.0 0.358416 1.56427 -15.700212 -0.163672 0.00871 12.845295 121.0
252 12445.0 0.639989 0.554782 0.0 0.386764 1.56427 -15.700212 -0.163672 0.00871 12.845295 121.0
253 12445.0 0.654177 0.560457 0.0 0.402439 1.56427 -15.700212 -0.163672 0.00871 12.845295 121.0
254 12445.0 0.642126 0.578234 0.0 0.402237 1.56427 -15.700212 -0.163672 0.00871 12.845295 121.0
255 12445.0 0.661856 0.605934 0.0 0.438764 1.56427 -15.700212 -0.163672 0.00871 12.845295 121.0
256 12445.0 0.654917 0.5758 0.0 0.411916 1.56427 -15.700212 -0.163672 0.00871 12.845295 121.0
257 12445.0 0.635726 0.588929 0.0 0.404391 1.56427 -15.700212 -0.163672 0.00871 12.845295 121.0
258 12445.0 0.636721 0.608719 0.0 0.41932 1.56427 -15.700212 -0.163672 0.00871 12.845295 121.0
259 12445.0 0.65966 0.633767 0.0 0.456695 1.56427 -15.700212 -0.163672 0.00871 12.845295 121.0
260 12445.0 0.653851 0.648273 0.0 0.462065 1.56427 -15.700212 -0.163672 0.00871 12.845295 121.0
261 12445.0 0.670203 0.670302 0.0 0.491677 1.56427 -15.700212 -0.163672 0.00871 12.845295 121.0
262 12445.0 0.675386 0.661829 0.0 0.490067 1.56427 -15.700212 -0.163672 0.00871 12.845295 121.0
263 12445.0 0.68742 0.63466 0.0 0.480993 1.56427 -15.700212 -0.163672 0.00871 12.845295 121.0
264 12445.0 0.692296 0.649756 0.0 0.495891 1.56427 -15.700212 -0.163672 0.00871 12.845295 121.0
265 12445.0 0.684314 0.654152 0.0 0.492215 1.56427 -15.700212 -0.163672 0.00871 12.845295 121.0
266 12445.0 0.679042 0.656043 0.0 0.489067 1.56427 -15.700212 -0.163672 0.00871 12.845295 121.0
267 12445.0 0.689668 0.643749 0.0 0.489377 1.56427 -15.700212 -0.163672 0.00871 12.845295 121.0
268 12445.0 0.683286 0.620841 0.0 0.467637 1.56427 -15.700212 -0.163672 0.00871 12.845295 121.0
269 12445.0 0.689244 0.609782 0.0 0.464847 1.56427 -15.700212 -0.163672 0.00871 12.845295 121.0
270 12445.0 0.691714 0.622301 0.0 0.47586 1.56427 -15.700212 -0.163672 0.00871 12.845295 121.0
271 12445.0 0.683546 0.679308 0.0 0.509458 1.56427 -15.700212 -0.163672 0.00871 12.845295 121.0
272 12445.0 0.679821 0.665657 0.0 0.496571 1.56427 -15.700212 -0.163672 0.00871 12.845295 121.0
273 12445.0 0.67201 0.646997 0.0 0.476636 1.56427 -15.700212 -0.163672 0.00871 12.845295 121.0
274 12445.0 0.656358 0.652938 0.0 0.467521 1.56427 -15.700212 -0.163672 0.00871 12.845295 121.0
275 12445.0 0.661749 0.672111 0.0 0.485758 1.56427 -15.700212 -0.163672 0.00871 12.845295 121.0
276 12445.0 0.627759 0.665913 0.0 0.452375 1.56427 -15.700212 -0.163672 0.00871 12.845295 121.0
277 12445.0 0.637696 0.669229 0.0 0.463205 1.56427 -15.700212 -0.163672 0.00871 12.845295 121.0
278 12445.0 0.673767 0.670582 0.0 0.494915 1.56427 -15.700212 -0.163672 0.00871 12.845295 121.0
279 12445.0 0.682021 0.677781 0.0 0.507072 1.56427 -15.700212 -0.163672 0.00871 12.845295 121.0
280 12445.0 0.674592 0.68062 0.0 0.50276 1.56427 -15.700212 -0.163672 0.00871 12.845295 121.0
281 12445.0 0.700755 0.695149 0.0 0.535399 1.56427 -15.700212 -0.163672 0.00871 12.845295 121.0
282 12445.0 0.697536 0.702009 0.0 0.537536 1.56427 -15.700212 -0.163672 0.00871 12.845295 121.0
283 12445.0 0.713899 0.723126 0.0 0.566509 1.56427 -15.700212 -0.163672 0.00871 12.845295 121.0
284 12445.0 0.714949 0.740379 0.0 0.57968 1.56427 -15.700212 -0.163672 0.00871 12.845295 121.0
285 12445.0 0.742528 0.718214 0.0 0.587418 1.56427 -15.700212 -0.163672 0.00871 12.845295 121.0
286 12445.0 0.762261 0.711662 0.0 0.599577 1.56427 -15.700212 -0.163672 0.00871 12.845295 121.0
287 12445.0 0.767929 0.729009 0.0 0.61675 1.56427 -15.700212 -0.163672 0.00871 12.845295 121.0
