 time p.x p.y p.z deep.node-0 CV opes.bias opes.rct opes.zed opes.neff opes.nker
0 8545.0 -0.742841 1.253275 0.0 -0.920728 1.886418 -18.410097 -0.125927 0.010332 12.845295 102.0
1 8545.0 -0.750039 1.271039 0.0 -0.932848 1.886418 -18.410097 -0.125927 0.010332 12.845295 102.0
2 8545.0 -0.741328 1.239668 0.0 -0.912506 1.886418 -18.410097 -0.125927 0.010332 12.845295 102.0
3 8545.0 -0.758543 1.258399 0.0 -0.927836 1.886418 -18.410097 -0.125927 0.010332 12.845295 102.0
4 8545.0 -0.760509 1.244909 0.0 -0.920604 1.886418 -18.410097 -0.125927 0.010332 12.845295 102.0
5 8545.0 -0.790507 1.232462 0.0 -0.921402 1.886418 -18.410097 -0.125927 0.010332 12.845295 102.0
6 8545.0 -0.775903 1.237307 0.0 -0.920315 1.886418 -18.410097 -0.125927 0.010332 12.845295 102.0
7 8545.0 -0.780899 1.200057 0.0 -0.900181 1.886418 -18.410097 -0.125927 0.010332 12.845295 102.0
8 8545.0 -0.808226 1.192275 0.0 -0.902984 1.886418 -18.410097 -0.125927 0.010332 12.845295 102.0
9 8545.0 -0.814837 1.153593 0.0 -0.882008 1.886418 -18.410097 -0.125927 0.010332 12.845295 102.0
10 8545.0 -0.831276 1.134418 0.0 -0.875166 1.886418 -18.410097 -0.125927 0.010332 12.845295 102.0
11 8545.0 -0.874498 1.113502 0.0 -0.874535 1.886418 -18.410097 -0.125927 0.010332 12.845295 102.0
12 8545.0 -0.878987 1.072159 0.0 -0.85142 1.886418 -18.410097 -0.125927 0.010332 12.845295 102.0
13 8545.0 -0.887358 1.057209 0.0 -0.844884 1.886418 -18.410097 -0.125927 0.010332 12.845295 102.0
14 8545.0 -0.876725 1.030509 0.0 -0.826256 1.886418 -18.410097 -0.125927 0.010332 12.845295 102.0
15 8545.0 -0.877697 1.001914 0.0 -0.80948 1.886418 -18.410097 -0.125927 0.010332 12.845295 102.0
16 8545.0 -0.879867 0.959135 0.0 -0.784582 1.886418 -18.410097 -0.125927 0.010332 12.845295 102.0
17 8545.0 -0.858378 0.90929 0.0 -0.736006 1.886418 -18.410097 -0.125927 0.010332 12.845295 102.0
18 8545.0 -0.85607 0.886076 0.0 -0.714984 1.886418 -18.410097 -0.125927 0.010332 12.845295 102.0
19 8545.0 -0.839279 0.859088 0.0 -0.685786 1.886418 -18.410097 -0.125927 0.010332 12.845295 102.0
20 8545.0 -0.828028 0.827119 0.0 -0.654113 1.886418 -18.410097 -0.125927 0.010332 12.845295 102.0
21 8545.0 -0.8024 0.838328 0.0 -0.655246 1.886418 -18.410097 -0.125927 0.010332 12.845295 102.0
22 8545.0 -0.799137 0.796331 0.0 -0.617521 1.886418 -18.410097 -0.125927 0.010332 12.845295 102.0
23 8545.0 -0.776404 0.776764 0.0 -0.592791 1.886418 -18.410097 -0.125927 0.010332 12.845295 102.0
24 8545.0 -0.744262 0.770204 0.0 -0.575696 1.886418 -18.410097 -0.125927 0.010332 12.845295 102.0
25 8545.0 -0.73773 0.776796 0.0 -0.579181 1.886418 -18.410097 -0.125927 0.010332 12.845295 102.0
26 8545.0 -0.73748 0.769719 0.0 -0.572801 1.886418 -18.410097 -0.125927 0.010332 12.845295 102.0
27 8545.0 -0.749044 0.759124 0.0 -0.567588 1.886418 -18.410097 -0.125927 0.010332 12.845295 102.0
28 8545.0 -0.70258 0.765434 0.0 -0.556318 1.886418 -18.410097 -0.125927 0.010332 12.845295 102.0
29 8545.0 -0.700093 0.752101 0.0 -0.543567 1.886418 -18.410097 -0.125927 0.010332 12.845295 102.0
30 8545.0 -0.702265 0.748605 0.0 -0.540591 1.886418 -18.410097 -0.125927 0.010332 12.845295 102.0
31 8545.0 -0.697487 0.732896 0.0 -0.521074 1.886418 -18.410097 -0.125927 0.010332 12.845295 102.0
32 8545.0 -0.683612 0.707127 0.0 -0.486519 1.886418 -18.410097 -0.125927 0.010332 12.845295 102.0
33 8545.0 -0.671574 0.70589 0.0 -0.480155 1.886418 -18.410097 -0.125927 0.010332 12.845295 102.0
34 8545.0 -0.69158 0.715692 0.0 -0.499393 1.886418 -18.410097 -0.125927 0.010332 12.845295 102.0
35 8545.0 -0.675766 0.695321 0.0 -0.470072 1.886418 -18.410097 -0.125927 0.010332 12.845295 102.0
36 8545.0 -0.671464 0.692126 0.0 -0.46472 1.886418 -18.410097 -0.125927 0.010332 12.845295 102.0
37 8545.0 -0.63676 0.714383 0.0 -0.475247 1.886418 -18.410097 -0.125927 0.010332 12.845295 102.0
38 8545.0 -0.631552 0.715947 0.0 -0.474841 1.886418 -18.410097 -0.125927 0.010332 12.845295 102.0
39 8545.0 -0.614993 0.714946 0.0 -0.46687 1.886418 -18.410097 -0.125927 0.010332 12.845295 102.0
40 8545.0 -0.606287 0.697161 0.0 -0.443381 1.886418 -18.410097 -0.125927 0.010332 12.845295 102.0
41 8545.0 -0.588815 0.688839 0.0 -0.426847 1.886418 -18.410097 -0.125927 0.010332 12.845295 102.0
42 8545.0 -0.584881 0.681524 0.0 -0.41704 1.886418 -18.410097 -0.125927 0.010332 12.845295 102.0
43 8545.0 -0.572701 0.658228 0.0 -0.385952 1.886418 -18.410097 -0.125927 0.010332 12.845295 102.0
44 8545.0 -0.576249 0.647112 0.0 -0.374991 1.886418 -18.410097 -0.125927 0.010332 12.845295 102.0
45 8545.0 -0.542488 0.63803 0.0 -0.350866 1.886418 -18.410097 -0.125927 0.010332 12.845295 102.0
46 8545.0 -0.515232 0.620098 0.0 -0.307048 1.886418 -18.410097 -0.125927 0.010332 12.845295 102.0
47 8545.0 -0.503205 0.588295 0.0 -0.239754 1.886418 -18.410097 -0.125927 0.010332 12.845295 102.0
48 8545.0 -0.481472 0.588313 0.0 -0.219149 1.886418 -18.410097 -0.125927 0.010332 12.845295 102.0
49 8545.0 -0.471594 0.586552 0.0 -0.208031 1.886418 -18.410097 -0.125927 0.010332 12.845295 102.0
50 8545.0 -0.471073 0.570916 0.0 -0.186346 1.886418 -18.410097 -0.125927 0.010332 12.845295 102.0
51 8545.0 -0.445645 0.57022 0.0 -0.168055 1.886418 -18.410097 -0.125927 0.010332 12.845295 102.0
52 8545.0 -0.454375 0.566721 0.0 -0.169236 1.886418 -18.410097 -0.125927 0.010332 12.845295 102.0
53 8545.0 -0.438761 0.563525 0.0 -0.154229 1.886418 -18.410097 -0.125927 0.010332 12.845295 102.0
54 8545.0 -0.423773 0.551326 0.0 -0.132992 1.886418 -18.410097 -0.125927 0.010332 12.845295 102.0
55 8545.0 -0.418168 0.502894 0.0 -0.084656 1.886418 -18.410097 -0.125927 0.010332 12.845295 102.0
56 8545.0 -0.418109 0.50692 0.0 -0.088471 1.886418 -18.410097 -0.125927 0.010332 12.845295 102.0
57 8545.0 -0.423088 0.48712 0.0 -0.07153 1.886418 -18.410097 -0.125927 0.010332 12.845295 102.0
58 8545.0 -0.397598 0.507254 0.0 -0.080832 1.886418 -18.410097 -0.125927 0.010332 12.845295 102.0
59 8545.0 -0.374002 0.49376 0.0 -0.058817 1.886418 -18.410097 -0.125927 0.010332 12.845295 102.0
60 8545.0 -0.371302 0.501955 0.0 -0.06558 1.886418 -18.410097 -0.125927 0.010332 12.845295 102.0
61 8545.0 -0.374981 0.505508 0.0 -0.070394 1.886418 -18.410097 -0.125927 0.010332 12.845295 102.0
62 8545.0 -0.364295 0.511965 0.0 -0.072403 1.886418 -18.410097 -0.125927 0.010332 12.845295 102.0
63 8545.0 -0.338953 0.516204 0.0 -0.066612 1.886418 -18.410097 -0.125927 0.010332 12.845295 102.0
64 8545.0 -0.328732 0.51058 0.0 -0.057286 1.886418 -18.410097 -0.125927 0.010332 12.845295 102.0
65 8545.0 -0.295637 0.539555 0.0 -0.072064 1.886418 -18.410097 -0.125927 0.010332 12.845295 102.0
66 8545.0 -0.291208 0.525583 0.0 -0.057029 1.886418 -18.410097 -0.125927 0.010332 12.845295 102.0
67 8545.0 -0.262498 0.522881 0.0 -0.043316 1.886418 -18.410097 -0.125927 0.010332 12.845295 102.0
68 8545.0 -0.271208 0.511263 0.0 -0.036615 1.886418 -18.410097 -0.125927 0.010332 12.845295 102.0
69 8545.0 -0.25695 0.502757 0.0 -0.025359 1.886418 -18.410097 -0.125927 0.010332 12.845295 102.0
70 8545.0 -0.263511 0.510904 0.0 -0.033946 1.886418 -18.410097 -0.125927 0.010332 12.845295 102.0
71 8545.0 -0.235666 0.51852 0.0 -0.031468 1.886418 -18.410097 -0.125927 0.010332 12.845295 102.0
72 8545.0 -0.229218 0.525365 0.0 -0.034984 1.886418 -18.410097 -0.125927 0.010332 12.845295 102.0
73 8545.0 -0.208259 0.531616 0.0 -0.033536 1.886418 -18.410097 -0.125927 0.010332 12.845295 102.0
74 8545.0 -0.19233 0.525262 0.0 -0.023497 1.886418 -18.410097 -0.125927 0.010332 12.845295 102.0
75 8545.0 -0.173043 0.48857 0.0 0.012002 1.886418 -18.410097 -0.125927 0.010332 12.845295 102.0
76 8545.0 -0.167483 0.500183 0.0 0.004372 1.886418 -18.410097 -0.125927 0.010332 12.845295 102.0
77 8545.0 -0.179187 0.521443 0.0 -0.016359 1.886418 -18.410097 -0.125927 0.010332 12.845295 102.0
78 8545.0 -0.180902 0.503496 0.0 -0.002443 1.886418 -18.410097 -0.125927 0.010332 12.845295 102.0
79 8545.0 -0.160669 0.514881 0.0 -0.005352 1.886418 -18.410097 -0.125927 0.010332 12.845295 102.0
80 8545.0 -0.178324 0.504028 0.0 -0.002074 1.886418 -18.410097 -0.125927 0.010332 12.845295 102.0
81 8545.0 -0.181146 0.494498 0.0 0.004725 1.886418 -18.410097 -0.125927 0.010332 12.845295 102.0
82 8545.0 -0.186335 0.483649 0.0 0.011854 1.886418 -18.410097 -0.125927 0.010332 12.845295 102.0
83 8545.0 -0.208317 0.492708 0.0 -0.002235 1.886418 -18.410097 -0.125927 0.010332 12.845295 102.0
84 8545.0 -0.172241 0.516236 0.0 -0.01002 1.886418 -18.410097 -0.125927 0.010332 12.845295 102.0
85 8545.0 -0.172573 0.513832 0.0 -0.008188 1.886418 -18.410097 -0.125927 0.010332 12.845295 102.0
86 8545.0 -0.163163 0.488373 0.0 0.014485 1.886418 -18.410097 -0.125927 0.010332 12.845295 102.0
87 8545.0 -0.118493 0.508695 0.0 0.009529 1.886418 -18.410097 -0.125927 0.010332 12.845295 102.0
88 8545.0 -0.135278 0.511874 0.0 0.004058 1.886418 -18.410097 -0.125927 0.010332 12.845295 102.0
89 8545.0 -0.138505 0.493911 0.0 0.015601 1.886418 -18.410097 -0.125927 0.010332 12.845295 102.0
90 8545.0 -0.128059 0.506485 0.0 0.009138 1.886418 -18.410097 -0.125927 0.010332 12.845295 102.0
91 8545.0 -0.126884 0.494919 0.0 0.017213 1.886418 -18.410097 -0.125927 0.010332 12.845295 102.0
92 8545.0 -0.112315 0.500706 0.0 0.015036 1.886418 -18.410097 -0.125927 0.010332 12.845295 102.0
93 8545.0 -0.110769 0.483977 0.0 0.021463 1.886418 -18.410097 -0.125927 0.010332 12.845295 102.0
94 8545.0 -0.102837 0.500283 0.0 0.014617 1.886418 -18.410097 -0.125927 0.010332 12.845295 102.0
95 8545.0 -0.118176 0.51079 0.0 0.008171 1.886418 -18.410097 -0.125927 0.010332 12.845295 102.0
96 8545.0 -0.110339 0.489261 0.0 0.019377 1.886418 -18.410097 -0.125927 0.010332 12.845295 102.0
97 8545.0 -0.090283 0.475584 0.0 0.023474 1.886418 -18.410097 -0.125927 0.010332 12.845295 102.0
98 8545.0 -0.082093 0.490017 0.0 0.017342 1.886418 -18.410097 -0.125927 0.010332 12.845295 102.0
99 8545.0 -0.079785 0.482907 0.0 0.019972 1.886418 -18.410097 -0.125927 0.010332 12.845295 102.0
100 8545.0 -0.06177 0.482982 0.0 0.018833 1.886418 -18.410097 -0.125927 0.010332 12.845295 102.0
101 8545.0 -0.070893 0.488719 0.0 0.017158 1.886418 -18.410097 -0.125927 0.010332 12.845295 102.0
102 8545.0 -0.091814 0.490446 0.0 0.017773 1.886418 -18.410097 -0.125927 0.010332 12.845295 102.0
103 8545.0 -0.096663 0.49894 0.0 0.014761 1.886418 -18.410097 -0.125927 0.010332 12.845295 102.0
104 8545.0 -0.091537 0.497752 0.0 0.014908 1.886418 -18.410097 -0.125927 0.010332 12.845295 102.0
105 8545.0 -0.104708 0.507682 0.0 0.011848 1.886418 -18.410097 -0.125927 0.010332 12.845295 102.0
106 8545.0 -0.116391 0.525443 0.0 -0.001413 1.886418 -18.410097 -0.125927 0.010332 12.845295 102.0
107 8545.0 -0.092146 0.52533 0.0 0.002854 1.886418 -18.410097 -0.125927 0.010332 12.845295 102.0
108 8545.0 -0.092123 0.524668 0.0 0.003231 1.886418 -18.410097 -0.125927 0.010332 12.845295 102.0
109 8545.0 -0.083824 0.505249 0.0 0.01151 1.886418 -18.410097 -0.125927 0.010332 12.845295 102.0
110 8545.0 -0.085286 0.518474 0.0 0.006444 1.886418 -18.410097 -0.125927 0.010332 12.845295 102.0
111 8545.0 -0.082304 0.507704 0.0 0.010459 1.886418 -18.410097 -0.125927 0.010332 12.845295 102.0
112 8545.0 -0.079217 0.515858 0.0 0.007089 1.886418 -18.410097 -0.125927 0.010332 12.845295 102.0
113 8545.0 -0.072863 0.52871 0.0 0.001687 1.886418 -18.410097 -0.125927 0.010332 12.845295 102.0
114 8545.0 -0.084791 0.520859 0.0 0.005483 1.886418 -18.410097 -0.125927 0.010332 12.845295 102.0
115 8545.0 -0.079736 0.510292 0.0 0.009292 1.886418 -18.410097 -0.125927 0.010332 12.845295 102.0
116 8545.0 -0.063943 0.506689 0.0 0.009724 1.886418 -18.410097 -0.125927 0.010332 12.845295 102.0
117 8545.0 -0.075451 0.514761 0.0 0.007285 1.886418 -18.410097 -0.125927 0.010332 12.845295 102.0
118 8545.0 -0.070552 0.513795 0.0 0.00736 1.886418 -18.410097 -0.125927 0.010332 12.845295 102.0
119 8545.0 -0.052317 0.525334 0.0 0.001738 1.886418 -18.410097 -0.125927 0.010332 12.845295 102.0
120 8545.0 -0.066947 0.516686 0.0 0.006011 1.886418 -18.410097 -0.125927 0.010332 12.845295 102.0
121 8545.0 -0.088408 0.509171 0.0 0.010263 1.886418 -18.410097 -0.125927 0.010332 12.845295 102.0
122 8545.0 -0.073496 0.503599 0.0 0.011517 1.886418 -18.410097 -0.125927 0.010332 12.845295 102.0
123 8545.0 -0.046723 0.49888 0.0 0.011708 1.886418 -18.410097 -0.125927 0.010332 12.845295 102.0
124 8545.0 -0.036045 0.505176 0.0 0.008595 1.886418 -18.410097 -0.125927 0.010332 12.845295 102.0
125 8545.0 -0.042662 0.530024 0.0 -0.000686 1.886418 -18.410097 -0.125927 0.010332 12.845295 102.0
126 8545.0 -0.041443 0.546418 0.0 -0.006142 1.886418 -18.410097 -0.125927 0.010332 12.845295 102.0
127 8545.0 -0.060862 0.545206 0.0 -0.006472 1.886418 -18.410097 -0.125927 0.010332 12.845295 102.0
128 8545.0 -0.056865 0.540116 0.0 -0.003745 1.886418 -18.410097 -0.125927 0.010332 12.845295 102.0
129 8545.0 -0.049604 0.52419 0.0 0.002017 1.886418 -18.410097 -0.125927 0.010332 12.845295 102.0
130 8545.0 -0.077705 0.547374 0.0 -0.008809 1.886418 -18.410097 -0.125927 0.010332 12.845295 102.0
131 8545.0 -0.052902 0.516561 0.0 0.005194 1.886418 -18.410097 -0.125927 0.010332 12.845295 102.0
132 8545.0 -0.053485 0.484385 0.0 0.017775 1.886418 -18.410097 -0.125927 0.010332 12.845295 102.0
133 8545.0 -0.046768 0.485053 0.0 0.017101 1.886418 -18.410097 -0.125927 0.010332 12.845295 102.0
134 8545.0 -0.042181 0.490509 0.0 0.014692 1.886418 -18.410097 -0.125927 0.010332 12.845295 102.0
135 8545.0 -0.052653 0.480442 0.0 0.019262 1.886418 -18.410097 -0.125927 0.010332 12.845295 102.0
136 8545.0 -0.039327 0.508639 0.0 0.007447 1.886418 -18.410097 -0.125927 0.010332 12.845295 102.0
137 8545.0 -0.049021 0.523083 0.0 0.002412 1.886418 -18.410097 -0.125927 0.010332 12.845295 102.0
138 8545.0 -0.064866 0.501311 0.0 0.011877 1.886418 -18.410097 -0.125927 0.010332 12.845295 102.0
139 8545.0 -0.07279 0.482023 0.0 0.019886 1.886418 -18.410097 -0.125927 0.010332 12.845295 102.0
140 8545.0 -0.057728 0.505459 0.0 0.00982 1.886418 -18.410097 -0.125927 0.010332 12.845295 102.0
141 8545.0 -0.04802 0.520114 0.0 0.003509 1.886418 -18.410097 -0.125927 0.010332 12.845295 102.0
142 8545.0 -0.06471 0.504263 0.0 0.010717 1.886418 -18.410097 -0.125927 0.010332 12.845295 102.0
143 8545.0 -0.050552 0.494602 0.0 0.013611 1.886418 -18.410097 -0.125927 0.010332 12.845295 102.0
144 8545.0 -0.031435 0.503295 0.0 0.009044 1.886418 -18.410097 -0.125927 0.010332 12.845295 102.0
145 8545.0 -0.048466 0.518188 0.0 0.004287 1.886418 -18.410097 -0.125927 0.010332 12.845295 102.0
146 8545.0 -0.055286 0.506838 0.0 0.009132 1.886418 -18.410097 -0.125927 0.010332 12.845295 102.0
147 8545.0 -0.04638 0.501481 0.0 0.010672 1.886418 -18.410097 -0.125927 0.010332 12.845295 102.0
148 8545.0 -0.024572 0.494187 0.0 0.012173 1.886418 -18.410097 -0.125927 0.010332 12.845295 102.0
149 8545.0 -0.015156 0.503528 0.0 0.007951 1.886418 -18.410097 -0.125927 0.010332 12.845295 102.0
150 8545.0 0.008523 0.477928 0.0 0.016473 1.886418 -18.410097 -0.125927 0.010332 12.845295 102.0
151 8545.0 0.052837 0.450549 0.0 0.026203 1.886418 -18.410097 -0.125927 0.010332 12.845295 102.0
152 8545.0 0.072684 0.495043 0.0 0.007286 1.886418 -18.410097 -0.125927 0.010332 12.845295 102.0
153 8545.0 0.079915 0.504346 0.0 0.004276 1.886418 -18.410097 -0.125927 0.010332 12.845295 102.0
154 8545.0 0.071347 0.517316 0.0 0.000467 1.886418 -18.410097 -0.125927 0.010332 12.845295 102.0
155 8545.0 0.063501 0.517505 0.0 0.000572 1.886418 -18.410097 -0.125927 0.010332 12.845295 102.0
156 8545.0 0.064916 0.506209 0.0 0.004015 1.886418 -18.410097 -0.125927 0.010332 12.845295 102.0
157 8545.0 0.068949 0.495362 0.0 0.007265 1.886418 -18.410097 -0.125927 0.010332 12.845295 102.0
158 8545.0 0.097403 0.492314 0.0 0.007613 1.886418 -18.410097 -0.125927 0.010332 12.845295 102.0
159 8545.0 0.087979 0.510756 0.0 0.002139 1.886418 -18.410097 -0.125927 0.010332 12.845295 102.0
160 8545.0 0.081432 0.514608 0.0 0.001091 1.886418 -18.410097 -0.125927 0.010332 12.845295 102.0
161 8545.0 0.092772 0.520819 0.0 -0.001053 1.886418 -18.410097 -0.125927 0.010332 12.845295 102.0
162 8545.0 0.094205 0.528893 0.0 -0.00113 1.886418 -18.410097 -0.125927 0.010332 12.845295 102.0
163 8545.0 0.12061 0.541284 0.0 0.003484 1.886418 -18.410097 -0.125927 0.010332 12.845295 102.0
164 8545.0 0.118014 0.526846 0.0 0.002607 1.886418 -18.410097 -0.125927 0.010332 12.845295 102.0
165 8545.0 0.141907 0.535833 0.0 0.006711 1.886418 -18.410097 -0.125927 0.010332 12.845295 102.0
166 8545.0 0.163265 0.528851 0.0 0.009898 1.886418 -18.410097 -0.125927 0.010332 12.845295 102.0
167 8545.0 0.188081 0.531713 0.0 0.014124 1.886418 -18.410097 -0.125927 0.010332 12.845295 102.0
168 8545.0 0.201153 0.520124 0.0 0.017267 1.886418 -18.410097 -0.125927 0.010332 12.845295 102.0
169 8545.0 0.22114 0.514326 0.0 0.028528 1.886418 -18.410097 -0.125927 0.010332 12.845295 102.0
170 8545.0 0.235208 0.504172 0.0 0.034079 1.886418 -18.410097 -0.125927 0.010332 12.845295 102.0
171 8545.0 0.27053 0.482466 0.0 0.051515 1.886418 -18.410097 -0.125927 0.010332 12.845295 102.0
172 8545.0 0.287245 0.480117 0.0 0.062978 1.886418 -18.410097 -0.125927 0.010332 12.845295 102.0
173 8545.0 0.317436 0.487295 0.0 0.08831 1.886418 -18.410097 -0.125927 0.010332 12.845295 102.0
174 8545.0 0.33204 0.504682 0.0 0.106204 1.886418 -18.410097 -0.125927 0.010332 12.845295 102.0
175 8545.0 0.337595 0.497906 0.0 0.107583 1.886418 -18.410097 -0.125927 0.010332 12.845295 102.0
176 8545.0 0.319245 0.466751 0.0 0.081327 1.886418 -18.410097 -0.125927 0.010332 12.845295 102.0
177 8545.0 0.346351 0.475228 0.0 0.104894 1.886418 -18.410097 -0.125927 0.010332 12.845295 102.0
178 8545.0 0.328255 0.504835 0.0 0.103454 1.886418 -18.410097 -0.125927 0.010332 12.845295 102.0
179 8545.0 0.343574 0.48273 0.0 0.105872 1.886418 -18.410097 -0.125927 0.010332 12.845295 102.0
180 8545.0 0.357188 0.506152 0.0 0.125476 1.886418 -18.410097 -0.125927 0.010332 12.845295 102.0
181 8545.0 0.341197 0.530247 0.0 0.123642 1.886418 -18.410097 -0.125927 0.010332 12.845295 102.0
182 8545.0 0.352496 0.547906 0.0 0.141342 1.886418 -18.410097 -0.125927 0.010332 12.845295 102.0
183 8545.0 0.380228 0.553987 0.0 0.164755 1.886418 -18.410097 -0.125927 0.010332 12.845295 102.0
184 8545.0 0.398368 0.551555 0.0 0.176521 1.886418 -18.410097 -0.125927 0.010332 12.845295 102.0
185 8545.0 0.430685 0.57361 0.0 0.218713 1.886418 -18.410097 -0.125927 0.010332 12.845295 102.0
186 8545.0 0.45448 0.572706 0.0 0.238353 1.886418 -18.410097 -0.125927 0.010332 12.845295 102.0
187 8545.0 0.453311 0.57818 0.0 0.241251 1.886418 -18.410097 -0.125927 0.010332 12.845295 102.0
188 8545.0 0.472894 0.593953 0.0 0.269167 1.886418 -18.410097 -0.125927 0.010332 12.845295 102.0
189 8545.0 0.467267 0.58266 0.0 0.256335 1.886418 -18.410097 -0.125927 0.010332 12.845295 102.0
190 8545.0 0.493549 0.558564 0.0 0.261594 1.886418 -18.410097 -0.125927 0.010332 12.845295 102.0
191 8545.0 0.483334 0.552938 0.0 0.248883 1.886418 -18.410097 -0.125927 0.010332 12.845295 102.0
192 8545.0 0.480283 0.523816 0.0 0.229277 1.886418 -18.410097 -0.125927 0.010332 12.845295 102.0
193 8545.0 0.48477 0.546054 0.0 0.245977 1.886418 -18.410097 -0.125927 0.010332 12.845295 102.0
194 8545.0 0.506844 0.524806 0.0 0.253057 1.886418 -18.410097 -0.125927 0.010332 12.845295 102.0
195 8545.0 0.509867 0.524835 0.0 0.255718 1.886418 -18.410097 -0.125927 0.010332 12.845295 102.0
196 8545.0 0.528288 0.517985 0.0 0.267888 1.886418 -18.410097 -0.125927 0.010332 12.845295 102.0
197 8545.0 0.54305 0.543014 0.0 0.295203 1.886418 -18.410097 -0.125927 0.010332 12.845295 102.0
198 8545.0 0.522289 0.559865 0.0 0.287017 1.886418 -18.410097 -0.125927 0.010332 12.845295 102.0
199 8545.0 0.547949 0.559628 0.0 0.309049 1.886418 -18.410097 -0.125927 0.010332 12.845295 102.0
200 8545.0 0.550909 0.552459 0.0 0.307513 1.886418 -18.410097 -0.125927 0.010332 12.845295 102.0
201 8545.0 0.559544 0.577803 0.0 0.331537 1.886418 -18.410097 -0.125927 0.010332 12.845295 102.0
202 8545.0 0.597897 0.555316 0.0 0.350255 1.886418 -18.410097 -0.125927 0.010332 12.845295 102.0
203 8545.0 0.61808 0.555949 0.0 0.368272 1.886418 -18.410097 -0.125927 0.010332 12.845295 102.0
204 8545.0 0.587783 0.567886 0.0 0.348642 1.886418 -18.410097 -0.125927 0.010332 12.845295 102.0
205 8545.0 0.565864 0.550735 0.0 0.319601 1.886418 -18.410097 -0.125927 0.010332 12.845295 102.0
206 8545.0 0.578131 0.556017 0.0 0.33337 1.886418 -18.410097 -0.125927 0.010332 12.845295 102.0
207 8545.0 0.610826 0.543771 0.0 0.35492 1.886418 -18.410097 -0.125927 0.010332 12.845295 102.0
208 8545.0 0.605239 0.554533 0.0 0.356226 1.886418 -18.410097 -0.125927 0.010332 12.845295 102.0
209 8545.0 0.613141 0.58379 0.0 0.381483 1.886418 -18.410097 -0.125927 0.010332 12.845295 102.0
210 8545.0 0.594412 0.568078 0.0 0.354551 1.886418 -18.410097 -0.125927 0.010332 12.845295 102.0
211 8545.0 0.627245 0.557848 0.0 0.377381 1.886418 -18.410097 -0.125927 0.010332 12.845295 102.0
212 8545.0 0.641956 0.5745 0.0 0.399831 1.886418 -18.410097 -0.125927 0.010332 12.845295 102.0
213 8545.0 0.633609 0.580028 0.0 0.396253 1.886418 -18.410097 -0.125927 0.010332 12.845295 102.0
214 8545.0 0.616366 0.576587 0.0 0.379106 1.886418 -18.410097 -0.125927 0.010332 12.845295 102.0
215 8545.0 0.605642 0.582567 0.0 0.374221 1.886418 -18.410097 -0.125927 0.010332 12.845295 102.0
216 8545.0 0.630477 0.582868 0.0 0.395605 1.886418 -18.410097 -0.125927 0.010332 12.845295 102.0
217 8545.0 0.659653 0.571252 0.0 0.413441 1.886418 -18.410097 -0.125927 0.010332 12.845295 102.0
218 8545.0 0.668804 0.590973 0.0 0.434041 1.886418 -18.410097 -0.125927 0.010332 12.845295 102.0
219 8545.0 0.668904 0.599466 0.0 0.440169 1.886418 -18.410097 -0.125927 0.010332 12.845295 102.0
220 8545.0 0.685941 0.611529 0.0 0.463274 1.886418 -18.410097 -0.125927 0.010332 12.845295 102.0
221 8545.0 0.68849 0.630241 0.0 0.478761 1.886418 -18.410097 -0.125927 0.010332 12.845295 102.0
222 8545.0 0.711265 0.618007 0.0 0.48947 1.886418 -18.410097 -0.125927 0.010332 12.845295 102.0
223 8545.0 0.711791 0.617356 0.0 0.489455 1.886418 -18.410097 -0.125927 0.010332 12.845295 102.0
224 8545.0 0.689582 0.612519 0.0 0.467083 1.886418 -18.410097 -0.125927 0.010332 12.845295 102.0
225 8545.0 0.695735 0.616911 0.0 0.475453 1.886418 -18.410097 -0.125927 0.010332 12.845295 102.0
226 8545.0 0.699439 0.611656 0.0 0.474871 1.886418 -18.410097 -0.125927 0.010332 12.845295 102.0
227 8545.0 0.685114 0.602691 0.0 0.456281 1.886418 -18.410097 -0.125927 0.010332 12.845295 102.0
228 8545.0 0.682912 0.597027 0.0 0.450375 1.886418 -18.410097 -0.125927 0.010332 12.845295 102.0
229 8545.0 0.701681 0.579654 0.0 0.455036 1.886418 -18.410097 -0.125927 0.010332 12.845295 102.0
230 8545.0 0.713958 0.596297 0.0 0.476319 1.886418 -18.410097 -0.125927 0.010332 12.845295 102.0
231 8545.0 0.723189 0.594405 0.0 0.482842 1.886418 -18.410097 -0.125927 0.010332 12.845295 102.0
232 8545.0 0.718242 0.606926 0.0 0.487533 1.886418 -18.410097 -0.125927 0.010332 12.845295 102.0
233 8545.0 0.727741 0.615043 0.0 0.501405 1.886418 -18.410097 -0.125927 0.010332 12.845295 102.0
234 8545.0 0.715087 0.628019 0.0 0.499852 1.886418 -18.410097 -0.125927 0.010332 12.845295 102.0
235 8545.0 0.710635 0.635176 0.0 0.501149 1.886418 -18.410097 -0.125927 0.010332 12.845295 102.0
236 8545.0 0.742725 0.66162 0.0 0.547319 1.886418 -18.410097 -0.125927 0.010332 12.845295 102.0
237 8545.0 0.748922 0.664389 0.0 0.554571 1.886418 -18.410097 -0.125927 0.010332 12.845295 102.0
238 8545.0 0.762532 0.678711 0.0 0.576363 1.886418 -18.410097 -0.125927 0.010332 12.845295 102.0
239 8545.0 0.78971 0.685527 0.0 0.604379 1.886418 -18.410097 -0.125927 0.010332 12.845295 102.0
240 8545.0 0.780672 0.683791 0.0 0.59544 1.886418 -18.410097 -0.125927 0.010332 12.845295 102.0
241 8545.0 0.779753 0.703754 0.0 0.60886 1.886418 -18.410097 -0.125927 0.010332 12.845295 102.0
242 8545.0 0.781859 0.698193 0.0 0.606698 1.886418 -18.410097 -0.125927 0.010332 12.845295 102.0
243 8545.0 0.775093 0.732735 0.0 0.625544 1.886418 -18.410097 -0.125927 0.010332 12.845295 102.0
244 8545.0 0.762628 0.728764 0.0 0.612058 1.886418 -18.410097 -0.125927 0.010332 12.845295 102.0
245 8545.0 0.757046 0.72167 0.0 0.602252 1.886418 -18.410097 -0.125927 0.010332 12.845295 102.0
246 8545.0 0.794315 0.71687 0.0 0.630623 1.886418 -18.410097 -0.125927 0.010332 12.845295 102.0
247 8545.0 0.823945 0.751576 0.0 0.681862 1.886418 -18.410097 -0.125927 0.010332 12.845295 102.0
248 8545.0 0.82511 0.769491 0.0 0.696019 1.886418 -18.410097 -0.125927 0.010332 12.845295 102.0
249 8545.0 0.838737 0.777937 0.0 0.714071 1.886418 -18.410097 -0.125927 0.010332 12.845295 102.0
250 8545.0 0.867159 0.795515 0.0 0.75169 1.886418 -18.410097 -0.125927 0.010332 12.845295 102.0
251 8545.0 0.848707 0.817412 0.0 0.751706 1.886418 -18.410097 -0.125927 0.010332 12.845295 102.0
252 8545.0 0.836382 0.827115 0.0 0.748105 1.886418 -18.410097 -0.125927 0.010332 12.845295 102.0
253 8545.0 0.848136 0.857838 0.0 0.780871 1.886418 -18.410097 -0.125927 0.010332 12.845295 102.0
254 8545.0 0.85014 0.867406 0.0 0.789635 1.886418 -18.410097 -0.125927 0.010332 12.845295 102.0
255 8545.0 0.855757 0.884096 0.0 0.806766 1.886418 -18.410097 -0.125927 0.010332 12.845295 102.0
256 8545.0 0.860659 0.915417 0.0 0.834011 1.886418 -18.410097 -0.125927 0.010332 12.845295 102.0
257 8545.0 0.889826 0.932181 0.0 0.8715 1.886418 -18.410097 -0.125927 0.010332 12.845295 102.0
258 8545.0 0.88655 0.958889 0.0 0.88779 1.886418 -18.410097 -0.125927 0.010332 12.845295 102.0
259 8545.0 0.908006 0.947649 0.0 0.898126 1.886418 -18.410097 -0.125927 0.010332 12.845295 102.0
260 8545.0 0.912662 0.972017 0.0 0.919535 1.886418 -18.410097 -0.125927 0.010332 12.845295 102.0
261 8545.0 0.913438 0.984619 0.0 0.927261 1.886418 -18.410097 -0.125927 0.010332 12.845295 102.0
262 8545.0 0.942011 1.004428 0.0 0.945574 1.886418 -18.410097 -0.125927 0.010332 12.845295 102.0
263 8545.0 0.93395 1.04361 0.0 0.942683 1.886418 -18.410097 -0.125927 0.010332 12.845295 102.0
264 8545.0 0.908387 1.097442 0.0 0.929467 1.886418 -18.410097 -0.125927 0.010332 12.845295 102.0
265 8545.0 0.938741 1.102887 0.0 0.946038 1.886418 -18.410097 -0.125927 0.010332 12.845295 102.0
266 8545.0 0.965862 1.097765 0.0 0.957426 1.886418 -18.410097 -0.125927 0.010332 12.845295 102.0
267 8545.0 0.924087 1.122368 0.0 0.940257 1.886418 -18.410097 -0.125927 0.010332 12.845295 102.0
268 8545.0 0.933654 1.112127 0.0 0.944086 1.886418 -18.410097 -0.125927 0.010332 12.845295 102.0
269 8545.0 0.963753 1.119403 0.0 0.957014 1.886418 -18.410097 -0.125927 0.010332 12.845295 102.0
270 8545.0 0.97138 1.1113 0.0 0.960068 1.886418 -18.410097 -0.125927 0.010332 12.845295 102.0
271 8545.0 0.986375 1.126583 0.0 0.966769 1.886418 -18.410097 -0.125927 0.010332 12.845295 102.0
272 8545.0 0.977328 1.136393 0.0 0.963151 1.886418 -18.410097 -0.125927 0.010332 12.845295 102.0
273 8545.0 0.959276 1.123188 0.0 0.9552 1.886418 -18.410097 -0.125927 0.010332 12.845295 102.0
274 8545.0 0.953424 1.119531 0.0 0.952636 1.886418 -18.410097 -0.125927 0.010332 12.845295 102.0
275 8545.0 0.939603 1.121275 0.0 0.946813 1.886418 -18.410097 -0.125927 0.010332 12.845295 102.0
276 8545.0 0.949266 1.116007 0.0 0.950794 1.886418 -18.410097 -0.125927 0.010332 12.845295 102.0
277 8545.0 0.953243 1.09896 0.0 0.9521 1.886418 -18.410097 -0.125927 0.010332 12.845295 102.0
278 8545.0 0.97578 1.114484 0.0 0.962005 1.886418 -18.410097 -0.125927 0.010332 12.845295 102.0
279 8545.0 0.981623 1.10413 0.0 0.964252 1.886418 -18.410097 -0.125927 0.010332 12.845295 102.0
280 8545.0 0.964166 1.088632 0.0 0.956503 1.886418 -18.410097 -0.125927 0.010332 12.845295 102.0
281 8545.0 0.95423 1.106598 0.0 0.952689 1.886418 -18.410097 -0.125927 0.010332 12.845295 102.0
282 8545.0 0.967531 1.114478 0.0 0.958507 1.886418 -18.410097 -0.125927 0.010332 12.845295 102.0
283 8545.0 0.992925 1.126091 0.0 0.969536 1.886418 -18.410097 -0.125927 0.010332 12.845295 102.0
284 8545.0 0.989393 1.145472 0.0 0.968471 1.886418 -18.410097 -0.125927 0.010332 12.845295 102.0
285 8545.0 0.989818 1.146076 0.0 0.968664 1.886418 -18.410097 -0.125927 0.010332 12.845295 102.0
286 8545.0 0.981767 1.146701 0.0 0.965263 1.886418 -18.410097 -0.125927 0.010332 12.845295 102.0
287 8545.0 0.983296 1.136763 0.0 0.96569 1.886418 -18.410097 -0.125927 0.010332 12.845295 102.0
