 time p.x p.y p.z deep.node-0 CV opes.bias opes.rct opes.zed opes.neff opes.nker
0 10335.0 -1.011239 0.932576 0.0 -0.80406 1.602173 -17.046591 -0.145027 0.00941 12.845295 112.0
1 10335.0 -1.041954 0.950378 0.0 -0.823829 1.602173 -17.046591 -0.145027 0.00941 12.845295 112.0
2 10335.0 -1.035978 0.937882 0.0 -0.814875 1.602173 -17.046591 -0.145027 0.00941 12.845295 112.0
3 10335.0 -1.060797 0.903488 0.0 -0.79439 1.602173 -17.046591 -0.145027 0.00941 12.845295 112.0
4 10335.0 -1.06691 0.874651 0.0 -0.772168 1.602173 -17.046591 -0.145027 0.00941 12.845295 112.0
5 10335.0 -1.071105 0.860144 0.0 -0.761151 1.602173 -17.046591 -0.145027 0.00941 12.845295 112.0
6 10335.0 -1.070429 0.857617 0.0 -0.758799 1.602173 -17.046591 -0.145027 0.00941 12.845295 112.0
7 10335.0 -1.05446 0.835428 0.0 -0.735063 1.602173 -17.046591 -0.145027 0.00941 12.845295 112.0
8 10335.0 -1.03757 0.823092 0.0 -0.719403 1.602173 -17.046591 -0.145027 0.00941 12.845295 112.0
9 10335.0 -1.029295 0.79513 0.0 -0.693169 1.602173 -17.046591 -0.145027 0.00941 12.845295 112.0
10 10335.0 -1.027159 0.773189 0.0 -0.673961 1.602173 -17.046591 -0.145027 0.00941 12.845295 112.0
11 10335.0 -1.039222 0.765648 0.0 -0.671303 1.602173 -17.046591 -0.145027 0.00941 12.845295 112.0
12 10335.0 -1.027333 0.76454 0.0 -0.666702 1.602173 -17.046591 -0.145027 0.00941 12.845295 112.0
13 10335.0 -1.03608 0.76551 0.0 -0.670218 1.602173 -17.046591 -0.145027 0.00941 12.845295 112.0
14 10335.0 -1.026368 0.760317 0.0 -0.662834 1.602173 -17.046591 -0.145027 0.00941 12.845295 112.0
15 10335.0 -1.036591 0.759084 0.0 -0.664942 1.602173 -17.046591 -0.145027 0.00941 12.845295 112.0
16 10335.0 -1.024134 0.756603 0.0 -0.658889 1.602173 -17.046591 -0.145027 0.00941 12.845295 112.0
17 10335.0 -1.007997 0.743683 0.0 -0.642208 1.602173 -17.046591 -0.145027 0.00941 12.845295 112.0
18 10335.0 -0.977973 0.754427 0.0 -0.641406 1.602173 -17.046591 -0.145027 0.00941 12.845295 112.0
19 10335.0 -0.976587 0.732616 0.0 -0.62198 1.602173 -17.046591 -0.145027 0.00941 12.845295 112.0
20 10335.0 -0.962647 0.718074 0.0 -0.604632 1.602173 -17.046591 -0.145027 0.00941 12.845295 112.0
21 10335.0 -0.944561 0.697802 0.0 -0.579846 1.602173 -17.046591 -0.145027 0.00941 12.845295 112.0
22 10335.0 -0.930804 0.689217 0.0 -0.565159 1.602173 -17.046591 -0.145027 0.00941 12.845295 112.0
23 10335.0 -0.91067 0.663319 0.0 -0.531371 1.602173 -17.046591 -0.145027 0.00941 12.845295 112.0
24 10335.0 -0.920151 0.675697 0.0 -0.547369 1.602173 -17.046591 -0.145027 0.00941 12.845295 112.0
25 10335.0 -0.897018 0.691048 0.0 -0.554254 1.602173 -17.046591 -0.145027 0.00941 12.845295 112.0
26 10335.0 -0.886255 0.704088 0.0 -0.564461 1.602173 -17.046591 -0.145027 0.00941 12.845295 112.0
27 10335.0 -0.887855 0.711467 0.0 -0.573177 1.602173 -17.046591 -0.145027 0.00941 12.845295 112.0
28 10335.0 -0.891314 0.708521 0.0 -0.571264 1.602173 -17.046591 -0.145027 0.00941 12.845295 112.0
29 10335.0 -0.907162 0.706098 0.0 -0.574661 1.602173 -17.046591 -0.145027 0.00941 12.845295 112.0
30 10335.0 -0.919512 0.685573 0.0 -0.55684 1.602173 -17.046591 -0.145027 0.00941 12.845295 112.0
31 10335.0 -0.917805 0.658946 0.0 -0.530413 1.602173 -17.046591 -0.145027 0.00941 12.845295 112.0
32 10335.0 -0.902006 0.651807 0.0 -0.516561 1.602173 -17.046591 -0.145027 0.00941 12.845295 112.0
33 10335.0 -0.88002 0.661736 0.0 -0.516147 1.602173 -17.046591 -0.145027 0.00941 12.845295 112.0
34 10335.0 -0.869362 0.654529 0.0 -0.504531 1.602173 -17.046591 -0.145027 0.00941 12.845295 112.0
35 10335.0 -0.881384 0.648887 0.0 -0.504556 1.602173 -17.046591 -0.145027 0.00941 12.845295 112.0
36 10335.0 -0.903655 0.63223 0.0 -0.49871 1.602173 -17.046591 -0.145027 0.00941 12.845295 112.0
37 10335.0 -0.889255 0.640908 0.0 -0.500504 1.602173 -17.046591 -0.145027 0.00941 12.845295 112.0
38 10335.0 -0.871192 0.647153 0.0 -0.498347 1.602173 -17.046591 -0.145027 0.00941 12.845295 112.0
39 10335.0 -0.85265 0.660515 0.0 -0.50376 1.602173 -17.046591 -0.145027 0.00941 12.845295 112.0
40 10335.0 -0.866141 0.643982 0.0 -0.493075 1.602173 -17.046591 -0.145027 0.00941 12.845295 112.0
41 10335.0 -0.866501 0.666261 0.0 -0.515366 1.602173 -17.046591 -0.145027 0.00941 12.845295 112.0
42 10335.0 -0.873158 0.671008 0.0 -0.523124 1.602173 -17.046591 -0.145027 0.00941 12.845295 112.0
43 10335.0 -0.900871 0.649031 0.0 -0.513417 1.602173 -17.046591 -0.145027 0.00941 12.845295 112.0
44 10335.0 -0.841282 0.643711 0.0 -0.481579 1.602173 -17.046591 -0.145027 0.00941 12.845295 112.0
45 10335.0 -0.836582 0.637341 0.0 -0.473152 1.602173 -17.046591 -0.145027 0.00941 12.845295 112.0
46 10335.0 -0.849925 0.65877 0.0 -0.500802 1.602173 -17.046591 -0.145027 0.00941 12.845295 112.0
47 10335.0 -0.836753 0.653227 0.0 -0.489617 1.602173 -17.046591 -0.145027 0.00941 12.845295 112.0
48 10335.0 -0.803236 0.648711 0.0 -0.470699 1.602173 -17.046591 -0.145027 0.00941 12.845295 112.0
49 10335.0 -0.810848 0.650746 0.0 -0.476124 1.602173 -17.046591 -0.145027 0.00941 12.845295 112.0
50 10335.0 -0.795187 0.644892 0.0 -0.463099 1.602173 -17.046591 -0.145027 0.00941 12.845295 112.0
51 10335.0 -0.790907 0.626003 0.0 -0.440275 1.602173 -17.046591 -0.145027 0.00941 12.845295 112.0
52 10335.0 -0.777284 0.625414 0.0 -0.433911 1.602173 -17.046591 -0.145027 0.00941 12.845295 112.0
53 10335.0 -0.766369 0.632872 0.0 -0.437735 1.602173 -17.046591 -0.145027 0.00941 12.845295 112.0
54 10335.0 -0.766888 0.604451 0.0 -0.407871 1.602173 -17.046591 -0.145027 0.00941 12.845295 112.0
55 10335.0 -0.754026 0.586139 0.0 -0.383956 1.602173 -17.046591 -0.145027 0.00941 12.845295 112.0
56 10335.0 -0.743832 0.581251 0.0 -0.374333 1.602173 -17.046591 -0.145027 0.00941 12.845295 112.0
57 10335.0 -0.737043 0.603958 0.0 -0.39327 1.602173 -17.046591 -0.145027 0.00941 12.845295 112.0
58 10335.0 -0.70781 0.618837 0.0 -0.397811 1.602173 -17.046591 -0.145027 0.00941 12.845295 112.0
59 10335.0 -0.690435 0.617555 0.0 -0.389188 1.602173 -17.046591 -0.145027 0.00941 12.845295 112.0
60 10335.0 -0.709538 0.61146 0.0 -0.390277 1.602173 -17.046591 -0.145027 0.00941 12.845295 112.0
61 10335.0 -0.719348 0.608941 0.0 -0.39152 1.602173 -17.046591 -0.145027 0.00941 12.845295 112.0
62 10335.0 -0.730865 0.601843 0.0 -0.388349 1.602173 -17.046591 -0.145027 0.00941 12.845295 112.0
63 10335.0 -0.721675 0.598087 0.0 -0.380346 1.602173 -17.046591 -0.145027 0.00941 12.845295 112.0
64 10335.0 -0.713004 0.596187 0.0 -0.374634 1.602173 -17.046591 -0.145027 0.00941 12.845295 112.0
65 10335.0 -0.703186 0.589756 0.0 -0.363381 1.602173 -17.046591 -0.145027 0.00941 12.845295 112.0
66 10335.0 -0.70258 0.561105 0.0 -0.335036 1.602173 -17.046591 -0.145027 0.00941 12.845295 112.0
67 10335.0 -0.683756 0.56397 0.0 -0.328793 1.602173 -17.046591 -0.145027 0.00941 12.845295 112.0
68 10335.0 -0.647418 0.570531 0.0 -0.318272 1.602173 -17.046591 -0.145027 0.00941 12.845295 112.0
69 10335.0 -0.632623 0.557824 0.0 -0.292985 1.602173 -17.046591 -0.145027 0.00941 12.845295 112.0
70 10335.0 -0.630705 0.562589 0.0 -0.29839 1.602173 -17.046591 -0.145027 0.00941 12.845295 112.0
71 10335.0 -0.600218 0.555243 0.0 -0.271127 1.602173 -17.046591 -0.145027 0.00941 12.845295 112.0
72 10335.0 -0.595482 0.52894 0.0 -0.2232 1.602173 -17.046591 -0.145027 0.00941 12.845295 112.0
73 10335.0 -0.591653 0.528498 0.0 -0.21871 1.602173 -17.046591 -0.145027 0.00941 12.845295 112.0
74 10335.0 -0.565646 0.523755 0.0 -0.18664 1.602173 -17.046591 -0.145027 0.00941 12.845295 112.0
75 10335.0 -0.537687 0.503596 0.0 -0.140355 1.602173 -17.046591 -0.145027 0.00941 12.845295 112.0
76 10335.0 -0.527673 0.488729 0.0 -0.114271 1.602173 -17.046591 -0.145027 0.00941 12.845295 112.0
77 10335.0 -0.545096 0.480407 0.0 -0.114714 1.602173 -17.046591 -0.145027 0.00941 12.845295 112.0
78 10335.0 -0.530703 0.492343 0.0 -0.120532 1.602173 -17.046591 -0.145027 0.00941 12.845295 112.0
79 10335.0 -0.502706 0.496523 0.0 -0.111472 1.602173 -17.046591 -0.145027 0.00941 12.845295 112.0
80 10335.0 -0.47338 0.521599 0.0 -0.123904 1.602173 -17.046591 -0.145027 0.00941 12.845295 112.0
81 10335.0 -0.471305 0.523399 0.0 -0.124814 1.602173 -17.046591 -0.145027 0.00941 12.845295 112.0
82 10335.0 -0.481788 0.530065 0.0 -0.13793 1.602173 -17.046591 -0.145027 0.00941 12.845295 112.0
83 10335.0 -0.481052 0.536694 0.0 -0.146471 1.602173 -17.046591 -0.145027 0.00941 12.845295 112.0
84 10335.0 -0.452357 0.540814 0.0 -0.134063 1.602173 -17.046591 -0.145027 0.00941 12.845295 112.0
85 10335.0 -0.440199 0.551221 0.0 -0.139265 1.602173 -17.046591 -0.145027 0.00941 12.845295 112.0
86 10335.0 -0.422243 0.536639 0.0 -0.118401 1.602173 -17.046591 -0.145027 0.00941 12.845295 112.0
87 10335.0 -0.383405 0.519799 0.0 -0.087283 1.602173 -17.046591 -0.145027 0.00941 12.845295 112.0
88 10335.0 -0.378 0.519595 0.0 -0.084992 1.602173 -17.046591 -0.145027 0.00941 12.845295 112.0
89 10335.0 -0.37799 0.49186 0.0 -0.058554 1.602173 -17.046591 -0.145027 0.00941 12.845295 112.0
90 10335.0 -0.379692 0.47045 0.0 -0.038807 1.602173 -17.046591 -0.145027 0.00941 12.845295 112.0
91 10335.0 -0.375788 0.494659 0.0 -0.060367 1.602173 -17.046591 -0.145027 0.00941 12.845295 112.0
92 10335.0 -0.368763 0.50467 0.0 -0.067183 1.602173 -17.046591 -0.145027 0.00941 12.845295 112.0
93 10335.0 -0.361825 0.51391 0.0 -0.073298 1.602173 -17.046591 -0.145027 0.00941 12.845295 112.0
94 10335.0 -0.321312 0.510247 0.0 -0.054091 1.602173 -17.046591 -0.145027 0.00941 12.845295 112.0
95 10335.0 -0.329241 0.524026 0.0 -0.0703 1.602173 -17.046591 -0.145027 0.00941 12.845295 112.0
96 10335.0 -0.300968 0.525884 0.0 -0.061102 1.602173 -17.046591 -0.145027 0.00941 12.845295 112.0
97 10335.0 -0.283936 0.499367 0.0 -0.030975 1.602173 -17.046591 -0.145027 0.00941 12.845295 112.0
98 10335.0 -0.287195 0.479915 0.0 -0.016324 1.602173 -17.046591 -0.145027 0.00941 12.845295 112.0
99 10335.0 -0.263555 0.49345 0.0 -0.01991 1.602173 -17.046591 -0.145027 0.00941 12.845295 112.0
100 10335.0 -0.270473 0.487058 0.0 -0.016904 1.602173 -17.046591 -0.145027 0.00941 12.845295 112.0
101 10335.0 -0.256584 0.47438 0.0 -0.002405 1.602173 -17.046591 -0.145027 0.00941 12.845295 112.0
102 10335.0 -0.251107 0.47127 0.0 0.001792 1.602173 -17.046591 -0.145027 0.00941 12.845295 112.0
103 10335.0 -0.247439 0.480525 0.0 -0.004523 1.602173 -17.046591 -0.145027 0.00941 12.845295 112.0
104 10335.0 -0.248782 0.489845 0.0 -0.012441 1.602173 -17.046591 -0.145027 0.00941 12.845295 112.0
105 10335.0 -0.234085 0.484444 0.0 -0.003549 1.602173 -17.046591 -0.145027 0.00941 12.845295 112.0
106 10335.0 -0.197169 0.509518 0.0 -0.012319 1.602173 -17.046591 -0.145027 0.00941 12.845295 112.0
107 10335.0 -0.170869 0.518552 0.0 -0.01146 1.602173 -17.046591 -0.145027 0.00941 12.845295 112.0
108 10335.0 -0.17206 0.50942 0.0 -0.004478 1.602173 -17.046591 -0.145027 0.00941 12.845295 112.0
109 10335.0 -0.180451 0.492388 0.0 0.006638 1.602173 -17.046591 -0.145027 0.00941 12.845295 112.0
110 10335.0 -0.213362 0.485374 0.0 0.002109 1.602173 -17.046591 -0.145027 0.00941 12.845295 112.0
111 10335.0 -0.20745 0.477176 0.0 0.010535 1.602173 -17.046591 -0.145027 0.00941 12.845295 112.0
112 10335.0 -0.206809 0.512609 0.0 -0.017788 1.602173 -17.046591 -0.145027 0.00941 12.845295 112.0
113 10335.0 -0.205181 0.532611 0.0 -0.033385 1.602173 -17.046591 -0.145027 0.00941 12.845295 112.0
114 10335.0 -0.196745 0.572517 0.0 -0.065116 1.602173 -17.046591 -0.145027 0.00941 12.845295 112.0
115 10335.0 -0.18876 0.538032 0.0 -0.032672 1.602173 -17.046591 -0.145027 0.00941 12.845295 112.0
116 10335.0 -0.171923 0.521306 0.0 -0.014003 1.602173 -17.046591 -0.145027 0.00941 12.845295 112.0
117 10335.0 -0.200434 0.526267 0.0 -0.026811 1.602173 -17.046591 -0.145027 0.00941 12.845295 112.0
118 10335.0 -0.193609 0.524063 0.0 -0.022927 1.602173 -17.046591 -0.145027 0.00941 12.845295 112.0
119 10335.0 -0.226974 0.552034 0.0 -0.057321 1.602173 -17.046591 -0.145027 0.00941 12.845295 112.0
120 10335.0 -0.229297 0.544228 0.0 -0.050782 1.602173 -17.046591 -0.145027 0.00941 12.845295 112.0
121 10335.0 -0.240126 0.534236 0.0 -0.045497 1.602173 -17.046591 -0.145027 0.00941 12.845295 112.0
122 10335.0 -0.251951 0.554581 0.0 -0.069438 1.602173 -17.046591 -0.145027 0.00941 12.845295 112.0
123 10335.0 -0.235675 0.542968 0.0 -0.052055 1.602173 -17.046591 -0.145027 0.00941 12.845295 112.0
124 10335.0 -0.24082 0.539458 0.0 -0.050706 1.602173 -17.046591 -0.145027 0.00941 12.845295 112.0
125 10335.0 -0.216395 0.540475 0.0 -0.043182 1.602173 -17.046591 -0.145027 0.00941 12.845295 112.0
126 10335.0 -0.173583 0.540502 0.0 -0.029968 1.602173 -17.046591 -0.145027 0.00941 12.845295 112.0
127 10335.0 -0.178809 0.530694 0.0 -0.023689 1.602173 -17.046591 -0.145027 0.00941 12.845295 112.0
128 10335.0 -0.161543 0.524449 0.0 -0.013324 1.602173 -17.046591 -0.145027 0.00941 12.845295 112.0
129 10335.0 -0.149738 0.524676 0.0 -0.009857 1.602173 -17.046591 -0.145027 0.00941 12.845295 112.0
130 10335.0 -0.140859 0.518449 0.0 -0.002099 1.602173 -17.046591 -0.145027 0.00941 12.845295 112.0
131 10335.0 -0.14174 0.526474 0.0 -0.008831 1.602173 -17.046591 -0.145027 0.00941 12.845295 112.0
132 10335.0 -0.1325 0.520972 0.0 -0.001563 1.602173 -17.046591 -0.145027 0.00941 12.845295 112.0
133 10335.0 -0.095724 0.509438 0.0 0.010609 1.602173 -17.046591 -0.145027 0.00941 12.845295 112.0
134 10335.0 -0.065992 0.497144 0.0 0.013571 1.602173 -17.046591 -0.145027 0.00941 12.845295 112.0
135 10335.0 -0.035921 0.504513 0.0 0.008846 1.602173 -17.046591 -0.145027 0.00941 12.845295 112.0
136 10335.0 -0.034319 0.520634 0.0 0.002462 1.602173 -17.046591 -0.145027 0.00941 12.845295 112.0
137 10335.0 -0.018946 0.516394 0.0 0.003168 1.602173 -17.046591 -0.145027 0.00941 12.845295 112.0
138 10335.0 -0.021648 0.524031 0.0 0.000356 1.602173 -17.046591 -0.145027 0.00941 12.845295 112.0
139 10335.0 -0.005014 0.55 0.0 -0.007997 1.602173 -17.046591 -0.145027 0.00941 12.845295 112.0
140 10335.0 -0.00654 0.559255 0.0 -0.01081 1.602173 -17.046591 -0.145027 0.00941 12.845295 112.0
141 10335.0 -0.009856 0.567278 0.0 -0.013208 1.602173 -17.046591 -0.145027 0.00941 12.845295 112.0
142 10335.0 -0.022092 0.5479 0.0 -0.006998 1.602173 -17.046591 -0.145027 0.00941 12.845295 112.0
143 10335.0 -0.016309 0.531953 0.0 -0.002216 1.602173 -17.046591 -0.145027 0.00941 12.845295 112.0
144 10335.0 0.004945 0.52468 0.0 -0.000421 1.602173 -17.046591 -0.145027 0.00941 12.845295 112.0
145 10335.0 0.01578 0.510747 0.0 0.003637 1.602173 -17.046591 -0.145027 0.00941 12.845295 112.0
146 10335.0 0.033783 0.499696 0.0 0.006661 1.602173 -17.046591 -0.145027 0.00941 12.845295 112.0
147 10335.0 0.045464 0.513647 0.0 0.002131 1.602173 -17.046591 -0.145027 0.00941 12.845295 112.0
148 10335.0 0.055293 0.530894 0.0 -0.003374 1.602173 -17.046591 -0.145027 0.00941 12.845295 112.0
149 10335.0 0.058046 0.550478 0.0 -0.006214 1.602173 -17.046591 -0.145027 0.00941 12.845295 112.0
150 10335.0 0.070003 0.550385 0.0 -0.004308 1.602173 -17.046591 -0.145027 0.00941 12.845295 112.0
151 10335.0 0.055304 0.559955 0.0 -0.006349 1.602173 -17.046591 -0.145027 0.00941 12.845295 112.0
152 10335.0 0.074887 0.56237 0.0 -0.003144 1.602173 -17.046591 -0.145027 0.00941 12.845295 112.0
153 10335.0 0.09756 0.571662 0.0 0.000774 1.602173 -17.046591 -0.145027 0.00941 12.845295 112.0
154 10335.0 0.129321 0.56668 0.0 0.005687 1.602173 -17.046591 -0.145027 0.00941 12.845295 112.0
155 10335.0 0.157463 0.541587 0.0 0.009379 1.602173 -17.046591 -0.145027 0.00941 12.845295 112.0
156 10335.0 0.159886 0.535794 0.0 0.009581 1.602173 -17.046591 -0.145027 0.00941 12.845295 112.0
157 10335.0 0.164024 0.529731 0.0 0.010048 1.602173 -17.046591 -0.145027 0.00941 12.845295 112.0
158 10335.0 0.177826 0.535916 0.0 0.01245 1.602173 -17.046591 -0.145027 0.00941 12.845295 112.0
159 10335.0 0.212352 0.546363 0.0 0.039541 1.602173 -17.046591 -0.145027 0.00941 12.845295 112.0
160 10335.0 0.21281 0.564862 0.0 0.049885 1.602173 -17.046591 -0.145027 0.00941 12.845295 112.0
161 10335.0 0.229356 0.544941 0.0 0.051022 1.602173 -17.046591 -0.145027 0.00941 12.845295 112.0
162 10335.0 0.257363 0.543414 0.0 0.070372 1.602173 -17.046591 -0.145027 0.00941 12.845295 112.0
163 10335.0 0.257731 0.541148 0.0 0.06941 1.602173 -17.046591 -0.145027 0.00941 12.845295 112.0
164 10335.0 0.271266 0.551058 0.0 0.084527 1.602173 -17.046591 -0.145027 0.00941 12.845295 112.0
165 10335.0 0.286295 0.55641 0.0 0.098252 1.602173 -17.046591 -0.145027 0.00941 12.845295 112.0
166 10335.0 0.304978 0.56232 0.0 0.114973 1.602173 -17.046591 -0.145027 0.00941 12.845295 112.0
167 10335.0 0.309493 0.55757 0.0 0.1156 1.602173 -17.046591 -0.145027 0.00941 12.845295 112.0
168 10335.0 0.342445 0.551791 0.0 0.136216 1.602173 -17.046591 -0.145027 0.00941 12.845295 112.0
169 10335.0 0.335385 0.558847 0.0 0.135031 1.602173 -17.046591 -0.145027 0.00941 12.845295 112.0
170 10335.0 0.361091 0.540298 0.0 0.143416 1.602173 -17.046591 -0.145027 0.00941 12.845295 112.0
171 10335.0 0.376923 0.516212 0.0 0.144212 1.602173 -17.046591 -0.145027 0.00941 12.845295 112.0
172 10335.0 0.394417 0.523365 0.0 0.160103 1.602173 -17.046591 -0.145027 0.00941 12.845295 112.0
173 10335.0 0.401324 0.554062 0.0 0.180051 1.602173 -17.046591 -0.145027 0.00941 12.845295 112.0
174 10335.0 0.396906 0.537498 0.0 0.167704 1.602173 -17.046591 -0.145027 0.00941 12.845295 112.0
175 10335.0 0.415586 0.551674 0.0 0.190235 1.602173 -17.046591 -0.145027 0.00941 12.845295 112.0
176 10335.0 0.436317 0.576043 0.0 0.225244 1.602173 -17.046591 -0.145027 0.00941 12.845295 112.0
177 10335.0 0.441226 0.552583 0.0 0.212738 1.602173 -17.046591 -0.145027 0.00941 12.845295 112.0
178 10335.0 0.449296 0.53752 0.0 0.210038 1.602173 -17.046591 -0.145027 0.00941 12.845295 112.0
179 10335.0 0.438964 0.546141 0.0 0.206226 1.602173 -17.046591 -0.145027 0.00941 12.845295 112.0
180 10335.0 0.456129 0.540045 0.0 0.217469 1.602173 -17.046591 -0.145027 0.00941 12.845295 112.0
181 10335.0 0.449163 0.534279 0.0 0.208058 1.602173 -17.046591 -0.145027 0.00941 12.845295 112.0
182 10335.0 0.451782 0.524394 0.0 0.204747 1.602173 -17.046591 -0.145027 0.00941 12.845295 112.0
183 10335.0 0.454501 0.543104 0.0 0.217805 1.602173 -17.046591 -0.145027 0.00941 12.845295 112.0
184 10335.0 0.475762 0.528654 0.0 0.228085 1.602173 -17.046591 -0.145027 0.00941 12.845295 112.0
185 10335.0 0.470408 0.515582 0.0 0.216042 1.602173 -17.046591 -0.145027 0.00941 12.845295 112.0
186 10335.0 0.473939 0.53641 0.0 0.230954 1.602173 -17.046591 -0.145027 0.00941 12.845295 112.0
187 10335.0 0.470098 0.535668 0.0 0.227168 1.602173 -17.046591 -0.145027 0.00941 12.845295 112.0
188 10335.0 0.478889 0.532478 0.0 0.233021 1.602173 -17.046591 -0.145027 0.00941 12.845295 112.0
189 10335.0 0.490406 0.541293 0.0 0.248167 1.602173 -17.046591 -0.145027 0.00941 12.845295 112.0
190 10335.0 0.501734 0.546234 0.0 0.260919 1.602173 -17.046591 -0.145027 0.00941 12.845295 112.0
191 10335.0 0.491033 0.537556 0.0 0.246565 1.602173 -17.046591 -0.145027 0.00941 12.845295 112.0
192 10335.0 0.48912 0.540678 0.0 0.246689 1.602173 -17.046591 -0.145027 0.00941 12.845295 112.0
193 10335.0 0.49217 0.546563 0.0 0.252743 1.602173 -17.046591 -0.145027 0.00941 12.845295 112.0
194 10335.0 0.483907 0.534919 0.0 0.238815 1.602173 -17.046591 -0.145027 0.00941 12.845295 112.0
195 10335.0 0.46762 0.524772 0.0 0.21877 1.602173 -17.046591 -0.145027 0.00941 12.845295 112.0
196 10335.0 0.482312 0.522445 0.0 0.230276 1.602173 -17.046591 -0.145027 0.00941 12.845295 112.0
197 10335.0 0.497421 0.520665 0.0 0.242452 1.602173 -17.046591 -0.145027 0.00941 12.845295 112.0
198 10335.0 0.47678 0.520919 0.0 0.224595 1.602173 -17.046591 -0.145027 0.00941 12.845295 112.0
199 10335.0 0.499084 0.502344 0.0 0.233616 1.602173 -17.046591 -0.145027 0.00941 12.845295 112.0
200 10335.0 0.515573 0.506499 0.0 0.250329 1.602173 -17.046591 -0.145027 0.00941 12.845295 112.0
201 10335.0 0.513887 0.494094 0.0 0.241893 1.602173 -17.046591 -0.145027 0.00941 12.845295 112.0
202 10335.0 0.517337 0.49384 0.0 0.244759 1.602173 -17.046591 -0.145027 0.00941 12.845295 112.0
203 10335.0 0.538318 0.51794 0.0 0.276635 1.602173 -17.046591 -0.145027 0.00941 12.845295 112.0
204 10335.0 0.530746 0.518653 0.0 0.270423 1.602173 -17.046591 -0.145027 0.00941 12.845295 112.0
205 10335.0 0.532231 0.506337 0.0 0.264764 1.602173 -17.046591 -0.145027 0.00941 12.845295 112.0
206 10335.0 0.535856 0.537388 0.0 0.285673 1.602173 -17.046591 -0.145027 0.00941 12.845295 112.0
207 10335.0 0.526731 0.550225 0.0 0.285079 1.602173 -17.046591 -0.145027 0.00941 12.845295 112.0
208 10335.0 0.533841 0.528083 0.0 0.278556 1.602173 -17.046591 -0.145027 0.00941 12.845295 112.0
209 10335.0 0.503772 0.56199 0.0 0.272745 1.602173 -17.046591 -0.145027 0.00941 12.845295 112.0
210 10335.0 0.516253 0.568575 0.0 0.28807 1.602173 -17.046591 -0.145027 0.00941 12.845295 112.0
211 10335.0 0.499485 0.571717 0.0 0.276011 1.602173 -17.046591 -0.145027 0.00941 12.845295 112.0
212 10335.0 0.504351 0.585045 0.0 0.289642 1.602173 -17.046591 -0.145027 0.00941 12.845295 112.0
213 10335.0 0.534983 0.604137 0.0 0.329338 1.602173 -17.046591 -0.145027 0.00941 12.845295 112.0
214 10335.0 0.531132 0.604815 0.0 0.326537 1.602173 -17.046591 -0.145027 0.00941 12.845295 112.0
215 10335.0 0.559597 0.619282 0.0 0.361095 1.602173 -17.046591 -0.145027 0.00941 12.845295 112.0
216 10335.0 0.540479 0.641333 0.0 0.360488 1.602173 -17.046591 -0.145027 0.00941 12.845295 112.0
217 10335.0 0.561821 0.634616 0.0 0.373901 1.602173 -17.046591 -0.145027 0.00941 12.845295 112.0
218 10335.0 0.573754 0.645895 0.0 0.392098 1.602173 -17.046591 -0.145027 0.00941 12.845295 112.0
219 10335.0 0.580553 0.644528 0.0 0.396921 1.602173 -17.046591 -0.145027 0.00941 12.845295 112.0
220 10335.0 0.593319 0.647761 0.0 0.410103 1.602173 -17.046591 -0.145027 0.00941 12.845295 112.0
221 10335.0 0.623986 0.629144 0.0 0.422998 1.602173 -17.046591 -0.145027 0.00941 12.845295 112.0
222 10335.0 0.657942 0.604931 0.0 0.434714 1.602173 -17.046591 -0.145027 0.00941 12.845295 112.0
223 10335.0 0.647063 0.622445 0.0 0.437902 1.602173 -17.046591 -0.145027 0.00941 12.845295 112.0
224 10335.0 0.650997 0.623132 0.0 0.441744 1.602173 -17.046591 -0.145027 0.00941 12.845295 112.0
225 10335.0 0.636219 0.618747 0.0 0.426027 1.602173 -17.046591 -0.145027 0.00941 12.845295 112.0
226 10335.0 0.647171 0.637041 0.0 0.448379 1.602173 -17.046591 -0.145027 0.00941 12.845295 112.0
227 10335.0 0.679178 0.635253 0.0 0.47439 1.602173 -17.046591 -0.145027 0.00941 12.845295 112.0
228 10335.0 0.690589 0.637192 0.0 0.485496 1.602173 -17.046591 -0.145027 0.00941 12.845295 112.0
229 10335.0 0.697036 0.635455 0.0 0.489756 1.602173 -17.046591 -0.145027 0.00941 12.845295 112.0
230 10335.0 0.693055 0.623102 0.0 0.477573 1.602173 -17.046591 -0.145027 0.00941 12.845295 112.0
231 10335.0 0.684901 0.646263 0.0 0.487102 1.602173 -17.046591 -0.145027 0.00941 12.845295 112.0
232 10335.0 0.6805 0.633686 0.0 0.474402 1.602173 -17.046591 -0.145027 0.00941 12.845295 112.0
233 10335.0 0.67636 0.630325 0.0 0.468481 1.602173 -17.046591 -0.145027 0.00941 12.845295 112.0
234 10335.0 0.67144 0.628443 0.0 0.462949 1.602173 -17.046591 -0.145027 0.00941 12.845295 112.0
235 10335.0 0.634189 0.635753 0.0 0.436397 1.602173 -17.046591 -0.145027 0.00941 12.845295 112.0
236 10335.0 0.654597 0.598438 0.0 0.427243 1.602173 -17.046591 -0.145027 0.00941 12.845295 112.0
237 10335.0 0.668189 0.606093 0.0 0.444275 1.602173 -17.046591 -0.145027 0.00941 12.845295 112.0
238 10335.0 0.65555 0.592151 0.0 0.423582 1.602173 -17.046591 -0.145027 0.00941 12.845295 112.0
239 10335.0 0.635201 0.598075 0.0 0.410451 1.602173 -17.046591 -0.145027 0.00941 12.845295 112.0
240 10335.0 0.644212 0.61504 0.0 0.430203 1.602173 -17.046591 -0.145027 0.00941 12.845295 112.0
241 10335.0 0.634154 0.626577 0.0 0.429838 1.602173 -17.046591 -0.145027 0.00941 12.845295 112.0
242 10335.0 0.636788 0.643319 0.0 0.443995 1.602173 -17.046591 -0.145027 0.00941 12.845295 112.0
243 10335.0 0.647742 0.651965 0.0 0.459484 1.602173 -17.046591 -0.145027 0.00941 12.845295 112.0
244 10335.0 0.654786 0.672018 0.0 0.479757 1.602173 -17.046591 -0.145027 0.00941 12.845295 112.0
245 10335.0 0.658347 0.67875 0.0 0.487582 1.602173 -17.046591 -0.145027 0.00941 12.845295 112.0
246 10335.0 0.643386 0.666625 0.0 0.466202 1.602173 -17.046591 -0.145027 0.00941 12.845295 112.0
247 10335.0 0.62396 0.661925 0.0 0.446299 1.602173 -17.046591 -0.145027 0.00941 12.845295 112.0
248 10335.0 0.640288 0.656642 0.0 0.456458 1.602173 -17.046591 -0.145027 0.00941 12.845295 112.0
249 10335.0 0.61497 0.640761 0.0 0.423578 1.602173 -17.046591 -0.145027 0.00941 12.845295 112.0
250 10335.0 0.61262 0.647344 0.0 0.426259 1.602173 -17.046591 -0.145027 0.00941 12.845295 112.0
251 10335.0 0.622071 0.642651 0.0 0.430975 1.602173 -17.046591 -0.145027 0.00941 12.845295 112.0
252 10335.0 0.635273 0.660131 0.0 0.454666 1.602173 -17.046591 -0.145027 0.00941 12.845295 112.0
253 10335.0 0.645753 0.673439 0.0 0.473068 1.602173 -17.046591 -0.145027 0.00941 12.845295 112.0
254 10335.0 0.673368 0.671995 0.0 0.49558 1.602173 -17.046591 -0.145027 0.00941 12.845295 112.0
255 10335.0 0.677887 0.662131 0.0 0.492414 1.602173 -17.046591 -0.145027 0.00941 12.845295 112.0
256 10335.0 0.689612 0.659477 0.0 0.50052 1.602173 -17.046591 -0.145027 0.00941 12.845295 112.0
257 10335.0 0.702811 0.678486 0.0 0.525296 1.602173 -17.046591 -0.145027 0.00941 12.845295 112.0
258 10335.0 0.722992 0.681666 0.0 0.544761 1.602173 -17.046591 -0.145027 0.00941 12.845295 112.0
259 10335.0 0.719034 0.711441 0.0 0.562572 1.602173 -17.046591 -0.145027 0.00941 12.845295 112.0
260 10335.0 0.747006 0.695622 0.0 0.57516 1.602173 -17.046591 -0.145027 0.00941 12.845295 112.0
261 10335.0 0.741698 0.676831 0.0 0.557266 1.602173 -17.046591 -0.145027 0.00941 12.845295 112.0
262 10335.0 0.717698 0.672 0.0 0.533371 1.602173 -17.046591 -0.145027 0.00941 12.845295 112.0
263 10335.0 0.71416 0.62821 0.0 0.499197 1.602173 -17.046591 -0.145027 0.00941 12.845295 112.0
264 10335.0 0.698819 0.654036 0.0 0.504496 1.602173 -17.046591 -0.145027 0.00941 12.845295 112.0
265 10335.0 0.718036 0.639851 0.0 0.510784 1.602173 -17.046591 -0.145027 0.00941 12.845295 112.0
266 10335.0 0.71971 0.646549 0.0 0.516977 1.602173 -17.046591 -0.145027 0.00941 12.845295 112.0
267 10335.0 0.715535 0.64413 0.0 0.511697 1.602173 -17.046591 -0.145027 0.00941 12.845295 112.0
268 10335.0 0.722188 0.658991 0.0 0.527942 1.602173 -17.046591 -0.145027 0.00941 12.845295 112.0
269 10335.0 0.724472 0.662836 0.0 0.532624 1.602173 -17.046591 -0.145027 0.00941 12.845295 112.0
270 10335.0 0.741935 0.645079 0.0 0.534876 1.602173 -17.046591 -0.145027 0.00941 12.845295 112.0
271 10335.0 0.7613 0.664801 0.0 0.565415 1.602173 -17.046591 -0.145027 0.00941 12.845295 112.0
272 10335.0 0.759358 0.679258 0.0 0.574046 1.602173 -17.046591 -0.145027 0.00941 12.845295 112.0
273 10335.0 0.760996 0.700157 0.0 0.590312 1.602173 -17.046591 -0.145027 0.00941 12.845295 112.0
274 10335.0 0.743056 0.716525 0.0 0.586666 1.602173 -17.046591 -0.145027 0.00941 12.845295 112.0
275 10335.0 0.756191 0.717628 0.0 0.598647 1.602173 -17.046591 -0.145027 0.00941 12.845295 112.0
276 10335.0 0.773084 0.707248 0.0 0.605662 1.602173 -17.046591 -0.145027 0.00941 12.845295 112.0
277 10335.0 0.777231 0.730627 0.0 0.625857 1.602173 -17.046591 -0.145027 0.00941 12.845295 112.0
278 10335.0 0.796935 0.760939 0.0 0.665237 1.602173 -17.046591 -0.145027 0.00941 12.845295 112.0
279 10335.0 0.808273 0.79175 0.0 0.697706 1.602173 -17.046591 -0.145027 0.00941 12.845295 112.0
280 10335.0 0.832196 0.794854 0.0 0.720793 1.602173 -17.046591 -0.145027 0.00941 12.845295 112.0
281 10335.0 0.815602 0.792792 0.0 0.704845 1.602173 -17.046591 -0.145027 0.00941 12.845295 112.0
282 10335.0 0.79843 0.780955 0.0 0.681223 1.602173 -17.046591 -0.145027 0.00941 12.845295 112.0
283 10335.0 0.795752 0.818176 0.0 0.706204 1.602173 -17.046591 -0.145027 0.00941 12.845295 112.0
284 10335.0 0.821852 0.823764 0.0 0.733007 1.602173 -17.046591 -0.145027 0.00941 12.845295 112.0
285 10335.0 0.836266 0.842955 0.0 0.759626 1.602173 -17.046591 -0.145027 0.00941 12.845295 112.0
286 10335.0 0.839337 0.866565 0.0 0.77962 1.602173 -17.046591 -0.145027 0.00941 12.845295 112.0
287 10335.0 0.836984 0.894559 0.0 0.798114 1.602173 -17.046591 -0.145027 0.00941 12.845295 112.0
