 time p.x p.y p.z deep.node-0 CV opes.bias opes.rct opes.zed opes.neff opes.nker
0 6425.0 0.561361 0.544757 0.0 0.312222 0.653159 -6.564248 -0.097257 0.013511 12.845295 78.0
1 6425.0 0.569423 0.566637 0.0 0.332013 0.653159 -6.564248 -0.097257 0.013511 12.845295 78.0
2 6425.0 0.575894 0.548647 0.0 0.327172 0.653159 -6.564248 -0.097257 0.013511 12.845295 78.0
3 6425.0 0.593795 0.560291 0.0 0.34953 0.653159 -6.564248 -0.097257 0.013511 12.845295 78.0
4 6425.0 0.593862 0.573141 0.0 0.357473 0.653159 -6.564248 -0.097257 0.013511 12.845295 78.0
5 6425.0 0.596265 0.576935 0.0 0.36222 0.653159 -6.564248 -0.097257 0.013511 12.845295 78.0
6 6425.0 0.61296 0.587965 0.0 0.384299 0.653159 -6.564248 -0.097257 0.013511 12.845295 78.0
7 6425.0 0.616751 0.598077 0.0 0.394726 0.653159 -6.564248 -0.097257 0.013511 12.845295 78.0
8 6425.0 0.643413 0.589351 0.0 0.411244 0.653159 -6.564248 -0.097257 0.013511 12.845295 78.0
9 6425.0 0.614999 0.592681 0.0 0.389393 0.653159 -6.564248 -0.097257 0.013511 12.845295 78.0
10 6425.0 0.619491 0.592546 0.0 0.393126 0.653159 -6.564248 -0.097257 0.013511 12.845295 78.0
11 6425.0 0.635996 0.595159 0.0 0.409054 0.653159 -6.564248 -0.097257 0.013511 12.845295 78.0
12 6425.0 0.611361 0.599336 0.0 0.391027 0.653159 -6.564248 -0.097257 0.013511 12.845295 78.0
13 6425.0 0.630705 0.599303 0.0 0.407492 0.653159 -6.564248 -0.097257 0.013511 12.845295 78.0
14 6425.0 0.639664 0.618329 0.0 0.428666 0.653159 -6.564248 -0.097257 0.013511 12.845295 78.0
15 6425.0 0.635743 0.60578 0.0 0.416396 0.653159 -6.564248 -0.097257 0.013511 12.845295 78.0
16 6425.0 0.637062 0.636393 0.0 0.439301 0.653159 -6.564248 -0.097257 0.013511 12.845295 78.0
17 6425.0 0.63025 0.633886 0.0 0.43171 0.653159 -6.564248 -0.097257 0.013511 12.845295 78.0
18 6425.0 0.638416 0.621463 0.0 0.429833 0.653159 -6.564248 -0.097257 0.013511 12.845295 78.0
19 6425.0 0.662073 0.619734 0.0 0.448767 0.653159 -6.564248 -0.097257 0.013511 12.845295 78.0
20 6425.0 0.651125 0.618134 0.0 0.438297 0.653159 -6.564248 -0.097257 0.013511 12.845295 78.0
21 6425.0 0.643036 0.636978 0.0 0.444809 0.653159 -6.564248 -0.097257 0.013511 12.845295 78.0
22 6425.0 0.665808 0.639942 0.0 0.46633 0.653159 -6.564248 -0.097257 0.013511 12.845295 78.0
23 6425.0 0.683059 0.633784 0.0 0.476653 0.653159 -6.564248 -0.097257 0.013511 12.845295 78.0
24 6425.0 0.6862 0.649894 0.0 0.490793 0.653159 -6.564248 -0.097257 0.013511 12.845295 78.0
25 6425.0 0.669738 0.613237 0.0 0.450678 0.653159 -6.564248 -0.097257 0.013511 12.845295 78.0
26 6425.0 0.692623 0.62866 0.0 0.481159 0.653159 -6.564248 -0.097257 0.013511 12.845295 78.0
27 6425.0 0.69056 0.605143 0.0 0.462668 0.653159 -6.564248 -0.097257 0.013511 12.845295 78.0
28 6425.0 0.690726 0.625586 0.0 0.477355 0.653159 -6.564248 -0.097257 0.013511 12.845295 78.0
29 6425.0 0.688559 0.646845 0.0 0.490634 0.653159 -6.564248 -0.097257 0.013511 12.845295 78.0
30 6425.0 0.697716 0.660046 0.0 0.507832 0.653159 -6.564248 -0.097257 0.013511 12.845295 78.0
31 6425.0 0.696003 0.69353 0.0 0.530197 0.653159 -6.564248 -0.097257 0.013511 12.845295 78.0
32 6425.0 0.692391 0.686403 0.0 0.522047 0.653159 -6.564248 -0.097257 0.013511 12.845295 78.0
33 6425.0 0.677081 0.684378 0.0 0.507555 0.653159 -6.564248 -0.097257 0.013511 12.845295 78.0
34 6425.0 0.695648 0.708078 0.0 0.540245 0.653159 -6.564248 -0.097257 0.013511 12.845295 78.0
35 6425.0 0.688151 0.708972 0.0 0.53449 0.653159 -6.564248 -0.097257 0.013511 12.845295 78.0
36 6425.0 0.683649 0.704305 0.0 0.527332 0.653159 -6.564248 -0.097257 0.013511 12.845295 78.0
37 6425.0 0.668255 0.695514 0.0 0.507956 0.653159 -6.564248 -0.097257 0.013511 12.845295 78.0
38 6425.0 0.666401 0.684061 0.0 0.498226 0.653159 -6.564248 -0.097257 0.013511 12.845295 78.0
39 6425.0 0.68178 0.678695 0.0 0.507518 0.653159 -6.564248 -0.097257 0.013511 12.845295 78.0
40 6425.0 0.679484 0.654043 0.0 0.48802 0.653159 -6.564248 -0.097257 0.013511 12.845295 78.0
41 6425.0 0.694509 0.663056 0.0 0.50724 0.653159 -6.564248 -0.097257 0.013511 12.845295 78.0
42 6425.0 0.729718 0.63826 0.0 0.51961 0.653159 -6.564248 -0.097257 0.013511 12.845295 78.0
43 6425.0 0.733397 0.627308 0.0 0.514953 0.653159 -6.564248 -0.097257 0.013511 12.845295 78.0
44 6425.0 0.748653 0.6291 0.0 0.529233 0.653159 -6.564248 -0.097257 0.013511 12.845295 78.0
45 6425.0 0.75406 0.632797 0.0 0.536472 0.653159 -6.564248 -0.097257 0.013511 12.845295 78.0
46 6425.0 0.766827 0.632681 0.0 0.547273 0.653159 -6.564248 -0.097257 0.013511 12.845295 78.0
47 6425.0 0.772796 0.667051 0.0 0.576816 0.653159 -6.564248 -0.097257 0.013511 12.845295 78.0
48 6425.0 0.777296 0.677908 0.0 0.588376 0.653159 -6.564248 -0.097257 0.013511 12.845295 78.0
49 6425.0 0.800879 0.672363 0.0 0.604533 0.653159 -6.564248 -0.097257 0.013511 12.845295 78.0
50 6425.0 0.7914 0.711032 0.0 0.623966 0.653159 -6.564248 -0.097257 0.013511 12.845295 78.0
51 6425.0 0.811607 0.717434 0.0 0.646079 0.653159 -6.564248 -0.097257 0.013511 12.845295 78.0
52 6425.0 0.826575 0.72038 0.0 0.66126 0.653159 -6.564248 -0.097257 0.013511 12.845295 78.0
53 6425.0 0.825951 0.728487 0.0 0.666666 0.653159 -6.564248 -0.097257 0.013511 12.845295 78.0
54 6425.0 0.844871 0.716211 0.0 0.674116 0.653159 -6.564248 -0.097257 0.013511 12.845295 78.0
55 6425.0 0.874346 0.736528 0.0 0.714662 0.653159 -6.564248 -0.097257 0.013511 12.845295 78.0
56 6425.0 0.865358 0.742884 0.0 0.711507 0.653159 -6.564248 -0.097257 0.013511 12.845295 78.0
57 6425.0 0.859415 0.76311 0.0 0.721178 0.653159 -6.564248 -0.097257 0.013511 12.845295 78.0
58 6425.0 0.860401 0.782748 0.0 0.736444 0.653159 -6.564248 -0.097257 0.013511 12.845295 78.0
59 6425.0 0.837382 0.785947 0.0 0.718769 0.653159 -6.564248 -0.097257 0.013511 12.845295 78.0
60 6425.0 0.865328 0.816518 0.0 0.765508 0.653159 -6.564248 -0.097257 0.013511 12.845295 78.0
61 6425.0 0.872859 0.847506 0.0 0.794795 0.653159 -6.564248 -0.097257 0.013511 12.845295 78.0
62 6425.0 0.879875 0.863637 0.0 0.812735 0.653159 -6.564248 -0.097257 0.013511 12.845295 78.0
63 6425.0 0.868346 0.857691 0.0 0.798343 0.653159 -6.564248 -0.097257 0.013511 12.845295 78.0
64 6425.0 0.84826 0.865531 0.0 0.786623 0.653159 -6.564248 -0.097257 0.013511 12.845295 78.0
65 6425.0 0.85171 0.859499 0.0 0.785198 0.653159 -6.564248 -0.097257 0.013511 12.845295 78.0
66 6425.0 0.859302 0.900567 0.0 0.821935 0.653159 -6.564248 -0.097257 0.013511 12.845295 78.0
67 6425.0 0.862411 0.943961 0.0 0.856448 0.653159 -6.564248 -0.097257 0.013511 12.845295 78.0
68 6425.0 0.884458 0.94623 0.0 0.876947 0.653159 -6.564248 -0.097257 0.013511 12.845295 78.0
69 6425.0 0.881884 0.964445 0.0 0.887767 0.653159 -6.564248 -0.097257 0.013511 12.845295 78.0
70 6425.0 0.895543 0.985273 0.0 0.912236 0.653159 -6.564248 -0.097257 0.013511 12.845295 78.0
71 6425.0 0.907086 1.000759 0.0 0.927272 0.653159 -6.564248 -0.097257 0.013511 12.845295 78.0
72 6425.0 0.916442 1.036215 0.0 0.935092 0.653159 -6.564248 -0.097257 0.013511 12.845295 78.0
73 6425.0 0.913672 1.057502 0.0 0.933342 0.653159 -6.564248 -0.097257 0.013511 12.845295 78.0
74 6425.0 0.950133 1.090594 0.0 0.950595 0.653159 -6.564248 -0.097257 0.013511 12.845295 78.0
75 6425.0 0.945229 1.103482 0.0 0.948802 0.653159 -6.564248 -0.097257 0.013511 12.845295 78.0
76 6425.0 0.933143 1.124539 0.0 0.944146 0.653159 -6.564248 -0.097257 0.013511 12.845295 78.0
77 6425.0 0.951321 1.141631 0.0 0.952237 0.653159 -6.564248 -0.097257 0.013511 12.845295 78.0
78 6425.0 0.965708 1.144607 0.0 0.958405 0.653159 -6.564248 -0.097257 0.013511 12.845295 78.0
79 6425.0 0.978986 1.140733 0.0 0.963951 0.653159 -6.564248 -0.097257 0.013511 12.845295 78.0
80 6425.0 0.997523 1.168872 0.0 0.972441 0.653159 -6.564248 -0.097257 0.013511 12.845295 78.0
81 6425.0 1.00113 1.186885 0.0 0.974372 0.653159 -6.564248 -0.097257 0.013511 12.845295 78.0
82 6425.0 1.01667 1.195064 0.0 0.981146 0.653159 -6.564248 -0.097257 0.013511 12.845295 78.0
83 6425.0 0.985462 1.210293 0.0 0.959954 0.653159 -6.564248 -0.097257 0.013511 12.845295 78.0
84 6425.0 0.979494 1.206988 0.0 0.957395 0.653159 -6.564248 -0.097257 0.013511 12.845295 78.0
85 6425.0 0.980145 1.203527 0.0 0.958895 0.653159 -6.564248 -0.097257 0.013511 12.845295 78.0
86 6425.0 0.970114 1.215015 0.0 0.94915 0.653159 -6.564248 -0.097257 0.013511 12.845295 78.0
87 6425.0 0.963605 1.197821 0.0 0.950698 0.653159 -6.564248 -0.097257 0.013511 12.845295 78.0
88 6425.0 0.963215 1.204437 0.0 0.948349 0.653159 -6.564248 -0.097257 0.013511 12.845295 78.0
89 6425.0 0.981487 1.206808 0.0 0.95866 0.653159 -6.564248 -0.097257 0.013511 12.845295 78.0
90 6425.0 1.019614 1.20881 0.0 0.981117 0.653159 -6.564248 -0.097257 0.013511 12.845295 78.0
91 6425.0 1.028357 1.217139 0.0 0.983752 0.653159 -6.564248 -0.097257 0.013511 12.845295 78.0
92 6425.0 1.013587 1.1924 0.0 0.979779 0.653159 -6.564248 -0.097257 0.013511 12.845295 78.0
93 6425.0 1.019209 1.203578 0.0 0.982412 0.653159 -6.564248 -0.097257 0.013511 12.845295 78.0
94 6425.0 1.016512 1.208181 0.0 0.979438 0.653159 -6.564248 -0.097257 0.013511 12.845295 78.0
95 6425.0 0.992954 1.206204 0.0 0.965799 0.653159 -6.564248 -0.097257 0.013511 12.845295 78.0
96 6425.0 0.975413 1.221345 0.0 0.950338 0.653159 -6.564248 -0.097257 0.013511 12.845295 78.0
97 6425.0 0.973958 1.213817 0.0 0.951861 0.653159 -6.564248 -0.097257 0.013511 12.845295 78.0
98 6425.0 0.974872 1.187832 0.0 0.960713 0.653159 -6.564248 -0.097257 0.013511 12.845295 78.0
99 6425.0 0.991455 1.189657 0.0 0.970176 0.653159 -6.564248 -0.097257 0.013511 12.845295 78.0
100 6425.0 0.979281 1.192547 0.0 0.961878 0.653159 -6.564248 -0.097257 0.013511 12.845295 78.0
101 6425.0 1.003494 1.153128 0.0 0.974622 0.653159 -6.564248 -0.097257 0.013511 12.845295 78.0
102 6425.0 1.003385 1.152204 0.0 0.974555 0.653159 -6.564248 -0.097257 0.013511 12.845295 78.0
103 6425.0 1.01205 1.139423 0.0 0.977945 0.653159 -6.564248 -0.097257 0.013511 12.845295 78.0
104 6425.0 0.995729 1.123653 0.0 0.97067 0.653159 -6.564248 -0.097257 0.013511 12.845295 78.0
105 6425.0 0.979681 1.124443 0.0 0.963882 0.653159 -6.564248 -0.097257 0.013511 12.845295 78.0
106 6425.0 0.983142 1.142411 0.0 0.965751 0.653159 -6.564248 -0.097257 0.013511 12.845295 78.0
107 6425.0 0.96403 1.117049 0.0 0.957079 0.653159 -6.564248 -0.097257 0.013511 12.845295 78.0
108 6425.0 0.969696 1.119759 0.0 0.959542 0.653159 -6.564248 -0.097257 0.013511 12.845295 78.0
109 6425.0 0.954505 1.133851 0.0 0.953414 0.653159 -6.564248 -0.097257 0.013511 12.845295 78.0
110 6425.0 0.94401 1.146632 0.0 0.949248 0.653159 -6.564248 -0.097257 0.013511 12.845295 78.0
111 6425.0 0.930781 1.15283 0.0 0.943776 0.653159 -6.564248 -0.097257 0.013511 12.845295 78.0
112 6425.0 0.968745 1.160719 0.0 0.960053 0.653159 -6.564248 -0.097257 0.013511 12.845295 78.0
113 6425.0 0.968359 1.169974 0.0 0.960096 0.653159 -6.564248 -0.097257 0.013511 12.845295 78.0
114 6425.0 0.963992 1.160519 0.0 0.958033 0.653159 -6.564248 -0.097257 0.013511 12.845295 78.0
115 6425.0 0.972083 1.169253 0.0 0.961659 0.653159 -6.564248 -0.097257 0.013511 12.845295 78.0
116 6425.0 0.977451 1.163718 0.0 0.963812 0.653159 -6.564248 -0.097257 0.013511 12.845295 78.0
117 6425.0 0.962716 1.162527 0.0 0.957536 0.653159 -6.564248 -0.097257 0.013511 12.845295 78.0
118 6425.0 0.973982 1.163544 0.0 0.962337 0.653159 -6.564248 -0.097257 0.013511 12.845295 78.0
119 6425.0 0.95971 1.17002 0.0 0.956429 0.653159 -6.564248 -0.097257 0.013511 12.845295 78.0
120 6425.0 0.960401 1.168804 0.0 0.956695 0.653159 -6.564248 -0.097257 0.013511 12.845295 78.0
121 6425.0 0.962027 1.178249 0.0 0.955992 0.653159 -6.564248 -0.097257 0.013511 12.845295 78.0
122 6425.0 0.968423 1.183859 0.0 0.958075 0.653159 -6.564248 -0.097257 0.013511 12.845295 78.0
123 6425.0 0.971358 1.192308 0.0 0.957155 0.653159 -6.564248 -0.097257 0.013511 12.845295 78.0
124 6425.0 0.984464 1.174605 0.0 0.96703 0.653159 -6.564248 -0.097257 0.013511 12.845295 78.0
125 6425.0 0.983852 1.181985 0.0 0.966935 0.653159 -6.564248 -0.097257 0.013511 12.845295 78.0
126 6425.0 0.98441 1.180036 0.0 0.967128 0.653159 -6.564248 -0.097257 0.013511 12.845295 78.0
127 6425.0 0.971404 1.200372 0.0 0.954608 0.653159 -6.564248 -0.097257 0.013511 12.845295 78.0
128 6425.0 0.978239 1.202243 0.0 0.958151 0.653159 -6.564248 -0.097257 0.013511 12.845295 78.0
129 6425.0 0.983261 1.169238 0.0 0.9664 0.653159 -6.564248 -0.097257 0.013511 12.845295 78.0
130 6425.0 0.977152 1.144878 0.0 0.963265 0.653159 -6.564248 -0.097257 0.013511 12.845295 78.0
131 6425.0 0.96369 1.156997 0.0 0.957826 0.653159 -6.564248 -0.097257 0.013511 12.845295 78.0
132 6425.0 0.970344 1.145359 0.0 0.960389 0.653159 -6.564248 -0.097257 0.013511 12.845295 78.0
133 6425.0 0.993681 1.193577 0.0 0.970272 0.653159 -6.564248 -0.097257 0.013511 12.845295 78.0
134 6425.0 1.013913 1.202944 0.0 0.979536 0.653159 -6.564248 -0.097257 0.013511 12.845295 78.0
135 6425.0 1.025589 1.206118 0.0 0.985175 0.653159 -6.564248 -0.097257 0.013511 12.845295 78.0
136 6425.0 1.015088 1.214979 0.0 0.976404 0.653159 -6.564248 -0.097257 0.013511 12.845295 78.0
137 6425.0 1.011391 1.194267 0.0 0.978889 0.653159 -6.564248 -0.097257 0.013511 12.845295 78.0
138 6425.0 1.001127 1.205197 0.0 0.971071 0.653159 -6.564248 -0.097257 0.013511 12.845295 78.0
139 6425.0 1.004843 1.213194 0.0 0.970769 0.653159 -6.564248 -0.097257 0.013511 12.845295 78.0
140 6425.0 1.008941 1.239428 0.0 0.964873 0.653159 -6.564248 -0.097257 0.013511 12.845295 78.0
141 6425.0 0.985662 1.205725 0.0 0.961535 0.653159 -6.564248 -0.097257 0.013511 12.845295 78.0
142 6425.0 0.964012 1.189504 0.0 0.9536 0.653159 -6.564248 -0.097257 0.013511 12.845295 78.0
143 6425.0 0.971325 1.183652 0.0 0.959899 0.653159 -6.564248 -0.097257 0.013511 12.845295 78.0
144 6425.0 0.983236 1.160313 0.0 0.96619 0.653159 -6.564248 -0.097257 0.013511 12.845295 78.0
145 6425.0 0.988991 1.12581 0.0 0.967861 0.653159 -6.564248 -0.097257 0.013511 12.845295 78.0
146 6425.0 0.990861 1.11387 0.0 0.968388 0.653159 -6.564248 -0.097257 0.013511 12.845295 78.0
147 6425.0 1.001314 1.134615 0.0 0.973284 0.653159 -6.564248 -0.097257 0.013511 12.845295 78.0
148 6425.0 1.008805 1.149868 0.0 0.976801 0.653159 -6.564248 -0.097257 0.013511 12.845295 78.0
149 6425.0 1.020072 1.181069 0.0 0.982276 0.653159 -6.564248 -0.097257 0.013511 12.845295 78.0
150 6425.0 1.022043 1.203543 0.0 0.983614 0.653159 -6.564248 -0.097257 0.013511 12.845295 78.0
151 6425.0 0.991936 1.196051 0.0 0.968425 0.653159 -6.564248 -0.097257 0.013511 12.845295 78.0
152 6425.0 1.000154 1.20676 0.0 0.969983 0.653159 -6.564248 -0.097257 0.013511 12.845295 78.0
153 6425.0 0.99749 1.175607 0.0 0.972577 0.653159 -6.564248 -0.097257 0.013511 12.845295 78.0
154 6425.0 1.011351 1.171619 0.0 0.978367 0.653159 -6.564248 -0.097257 0.013511 12.845295 78.0
155 6425.0 0.999627 1.175939 0.0 0.973491 0.653159 -6.564248 -0.097257 0.013511 12.845295 78.0
156 6425.0 0.988025 1.175597 0.0 0.968562 0.653159 -6.564248 -0.097257 0.013511 12.845295 78.0
157 6425.0 0.990988 1.178613 0.0 0.969886 0.653159 -6.564248 -0.097257 0.013511 12.845295 78.0
158 6425.0 0.980286 1.156137 0.0 0.964846 0.653159 -6.564248 -0.097257 0.013511 12.845295 78.0
159 6425.0 0.994811 1.156468 0.0 0.971014 0.653159 -6.564248 -0.097257 0.013511 12.845295 78.0
160 6425.0 1.006162 1.12867 0.0 0.975208 0.653159 -6.564248 -0.097257 0.013511 12.845295 78.0
161 6425.0 0.972649 1.1425 0.0 0.961302 0.653159 -6.564248 -0.097257 0.013511 12.845295 78.0
162 6425.0 0.988244 1.170375 0.0 0.968539 0.653159 -6.564248 -0.097257 0.013511 12.845295 78.0
163 6425.0 0.971118 1.180283 0.0 0.96085 0.653159 -6.564248 -0.097257 0.013511 12.845295 78.0
164 6425.0 0.981626 1.169223 0.0 0.965706 0.653159 -6.564248 -0.097257 0.013511 12.845295 78.0
165 6425.0 0.992269 1.192478 0.0 0.969767 0.653159 -6.564248 -0.097257 0.013511 12.845295 78.0
166 6425.0 1.003529 1.159821 0.0 0.974786 0.653159 -6.564248 -0.097257 0.013511 12.845295 78.0
167 6425.0 0.97673 1.181448 0.0 0.963877 0.653159 -6.564248 -0.097257 0.013511 12.845295 78.0
168 6425.0 0.982316 1.174835 0.0 0.966124 0.653159 -6.564248 -0.097257 0.013511 12.845295 78.0
169 6425.0 0.983257 1.180338 0.0 0.966646 0.653159 -6.564248 -0.097257 0.013511 12.845295 78.0
170 6425.0 0.977604 1.175794 0.0 0.964147 0.653159 -6.564248 -0.097257 0.013511 12.845295 78.0
171 6425.0 0.941585 1.164996 0.0 0.947842 0.653159 -6.564248 -0.097257 0.013511 12.845295 78.0
172 6425.0 0.945628 1.166434 0.0 0.949832 0.653159 -6.564248 -0.097257 0.013511 12.845295 78.0
173 6425.0 0.96159 1.1712 0.0 0.957252 0.653159 -6.564248 -0.097257 0.013511 12.845295 78.0
174 6425.0 0.965663 1.173279 0.0 0.959026 0.653159 -6.564248 -0.097257 0.013511 12.845295 78.0
175 6425.0 0.949699 1.172331 0.0 0.950414 0.653159 -6.564248 -0.097257 0.013511 12.845295 78.0
176 6425.0 0.947061 1.175176 0.0 0.947908 0.653159 -6.564248 -0.097257 0.013511 12.845295 78.0
177 6425.0 0.952118 1.174646 0.0 0.95114 0.653159 -6.564248 -0.097257 0.013511 12.845295 78.0
178 6425.0 0.955452 1.182216 0.0 0.950743 0.653159 -6.564248 -0.097257 0.013511 12.845295 78.0
179 6425.0 0.948365 1.196441 0.0 0.941907 0.653159 -6.564248 -0.097257 0.013511 12.845295 78.0
180 6425.0 0.966019 1.204038 0.0 0.950175 0.653159 -6.564248 -0.097257 0.013511 12.845295 78.0
181 6425.0 0.997492 1.189697 0.0 0.972892 0.653159 -6.564248 -0.097257 0.013511 12.845295 78.0
182 6425.0 0.960223 1.185039 0.0 0.952731 0.653159 -6.564248 -0.097257 0.013511 12.845295 78.0
183 6425.0 0.940686 1.162752 0.0 0.948014 0.653159 -6.564248 -0.097257 0.013511 12.845295 78.0
184 6425.0 0.93962 1.144292 0.0 0.947334 0.653159 -6.564248 -0.097257 0.013511 12.845295 78.0
185 6425.0 0.919854 1.144666 0.0 0.938959 0.653159 -6.564248 -0.097257 0.013511 12.845295 78.0
186 6425.0 0.928134 1.139919 0.0 0.942365 0.653159 -6.564248 -0.097257 0.013511 12.845295 78.0
187 6425.0 0.944496 1.155667 0.0 0.949656 0.653159 -6.564248 -0.097257 0.013511 12.845295 78.0
188 6425.0 0.949187 1.153816 0.0 0.951604 0.653159 -6.564248 -0.097257 0.013511 12.845295 78.0
189 6425.0 0.971778 1.159045 0.0 0.961302 0.653159 -6.564248 -0.097257 0.013511 12.845295 78.0
190 6425.0 0.994851 1.116661 0.0 0.970142 0.653159 -6.564248 -0.097257 0.013511 12.845295 78.0
191 6425.0 0.981676 1.108625 0.0 0.964375 0.653159 -6.564248 -0.097257 0.013511 12.845295 78.0
192 6425.0 0.971846 1.113399 0.0 0.960313 0.653159 -6.564248 -0.097257 0.013511 12.845295 78.0
193 6425.0 0.982481 1.125392 0.0 0.965091 0.653159 -6.564248 -0.097257 0.013511 12.845295 78.0
194 6425.0 0.995264 1.125136 0.0 0.970507 0.653159 -6.564248 -0.097257 0.013511 12.845295 78.0
195 6425.0 0.992233 1.131054 0.0 0.969353 0.653159 -6.564248 -0.097257 0.013511 12.845295 78.0
196 6425.0 0.965309 1.128411 0.0 0.957875 0.653159 -6.564248 -0.097257 0.013511 12.845295 78.0
197 6425.0 0.966792 1.116452 0.0 0.958237 0.653159 -6.564248 -0.097257 0.013511 12.845295 78.0
198 6425.0 0.969114 1.121295 0.0 0.95933 0.653159 -6.564248 -0.097257 0.013511 12.845295 78.0
199 6425.0 0.97487 1.132956 0.0 0.962031 0.653159 -6.564248 -0.097257 0.013511 12.845295 78.0
200 6425.0 0.983839 1.156361 0.0 0.966358 0.653159 -6.564248 -0.097257 0.013511 12.845295 78.0
201 6425.0 0.99155 1.152555 0.0 0.969543 0.653159 -6.564248 -0.097257 0.013511 12.845295 78.0
202 6425.0 0.989593 1.149162 0.0 0.968638 0.653159 -6.564248 -0.097257 0.013511 12.845295 78.0
203 6425.0 1.002761 1.163763 0.0 0.974548 0.653159 -6.564248 -0.097257 0.013511 12.845295 78.0
204 6425.0 0.994782 1.156872 0.0 0.97101 0.653159 -6.564248 -0.097257 0.013511 12.845295 78.0
205 6425.0 0.964929 1.186737 0.0 0.95504 0.653159 -6.564248 -0.097257 0.013511 12.845295 78.0
206 6425.0 1.003623 1.136383 0.0 0.974303 0.653159 -6.564248 -0.097257 0.013511 12.845295 78.0
207 6425.0 0.995037 1.130022 0.0 0.970519 0.653159 -6.564248 -0.097257 0.013511 12.845295 78.0
208 6425.0 0.97445 1.137796 0.0 0.961961 0.653159 -6.564248 -0.097257 0.013511 12.845295 78.0
209 6425.0 0.971318 1.148656 0.0 0.960875 0.653159 -6.564248 -0.097257 0.013511 12.845295 78.0
210 6425.0 0.975924 1.148604 0.0 0.962827 0.653159 -6.564248 -0.097257 0.013511 12.845295 78.0
211 6425.0 0.993639 1.164498 0.0 0.970695 0.653159 -6.564248 -0.097257 0.013511 12.845295 78.0
212 6425.0 0.984871 1.149075 0.0 0.966633 0.653159 -6.564248 -0.097257 0.013511 12.845295 78.0
213 6425.0 0.992404 1.182547 0.0 0.970574 0.653159 -6.564248 -0.097257 0.013511 12.845295 78.0
214 6425.0 0.976232 1.16961 0.0 0.963427 0.653159 -6.564248 -0.097257 0.013511 12.845295 78.0
215 6425.0 0.970726 1.168654 0.0 0.96107 0.653159 -6.564248 -0.097257 0.013511 12.845295 78.0
216 6425.0 1.007819 1.159172 0.0 0.976591 0.653159 -6.564248 -0.097257 0.013511 12.845295 78.0
217 6425.0 1.011436 1.181407 0.0 0.978621 0.653159 -6.564248 -0.097257 0.013511 12.845295 78.0
218 6425.0 0.976633 1.184387 0.0 0.96288 0.653159 -6.564248 -0.097257 0.013511 12.845295 78.0
219 6425.0 0.95074 1.173319 0.0 0.950729 0.653159 -6.564248 -0.097257 0.013511 12.845295 78.0
220 6425.0 0.960568 1.185277 0.0 0.952864 0.653159 -6.564248 -0.097257 0.013511 12.845295 78.0
221 6425.0 0.950097 1.187861 0.0 0.945696 0.653159 -6.564248 -0.097257 0.013511 12.845295 78.0
222 6425.0 0.975491 1.183469 0.0 0.962481 0.653159 -6.564248 -0.097257 0.013511 12.845295 78.0
223 6425.0 0.967396 1.157042 0.0 0.959399 0.653159 -6.564248 -0.097257 0.013511 12.845295 78.0
224 6425.0 0.958325 1.14954 0.0 0.955384 0.653159 -6.564248 -0.097257 0.013511 12.845295 78.0
225 6425.0 0.97774 1.154362 0.0 0.963726 0.653159 -6.564248 -0.097257 0.013511 12.845295 78.0
226 6425.0 0.973657 1.184047 0.0 0.961186 0.653159 -6.564248 -0.097257 0.013511 12.845295 78.0
227 6425.0 0.993305 1.180444 0.0 0.97091 0.653159 -6.564248 -0.097257 0.013511 12.845295 78.0
228 6425.0 1.000247 1.160207 0.0 0.973403 0.653159 -6.564248 -0.097257 0.013511 12.845295 78.0
229 6425.0 0.981745 1.176838 0.0 0.965926 0.653159 -6.564248 -0.097257 0.013511 12.845295 78.0
230 6425.0 0.998396 1.174269 0.0 0.972931 0.653159 -6.564248 -0.097257 0.013511 12.845295 78.0
231 6425.0 0.987371 1.164485 0.0 0.968037 0.653159 -6.564248 -0.097257 0.013511 12.845295 78.0
232 6425.0 0.989907 1.173299 0.0 0.969309 0.653159 -6.564248 -0.097257 0.013511 12.845295 78.0
233 6425.0 0.961556 1.175683 0.0 0.956527 0.653159 -6.564248 -0.097257 0.013511 12.845295 78.0
234 6425.0 0.975125 1.179206 0.0 0.963171 0.653159 -6.564248 -0.097257 0.013511 12.845295 78.0
235 6425.0 0.955225 1.168999 0.0 0.954504 0.653159 -6.564248 -0.097257 0.013511 12.845295 78.0
236 6425.0 0.981474 1.191278 0.0 0.963612 0.653159 -6.564248 -0.097257 0.013511 12.845295 78.0
237 6425.0 0.985097 1.182179 0.0 0.967467 0.653159 -6.564248 -0.097257 0.013511 12.845295 78.0
238 6425.0 0.984345 1.191755 0.0 0.965199 0.653159 -6.564248 -0.097257 0.013511 12.845295 78.0
239 6425.0 1.001358 1.2087 0.0 0.970093 0.653159 -6.564248 -0.097257 0.013511 12.845295 78.0
240 6425.0 0.994703 1.200671 0.0 0.968625 0.653159 -6.564248 -0.097257 0.013511 12.845295 78.0
241 6425.0 1.006546 1.180268 0.0 0.976522 0.653159 -6.564248 -0.097257 0.013511 12.845295 78.0
242 6425.0 0.978073 1.181775 0.0 0.964479 0.653159 -6.564248 -0.097257 0.013511 12.845295 78.0
243 6425.0 0.969279 1.168283 0.0 0.960448 0.653159 -6.564248 -0.097257 0.013511 12.845295 78.0
244 6425.0 0.975476 1.202578 0.0 0.956369 0.653159 -6.564248 -0.097257 0.013511 12.845295 78.0
245 6425.0 0.997617 1.188506 0.0 0.972918 0.653159 -6.564248 -0.097257 0.013511 12.845295 78.0
246 6425.0 1.002298 1.225827 0.0 0.965192 0.653159 -6.564248 -0.097257 0.013511 12.845295 78.0
247 6425.0 0.984562 1.210665 0.0 0.959291 0.653159 -6.564248 -0.097257 0.013511 12.845295 78.0
248 6425.0 0.968384 1.186487 0.0 0.957212 0.653159 -6.564248 -0.097257 0.013511 12.845295 78.0
249 6425.0 0.984634 1.139407 0.0 0.966317 0.653159 -6.564248 -0.097257 0.013511 12.845295 78.0
250 6425.0 0.990591 1.137308 0.0 0.968796 0.653159 -6.564248 -0.097257 0.013511 12.845295 78.0
251 6425.0 0.95634 1.141974 0.0 0.954373 0.653159 -6.564248 -0.097257 0.013511 12.845295 78.0
252 6425.0 0.961679 1.13736 0.0 0.956535 0.653159 -6.564248 -0.097257 0.013511 12.845295 78.0
253 6425.0 0.975297 1.123288 0.0 0.961997 0.653159 -6.564248 -0.097257 0.013511 12.845295 78.0
254 6425.0 0.969742 1.137699 0.0 0.959963 0.653159 -6.564248 -0.097257 0.013511 12.845295 78.0
255 6425.0 0.962462 1.142617 0.0 0.956984 0.653159 -6.564248 -0.097257 0.013511 12.845295 78.0
256 6425.0 0.960896 1.155558 0.0 0.956609 0.653159 -6.564248 -0.097257 0.013511 12.845295 78.0
257 6425.0 0.945078 1.166741 0.0 0.949401 0.653159 -6.564248 -0.097257 0.013511 12.845295 78.0
258 6425.0 0.940657 1.178449 0.0 0.942983 0.653159 -6.564248 -0.097257 0.013511 12.845295 78.0
259 6425.0 0.967714 1.178216 0.0 0.959448 0.653159 -6.564248 -0.097257 0.013511 12.845295 78.0
260 6425.0 0.978011 1.191334 0.0 0.961496 0.653159 -6.564248 -0.097257 0.013511 12.845295 78.0
261 6425.0 0.963666 1.18327 0.0 0.955381 0.653159 -6.564248 -0.097257 0.013511 12.845295 78.0
262 6425.0 0.981912 1.186382 0.0 0.96544 0.653159 -6.564248 -0.097257 0.013511 12.845295 78.0
263 6425.0 0.977748 1.164509 0.0 0.963956 0.653159 -6.564248 -0.097257 0.013511 12.845295 78.0
264 6425.0 0.990623 1.159363 0.0 0.969302 0.653159 -6.564248 -0.097257 0.013511 12.845295 78.0
265 6425.0 0.966685 1.154638 0.0 0.959044 0.653159 -6.564248 -0.097257 0.013511 12.845295 78.0
266 6425.0 0.96994 1.143169 0.0 0.960168 0.653159 -6.564248 -0.097257 0.013511 12.845295 78.0
267 6425.0 0.966673 1.183015 0.0 0.957285 0.653159 -6.564248 -0.097257 0.013511 12.845295 78.0
268 6425.0 0.989639 1.153822 0.0 0.968761 0.653159 -6.564248 -0.097257 0.013511 12.845295 78.0
269 6425.0 0.956912 1.173082 0.0 0.954544 0.653159 -6.564248 -0.097257 0.013511 12.845295 78.0
270 6425.0 0.965846 1.186396 0.0 0.955704 0.653159 -6.564248 -0.097257 0.013511 12.845295 78.0
271 6425.0 0.990293 1.191961 0.0 0.968736 0.653159 -6.564248 -0.097257 0.013511 12.845295 78.0
272 6425.0 0.997202 1.191589 0.0 0.972811 0.653159 -6.564248 -0.097257 0.013511 12.845295 78.0
273 6425.0 1.002027 1.174935 0.0 0.974486 0.653159 -6.564248 -0.097257 0.013511 12.845295 78.0
274 6425.0 0.991308 1.195356 0.0 0.968266 0.653159 -6.564248 -0.097257 0.013511 12.845295 78.0
275 6425.0 0.982155 1.182031 0.0 0.966216 0.653159 -6.564248 -0.097257 0.013511 12.845295 78.0
276 6425.0 0.987746 1.182637 0.0 0.968601 0.653159 -6.564248 -0.097257 0.013511 12.845295 78.0
277 6425.0 0.999513 1.154805 0.0 0.97297 0.653159 -6.564248 -0.097257 0.013511 12.845295 78.0
278 6425.0 0.981004 1.153573 0.0 0.965093 0.653159 -6.564248 -0.097257 0.013511 12.845295 78.0
279 6425.0 0.968083 1.145881 0.0 0.959441 0.653159 -6.564248 -0.097257 0.013511 12.845295 78.0
280 6425.0 0.993907 1.146361 0.0 0.970405 0.653159 -6.564248 -0.097257 0.013511 12.845295 78.0
281 6425.0 0.999288 1.175433 0.0 0.973336 0.653159 -6.564248 -0.097257 0.013511 12.845295 78.0
282 6425.0 1.001056 1.150877 0.0 0.973538 0.653159 -6.564248 -0.097257 0.013511 12.845295 78.0
283 6425.0 0.984168 1.14593 0.0 0.966264 0.653159 -6.564248 -0.097257 0.013511 12.845295 78.0
284 6425.0 0.99491 1.146025 0.0 0.970823 0.653159 -6.564248 -0.097257 0.013511 12.845295 78.0
285 6425.0 0.998006 1.150735 0.0 0.972241 0.653159 -6.564248 -0.097257 0.013511 12.845295 78.0
286 6425.0 0.970609 1.174379 0.0 0.961148 0.653159 -6.564248 -0.097257 0.013511 12.845295 78.0
287 6425.0 0.980401 1.177967 0.0 0.965381 0.653159 -6.564248 -0.097257 0.013511 12.845295 78.0
