 time p.x p.y p.z deep.node-0 CV opes.bias opes.rct opes.zed opes.neff opes.nker
0 10865.0 -0.864751 1.130076 0.0 -0.881654 1.813379 -16.771879 -0.150047 0.009085 12.845295 116.0
1 10865.0 -0.852752 1.141912 0.0 -0.885377 1.813379 -16.771879 -0.150047 0.009085 12.845295 116.0
2 10865.0 -0.837098 1.13691 0.0 -0.878205 1.813379 -16.771879 -0.150047 0.009085 12.845295 116.0
3 10865.0 -0.845366 1.095725 0.0 -0.856205 1.813379 -16.771879 -0.150047 0.009085 12.845295 116.0
4 10865.0 -0.909762 1.072115 0.0 -0.859708 1.813379 -16.771879 -0.150047 0.009085 12.845295 116.0
5 10865.0 -0.919593 1.079593 0.0 -0.866763 1.813379 -16.771879 -0.150047 0.009085 12.845295 116.0
6 10865.0 -0.893557 1.063332 0.0 -0.850162 1.813379 -16.771879 -0.150047 0.009085 12.845295 116.0
7 10865.0 -0.881636 1.029469 0.0 -0.827009 1.813379 -16.771879 -0.150047 0.009085 12.845295 116.0
8 10865.0 -0.858569 1.015202 0.0 -0.812054 1.813379 -16.771879 -0.150047 0.009085 12.845295 116.0
9 10865.0 -0.87523 0.998027 0.0 -0.806473 1.813379 -16.771879 -0.150047 0.009085 12.845295 116.0
10 10865.0 -0.867251 1.014322 0.0 -0.813957 1.813379 -16.771879 -0.150047 0.009085 12.845295 116.0
11 10865.0 -0.877857 1.022051 0.0 -0.82153 1.813379 -16.771879 -0.150047 0.009085 12.845295 116.0
12 10865.0 -0.893236 1.004997 0.0 -0.815662 1.813379 -16.771879 -0.150047 0.009085 12.845295 116.0
13 10865.0 -0.906588 1.005618 0.0 -0.819766 1.813379 -16.771879 -0.150047 0.009085 12.845295 116.0
14 10865.0 -0.890197 0.967123 0.0 -0.792233 1.813379 -16.771879 -0.150047 0.009085 12.845295 116.0
15 10865.0 -0.885917 0.921222 0.0 -0.755699 1.813379 -16.771879 -0.150047 0.009085 12.845295 116.0
16 10865.0 -0.88673 0.891627 0.0 -0.730164 1.813379 -16.771879 -0.150047 0.009085 12.845295 116.0
17 10865.0 -0.857151 0.869331 0.0 -0.700746 1.813379 -16.771879 -0.150047 0.009085 12.845295 116.0
18 10865.0 -0.865636 0.851787 0.0 -0.688307 1.813379 -16.771879 -0.150047 0.009085 12.845295 116.0
19 10865.0 -0.866767 0.831376 0.0 -0.670888 1.813379 -16.771879 -0.150047 0.009085 12.845295 116.0
20 10865.0 -0.851002 0.830433 0.0 -0.66475 1.813379 -16.771879 -0.150047 0.009085 12.845295 116.0
21 10865.0 -0.821952 0.801552 0.0 -0.629767 1.813379 -16.771879 -0.150047 0.009085 12.845295 116.0
22 10865.0 -0.797318 0.794272 0.0 -0.615112 1.813379 -16.771879 -0.150047 0.009085 12.845295 116.0
23 10865.0 -0.798758 0.774786 0.0 -0.598604 1.813379 -16.771879 -0.150047 0.009085 12.845295 116.0
24 10865.0 -0.799306 0.739961 0.0 -0.568488 1.813379 -16.771879 -0.150047 0.009085 12.845295 116.0
25 10865.0 -0.797928 0.737351 0.0 -0.565753 1.813379 -16.771879 -0.150047 0.009085 12.845295 116.0
26 10865.0 -0.784823 0.741352 0.0 -0.564805 1.813379 -16.771879 -0.150047 0.009085 12.845295 116.0
27 10865.0 -0.778931 0.741444 0.0 -0.562789 1.813379 -16.771879 -0.150047 0.009085 12.845295 116.0
28 10865.0 -0.767925 0.744781 0.0 -0.561741 1.813379 -16.771879 -0.150047 0.009085 12.845295 116.0
29 10865.0 -0.762555 0.732644 0.0 -0.547716 1.813379 -16.771879 -0.150047 0.009085 12.845295 116.0
30 10865.0 -0.746382 0.732573 0.0 -0.540944 1.813379 -16.771879 -0.150047 0.009085 12.845295 116.0
31 10865.0 -0.733613 0.742201 0.0 -0.546426 1.813379 -16.771879 -0.150047 0.009085 12.845295 116.0
32 10865.0 -0.730316 0.728317 0.0 -0.529537 1.813379 -16.771879 -0.150047 0.009085 12.845295 116.0
33 10865.0 -0.709692 0.738843 0.0 -0.532774 1.813379 -16.771879 -0.150047 0.009085 12.845295 116.0
34 10865.0 -0.730279 0.735099 0.0 -0.537105 1.813379 -16.771879 -0.150047 0.009085 12.845295 116.0
35 10865.0 -0.73977 0.715436 0.0 -0.519046 1.813379 -16.771879 -0.150047 0.009085 12.845295 116.0
36 10865.0 -0.732795 0.700955 0.0 -0.499969 1.813379 -16.771879 -0.150047 0.009085 12.845295 116.0
37 10865.0 -0.72374 0.70139 0.0 -0.496709 1.813379 -16.771879 -0.150047 0.009085 12.845295 116.0
38 10865.0 -0.707404 0.697802 0.0 -0.485937 1.813379 -16.771879 -0.150047 0.009085 12.845295 116.0
39 10865.0 -0.717429 0.687151 0.0 -0.478176 1.813379 -16.771879 -0.150047 0.009085 12.845295 116.0
40 10865.0 -0.707845 0.671312 0.0 -0.4565 1.813379 -16.771879 -0.150047 0.009085 12.845295 116.0
41 10865.0 -0.728775 0.665756 0.0 -0.458947 1.813379 -16.771879 -0.150047 0.009085 12.845295 116.0
42 10865.0 -0.709639 0.663515 0.0 -0.448524 1.813379 -16.771879 -0.150047 0.009085 12.845295 116.0
43 10865.0 -0.724159 0.658042 0.0 -0.448413 1.813379 -16.771879 -0.150047 0.009085 12.845295 116.0
44 10865.0 -0.736889 0.680524 0.0 -0.478818 1.813379 -16.771879 -0.150047 0.009085 12.845295 116.0
45 10865.0 -0.741246 0.685069 0.0 -0.485703 1.813379 -16.771879 -0.150047 0.009085 12.845295 116.0
46 10865.0 -0.729987 0.684581 0.0 -0.480499 1.813379 -16.771879 -0.150047 0.009085 12.845295 116.0
47 10865.0 -0.732591 0.692899 0.0 -0.490876 1.813379 -16.771879 -0.150047 0.009085 12.845295 116.0
48 10865.0 -0.718324 0.669869 0.0 -0.459223 1.813379 -16.771879 -0.150047 0.009085 12.845295 116.0
49 10865.0 -0.686919 0.656468 0.0 -0.431244 1.813379 -16.771879 -0.150047 0.009085 12.845295 116.0
50 10865.0 -0.691788 0.644896 0.0 -0.42032 1.813379 -16.771879 -0.150047 0.009085 12.845295 116.0
51 10865.0 -0.687413 0.634395 0.0 -0.406767 1.813379 -16.771879 -0.150047 0.009085 12.845295 116.0
52 10865.0 -0.669943 0.638667 0.0 -0.404316 1.813379 -16.771879 -0.150047 0.009085 12.845295 116.0
53 10865.0 -0.659187 0.655091 0.0 -0.41823 1.813379 -16.771879 -0.150047 0.009085 12.845295 116.0
54 10865.0 -0.669654 0.664776 0.0 -0.433389 1.813379 -16.771879 -0.150047 0.009085 12.845295 116.0
55 10865.0 -0.68008 0.642333 0.0 -0.412609 1.813379 -16.771879 -0.150047 0.009085 12.845295 116.0
56 10865.0 -0.677868 0.639964 0.0 -0.409045 1.813379 -16.771879 -0.150047 0.009085 12.845295 116.0
57 10865.0 -0.679287 0.642451 0.0 -0.412413 1.813379 -16.771879 -0.150047 0.009085 12.845295 116.0
58 10865.0 -0.669465 0.63844 0.0 -0.403864 1.813379 -16.771879 -0.150047 0.009085 12.845295 116.0
59 10865.0 -0.654069 0.625843 0.0 -0.383409 1.813379 -16.771879 -0.150047 0.009085 12.845295 116.0
60 10865.0 -0.667377 0.638977 0.0 -0.4036 1.813379 -16.771879 -0.150047 0.009085 12.845295 116.0
61 10865.0 -0.644726 0.608305 0.0 -0.359933 1.813379 -16.771879 -0.150047 0.009085 12.845295 116.0
62 10865.0 -0.634173 0.616009 0.0 -0.36418 1.813379 -16.771879 -0.150047 0.009085 12.845295 116.0
63 10865.0 -0.608643 0.614015 0.0 -0.351387 1.813379 -16.771879 -0.150047 0.009085 12.845295 116.0
64 10865.0 -0.592487 0.621858 0.0 -0.353472 1.813379 -16.771879 -0.150047 0.009085 12.845295 116.0
65 10865.0 -0.585553 0.597375 0.0 -0.320845 1.813379 -16.771879 -0.150047 0.009085 12.845295 116.0
66 10865.0 -0.583681 0.60453 0.0 -0.329512 1.813379 -16.771879 -0.150047 0.009085 12.845295 116.0
67 10865.0 -0.581271 0.5986 0.0 -0.320165 1.813379 -16.771879 -0.150047 0.009085 12.845295 116.0
68 10865.0 -0.557182 0.58052 0.0 -0.277273 1.813379 -16.771879 -0.150047 0.009085 12.845295 116.0
69 10865.0 -0.549842 0.562583 0.0 -0.238612 1.813379 -16.771879 -0.150047 0.009085 12.845295 116.0
70 10865.0 -0.554803 0.568035 0.0 -0.252956 1.813379 -16.771879 -0.150047 0.009085 12.845295 116.0
71 10865.0 -0.525288 0.542617 0.0 -0.184718 1.813379 -16.771879 -0.150047 0.009085 12.845295 116.0
72 10865.0 -0.517528 0.547837 0.0 -0.186546 1.813379 -16.771879 -0.150047 0.009085 12.845295 116.0
73 10865.0 -0.481222 0.537399 0.0 -0.147548 1.813379 -16.771879 -0.150047 0.009085 12.845295 116.0
74 10865.0 -0.465555 0.51219 0.0 -0.1119 1.813379 -16.771879 -0.150047 0.009085 12.845295 116.0
75 10865.0 -0.464773 0.500985 0.0 -0.100917 1.813379 -16.771879 -0.150047 0.009085 12.845295 116.0
76 10865.0 -0.456323 0.501837 0.0 -0.098451 1.813379 -16.771879 -0.150047 0.009085 12.845295 116.0
77 10865.0 -0.452454 0.515052 0.0 -0.109546 1.813379 -16.771879 -0.150047 0.009085 12.845295 116.0
78 10865.0 -0.441328 0.519987 0.0 -0.109933 1.813379 -16.771879 -0.150047 0.009085 12.845295 116.0
79 10865.0 -0.433171 0.510285 0.0 -0.097521 1.813379 -16.771879 -0.150047 0.009085 12.845295 116.0
80 10865.0 -0.426159 0.531633 0.0 -0.115148 1.813379 -16.771879 -0.150047 0.009085 12.845295 116.0
81 10865.0 -0.403181 0.521809 0.0 -0.096871 1.813379 -16.771879 -0.150047 0.009085 12.845295 116.0
82 10865.0 -0.385368 0.51693 0.0 -0.08531 1.813379 -16.771879 -0.150047 0.009085 12.845295 116.0
83 10865.0 -0.36341 0.49868 0.0 -0.059398 1.813379 -16.771879 -0.150047 0.009085 12.845295 116.0
84 10865.0 -0.380675 0.484155 0.0 -0.052251 1.813379 -16.771879 -0.150047 0.009085 12.845295 116.0
85 10865.0 -0.3872 0.49681 0.0 -0.066844 1.813379 -16.771879 -0.150047 0.009085 12.845295 116.0
86 10865.0 -0.421874 0.500771 0.0 -0.084071 1.813379 -16.771879 -0.150047 0.009085 12.845295 116.0
87 10865.0 -0.403881 0.498992 0.0 -0.075394 1.813379 -16.771879 -0.150047 0.009085 12.845295 116.0
88 10865.0 -0.379979 0.50302 0.0 -0.069962 1.813379 -16.771879 -0.150047 0.009085 12.845295 116.0
89 10865.0 -0.378257 0.495174 0.0 -0.061815 1.813379 -16.771879 -0.150047 0.009085 12.845295 116.0
90 10865.0 -0.354342 0.499799 0.0 -0.056946 1.813379 -16.771879 -0.150047 0.009085 12.845295 116.0
91 10865.0 -0.333 0.494168 0.0 -0.043299 1.813379 -16.771879 -0.150047 0.009085 12.845295 116.0
92 10865.0 -0.305767 0.502247 0.0 -0.040434 1.813379 -16.771879 -0.150047 0.009085 12.845295 116.0
93 10865.0 -0.296368 0.489843 0.0 -0.027151 1.813379 -16.771879 -0.150047 0.009085 12.845295 116.0
94 10865.0 -0.262571 0.506393 0.0 -0.030024 1.813379 -16.771879 -0.150047 0.009085 12.845295 116.0
95 10865.0 -0.247985 0.498126 0.0 -0.018861 1.813379 -16.771879 -0.150047 0.009085 12.845295 116.0
96 10865.0 -0.258153 0.515071 0.0 -0.035644 1.813379 -16.771879 -0.150047 0.009085 12.845295 116.0
97 10865.0 -0.257731 0.503093 0.0 -0.025871 1.813379 -16.771879 -0.150047 0.009085 12.845295 116.0
98 10865.0 -0.233881 0.52331 0.0 -0.034772 1.813379 -16.771879 -0.150047 0.009085 12.845295 116.0
99 10865.0 -0.215341 0.522937 0.0 -0.028739 1.813379 -16.771879 -0.150047 0.009085 12.845295 116.0
100 10865.0 -0.192324 0.553194 0.0 -0.045978 1.813379 -16.771879 -0.150047 0.009085 12.845295 116.0
101 10865.0 -0.207082 0.536609 0.0 -0.037192 1.813379 -16.771879 -0.150047 0.009085 12.845295 116.0
102 10865.0 -0.205741 0.526395 0.0 -0.028555 1.813379 -16.771879 -0.150047 0.009085 12.845295 116.0
103 10865.0 -0.19167 0.507878 0.0 -0.009299 1.813379 -16.771879 -0.150047 0.009085 12.845295 116.0
104 10865.0 -0.203809 0.512599 0.0 -0.016853 1.813379 -16.771879 -0.150047 0.009085 12.845295 116.0
105 10865.0 -0.19463 0.49716 0.0 -0.001587 1.813379 -16.771879 -0.150047 0.009085 12.845295 116.0
106 10865.0 -0.177565 0.505907 0.0 -0.003352 1.813379 -16.771879 -0.150047 0.009085 12.845295 116.0
107 10865.0 -0.177632 0.504275 0.0 -0.002059 1.813379 -16.771879 -0.150047 0.009085 12.845295 116.0
108 10865.0 -0.160935 0.505867 0.0 0.001822 1.813379 -16.771879 -0.150047 0.009085 12.845295 116.0
109 10865.0 -0.149385 0.521491 0.0 -0.007184 1.813379 -16.771879 -0.150047 0.009085 12.845295 116.0
110 10865.0 -0.155665 0.533872 0.0 -0.019092 1.813379 -16.771879 -0.150047 0.009085 12.845295 116.0
111 10865.0 -0.145401 0.514126 0.0 -2.4e-05 1.813379 -16.771879 -0.150047 0.009085 12.845295 116.0
112 10865.0 -0.142198 0.520272 0.0 -0.003981 1.813379 -16.771879 -0.150047 0.009085 12.845295 116.0
113 10865.0 -0.135867 0.519659 0.0 -0.00153 1.813379 -16.771879 -0.150047 0.009085 12.845295 116.0
114 10865.0 -0.119343 0.510351 0.0 0.008238 1.813379 -16.771879 -0.150047 0.009085 12.845295 116.0
115 10865.0 -0.125411 0.521447 0.0 -0.000485 1.813379 -16.771879 -0.150047 0.009085 12.845295 116.0
116 10865.0 -0.129895 0.518033 0.0 0.000945 1.813379 -16.771879 -0.150047 0.009085 12.845295 116.0
117 10865.0 -0.125619 0.538956 0.0 -0.013895 1.813379 -16.771879 -0.150047 0.009085 12.845295 116.0
118 10865.0 -0.133261 0.530352 0.0 -0.009332 1.813379 -16.771879 -0.150047 0.009085 12.845295 116.0
119 10865.0 -0.125174 0.520997 0.0 -0.000133 1.813379 -16.771879 -0.150047 0.009085 12.845295 116.0
120 10865.0 -0.087027 0.531652 0.0 -0.000433 1.813379 -16.771879 -0.150047 0.009085 12.845295 116.0
121 10865.0 -0.112186 0.538202 0.0 -0.009233 1.813379 -16.771879 -0.150047 0.009085 12.845295 116.0
122 10865.0 -0.09849 0.562364 0.0 -0.024349 1.813379 -16.771879 -0.150047 0.009085 12.845295 116.0
123 10865.0 -0.092397 0.56757 0.0 -0.025983 1.813379 -16.771879 -0.150047 0.009085 12.845295 116.0
124 10865.0 -0.085903 0.560403 0.0 -0.018749 1.813379 -16.771879 -0.150047 0.009085 12.845295 116.0
125 10865.0 -0.069218 0.564854 0.0 -0.017421 1.813379 -16.771879 -0.150047 0.009085 12.845295 116.0
126 10865.0 -0.051235 0.535421 0.0 -0.002262 1.813379 -16.771879 -0.150047 0.009085 12.845295 116.0
127 10865.0 -0.054599 0.498919 0.0 0.012177 1.813379 -16.771879 -0.150047 0.009085 12.845295 116.0
128 10865.0 -0.034101 0.512551 0.0 0.0056 1.813379 -16.771879 -0.150047 0.009085 12.845295 116.0
129 10865.0 -0.029986 0.527481 0.0 -0.000475 1.813379 -16.771879 -0.150047 0.009085 12.845295 116.0
130 10865.0 -0.004082 0.527511 0.0 -0.001104 1.813379 -16.771879 -0.150047 0.009085 12.845295 116.0
131 10865.0 0.005511 0.534419 0.0 -0.003426 1.813379 -16.771879 -0.150047 0.009085 12.845295 116.0
132 10865.0 -0.011509 0.523098 0.0 0.000406 1.813379 -16.771879 -0.150047 0.009085 12.845295 116.0
133 10865.0 -0.026226 0.509216 0.0 0.006415 1.813379 -16.771879 -0.150047 0.009085 12.845295 116.0
134 10865.0 -0.011075 0.51515 0.0 0.003168 1.813379 -16.771879 -0.150047 0.009085 12.845295 116.0
135 10865.0 0.014295 0.529296 0.0 -0.002033 1.813379 -16.771879 -0.150047 0.009085 12.845295 116.0
136 10865.0 0.02712 0.52001 0.0 0.000555 1.813379 -16.771879 -0.150047 0.009085 12.845295 116.0
137 10865.0 0.04716 0.530784 0.0 -0.003172 1.813379 -16.771879 -0.150047 0.009085 12.845295 116.0
138 10865.0 0.057946 0.560058 0.0 -0.005924 1.813379 -16.771879 -0.150047 0.009085 12.845295 116.0
139 10865.0 0.048945 0.523178 0.0 -0.00087 1.813379 -16.771879 -0.150047 0.009085 12.845295 116.0
140 10865.0 0.073828 0.526491 0.0 -0.002404 1.813379 -16.771879 -0.150047 0.009085 12.845295 116.0
141 10865.0 0.055775 0.516926 0.0 0.00091 1.813379 -16.771879 -0.150047 0.009085 12.845295 116.0
142 10865.0 0.049678 0.520094 0.0 6.2e-05 1.813379 -16.771879 -0.150047 0.009085 12.845295 116.0
143 10865.0 0.048325 0.527077 0.0 -0.002056 1.813379 -16.771879 -0.150047 0.009085 12.845295 116.0
144 10865.0 0.077895 0.546561 0.0 -0.00317 1.813379 -16.771879 -0.150047 0.009085 12.845295 116.0
145 10865.0 0.086839 0.518185 0.0 -0.000121 1.813379 -16.771879 -0.150047 0.009085 12.845295 116.0
146 10865.0 0.099826 0.519501 0.0 -0.000532 1.813379 -16.771879 -0.150047 0.009085 12.845295 116.0
147 10865.0 0.09724 0.521797 0.0 -0.000872 1.813379 -16.771879 -0.150047 0.009085 12.845295 116.0
148 10865.0 0.107543 0.492918 0.0 0.007217 1.813379 -16.771879 -0.150047 0.009085 12.845295 116.0
149 10865.0 0.118063 0.515947 0.0 0.002267 1.813379 -16.771879 -0.150047 0.009085 12.845295 116.0
150 10865.0 0.118364 0.515594 0.0 0.002303 1.813379 -16.771879 -0.150047 0.009085 12.845295 116.0
151 10865.0 0.108665 0.537298 0.0 0.001448 1.813379 -16.771879 -0.150047 0.009085 12.845295 116.0
152 10865.0 0.136691 0.521161 0.0 0.005408 1.813379 -16.771879 -0.150047 0.009085 12.845295 116.0
153 10865.0 0.152461 0.53111 0.0 0.008245 1.813379 -16.771879 -0.150047 0.009085 12.845295 116.0
154 10865.0 0.146866 0.532363 0.0 0.007392 1.813379 -16.771879 -0.150047 0.009085 12.845295 116.0
155 10865.0 0.138916 0.514477 0.0 0.00555 1.813379 -16.771879 -0.150047 0.009085 12.845295 116.0
156 10865.0 0.172715 0.528804 0.0 0.011406 1.813379 -16.771879 -0.150047 0.009085 12.845295 116.0
157 10865.0 0.179015 0.512496 0.0 0.011891 1.813379 -16.771879 -0.150047 0.009085 12.845295 116.0
158 10865.0 0.200603 0.508248 0.0 0.015203 1.813379 -16.771879 -0.150047 0.009085 12.845295 116.0
159 10865.0 0.209705 0.507705 0.0 0.016706 1.813379 -16.771879 -0.150047 0.009085 12.845295 116.0
160 10865.0 0.199297 0.503675 0.0 0.015029 1.813379 -16.771879 -0.150047 0.009085 12.845295 116.0
161 10865.0 0.187801 0.515884 0.0 0.013402 1.813379 -16.771879 -0.150047 0.009085 12.845295 116.0
162 10865.0 0.199633 0.528297 0.0 0.020597 1.813379 -16.771879 -0.150047 0.009085 12.845295 116.0
163 10865.0 0.185562 0.526113 0.0 0.013372 1.813379 -16.771879 -0.150047 0.009085 12.845295 116.0
164 10865.0 0.177037 0.519581 0.0 0.011801 1.813379 -16.771879 -0.150047 0.009085 12.845295 116.0
165 10865.0 0.187541 0.504434 0.0 0.012995 1.813379 -16.771879 -0.150047 0.009085 12.845295 116.0
166 10865.0 0.191989 0.505768 0.0 0.013748 1.813379 -16.771879 -0.150047 0.009085 12.845295 116.0
167 10865.0 0.179587 0.504958 0.0 0.011741 1.813379 -16.771879 -0.150047 0.009085 12.845295 116.0
168 10865.0 0.180924 0.476897 0.0 0.014473 1.813379 -16.771879 -0.150047 0.009085 12.845295 116.0
169 10865.0 0.193202 0.497409 0.0 0.014572 1.813379 -16.771879 -0.150047 0.009085 12.845295 116.0
170 10865.0 0.216101 0.495271 0.0 0.018962 1.813379 -16.771879 -0.150047 0.009085 12.845295 116.0
171 10865.0 0.226583 0.507776 0.0 0.029134 1.813379 -16.771879 -0.150047 0.009085 12.845295 116.0
172 10865.0 0.247057 0.509985 0.0 0.045236 1.813379 -16.771879 -0.150047 0.009085 12.845295 116.0
173 10865.0 0.246322 0.503863 0.0 0.042209 1.813379 -16.771879 -0.150047 0.009085 12.845295 116.0
174 10865.0 0.248692 0.482799 0.0 0.035432 1.813379 -16.771879 -0.150047 0.009085 12.845295 116.0
175 10865.0 0.244399 0.481318 0.0 0.031642 1.813379 -16.771879 -0.150047 0.009085 12.845295 116.0
176 10865.0 0.285963 0.500021 0.0 0.070093 1.813379 -16.771879 -0.150047 0.009085 12.845295 116.0
177 10865.0 0.261407 0.524675 0.0 0.063141 1.813379 -16.771879 -0.150047 0.009085 12.845295 116.0
178 10865.0 0.256936 0.537062 0.0 0.066626 1.813379 -16.771879 -0.150047 0.009085 12.845295 116.0
179 10865.0 0.265014 0.524216 0.0 0.065491 1.813379 -16.771879 -0.150047 0.009085 12.845295 116.0
180 10865.0 0.275555 0.521487 0.0 0.071608 1.813379 -16.771879 -0.150047 0.009085 12.845295 116.0
181 10865.0 0.300684 0.529542 0.0 0.094073 1.813379 -16.771879 -0.150047 0.009085 12.845295 116.0
182 10865.0 0.310979 0.550229 0.0 0.112689 1.813379 -16.771879 -0.150047 0.009085 12.845295 116.0
183 10865.0 0.30987 0.546252 0.0 0.109737 1.813379 -16.771879 -0.150047 0.009085 12.845295 116.0
184 10865.0 0.316356 0.557018 0.0 0.120255 1.813379 -16.771879 -0.150047 0.009085 12.845295 116.0
185 10865.0 0.331886 0.562624 0.0 0.134598 1.813379 -16.771879 -0.150047 0.009085 12.845295 116.0
186 10865.0 0.352076 0.527012 0.0 0.130135 1.813379 -16.771879 -0.150047 0.009085 12.845295 116.0
187 10865.0 0.375584 0.536599 0.0 0.151855 1.813379 -16.771879 -0.150047 0.009085 12.845295 116.0
188 10865.0 0.372577 0.505863 0.0 0.136789 1.813379 -16.771879 -0.150047 0.009085 12.845295 116.0
189 10865.0 0.39218 0.529658 0.0 0.160992 1.813379 -16.771879 -0.150047 0.009085 12.845295 116.0
190 10865.0 0.405315 0.533936 0.0 0.172482 1.813379 -16.771879 -0.150047 0.009085 12.845295 116.0
191 10865.0 0.407951 0.555161 0.0 0.186208 1.813379 -16.771879 -0.150047 0.009085 12.845295 116.0
192 10865.0 0.400984 0.561529 0.0 0.1848 1.813379 -16.771879 -0.150047 0.009085 12.845295 116.0
193 10865.0 0.433424 0.513643 0.0 0.185134 1.813379 -16.771879 -0.150047 0.009085 12.845295 116.0
194 10865.0 0.454727 0.502934 0.0 0.196615 1.813379 -16.771879 -0.150047 0.009085 12.845295 116.0
195 10865.0 0.463172 0.512516 0.0 0.208011 1.813379 -16.771879 -0.150047 0.009085 12.845295 116.0
196 10865.0 0.481085 0.527387 0.0 0.232012 1.813379 -16.771879 -0.150047 0.009085 12.845295 116.0
197 10865.0 0.479948 0.52463 0.0 0.229441 1.813379 -16.771879 -0.150047 0.009085 12.845295 116.0
198 10865.0 0.486762 0.515767 0.0 0.230407 1.813379 -16.771879 -0.150047 0.009085 12.845295 116.0
199 10865.0 0.480586 0.504644 0.0 0.218777 1.813379 -16.771879 -0.150047 0.009085 12.845295 116.0
200 10865.0 0.503658 0.496922 0.0 0.234561 1.813379 -16.771879 -0.150047 0.009085 12.845295 116.0
201 10865.0 0.489991 0.504139 0.0 0.226694 1.813379 -16.771879 -0.150047 0.009085 12.845295 116.0
202 10865.0 0.506821 0.514473 0.0 0.247173 1.813379 -16.771879 -0.150047 0.009085 12.845295 116.0
203 10865.0 0.51762 0.523126 0.0 0.261516 1.813379 -16.771879 -0.150047 0.009085 12.845295 116.0
204 10865.0 0.522037 0.538659 0.0 0.274318 1.813379 -16.771879 -0.150047 0.009085 12.845295 116.0
205 10865.0 0.50666 0.544449 0.0 0.2642 1.813379 -16.771879 -0.150047 0.009085 12.845295 116.0
206 10865.0 0.521094 0.535167 0.0 0.271484 1.813379 -16.771879 -0.150047 0.009085 12.845295 116.0
207 10865.0 0.532698 0.525842 0.0 0.276267 1.813379 -16.771879 -0.150047 0.009085 12.845295 116.0
208 10865.0 0.512325 0.519592 0.0 0.25485 1.813379 -16.771879 -0.150047 0.009085 12.845295 116.0
209 10865.0 0.497825 0.510939 0.0 0.237345 1.813379 -16.771879 -0.150047 0.009085 12.845295 116.0
210 10865.0 0.469918 0.526367 0.0 0.22167 1.813379 -16.771879 -0.150047 0.009085 12.845295 116.0
211 10865.0 0.4863 0.543502 0.0 0.245847 1.813379 -16.771879 -0.150047 0.009085 12.845295 116.0
212 10865.0 0.477526 0.545976 0.0 0.239596 1.813379 -16.771879 -0.150047 0.009085 12.845295 116.0
213 10865.0 0.507302 0.543035 0.0 0.263948 1.813379 -16.771879 -0.150047 0.009085 12.845295 116.0
214 10865.0 0.483794 0.553707 0.0 0.249822 1.813379 -16.771879 -0.150047 0.009085 12.845295 116.0
215 10865.0 0.509923 0.534371 0.0 0.261255 1.813379 -16.771879 -0.150047 0.009085 12.845295 116.0
216 10865.0 0.532495 0.549889 0.0 0.289927 1.813379 -16.771879 -0.150047 0.009085 12.845295 116.0
217 10865.0 0.54343 0.548747 0.0 0.298835 1.813379 -16.771879 -0.150047 0.009085 12.845295 116.0
218 10865.0 0.556134 0.553073 0.0 0.312436 1.813379 -16.771879 -0.150047 0.009085 12.845295 116.0
219 10865.0 0.5505 0.552819 0.0 0.307361 1.813379 -16.771879 -0.150047 0.009085 12.845295 116.0
220 10865.0 0.546978 0.536986 0.0 0.29517 1.813379 -16.771879 -0.150047 0.009085 12.845295 116.0
221 10865.0 0.554652 0.554659 0.0 0.312052 1.813379 -16.771879 -0.150047 0.009085 12.845295 116.0
222 10865.0 0.582841 0.565 0.0 0.342658 1.813379 -16.771879 -0.150047 0.009085 12.845295 116.0
223 10865.0 0.584468 0.599288 0.0 0.368069 1.813379 -16.771879 -0.150047 0.009085 12.845295 116.0
224 10865.0 0.616635 0.605337 0.0 0.399793 1.813379 -16.771879 -0.150047 0.009085 12.845295 116.0
225 10865.0 0.628486 0.613265 0.0 0.415535 1.813379 -16.771879 -0.150047 0.009085 12.845295 116.0
226 10865.0 0.648626 0.624536 0.0 0.440722 1.813379 -16.771879 -0.150047 0.009085 12.845295 116.0
227 10865.0 0.611503 0.615497 0.0 0.402647 1.813379 -16.771879 -0.150047 0.009085 12.845295 116.0
228 10865.0 0.631929 0.615219 0.0 0.41986 1.813379 -16.771879 -0.150047 0.009085 12.845295 116.0
229 10865.0 0.614814 0.621952 0.0 0.410062 1.813379 -16.771879 -0.150047 0.009085 12.845295 116.0
230 10865.0 0.630763 0.632073 0.0 0.430858 1.813379 -16.771879 -0.150047 0.009085 12.845295 116.0
231 10865.0 0.650601 0.63942 0.0 0.452996 1.813379 -16.771879 -0.150047 0.009085 12.845295 116.0
232 10865.0 0.643617 0.639217 0.0 0.446898 1.813379 -16.771879 -0.150047 0.009085 12.845295 116.0
233 10865.0 0.631121 0.660403 0.0 0.45132 1.813379 -16.771879 -0.150047 0.009085 12.845295 116.0
234 10865.0 0.627725 0.663599 0.0 0.4507 1.813379 -16.771879 -0.150047 0.009085 12.845295 116.0
235 10865.0 0.654056 0.66322 0.0 0.472875 1.813379 -16.771879 -0.150047 0.009085 12.845295 116.0
236 10865.0 0.652759 0.659789 0.0 0.469328 1.813379 -16.771879 -0.150047 0.009085 12.845295 116.0
237 10865.0 0.666021 0.675414 0.0 0.49175 1.813379 -16.771879 -0.150047 0.009085 12.845295 116.0
238 10865.0 0.699943 0.679527 0.0 0.523592 1.813379 -16.771879 -0.150047 0.009085 12.845295 116.0
239 10865.0 0.693965 0.687187 0.0 0.523946 1.813379 -16.771879 -0.150047 0.009085 12.845295 116.0
240 10865.0 0.69514 0.662997 0.0 0.507736 1.813379 -16.771879 -0.150047 0.009085 12.845295 116.0
241 10865.0 0.704069 0.658444 0.0 0.512108 1.813379 -16.771879 -0.150047 0.009085 12.845295 116.0
242 10865.0 0.714581 0.649044 0.0 0.51438 1.813379 -16.771879 -0.150047 0.009085 12.845295 116.0
243 10865.0 0.702732 0.651825 0.0 0.506259 1.813379 -16.771879 -0.150047 0.009085 12.845295 116.0
244 10865.0 0.721931 0.641995 0.0 0.515631 1.813379 -16.771879 -0.150047 0.009085 12.845295 116.0
245 10865.0 0.724341 0.648257 0.0 0.522139 1.813379 -16.771879 -0.150047 0.009085 12.845295 116.0
246 10865.0 0.760985 0.656504 0.0 0.559243 1.813379 -16.771879 -0.150047 0.009085 12.845295 116.0
247 10865.0 0.748537 0.655791 0.0 0.548126 1.813379 -16.771879 -0.150047 0.009085 12.845295 116.0
248 10865.0 0.716395 0.665241 0.0 0.527451 1.813379 -16.771879 -0.150047 0.009085 12.845295 116.0
249 10865.0 0.699127 0.670087 0.0 0.51618 1.813379 -16.771879 -0.150047 0.009085 12.845295 116.0
250 10865.0 0.697468 0.665802 0.0 0.511716 1.813379 -16.771879 -0.150047 0.009085 12.845295 116.0
251 10865.0 0.692358 0.676188 0.0 0.51475 1.813379 -16.771879 -0.150047 0.009085 12.845295 116.0
252 10865.0 0.71861 0.660313 0.0 0.525832 1.813379 -16.771879 -0.150047 0.009085 12.845295 116.0
253 10865.0 0.722349 0.658216 0.0 0.527528 1.813379 -16.771879 -0.150047 0.009085 12.845295 116.0
254 10865.0 0.690216 0.676586 0.0 0.513208 1.813379 -16.771879 -0.150047 0.009085 12.845295 116.0
255 10865.0 0.699516 0.693478 0.0 0.533154 1.813379 -16.771879 -0.150047 0.009085 12.845295 116.0
256 10865.0 0.69794 0.716897 0.0 0.548474 1.813379 -16.771879 -0.150047 0.009085 12.845295 116.0
257 10865.0 0.695257 0.707061 0.0 0.539188 1.813379 -16.771879 -0.150047 0.009085 12.845295 116.0
258 10865.0 0.71377 0.704502 0.0 0.553148 1.813379 -16.771879 -0.150047 0.009085 12.845295 116.0
259 10865.0 0.736228 0.710293 0.0 0.576412 1.813379 -16.771879 -0.150047 0.009085 12.845295 116.0
260 10865.0 0.721995 0.70592 0.0 0.561168 1.813379 -16.771879 -0.150047 0.009085 12.845295 116.0
261 10865.0 0.745325 0.707461 0.0 0.582151 1.813379 -16.771879 -0.150047 0.009085 12.845295 116.0
262 10865.0 0.765545 0.690612 0.0 0.587398 1.813379 -16.771879 -0.150047 0.009085 12.845295 116.0
263 10865.0 0.781567 0.700523 0.0 0.608107 1.813379 -16.771879 -0.150047 0.009085 12.845295 116.0
264 10865.0 0.786857 0.708058 0.0 0.617978 1.813379 -16.771879 -0.150047 0.009085 12.845295 116.0
265 10865.0 0.809132 0.70862 0.0 0.637459 1.813379 -16.771879 -0.150047 0.009085 12.845295 116.0
266 10865.0 0.816301 0.711972 0.0 0.646154 1.813379 -16.771879 -0.150047 0.009085 12.845295 116.0
267 10865.0 0.820215 0.732269 0.0 0.664452 1.813379 -16.771879 -0.150047 0.009085 12.845295 116.0
268 10865.0 0.812628 0.741465 0.0 0.664599 1.813379 -16.771879 -0.150047 0.009085 12.845295 116.0
269 10865.0 0.814917 0.748973 0.0 0.672099 1.813379 -16.771879 -0.150047 0.009085 12.845295 116.0
270 10865.0 0.829035 0.769718 0.0 0.6996 1.813379 -16.771879 -0.150047 0.009085 12.845295 116.0
271 10865.0 0.824039 0.806516 0.0 0.722254 1.813379 -16.771879 -0.150047 0.009085 12.845295 116.0
272 10865.0 0.833977 0.808497 0.0 0.732353 1.813379 -16.771879 -0.150047 0.009085 12.845295 116.0
273 10865.0 0.848292 0.813133 0.0 0.748206 1.813379 -16.771879 -0.150047 0.009085 12.845295 116.0
274 10865.0 0.861012 0.820406 0.0 0.764607 1.813379 -16.771879 -0.150047 0.009085 12.845295 116.0
275 10865.0 0.882841 0.833785 0.0 0.793411 1.813379 -16.771879 -0.150047 0.009085 12.845295 116.0
276 10865.0 0.881088 0.874034 0.0 0.821417 1.813379 -16.771879 -0.150047 0.009085 12.845295 116.0
277 10865.0 0.861584 0.907241 0.0 0.828818 1.813379 -16.771879 -0.150047 0.009085 12.845295 116.0
278 10865.0 0.892848 0.924134 0.0 0.868335 1.813379 -16.771879 -0.150047 0.009085 12.845295 116.0
279 10865.0 0.866002 0.92312 0.0 0.844311 1.813379 -16.771879 -0.150047 0.009085 12.845295 116.0
280 10865.0 0.881197 0.92103 0.0 0.855995 1.813379 -16.771879 -0.150047 0.009085 12.845295 116.0
281 10865.0 0.890226 0.944718 0.0 0.880806 1.813379 -16.771879 -0.150047 0.009085 12.845295 116.0
282 10865.0 0.900513 0.976949 0.0 0.912658 1.813379 -16.771879 -0.150047 0.009085 12.845295 116.0
283 10865.0 0.917619 0.995432 0.0 0.933595 1.813379 -16.771879 -0.150047 0.009085 12.845295 116.0
284 10865.0 0.920375 1.009559 0.0 0.936429 1.813379 -16.771879 -0.150047 0.009085 12.845295 116.0
285 10865.0 0.919353 1.034893 0.0 0.936298 1.813379 -16.771879 -0.150047 0.009085 12.845295 116.0
286 10865.0 0.92136 1.02669 0.0 0.936966 1.813379 -16.771879 -0.150047 0.009085 12.845295 116.0
287 10865.0 0.911953 1.047521 0.0 0.931726 1.813379 -16.771879 -0.150047 0.009085 12.845295 116.0
