 time p.x p.y p.z deep.node-0 CV opes.bias opes.rct opes.zed opes.neff opes.nker
0 8085.0 -0.750851 1.240666 0.0 -0.915604 1.86585 -18.765993 -0.120367 0.010754 12.845295 98.0
1 8085.0 -0.763754 1.235675 0.0 -0.916156 1.86585 -18.765993 -0.120367 0.010754 12.845295 98.0
2 8085.0 -0.755335 1.20871 0.0 -0.898366 1.86585 -18.765993 -0.120367 0.010754 12.845295 98.0
3 8085.0 -0.797256 1.196838 0.0 -0.902705 1.86585 -18.765993 -0.120367 0.010754 12.845295 98.0
4 8085.0 -0.802113 1.16892 0.0 -0.88759 1.86585 -18.765993 -0.120367 0.010754 12.845295 98.0
5 8085.0 -0.813666 1.174863 0.0 -0.894208 1.86585 -18.765993 -0.120367 0.010754 12.845295 98.0
6 8085.0 -0.827611 1.152984 0.0 -0.885101 1.86585 -18.765993 -0.120367 0.010754 12.845295 98.0
7 8085.0 -0.829342 1.130676 0.0 -0.872442 1.86585 -18.765993 -0.120367 0.010754 12.845295 98.0
8 8085.0 -0.817512 1.115557 0.0 -0.86035 1.86585 -18.765993 -0.120367 0.010754 12.845295 98.0
9 8085.0 -0.821687 1.115766 0.0 -0.861601 1.86585 -18.765993 -0.120367 0.010754 12.845295 98.0
10 8085.0 -0.840153 1.108859 0.0 -0.862525 1.86585 -18.765993 -0.120367 0.010754 12.845295 98.0
11 8085.0 -0.84674 1.109646 0.0 -0.864767 1.86585 -18.765993 -0.120367 0.010754 12.845295 98.0
12 8085.0 -0.855207 1.097687 0.0 -0.860017 1.86585 -18.765993 -0.120367 0.010754 12.845295 98.0
13 8085.0 -0.868002 1.076743 0.0 -0.85115 1.86585 -18.765993 -0.120367 0.010754 12.845295 98.0
14 8085.0 -0.880477 1.059551 0.0 -0.844403 1.86585 -18.765993 -0.120367 0.010754 12.845295 98.0
15 8085.0 -0.877904 1.035187 0.0 -0.829374 1.86585 -18.765993 -0.120367 0.010754 12.845295 98.0
16 8085.0 -0.877378 1.038469 0.0 -0.831162 1.86585 -18.765993 -0.120367 0.010754 12.845295 98.0
17 8085.0 -0.886315 1.015876 0.0 -0.820213 1.86585 -18.765993 -0.120367 0.010754 12.845295 98.0
18 8085.0 -0.907315 1.022712 0.0 -0.830032 1.86585 -18.765993 -0.120367 0.010754 12.845295 98.0
19 8085.0 -0.889682 1.012099 0.0 -0.818903 1.86585 -18.765993 -0.120367 0.010754 12.845295 98.0
20 8085.0 -0.903518 0.995459 0.0 -0.81285 1.86585 -18.765993 -0.120367 0.010754 12.845295 98.0
21 8085.0 -0.906996 0.986827 0.0 -0.808677 1.86585 -18.765993 -0.120367 0.010754 12.845295 98.0
22 8085.0 -0.887922 0.963264 0.0 -0.789296 1.86585 -18.765993 -0.120367 0.010754 12.845295 98.0
23 8085.0 -0.925552 0.947085 0.0 -0.790081 1.86585 -18.765993 -0.120367 0.010754 12.845295 98.0
24 8085.0 -0.907226 0.924848 0.0 -0.765635 1.86585 -18.765993 -0.120367 0.010754 12.845295 98.0
25 8085.0 -0.907987 0.924016 0.0 -0.765162 1.86585 -18.765993 -0.120367 0.010754 12.845295 98.0
26 8085.0 -0.921819 0.905314 0.0 -0.753552 1.86585 -18.765993 -0.120367 0.010754 12.845295 98.0
27 8085.0 -0.927643 0.904019 0.0 -0.754245 1.86585 -18.765993 -0.120367 0.010754 12.845295 98.0
28 8085.0 -0.934593 0.889869 0.0 -0.744378 1.86585 -18.765993 -0.120367 0.010754 12.845295 98.0
29 8085.0 -0.955386 0.867604 0.0 -0.731885 1.86585 -18.765993 -0.120367 0.010754 12.845295 98.0
30 8085.0 -0.958536 0.820832 0.0 -0.692639 1.86585 -18.765993 -0.120367 0.010754 12.845295 98.0
31 8085.0 -0.942185 0.819045 0.0 -0.685567 1.86585 -18.765993 -0.120367 0.010754 12.845295 98.0
32 8085.0 -0.909289 0.807919 0.0 -0.664771 1.86585 -18.765993 -0.120367 0.010754 12.845295 98.0
33 8085.0 -0.898993 0.792677 0.0 -0.648007 1.86585 -18.765993 -0.120367 0.010754 12.845295 98.0
34 8085.0 -0.914986 0.765053 0.0 -0.629368 1.86585 -18.765993 -0.120367 0.010754 12.845295 98.0
35 8085.0 -0.919391 0.764125 0.0 -0.63005 1.86585 -18.765993 -0.120367 0.010754 12.845295 98.0
36 8085.0 -0.943362 0.738522 0.0 -0.615892 1.86585 -18.765993 -0.120367 0.010754 12.845295 98.0
37 8085.0 -0.951702 0.733957 0.0 -0.614742 1.86585 -18.765993 -0.120367 0.010754 12.845295 98.0
38 8085.0 -0.948691 0.74826 0.0 -0.626157 1.86585 -18.765993 -0.120367 0.010754 12.845295 98.0
39 8085.0 -0.924362 0.723601 0.0 -0.596506 1.86585 -18.765993 -0.120367 0.010754 12.845295 98.0
40 8085.0 -0.902063 0.726955 0.0 -0.59189 1.86585 -18.765993 -0.120367 0.010754 12.845295 98.0
41 8085.0 -0.918316 0.73357 0.0 -0.603128 1.86585 -18.765993 -0.120367 0.010754 12.845295 98.0
42 8085.0 -0.91442 0.693962 0.0 -0.564107 1.86585 -18.765993 -0.120367 0.010754 12.845295 98.0
43 8085.0 -0.90626 0.705291 0.0 -0.57343 1.86585 -18.765993 -0.120367 0.010754 12.845295 98.0
44 8085.0 -0.88884 0.680517 0.0 -0.539563 1.86585 -18.765993 -0.120367 0.010754 12.845295 98.0
45 8085.0 -0.857987 0.665476 0.0 -0.51125 1.86585 -18.765993 -0.120367 0.010754 12.845295 98.0
46 8085.0 -0.885675 0.671514 0.0 -0.528465 1.86585 -18.765993 -0.120367 0.010754 12.845295 98.0
47 8085.0 -0.875645 0.670609 0.0 -0.523637 1.86585 -18.765993 -0.120367 0.010754 12.845295 98.0
48 8085.0 -0.869806 0.673247 0.0 -0.524302 1.86585 -18.765993 -0.120367 0.010754 12.845295 98.0
49 8085.0 -0.854552 0.683752 0.0 -0.530008 1.86585 -18.765993 -0.120367 0.010754 12.845295 98.0
50 8085.0 -0.849197 0.696972 0.0 -0.542479 1.86585 -18.765993 -0.120367 0.010754 12.845295 98.0
51 8085.0 -0.84533 0.706266 0.0 -0.551208 1.86585 -18.765993 -0.120367 0.010754 12.845295 98.0
52 8085.0 -0.84165 0.683845 0.0 -0.525178 1.86585 -18.765993 -0.120367 0.010754 12.845295 98.0
53 8085.0 -0.829167 0.681614 0.0 -0.517955 1.86585 -18.765993 -0.120367 0.010754 12.845295 98.0
54 8085.0 -0.815799 0.666096 0.0 -0.495335 1.86585 -18.765993 -0.120367 0.010754 12.845295 98.0
55 8085.0 -0.815058 0.668674 0.0 -0.497912 1.86585 -18.765993 -0.120367 0.010754 12.845295 98.0
56 8085.0 -0.786967 0.676738 0.0 -0.495305 1.86585 -18.765993 -0.120367 0.010754 12.845295 98.0
57 8085.0 -0.788346 0.677977 0.0 -0.497262 1.86585 -18.765993 -0.120367 0.010754 12.845295 98.0
58 8085.0 -0.793471 0.670097 0.0 -0.490572 1.86585 -18.765993 -0.120367 0.010754 12.845295 98.0
59 8085.0 -0.807452 0.66249 0.0 -0.487851 1.86585 -18.765993 -0.120367 0.010754 12.845295 98.0
60 8085.0 -0.791555 0.654032 0.0 -0.471815 1.86585 -18.765993 -0.120367 0.010754 12.845295 98.0
61 8085.0 -0.772874 0.664189 0.0 -0.475443 1.86585 -18.765993 -0.120367 0.010754 12.845295 98.0
62 8085.0 -0.748462 0.661529 0.0 -0.462368 1.86585 -18.765993 -0.120367 0.010754 12.845295 98.0
63 8085.0 -0.735214 0.650547 0.0 -0.444606 1.86585 -18.765993 -0.120367 0.010754 12.845295 98.0
64 8085.0 -0.730331 0.641373 0.0 -0.432329 1.86585 -18.765993 -0.120367 0.010754 12.845295 98.0
65 8085.0 -0.747205 0.606354 0.0 -0.400285 1.86585 -18.765993 -0.120367 0.010754 12.845295 98.0
66 8085.0 -0.707448 0.593271 0.0 -0.369074 1.86585 -18.765993 -0.120367 0.010754 12.845295 98.0
67 8085.0 -0.698864 0.572227 0.0 -0.344037 1.86585 -18.765993 -0.120367 0.010754 12.845295 98.0
68 8085.0 -0.685479 0.575481 0.0 -0.340777 1.86585 -18.765993 -0.120367 0.010754 12.845295 98.0
69 8085.0 -0.679453 0.596875 0.0 -0.361521 1.86585 -18.765993 -0.120367 0.010754 12.845295 98.0
70 8085.0 -0.683558 0.597026 0.0 -0.363388 1.86585 -18.765993 -0.120367 0.010754 12.845295 98.0
71 8085.0 -0.695237 0.568695 0.0 -0.338875 1.86585 -18.765993 -0.120367 0.010754 12.845295 98.0
72 8085.0 -0.694355 0.557224 0.0 -0.327333 1.86585 -18.765993 -0.120367 0.010754 12.845295 98.0
73 8085.0 -0.690703 0.554077 0.0 -0.322532 1.86585 -18.765993 -0.120367 0.010754 12.845295 98.0
74 8085.0 -0.68464 0.561896 0.0 -0.327207 1.86585 -18.765993 -0.120367 0.010754 12.845295 98.0
75 8085.0 -0.706334 0.563066 0.0 -0.338736 1.86585 -18.765993 -0.120367 0.010754 12.845295 98.0
76 8085.0 -0.683834 0.576249 0.0 -0.340734 1.86585 -18.765993 -0.120367 0.010754 12.845295 98.0
77 8085.0 -0.673295 0.545016 0.0 -0.302026 1.86585 -18.765993 -0.120367 0.010754 12.845295 98.0
78 8085.0 -0.650656 0.54556 0.0 -0.288924 1.86585 -18.765993 -0.120367 0.010754 12.845295 98.0
79 8085.0 -0.626651 0.530278 0.0 -0.25508 1.86585 -18.765993 -0.120367 0.010754 12.845295 98.0
80 8085.0 -0.623062 0.54653 0.0 -0.273327 1.86585 -18.765993 -0.120367 0.010754 12.845295 98.0
81 8085.0 -0.616943 0.532325 0.0 -0.249921 1.86585 -18.765993 -0.120367 0.010754 12.845295 98.0
82 8085.0 -0.640952 0.55207 0.0 -0.290925 1.86585 -18.765993 -0.120367 0.010754 12.845295 98.0
83 8085.0 -0.615426 0.570484 0.0 -0.300738 1.86585 -18.765993 -0.120367 0.010754 12.845295 98.0
84 8085.0 -0.612632 0.549489 0.0 -0.270781 1.86585 -18.765993 -0.120367 0.010754 12.845295 98.0
85 8085.0 -0.603608 0.553838 0.0 -0.271362 1.86585 -18.765993 -0.120367 0.010754 12.845295 98.0
86 8085.0 -0.61466 0.554424 0.0 -0.27857 1.86585 -18.765993 -0.120367 0.010754 12.845295 98.0
87 8085.0 -0.611734 0.553748 0.0 -0.276057 1.86585 -18.765993 -0.120367 0.010754 12.845295 98.0
88 8085.0 -0.606079 0.536954 0.0 -0.247222 1.86585 -18.765993 -0.120367 0.010754 12.845295 98.0
89 8085.0 -0.580231 0.535077 0.0 -0.218872 1.86585 -18.765993 -0.120367 0.010754 12.845295 98.0
90 8085.0 -0.575862 0.503377 0.0 -0.166693 1.86585 -18.765993 -0.120367 0.010754 12.845295 98.0
91 8085.0 -0.561101 0.519825 0.0 -0.178248 1.86585 -18.765993 -0.120367 0.010754 12.845295 98.0
92 8085.0 -0.543043 0.523375 0.0 -0.170578 1.86585 -18.765993 -0.120367 0.010754 12.845295 98.0
93 8085.0 -0.516213 0.537233 0.0 -0.171185 1.86585 -18.765993 -0.120367 0.010754 12.845295 98.0
94 8085.0 -0.499625 0.522998 0.0 -0.140455 1.86585 -18.765993 -0.120367 0.010754 12.845295 98.0
95 8085.0 -0.504889 0.526243 0.0 -0.148471 1.86585 -18.765993 -0.120367 0.010754 12.845295 98.0
96 8085.0 -0.505107 0.51898 0.0 -0.138713 1.86585 -18.765993 -0.120367 0.010754 12.845295 98.0
97 8085.0 -0.490806 0.526398 0.0 -0.139078 1.86585 -18.765993 -0.120367 0.010754 12.845295 98.0
98 8085.0 -0.481924 0.52057 0.0 -0.126238 1.86585 -18.765993 -0.120367 0.010754 12.845295 98.0
99 8085.0 -0.474846 0.540731 0.0 -0.147745 1.86585 -18.765993 -0.120367 0.010754 12.845295 98.0
100 8085.0 -0.473744 0.535906 0.0 -0.140412 1.86585 -18.765993 -0.120367 0.010754 12.845295 98.0
101 8085.0 -0.462486 0.537152 0.0 -0.134502 1.86585 -18.765993 -0.120367 0.010754 12.845295 98.0
102 8085.0 -0.437828 0.550434 0.0 -0.137595 1.86585 -18.765993 -0.120367 0.010754 12.845295 98.0
103 8085.0 -0.420984 0.547127 0.0 -0.127909 1.86585 -18.765993 -0.120367 0.010754 12.845295 98.0
104 8085.0 -0.420892 0.554775 0.0 -0.135163 1.86585 -18.765993 -0.120367 0.010754 12.845295 98.0
105 8085.0 -0.423461 0.585283 0.0 -0.173473 1.86585 -18.765993 -0.120367 0.010754 12.845295 98.0
106 8085.0 -0.3773 0.561256 0.0 -0.124428 1.86585 -18.765993 -0.120367 0.010754 12.845295 98.0
107 8085.0 -0.359699 0.539316 0.0 -0.096689 1.86585 -18.765993 -0.120367 0.010754 12.845295 98.0
108 8085.0 -0.356323 0.546347 0.0 -0.10208 1.86585 -18.765993 -0.120367 0.010754 12.845295 98.0
109 8085.0 -0.374646 0.515031 0.0 -0.07934 1.86585 -18.765993 -0.120367 0.010754 12.845295 98.0
110 8085.0 -0.37961 0.494241 0.0 -0.061451 1.86585 -18.765993 -0.120367 0.010754 12.845295 98.0
111 8085.0 -0.375768 0.493763 0.0 -0.059505 1.86585 -18.765993 -0.120367 0.010754 12.845295 98.0
112 8085.0 -0.348612 0.518542 0.0 -0.072587 1.86585 -18.765993 -0.120367 0.010754 12.845295 98.0
113 8085.0 -0.372763 0.506615 0.0 -0.070589 1.86585 -18.765993 -0.120367 0.010754 12.845295 98.0
114 8085.0 -0.380529 0.532501 0.0 -0.098274 1.86585 -18.765993 -0.120367 0.010754 12.845295 98.0
115 8085.0 -0.393175 0.535128 0.0 -0.105684 1.86585 -18.765993 -0.120367 0.010754 12.845295 98.0
116 8085.0 -0.369924 0.549134 0.0 -0.110013 1.86585 -18.765993 -0.120367 0.010754 12.845295 98.0
117 8085.0 -0.353547 0.546423 0.0 -0.101076 1.86585 -18.765993 -0.120367 0.010754 12.845295 98.0
118 8085.0 -0.341857 0.549529 0.0 -0.099502 1.86585 -18.765993 -0.120367 0.010754 12.845295 98.0
119 8085.0 -0.338045 0.520757 0.0 -0.070599 1.86585 -18.765993 -0.120367 0.010754 12.845295 98.0
120 8085.0 -0.325447 0.506524 0.0 -0.052146 1.86585 -18.765993 -0.120367 0.010754 12.845295 98.0
121 8085.0 -0.331561 0.505784 0.0 -0.053812 1.86585 -18.765993 -0.120367 0.010754 12.845295 98.0
122 8085.0 -0.326803 0.519717 0.0 -0.065247 1.86585 -18.765993 -0.120367 0.010754 12.845295 98.0
123 8085.0 -0.331048 0.528698 0.0 -0.075454 1.86585 -18.765993 -0.120367 0.010754 12.845295 98.0
124 8085.0 -0.310283 0.535857 0.0 -0.074222 1.86585 -18.765993 -0.120367 0.010754 12.845295 98.0
125 8085.0 -0.321304 0.51665 0.0 -0.06019 1.86585 -18.765993 -0.120367 0.010754 12.845295 98.0
126 8085.0 -0.319879 0.536559 0.0 -0.078613 1.86585 -18.765993 -0.120367 0.010754 12.845295 98.0
127 8085.0 -0.310261 0.523659 0.0 -0.062587 1.86585 -18.765993 -0.120367 0.010754 12.845295 98.0
128 8085.0 -0.278682 0.523905 0.0 -0.050571 1.86585 -18.765993 -0.120367 0.010754 12.845295 98.0
129 8085.0 -0.262528 0.523498 0.0 -0.043915 1.86585 -18.765993 -0.120367 0.010754 12.845295 98.0
130 8085.0 -0.245766 0.510259 0.0 -0.027941 1.86585 -18.765993 -0.120367 0.010754 12.845295 98.0
131 8085.0 -0.259347 0.532537 0.0 -0.051297 1.86585 -18.765993 -0.120367 0.010754 12.845295 98.0
132 8085.0 -0.255143 0.522197 0.0 -0.040449 1.86585 -18.765993 -0.120367 0.010754 12.845295 98.0
133 8085.0 -0.256177 0.497347 0.0 -0.020766 1.86585 -18.765993 -0.120367 0.010754 12.845295 98.0
134 8085.0 -0.247237 0.498616 0.0 -0.019024 1.86585 -18.765993 -0.120367 0.010754 12.845295 98.0
135 8085.0 -0.257593 0.492711 0.0 -0.017472 1.86585 -18.765993 -0.120367 0.010754 12.845295 98.0
136 8085.0 -0.231243 0.497345 0.0 -0.013055 1.86585 -18.765993 -0.120367 0.010754 12.845295 98.0
137 8085.0 -0.224887 0.485732 0.0 -0.001743 1.86585 -18.765993 -0.120367 0.010754 12.845295 98.0
138 8085.0 -0.209663 0.496702 0.0 -0.005866 1.86585 -18.765993 -0.120367 0.010754 12.845295 98.0
139 8085.0 -0.219046 0.484114 0.0 0.001366 1.86585 -18.765993 -0.120367 0.010754 12.845295 98.0
140 8085.0 -0.241458 0.469155 0.0 0.006478 1.86585 -18.765993 -0.120367 0.010754 12.845295 98.0
141 8085.0 -0.20995 0.480294 0.0 0.007253 1.86585 -18.765993 -0.120367 0.010754 12.845295 98.0
142 8085.0 -0.21006 0.470577 0.0 0.01504 1.86585 -18.765993 -0.120367 0.010754 12.845295 98.0
143 8085.0 -0.1896 0.475882 0.0 0.017096 1.86585 -18.765993 -0.120367 0.010754 12.845295 98.0
144 8085.0 -0.216738 0.496924 0.0 -0.008232 1.86585 -18.765993 -0.120367 0.010754 12.845295 98.0
145 8085.0 -0.224274 0.503101 0.0 -0.015535 1.86585 -18.765993 -0.120367 0.010754 12.845295 98.0
146 8085.0 -0.21235 0.510961 0.0 -0.018174 1.86585 -18.765993 -0.120367 0.010754 12.845295 98.0
147 8085.0 -0.212567 0.514293 0.0 -0.020924 1.86585 -18.765993 -0.120367 0.010754 12.845295 98.0
148 8085.0 -0.198582 0.532351 0.0 -0.031135 1.86585 -18.765993 -0.120367 0.010754 12.845295 98.0
149 8085.0 -0.18808 0.539993 0.0 -0.034041 1.86585 -18.765993 -0.120367 0.010754 12.845295 98.0
150 8085.0 -0.177051 0.541576 0.0 -0.031905 1.86585 -18.765993 -0.120367 0.010754 12.845295 98.0
151 8085.0 -0.159169 0.502697 0.0 0.00492 1.86585 -18.765993 -0.120367 0.010754 12.845295 98.0
152 8085.0 -0.156458 0.509451 0.0 0.000321 1.86585 -18.765993 -0.120367 0.010754 12.845295 98.0
153 8085.0 -0.124086 0.520003 0.0 0.000756 1.86585 -18.765993 -0.120367 0.010754 12.845295 98.0
154 8085.0 -0.143684 0.517958 0.0 -0.002577 1.86585 -18.765993 -0.120367 0.010754 12.845295 98.0
155 8085.0 -0.147318 0.509966 0.0 0.002732 1.86585 -18.765993 -0.120367 0.010754 12.845295 98.0
156 8085.0 -0.131269 0.498609 0.0 0.013844 1.86585 -18.765993 -0.120367 0.010754 12.845295 98.0
157 8085.0 -0.115251 0.47625 0.0 0.024752 1.86585 -18.765993 -0.120367 0.010754 12.845295 98.0
158 8085.0 -0.109103 0.491698 0.0 0.01835 1.86585 -18.765993 -0.120367 0.010754 12.845295 98.0
159 8085.0 -0.116417 0.49501 0.0 0.01751 1.86585 -18.765993 -0.120367 0.010754 12.845295 98.0
160 8085.0 -0.108427 0.494322 0.0 0.017286 1.86585 -18.765993 -0.120367 0.010754 12.845295 98.0
161 8085.0 -0.112105 0.479111 0.0 0.023443 1.86585 -18.765993 -0.120367 0.010754 12.845295 98.0
162 8085.0 -0.083224 0.496338 0.0 0.014947 1.86585 -18.765993 -0.120367 0.010754 12.845295 98.0
163 8085.0 -0.082839 0.503782 0.0 0.012021 1.86585 -18.765993 -0.120367 0.010754 12.845295 98.0
164 8085.0 -0.065693 0.514453 0.0 0.006804 1.86585 -18.765993 -0.120367 0.010754 12.845295 98.0
165 8085.0 -0.055261 0.522541 0.0 0.003008 1.86585 -18.765993 -0.120367 0.010754 12.845295 98.0
166 8085.0 -0.038132 0.518873 0.0 0.003383 1.86585 -18.765993 -0.120367 0.010754 12.845295 98.0
167 8085.0 -0.029068 0.517499 0.0 0.00336 1.86585 -18.765993 -0.120367 0.010754 12.845295 98.0
168 8085.0 -0.002581 0.522068 0.0 0.000538 1.86585 -18.765993 -0.120367 0.010754 12.845295 98.0
169 8085.0 0.024084 0.486528 0.0 0.012162 1.86585 -18.765993 -0.120367 0.010754 12.845295 98.0
170 8085.0 0.049326 0.482 0.0 0.012372 1.86585 -18.765993 -0.120367 0.010754 12.845295 98.0
171 8085.0 0.042589 0.45593 0.0 0.024323 1.86585 -18.765993 -0.120367 0.010754 12.845295 98.0
172 8085.0 0.062516 0.460273 0.0 0.021339 1.86585 -18.765993 -0.120367 0.010754 12.845295 98.0
173 8085.0 0.074862 0.459264 0.0 0.021149 1.86585 -18.765993 -0.120367 0.010754 12.845295 98.0
174 8085.0 0.050085 0.459657 0.0 0.022262 1.86585 -18.765993 -0.120367 0.010754 12.845295 98.0
175 8085.0 0.062218 0.478311 0.0 0.013266 1.86585 -18.765993 -0.120367 0.010754 12.845295 98.0
176 8085.0 0.066446 0.498753 0.0 0.006275 1.86585 -18.765993 -0.120367 0.010754 12.845295 98.0
177 8085.0 0.087619 0.524791 0.0 -0.002167 1.86585 -18.765993 -0.120367 0.010754 12.845295 98.0
178 8085.0 0.08955 0.515953 0.0 0.000509 1.86585 -18.765993 -0.120367 0.010754 12.845295 98.0
179 8085.0 0.088152 0.5108 0.0 0.002122 1.86585 -18.765993 -0.120367 0.010754 12.845295 98.0
180 8085.0 0.09342 0.504771 0.0 0.003866 1.86585 -18.765993 -0.120367 0.010754 12.845295 98.0
181 8085.0 0.104718 0.511905 0.0 0.001439 1.86585 -18.765993 -0.120367 0.010754 12.845295 98.0
182 8085.0 0.097868 0.535462 0.0 -0.000335 1.86585 -18.765993 -0.120367 0.010754 12.845295 98.0
183 8085.0 0.097223 0.550822 0.0 5.4e-05 1.86585 -18.765993 -0.120367 0.010754 12.845295 98.0
184 8085.0 0.081863 0.544503 0.0 -0.002601 1.86585 -18.765993 -0.120367 0.010754 12.845295 98.0
185 8085.0 0.086071 0.524619 0.0 -0.002082 1.86585 -18.765993 -0.120367 0.010754 12.845295 98.0
186 8085.0 0.09975 0.5082 0.0 0.002681 1.86585 -18.765993 -0.120367 0.010754 12.845295 98.0
187 8085.0 0.112968 0.526201 0.0 0.001781 1.86585 -18.765993 -0.120367 0.010754 12.845295 98.0
188 8085.0 0.122704 0.540204 0.0 0.003784 1.86585 -18.765993 -0.120367 0.010754 12.845295 98.0
189 8085.0 0.116297 0.551494 0.0 0.003121 1.86585 -18.765993 -0.120367 0.010754 12.845295 98.0
190 8085.0 0.117688 0.561947 0.0 0.003678 1.86585 -18.765993 -0.120367 0.010754 12.845295 98.0
191 8085.0 0.126696 0.557251 0.0 0.004966 1.86585 -18.765993 -0.120367 0.010754 12.845295 98.0
192 8085.0 0.142651 0.535027 0.0 0.006804 1.86585 -18.765993 -0.120367 0.010754 12.845295 98.0
193 8085.0 0.174995 0.518636 0.0 0.011445 1.86585 -18.765993 -0.120367 0.010754 12.845295 98.0
194 8085.0 0.17231 0.52605 0.0 0.011254 1.86585 -18.765993 -0.120367 0.010754 12.845295 98.0
195 8085.0 0.198444 0.537346 0.0 0.02464 1.86585 -18.765993 -0.120367 0.010754 12.845295 98.0
196 8085.0 0.196614 0.516493 0.0 0.014829 1.86585 -18.765993 -0.120367 0.010754 12.845295 98.0
197 8085.0 0.228163 0.516092 0.0 0.034544 1.86585 -18.765993 -0.120367 0.010754 12.845295 98.0
198 8085.0 0.266664 0.51317 0.0 0.061089 1.86585 -18.765993 -0.120367 0.010754 12.845295 98.0
199 8085.0 0.280378 0.506442 0.0 0.068547 1.86585 -18.765993 -0.120367 0.010754 12.845295 98.0
200 8085.0 0.297935 0.506902 0.0 0.081773 1.86585 -18.765993 -0.120367 0.010754 12.845295 98.0
201 8085.0 0.304275 0.485444 0.0 0.077785 1.86585 -18.765993 -0.120367 0.010754 12.845295 98.0
202 8085.0 0.283665 0.503018 0.0 0.069601 1.86585 -18.765993 -0.120367 0.010754 12.845295 98.0
203 8085.0 0.320766 0.504271 0.0 0.097664 1.86585 -18.765993 -0.120367 0.010754 12.845295 98.0
204 8085.0 0.313875 0.518319 0.0 0.098239 1.86585 -18.765993 -0.120367 0.010754 12.845295 98.0
205 8085.0 0.337858 0.523367 0.0 0.118098 1.86585 -18.765993 -0.120367 0.010754 12.845295 98.0
206 8085.0 0.337728 0.538294 0.0 0.125499 1.86585 -18.765993 -0.120367 0.010754 12.845295 98.0
207 8085.0 0.324851 0.527399 0.0 0.110324 1.86585 -18.765993 -0.120367 0.010754 12.845295 98.0
208 8085.0 0.327734 0.51792 0.0 0.108371 1.86585 -18.765993 -0.120367 0.010754 12.845295 98.0
209 8085.0 0.317425 0.530408 0.0 0.106603 1.86585 -18.765993 -0.120367 0.010754 12.845295 98.0
210 8085.0 0.333087 0.523593 0.0 0.114646 1.86585 -18.765993 -0.120367 0.010754 12.845295 98.0
211 8085.0 0.365113 0.489074 0.0 0.124441 1.86585 -18.765993 -0.120367 0.010754 12.845295 98.0
212 8085.0 0.381371 0.477104 0.0 0.131664 1.86585 -18.765993 -0.120367 0.010754 12.845295 98.0
213 8085.0 0.385944 0.49196 0.0 0.141082 1.86585 -18.765993 -0.120367 0.010754 12.845295 98.0
214 8085.0 0.38659 0.513135 0.0 0.150144 1.86585 -18.765993 -0.120367 0.010754 12.845295 98.0
215 8085.0 0.402337 0.530775 0.0 0.168989 1.86585 -18.765993 -0.120367 0.010754 12.845295 98.0
216 8085.0 0.41621 0.528409 0.0 0.178333 1.86585 -18.765993 -0.120367 0.010754 12.845295 98.0
217 8085.0 0.413702 0.502006 0.0 0.165769 1.86585 -18.765993 -0.120367 0.010754 12.845295 98.0
218 8085.0 0.434112 0.52655 0.0 0.190876 1.86585 -18.765993 -0.120367 0.010754 12.845295 98.0
219 8085.0 0.464503 0.514433 0.0 0.210248 1.86585 -18.765993 -0.120367 0.010754 12.845295 98.0
220 8085.0 0.469994 0.535705 0.0 0.227098 1.86585 -18.765993 -0.120367 0.010754 12.845295 98.0
221 8085.0 0.476877 0.526703 0.0 0.227938 1.86585 -18.765993 -0.120367 0.010754 12.845295 98.0
222 8085.0 0.499866 0.553105 0.0 0.263239 1.86585 -18.765993 -0.120367 0.010754 12.845295 98.0
223 8085.0 0.517123 0.52427 0.0 0.26174 1.86585 -18.765993 -0.120367 0.010754 12.845295 98.0
224 8085.0 0.551508 0.545028 0.0 0.303761 1.86585 -18.765993 -0.120367 0.010754 12.845295 98.0
225 8085.0 0.564933 0.535652 0.0 0.310107 1.86585 -18.765993 -0.120367 0.010754 12.845295 98.0
226 8085.0 0.554426 0.539668 0.0 0.303228 1.86585 -18.765993 -0.120367 0.010754 12.845295 98.0
227 8085.0 0.581299 0.569731 0.0 0.344338 1.86585 -18.765993 -0.120367 0.010754 12.845295 98.0
228 8085.0 0.586233 0.565462 0.0 0.345891 1.86585 -18.765993 -0.120367 0.010754 12.845295 98.0
229 8085.0 0.627 0.551617 0.0 0.373582 1.86585 -18.765993 -0.120367 0.010754 12.845295 98.0
230 8085.0 0.625861 0.581436 0.0 0.390651 1.86585 -18.765993 -0.120367 0.010754 12.845295 98.0
231 8085.0 0.643251 0.613831 0.0 0.428523 1.86585 -18.765993 -0.120367 0.010754 12.845295 98.0
232 8085.0 0.636857 0.619461 0.0 0.427079 1.86585 -18.765993 -0.120367 0.010754 12.845295 98.0
233 8085.0 0.648844 0.638248 0.0 0.450664 1.86585 -18.765993 -0.120367 0.010754 12.845295 98.0
234 8085.0 0.647983 0.64103 0.0 0.45191 1.86585 -18.765993 -0.120367 0.010754 12.845295 98.0
235 8085.0 0.680871 0.641808 0.0 0.480496 1.86585 -18.765993 -0.120367 0.010754 12.845295 98.0
236 8085.0 0.661201 0.632424 0.0 0.457053 1.86585 -18.765993 -0.120367 0.010754 12.845295 98.0
237 8085.0 0.670773 0.643697 0.0 0.473233 1.86585 -18.765993 -0.120367 0.010754 12.845295 98.0
238 8085.0 0.689924 0.64747 0.0 0.492243 1.86585 -18.765993 -0.120367 0.010754 12.845295 98.0
239 8085.0 0.68933 0.649415 0.0 0.493121 1.86585 -18.765993 -0.120367 0.010754 12.845295 98.0
240 8085.0 0.71635 0.646334 0.0 0.51396 1.86585 -18.765993 -0.120367 0.010754 12.845295 98.0
241 8085.0 0.718684 0.661769 0.0 0.526932 1.86585 -18.765993 -0.120367 0.010754 12.845295 98.0
242 8085.0 0.715085 0.67402 0.0 0.532581 1.86585 -18.765993 -0.120367 0.010754 12.845295 98.0
243 8085.0 0.703598 0.693327 0.0 0.536526 1.86585 -18.765993 -0.120367 0.010754 12.845295 98.0
244 8085.0 0.718322 0.704273 0.0 0.556865 1.86585 -18.765993 -0.120367 0.010754 12.845295 98.0
245 8085.0 0.755463 0.719585 0.0 0.599419 1.86585 -18.765993 -0.120367 0.010754 12.845295 98.0
246 8085.0 0.767868 0.732201 0.0 0.618969 1.86585 -18.765993 -0.120367 0.010754 12.845295 98.0
247 8085.0 0.799466 0.742978 0.0 0.65426 1.86585 -18.765993 -0.120367 0.010754 12.845295 98.0
248 8085.0 0.77233 0.766418 0.0 0.647855 1.86585 -18.765993 -0.120367 0.010754 12.845295 98.0
249 8085.0 0.786044 0.798756 0.0 0.68351 1.86585 -18.765993 -0.120367 0.010754 12.845295 98.0
250 8085.0 0.794644 0.795012 0.0 0.688245 1.86585 -18.765993 -0.120367 0.010754 12.845295 98.0
251 8085.0 0.812909 0.829042 0.0 0.7291 1.86585 -18.765993 -0.120367 0.010754 12.845295 98.0
252 8085.0 0.827823 0.797994 0.0 0.719293 1.86585 -18.765993 -0.120367 0.010754 12.845295 98.0
253 8085.0 0.830502 0.797223 0.0 0.721057 1.86585 -18.765993 -0.120367 0.010754 12.845295 98.0
254 8085.0 0.82568 0.81318 0.0 0.728571 1.86585 -18.765993 -0.120367 0.010754 12.845295 98.0
255 8085.0 0.814565 0.820958 0.0 0.72461 1.86585 -18.765993 -0.120367 0.010754 12.845295 98.0
256 8085.0 0.843568 0.787304 0.0 0.725146 1.86585 -18.765993 -0.120367 0.010754 12.845295 98.0
257 8085.0 0.833434 0.817472 0.0 0.738465 1.86585 -18.765993 -0.120367 0.010754 12.845295 98.0
258 8085.0 0.828231 0.824873 0.0 0.73937 1.86585 -18.765993 -0.120367 0.010754 12.845295 98.0
259 8085.0 0.83517 0.842786 0.0 0.758549 1.86585 -18.765993 -0.120367 0.010754 12.845295 98.0
260 8085.0 0.84932 0.871968 0.0 0.792269 1.86585 -18.765993 -0.120367 0.010754 12.845295 98.0
261 8085.0 0.870616 0.888697 0.0 0.823067 1.86585 -18.765993 -0.120367 0.010754 12.845295 98.0
262 8085.0 0.894729 0.880554 0.0 0.838067 1.86585 -18.765993 -0.120367 0.010754 12.845295 98.0
263 8085.0 0.91296 0.893349 0.0 0.863314 1.86585 -18.765993 -0.120367 0.010754 12.845295 98.0
264 8085.0 0.920477 0.924019 0.0 0.889151 1.86585 -18.765993 -0.120367 0.010754 12.845295 98.0
265 8085.0 0.925232 0.915482 0.0 0.885033 1.86585 -18.765993 -0.120367 0.010754 12.845295 98.0
266 8085.0 0.919188 0.943074 0.0 0.902349 1.86585 -18.765993 -0.120367 0.010754 12.845295 98.0
267 8085.0 0.912962 0.934384 0.0 0.892885 1.86585 -18.765993 -0.120367 0.010754 12.845295 98.0
268 8085.0 0.93631 0.930684 0.0 0.900769 1.86585 -18.765993 -0.120367 0.010754 12.845295 98.0
269 8085.0 0.917862 0.961954 0.0 0.915406 1.86585 -18.765993 -0.120367 0.010754 12.845295 98.0
270 8085.0 0.915789 0.984655 0.0 0.92893 1.86585 -18.765993 -0.120367 0.010754 12.845295 98.0
271 8085.0 0.904056 1.008906 0.0 0.924687 1.86585 -18.765993 -0.120367 0.010754 12.845295 98.0
272 8085.0 0.898017 1.030174 0.0 0.919605 1.86585 -18.765993 -0.120367 0.010754 12.845295 98.0
273 8085.0 0.935781 1.042385 0.0 0.943432 1.86585 -18.765993 -0.120367 0.010754 12.845295 98.0
274 8085.0 0.960071 1.064364 0.0 0.954225 1.86585 -18.765993 -0.120367 0.010754 12.845295 98.0
275 8085.0 0.969059 1.078602 0.0 0.958354 1.86585 -18.765993 -0.120367 0.010754 12.845295 98.0
276 8085.0 0.94448 1.078575 0.0 0.947929 1.86585 -18.765993 -0.120367 0.010754 12.845295 98.0
277 8085.0 0.948675 1.090651 0.0 0.949978 1.86585 -18.765993 -0.120367 0.010754 12.845295 98.0
278 8085.0 0.941884 1.088474 0.0 0.947049 1.86585 -18.765993 -0.120367 0.010754 12.845295 98.0
279 8085.0 0.93664 1.090148 0.0 0.944862 1.86585 -18.765993 -0.120367 0.010754 12.845295 98.0
280 8085.0 0.958995 1.110157 0.0 0.95479 1.86585 -18.765993 -0.120367 0.010754 12.845295 98.0
281 8085.0 0.966713 1.096212 0.0 0.957752 1.86585 -18.765993 -0.120367 0.010754 12.845295 98.0
282 8085.0 0.983826 1.138085 0.0 0.965944 1.86585 -18.765993 -0.120367 0.010754 12.845295 98.0
283 8085.0 0.981849 1.150014 0.0 0.965372 1.86585 -18.765993 -0.120367 0.010754 12.845295 98.0
284 8085.0 0.97286 1.164944 0.0 0.961892 1.86585 -18.765993 -0.120367 0.010754 12.845295 98.0
285 8085.0 0.980837 1.160943 0.0 0.965187 1.86585 -18.765993 -0.120367 0.010754 12.845295 98.0
286 8085.0 0.95932 1.171976 0.0 0.956307 1.86585 -18.765993 -0.120367 0.010754 12.845295 98.0
287 8085.0 0.953026 1.179171 0.0 0.950246 1.86585 -18.765993 -0.120367 0.010754 12.845295 98.0
