 time p.x p.y p.z deep.node-0 CV opes.bias opes.rct opes.zed opes.neff opes.nker
0 19040.0 -0.469023 0.686344 0.0 -0.371338 1.34125 -11.530944 -0.206305 0.007692 12.845295 137.0
1 19040.0 -0.429787 0.705787 0.0 -0.37193 1.34125 -11.530944 -0.206305 0.007692 12.845295 137.0
2 19040.0 -0.44173 0.672362 0.0 -0.329906 1.34125 -11.530944 -0.206305 0.007692 12.845295 137.0
3 19040.0 -0.430458 0.645337 0.0 -0.271455 1.34125 -11.530944 -0.206305 0.007692 12.845295 137.0
4 19040.0 -0.467729 0.635952 0.0 -0.290267 1.34125 -11.530944 -0.206305 0.007692 12.845295 137.0
5 19040.0 -0.479535 0.626399 0.0 -0.2846 1.34125 -11.530944 -0.206305 0.007692 12.845295 137.0
6 19040.0 -0.424848 0.590731 0.0 -0.181851 1.34125 -11.530944 -0.206305 0.007692 12.845295 137.0
7 19040.0 -0.410185 0.577537 0.0 -0.153853 1.34125 -11.530944 -0.206305 0.007692 12.845295 137.0
8 19040.0 -0.394015 0.574816 0.0 -0.143837 1.34125 -11.530944 -0.206305 0.007692 12.845295 137.0
9 19040.0 -0.393039 0.583924 0.0 -0.152141 1.34125 -11.530944 -0.206305 0.007692 12.845295 137.0
10 19040.0 -0.378731 0.558607 0.0 -0.122459 1.34125 -11.530944 -0.206305 0.007692 12.845295 137.0
11 19040.0 -0.386067 0.527473 0.0 -0.09563 1.34125 -11.530944 -0.206305 0.007692 12.845295 137.0
12 19040.0 -0.377749 0.528132 0.0 -0.093032 1.34125 -11.530944 -0.206305 0.007692 12.845295 137.0
13 19040.0 -0.356371 0.531872 0.0 -0.088303 1.34125 -11.530944 -0.206305 0.007692 12.845295 137.0
14 19040.0 -0.362698 0.553991 0.0 -0.111839 1.34125 -11.530944 -0.206305 0.007692 12.845295 137.0
15 19040.0 -0.355534 0.520334 0.0 -0.07698 1.34125 -11.530944 -0.206305 0.007692 12.845295 137.0
16 19040.0 -0.365362 0.530318 0.0 -0.09031 1.34125 -11.530944 -0.206305 0.007692 12.845295 137.0
17 19040.0 -0.367866 0.536265 0.0 -0.096949 1.34125 -11.530944 -0.206305 0.007692 12.845295 137.0
18 19040.0 -0.360005 0.554598 0.0 -0.111373 1.34125 -11.530944 -0.206305 0.007692 12.845295 137.0
19 19040.0 -0.358212 0.55401 0.0 -0.110117 1.34125 -11.530944 -0.206305 0.007692 12.845295 137.0
20 19040.0 -0.359059 0.552681 0.0 -0.109179 1.34125 -11.530944 -0.206305 0.007692 12.845295 137.0
21 19040.0 -0.34825 0.539461 0.0 -0.092386 1.34125 -11.530944 -0.206305 0.007692 12.845295 137.0
22 19040.0 -0.355959 0.529811 0.0 -0.086178 1.34125 -11.530944 -0.206305 0.007692 12.845295 137.0
23 19040.0 -0.363822 0.533926 0.0 -0.093152 1.34125 -11.530944 -0.206305 0.007692 12.845295 137.0
24 19040.0 -0.355877 0.528102 0.0 -0.084518 1.34125 -11.530944 -0.206305 0.007692 12.845295 137.0
25 19040.0 -0.352094 0.519998 0.0 -0.075326 1.34125 -11.530944 -0.206305 0.007692 12.845295 137.0
26 19040.0 -0.337265 0.507164 0.0 -0.057341 1.34125 -11.530944 -0.206305 0.007692 12.845295 137.0
27 19040.0 -0.311385 0.50677 0.0 -0.046926 1.34125 -11.530944 -0.206305 0.007692 12.845295 137.0
28 19040.0 -0.304276 0.503561 0.0 -0.041109 1.34125 -11.530944 -0.206305 0.007692 12.845295 137.0
29 19040.0 -0.317235 0.505263 0.0 -0.047759 1.34125 -11.530944 -0.206305 0.007692 12.845295 137.0
30 19040.0 -0.261509 0.51281 0.0 -0.034861 1.34125 -11.530944 -0.206305 0.007692 12.845295 137.0
31 19040.0 -0.25385 0.516361 0.0 -0.035352 1.34125 -11.530944 -0.206305 0.007692 12.845295 137.0
32 19040.0 -0.258007 0.520792 0.0 -0.040204 1.34125 -11.530944 -0.206305 0.007692 12.845295 137.0
33 19040.0 -0.238685 0.518501 0.0 -0.032386 1.34125 -11.530944 -0.206305 0.007692 12.845295 137.0
34 19040.0 -0.252222 0.517357 0.0 -0.03565 1.34125 -11.530944 -0.206305 0.007692 12.845295 137.0
35 19040.0 -0.245272 0.518524 0.0 -0.034441 1.34125 -11.530944 -0.206305 0.007692 12.845295 137.0
36 19040.0 -0.236107 0.481205 0.0 -0.001567 1.34125 -11.530944 -0.206305 0.007692 12.845295 137.0
37 19040.0 -0.231274 0.486252 0.0 -0.004136 1.34125 -11.530944 -0.206305 0.007692 12.845295 137.0
38 19040.0 -0.218012 0.478565 0.0 0.006152 1.34125 -11.530944 -0.206305 0.007692 12.845295 137.0
39 19040.0 -0.212225 0.489233 0.0 -0.000646 1.34125 -11.530944 -0.206305 0.007692 12.845295 137.0
40 19040.0 -0.207366 0.506049 0.0 -0.01268 1.34125 -11.530944 -0.206305 0.007692 12.845295 137.0
41 19040.0 -0.206729 0.512435 0.0 -0.017624 1.34125 -11.530944 -0.206305 0.007692 12.845295 137.0
42 19040.0 -0.209014 0.527052 0.0 -0.030095 1.34125 -11.530944 -0.206305 0.007692 12.845295 137.0
43 19040.0 -0.174975 0.543472 0.0 -0.032789 1.34125 -11.530944 -0.206305 0.007692 12.845295 137.0
44 19040.0 -0.143874 0.537041 0.0 -0.017997 1.34125 -11.530944 -0.206305 0.007692 12.845295 137.0
45 19040.0 -0.13949 0.511264 0.0 0.003639 1.34125 -11.530944 -0.206305 0.007692 12.845295 137.0
46 19040.0 -0.121605 0.517183 0.0 0.003159 1.34125 -11.530944 -0.206305 0.007692 12.845295 137.0
47 19040.0 -0.120098 0.521088 0.0 0.000809 1.34125 -11.530944 -0.206305 0.007692 12.845295 137.0
48 19040.0 -0.125127 0.514135 0.0 0.00453 1.34125 -11.530944 -0.206305 0.007692 12.845295 137.0
49 19040.0 -0.101011 0.511802 0.0 0.010011 1.34125 -11.530944 -0.206305 0.007692 12.845295 137.0
50 19040.0 -0.082555 0.497546 0.0 0.014435 1.34125 -11.530944 -0.206305 0.007692 12.845295 137.0
51 19040.0 -0.089839 0.492349 0.0 0.01691 1.34125 -11.530944 -0.206305 0.007692 12.845295 137.0
52 19040.0 -0.067903 0.508401 0.0 0.0093 1.34125 -11.530944 -0.206305 0.007692 12.845295 137.0
53 19040.0 -0.084639 0.516952 0.0 0.006997 1.34125 -11.530944 -0.206305 0.007692 12.845295 137.0
54 19040.0 -0.080524 0.508218 0.0 0.010149 1.34125 -11.530944 -0.206305 0.007692 12.845295 137.0
55 19040.0 -0.100969 0.522605 0.0 0.003559 1.34125 -11.530944 -0.206305 0.007692 12.845295 137.0
56 19040.0 -0.114489 0.530226 0.0 -0.00428 1.34125 -11.530944 -0.206305 0.007692 12.845295 137.0
57 19040.0 -0.135962 0.537977 0.0 -0.016305 1.34125 -11.530944 -0.206305 0.007692 12.845295 137.0
58 19040.0 -0.124004 0.533588 0.0 -0.009074 1.34125 -11.530944 -0.206305 0.007692 12.845295 137.0
59 19040.0 -0.13376 0.534853 0.0 -0.013109 1.34125 -11.530944 -0.206305 0.007692 12.845295 137.0
60 19040.0 -0.132546 0.508137 0.0 0.007131 1.34125 -11.530944 -0.206305 0.007692 12.845295 137.0
61 19040.0 -0.09417 0.505151 0.0 0.012185 1.34125 -11.530944 -0.206305 0.007692 12.845295 137.0
62 19040.0 -0.080372 0.525831 0.0 0.003262 1.34125 -11.530944 -0.206305 0.007692 12.845295 137.0
63 19040.0 -0.068793 0.53037 0.0 0.000789 1.34125 -11.530944 -0.206305 0.007692 12.845295 137.0
64 19040.0 -0.054216 0.525653 0.0 0.00173 1.34125 -11.530944 -0.206305 0.007692 12.845295 137.0
65 19040.0 -0.025604 0.507643 0.0 0.00699 1.34125 -11.530944 -0.206305 0.007692 12.845295 137.0
66 19040.0 -0.023731 0.495105 0.0 0.011763 1.34125 -11.530944 -0.206305 0.007692 12.845295 137.0
67 19040.0 -0.05871 0.509813 0.0 0.008183 1.34125 -11.530944 -0.206305 0.007692 12.845295 137.0
68 19040.0 -0.05006 0.498942 0.0 0.011889 1.34125 -11.530944 -0.206305 0.007692 12.845295 137.0
69 19040.0 -0.050813 0.49245 0.0 0.014466 1.34125 -11.530944 -0.206305 0.007692 12.845295 137.0
70 19040.0 -0.045933 0.49468 0.0 0.013296 1.34125 -11.530944 -0.206305 0.007692 12.845295 137.0
71 19040.0 -0.085121 0.469457 0.0 0.025545 1.34125 -11.530944 -0.206305 0.007692 12.845295 137.0
72 19040.0 -0.107596 0.48162 0.0 0.022187 1.34125 -11.530944 -0.206305 0.007692 12.845295 137.0
73 19040.0 -0.119745 0.504517 0.0 0.012115 1.34125 -11.530944 -0.206305 0.007692 12.845295 137.0
74 19040.0 -0.094535 0.529642 0.0 5.7e-05 1.34125 -11.530944 -0.206305 0.007692 12.845295 137.0
75 19040.0 -0.093001 0.520531 0.0 0.005528 1.34125 -11.530944 -0.206305 0.007692 12.845295 137.0
76 19040.0 -0.106028 0.525277 0.0 0.000747 1.34125 -11.530944 -0.206305 0.007692 12.845295 137.0
77 19040.0 -0.096743 0.530523 0.0 -0.000976 1.34125 -11.530944 -0.206305 0.007692 12.845295 137.0
78 19040.0 -0.091127 0.54043 0.0 -0.006584 1.34125 -11.530944 -0.206305 0.007692 12.845295 137.0
79 19040.0 -0.071793 0.529707 0.0 0.001233 1.34125 -11.530944 -0.206305 0.007692 12.845295 137.0
80 19040.0 -0.092416 0.516226 0.0 0.007759 1.34125 -11.530944 -0.206305 0.007692 12.845295 137.0
81 19040.0 -0.085162 0.494649 0.0 0.015725 1.34125 -11.530944 -0.206305 0.007692 12.845295 137.0
82 19040.0 -0.082036 0.517518 0.0 0.006616 1.34125 -11.530944 -0.206305 0.007692 12.845295 137.0
83 19040.0 -0.102571 0.524731 0.0 0.0018 1.34125 -11.530944 -0.206305 0.007692 12.845295 137.0
84 19040.0 -0.105031 0.529888 0.0 -0.002183 1.34125 -11.530944 -0.206305 0.007692 12.845295 137.0
85 19040.0 -0.074316 0.546789 0.0 -0.008278 1.34125 -11.530944 -0.206305 0.007692 12.845295 137.0
86 19040.0 -0.048703 0.54761 0.0 -0.006426 1.34125 -11.530944 -0.206305 0.007692 12.845295 137.0
87 19040.0 -0.047797 0.533437 0.0 -0.0017 1.34125 -11.530944 -0.206305 0.007692 12.845295 137.0
88 19040.0 -0.051 0.524856 0.0 0.001843 1.34125 -11.530944 -0.206305 0.007692 12.845295 137.0
89 19040.0 -0.028544 0.522705 0.0 0.001298 1.34125 -11.530944 -0.206305 0.007692 12.845295 137.0
90 19040.0 -0.022093 0.51833 0.0 0.002607 1.34125 -11.530944 -0.206305 0.007692 12.845295 137.0
91 19040.0 -0.017786 0.535071 0.0 -0.003144 1.34125 -11.530944 -0.206305 0.007692 12.845295 137.0
92 19040.0 -0.035966 0.537576 0.0 -0.003537 1.34125 -11.530944 -0.206305 0.007692 12.845295 137.0
93 19040.0 -0.022103 0.519119 0.0 0.0023 1.34125 -11.530944 -0.206305 0.007692 12.845295 137.0
94 19040.0 -0.040572 0.533849 0.0 -0.002297 1.34125 -11.530944 -0.206305 0.007692 12.845295 137.0
95 19040.0 -0.050339 0.521756 0.0 0.003011 1.34125 -11.530944 -0.206305 0.007692 12.845295 137.0
96 19040.0 -0.045432 0.535724 0.0 -0.002737 1.34125 -11.530944 -0.206305 0.007692 12.845295 137.0
97 19040.0 -0.051818 0.529686 0.0 1e-05 1.34125 -11.530944 -0.206305 0.007692 12.845295 137.0
98 19040.0 -0.057472 0.550802 0.0 -0.008848 1.34125 -11.530944 -0.206305 0.007692 12.845295 137.0
99 19040.0 -0.050097 0.561706 0.0 -0.013403 1.34125 -11.530944 -0.206305 0.007692 12.845295 137.0
100 19040.0 -0.053458 0.554589 0.0 -0.010285 1.34125 -11.530944 -0.206305 0.007692 12.845295 137.0
101 19040.0 -0.049939 0.562295 0.0 -0.013673 1.34125 -11.530944 -0.206305 0.007692 12.845295 137.0
102 19040.0 -0.012431 0.533709 0.0 -0.002836 1.34125 -11.530944 -0.206305 0.007692 12.845295 137.0
103 19040.0 0.001661 0.534954 0.0 -0.003511 1.34125 -11.530944 -0.206305 0.007692 12.845295 137.0
104 19040.0 0.003046 0.524611 0.0 -0.00036 1.34125 -11.530944 -0.206305 0.007692 12.845295 137.0
105 19040.0 0.021977 0.543816 0.0 -0.006656 1.34125 -11.530944 -0.206305 0.007692 12.845295 137.0
106 19040.0 0.020964 0.566026 0.0 -0.011639 1.34125 -11.530944 -0.206305 0.007692 12.845295 137.0
107 19040.0 0.053841 0.558571 0.0 -0.006627 1.34125 -11.530944 -0.206305 0.007692 12.845295 137.0
108 19040.0 0.053088 0.579546 0.0 -0.006076 1.34125 -11.530944 -0.206305 0.007692 12.845295 137.0
109 19040.0 0.061831 0.560956 0.0 -0.005275 1.34125 -11.530944 -0.206305 0.007692 12.845295 137.0
110 19040.0 0.07155 0.568246 0.0 -0.003489 1.34125 -11.530944 -0.206305 0.007692 12.845295 137.0
111 19040.0 0.072994 0.544397 0.0 -0.004021 1.34125 -11.530944 -0.206305 0.007692 12.845295 137.0
112 19040.0 0.085607 0.539271 0.0 -0.002171 1.34125 -11.530944 -0.206305 0.007692 12.845295 137.0
113 19040.0 0.084925 0.527299 0.0 -0.002663 1.34125 -11.530944 -0.206305 0.007692 12.845295 137.0
114 19040.0 0.073757 0.534497 0.0 -0.004216 1.34125 -11.530944 -0.206305 0.007692 12.845295 137.0
115 19040.0 0.081716 0.574731 0.0 -0.001658 1.34125 -11.530944 -0.206305 0.007692 12.845295 137.0
116 19040.0 0.071777 0.570242 0.0 -0.003389 1.34125 -11.530944 -0.206305 0.007692 12.845295 137.0
117 19040.0 0.077266 0.555945 0.0 -0.00297 1.34125 -11.530944 -0.206305 0.007692 12.845295 137.0
118 19040.0 0.097028 0.553094 0.0 9.5e-05 1.34125 -11.530944 -0.206305 0.007692 12.845295 137.0
119 19040.0 0.125189 0.549 0.0 0.004462 1.34125 -11.530944 -0.206305 0.007692 12.845295 137.0
120 19040.0 0.131939 0.554555 0.0 0.005717 1.34125 -11.530944 -0.206305 0.007692 12.845295 137.0
121 19040.0 0.12604 0.56385 0.0 0.005073 1.34125 -11.530944 -0.206305 0.007692 12.845295 137.0
122 19040.0 0.106129 0.561451 0.0 0.001816 1.34125 -11.530944 -0.206305 0.007692 12.845295 137.0
123 19040.0 0.110174 0.564823 0.0 0.00257 1.34125 -11.530944 -0.206305 0.007692 12.845295 137.0
124 19040.0 0.10928 0.57706 0.0 0.002818 1.34125 -11.530944 -0.206305 0.007692 12.845295 137.0
125 19040.0 0.131121 0.583409 0.0 0.00651 1.34125 -11.530944 -0.206305 0.007692 12.845295 137.0
126 19040.0 0.138776 0.573072 0.0 0.007402 1.34125 -11.530944 -0.206305 0.007692 12.845295 137.0
127 19040.0 0.141124 0.555677 0.0 0.00722 1.34125 -11.530944 -0.206305 0.007692 12.845295 137.0
128 19040.0 0.148841 0.546152 0.0 0.008148 1.34125 -11.530944 -0.206305 0.007692 12.845295 137.0
129 19040.0 0.135878 0.55608 0.0 0.006395 1.34125 -11.530944 -0.206305 0.007692 12.845295 137.0
130 19040.0 0.151977 0.541859 0.0 0.008512 1.34125 -11.530944 -0.206305 0.007692 12.845295 137.0
131 19040.0 0.181816 0.525755 0.0 0.012762 1.34125 -11.530944 -0.206305 0.007692 12.845295 137.0
132 19040.0 0.204188 0.530268 0.0 0.024945 1.34125 -11.530944 -0.206305 0.007692 12.845295 137.0
133 19040.0 0.213161 0.531752 0.0 0.032214 1.34125 -11.530944 -0.206305 0.007692 12.845295 137.0
134 19040.0 0.241131 0.506154 0.0 0.039282 1.34125 -11.530944 -0.206305 0.007692 12.845295 137.0
135 19040.0 0.25718 0.53261 0.0 0.064391 1.34125 -11.530944 -0.206305 0.007692 12.845295 137.0
136 19040.0 0.259683 0.536321 0.0 0.068204 1.34125 -11.530944 -0.206305 0.007692 12.845295 137.0
137 19040.0 0.265189 0.529089 0.0 0.068256 1.34125 -11.530944 -0.206305 0.007692 12.845295 137.0
138 19040.0 0.276261 0.510765 0.0 0.067241 1.34125 -11.530944 -0.206305 0.007692 12.845295 137.0
139 19040.0 0.285127 0.515148 0.0 0.075603 1.34125 -11.530944 -0.206305 0.007692 12.845295 137.0
140 19040.0 0.303998 0.49638 0.0 0.082012 1.34125 -11.530944 -0.206305 0.007692 12.845295 137.0
141 19040.0 0.292488 0.499716 0.0 0.074816 1.34125 -11.530944 -0.206305 0.007692 12.845295 137.0
142 19040.0 0.262364 0.52282 0.0 0.062827 1.34125 -11.530944 -0.206305 0.007692 12.845295 137.0
143 19040.0 0.298096 0.513685 0.0 0.084642 1.34125 -11.530944 -0.206305 0.007692 12.845295 137.0
144 19040.0 0.303482 0.53359 0.0 0.09828 1.34125 -11.530944 -0.206305 0.007692 12.845295 137.0
145 19040.0 0.305224 0.565185 0.0 0.116742 1.34125 -11.530944 -0.206305 0.007692 12.845295 137.0
146 19040.0 0.312729 0.545946 0.0 0.111631 1.34125 -11.530944 -0.206305 0.007692 12.845295 137.0
147 19040.0 0.313736 0.558587 0.0 0.119232 1.34125 -11.530944 -0.206305 0.007692 12.845295 137.0
148 19040.0 0.334412 0.553253 0.0 0.13122 1.34125 -11.530944 -0.206305 0.007692 12.845295 137.0
149 19040.0 0.324888 0.547863 0.0 0.121429 1.34125 -11.530944 -0.206305 0.007692 12.845295 137.0
150 19040.0 0.33656 0.536416 0.0 0.123641 1.34125 -11.530944 -0.206305 0.007692 12.845295 137.0
151 19040.0 0.342879 0.547337 0.0 0.134106 1.34125 -11.530944 -0.206305 0.007692 12.845295 137.0
152 19040.0 0.352329 0.558959 0.0 0.147344 1.34125 -11.530944 -0.206305 0.007692 12.845295 137.0
153 19040.0 0.367284 0.579169 0.0 0.169382 1.34125 -11.530944 -0.206305 0.007692 12.845295 137.0
154 19040.0 0.364241 0.575461 0.0 0.165122 1.34125 -11.530944 -0.206305 0.007692 12.845295 137.0
155 19040.0 0.373823 0.544687 0.0 0.154965 1.34125 -11.530944 -0.206305 0.007692 12.845295 137.0
156 19040.0 0.39051 0.528143 0.0 0.159138 1.34125 -11.530944 -0.206305 0.007692 12.845295 137.0
157 19040.0 0.421368 0.536926 0.0 0.185626 1.34125 -11.530944 -0.206305 0.007692 12.845295 137.0
158 19040.0 0.41469 0.551309 0.0 0.189212 1.34125 -11.530944 -0.206305 0.007692 12.845295 137.0
159 19040.0 0.424842 0.579573 0.0 0.217975 1.34125 -11.530944 -0.206305 0.007692 12.845295 137.0
160 19040.0 0.414612 0.543423 0.0 0.18375 1.34125 -11.530944 -0.206305 0.007692 12.845295 137.0
161 19040.0 0.434439 0.542286 0.0 0.199786 1.34125 -11.530944 -0.206305 0.007692 12.845295 137.0
162 19040.0 0.421455 0.542976 0.0 0.189049 1.34125 -11.530944 -0.206305 0.007692 12.845295 137.0
163 19040.0 0.423218 0.515006 0.0 0.178106 1.34125 -11.530944 -0.206305 0.007692 12.845295 137.0
164 19040.0 0.435558 0.537526 0.0 0.198026 1.34125 -11.530944 -0.206305 0.007692 12.845295 137.0
165 19040.0 0.416667 0.536931 0.0 0.182127 1.34125 -11.530944 -0.206305 0.007692 12.845295 137.0
166 19040.0 0.410229 0.514823 0.0 0.168385 1.34125 -11.530944 -0.206305 0.007692 12.845295 137.0
167 19040.0 0.445724 0.523528 0.0 0.198977 1.34125 -11.530944 -0.206305 0.007692 12.845295 137.0
168 19040.0 0.460849 0.514874 0.0 0.207309 1.34125 -11.530944 -0.206305 0.007692 12.845295 137.0
169 19040.0 0.472652 0.518618 0.0 0.219704 1.34125 -11.530944 -0.206305 0.007692 12.845295 137.0
170 19040.0 0.517509 0.492126 0.0 0.243947 1.34125 -11.530944 -0.206305 0.007692 12.845295 137.0
171 19040.0 0.522347 0.506478 0.0 0.256223 1.34125 -11.530944 -0.206305 0.007692 12.845295 137.0
172 19040.0 0.539378 0.53346 0.0 0.286494 1.34125 -11.530944 -0.206305 0.007692 12.845295 137.0
173 19040.0 0.545834 0.551321 0.0 0.302419 1.34125 -11.530944 -0.206305 0.007692 12.845295 137.0
174 19040.0 0.552203 0.549175 0.0 0.306754 1.34125 -11.530944 -0.206305 0.007692 12.845295 137.0
175 19040.0 0.56572 0.560655 0.0 0.325183 1.34125 -11.530944 -0.206305 0.007692 12.845295 137.0
176 19040.0 0.581869 0.571333 0.0 0.345963 1.34125 -11.530944 -0.206305 0.007692 12.845295 137.0
177 19040.0 0.57227 0.568887 0.0 0.33604 1.34125 -11.530944 -0.206305 0.007692 12.845295 137.0
178 19040.0 0.582211 0.588349 0.0 0.358362 1.34125 -11.530944 -0.206305 0.007692 12.845295 137.0
179 19040.0 0.571202 0.582032 0.0 0.344483 1.34125 -11.530944 -0.206305 0.007692 12.845295 137.0
180 19040.0 0.588362 0.576967 0.0 0.355506 1.34125 -11.530944 -0.206305 0.007692 12.845295 137.0
181 19040.0 0.605201 0.57208 0.0 0.366384 1.34125 -11.530944 -0.206305 0.007692 12.845295 137.0
182 19040.0 0.607413 0.585232 0.0 0.377627 1.34125 -11.530944 -0.206305 0.007692 12.845295 137.0
183 19040.0 0.622693 0.597235 0.0 0.399191 1.34125 -11.530944 -0.206305 0.007692 12.845295 137.0
184 19040.0 0.608631 0.613888 0.0 0.399054 1.34125 -11.530944 -0.206305 0.007692 12.845295 137.0
185 19040.0 0.604112 0.61412 0.0 0.395366 1.34125 -11.530944 -0.206305 0.007692 12.845295 137.0
186 19040.0 0.616652 0.613285 0.0 0.405462 1.34125 -11.530944 -0.206305 0.007692 12.845295 137.0
187 19040.0 0.6369 0.603193 0.0 0.415541 1.34125 -11.530944 -0.206305 0.007692 12.845295 137.0
188 19040.0 0.630408 0.616379 0.0 0.419389 1.34125 -11.530944 -0.206305 0.007692 12.845295 137.0
189 19040.0 0.647552 0.628746 0.0 0.442802 1.34125 -11.530944 -0.206305 0.007692 12.845295 137.0
190 19040.0 0.638589 0.629213 0.0 0.435494 1.34125 -11.530944 -0.206305 0.007692 12.845295 137.0
191 19040.0 0.625106 0.624725 0.0 0.420808 1.34125 -11.530944 -0.206305 0.007692 12.845295 137.0
192 19040.0 0.645715 0.606983 0.0 0.425752 1.34125 -11.530944 -0.206305 0.007692 12.845295 137.0
193 19040.0 0.659958 0.588587 0.0 0.424804 1.34125 -11.530944 -0.206305 0.007692 12.845295 137.0
194 19040.0 0.659358 0.580055 0.0 0.418249 1.34125 -11.530944 -0.206305 0.007692 12.845295 137.0
195 19040.0 0.666999 0.569978 0.0 0.419133 1.34125 -11.530944 -0.206305 0.007692 12.845295 137.0
196 19040.0 0.673656 0.573894 0.0 0.427209 1.34125 -11.530944 -0.206305 0.007692 12.845295 137.0
197 19040.0 0.65493 0.589528 0.0 0.421187 1.34125 -11.530944 -0.206305 0.007692 12.845295 137.0
198 19040.0 0.646628 0.614273 0.0 0.431716 1.34125 -11.530944 -0.206305 0.007692 12.845295 137.0
199 19040.0 0.643689 0.602311 0.0 0.4207 1.34125 -11.530944 -0.206305 0.007692 12.845295 137.0
200 19040.0 0.618762 0.620615 0.0 0.412476 1.34125 -11.530944 -0.206305 0.007692 12.845295 137.0
201 19040.0 0.639962 0.592481 0.0 0.41053 1.34125 -11.530944 -0.206305 0.007692 12.845295 137.0
202 19040.0 0.658329 0.605828 0.0 0.435682 1.34125 -11.530944 -0.206305 0.007692 12.845295 137.0
203 19040.0 0.663483 0.601599 0.0 0.437066 1.34125 -11.530944 -0.206305 0.007692 12.845295 137.0
204 19040.0 0.658455 0.596886 0.0 0.429427 1.34125 -11.530944 -0.206305 0.007692 12.845295 137.0
205 19040.0 0.634343 0.613741 0.0 0.420866 1.34125 -11.530944 -0.206305 0.007692 12.845295 137.0
206 19040.0 0.649038 0.602951 0.0 0.425715 1.34125 -11.530944 -0.206305 0.007692 12.845295 137.0
207 19040.0 0.656163 0.622103 0.0 0.445415 1.34125 -11.530944 -0.206305 0.007692 12.845295 137.0
208 19040.0 0.642156 0.626675 0.0 0.436729 1.34125 -11.530944 -0.206305 0.007692 12.845295 137.0
209 19040.0 0.682231 0.656408 0.0 0.492045 1.34125 -11.530944 -0.206305 0.007692 12.845295 137.0
210 19040.0 0.694424 0.6634 0.0 0.507412 1.34125 -11.530944 -0.206305 0.007692 12.845295 137.0
211 19040.0 0.692756 0.658818 0.0 0.502731 1.34125 -11.530944 -0.206305 0.007692 12.845295 137.0
212 19040.0 0.686265 0.66213 0.0 0.499554 1.34125 -11.530944 -0.206305 0.007692 12.845295 137.0
213 19040.0 0.719161 0.649593 0.0 0.518675 1.34125 -11.530944 -0.206305 0.007692 12.845295 137.0
214 19040.0 0.743281 0.668111 0.0 0.552411 1.34125 -11.530944 -0.206305 0.007692 12.845295 137.0
215 19040.0 0.727784 0.678022 0.0 0.546253 1.34125 -11.530944 -0.206305 0.007692 12.845295 137.0
216 19040.0 0.698888 0.684564 0.0 0.526276 1.34125 -11.530944 -0.206305 0.007692 12.845295 137.0
217 19040.0 0.723217 0.704737 0.0 0.561368 1.34125 -11.530944 -0.206305 0.007692 12.845295 137.0
218 19040.0 0.704273 0.702793 0.0 0.543837 1.34125 -11.530944 -0.206305 0.007692 12.845295 137.0
219 19040.0 0.718317 0.692468 0.0 0.548462 1.34125 -11.530944 -0.206305 0.007692 12.845295 137.0
220 19040.0 0.72603 0.695649 0.0 0.5573 1.34125 -11.530944 -0.206305 0.007692 12.845295 137.0
221 19040.0 0.763967 0.689116 0.0 0.584989 1.34125 -11.530944 -0.206305 0.007692 12.845295 137.0
222 19040.0 0.753482 0.68963 0.0 0.576417 1.34125 -11.530944 -0.206305 0.007692 12.845295 137.0
223 19040.0 0.783484 0.70667 0.0 0.614116 1.34125 -11.530944 -0.206305 0.007692 12.845295 137.0
224 19040.0 0.769724 0.700994 0.0 0.598347 1.34125 -11.530944 -0.206305 0.007692 12.845295 137.0
225 19040.0 0.793116 0.68116 0.0 0.604174 1.34125 -11.530944 -0.206305 0.007692 12.845295 137.0
226 19040.0 0.778115 0.704193 0.0 0.607777 1.34125 -11.530944 -0.206305 0.007692 12.845295 137.0
227 19040.0 0.764226 0.720933 0.0 0.607848 1.34125 -11.530944 -0.206305 0.007692 12.845295 137.0
228 19040.0 0.774288 0.74155 0.0 0.631312 1.34125 -11.530944 -0.206305 0.007692 12.845295 137.0
229 19040.0 0.772037 0.737504 0.0 0.626385 1.34125 -11.530944 -0.206305 0.007692 12.845295 137.0
230 19040.0 0.771011 0.712639 0.0 0.60773 1.34125 -11.530944 -0.206305 0.007692 12.845295 137.0
231 19040.0 0.764039 0.699479 0.0 0.592424 1.34125 -11.530944 -0.206305 0.007692 12.845295 137.0
232 19040.0 0.755525 0.696231 0.0 0.582855 1.34125 -11.530944 -0.206305 0.007692 12.845295 137.0
233 19040.0 0.747161 0.708035 0.0 0.584124 1.34125 -11.530944 -0.206305 0.007692 12.845295 137.0
234 19040.0 0.758482 0.693226 0.0 0.583238 1.34125 -11.530944 -0.206305 0.007692 12.845295 137.0
235 19040.0 0.76696 0.706974 0.0 0.600246 1.34125 -11.530944 -0.206305 0.007692 12.845295 137.0
236 19040.0 0.788509 0.7098 0.0 0.620626 1.34125 -11.530944 -0.206305 0.007692 12.845295 137.0
237 19040.0 0.797563 0.750189 0.0 0.657895 1.34125 -11.530944 -0.206305 0.007692 12.845295 137.0
238 19040.0 0.785457 0.773634 0.0 0.664568 1.34125 -11.530944 -0.206305 0.007692 12.845295 137.0
239 19040.0 0.81609 0.759576 0.0 0.680899 1.34125 -11.530944 -0.206305 0.007692 12.845295 137.0
240 19040.0 0.829974 0.775646 0.0 0.704766 1.34125 -11.530944 -0.206305 0.007692 12.845295 137.0
241 19040.0 0.847343 0.800786 0.0 0.738321 1.34125 -11.530944 -0.206305 0.007692 12.845295 137.0
242 19040.0 0.859721 0.821614 0.0 0.76437 1.34125 -11.530944 -0.206305 0.007692 12.845295 137.0
243 19040.0 0.8584 0.858511 0.0 0.790293 1.34125 -11.530944 -0.206305 0.007692 12.845295 137.0
244 19040.0 0.876694 0.855112 0.0 0.803713 1.34125 -11.530944 -0.206305 0.007692 12.845295 137.0
245 19040.0 0.896262 0.874795 0.0 0.835175 1.34125 -11.530944 -0.206305 0.007692 12.845295 137.0
246 19040.0 0.881618 0.896643 0.0 0.838467 1.34125 -11.530944 -0.206305 0.007692 12.845295 137.0
247 19040.0 0.899818 0.886659 0.0 0.846974 1.34125 -11.530944 -0.206305 0.007692 12.845295 137.0
248 19040.0 0.881446 0.9134 0.0 0.850613 1.34125 -11.530944 -0.206305 0.007692 12.845295 137.0
249 19040.0 0.912971 0.935795 0.0 0.893902 1.34125 -11.530944 -0.206305 0.007692 12.845295 137.0
250 19040.0 0.911449 0.966689 0.0 0.914687 1.34125 -11.530944 -0.206305 0.007692 12.845295 137.0
251 19040.0 0.928821 0.978479 0.0 0.932046 1.34125 -11.530944 -0.206305 0.007692 12.845295 137.0
252 19040.0 0.94228 0.999893 0.0 0.945661 1.34125 -11.530944 -0.206305 0.007692 12.845295 137.0
253 19040.0 0.972643 1.042028 0.0 0.959059 1.34125 -11.530944 -0.206305 0.007692 12.845295 137.0
254 19040.0 0.951851 1.038043 0.0 0.950151 1.34125 -11.530944 -0.206305 0.007692 12.845295 137.0
255 19040.0 0.948171 1.04684 0.0 0.948787 1.34125 -11.530944 -0.206305 0.007692 12.845295 137.0
256 19040.0 0.914416 1.067442 0.0 0.934129 1.34125 -11.530944 -0.206305 0.007692 12.845295 137.0
257 19040.0 0.924483 1.07986 0.0 0.939476 1.34125 -11.530944 -0.206305 0.007692 12.845295 137.0
258 19040.0 0.936448 1.088502 0.0 0.944744 1.34125 -11.530944 -0.206305 0.007692 12.845295 137.0
259 19040.0 0.953854 1.128164 0.0 0.953011 1.34125 -11.530944 -0.206305 0.007692 12.845295 137.0
260 19040.0 0.988109 1.11485 0.0 0.967243 1.34125 -11.530944 -0.206305 0.007692 12.845295 137.0
261 19040.0 0.985928 1.099315 0.0 0.965971 1.34125 -11.530944 -0.206305 0.007692 12.845295 137.0
262 19040.0 0.9916 1.114745 0.0 0.968721 1.34125 -11.530944 -0.206305 0.007692 12.845295 137.0
263 19040.0 1.001567 1.124213 0.0 0.973159 1.34125 -11.530944 -0.206305 0.007692 12.845295 137.0
264 19040.0 0.983039 1.118545 0.0 0.965175 1.34125 -11.530944 -0.206305 0.007692 12.845295 137.0
265 19040.0 0.963851 1.141202 0.0 0.957542 1.34125 -11.530944 -0.206305 0.007692 12.845295 137.0
266 19040.0 0.964697 1.140557 0.0 0.957887 1.34125 -11.530944 -0.206305 0.007692 12.845295 137.0
267 19040.0 0.942875 1.163208 0.0 0.949136 1.34125 -11.530944 -0.206305 0.007692 12.845295 137.0
268 19040.0 0.96922 1.156682 0.0 0.960164 1.34125 -11.530944 -0.206305 0.007692 12.845295 137.0
269 19040.0 0.980435 1.144342 0.0 0.964646 1.34125 -11.530944 -0.206305 0.007692 12.845295 137.0
270 19040.0 0.98148 1.14708 0.0 0.96515 1.34125 -11.530944 -0.206305 0.007692 12.845295 137.0
271 19040.0 0.991209 1.154824 0.0 0.969449 1.34125 -11.530944 -0.206305 0.007692 12.845295 137.0
272 19040.0 0.968375 1.156657 0.0 0.959805 1.34125 -11.530944 -0.206305 0.007692 12.845295 137.0
273 19040.0 0.980283 1.160702 0.0 0.964946 1.34125 -11.530944 -0.206305 0.007692 12.845295 137.0
274 19040.0 0.959592 1.149772 0.0 0.955927 1.34125 -11.530944 -0.206305 0.007692 12.845295 137.0
275 19040.0 0.969802 1.183659 0.0 0.958974 1.34125 -11.530944 -0.206305 0.007692 12.845295 137.0
276 19040.0 0.952065 1.183218 0.0 0.948371 1.34125 -11.530944 -0.206305 0.007692 12.845295 137.0
277 19040.0 0.976985 1.202051 0.0 0.957452 1.34125 -11.530944 -0.206305 0.007692 12.845295 137.0
278 19040.0 0.969404 1.20228 0.0 0.952787 1.34125 -11.530944 -0.206305 0.007692 12.845295 137.0
279 19040.0 0.995863 1.182985 0.0 0.972051 1.34125 -11.530944 -0.206305 0.007692 12.845295 137.0
280 19040.0 0.97032 1.207061 0.0 0.951815 1.34125 -11.530944 -0.206305 0.007692 12.845295 137.0
281 19040.0 0.966288 1.196579 0.0 0.95272 1.34125 -11.530944 -0.206305 0.007692 12.845295 137.0
282 19040.0 0.992921 1.198317 0.0 0.968298 1.34125 -11.530944 -0.206305 0.007692 12.845295 137.0
283 19040.0 0.990965 1.205788 0.0 0.964727 1.34125 -11.530944 -0.206305 0.007692 12.845295 137.0
284 19040.0 0.993433 1.22567 0.0 0.959872 1.34125 -11.530944 -0.206305 0.007692 12.845295 137.0
285 19040.0 1.002997 1.239193 0.0 0.961348 1.34125 -11.530944 -0.206305 0.007692 12.845295 137.0
286 19040.0 1.016106 1.24544 0.0 0.967294 1.34125 -11.530944 -0.206305 0.007692 12.845295 137.0
287 19040.0 1.013756 1.232782 0.0 0.969912 1.34125 -11.530944 -0.206305 0.007692 12.845295 137.0
