 time p.x p.y p.z deep.node-0 CV opes.bias opes.rct opes.zed opes.neff opes.nker
0 13670.0 -0.525058 0.647111 0.0 -0.353612 1.318807 -13.45037 -0.173089 0.008364 12.845295 126.0
1 13670.0 -0.528987 0.652517 0.0 -0.361478 1.318807 -13.45037 -0.173089 0.008364 12.845295 126.0
2 13670.0 -0.527957 0.666173 0.0 -0.376322 1.318807 -13.45037 -0.173089 0.008364 12.845295 126.0
3 13670.0 -0.487227 0.6717 0.0 -0.363243 1.318807 -13.45037 -0.173089 0.008364 12.845295 126.0
4 13670.0 -0.489686 0.673077 0.0 -0.36628 1.318807 -13.45037 -0.173089 0.008364 12.845295 126.0
5 13670.0 -0.45711 0.653612 0.0 -0.311384 1.318807 -13.45037 -0.173089 0.008364 12.845295 126.0
6 13670.0 -0.447071 0.636003 0.0 -0.270741 1.318807 -13.45037 -0.173089 0.008364 12.845295 126.0
7 13670.0 -0.442812 0.61664 0.0 -0.232487 1.318807 -13.45037 -0.173089 0.008364 12.845295 126.0
8 13670.0 -0.431028 0.602586 0.0 -0.202236 1.318807 -13.45037 -0.173089 0.008364 12.845295 126.0
9 13670.0 -0.411719 0.591553 0.0 -0.174018 1.318807 -13.45037 -0.173089 0.008364 12.845295 126.0
10 13670.0 -0.428425 0.597605 0.0 -0.193666 1.318807 -13.45037 -0.173089 0.008364 12.845295 126.0
11 13670.0 -0.449471 0.581184 0.0 -0.18562 1.318807 -13.45037 -0.173089 0.008364 12.845295 126.0
12 13670.0 -0.436515 0.564808 0.0 -0.154446 1.318807 -13.45037 -0.173089 0.008364 12.845295 126.0
13 13670.0 -0.40206 0.573106 0.0 -0.145329 1.318807 -13.45037 -0.173089 0.008364 12.845295 126.0
14 13670.0 -0.403839 0.567362 0.0 -0.140544 1.318807 -13.45037 -0.173089 0.008364 12.845295 126.0
15 13670.0 -0.39506 0.568578 0.0 -0.138298 1.318807 -13.45037 -0.173089 0.008364 12.845295 126.0
16 13670.0 -0.398229 0.588583 0.0 -0.160767 1.318807 -13.45037 -0.173089 0.008364 12.845295 126.0
17 13670.0 -0.382942 0.581359 0.0 -0.145778 1.318807 -13.45037 -0.173089 0.008364 12.845295 126.0
18 13670.0 -0.367558 0.555329 0.0 -0.115 1.318807 -13.45037 -0.173089 0.008364 12.845295 126.0
19 13670.0 -0.369314 0.52984 0.0 -0.091387 1.318807 -13.45037 -0.173089 0.008364 12.845295 126.0
20 13670.0 -0.374136 0.512936 0.0 -0.077146 1.318807 -13.45037 -0.173089 0.008364 12.845295 126.0
21 13670.0 -0.391785 0.547836 0.0 -0.117257 1.318807 -13.45037 -0.173089 0.008364 12.845295 126.0
22 13670.0 -0.374825 0.558771 0.0 -0.1211 1.318807 -13.45037 -0.173089 0.008364 12.845295 126.0
23 13670.0 -0.357731 0.545635 0.0 -0.101948 1.318807 -13.45037 -0.173089 0.008364 12.845295 126.0
24 13670.0 -0.33239 0.536375 0.0 -0.083291 1.318807 -13.45037 -0.173089 0.008364 12.845295 126.0
25 13670.0 -0.314144 0.52222 0.0 -0.062722 1.318807 -13.45037 -0.173089 0.008364 12.845295 126.0
26 13670.0 -0.30549 0.518151 0.0 -0.055486 1.318807 -13.45037 -0.173089 0.008364 12.845295 126.0
27 13670.0 -0.303024 0.513977 0.0 -0.05055 1.318807 -13.45037 -0.173089 0.008364 12.845295 126.0
28 13670.0 -0.28085 0.509233 0.0 -0.037962 1.318807 -13.45037 -0.173089 0.008364 12.845295 126.0
29 13670.0 -0.285812 0.544574 0.0 -0.073036 1.318807 -13.45037 -0.173089 0.008364 12.845295 126.0
30 13670.0 -0.284361 0.523029 0.0 -0.051938 1.318807 -13.45037 -0.173089 0.008364 12.845295 126.0
31 13670.0 -0.283504 0.515223 0.0 -0.044166 1.318807 -13.45037 -0.173089 0.008364 12.845295 126.0
32 13670.0 -0.317164 0.543925 0.0 -0.084581 1.318807 -13.45037 -0.173089 0.008364 12.845295 126.0
33 13670.0 -0.301739 0.524581 0.0 -0.06016 1.318807 -13.45037 -0.173089 0.008364 12.845295 126.0
34 13670.0 -0.278397 0.534993 0.0 -0.061028 1.318807 -13.45037 -0.173089 0.008364 12.845295 126.0
35 13670.0 -0.267516 0.533327 0.0 -0.055219 1.318807 -13.45037 -0.173089 0.008364 12.845295 126.0
36 13670.0 -0.239313 0.520958 0.0 -0.034558 1.318807 -13.45037 -0.173089 0.008364 12.845295 126.0
37 13670.0 -0.234673 0.530569 0.0 -0.040859 1.318807 -13.45037 -0.173089 0.008364 12.845295 126.0
38 13670.0 -0.238006 0.522233 0.0 -0.03518 1.318807 -13.45037 -0.173089 0.008364 12.845295 126.0
39 13670.0 -0.235811 0.519843 0.0 -0.032578 1.318807 -13.45037 -0.173089 0.008364 12.845295 126.0
40 13670.0 -0.241775 0.524831 0.0 -0.038436 1.318807 -13.45037 -0.173089 0.008364 12.845295 126.0
41 13670.0 -0.230044 0.492304 0.0 -0.008627 1.318807 -13.45037 -0.173089 0.008364 12.845295 126.0
42 13670.0 -0.224426 0.509111 0.0 -0.020419 1.318807 -13.45037 -0.173089 0.008364 12.845295 126.0
43 13670.0 -0.23736 0.507434 0.0 -0.023068 1.318807 -13.45037 -0.173089 0.008364 12.845295 126.0
44 13670.0 -0.229242 0.534142 0.0 -0.042057 1.318807 -13.45037 -0.173089 0.008364 12.845295 126.0
45 13670.0 -0.240876 0.506904 0.0 -0.023728 1.318807 -13.45037 -0.173089 0.008364 12.845295 126.0
46 13670.0 -0.211915 0.496094 0.0 -0.006073 1.318807 -13.45037 -0.173089 0.008364 12.845295 126.0
47 13670.0 -0.205382 0.517751 0.0 -0.021486 1.318807 -13.45037 -0.173089 0.008364 12.845295 126.0
48 13670.0 -0.216584 0.498134 0.0 -0.009158 1.318807 -13.45037 -0.173089 0.008364 12.845295 126.0
49 13670.0 -0.220776 0.47966 0.0 0.004416 1.318807 -13.45037 -0.173089 0.008364 12.845295 126.0
50 13670.0 -0.189422 0.482733 0.0 0.011637 1.318807 -13.45037 -0.173089 0.008364 12.845295 126.0
51 13670.0 -0.170406 0.505612 0.0 -0.000901 1.318807 -13.45037 -0.173089 0.008364 12.845295 126.0
52 13670.0 -0.187779 0.507669 0.0 -0.007928 1.318807 -13.45037 -0.173089 0.008364 12.845295 126.0
53 13670.0 -0.200782 0.521116 0.0 -0.022772 1.318807 -13.45037 -0.173089 0.008364 12.845295 126.0
54 13670.0 -0.197744 0.548607 0.0 -0.043961 1.318807 -13.45037 -0.173089 0.008364 12.845295 126.0
55 13670.0 -0.175628 0.563376 0.0 -0.049013 1.318807 -13.45037 -0.173089 0.008364 12.845295 126.0
56 13670.0 -0.177048 0.570116 0.0 -0.055187 1.318807 -13.45037 -0.173089 0.008364 12.845295 126.0
57 13670.0 -0.20733 0.587061 0.0 -0.083086 1.318807 -13.45037 -0.173089 0.008364 12.845295 126.0
58 13670.0 -0.212803 0.574606 0.0 -0.073338 1.318807 -13.45037 -0.173089 0.008364 12.845295 126.0
59 13670.0 -0.205745 0.561858 0.0 -0.058448 1.318807 -13.45037 -0.173089 0.008364 12.845295 126.0
60 13670.0 -0.226543 0.539683 0.0 -0.045683 1.318807 -13.45037 -0.173089 0.008364 12.845295 126.0
61 13670.0 -0.226019 0.520493 0.0 -0.030074 1.318807 -13.45037 -0.173089 0.008364 12.845295 126.0
62 13670.0 -0.228572 0.513874 0.0 -0.025535 1.318807 -13.45037 -0.173089 0.008364 12.845295 126.0
63 13670.0 -0.219955 0.537419 0.0 -0.041823 1.318807 -13.45037 -0.173089 0.008364 12.845295 126.0
64 13670.0 -0.228071 0.520534 0.0 -0.03074 1.318807 -13.45037 -0.173089 0.008364 12.845295 126.0
65 13670.0 -0.232096 0.536156 0.0 -0.04456 1.318807 -13.45037 -0.173089 0.008364 12.845295 126.0
66 13670.0 -0.213321 0.527804 0.0 -0.032033 1.318807 -13.45037 -0.173089 0.008364 12.845295 126.0
67 13670.0 -0.20435 0.508193 0.0 -0.013473 1.318807 -13.45037 -0.173089 0.008364 12.845295 126.0
68 13670.0 -0.197288 0.499603 0.0 -0.004375 1.318807 -13.45037 -0.173089 0.008364 12.845295 126.0
69 13670.0 -0.189089 0.496736 0.0 0.000468 1.318807 -13.45037 -0.173089 0.008364 12.845295 126.0
70 13670.0 -0.161278 0.520206 0.0 -0.009826 1.318807 -13.45037 -0.173089 0.008364 12.845295 126.0
71 13670.0 -0.17121 0.493792 0.0 0.008365 1.318807 -13.45037 -0.173089 0.008364 12.845295 126.0
72 13670.0 -0.15743 0.490631 0.0 0.014086 1.318807 -13.45037 -0.173089 0.008364 12.845295 126.0
73 13670.0 -0.158342 0.489777 0.0 0.014485 1.318807 -13.45037 -0.173089 0.008364 12.845295 126.0
74 13670.0 -0.1224 0.485303 0.0 0.021663 1.318807 -13.45037 -0.173089 0.008364 12.845295 126.0
75 13670.0 -0.125177 0.501764 0.0 0.012908 1.318807 -13.45037 -0.173089 0.008364 12.845295 126.0
76 13670.0 -0.123969 0.514313 0.0 0.004638 1.318807 -13.45037 -0.173089 0.008364 12.845295 126.0
77 13670.0 -0.137848 0.518004 0.0 -0.00081 1.318807 -13.45037 -0.173089 0.008364 12.845295 126.0
78 13670.0 -0.147916 0.524399 0.0 -0.00907 1.318807 -13.45037 -0.173089 0.008364 12.845295 126.0
79 13670.0 -0.145952 0.510777 0.0 0.002501 1.318807 -13.45037 -0.173089 0.008364 12.845295 126.0
80 13670.0 -0.12541 0.507005 0.0 0.009308 1.318807 -13.45037 -0.173089 0.008364 12.845295 126.0
81 13670.0 -0.118524 0.512669 0.0 0.006828 1.318807 -13.45037 -0.173089 0.008364 12.845295 126.0
82 13670.0 -0.103922 0.524078 0.0 0.001976 1.318807 -13.45037 -0.173089 0.008364 12.845295 126.0
83 13670.0 -0.110372 0.514426 0.0 0.007247 1.318807 -13.45037 -0.173089 0.008364 12.845295 126.0
84 13670.0 -0.077383 0.506994 0.0 0.010432 1.318807 -13.45037 -0.173089 0.008364 12.845295 126.0
85 13670.0 -0.06648 0.519643 0.0 0.004829 1.318807 -13.45037 -0.173089 0.008364 12.845295 126.0
86 13670.0 -0.030382 0.527711 0.0 -0.00054 1.318807 -13.45037 -0.173089 0.008364 12.845295 126.0
87 13670.0 -0.026023 0.516 0.0 0.003757 1.318807 -13.45037 -0.173089 0.008364 12.845295 126.0
88 13670.0 -0.018923 0.502971 0.0 0.0084 1.318807 -13.45037 -0.173089 0.008364 12.845295 126.0
89 13670.0 -0.003713 0.522652 0.0 0.000382 1.318807 -13.45037 -0.173089 0.008364 12.845295 126.0
90 13670.0 0.007103 0.512248 0.0 0.003356 1.318807 -13.45037 -0.173089 0.008364 12.845295 126.0
91 13670.0 0.028193 0.510847 0.0 0.00335 1.318807 -13.45037 -0.173089 0.008364 12.845295 126.0
92 13670.0 0.052399 0.516001 0.0 0.001264 1.318807 -13.45037 -0.173089 0.008364 12.845295 126.0
93 13670.0 0.061015 0.514234 0.0 0.001629 1.318807 -13.45037 -0.173089 0.008364 12.845295 126.0
94 13670.0 0.07458 0.482505 0.0 0.011223 1.318807 -13.45037 -0.173089 0.008364 12.845295 126.0
95 13670.0 0.065096 0.489327 0.0 0.0092 1.318807 -13.45037 -0.173089 0.008364 12.845295 126.0
96 13670.0 0.07051 0.484104 0.0 0.010693 1.318807 -13.45037 -0.173089 0.008364 12.845295 126.0
97 13670.0 0.056728 0.474161 0.0 0.015413 1.318807 -13.45037 -0.173089 0.008364 12.845295 126.0
98 13670.0 0.060814 0.476677 0.0 0.014072 1.318807 -13.45037 -0.173089 0.008364 12.845295 126.0
99 13670.0 0.088451 0.455122 0.0 0.022299 1.318807 -13.45037 -0.173089 0.008364 12.845295 126.0
100 13670.0 0.093274 0.470338 0.0 0.015467 1.318807 -13.45037 -0.173089 0.008364 12.845295 126.0
101 13670.0 0.089927 0.497722 0.0 0.006105 1.318807 -13.45037 -0.173089 0.008364 12.845295 126.0
102 13670.0 0.11185 0.504035 0.0 0.003711 1.318807 -13.45037 -0.173089 0.008364 12.845295 126.0
103 13670.0 0.097761 0.488535 0.0 0.008767 1.318807 -13.45037 -0.173089 0.008364 12.845295 126.0
104 13670.0 0.086035 0.494471 0.0 0.007185 1.318807 -13.45037 -0.173089 0.008364 12.845295 126.0
105 13670.0 0.085032 0.515594 0.0 0.000713 1.318807 -13.45037 -0.173089 0.008364 12.845295 126.0
106 13670.0 0.059573 0.524223 0.0 -0.001412 1.318807 -13.45037 -0.173089 0.008364 12.845295 126.0
107 13670.0 0.064607 0.559225 0.0 -0.004887 1.318807 -13.45037 -0.173089 0.008364 12.845295 126.0
108 13670.0 0.041219 0.538809 0.0 -0.005515 1.318807 -13.45037 -0.173089 0.008364 12.845295 126.0
109 13670.0 0.051996 0.5595 0.0 -0.006892 1.318807 -13.45037 -0.173089 0.008364 12.845295 126.0
110 13670.0 0.037858 0.553807 0.0 -0.009332 1.318807 -13.45037 -0.173089 0.008364 12.845295 126.0
111 13670.0 0.031014 0.545287 0.0 -0.007295 1.318807 -13.45037 -0.173089 0.008364 12.845295 126.0
112 13670.0 0.034372 0.531048 0.0 -0.002988 1.318807 -13.45037 -0.173089 0.008364 12.845295 126.0
113 13670.0 0.033189 0.520846 0.0 0.000173 1.318807 -13.45037 -0.173089 0.008364 12.845295 126.0
114 13670.0 0.037494 0.503519 0.0 0.005409 1.318807 -13.45037 -0.173089 0.008364 12.845295 126.0
115 13670.0 0.036639 0.500814 0.0 0.006258 1.318807 -13.45037 -0.173089 0.008364 12.845295 126.0
116 13670.0 0.055307 0.501047 0.0 0.0058 1.318807 -13.45037 -0.173089 0.008364 12.845295 126.0
117 13670.0 0.036807 0.508808 0.0 0.003798 1.318807 -13.45037 -0.173089 0.008364 12.845295 126.0
118 13670.0 0.057361 0.519746 0.0 1e-05 1.318807 -13.45037 -0.173089 0.008364 12.845295 126.0
119 13670.0 0.085781 0.543277 0.0 -0.002015 1.318807 -13.45037 -0.173089 0.008364 12.845295 126.0
120 13670.0 0.077818 0.547972 0.0 -0.003137 1.318807 -13.45037 -0.173089 0.008364 12.845295 126.0
121 13670.0 0.080812 0.54029 0.0 -0.002904 1.318807 -13.45037 -0.173089 0.008364 12.845295 126.0
122 13670.0 0.066888 0.550509 0.0 -0.004801 1.318807 -13.45037 -0.173089 0.008364 12.845295 126.0
123 13670.0 0.03721 0.538193 0.0 -0.005243 1.318807 -13.45037 -0.173089 0.008364 12.845295 126.0
124 13670.0 0.046814 0.521063 0.0 -0.000176 1.318807 -13.45037 -0.173089 0.008364 12.845295 126.0
125 13670.0 0.030903 0.541486 0.0 -0.006124 1.318807 -13.45037 -0.173089 0.008364 12.845295 126.0
126 13670.0 0.057707 0.533063 0.0 -0.00409 1.318807 -13.45037 -0.173089 0.008364 12.845295 126.0
127 13670.0 0.094186 0.540797 0.0 -0.000752 1.318807 -13.45037 -0.173089 0.008364 12.845295 126.0
128 13670.0 0.10155 0.536894 0.0 0.000299 1.318807 -13.45037 -0.173089 0.008364 12.845295 126.0
129 13670.0 0.101557 0.537173 0.0 0.000309 1.318807 -13.45037 -0.173089 0.008364 12.845295 126.0
130 13670.0 0.099522 0.553005 0.0 0.000491 1.318807 -13.45037 -0.173089 0.008364 12.845295 126.0
131 13670.0 0.104843 0.531684 0.0 0.000658 1.318807 -13.45037 -0.173089 0.008364 12.845295 126.0
132 13670.0 0.110181 0.53796 0.0 0.001712 1.318807 -13.45037 -0.173089 0.008364 12.845295 126.0
133 13670.0 0.115675 0.519582 0.0 0.002001 1.318807 -13.45037 -0.173089 0.008364 12.845295 126.0
134 13670.0 0.122544 0.513189 0.0 0.002894 1.318807 -13.45037 -0.173089 0.008364 12.845295 126.0
135 13670.0 0.125247 0.537618 0.0 0.004107 1.318807 -13.45037 -0.173089 0.008364 12.845295 126.0
136 13670.0 0.142036 0.529051 0.0 0.006514 1.318807 -13.45037 -0.173089 0.008364 12.845295 126.0
137 13670.0 0.144619 0.522487 0.0 0.006717 1.318807 -13.45037 -0.173089 0.008364 12.845295 126.0
138 13670.0 0.143483 0.520562 0.0 0.006474 1.318807 -13.45037 -0.173089 0.008364 12.845295 126.0
139 13670.0 0.16301 0.499418 0.0 0.008916 1.318807 -13.45037 -0.173089 0.008364 12.845295 126.0
140 13670.0 0.157278 0.484621 0.0 0.009528 1.318807 -13.45037 -0.173089 0.008364 12.845295 126.0
141 13670.0 0.14386 0.479683 0.0 0.011484 1.318807 -13.45037 -0.173089 0.008364 12.845295 126.0
142 13670.0 0.162807 0.484466 0.0 0.010388 1.318807 -13.45037 -0.173089 0.008364 12.845295 126.0
143 13670.0 0.185239 0.48084 0.0 0.014848 1.318807 -13.45037 -0.173089 0.008364 12.845295 126.0
144 13670.0 0.211935 0.483798 0.0 0.019397 1.318807 -13.45037 -0.173089 0.008364 12.845295 126.0
145 13670.0 0.232791 0.489706 0.0 0.026421 1.318807 -13.45037 -0.173089 0.008364 12.845295 126.0
146 13670.0 0.218677 0.489955 0.0 0.019984 1.318807 -13.45037 -0.173089 0.008364 12.845295 126.0
147 13670.0 0.219635 0.516369 0.0 0.02855 1.318807 -13.45037 -0.173089 0.008364 12.845295 126.0
148 13670.0 0.201067 0.526745 0.0 0.02079 1.318807 -13.45037 -0.173089 0.008364 12.845295 126.0
149 13670.0 0.207838 0.518457 0.0 0.021181 1.318807 -13.45037 -0.173089 0.008364 12.845295 126.0
150 13670.0 0.210408 0.49364 0.0 0.018095 1.318807 -13.45037 -0.173089 0.008364 12.845295 126.0
151 13670.0 0.228004 0.508907 0.0 0.030648 1.318807 -13.45037 -0.173089 0.008364 12.845295 126.0
152 13670.0 0.221629 0.509047 0.0 0.026023 1.318807 -13.45037 -0.173089 0.008364 12.845295 126.0
153 13670.0 0.243731 0.51132 0.0 0.043306 1.318807 -13.45037 -0.173089 0.008364 12.845295 126.0
154 13670.0 0.238104 0.508295 0.0 0.037901 1.318807 -13.45037 -0.173089 0.008364 12.845295 126.0
155 13670.0 0.258116 0.513092 0.0 0.054708 1.318807 -13.45037 -0.173089 0.008364 12.845295 126.0
156 13670.0 0.271893 0.52184 0.0 0.069161 1.318807 -13.45037 -0.173089 0.008364 12.845295 126.0
157 13670.0 0.283954 0.522166 0.0 0.078027 1.318807 -13.45037 -0.173089 0.008364 12.845295 126.0
158 13670.0 0.292435 0.527112 0.0 0.086814 1.318807 -13.45037 -0.173089 0.008364 12.845295 126.0
159 13670.0 0.29239 0.531398 0.0 0.089103 1.318807 -13.45037 -0.173089 0.008364 12.845295 126.0
160 13670.0 0.289179 0.527247 0.0 0.084542 1.318807 -13.45037 -0.173089 0.008364 12.845295 126.0
161 13670.0 0.29129 0.548061 0.0 0.097331 1.318807 -13.45037 -0.173089 0.008364 12.845295 126.0
162 13670.0 0.295448 0.532076 0.0 0.091673 1.318807 -13.45037 -0.173089 0.008364 12.845295 126.0
163 13670.0 0.283763 0.540164 0.0 0.087633 1.318807 -13.45037 -0.173089 0.008364 12.845295 126.0
164 13670.0 0.269966 0.531976 0.0 0.07326 1.318807 -13.45037 -0.173089 0.008364 12.845295 126.0
165 13670.0 0.265877 0.539046 0.0 0.074142 1.318807 -13.45037 -0.173089 0.008364 12.845295 126.0
166 13670.0 0.28458 0.517779 0.0 0.076263 1.318807 -13.45037 -0.173089 0.008364 12.845295 126.0
167 13670.0 0.279997 0.50456 0.0 0.067502 1.318807 -13.45037 -0.173089 0.008364 12.845295 126.0
168 13670.0 0.272885 0.525956 0.0 0.072104 1.318807 -13.45037 -0.173089 0.008364 12.845295 126.0
169 13670.0 0.274027 0.507615 0.0 0.064306 1.318807 -13.45037 -0.173089 0.008364 12.845295 126.0
170 13670.0 0.289885 0.523632 0.0 0.083094 1.318807 -13.45037 -0.173089 0.008364 12.845295 126.0
171 13670.0 0.289878 0.505157 0.0 0.075082 1.318807 -13.45037 -0.173089 0.008364 12.845295 126.0
172 13670.0 0.311164 0.495468 0.0 0.086964 1.318807 -13.45037 -0.173089 0.008364 12.845295 126.0
173 13670.0 0.31861 0.476095 0.0 0.084642 1.318807 -13.45037 -0.173089 0.008364 12.845295 126.0
174 13670.0 0.327583 0.469786 0.0 0.08875 1.318807 -13.45037 -0.173089 0.008364 12.845295 126.0
175 13670.0 0.317196 0.469552 0.0 0.08094 1.318807 -13.45037 -0.173089 0.008364 12.845295 126.0
176 13670.0 0.328182 0.505427 0.0 0.10364 1.318807 -13.45037 -0.173089 0.008364 12.845295 126.0
177 13670.0 0.336496 0.500731 0.0 0.107912 1.318807 -13.45037 -0.173089 0.008364 12.845295 126.0
178 13670.0 0.341349 0.511358 0.0 0.115823 1.318807 -13.45037 -0.173089 0.008364 12.845295 126.0
179 13670.0 0.340033 0.48979 0.0 0.106104 1.318807 -13.45037 -0.173089 0.008364 12.845295 126.0
180 13670.0 0.343522 0.50625 0.0 0.115367 1.318807 -13.45037 -0.173089 0.008364 12.845295 126.0
181 13670.0 0.368303 0.529381 0.0 0.143147 1.318807 -13.45037 -0.173089 0.008364 12.845295 126.0
182 13670.0 0.343284 0.523062 0.0 0.122004 1.318807 -13.45037 -0.173089 0.008364 12.845295 126.0
183 13670.0 0.343439 0.533882 0.0 0.127225 1.318807 -13.45037 -0.173089 0.008364 12.845295 126.0
184 13670.0 0.358795 0.517963 0.0 0.131458 1.318807 -13.45037 -0.173089 0.008364 12.845295 126.0
185 13670.0 0.359061 0.502778 0.0 0.125501 1.318807 -13.45037 -0.173089 0.008364 12.845295 126.0
186 13670.0 0.361713 0.512046 0.0 0.131226 1.318807 -13.45037 -0.173089 0.008364 12.845295 126.0
187 13670.0 0.374491 0.538997 0.0 0.152366 1.318807 -13.45037 -0.173089 0.008364 12.845295 126.0
188 13670.0 0.376679 0.557649 0.0 0.164223 1.318807 -13.45037 -0.173089 0.008364 12.845295 126.0
189 13670.0 0.371253 0.523038 0.0 0.142767 1.318807 -13.45037 -0.173089 0.008364 12.845295 126.0
190 13670.0 0.36085 0.507253 0.0 0.128643 1.318807 -13.45037 -0.173089 0.008364 12.845295 126.0
191 13670.0 0.386629 0.483855 0.0 0.138306 1.318807 -13.45037 -0.173089 0.008364 12.845295 126.0
192 13670.0 0.381521 0.494997 0.0 0.139027 1.318807 -13.45037 -0.173089 0.008364 12.845295 126.0
193 13670.0 0.36678 0.50566 0.0 0.132401 1.318807 -13.45037 -0.173089 0.008364 12.845295 126.0
194 13670.0 0.359333 0.504957 0.0 0.126586 1.318807 -13.45037 -0.173089 0.008364 12.845295 126.0
195 13670.0 0.380135 0.514583 0.0 0.145937 1.318807 -13.45037 -0.173089 0.008364 12.845295 126.0
196 13670.0 0.385904 0.532733 0.0 0.157578 1.318807 -13.45037 -0.173089 0.008364 12.845295 126.0
197 13670.0 0.381265 0.563754 0.0 0.17093 1.318807 -13.45037 -0.173089 0.008364 12.845295 126.0
198 13670.0 0.394113 0.558975 0.0 0.177566 1.318807 -13.45037 -0.173089 0.008364 12.845295 126.0
199 13670.0 0.402131 0.556995 0.0 0.182551 1.318807 -13.45037 -0.173089 0.008364 12.845295 126.0
200 13670.0 0.431955 0.555314 0.0 0.206778 1.318807 -13.45037 -0.173089 0.008364 12.845295 126.0
201 13670.0 0.443504 0.542498 0.0 0.207837 1.318807 -13.45037 -0.173089 0.008364 12.845295 126.0
202 13670.0 0.450909 0.52269 0.0 0.203028 1.318807 -13.45037 -0.173089 0.008364 12.845295 126.0
203 13670.0 0.44053 0.495337 0.0 0.182991 1.318807 -13.45037 -0.173089 0.008364 12.845295 126.0
204 13670.0 0.442448 0.524244 0.0 0.196523 1.318807 -13.45037 -0.173089 0.008364 12.845295 126.0
205 13670.0 0.4475 0.527072 0.0 0.202516 1.318807 -13.45037 -0.173089 0.008364 12.845295 126.0
206 13670.0 0.45491 0.527235 0.0 0.20907 1.318807 -13.45037 -0.173089 0.008364 12.845295 126.0
207 13670.0 0.467342 0.506012 0.0 0.207996 1.318807 -13.45037 -0.173089 0.008364 12.845295 126.0
208 13670.0 0.475985 0.510102 0.0 0.217828 1.318807 -13.45037 -0.173089 0.008364 12.845295 126.0
209 13670.0 0.485886 0.510301 0.0 0.226575 1.318807 -13.45037 -0.173089 0.008364 12.845295 126.0
210 13670.0 0.496636 0.518359 0.0 0.240473 1.318807 -13.45037 -0.173089 0.008364 12.845295 126.0
211 13670.0 0.511457 0.529475 0.0 0.259779 1.318807 -13.45037 -0.173089 0.008364 12.845295 126.0
212 13670.0 0.532496 0.527235 0.0 0.276892 1.318807 -13.45037 -0.173089 0.008364 12.845295 126.0
213 13670.0 0.544992 0.525308 0.0 0.286712 1.318807 -13.45037 -0.173089 0.008364 12.845295 126.0
214 13670.0 0.538234 0.507456 0.0 0.270627 1.318807 -13.45037 -0.173089 0.008364 12.845295 126.0
215 13670.0 0.558468 0.52933 0.0 0.300815 1.318807 -13.45037 -0.173089 0.008364 12.845295 126.0
216 13670.0 0.54708 0.536535 0.0 0.294999 1.318807 -13.45037 -0.173089 0.008364 12.845295 126.0
217 13670.0 0.56207 0.556561 0.0 0.319635 1.318807 -13.45037 -0.173089 0.008364 12.845295 126.0
218 13670.0 0.583115 0.572033 0.0 0.347523 1.318807 -13.45037 -0.173089 0.008364 12.845295 126.0
219 13670.0 0.541327 0.595976 0.0 0.328939 1.318807 -13.45037 -0.173089 0.008364 12.845295 126.0
220 13670.0 0.557937 0.582534 0.0 0.333534 1.318807 -13.45037 -0.173089 0.008364 12.845295 126.0
221 13670.0 0.592114 0.556366 0.0 0.345801 1.318807 -13.45037 -0.173089 0.008364 12.845295 126.0
222 13670.0 0.61945 0.558167 0.0 0.370747 1.318807 -13.45037 -0.173089 0.008364 12.845295 126.0
223 13670.0 0.603809 0.546635 0.0 0.35043 1.318807 -13.45037 -0.173089 0.008364 12.845295 126.0
224 13670.0 0.5907 0.544218 0.0 0.337573 1.318807 -13.45037 -0.173089 0.008364 12.845295 126.0
225 13670.0 0.588564 0.539381 0.0 0.332922 1.318807 -13.45037 -0.173089 0.008364 12.845295 126.0
226 13670.0 0.604885 0.532487 0.0 0.343231 1.318807 -13.45037 -0.173089 0.008364 12.845295 126.0
227 13670.0 0.615357 0.576654 0.0 0.378294 1.318807 -13.45037 -0.173089 0.008364 12.845295 126.0
228 13670.0 0.656167 0.583224 0.0 0.417756 1.318807 -13.45037 -0.173089 0.008364 12.845295 126.0
229 13670.0 0.665664 0.561566 0.0 0.413124 1.318807 -13.45037 -0.173089 0.008364 12.845295 126.0
230 13670.0 0.66548 0.593014 0.0 0.43266 1.318807 -13.45037 -0.173089 0.008364 12.845295 126.0
231 13670.0 0.70875 0.584494 0.0 0.464004 1.318807 -13.45037 -0.173089 0.008364 12.845295 126.0
232 13670.0 0.698453 0.621366 0.0 0.480939 1.318807 -13.45037 -0.173089 0.008364 12.845295 126.0
233 13670.0 0.708947 0.63494 0.0 0.499543 1.318807 -13.45037 -0.173089 0.008364 12.845295 126.0
234 13670.0 0.745386 0.652267 0.0 0.542932 1.318807 -13.45037 -0.173089 0.008364 12.845295 126.0
235 13670.0 0.753356 0.672564 0.0 0.564167 1.318807 -13.45037 -0.173089 0.008364 12.845295 126.0
236 13670.0 0.754142 0.670632 0.0 0.563462 1.318807 -13.45037 -0.173089 0.008364 12.845295 126.0
237 13670.0 0.761609 0.675218 0.0 0.573091 1.318807 -13.45037 -0.173089 0.008364 12.845295 126.0
238 13670.0 0.759318 0.700422 0.0 0.58907 1.318807 -13.45037 -0.173089 0.008364 12.845295 126.0
239 13670.0 0.743558 0.693426 0.0 0.570658 1.318807 -13.45037 -0.173089 0.008364 12.845295 126.0
240 13670.0 0.747527 0.678006 0.0 0.56307 1.318807 -13.45037 -0.173089 0.008364 12.845295 126.0
241 13670.0 0.739184 0.659684 0.0 0.542923 1.318807 -13.45037 -0.173089 0.008364 12.845295 126.0
242 13670.0 0.707782 0.654759 0.0 0.512651 1.318807 -13.45037 -0.173089 0.008364 12.845295 126.0
243 13670.0 0.696354 0.682491 0.0 0.522642 1.318807 -13.45037 -0.173089 0.008364 12.845295 126.0
244 13670.0 0.710636 0.696813 0.0 0.545005 1.318807 -13.45037 -0.173089 0.008364 12.845295 126.0
245 13670.0 0.740413 0.704399 0.0 0.575786 1.318807 -13.45037 -0.173089 0.008364 12.845295 126.0
246 13670.0 0.729955 0.719562 0.0 0.577659 1.318807 -13.45037 -0.173089 0.008364 12.845295 126.0
247 13670.0 0.753209 0.718019 0.0 0.596384 1.318807 -13.45037 -0.173089 0.008364 12.845295 126.0
248 13670.0 0.761832 0.730441 0.0 0.612572 1.318807 -13.45037 -0.173089 0.008364 12.845295 126.0
249 13670.0 0.766231 0.732677 0.0 0.617913 1.318807 -13.45037 -0.173089 0.008364 12.845295 126.0
250 13670.0 0.767005 0.726012 0.0 0.613831 1.318807 -13.45037 -0.173089 0.008364 12.845295 126.0
251 13670.0 0.773637 0.719832 0.0 0.615086 1.318807 -13.45037 -0.173089 0.008364 12.845295 126.0
252 13670.0 0.774464 0.713778 0.0 0.611484 1.318807 -13.45037 -0.173089 0.008364 12.845295 126.0
253 13670.0 0.781811 0.717247 0.0 0.620215 1.318807 -13.45037 -0.173089 0.008364 12.845295 126.0
254 13670.0 0.759509 0.706714 0.0 0.59371 1.318807 -13.45037 -0.173089 0.008364 12.845295 126.0
255 13670.0 0.765258 0.710167 0.0 0.601068 1.318807 -13.45037 -0.173089 0.008364 12.845295 126.0
256 13670.0 0.767011 0.720837 0.0 0.610154 1.318807 -13.45037 -0.173089 0.008364 12.845295 126.0
257 13670.0 0.762258 0.739776 0.0 0.619577 1.318807 -13.45037 -0.173089 0.008364 12.845295 126.0
258 13670.0 0.759424 0.757586 0.0 0.630148 1.318807 -13.45037 -0.173089 0.008364 12.845295 126.0
259 13670.0 0.765643 0.759779 0.0 0.637166 1.318807 -13.45037 -0.173089 0.008364 12.845295 126.0
260 13670.0 0.789436 0.759908 0.0 0.657958 1.318807 -13.45037 -0.173089 0.008364 12.845295 126.0
261 13670.0 0.791344 0.75692 0.0 0.657425 1.318807 -13.45037 -0.173089 0.008364 12.845295 126.0
262 13670.0 0.775424 0.769599 0.0 0.65288 1.318807 -13.45037 -0.173089 0.008364 12.845295 126.0
263 13670.0 0.788268 0.788808 0.0 0.678146 1.318807 -13.45037 -0.173089 0.008364 12.845295 126.0
264 13670.0 0.802165 0.801319 0.0 0.699414 1.318807 -13.45037 -0.173089 0.008364 12.845295 126.0
265 13670.0 0.809197 0.805957 0.0 0.708933 1.318807 -13.45037 -0.173089 0.008364 12.845295 126.0
266 13670.0 0.824229 0.820759 0.0 0.73287 1.318807 -13.45037 -0.173089 0.008364 12.845295 126.0
267 13670.0 0.843413 0.860817 0.0 0.778949 1.318807 -13.45037 -0.173089 0.008364 12.845295 126.0
268 13670.0 0.861345 0.866683 0.0 0.798851 1.318807 -13.45037 -0.173089 0.008364 12.845295 126.0
269 13670.0 0.848114 0.919766 0.0 0.82629 1.318807 -13.45037 -0.173089 0.008364 12.845295 126.0
270 13670.0 0.89087 0.92467 0.0 0.867024 1.318807 -13.45037 -0.173089 0.008364 12.845295 126.0
271 13670.0 0.88456 0.956906 0.0 0.884668 1.318807 -13.45037 -0.173089 0.008364 12.845295 126.0
272 13670.0 0.911925 0.96746 0.0 0.915646 1.318807 -13.45037 -0.173089 0.008364 12.845295 126.0
273 13670.0 0.886925 0.979395 0.0 0.902771 1.318807 -13.45037 -0.173089 0.008364 12.845295 126.0
274 13670.0 0.873589 0.995044 0.0 0.896975 1.318807 -13.45037 -0.173089 0.008364 12.845295 126.0
275 13670.0 0.903462 1.0261 0.0 0.924173 1.318807 -13.45037 -0.173089 0.008364 12.845295 126.0
276 13670.0 0.918802 1.034663 0.0 0.936059 1.318807 -13.45037 -0.173089 0.008364 12.845295 126.0
277 13670.0 0.922872 1.040817 0.0 0.937922 1.318807 -13.45037 -0.173089 0.008364 12.845295 126.0
278 13670.0 0.956572 1.040033 0.0 0.952197 1.318807 -13.45037 -0.173089 0.008364 12.845295 126.0
279 13670.0 0.966632 1.05365 0.0 0.956769 1.318807 -13.45037 -0.173089 0.008364 12.845295 126.0
280 13670.0 0.953921 1.068215 0.0 0.951702 1.318807 -13.45037 -0.173089 0.008364 12.845295 126.0
281 13670.0 0.947739 1.065393 0.0 0.949017 1.318807 -13.45037 -0.173089 0.008364 12.845295 126.0
282 13670.0 0.972027 1.083266 0.0 0.959717 1.318807 -13.45037 -0.173089 0.008364 12.845295 126.0
283 13670.0 0.988027 1.049921 0.0 0.965759 1.318807 -13.45037 -0.173089 0.008364 12.845295 126.0
284 13670.0 0.971965 1.055104 0.0 0.959062 1.318807 -13.45037 -0.173089 0.008364 12.845295 126.0
285 13670.0 0.981221 1.082001 0.0 0.963588 1.318807 -13.45037 -0.173089 0.008364 12.845295 126.0
286 13670.0 0.989319 1.126563 0.0 0.968017 1.318807 -13.45037 -0.173089 0.008364 12.845295 126.0
287 13670.0 0.981127 1.155805 0.0 0.965195 1.318807 -13.45037 -0.173089 0.008364 12.845295 126.0
