 time p.x p.y p.z deep.node-0 CV opes.bias opes.rct opes.zed opes.neff opes.nker
0 4815.0 0.137831 0.520413 0.0 0.005567 0.95596 -7.353953 -0.068201 0.014843 12.845295 71.0
1 4815.0 0.129565 0.506083 0.0 0.003788 0.95596 -7.353953 -0.068201 0.014843 12.845295 71.0
2 4815.0 0.135744 0.525438 0.0 0.005394 0.95596 -7.353953 -0.068201 0.014843 12.845295 71.0
3 4815.0 0.140939 0.526658 0.0 0.006263 0.95596 -7.353953 -0.068201 0.014843 12.845295 71.0
4 4815.0 0.139377 0.538111 0.0 0.006379 0.95596 -7.353953 -0.068201 0.014843 12.845295 71.0
5 4815.0 0.147 0.552187 0.0 0.008047 0.95596 -7.353953 -0.068201 0.014843 12.845295 71.0
6 4815.0 0.148237 0.540746 0.0 0.007879 0.95596 -7.353953 -0.068201 0.014843 12.845295 71.0
7 4815.0 0.135776 0.510597 0.0 0.004924 0.95596 -7.353953 -0.068201 0.014843 12.845295 71.0
8 4815.0 0.130149 0.513893 0.0 0.004131 0.95596 -7.353953 -0.068201 0.014843 12.845295 71.0
9 4815.0 0.150435 0.533957 0.0 0.008013 0.95596 -7.353953 -0.068201 0.014843 12.845295 71.0
10 4815.0 0.150232 0.514067 0.0 0.007344 0.95596 -7.353953 -0.068201 0.014843 12.845295 71.0
11 4815.0 0.127908 0.516761 0.0 0.003865 0.95596 -7.353953 -0.068201 0.014843 12.845295 71.0
12 4815.0 0.116541 0.506848 0.0 0.002749 0.95596 -7.353953 -0.068201 0.014843 12.845295 71.0
13 4815.0 0.126623 0.497371 0.0 0.005453 0.95596 -7.353953 -0.068201 0.014843 12.845295 71.0
14 4815.0 0.134514 0.48503 0.0 0.009631 0.95596 -7.353953 -0.068201 0.014843 12.845295 71.0
15 4815.0 0.129717 0.509988 0.0 0.003937 0.95596 -7.353953 -0.068201 0.014843 12.845295 71.0
16 4815.0 0.146819 0.535349 0.0 0.00748 0.95596 -7.353953 -0.068201 0.014843 12.845295 71.0
17 4815.0 0.149105 0.519136 0.0 0.007326 0.95596 -7.353953 -0.068201 0.014843 12.845295 71.0
18 4815.0 0.130038 0.510802 0.0 0.004014 0.95596 -7.353953 -0.068201 0.014843 12.845295 71.0
19 4815.0 0.137265 0.512719 0.0 0.00523 0.95596 -7.353953 -0.068201 0.014843 12.845295 71.0
20 4815.0 0.121685 0.506763 0.0 0.002668 0.95596 -7.353953 -0.068201 0.014843 12.845295 71.0
21 4815.0 0.136073 0.493775 0.0 0.006415 0.95596 -7.353953 -0.068201 0.014843 12.845295 71.0
22 4815.0 0.155868 0.50748 0.0 0.008034 0.95596 -7.353953 -0.068201 0.014843 12.845295 71.0
23 4815.0 0.14675 0.5353 0.0 0.007467 0.95596 -7.353953 -0.068201 0.014843 12.845295 71.0
24 4815.0 0.14997 0.550136 0.0 0.008456 0.95596 -7.353953 -0.068201 0.014843 12.845295 71.0
25 4815.0 0.158172 0.551313 0.0 0.009804 0.95596 -7.353953 -0.068201 0.014843 12.845295 71.0
26 4815.0 0.159578 0.531031 0.0 0.009379 0.95596 -7.353953 -0.068201 0.014843 12.845295 71.0
27 4815.0 0.154751 0.514178 0.0 0.008069 0.95596 -7.353953 -0.068201 0.014843 12.845295 71.0
28 4815.0 0.169389 0.520363 0.0 0.010605 0.95596 -7.353953 -0.068201 0.014843 12.845295 71.0
29 4815.0 0.172428 0.510444 0.0 0.010773 0.95596 -7.353953 -0.068201 0.014843 12.845295 71.0
30 4815.0 0.178496 0.536722 0.0 0.012583 0.95596 -7.353953 -0.068201 0.014843 12.845295 71.0
31 4815.0 0.176191 0.535501 0.0 0.012176 0.95596 -7.353953 -0.068201 0.014843 12.845295 71.0
32 4815.0 0.190625 0.540648 0.0 0.020794 0.95596 -7.353953 -0.068201 0.014843 12.845295 71.0
33 4815.0 0.171361 0.545491 0.0 0.011724 0.95596 -7.353953 -0.068201 0.014843 12.845295 71.0
34 4815.0 0.160587 0.535724 0.0 0.009691 0.95596 -7.353953 -0.068201 0.014843 12.845295 71.0
35 4815.0 0.186887 0.529617 0.0 0.013696 0.95596 -7.353953 -0.068201 0.014843 12.845295 71.0
36 4815.0 0.18867 0.505209 0.0 0.0132 0.95596 -7.353953 -0.068201 0.014843 12.845295 71.0
37 4815.0 0.187004 0.502893 0.0 0.012874 0.95596 -7.353953 -0.068201 0.014843 12.845295 71.0
38 4815.0 0.181326 0.508113 0.0 0.01212 0.95596 -7.353953 -0.068201 0.014843 12.845295 71.0
39 4815.0 0.179359 0.520909 0.0 0.012215 0.95596 -7.353953 -0.068201 0.014843 12.845295 71.0
40 4815.0 0.192145 0.515467 0.0 0.014083 0.95596 -7.353953 -0.068201 0.014843 12.845295 71.0
41 4815.0 0.203067 0.504045 0.0 0.015677 0.95596 -7.353953 -0.068201 0.014843 12.845295 71.0
42 4815.0 0.183845 0.491684 0.0 0.013465 0.95596 -7.353953 -0.068201 0.014843 12.845295 71.0
43 4815.0 0.207471 0.507625 0.0 0.01628 0.95596 -7.353953 -0.068201 0.014843 12.845295 71.0
44 4815.0 0.233089 0.508175 0.0 0.034128 0.95596 -7.353953 -0.068201 0.014843 12.845295 71.0
45 4815.0 0.226289 0.493946 0.0 0.023311 0.95596 -7.353953 -0.068201 0.014843 12.845295 71.0
46 4815.0 0.236049 0.493779 0.0 0.030492 0.95596 -7.353953 -0.068201 0.014843 12.845295 71.0
47 4815.0 0.239654 0.530793 0.0 0.050781 0.95596 -7.353953 -0.068201 0.014843 12.845295 71.0
48 4815.0 0.240203 0.518165 0.0 0.044341 0.95596 -7.353953 -0.068201 0.014843 12.845295 71.0
49 4815.0 0.242794 0.526317 0.0 0.05062 0.95596 -7.353953 -0.068201 0.014843 12.845295 71.0
50 4815.0 0.263733 0.513326 0.0 0.058975 0.95596 -7.353953 -0.068201 0.014843 12.845295 71.0
51 4815.0 0.278312 0.491577 0.0 0.060988 0.95596 -7.353953 -0.068201 0.014843 12.845295 71.0
52 4815.0 0.278404 0.491082 0.0 0.060856 0.95596 -7.353953 -0.068201 0.014843 12.845295 71.0
53 4815.0 0.261487 0.478288 0.0 0.043106 0.95596 -7.353953 -0.068201 0.014843 12.845295 71.0
54 4815.0 0.272137 0.479906 0.0 0.051672 0.95596 -7.353953 -0.068201 0.014843 12.845295 71.0
55 4815.0 0.284818 0.483958 0.0 0.062732 0.95596 -7.353953 -0.068201 0.014843 12.845295 71.0
56 4815.0 0.28849 0.47964 0.0 0.063709 0.95596 -7.353953 -0.068201 0.014843 12.845295 71.0
57 4815.0 0.281569 0.514643 0.0 0.072756 0.95596 -7.353953 -0.068201 0.014843 12.845295 71.0
58 4815.0 0.307103 0.517259 0.0 0.09278 0.95596 -7.353953 -0.068201 0.014843 12.845295 71.0
59 4815.0 0.296482 0.515042 0.0 0.083993 0.95596 -7.353953 -0.068201 0.014843 12.845295 71.0
60 4815.0 0.311115 0.516491 0.0 0.095449 0.95596 -7.353953 -0.068201 0.014843 12.845295 71.0
61 4815.0 0.300695 0.502349 0.0 0.081978 0.95596 -7.353953 -0.068201 0.014843 12.845295 71.0
62 4815.0 0.302558 0.526613 0.0 0.093838 0.95596 -7.353953 -0.068201 0.014843 12.845295 71.0
63 4815.0 0.329227 0.519009 0.0 0.109921 0.95596 -7.353953 -0.068201 0.014843 12.845295 71.0
64 4815.0 0.360962 0.506414 0.0 0.128386 0.95596 -7.353953 -0.068201 0.014843 12.845295 71.0
65 4815.0 0.36 0.52632 0.0 0.135739 0.95596 -7.353953 -0.068201 0.014843 12.845295 71.0
66 4815.0 0.350232 0.532551 0.0 0.131399 0.95596 -7.353953 -0.068201 0.014843 12.845295 71.0
67 4815.0 0.351937 0.508238 0.0 0.122422 0.95596 -7.353953 -0.068201 0.014843 12.845295 71.0
68 4815.0 0.344995 0.501902 0.0 0.114698 0.95596 -7.353953 -0.068201 0.014843 12.845295 71.0
69 4815.0 0.316531 0.518105 0.0 0.100125 0.95596 -7.353953 -0.068201 0.014843 12.845295 71.0
70 4815.0 0.325939 0.508386 0.0 0.103173 0.95596 -7.353953 -0.068201 0.014843 12.845295 71.0
71 4815.0 0.309506 0.501885 0.0 0.088334 0.95596 -7.353953 -0.068201 0.014843 12.845295 71.0
72 4815.0 0.310111 0.508484 0.0 0.091457 0.95596 -7.353953 -0.068201 0.014843 12.845295 71.0
73 4815.0 0.344107 0.512973 0.0 0.118526 0.95596 -7.353953 -0.068201 0.014843 12.845295 71.0
74 4815.0 0.35623 0.51526 0.0 0.128457 0.95596 -7.353953 -0.068201 0.014843 12.845295 71.0
75 4815.0 0.377833 0.510687 0.0 0.142648 0.95596 -7.353953 -0.068201 0.014843 12.845295 71.0
76 4815.0 0.356853 0.484975 0.0 0.116645 0.95596 -7.353953 -0.068201 0.014843 12.845295 71.0
77 4815.0 0.397019 0.492419 0.0 0.149493 0.95596 -7.353953 -0.068201 0.014843 12.845295 71.0
78 4815.0 0.398416 0.483735 0.0 0.147011 0.95596 -7.353953 -0.068201 0.014843 12.845295 71.0
79 4815.0 0.414457 0.503508 0.0 0.166939 0.95596 -7.353953 -0.068201 0.014843 12.845295 71.0
80 4815.0 0.412537 0.481884 0.0 0.156748 0.95596 -7.353953 -0.068201 0.014843 12.845295 71.0
81 4815.0 0.399111 0.497582 0.0 0.153139 0.95596 -7.353953 -0.068201 0.014843 12.845295 71.0
82 4815.0 0.395917 0.51924 0.0 0.159546 0.95596 -7.353953 -0.068201 0.014843 12.845295 71.0
83 4815.0 0.377821 0.505042 0.0 0.140351 0.95596 -7.353953 -0.068201 0.014843 12.845295 71.0
84 4815.0 0.350044 0.508881 0.0 0.121277 0.95596 -7.353953 -0.068201 0.014843 12.845295 71.0
85 4815.0 0.34897 0.507933 0.0 0.120095 0.95596 -7.353953 -0.068201 0.014843 12.845295 71.0
86 4815.0 0.343275 0.510146 0.0 0.116762 0.95596 -7.353953 -0.068201 0.014843 12.845295 71.0
87 4815.0 0.348814 0.501901 0.0 0.117534 0.95596 -7.353953 -0.068201 0.014843 12.845295 71.0
88 4815.0 0.381656 0.494842 0.0 0.139065 0.95596 -7.353953 -0.068201 0.014843 12.845295 71.0
89 4815.0 0.375565 0.473326 0.0 0.125821 0.95596 -7.353953 -0.068201 0.014843 12.845295 71.0
90 4815.0 0.386175 0.471032 0.0 0.132771 0.95596 -7.353953 -0.068201 0.014843 12.845295 71.0
91 4815.0 0.404825 0.493924 0.0 0.155901 0.95596 -7.353953 -0.068201 0.014843 12.845295 71.0
92 4815.0 0.398119 0.512057 0.0 0.158269 0.95596 -7.353953 -0.068201 0.014843 12.845295 71.0
93 4815.0 0.3938 0.507876 0.0 0.153367 0.95596 -7.353953 -0.068201 0.014843 12.845295 71.0
94 4815.0 0.377689 0.53638 0.0 0.153253 0.95596 -7.353953 -0.068201 0.014843 12.845295 71.0
95 4815.0 0.393225 0.543995 0.0 0.168604 0.95596 -7.353953 -0.068201 0.014843 12.845295 71.0
96 4815.0 0.393398 0.540333 0.0 0.166711 0.95596 -7.353953 -0.068201 0.014843 12.845295 71.0
97 4815.0 0.443566 0.540704 0.0 0.206859 0.95596 -7.353953 -0.068201 0.014843 12.845295 71.0
98 4815.0 0.464933 0.518626 0.0 0.212977 0.95596 -7.353953 -0.068201 0.014843 12.845295 71.0
99 4815.0 0.463859 0.514293 0.0 0.209607 0.95596 -7.353953 -0.068201 0.014843 12.845295 71.0
100 4815.0 0.476346 0.490999 0.0 0.207834 0.95596 -7.353953 -0.068201 0.014843 12.845295 71.0
101 4815.0 0.492383 0.518545 0.0 0.236869 0.95596 -7.353953 -0.068201 0.014843 12.845295 71.0
102 4815.0 0.506609 0.521856 0.0 0.251154 0.95596 -7.353953 -0.068201 0.014843 12.845295 71.0
103 4815.0 0.50921 0.523665 0.0 0.254471 0.95596 -7.353953 -0.068201 0.014843 12.845295 71.0
104 4815.0 0.532211 0.535766 0.0 0.281551 0.95596 -7.353953 -0.068201 0.014843 12.845295 71.0
105 4815.0 0.543447 0.558018 0.0 0.304184 0.95596 -7.353953 -0.068201 0.014843 12.845295 71.0
106 4815.0 0.546684 0.553758 0.0 0.304565 0.95596 -7.353953 -0.068201 0.014843 12.845295 71.0
107 4815.0 0.550269 0.558509 0.0 0.310434 0.95596 -7.353953 -0.068201 0.014843 12.845295 71.0
108 4815.0 0.536716 0.555372 0.0 0.296775 0.95596 -7.353953 -0.068201 0.014843 12.845295 71.0
109 4815.0 0.549145 0.537335 0.0 0.297266 0.95596 -7.353953 -0.068201 0.014843 12.845295 71.0
110 4815.0 0.56123 0.540931 0.0 0.309906 0.95596 -7.353953 -0.068201 0.014843 12.845295 71.0
111 4815.0 0.557994 0.548093 0.0 0.311197 0.95596 -7.353953 -0.068201 0.014843 12.845295 71.0
112 4815.0 0.566898 0.554616 0.0 0.322738 0.95596 -7.353953 -0.068201 0.014843 12.845295 71.0
113 4815.0 0.55931 0.55062 0.0 0.313801 0.95596 -7.353953 -0.068201 0.014843 12.845295 71.0
114 4815.0 0.559352 0.574437 0.0 0.328978 0.95596 -7.353953 -0.068201 0.014843 12.845295 71.0
115 4815.0 0.567874 0.595203 0.0 0.351017 0.95596 -7.353953 -0.068201 0.014843 12.845295 71.0
116 4815.0 0.567812 0.593781 0.0 0.349953 0.95596 -7.353953 -0.068201 0.014843 12.845295 71.0
117 4815.0 0.574443 0.568661 0.0 0.337732 0.95596 -7.353953 -0.068201 0.014843 12.845295 71.0
118 4815.0 0.595274 0.572292 0.0 0.358072 0.95596 -7.353953 -0.068201 0.014843 12.845295 71.0
119 4815.0 0.608215 0.569002 0.0 0.367156 0.95596 -7.353953 -0.068201 0.014843 12.845295 71.0
120 4815.0 0.603346 0.57545 0.0 0.3672 0.95596 -7.353953 -0.068201 0.014843 12.845295 71.0
121 4815.0 0.60095 0.577179 0.0 0.366388 0.95596 -7.353953 -0.068201 0.014843 12.845295 71.0
122 4815.0 0.594526 0.574759 0.0 0.35919 0.95596 -7.353953 -0.068201 0.014843 12.845295 71.0
123 4815.0 0.575571 0.569712 0.0 0.339442 0.95596 -7.353953 -0.068201 0.014843 12.845295 71.0
124 4815.0 0.601127 0.573425 0.0 0.363867 0.95596 -7.353953 -0.068201 0.014843 12.845295 71.0
125 4815.0 0.599767 0.589944 0.0 0.374461 0.95596 -7.353953 -0.068201 0.014843 12.845295 71.0
126 4815.0 0.59617 0.599191 0.0 0.377975 0.95596 -7.353953 -0.068201 0.014843 12.845295 71.0
127 4815.0 0.598208 0.596517 0.0 0.37781 0.95596 -7.353953 -0.068201 0.014843 12.845295 71.0
128 4815.0 0.604584 0.590151 0.0 0.378715 0.95596 -7.353953 -0.068201 0.014843 12.845295 71.0
129 4815.0 0.608626 0.591051 0.0 0.382801 0.95596 -7.353953 -0.068201 0.014843 12.845295 71.0
130 4815.0 0.601975 0.597996 0.0 0.382073 0.95596 -7.353953 -0.068201 0.014843 12.845295 71.0
131 4815.0 0.588379 0.59095 0.0 0.36547 0.95596 -7.353953 -0.068201 0.014843 12.845295 71.0
132 4815.0 0.55992 0.571471 0.0 0.327351 0.95596 -7.353953 -0.068201 0.014843 12.845295 71.0
133 4815.0 0.551994 0.572509 0.0 0.321335 0.95596 -7.353953 -0.068201 0.014843 12.845295 71.0
134 4815.0 0.550382 0.583758 0.0 0.327964 0.95596 -7.353953 -0.068201 0.014843 12.845295 71.0
135 4815.0 0.56333 0.581348 0.0 0.337286 0.95596 -7.353953 -0.068201 0.014843 12.845295 71.0
136 4815.0 0.58273 0.573233 0.0 0.348048 0.95596 -7.353953 -0.068201 0.014843 12.845295 71.0
137 4815.0 0.585465 0.566088 0.0 0.34558 0.95596 -7.353953 -0.068201 0.014843 12.845295 71.0
138 4815.0 0.585535 0.565362 0.0 0.345223 0.95596 -7.353953 -0.068201 0.014843 12.845295 71.0
139 4815.0 0.564411 0.55692 0.0 0.321889 0.95596 -7.353953 -0.068201 0.014843 12.845295 71.0
140 4815.0 0.570589 0.568808 0.0 0.334552 0.95596 -7.353953 -0.068201 0.014843 12.845295 71.0
141 4815.0 0.575081 0.588887 0.0 0.352667 0.95596 -7.353953 -0.068201 0.014843 12.845295 71.0
142 4815.0 0.597286 0.59191 0.0 0.373745 0.95596 -7.353953 -0.068201 0.014843 12.845295 71.0
143 4815.0 0.591791 0.600221 0.0 0.374975 0.95596 -7.353953 -0.068201 0.014843 12.845295 71.0
144 4815.0 0.563992 0.578465 0.0 0.335799 0.95596 -7.353953 -0.068201 0.014843 12.845295 71.0
145 4815.0 0.570172 0.580663 0.0 0.34263 0.95596 -7.353953 -0.068201 0.014843 12.845295 71.0
146 4815.0 0.553305 0.576527 0.0 0.325311 0.95596 -7.353953 -0.068201 0.014843 12.845295 71.0
147 4815.0 0.596099 0.553557 0.0 0.34767 0.95596 -7.353953 -0.068201 0.014843 12.845295 71.0
148 4815.0 0.590487 0.554563 0.0 0.343341 0.95596 -7.353953 -0.068201 0.014843 12.845295 71.0
149 4815.0 0.58513 0.580922 0.0 0.355565 0.95596 -7.353953 -0.068201 0.014843 12.845295 71.0
150 4815.0 0.591648 0.577579 0.0 0.358743 0.95596 -7.353953 -0.068201 0.014843 12.845295 71.0
151 4815.0 0.589003 0.574249 0.0 0.354119 0.95596 -7.353953 -0.068201 0.014843 12.845295 71.0
152 4815.0 0.605122 0.579498 0.0 0.371594 0.95596 -7.353953 -0.068201 0.014843 12.845295 71.0
153 4815.0 0.638624 0.596142 0.0 0.411993 0.95596 -7.353953 -0.068201 0.014843 12.845295 71.0
154 4815.0 0.627569 0.599634 0.0 0.405055 0.95596 -7.353953 -0.068201 0.014843 12.845295 71.0
155 4815.0 0.651937 0.559921 0.0 0.400171 0.95596 -7.353953 -0.068201 0.014843 12.845295 71.0
156 4815.0 0.665932 0.552748 0.0 0.408285 0.95596 -7.353953 -0.068201 0.014843 12.845295 71.0
157 4815.0 0.652517 0.561386 0.0 0.401522 0.95596 -7.353953 -0.068201 0.014843 12.845295 71.0
158 4815.0 0.650802 0.581241 0.0 0.411772 0.95596 -7.353953 -0.068201 0.014843 12.845295 71.0
159 4815.0 0.652804 0.572486 0.0 0.40816 0.95596 -7.353953 -0.068201 0.014843 12.845295 71.0
160 4815.0 0.667998 0.567209 0.0 0.418413 0.95596 -7.353953 -0.068201 0.014843 12.845295 71.0
161 4815.0 0.682107 0.556791 0.0 0.424759 0.95596 -7.353953 -0.068201 0.014843 12.845295 71.0
162 4815.0 0.676304 0.608865 0.0 0.453165 0.95596 -7.353953 -0.068201 0.014843 12.845295 71.0
163 4815.0 0.660646 0.628894 0.0 0.454068 0.95596 -7.353953 -0.068201 0.014843 12.845295 71.0
164 4815.0 0.639129 0.631916 0.0 0.437878 0.95596 -7.353953 -0.068201 0.014843 12.845295 71.0
165 4815.0 0.642475 0.654471 0.0 0.456779 0.95596 -7.353953 -0.068201 0.014843 12.845295 71.0
166 4815.0 0.674271 0.670095 0.0 0.494998 0.95596 -7.353953 -0.068201 0.014843 12.845295 71.0
167 4815.0 0.659537 0.668876 0.0 0.481571 0.95596 -7.353953 -0.068201 0.014843 12.845295 71.0
168 4815.0 0.660234 0.66948 0.0 0.482595 0.95596 -7.353953 -0.068201 0.014843 12.845295 71.0
169 4815.0 0.682939 0.693058 0.0 0.518725 0.95596 -7.353953 -0.068201 0.014843 12.845295 71.0
170 4815.0 0.684664 0.675596 0.0 0.50777 0.95596 -7.353953 -0.068201 0.014843 12.845295 71.0
171 4815.0 0.707624 0.686758 0.0 0.535284 0.95596 -7.353953 -0.068201 0.014843 12.845295 71.0
172 4815.0 0.723615 0.666652 0.0 0.534609 0.95596 -7.353953 -0.068201 0.014843 12.845295 71.0
173 4815.0 0.737047 0.683608 0.0 0.558123 0.95596 -7.353953 -0.068201 0.014843 12.845295 71.0
174 4815.0 0.738349 0.678531 0.0 0.555621 0.95596 -7.353953 -0.068201 0.014843 12.845295 71.0
175 4815.0 0.7399 0.705976 0.0 0.57647 0.95596 -7.353953 -0.068201 0.014843 12.845295 71.0
176 4815.0 0.737454 0.702006 0.0 0.571561 0.95596 -7.353953 -0.068201 0.014843 12.845295 71.0
177 4815.0 0.753261 0.703571 0.0 0.586148 0.95596 -7.353953 -0.068201 0.014843 12.845295 71.0
178 4815.0 0.74579 0.695382 0.0 0.573953 0.95596 -7.353953 -0.068201 0.014843 12.845295 71.0
179 4815.0 0.745773 0.710221 0.0 0.584497 0.95596 -7.353953 -0.068201 0.014843 12.845295 71.0
180 4815.0 0.753543 0.705502 0.0 0.587763 0.95596 -7.353953 -0.068201 0.014843 12.845295 71.0
181 4815.0 0.764581 0.704866 0.0 0.596719 0.95596 -7.353953 -0.068201 0.014843 12.845295 71.0
182 4815.0 0.774469 0.70913 0.0 0.608181 0.95596 -7.353953 -0.068201 0.014843 12.845295 71.0
183 4815.0 0.749967 0.718634 0.0 0.594058 0.95596 -7.353953 -0.068201 0.014843 12.845295 71.0
184 4815.0 0.76139 0.722449 0.0 0.606509 0.95596 -7.353953 -0.068201 0.014843 12.845295 71.0
185 4815.0 0.761322 0.719374 0.0 0.604264 0.95596 -7.353953 -0.068201 0.014843 12.845295 71.0
186 4815.0 0.772812 0.71508 0.0 0.611002 0.95596 -7.353953 -0.068201 0.014843 12.845295 71.0
187 4815.0 0.763349 0.737544 0.0 0.618919 0.95596 -7.353953 -0.068201 0.014843 12.845295 71.0
188 4815.0 0.766985 0.742713 0.0 0.625812 0.95596 -7.353953 -0.068201 0.014843 12.845295 71.0
189 4815.0 0.780956 0.770655 0.0 0.658466 0.95596 -7.353953 -0.068201 0.014843 12.845295 71.0
190 4815.0 0.770753 0.756622 0.0 0.639295 0.95596 -7.353953 -0.068201 0.014843 12.845295 71.0
191 4815.0 0.779465 0.77989 0.0 0.663946 0.95596 -7.353953 -0.068201 0.014843 12.845295 71.0
192 4815.0 0.791136 0.803688 0.0 0.691558 0.95596 -7.353953 -0.068201 0.014843 12.845295 71.0
193 4815.0 0.78761 0.812733 0.0 0.695128 0.95596 -7.353953 -0.068201 0.014843 12.845295 71.0
194 4815.0 0.795023 0.819568 0.0 0.706591 0.95596 -7.353953 -0.068201 0.014843 12.845295 71.0
195 4815.0 0.802163 0.852948 0.0 0.737294 0.95596 -7.353953 -0.068201 0.014843 12.845295 71.0
196 4815.0 0.81372 0.865461 0.0 0.756528 0.95596 -7.353953 -0.068201 0.014843 12.845295 71.0
197 4815.0 0.820805 0.87527 0.0 0.769887 0.95596 -7.353953 -0.068201 0.014843 12.845295 71.0
198 4815.0 0.848848 0.886579 0.0 0.802579 0.95596 -7.353953 -0.068201 0.014843 12.845295 71.0
199 4815.0 0.851248 0.925032 0.0 0.83288 0.95596 -7.353953 -0.068201 0.014843 12.845295 71.0
200 4815.0 0.867955 0.952806 0.0 0.867518 0.95596 -7.353953 -0.068201 0.014843 12.845295 71.0
201 4815.0 0.880305 0.962079 0.0 0.884723 0.95596 -7.353953 -0.068201 0.014843 12.845295 71.0
202 4815.0 0.907191 0.972989 0.0 0.915545 0.95596 -7.353953 -0.068201 0.014843 12.845295 71.0
203 4815.0 0.908081 0.98615 0.0 0.923235 0.95596 -7.353953 -0.068201 0.014843 12.845295 71.0
204 4815.0 0.907683 1.018072 0.0 0.927761 0.95596 -7.353953 -0.068201 0.014843 12.845295 71.0
205 4815.0 0.925021 1.015908 0.0 0.938436 0.95596 -7.353953 -0.068201 0.014843 12.845295 71.0
206 4815.0 0.940175 1.01327 0.0 0.944846 0.95596 -7.353953 -0.068201 0.014843 12.845295 71.0
207 4815.0 0.928291 1.039323 0.0 0.940187 0.95596 -7.353953 -0.068201 0.014843 12.845295 71.0
208 4815.0 0.919597 1.068709 0.0 0.937155 0.95596 -7.353953 -0.068201 0.014843 12.845295 71.0
209 4815.0 0.933785 1.060424 0.0 0.942988 0.95596 -7.353953 -0.068201 0.014843 12.845295 71.0
210 4815.0 0.945975 1.078881 0.0 0.94857 0.95596 -7.353953 -0.068201 0.014843 12.845295 71.0
211 4815.0 0.946196 1.068247 0.0 0.948427 0.95596 -7.353953 -0.068201 0.014843 12.845295 71.0
212 4815.0 0.961386 1.063751 0.0 0.954768 0.95596 -7.353953 -0.068201 0.014843 12.845295 71.0
213 4815.0 0.968248 1.057724 0.0 0.957545 0.95596 -7.353953 -0.068201 0.014843 12.845295 71.0
214 4815.0 0.9656 1.079346 0.0 0.956904 0.95596 -7.353953 -0.068201 0.014843 12.845295 71.0
215 4815.0 0.979705 1.118146 0.0 0.963752 0.95596 -7.353953 -0.068201 0.014843 12.845295 71.0
216 4815.0 0.961722 1.12988 0.0 0.956386 0.95596 -7.353953 -0.068201 0.014843 12.845295 71.0
217 4815.0 0.972449 1.163787 0.0 0.961692 0.95596 -7.353953 -0.068201 0.014843 12.845295 71.0
218 4815.0 0.971381 1.203132 0.0 0.953712 0.95596 -7.353953 -0.068201 0.014843 12.845295 71.0
219 4815.0 0.991819 1.207965 0.0 0.964549 0.95596 -7.353953 -0.068201 0.014843 12.845295 71.0
220 4815.0 0.972134 1.213941 0.0 0.950716 0.95596 -7.353953 -0.068201 0.014843 12.845295 71.0
221 4815.0 0.984992 1.198361 0.0 0.963481 0.95596 -7.353953 -0.068201 0.014843 12.845295 71.0
222 4815.0 0.964593 1.188486 0.0 0.954277 0.95596 -7.353953 -0.068201 0.014843 12.845295 71.0
223 4815.0 0.982544 1.174394 0.0 0.966211 0.95596 -7.353953 -0.068201 0.014843 12.845295 71.0
224 4815.0 1.003476 1.181259 0.0 0.975241 0.95596 -7.353953 -0.068201 0.014843 12.845295 71.0
225 4815.0 0.994246 1.169017 0.0 0.971054 0.95596 -7.353953 -0.068201 0.014843 12.845295 71.0
226 4815.0 0.99124 1.169138 0.0 0.969782 0.95596 -7.353953 -0.068201 0.014843 12.845295 71.0
227 4815.0 0.984488 1.17827 0.0 0.967122 0.95596 -7.353953 -0.068201 0.014843 12.845295 71.0
228 4815.0 0.992803 1.17137 0.0 0.970494 0.95596 -7.353953 -0.068201 0.014843 12.845295 71.0
229 4815.0 0.997672 1.158016 0.0 0.972262 0.95596 -7.353953 -0.068201 0.014843 12.845295 71.0
230 4815.0 0.983768 1.161614 0.0 0.966445 0.95596 -7.353953 -0.068201 0.014843 12.845295 71.0
231 4815.0 0.975189 1.157236 0.0 0.962708 0.95596 -7.353953 -0.068201 0.014843 12.845295 71.0
232 4815.0 0.97679 1.142706 0.0 0.963063 0.95596 -7.353953 -0.068201 0.014843 12.845295 71.0
233 4815.0 0.978189 1.15303 0.0 0.963887 0.95596 -7.353953 -0.068201 0.014843 12.845295 71.0
234 4815.0 0.985331 1.135972 0.0 0.966535 0.95596 -7.353953 -0.068201 0.014843 12.845295 71.0
235 4815.0 0.953217 1.152602 0.0 0.953286 0.95596 -7.353953 -0.068201 0.014843 12.845295 71.0
236 4815.0 0.969569 1.150416 0.0 0.960173 0.95596 -7.353953 -0.068201 0.014843 12.845295 71.0
237 4815.0 0.967381 1.126635 0.0 0.958714 0.95596 -7.353953 -0.068201 0.014843 12.845295 71.0
238 4815.0 0.95949 1.122613 0.0 0.955278 0.95596 -7.353953 -0.068201 0.014843 12.845295 71.0
239 4815.0 0.948229 1.131076 0.0 0.95069 0.95596 -7.353953 -0.068201 0.014843 12.845295 71.0
240 4815.0 0.962101 1.165055 0.0 0.957332 0.95596 -7.353953 -0.068201 0.014843 12.845295 71.0
241 4815.0 0.947516 1.157935 0.0 0.950987 0.95596 -7.353953 -0.068201 0.014843 12.845295 71.0
242 4815.0 0.928585 1.168893 0.0 0.938723 0.95596 -7.353953 -0.068201 0.014843 12.845295 71.0
243 4815.0 0.946202 1.170981 0.0 0.948728 0.95596 -7.353953 -0.068201 0.014843 12.845295 71.0
244 4815.0 0.961494 1.169593 0.0 0.957176 0.95596 -7.353953 -0.068201 0.014843 12.845295 71.0
245 4815.0 0.981272 1.153548 0.0 0.965206 0.95596 -7.353953 -0.068201 0.014843 12.845295 71.0
246 4815.0 0.980507 1.143712 0.0 0.964662 0.95596 -7.353953 -0.068201 0.014843 12.845295 71.0
247 4815.0 0.956173 1.136773 0.0 0.954187 0.95596 -7.353953 -0.068201 0.014843 12.845295 71.0
248 4815.0 0.954094 1.154012 0.0 0.95369 0.95596 -7.353953 -0.068201 0.014843 12.845295 71.0
249 4815.0 0.958296 1.139567 0.0 0.95515 0.95596 -7.353953 -0.068201 0.014843 12.845295 71.0
250 4815.0 0.961629 1.148727 0.0 0.956768 0.95596 -7.353953 -0.068201 0.014843 12.845295 71.0
251 4815.0 0.97469 1.164346 0.0 0.962655 0.95596 -7.353953 -0.068201 0.014843 12.845295 71.0
252 4815.0 0.960936 1.177236 0.0 0.955655 0.95596 -7.353953 -0.068201 0.014843 12.845295 71.0
253 4815.0 0.989321 1.169712 0.0 0.96898 0.95596 -7.353953 -0.068201 0.014843 12.845295 71.0
254 4815.0 0.972522 1.17478 0.0 0.961969 0.95596 -7.353953 -0.068201 0.014843 12.845295 71.0
255 4815.0 0.968634 1.154452 0.0 0.959866 0.95596 -7.353953 -0.068201 0.014843 12.845295 71.0
256 4815.0 0.963285 1.150599 0.0 0.957512 0.95596 -7.353953 -0.068201 0.014843 12.845295 71.0
257 4815.0 0.990158 1.144855 0.0 0.968781 0.95596 -7.353953 -0.068201 0.014843 12.845295 71.0
258 4815.0 0.977127 1.127075 0.0 0.962857 0.95596 -7.353953 -0.068201 0.014843 12.845295 71.0
259 4815.0 0.988373 1.133669 0.0 0.967774 0.95596 -7.353953 -0.068201 0.014843 12.845295 71.0
260 4815.0 0.989625 1.141702 0.0 0.968485 0.95596 -7.353953 -0.068201 0.014843 12.845295 71.0
261 4815.0 1.0005 1.152591 0.0 0.97334 0.95596 -7.353953 -0.068201 0.014843 12.845295 71.0
262 4815.0 0.992011 1.168185 0.0 0.970088 0.95596 -7.353953 -0.068201 0.014843 12.845295 71.0
263 4815.0 0.982899 1.165122 0.0 0.966155 0.95596 -7.353953 -0.068201 0.014843 12.845295 71.0
264 4815.0 0.974212 1.170981 0.0 0.962601 0.95596 -7.353953 -0.068201 0.014843 12.845295 71.0
265 4815.0 0.991674 1.165068 0.0 0.969875 0.95596 -7.353953 -0.068201 0.014843 12.845295 71.0
266 4815.0 0.95418 1.173048 0.0 0.9529 0.95596 -7.353953 -0.068201 0.014843 12.845295 71.0
267 4815.0 0.966559 1.219533 0.0 0.945553 0.95596 -7.353953 -0.068201 0.014843 12.845295 71.0
268 4815.0 0.973036 1.212964 0.0 0.951575 0.95596 -7.353953 -0.068201 0.014843 12.845295 71.0
269 4815.0 0.959268 1.194184 0.0 0.949232 0.95596 -7.353953 -0.068201 0.014843 12.845295 71.0
270 4815.0 0.974901 1.186239 0.0 0.96124 0.95596 -7.353953 -0.068201 0.014843 12.845295 71.0
271 4815.0 0.981658 1.17444 0.0 0.965836 0.95596 -7.353953 -0.068201 0.014843 12.845295 71.0
272 4815.0 0.992418 1.183667 0.0 0.970605 0.95596 -7.353953 -0.068201 0.014843 12.845295 71.0
273 4815.0 0.978593 1.161901 0.0 0.964256 0.95596 -7.353953 -0.068201 0.014843 12.845295 71.0
274 4815.0 0.989963 1.169488 0.0 0.969248 0.95596 -7.353953 -0.068201 0.014843 12.845295 71.0
275 4815.0 0.97405 1.149821 0.0 0.96206 0.95596 -7.353953 -0.068201 0.014843 12.845295 71.0
276 4815.0 0.982963 1.138795 0.0 0.965594 0.95596 -7.353953 -0.068201 0.014843 12.845295 71.0
277 4815.0 0.986011 1.128422 0.0 0.966655 0.95596 -7.353953 -0.068201 0.014843 12.845295 71.0
278 4815.0 0.988528 1.112017 0.0 0.967357 0.95596 -7.353953 -0.068201 0.014843 12.845295 71.0
279 4815.0 0.984808 1.130051 0.0 0.966182 0.95596 -7.353953 -0.068201 0.014843 12.845295 71.0
280 4815.0 0.965329 1.149723 0.0 0.958359 0.95596 -7.353953 -0.068201 0.014843 12.845295 71.0
281 4815.0 0.985262 1.160881 0.0 0.967062 0.95596 -7.353953 -0.068201 0.014843 12.845295 71.0
282 4815.0 0.96912 1.143966 0.0 0.959838 0.95596 -7.353953 -0.068201 0.014843 12.845295 71.0
283 4815.0 0.962025 1.1509 0.0 0.956984 0.95596 -7.353953 -0.068201 0.014843 12.845295 71.0
284 4815.0 0.982975 1.170427 0.0 0.966305 0.95596 -7.353953 -0.068201 0.014843 12.845295 71.0
285 4815.0 0.996396 1.153136 0.0 0.971612 0.95596 -7.353953 -0.068201 0.014843 12.845295 71.0
286 4815.0 0.983456 1.155872 0.0 0.966184 0.95596 -7.353953 -0.068201 0.014843 12.845295 71.0
287 4815.0 0.97217 1.161646 0.0 0.961526 0.95596 -7.353953 -0.068201 0.014843 12.845295 71.0
