 time p.x p.y p.z deep.node-0 CV opes.bias opes.rct opes.zed opes.neff opes.nker
0 17165.0 -0.716714 1.292436 0.0 -0.936312 1.780535 -13.699078 -0.195916 0.007924 12.845295 133.0
1 17165.0 -0.698448 1.275134 0.0 -0.921524 1.780535 -13.699078 -0.195916 0.007924 12.845295 133.0
2 17165.0 -0.705173 1.288894 0.0 -0.931216 1.780535 -13.699078 -0.195916 0.007924 12.845295 133.0
3 17165.0 -0.681315 1.280925 0.0 -0.92031 1.780535 -13.699078 -0.195916 0.007924 12.845295 133.0
4 17165.0 -0.666688 1.284436 0.0 -0.91845 1.780535 -13.699078 -0.195916 0.007924 12.845295 133.0
5 17165.0 -0.659153 1.285283 0.0 -0.916939 1.780535 -13.699078 -0.195916 0.007924 12.845295 133.0
6 17165.0 -0.664812 1.279985 0.0 -0.915394 1.780535 -13.699078 -0.195916 0.007924 12.845295 133.0
7 17165.0 -0.66538 1.260585 0.0 -0.904394 1.780535 -13.699078 -0.195916 0.007924 12.845295 133.0
8 17165.0 -0.680361 1.268635 0.0 -0.912993 1.780535 -13.699078 -0.195916 0.007924 12.845295 133.0
9 17165.0 -0.69103 1.249801 0.0 -0.904996 1.780535 -13.699078 -0.195916 0.007924 12.845295 133.0
10 17165.0 -0.73395 1.233115 0.0 -0.906783 1.780535 -13.699078 -0.195916 0.007924 12.845295 133.0
11 17165.0 -0.75748 1.230211 0.0 -0.911352 1.780535 -13.699078 -0.195916 0.007924 12.845295 133.0
12 17165.0 -0.755592 1.244579 0.0 -0.919111 1.780535 -13.699078 -0.195916 0.007924 12.845295 133.0
13 17165.0 -0.780384 1.235782 0.0 -0.920627 1.780535 -13.699078 -0.195916 0.007924 12.845295 133.0
14 17165.0 -0.781357 1.223801 0.0 -0.913998 1.780535 -13.699078 -0.195916 0.007924 12.845295 133.0
15 17165.0 -0.763205 1.209633 0.0 -0.901036 1.780535 -13.699078 -0.195916 0.007924 12.845295 133.0
16 17165.0 -0.763885 1.193392 0.0 -0.891663 1.780535 -13.699078 -0.195916 0.007924 12.845295 133.0
17 17165.0 -0.767973 1.201395 0.0 -0.897476 1.780535 -13.699078 -0.195916 0.007924 12.845295 133.0
18 17165.0 -0.781943 1.198474 0.0 -0.899531 1.780535 -13.699078 -0.195916 0.007924 12.845295 133.0
19 17165.0 -0.797577 1.169633 0.0 -0.886784 1.780535 -13.699078 -0.195916 0.007924 12.845295 133.0
20 17165.0 -0.805953 1.137995 0.0 -0.870431 1.780535 -13.699078 -0.195916 0.007924 12.845295 133.0
21 17165.0 -0.811497 1.110642 0.0 -0.855833 1.780535 -13.699078 -0.195916 0.007924 12.845295 133.0
22 17165.0 -0.822675 1.098667 0.0 -0.851806 1.780535 -13.699078 -0.195916 0.007924 12.845295 133.0
23 17165.0 -0.832557 1.099233 0.0 -0.854808 1.780535 -13.699078 -0.195916 0.007924 12.845295 133.0
24 17165.0 -0.830904 1.108103 0.0 -0.859581 1.780535 -13.699078 -0.195916 0.007924 12.845295 133.0
25 17165.0 -0.840209 1.092973 0.0 -0.853192 1.780535 -13.699078 -0.195916 0.007924 12.845295 133.0
26 17165.0 -0.848445 1.105065 0.0 -0.862532 1.780535 -13.699078 -0.195916 0.007924 12.845295 133.0
27 17165.0 -0.881313 1.072263 0.0 -0.85211 1.780535 -13.699078 -0.195916 0.007924 12.845295 133.0
28 17165.0 -0.873441 1.062797 0.0 -0.844413 1.780535 -13.699078 -0.195916 0.007924 12.845295 133.0
29 17165.0 -0.893224 1.047743 0.0 -0.840899 1.780535 -13.699078 -0.195916 0.007924 12.845295 133.0
30 17165.0 -0.914441 1.014226 0.0 -0.826996 1.780535 -13.699078 -0.195916 0.007924 12.845295 133.0
31 17165.0 -0.930959 1.016095 0.0 -0.832551 1.780535 -13.699078 -0.195916 0.007924 12.845295 133.0
32 17165.0 -0.9299 1.002523 0.0 -0.82433 1.780535 -13.699078 -0.195916 0.007924 12.845295 133.0
33 17165.0 -0.948089 0.943992 0.0 -0.794445 1.780535 -13.699078 -0.195916 0.007924 12.845295 133.0
34 17165.0 -0.947418 0.925179 0.0 -0.778278 1.780535 -13.699078 -0.195916 0.007924 12.845295 133.0
35 17165.0 -0.966655 0.934608 0.0 -0.792194 1.780535 -13.699078 -0.195916 0.007924 12.845295 133.0
36 17165.0 -0.942767 0.905957 0.0 -0.76054 1.780535 -13.699078 -0.195916 0.007924 12.845295 133.0
37 17165.0 -0.928734 0.916492 0.0 -0.765161 1.780535 -13.699078 -0.195916 0.007924 12.845295 133.0
38 17165.0 -0.923974 0.883942 0.0 -0.736021 1.780535 -13.699078 -0.195916 0.007924 12.845295 133.0
39 17165.0 -0.94503 0.857198 0.0 -0.719799 1.780535 -13.699078 -0.195916 0.007924 12.845295 133.0
40 17165.0 -0.936468 0.854213 0.0 -0.714309 1.780535 -13.699078 -0.195916 0.007924 12.845295 133.0
41 17165.0 -0.9344 0.830243 0.0 -0.692707 1.780535 -13.699078 -0.195916 0.007924 12.845295 133.0
42 17165.0 -0.952446 0.800407 0.0 -0.672774 1.780535 -13.699078 -0.195916 0.007924 12.845295 133.0
43 17165.0 -0.950222 0.780282 0.0 -0.654507 1.780535 -13.699078 -0.195916 0.007924 12.845295 133.0
44 17165.0 -0.937641 0.751198 0.0 -0.624978 1.780535 -13.699078 -0.195916 0.007924 12.845295 133.0
45 17165.0 -0.912318 0.748893 0.0 -0.614421 1.780535 -13.699078 -0.195916 0.007924 12.845295 133.0
46 17165.0 -0.894173 0.737415 0.0 -0.598316 1.780535 -13.699078 -0.195916 0.007924 12.845295 133.0
47 17165.0 -0.878765 0.719691 0.0 -0.577706 1.780535 -13.699078 -0.195916 0.007924 12.845295 133.0
48 17165.0 -0.871178 0.736917 0.0 -0.590117 1.780535 -13.699078 -0.195916 0.007924 12.845295 133.0
49 17165.0 -0.836494 0.751153 0.0 -0.590776 1.780535 -13.699078 -0.195916 0.007924 12.845295 133.0
50 17165.0 -0.830697 0.732327 0.0 -0.572454 1.780535 -13.699078 -0.195916 0.007924 12.845295 133.0
51 17165.0 -0.825765 0.705199 0.0 -0.542557 1.780535 -13.699078 -0.195916 0.007924 12.845295 133.0
52 17165.0 -0.829453 0.714894 0.0 -0.554615 1.780535 -13.699078 -0.195916 0.007924 12.845295 133.0
53 17165.0 -0.854862 0.726741 0.0 -0.575761 1.780535 -13.699078 -0.195916 0.007924 12.845295 133.0
54 17165.0 -0.855557 0.731437 0.0 -0.580077 1.780535 -13.699078 -0.195916 0.007924 12.845295 133.0
55 17165.0 -0.867571 0.70066 0.0 -0.553554 1.780535 -13.699078 -0.195916 0.007924 12.845295 133.0
56 17165.0 -0.844623 0.687652 0.0 -0.530496 1.780535 -13.699078 -0.195916 0.007924 12.845295 133.0
57 17165.0 -0.871443 0.678187 0.0 -0.530353 1.780535 -13.699078 -0.195916 0.007924 12.845295 133.0
58 17165.0 -0.843092 0.695129 0.0 -0.538122 1.780535 -13.699078 -0.195916 0.007924 12.845295 133.0
59 17165.0 -0.834589 0.681674 0.0 -0.520095 1.780535 -13.699078 -0.195916 0.007924 12.845295 133.0
60 17165.0 -0.819273 0.682553 0.0 -0.515175 1.780535 -13.699078 -0.195916 0.007924 12.845295 133.0
61 17165.0 -0.789115 0.67407 0.0 -0.49321 1.780535 -13.699078 -0.195916 0.007924 12.845295 133.0
62 17165.0 -0.782631 0.676523 0.0 -0.493271 1.780535 -13.699078 -0.195916 0.007924 12.845295 133.0
63 17165.0 -0.785452 0.655249 0.0 -0.470651 1.780535 -13.699078 -0.195916 0.007924 12.845295 133.0
64 17165.0 -0.768561 0.649239 0.0 -0.456941 1.780535 -13.699078 -0.195916 0.007924 12.845295 133.0
65 17165.0 -0.768569 0.633628 0.0 -0.43949 1.780535 -13.699078 -0.195916 0.007924 12.845295 133.0
66 17165.0 -0.778183 0.610122 0.0 -0.418782 1.780535 -13.699078 -0.195916 0.007924 12.845295 133.0
67 17165.0 -0.790434 0.603808 0.0 -0.418531 1.780535 -13.699078 -0.195916 0.007924 12.845295 133.0
68 17165.0 -0.778834 0.619804 0.0 -0.428479 1.780535 -13.699078 -0.195916 0.007924 12.845295 133.0
69 17165.0 -0.792625 0.622308 0.0 -0.437515 1.780535 -13.699078 -0.195916 0.007924 12.845295 133.0
70 17165.0 -0.777251 0.600569 0.0 -0.409074 1.780535 -13.699078 -0.195916 0.007924 12.845295 133.0
71 17165.0 -0.776816 0.591926 0.0 -0.400487 1.780535 -13.699078 -0.195916 0.007924 12.845295 133.0
72 17165.0 -0.781651 0.568572 0.0 -0.380164 1.780535 -13.699078 -0.195916 0.007924 12.845295 133.0
73 17165.0 -0.765476 0.55206 0.0 -0.356406 1.780535 -13.699078 -0.195916 0.007924 12.845295 133.0
74 17165.0 -0.762284 0.54391 0.0 -0.346975 1.780535 -13.699078 -0.195916 0.007924 12.845295 133.0
75 17165.0 -0.771803 0.580679 0.0 -0.387182 1.780535 -13.699078 -0.195916 0.007924 12.845295 133.0
76 17165.0 -0.748146 0.577815 0.0 -0.373069 1.780535 -13.699078 -0.195916 0.007924 12.845295 133.0
77 17165.0 -0.751689 0.582986 0.0 -0.37978 1.780535 -13.699078 -0.195916 0.007924 12.845295 133.0
78 17165.0 -0.741152 0.572499 0.0 -0.364564 1.780535 -13.699078 -0.195916 0.007924 12.845295 133.0
79 17165.0 -0.739578 0.598384 0.0 -0.388903 1.780535 -13.699078 -0.195916 0.007924 12.845295 133.0
80 17165.0 -0.745852 0.620331 0.0 -0.415222 1.780535 -13.699078 -0.195916 0.007924 12.845295 133.0
81 17165.0 -0.741963 0.596785 0.0 -0.388497 1.780535 -13.699078 -0.195916 0.007924 12.845295 133.0
82 17165.0 -0.722366 0.582084 0.0 -0.364854 1.780535 -13.699078 -0.195916 0.007924 12.845295 133.0
83 17165.0 -0.760249 0.57598 0.0 -0.37709 1.780535 -13.699078 -0.195916 0.007924 12.845295 133.0
84 17165.0 -0.753532 0.589559 0.0 -0.387035 1.780535 -13.699078 -0.195916 0.007924 12.845295 133.0
85 17165.0 -0.722999 0.568373 0.0 -0.351866 1.780535 -13.699078 -0.195916 0.007924 12.845295 133.0
86 17165.0 -0.71834 0.546171 0.0 -0.32811 1.780535 -13.699078 -0.195916 0.007924 12.845295 133.0
87 17165.0 -0.721646 0.570496 0.0 -0.353276 1.780535 -13.699078 -0.195916 0.007924 12.845295 133.0
88 17165.0 -0.719806 0.566948 0.0 -0.348955 1.780535 -13.699078 -0.195916 0.007924 12.845295 133.0
89 17165.0 -0.713111 0.58826 0.0 -0.366407 1.780535 -13.699078 -0.195916 0.007924 12.845295 133.0
90 17165.0 -0.71492 0.575409 0.0 -0.354816 1.780535 -13.699078 -0.195916 0.007924 12.845295 133.0
91 17165.0 -0.69888 0.568665 0.0 -0.340592 1.780535 -13.699078 -0.195916 0.007924 12.845295 133.0
92 17165.0 -0.688791 0.565606 0.0 -0.332792 1.780535 -13.699078 -0.195916 0.007924 12.845295 133.0
93 17165.0 -0.705255 0.580106 0.0 -0.354738 1.780535 -13.699078 -0.195916 0.007924 12.845295 133.0
94 17165.0 -0.692012 0.59392 0.0 -0.363413 1.780535 -13.699078 -0.195916 0.007924 12.845295 133.0
95 17165.0 -0.690456 0.57369 0.0 -0.341427 1.780535 -13.699078 -0.195916 0.007924 12.845295 133.0
96 17165.0 -0.697044 0.593465 0.0 -0.364987 1.780535 -13.699078 -0.195916 0.007924 12.845295 133.0
97 17165.0 -0.689176 0.622616 0.0 -0.394326 1.780535 -13.699078 -0.195916 0.007924 12.845295 133.0
98 17165.0 -0.683436 0.619318 0.0 -0.388264 1.780535 -13.699078 -0.195916 0.007924 12.845295 133.0
99 17165.0 -0.667861 0.623364 0.0 -0.386343 1.780535 -13.699078 -0.195916 0.007924 12.845295 133.0
100 17165.0 -0.641329 0.606635 0.0 -0.356659 1.780535 -13.699078 -0.195916 0.007924 12.845295 133.0
101 17165.0 -0.638646 0.5882 0.0 -0.334937 1.780535 -13.699078 -0.195916 0.007924 12.845295 133.0
102 17165.0 -0.620125 0.58271 0.0 -0.319862 1.780535 -13.699078 -0.195916 0.007924 12.845295 133.0
103 17165.0 -0.603493 0.567633 0.0 -0.290362 1.780535 -13.699078 -0.195916 0.007924 12.845295 133.0
104 17165.0 -0.573576 0.560691 0.0 -0.257807 1.780535 -13.699078 -0.195916 0.007924 12.845295 133.0
105 17165.0 -0.580489 0.572212 0.0 -0.28265 1.780535 -13.699078 -0.195916 0.007924 12.845295 133.0
106 17165.0 -0.573396 0.576852 0.0 -0.284648 1.780535 -13.699078 -0.195916 0.007924 12.845295 133.0
107 17165.0 -0.575757 0.552503 0.0 -0.245412 1.780535 -13.699078 -0.195916 0.007924 12.845295 133.0
108 17165.0 -0.581044 0.55525 0.0 -0.255285 1.780535 -13.699078 -0.195916 0.007924 12.845295 133.0
109 17165.0 -0.570987 0.52737 0.0 -0.196619 1.780535 -13.699078 -0.195916 0.007924 12.845295 133.0
110 17165.0 -0.549379 0.520397 0.0 -0.170838 1.780535 -13.699078 -0.195916 0.007924 12.845295 133.0
111 17165.0 -0.537786 0.487253 0.0 -0.11871 1.780535 -13.699078 -0.195916 0.007924 12.845295 133.0
112 17165.0 -0.533814 0.488925 0.0 -0.118162 1.780535 -13.699078 -0.195916 0.007924 12.845295 133.0
113 17165.0 -0.492744 0.511109 0.0 -0.121418 1.780535 -13.699078 -0.195916 0.007924 12.845295 133.0
114 17165.0 -0.47303 0.498653 0.0 -0.101898 1.780535 -13.699078 -0.195916 0.007924 12.845295 133.0
115 17165.0 -0.475225 0.495385 0.0 -0.099634 1.780535 -13.699078 -0.195916 0.007924 12.845295 133.0
116 17165.0 -0.443344 0.475589 0.0 -0.068398 1.780535 -13.699078 -0.195916 0.007924 12.845295 133.0
117 17165.0 -0.422376 0.487876 0.0 -0.071975 1.780535 -13.699078 -0.195916 0.007924 12.845295 133.0
118 17165.0 -0.404032 0.479363 0.0 -0.056745 1.780535 -13.699078 -0.195916 0.007924 12.845295 133.0
119 17165.0 -0.387783 0.477848 0.0 -0.048997 1.780535 -13.699078 -0.195916 0.007924 12.845295 133.0
120 17165.0 -0.372422 0.501315 0.0 -0.065405 1.780535 -13.699078 -0.195916 0.007924 12.845295 133.0
121 17165.0 -0.36083 0.49399 0.0 -0.053926 1.780535 -13.699078 -0.195916 0.007924 12.845295 133.0
122 17165.0 -0.348354 0.481863 0.0 -0.037528 1.780535 -13.699078 -0.195916 0.007924 12.845295 133.0
123 17165.0 -0.322603 0.504427 0.0 -0.049044 1.780535 -13.699078 -0.195916 0.007924 12.845295 133.0
124 17165.0 -0.301613 0.500735 0.0 -0.037541 1.780535 -13.699078 -0.195916 0.007924 12.845295 133.0
125 17165.0 -0.288065 0.502834 0.0 -0.035041 1.780535 -13.699078 -0.195916 0.007924 12.845295 133.0
126 17165.0 -0.238838 0.496483 0.0 -0.01471 1.780535 -13.699078 -0.195916 0.007924 12.845295 133.0
127 17165.0 -0.228328 0.502043 0.0 -0.015936 1.780535 -13.699078 -0.195916 0.007924 12.845295 133.0
128 17165.0 -0.235244 0.488554 0.0 -0.007216 1.780535 -13.699078 -0.195916 0.007924 12.845295 133.0
129 17165.0 -0.232257 0.499552 0.0 -0.015145 1.780535 -13.699078 -0.195916 0.007924 12.845295 133.0
130 17165.0 -0.212272 0.503073 0.0 -0.011801 1.780535 -13.699078 -0.195916 0.007924 12.845295 133.0
131 17165.0 -0.213386 0.50228 0.0 -0.011507 1.780535 -13.699078 -0.195916 0.007924 12.845295 133.0
132 17165.0 -0.187086 0.520023 0.0 -0.017658 1.780535 -13.699078 -0.195916 0.007924 12.845295 133.0
133 17165.0 -0.175561 0.533294 0.0 -0.024778 1.780535 -13.699078 -0.195916 0.007924 12.845295 133.0
134 17165.0 -0.171421 0.524599 0.0 -0.016498 1.780535 -13.699078 -0.195916 0.007924 12.845295 133.0
135 17165.0 -0.154945 0.532766 0.0 -0.017979 1.780535 -13.699078 -0.195916 0.007924 12.845295 133.0
136 17165.0 -0.128244 0.502956 0.0 0.011495 1.780535 -13.699078 -0.195916 0.007924 12.845295 133.0
137 17165.0 -0.138534 0.486528 0.0 0.020601 1.780535 -13.699078 -0.195916 0.007924 12.845295 133.0
138 17165.0 -0.110102 0.495712 0.0 0.016847 1.780535 -13.699078 -0.195916 0.007924 12.845295 133.0
139 17165.0 -0.10477 0.509716 0.0 0.010975 1.780535 -13.699078 -0.195916 0.007924 12.845295 133.0
140 17165.0 -0.088399 0.486219 0.0 0.019211 1.780535 -13.699078 -0.195916 0.007924 12.845295 133.0
141 17165.0 -0.098219 0.499615 0.0 0.014593 1.780535 -13.699078 -0.195916 0.007924 12.845295 133.0
142 17165.0 -0.104058 0.504216 0.0 0.013159 1.780535 -13.699078 -0.195916 0.007924 12.845295 133.0
143 17165.0 -0.086888 0.518895 0.0 0.006378 1.780535 -13.699078 -0.195916 0.007924 12.845295 133.0
144 17165.0 -0.052614 0.531036 0.0 -0.000467 1.780535 -13.699078 -0.195916 0.007924 12.845295 133.0
145 17165.0 -0.042081 0.499289 0.0 0.011262 1.780535 -13.699078 -0.195916 0.007924 12.845295 133.0
146 17165.0 -0.041672 0.495184 0.0 0.012837 1.780535 -13.699078 -0.195916 0.007924 12.845295 133.0
147 17165.0 -0.034116 0.495739 0.0 0.012155 1.780535 -13.699078 -0.195916 0.007924 12.845295 133.0
148 17165.0 -0.030665 0.491461 0.0 0.013611 1.780535 -13.699078 -0.195916 0.007924 12.845295 133.0
149 17165.0 -0.032975 0.499 0.0 0.010814 1.780535 -13.699078 -0.195916 0.007924 12.845295 133.0
150 17165.0 -0.007183 0.512078 0.0 0.004126 1.780535 -13.699078 -0.195916 0.007924 12.845295 133.0
151 17165.0 0.012251 0.509174 0.0 0.004194 1.780535 -13.699078 -0.195916 0.007924 12.845295 133.0
152 17165.0 0.021028 0.510716 0.0 0.003538 1.780535 -13.699078 -0.195916 0.007924 12.845295 133.0
153 17165.0 0.028648 0.481181 0.0 0.013965 1.780535 -13.699078 -0.195916 0.007924 12.845295 133.0
154 17165.0 0.037299 0.490748 0.0 0.009702 1.780535 -13.699078 -0.195916 0.007924 12.845295 133.0
155 17165.0 0.045592 0.515362 0.0 0.001601 1.780535 -13.699078 -0.195916 0.007924 12.845295 133.0
156 17165.0 0.040559 0.521348 0.0 -0.000134 1.780535 -13.699078 -0.195916 0.007924 12.845295 133.0
157 17165.0 0.052981 0.533841 0.0 -0.004232 1.780535 -13.699078 -0.195916 0.007924 12.845295 133.0
158 17165.0 0.046868 0.532406 0.0 -0.003664 1.780535 -13.699078 -0.195916 0.007924 12.845295 133.0
159 17165.0 0.071695 0.536023 0.0 -0.004497 1.780535 -13.699078 -0.195916 0.007924 12.845295 133.0
160 17165.0 0.052213 0.546327 0.0 -0.007279 1.780535 -13.699078 -0.195916 0.007924 12.845295 133.0
161 17165.0 0.058701 0.533965 0.0 -0.004388 1.780535 -13.699078 -0.195916 0.007924 12.845295 133.0
162 17165.0 0.071048 0.540574 0.0 -0.004455 1.780535 -13.699078 -0.195916 0.007924 12.845295 133.0
163 17165.0 0.069215 0.558457 0.0 -0.004175 1.780535 -13.699078 -0.195916 0.007924 12.845295 133.0
164 17165.0 0.077896 0.546987 0.0 -0.003156 1.780535 -13.699078 -0.195916 0.007924 12.845295 133.0
165 17165.0 0.088989 0.553319 0.0 -0.001181 1.780535 -13.699078 -0.195916 0.007924 12.845295 133.0
166 17165.0 0.094463 0.578966 0.0 0.000513 1.780535 -13.699078 -0.195916 0.007924 12.845295 133.0
167 17165.0 0.105627 0.567841 0.0 0.00194 1.780535 -13.699078 -0.195916 0.007924 12.845295 133.0
168 17165.0 0.132162 0.573908 0.0 0.006372 1.780535 -13.699078 -0.195916 0.007924 12.845295 133.0
169 17165.0 0.152553 0.532749 0.0 0.008312 1.780535 -13.699078 -0.195916 0.007924 12.845295 133.0
170 17165.0 0.162546 0.523425 0.0 0.00961 1.780535 -13.699078 -0.195916 0.007924 12.845295 133.0
171 17165.0 0.169737 0.507942 0.0 0.010263 1.780535 -13.699078 -0.195916 0.007924 12.845295 133.0
172 17165.0 0.139853 0.494356 0.0 0.00616 1.780535 -13.699078 -0.195916 0.007924 12.845295 133.0
173 17165.0 0.128085 0.521754 0.0 0.004053 1.780535 -13.699078 -0.195916 0.007924 12.845295 133.0
174 17165.0 0.125659 0.5017 0.0 0.004142 1.780535 -13.699078 -0.195916 0.007924 12.845295 133.0
175 17165.0 0.136087 0.516395 0.0 0.005159 1.780535 -13.699078 -0.195916 0.007924 12.845295 133.0
176 17165.0 0.142333 0.529547 0.0 0.006578 1.780535 -13.699078 -0.195916 0.007924 12.845295 133.0
177 17165.0 0.152724 0.51856 0.0 0.007886 1.780535 -13.699078 -0.195916 0.007924 12.845295 133.0
178 17165.0 0.159416 0.512067 0.0 0.008747 1.780535 -13.699078 -0.195916 0.007924 12.845295 133.0
179 17165.0 0.166542 0.543484 0.0 0.01089 1.780535 -13.699078 -0.195916 0.007924 12.845295 133.0
180 17165.0 0.183783 0.535702 0.0 0.013394 1.780535 -13.699078 -0.195916 0.007924 12.845295 133.0
181 17165.0 0.181136 0.519985 0.0 0.012469 1.780535 -13.699078 -0.195916 0.007924 12.845295 133.0
182 17165.0 0.179685 0.522635 0.0 0.012322 1.780535 -13.699078 -0.195916 0.007924 12.845295 133.0
183 17165.0 0.182814 0.519547 0.0 0.012723 1.780535 -13.699078 -0.195916 0.007924 12.845295 133.0
184 17165.0 0.198533 0.505131 0.0 0.014772 1.780535 -13.699078 -0.195916 0.007924 12.845295 133.0
185 17165.0 0.211618 0.485175 0.0 0.019197 1.780535 -13.699078 -0.195916 0.007924 12.845295 133.0
186 17165.0 0.185971 0.477076 0.0 0.015373 1.780535 -13.699078 -0.195916 0.007924 12.845295 133.0
187 17165.0 0.189104 0.466246 0.0 0.01707 1.780535 -13.699078 -0.195916 0.007924 12.845295 133.0
188 17165.0 0.20119 0.520304 0.0 0.017392 1.780535 -13.699078 -0.195916 0.007924 12.845295 133.0
189 17165.0 0.208757 0.547764 0.0 0.037709 1.780535 -13.699078 -0.195916 0.007924 12.845295 133.0
190 17165.0 0.241501 0.540893 0.0 0.05758 1.780535 -13.699078 -0.195916 0.007924 12.845295 133.0
191 17165.0 0.257627 0.542667 0.0 0.070158 1.780535 -13.699078 -0.195916 0.007924 12.845295 133.0
192 17165.0 0.243239 0.542074 0.0 0.059471 1.780535 -13.699078 -0.195916 0.007924 12.845295 133.0
193 17165.0 0.281291 0.537752 0.0 0.084546 1.780535 -13.699078 -0.195916 0.007924 12.845295 133.0
194 17165.0 0.287956 0.517664 0.0 0.078724 1.780535 -13.699078 -0.195916 0.007924 12.845295 133.0
195 17165.0 0.28005 0.531238 0.0 0.080126 1.780535 -13.699078 -0.195916 0.007924 12.845295 133.0
196 17165.0 0.308826 0.537296 0.0 0.104137 1.780535 -13.699078 -0.195916 0.007924 12.845295 133.0
197 17165.0 0.276009 0.546904 0.0 0.085695 1.780535 -13.699078 -0.195916 0.007924 12.845295 133.0
198 17165.0 0.28523 0.548621 0.0 0.093268 1.780535 -13.699078 -0.195916 0.007924 12.845295 133.0
199 17165.0 0.272714 0.530632 0.0 0.074512 1.780535 -13.699078 -0.195916 0.007924 12.845295 133.0
200 17165.0 0.266254 0.54319 0.0 0.076657 1.780535 -13.699078 -0.195916 0.007924 12.845295 133.0
201 17165.0 0.271371 0.541225 0.0 0.07928 1.780535 -13.699078 -0.195916 0.007924 12.845295 133.0
202 17165.0 0.303449 0.54497 0.0 0.104418 1.780535 -13.699078 -0.195916 0.007924 12.845295 133.0
203 17165.0 0.312767 0.551495 0.0 0.114663 1.780535 -13.699078 -0.195916 0.007924 12.845295 133.0
204 17165.0 0.341184 0.567054 0.0 0.143782 1.780535 -13.699078 -0.195916 0.007924 12.845295 133.0
205 17165.0 0.32358 0.538334 0.0 0.115328 1.780535 -13.699078 -0.195916 0.007924 12.845295 133.0
206 17165.0 0.340344 0.51301 0.0 0.115746 1.780535 -13.699078 -0.195916 0.007924 12.845295 133.0
207 17165.0 0.330784 0.535988 0.0 0.119248 1.780535 -13.699078 -0.195916 0.007924 12.845295 133.0
208 17165.0 0.332684 0.552284 0.0 0.129439 1.780535 -13.699078 -0.195916 0.007924 12.845295 133.0
209 17165.0 0.33973 0.53088 0.0 0.122928 1.780535 -13.699078 -0.195916 0.007924 12.845295 133.0
210 17165.0 0.373978 0.529928 0.0 0.147583 1.780535 -13.699078 -0.195916 0.007924 12.845295 133.0
211 17165.0 0.379395 0.52285 0.0 0.148738 1.780535 -13.699078 -0.195916 0.007924 12.845295 133.0
212 17165.0 0.36134 0.508837 0.0 0.129649 1.780535 -13.699078 -0.195916 0.007924 12.845295 133.0
213 17165.0 0.340411 0.540713 0.0 0.128742 1.780535 -13.699078 -0.195916 0.007924 12.845295 133.0
214 17165.0 0.319881 0.524201 0.0 0.105084 1.780535 -13.699078 -0.195916 0.007924 12.845295 133.0
215 17165.0 0.32929 0.531412 0.0 0.115695 1.780535 -13.699078 -0.195916 0.007924 12.845295 133.0
216 17165.0 0.335725 0.514371 0.0 0.112868 1.780535 -13.699078 -0.195916 0.007924 12.845295 133.0
217 17165.0 0.335997 0.510804 0.0 0.111624 1.780535 -13.699078 -0.195916 0.007924 12.845295 133.0
218 17165.0 0.33917 0.53046 0.0 0.122297 1.780535 -13.699078 -0.195916 0.007924 12.845295 133.0
219 17165.0 0.359236 0.530748 0.0 0.136967 1.780535 -13.699078 -0.195916 0.007924 12.845295 133.0
220 17165.0 0.367666 0.531329 0.0 0.143463 1.780535 -13.699078 -0.195916 0.007924 12.845295 133.0
221 17165.0 0.386046 0.538241 0.0 0.160281 1.780535 -13.699078 -0.195916 0.007924 12.845295 133.0
222 17165.0 0.405004 0.546463 0.0 0.178491 1.780535 -13.699078 -0.195916 0.007924 12.845295 133.0
223 17165.0 0.414626 0.544692 0.0 0.184465 1.780535 -13.699078 -0.195916 0.007924 12.845295 133.0
224 17165.0 0.426101 0.571369 0.0 0.213211 1.780535 -13.699078 -0.195916 0.007924 12.845295 133.0
225 17165.0 0.452163 0.570481 0.0 0.234794 1.780535 -13.699078 -0.195916 0.007924 12.845295 133.0
226 17165.0 0.473955 0.555516 0.0 0.242722 1.780535 -13.699078 -0.195916 0.007924 12.845295 133.0
227 17165.0 0.488949 0.562295 0.0 0.260327 1.780535 -13.699078 -0.195916 0.007924 12.845295 133.0
228 17165.0 0.488099 0.562943 0.0 0.260064 1.780535 -13.699078 -0.195916 0.007924 12.845295 133.0
229 17165.0 0.483417 0.561686 0.0 0.255178 1.780535 -13.699078 -0.195916 0.007924 12.845295 133.0
230 17165.0 0.486554 0.570415 0.0 0.264063 1.780535 -13.699078 -0.195916 0.007924 12.845295 133.0
231 17165.0 0.503418 0.565796 0.0 0.275151 1.780535 -13.699078 -0.195916 0.007924 12.845295 133.0
232 17165.0 0.502136 0.562038 0.0 0.271385 1.780535 -13.699078 -0.195916 0.007924 12.845295 133.0
233 17165.0 0.484913 0.554121 0.0 0.251071 1.780535 -13.699078 -0.195916 0.007924 12.845295 133.0
234 17165.0 0.496823 0.577324 0.0 0.277732 1.780535 -13.699078 -0.195916 0.007924 12.845295 133.0
235 17165.0 0.50837 0.554985 0.0 0.271758 1.780535 -13.699078 -0.195916 0.007924 12.845295 133.0
236 17165.0 0.515026 0.56025 0.0 0.281101 1.780535 -13.699078 -0.195916 0.007924 12.845295 133.0
237 17165.0 0.519337 0.557091 0.0 0.282563 1.780535 -13.699078 -0.195916 0.007924 12.845295 133.0
238 17165.0 0.534844 0.550931 0.0 0.292581 1.780535 -13.699078 -0.195916 0.007924 12.845295 133.0
239 17165.0 0.521986 0.542469 0.0 0.276466 1.780535 -13.699078 -0.195916 0.007924 12.845295 133.0
240 17165.0 0.527062 0.549036 0.0 0.284685 1.780535 -13.699078 -0.195916 0.007924 12.845295 133.0
241 17165.0 0.519681 0.564028 0.0 0.287756 1.780535 -13.699078 -0.195916 0.007924 12.845295 133.0
242 17165.0 0.547944 0.545881 0.0 0.301134 1.780535 -13.699078 -0.195916 0.007924 12.845295 133.0
243 17165.0 0.559037 0.552616 0.0 0.314712 1.780535 -13.699078 -0.195916 0.007924 12.845295 133.0
244 17165.0 0.5579 0.556557 0.0 0.315985 1.780535 -13.699078 -0.195916 0.007924 12.845295 133.0
245 17165.0 0.547409 0.564229 0.0 0.311535 1.780535 -13.699078 -0.195916 0.007924 12.845295 133.0
246 17165.0 0.564228 0.593764 0.0 0.346886 1.780535 -13.699078 -0.195916 0.007924 12.845295 133.0
247 17165.0 0.587337 0.597326 0.0 0.369119 1.780535 -13.699078 -0.195916 0.007924 12.845295 133.0
248 17165.0 0.621643 0.608887 0.0 0.406587 1.780535 -13.699078 -0.195916 0.007924 12.845295 133.0
249 17165.0 0.634775 0.601495 0.0 0.412521 1.780535 -13.699078 -0.195916 0.007924 12.845295 133.0
250 17165.0 0.645516 0.59979 0.0 0.420463 1.780535 -13.699078 -0.195916 0.007924 12.845295 133.0
251 17165.0 0.640025 0.625733 0.0 0.434243 1.780535 -13.699078 -0.195916 0.007924 12.845295 133.0
252 17165.0 0.66262 0.615574 0.0 0.446274 1.780535 -13.699078 -0.195916 0.007924 12.845295 133.0
253 17165.0 0.663352 0.610375 0.0 0.443199 1.780535 -13.699078 -0.195916 0.007924 12.845295 133.0
254 17165.0 0.708814 0.606493 0.0 0.479189 1.780535 -13.699078 -0.195916 0.007924 12.845295 133.0
255 17165.0 0.724687 0.62462 0.0 0.505617 1.780535 -13.699078 -0.195916 0.007924 12.845295 133.0
256 17165.0 0.724888 0.640276 0.0 0.516928 1.780535 -13.699078 -0.195916 0.007924 12.845295 133.0
257 17165.0 0.726403 0.647022 0.0 0.523018 1.780535 -13.699078 -0.195916 0.007924 12.845295 133.0
258 17165.0 0.732563 0.653402 0.0 0.532809 1.780535 -13.699078 -0.195916 0.007924 12.845295 133.0
259 17165.0 0.71155 0.639883 0.0 0.505278 1.780535 -13.699078 -0.195916 0.007924 12.845295 133.0
260 17165.0 0.691151 0.632774 0.0 0.482832 1.780535 -13.699078 -0.195916 0.007924 12.845295 133.0
261 17165.0 0.696918 0.630168 0.0 0.485894 1.780535 -13.699078 -0.195916 0.007924 12.845295 133.0
262 17165.0 0.688593 0.658333 0.0 0.498837 1.780535 -13.699078 -0.195916 0.007924 12.845295 133.0
263 17165.0 0.676823 0.660289 0.0 0.490196 1.780535 -13.699078 -0.195916 0.007924 12.845295 133.0
264 17165.0 0.714763 0.676479 0.0 0.534055 1.780535 -13.699078 -0.195916 0.007924 12.845295 133.0
265 17165.0 0.717738 0.70756 0.0 0.558706 1.780535 -13.699078 -0.195916 0.007924 12.845295 133.0
266 17165.0 0.732104 0.699246 0.0 0.565036 1.780535 -13.699078 -0.195916 0.007924 12.845295 133.0
267 17165.0 0.754917 0.689897 0.0 0.57783 1.780535 -13.699078 -0.195916 0.007924 12.845295 133.0
268 17165.0 0.755993 0.686299 0.0 0.576188 1.780535 -13.699078 -0.195916 0.007924 12.845295 133.0
269 17165.0 0.768465 0.715907 0.0 0.607885 1.780535 -13.699078 -0.195916 0.007924 12.845295 133.0
270 17165.0 0.75741 0.725059 0.0 0.604974 1.780535 -13.699078 -0.195916 0.007924 12.845295 133.0
271 17165.0 0.76978 0.718834 0.0 0.611089 1.780535 -13.699078 -0.195916 0.007924 12.845295 133.0
272 17165.0 0.792827 0.700467 0.0 0.617666 1.780535 -13.699078 -0.195916 0.007924 12.845295 133.0
273 17165.0 0.771131 0.694399 0.0 0.594855 1.780535 -13.699078 -0.195916 0.007924 12.845295 133.0
274 17165.0 0.762655 0.697374 0.0 0.589746 1.780535 -13.699078 -0.195916 0.007924 12.845295 133.0
275 17165.0 0.750551 0.71928 0.0 0.595015 1.780535 -13.699078 -0.195916 0.007924 12.845295 133.0
276 17165.0 0.771112 0.718819 0.0 0.612213 1.780535 -13.699078 -0.195916 0.007924 12.845295 133.0
277 17165.0 0.788581 0.707368 0.0 0.618956 1.780535 -13.699078 -0.195916 0.007924 12.845295 133.0
278 17165.0 0.813765 0.723767 0.0 0.652602 1.780535 -13.699078 -0.195916 0.007924 12.845295 133.0
279 17165.0 0.856073 0.739737 0.0 0.701122 1.780535 -13.699078 -0.195916 0.007924 12.845295 133.0
280 17165.0 0.849966 0.766474 0.0 0.715427 1.780535 -13.699078 -0.195916 0.007924 12.845295 133.0
281 17165.0 0.855329 0.789739 0.0 0.737162 1.780535 -13.699078 -0.195916 0.007924 12.845295 133.0
282 17165.0 0.87275 0.819792 0.0 0.774366 1.780535 -13.699078 -0.195916 0.007924 12.845295 133.0
283 17165.0 0.870255 0.857956 0.0 0.800197 1.780535 -13.699078 -0.195916 0.007924 12.845295 133.0
284 17165.0 0.87936 0.887831 0.0 0.830038 1.780535 -13.699078 -0.195916 0.007924 12.845295 133.0
285 17165.0 0.850725 0.902878 0.0 0.81617 1.780535 -13.699078 -0.195916 0.007924 12.845295 133.0
286 17165.0 0.850276 0.910763 0.0 0.821565 1.780535 -13.699078 -0.195916 0.007924 12.845295 133.0
287 17165.0 0.862679 0.926939 0.0 0.844223 1.780535 -13.699078 -0.195916 0.007924 12.845295 133.0
