 time p.x p.y p.z deep.node-0 CV opes.bias opes.rct opes.zed opes.neff opes.nker
0 19030.0 -0.555701 0.664763 0.0 -0.386225 1.369376 -11.872669 -0.206253 0.007692 12.845295 137.0
1 19030.0 -0.558308 0.64397 0.0 -0.364054 1.369376 -11.872669 -0.206253 0.007692 12.845295 137.0
2 19030.0 -0.534551 0.641792 0.0 -0.351788 1.369376 -11.872669 -0.206253 0.007692 12.845295 137.0
3 19030.0 -0.521865 0.650731 0.0 -0.356326 1.369376 -11.872669 -0.206253 0.007692 12.845295 137.0
4 19030.0 -0.510212 0.62759 0.0 -0.314909 1.369376 -11.872669 -0.206253 0.007692 12.845295 137.0
5 19030.0 -0.485515 0.644377 0.0 -0.321853 1.369376 -11.872669 -0.206253 0.007692 12.845295 137.0
6 19030.0 -0.484879 0.601509 0.0 -0.245699 1.369376 -11.872669 -0.206253 0.007692 12.845295 137.0
7 19030.0 -0.476089 0.587353 0.0 -0.212342 1.369376 -11.872669 -0.206253 0.007692 12.845295 137.0
8 19030.0 -0.47802 0.552105 0.0 -0.165424 1.369376 -11.872669 -0.206253 0.007692 12.845295 137.0
9 19030.0 -0.464483 0.571521 0.0 -0.182676 1.369376 -11.872669 -0.206253 0.007692 12.845295 137.0
10 19030.0 -0.468099 0.580145 0.0 -0.196907 1.369376 -11.872669 -0.206253 0.007692 12.845295 137.0
11 19030.0 -0.457266 0.568129 0.0 -0.173128 1.369376 -11.872669 -0.206253 0.007692 12.845295 137.0
12 19030.0 -0.450728 0.572703 0.0 -0.174909 1.369376 -11.872669 -0.206253 0.007692 12.845295 137.0
13 19030.0 -0.450498 0.569801 0.0 -0.170794 1.369376 -11.872669 -0.206253 0.007692 12.845295 137.0
14 19030.0 -0.452645 0.574799 0.0 -0.179075 1.369376 -11.872669 -0.206253 0.007692 12.845295 137.0
15 19030.0 -0.430885 0.55257 0.0 -0.136938 1.369376 -11.872669 -0.206253 0.007692 12.845295 137.0
16 19030.0 -0.407217 0.52096 0.0 -0.097627 1.369376 -11.872669 -0.206253 0.007692 12.845295 137.0
17 19030.0 -0.434205 0.520158 0.0 -0.107333 1.369376 -11.872669 -0.206253 0.007692 12.845295 137.0
18 19030.0 -0.401828 0.511662 0.0 -0.086674 1.369376 -11.872669 -0.206253 0.007692 12.845295 137.0
19 19030.0 -0.372225 0.527404 0.0 -0.090195 1.369376 -11.872669 -0.206253 0.007692 12.845295 137.0
20 19030.0 -0.351741 0.551449 0.0 -0.105166 1.369376 -11.872669 -0.206253 0.007692 12.845295 137.0
21 19030.0 -0.358213 0.538963 0.0 -0.095776 1.369376 -11.872669 -0.206253 0.007692 12.845295 137.0
22 19030.0 -0.351981 0.540977 0.0 -0.095277 1.369376 -11.872669 -0.206253 0.007692 12.845295 137.0
23 19030.0 -0.33259 0.527039 0.0 -0.074471 1.369376 -11.872669 -0.206253 0.007692 12.845295 137.0
24 19030.0 -0.338578 0.532459 0.0 -0.08196 1.369376 -11.872669 -0.206253 0.007692 12.845295 137.0
25 19030.0 -0.330793 0.508311 0.0 -0.055923 1.369376 -11.872669 -0.206253 0.007692 12.845295 137.0
26 19030.0 -0.303964 0.517624 0.0 -0.054392 1.369376 -11.872669 -0.206253 0.007692 12.845295 137.0
27 19030.0 -0.309122 0.522703 0.0 -0.061233 1.369376 -11.872669 -0.206253 0.007692 12.845295 137.0
28 19030.0 -0.318729 0.505702 0.0 -0.048756 1.369376 -11.872669 -0.206253 0.007692 12.845295 137.0
29 19030.0 -0.325624 0.51571 0.0 -0.060971 1.369376 -11.872669 -0.206253 0.007692 12.845295 137.0
30 19030.0 -0.304491 0.522228 0.0 -0.058984 1.369376 -11.872669 -0.206253 0.007692 12.845295 137.0
31 19030.0 -0.296608 0.503021 0.0 -0.037834 1.369376 -11.872669 -0.206253 0.007692 12.845295 137.0
32 19030.0 -0.271981 0.507301 0.0 -0.033664 1.369376 -11.872669 -0.206253 0.007692 12.845295 137.0
33 19030.0 -0.270019 0.530045 0.0 -0.053061 1.369376 -11.872669 -0.206253 0.007692 12.845295 137.0
34 19030.0 -0.244958 0.52528 0.0 -0.039782 1.369376 -11.872669 -0.206253 0.007692 12.845295 137.0
35 19030.0 -0.248972 0.503687 0.0 -0.023642 1.369376 -11.872669 -0.206253 0.007692 12.845295 137.0
36 19030.0 -0.227918 0.511945 0.0 -0.02378 1.369376 -11.872669 -0.206253 0.007692 12.845295 137.0
37 19030.0 -0.221419 0.483731 0.0 0.00094 1.369376 -11.872669 -0.206253 0.007692 12.845295 137.0
38 19030.0 -0.231758 0.492372 0.0 -0.009212 1.369376 -11.872669 -0.206253 0.007692 12.845295 137.0
39 19030.0 -0.222958 0.52934 0.0 -0.036248 1.369376 -11.872669 -0.206253 0.007692 12.845295 137.0
40 19030.0 -0.20451 0.50505 0.0 -0.010992 1.369376 -11.872669 -0.206253 0.007692 12.845295 137.0
41 19030.0 -0.194465 0.520032 0.0 -0.019947 1.369376 -11.872669 -0.206253 0.007692 12.845295 137.0
42 19030.0 -0.178189 0.51743 0.0 -0.01282 1.369376 -11.872669 -0.206253 0.007692 12.845295 137.0
43 19030.0 -0.147383 0.520301 0.0 -0.005607 1.369376 -11.872669 -0.206253 0.007692 12.845295 137.0
44 19030.0 -0.143142 0.516673 0.0 -0.001375 1.369376 -11.872669 -0.206253 0.007692 12.845295 137.0
45 19030.0 -0.153402 0.500471 0.0 0.008209 1.369376 -11.872669 -0.206253 0.007692 12.845295 137.0
46 19030.0 -0.152331 0.50798 0.0 0.002781 1.369376 -11.872669 -0.206253 0.007692 12.845295 137.0
47 19030.0 -0.156612 0.522411 0.0 -0.010159 1.369376 -11.872669 -0.206253 0.007692 12.845295 137.0
48 19030.0 -0.149923 0.525315 0.0 -0.010429 1.369376 -11.872669 -0.206253 0.007692 12.845295 137.0
49 19030.0 -0.166015 0.51764 0.0 -0.009226 1.369376 -11.872669 -0.206253 0.007692 12.845295 137.0
50 19030.0 -0.16158 0.49587 0.0 0.00967 1.369376 -11.872669 -0.206253 0.007692 12.845295 137.0
51 19030.0 -0.159174 0.482915 0.0 0.018974 1.369376 -11.872669 -0.206253 0.007692 12.845295 137.0
52 19030.0 -0.147228 0.482178 0.0 0.021833 1.369376 -11.872669 -0.206253 0.007692 12.845295 137.0
53 19030.0 -0.147555 0.493663 0.0 0.013981 1.369376 -11.872669 -0.206253 0.007692 12.845295 137.0
54 19030.0 -0.127257 0.516026 0.0 0.002827 1.369376 -11.872669 -0.206253 0.007692 12.845295 137.0
55 19030.0 -0.117667 0.518488 0.0 0.003052 1.369376 -11.872669 -0.206253 0.007692 12.845295 137.0
56 19030.0 -0.09868 0.521667 0.0 0.004549 1.369376 -11.872669 -0.206253 0.007692 12.845295 137.0
57 19030.0 -0.056921 0.513487 0.0 0.006641 1.369376 -11.872669 -0.206253 0.007692 12.845295 137.0
58 19030.0 -0.064912 0.528616 0.0 0.001234 1.369376 -11.872669 -0.206253 0.007692 12.845295 137.0
59 19030.0 -0.051976 0.532526 0.0 -0.001087 1.369376 -11.872669 -0.206253 0.007692 12.845295 137.0
60 19030.0 -0.025086 0.519737 0.0 0.002242 1.369376 -11.872669 -0.206253 0.007692 12.845295 137.0
61 19030.0 -0.004123 0.546154 0.0 -0.006834 1.369376 -11.872669 -0.206253 0.007692 12.845295 137.0
62 19030.0 0.008573 0.555315 0.0 -0.009912 1.369376 -11.872669 -0.206253 0.007692 12.845295 137.0
63 19030.0 0.003295 0.543712 0.0 -0.006237 1.369376 -11.872669 -0.206253 0.007692 12.845295 137.0
64 19030.0 0.034844 0.53587 0.0 -0.00448 1.369376 -11.872669 -0.206253 0.007692 12.845295 137.0
65 19030.0 0.014439 0.547051 0.0 -0.007494 1.369376 -11.872669 -0.206253 0.007692 12.845295 137.0
66 19030.0 0.039792 0.530852 0.0 -0.00304 1.369376 -11.872669 -0.206253 0.007692 12.845295 137.0
67 19030.0 0.056632 0.533149 0.0 -0.004095 1.369376 -11.872669 -0.206253 0.007692 12.845295 137.0
68 19030.0 0.039343 0.530312 0.0 -0.002865 1.369376 -11.872669 -0.206253 0.007692 12.845295 137.0
69 19030.0 0.044412 0.521641 0.0 -0.000304 1.369376 -11.872669 -0.206253 0.007692 12.845295 137.0
70 19030.0 0.059067 0.540479 0.0 -0.006371 1.369376 -11.872669 -0.206253 0.007692 12.845295 137.0
71 19030.0 0.064434 0.53252 0.0 -0.004063 1.369376 -11.872669 -0.206253 0.007692 12.845295 137.0
72 19030.0 0.081526 0.519631 0.0 -0.000455 1.369376 -11.872669 -0.206253 0.007692 12.845295 137.0
73 19030.0 0.082173 0.505501 0.0 0.003875 1.369376 -11.872669 -0.206253 0.007692 12.845295 137.0
74 19030.0 0.10391 0.495654 0.0 0.006451 1.369376 -11.872669 -0.206253 0.007692 12.845295 137.0
75 19030.0 0.09572 0.534388 0.0 -0.000712 1.369376 -11.872669 -0.206253 0.007692 12.845295 137.0
76 19030.0 0.10169 0.541834 0.0 0.00048 1.369376 -11.872669 -0.206253 0.007692 12.845295 137.0
77 19030.0 0.134296 0.541693 0.0 0.005683 1.369376 -11.872669 -0.206253 0.007692 12.845295 137.0
78 19030.0 0.144751 0.536902 0.0 0.007199 1.369376 -11.872669 -0.206253 0.007692 12.845295 137.0
79 19030.0 0.179656 0.549504 0.0 0.017685 1.369376 -11.872669 -0.206253 0.007692 12.845295 137.0
80 19030.0 0.178161 0.542777 0.0 0.012967 1.369376 -11.872669 -0.206253 0.007692 12.845295 137.0
81 19030.0 0.189677 0.537378 0.0 0.018341 1.369376 -11.872669 -0.206253 0.007692 12.845295 137.0
82 19030.0 0.206699 0.517722 0.0 0.019963 1.369376 -11.872669 -0.206253 0.007692 12.845295 137.0
83 19030.0 0.190849 0.52112 0.0 0.014057 1.369376 -11.872669 -0.206253 0.007692 12.845295 137.0
84 19030.0 0.184943 0.519265 0.0 0.013054 1.369376 -11.872669 -0.206253 0.007692 12.845295 137.0
85 19030.0 0.181332 0.513974 0.0 0.012308 1.369376 -11.872669 -0.206253 0.007692 12.845295 137.0
86 19030.0 0.198708 0.529745 0.0 0.020715 1.369376 -11.872669 -0.206253 0.007692 12.845295 137.0
87 19030.0 0.214604 0.5431 0.0 0.039396 1.369376 -11.872669 -0.206253 0.007692 12.845295 137.0
88 19030.0 0.210372 0.53309 0.0 0.030929 1.369376 -11.872669 -0.206253 0.007692 12.845295 137.0
89 19030.0 0.222065 0.523421 0.0 0.034119 1.369376 -11.872669 -0.206253 0.007692 12.845295 137.0
90 19030.0 0.240353 0.522902 0.0 0.047013 1.369376 -11.872669 -0.206253 0.007692 12.845295 137.0
91 19030.0 0.249213 0.513325 0.0 0.048212 1.369376 -11.872669 -0.206253 0.007692 12.845295 137.0
92 19030.0 0.262519 0.534921 0.0 0.069489 1.369376 -11.872669 -0.206253 0.007692 12.845295 137.0
93 19030.0 0.291354 0.560193 0.0 0.103945 1.369376 -11.872669 -0.206253 0.007692 12.845295 137.0
94 19030.0 0.271523 0.552593 0.0 0.085543 1.369376 -11.872669 -0.206253 0.007692 12.845295 137.0
95 19030.0 0.276967 0.540979 0.0 0.083178 1.369376 -11.872669 -0.206253 0.007692 12.845295 137.0
96 19030.0 0.312014 0.559394 0.0 0.118435 1.369376 -11.872669 -0.206253 0.007692 12.845295 137.0
97 19030.0 0.306668 0.532803 0.0 0.10015 1.369376 -11.872669 -0.206253 0.007692 12.845295 137.0
98 19030.0 0.296031 0.54294 0.0 0.097974 1.369376 -11.872669 -0.206253 0.007692 12.845295 137.0
99 19030.0 0.299377 0.531995 0.0 0.094459 1.369376 -11.872669 -0.206253 0.007692 12.845295 137.0
100 19030.0 0.306954 0.536105 0.0 0.102143 1.369376 -11.872669 -0.206253 0.007692 12.845295 137.0
101 19030.0 0.301257 0.540168 0.0 0.100238 1.369376 -11.872669 -0.206253 0.007692 12.845295 137.0
102 19030.0 0.304626 0.545686 0.0 0.105653 1.369376 -11.872669 -0.206253 0.007692 12.845295 137.0
103 19030.0 0.28134 0.516803 0.0 0.073461 1.369376 -11.872669 -0.206253 0.007692 12.845295 137.0
104 19030.0 0.277222 0.517982 0.0 0.070912 1.369376 -11.872669 -0.206253 0.007692 12.845295 137.0
105 19030.0 0.304916 0.526054 0.0 0.095234 1.369376 -11.872669 -0.206253 0.007692 12.845295 137.0
106 19030.0 0.31741 0.516594 0.0 0.100166 1.369376 -11.872669 -0.206253 0.007692 12.845295 137.0
107 19030.0 0.32948 0.478034 0.0 0.093502 1.369376 -11.872669 -0.206253 0.007692 12.845295 137.0
108 19030.0 0.319561 0.487731 0.0 0.090065 1.369376 -11.872669 -0.206253 0.007692 12.845295 137.0
109 19030.0 0.350862 0.466118 0.0 0.104552 1.369376 -11.872669 -0.206253 0.007692 12.845295 137.0
110 19030.0 0.374347 0.484469 0.0 0.129432 1.369376 -11.872669 -0.206253 0.007692 12.845295 137.0
111 19030.0 0.40143 0.502136 0.0 0.156708 1.369376 -11.872669 -0.206253 0.007692 12.845295 137.0
112 19030.0 0.427528 0.521352 0.0 0.183879 1.369376 -11.872669 -0.206253 0.007692 12.845295 137.0
113 19030.0 0.438088 0.515647 0.0 0.18941 1.369376 -11.872669 -0.206253 0.007692 12.845295 137.0
114 19030.0 0.449182 0.51485 0.0 0.197326 1.369376 -11.872669 -0.206253 0.007692 12.845295 137.0
115 19030.0 0.458677 0.522036 0.0 0.209436 1.369376 -11.872669 -0.206253 0.007692 12.845295 137.0
116 19030.0 0.457163 0.512987 0.0 0.203034 1.369376 -11.872669 -0.206253 0.007692 12.845295 137.0
117 19030.0 0.462501 0.50904 0.0 0.205474 1.369376 -11.872669 -0.206253 0.007692 12.845295 137.0
118 19030.0 0.456553 0.503602 0.0 0.198242 1.369376 -11.872669 -0.206253 0.007692 12.845295 137.0
119 19030.0 0.455682 0.512475 0.0 0.201455 1.369376 -11.872669 -0.206253 0.007692 12.845295 137.0
120 19030.0 0.455185 0.521284 0.0 0.205968 1.369376 -11.872669 -0.206253 0.007692 12.845295 137.0
121 19030.0 0.461055 0.507156 0.0 0.203155 1.369376 -11.872669 -0.206253 0.007692 12.845295 137.0
122 19030.0 0.495027 0.524424 0.0 0.242502 1.369376 -11.872669 -0.206253 0.007692 12.845295 137.0
123 19030.0 0.491057 0.53089 0.0 0.24275 1.369376 -11.872669 -0.206253 0.007692 12.845295 137.0
124 19030.0 0.492399 0.556749 0.0 0.259322 1.369376 -11.872669 -0.206253 0.007692 12.845295 137.0
125 19030.0 0.496164 0.564907 0.0 0.268335 1.369376 -11.872669 -0.206253 0.007692 12.845295 137.0
126 19030.0 0.482673 0.554471 0.0 0.249411 1.369376 -11.872669 -0.206253 0.007692 12.845295 137.0
127 19030.0 0.497441 0.550212 0.0 0.259453 1.369376 -11.872669 -0.206253 0.007692 12.845295 137.0
128 19030.0 0.514946 0.549021 0.0 0.274078 1.369376 -11.872669 -0.206253 0.007692 12.845295 137.0
129 19030.0 0.49489 0.53629 0.0 0.249211 1.369376 -11.872669 -0.206253 0.007692 12.845295 137.0
130 19030.0 0.514521 0.511404 0.0 0.252165 1.369376 -11.872669 -0.206253 0.007692 12.845295 137.0
131 19030.0 0.529249 0.518655 0.0 0.269114 1.369376 -11.872669 -0.206253 0.007692 12.845295 137.0
132 19030.0 0.52674 0.521137 0.0 0.268348 1.369376 -11.872669 -0.206253 0.007692 12.845295 137.0
133 19030.0 0.517914 0.50583 0.0 0.251995 1.369376 -11.872669 -0.206253 0.007692 12.845295 137.0
134 19030.0 0.520854 0.534591 0.0 0.270942 1.369376 -11.872669 -0.206253 0.007692 12.845295 137.0
135 19030.0 0.509062 0.548396 0.0 0.268572 1.369376 -11.872669 -0.206253 0.007692 12.845295 137.0
136 19030.0 0.541154 0.537158 0.0 0.290175 1.369376 -11.872669 -0.206253 0.007692 12.845295 137.0
137 19030.0 0.556916 0.536016 0.0 0.303304 1.369376 -11.872669 -0.206253 0.007692 12.845295 137.0
138 19030.0 0.532528 0.531855 0.0 0.279579 1.369376 -11.872669 -0.206253 0.007692 12.845295 137.0
139 19030.0 0.532015 0.538277 0.0 0.282825 1.369376 -11.872669 -0.206253 0.007692 12.845295 137.0
140 19030.0 0.534441 0.532544 0.0 0.281648 1.369376 -11.872669 -0.206253 0.007692 12.845295 137.0
141 19030.0 0.550724 0.512507 0.0 0.28436 1.369376 -11.872669 -0.206253 0.007692 12.845295 137.0
142 19030.0 0.543834 0.516831 0.0 0.280822 1.369376 -11.872669 -0.206253 0.007692 12.845295 137.0
143 19030.0 0.538079 0.533426 0.0 0.285338 1.369376 -11.872669 -0.206253 0.007692 12.845295 137.0
144 19030.0 0.555788 0.511382 0.0 0.288142 1.369376 -11.872669 -0.206253 0.007692 12.845295 137.0
145 19030.0 0.563151 0.527263 0.0 0.30372 1.369376 -11.872669 -0.206253 0.007692 12.845295 137.0
146 19030.0 0.549825 0.555072 0.0 0.308068 1.369376 -11.872669 -0.206253 0.007692 12.845295 137.0
147 19030.0 0.523787 0.572883 0.0 0.297556 1.369376 -11.872669 -0.206253 0.007692 12.845295 137.0
148 19030.0 0.54799 0.566833 0.0 0.313883 1.369376 -11.872669 -0.206253 0.007692 12.845295 137.0
149 19030.0 0.546716 0.573215 0.0 0.317338 1.369376 -11.872669 -0.206253 0.007692 12.845295 137.0
150 19030.0 0.540631 0.587521 0.0 0.32233 1.369376 -11.872669 -0.206253 0.007692 12.845295 137.0
151 19030.0 0.544161 0.573418 0.0 0.315304 1.369376 -11.872669 -0.206253 0.007692 12.845295 137.0
152 19030.0 0.548933 0.594877 0.0 0.334641 1.369376 -11.872669 -0.206253 0.007692 12.845295 137.0
153 19030.0 0.575646 0.590372 0.0 0.354205 1.369376 -11.872669 -0.206253 0.007692 12.845295 137.0
154 19030.0 0.576441 0.584929 0.0 0.351011 1.369376 -11.872669 -0.206253 0.007692 12.845295 137.0
155 19030.0 0.55889 0.570063 0.0 0.325472 1.369376 -11.872669 -0.206253 0.007692 12.845295 137.0
156 19030.0 0.555258 0.569489 0.0 0.321968 1.369376 -11.872669 -0.206253 0.007692 12.845295 137.0
157 19030.0 0.535332 0.578018 0.0 0.311051 1.369376 -11.872669 -0.206253 0.007692 12.845295 137.0
158 19030.0 0.540713 0.562013 0.0 0.30425 1.369376 -11.872669 -0.206253 0.007692 12.845295 137.0
159 19030.0 0.544372 0.571559 0.0 0.314162 1.369376 -11.872669 -0.206253 0.007692 12.845295 137.0
160 19030.0 0.528773 0.565668 0.0 0.296673 1.369376 -11.872669 -0.206253 0.007692 12.845295 137.0
161 19030.0 0.540424 0.576028 0.0 0.313976 1.369376 -11.872669 -0.206253 0.007692 12.845295 137.0
162 19030.0 0.546487 0.597312 0.0 0.334287 1.369376 -11.872669 -0.206253 0.007692 12.845295 137.0
163 19030.0 0.553011 0.58475 0.0 0.330911 1.369376 -11.872669 -0.206253 0.007692 12.845295 137.0
164 19030.0 0.531901 0.601705 0.0 0.32498 1.369376 -11.872669 -0.206253 0.007692 12.845295 137.0
165 19030.0 0.573913 0.615086 0.0 0.370312 1.369376 -11.872669 -0.206253 0.007692 12.845295 137.0
166 19030.0 0.574709 0.620701 0.0 0.374986 1.369376 -11.872669 -0.206253 0.007692 12.845295 137.0
167 19030.0 0.578755 0.619861 0.0 0.377837 1.369376 -11.872669 -0.206253 0.007692 12.845295 137.0
168 19030.0 0.620321 0.621801 0.0 0.414649 1.369376 -11.872669 -0.206253 0.007692 12.845295 137.0
169 19030.0 0.59079 0.61894 0.0 0.38744 1.369376 -11.872669 -0.206253 0.007692 12.845295 137.0
170 19030.0 0.599372 0.620539 0.0 0.395894 1.369376 -11.872669 -0.206253 0.007692 12.845295 137.0
171 19030.0 0.622185 0.60809 0.0 0.406482 1.369376 -11.872669 -0.206253 0.007692 12.845295 137.0
172 19030.0 0.608485 0.621566 0.0 0.404392 1.369376 -11.872669 -0.206253 0.007692 12.845295 137.0
173 19030.0 0.603235 0.606119 0.0 0.388926 1.369376 -11.872669 -0.206253 0.007692 12.845295 137.0
174 19030.0 0.615129 0.610965 0.0 0.402513 1.369376 -11.872669 -0.206253 0.007692 12.845295 137.0
175 19030.0 0.629845 0.582536 0.0 0.39483 1.369376 -11.872669 -0.206253 0.007692 12.845295 137.0
176 19030.0 0.650307 0.574943 0.0 0.407391 1.369376 -11.872669 -0.206253 0.007692 12.845295 137.0
177 19030.0 0.651919 0.578349 0.0 0.41076 1.369376 -11.872669 -0.206253 0.007692 12.845295 137.0
178 19030.0 0.658276 0.573429 0.0 0.413489 1.369376 -11.872669 -0.206253 0.007692 12.845295 137.0
179 19030.0 0.63986 0.567159 0.0 0.393773 1.369376 -11.872669 -0.206253 0.007692 12.845295 137.0
180 19030.0 0.63439 0.57883 0.0 0.396067 1.369376 -11.872669 -0.206253 0.007692 12.845295 137.0
181 19030.0 0.642572 0.575309 0.0 0.400836 1.369376 -11.872669 -0.206253 0.007692 12.845295 137.0
182 19030.0 0.612606 0.554716 0.0 0.362774 1.369376 -11.872669 -0.206253 0.007692 12.845295 137.0
183 19030.0 0.607019 0.558281 0.0 0.35994 1.369376 -11.872669 -0.206253 0.007692 12.845295 137.0
184 19030.0 0.632852 0.561343 0.0 0.384297 1.369376 -11.872669 -0.206253 0.007692 12.845295 137.0
185 19030.0 0.621484 0.584331 0.0 0.388979 1.369376 -11.872669 -0.206253 0.007692 12.845295 137.0
186 19030.0 0.630863 0.592421 0.0 0.402731 1.369376 -11.872669 -0.206253 0.007692 12.845295 137.0
187 19030.0 0.623268 0.580826 0.0 0.388007 1.369376 -11.872669 -0.206253 0.007692 12.845295 137.0
188 19030.0 0.616334 0.557357 0.0 0.367556 1.369376 -11.872669 -0.206253 0.007692 12.845295 137.0
189 19030.0 0.607547 0.587716 0.0 0.379508 1.369376 -11.872669 -0.206253 0.007692 12.845295 137.0
190 19030.0 0.609403 0.570087 0.0 0.368819 1.369376 -11.872669 -0.206253 0.007692 12.845295 137.0
191 19030.0 0.619639 0.588196 0.0 0.390157 1.369376 -11.872669 -0.206253 0.007692 12.845295 137.0
192 19030.0 0.620193 0.605842 0.0 0.403185 1.369376 -11.872669 -0.206253 0.007692 12.845295 137.0
193 19030.0 0.613285 0.605549 0.0 0.397088 1.369376 -11.872669 -0.206253 0.007692 12.845295 137.0
194 19030.0 0.615176 0.598109 0.0 0.393405 1.369376 -11.872669 -0.206253 0.007692 12.845295 137.0
195 19030.0 0.612548 0.618974 0.0 0.406011 1.369376 -11.872669 -0.206253 0.007692 12.845295 137.0
196 19030.0 0.61033 0.614301 0.0 0.400796 1.369376 -11.872669 -0.206253 0.007692 12.845295 137.0
197 19030.0 0.614873 0.614542 0.0 0.40484 1.369376 -11.872669 -0.206253 0.007692 12.845295 137.0
198 19030.0 0.629204 0.623341 0.0 0.423315 1.369376 -11.872669 -0.206253 0.007692 12.845295 137.0
199 19030.0 0.625308 0.634039 0.0 0.427607 1.369376 -11.872669 -0.206253 0.007692 12.845295 137.0
200 19030.0 0.618122 0.628644 0.0 0.417643 1.369376 -11.872669 -0.206253 0.007692 12.845295 137.0
201 19030.0 0.617253 0.631878 0.0 0.419203 1.369376 -11.872669 -0.206253 0.007692 12.845295 137.0
202 19030.0 0.630302 0.632159 0.0 0.430527 1.369376 -11.872669 -0.206253 0.007692 12.845295 137.0
203 19030.0 0.632544 0.613419 0.0 0.419104 1.369376 -11.872669 -0.206253 0.007692 12.845295 137.0
204 19030.0 0.677744 0.619611 0.0 0.462039 1.369376 -11.872669 -0.206253 0.007692 12.845295 137.0
205 19030.0 0.682827 0.623074 0.0 0.468835 1.369376 -11.872669 -0.206253 0.007692 12.845295 137.0
206 19030.0 0.69128 0.635652 0.0 0.48499 1.369376 -11.872669 -0.206253 0.007692 12.845295 137.0
207 19030.0 0.720181 0.634046 0.0 0.508482 1.369376 -11.872669 -0.206253 0.007692 12.845295 137.0
208 19030.0 0.709592 0.64836 0.0 0.509641 1.369376 -11.872669 -0.206253 0.007692 12.845295 137.0
209 19030.0 0.711447 0.639289 0.0 0.504768 1.369376 -11.872669 -0.206253 0.007692 12.845295 137.0
210 19030.0 0.697878 0.652616 0.0 0.502684 1.369376 -11.872669 -0.206253 0.007692 12.845295 137.0
211 19030.0 0.718559 0.656001 0.0 0.522721 1.369376 -11.872669 -0.206253 0.007692 12.845295 137.0
212 19030.0 0.715916 0.633733 0.0 0.504624 1.369376 -11.872669 -0.206253 0.007692 12.845295 137.0
213 19030.0 0.715464 0.60876 0.0 0.48647 1.369376 -11.872669 -0.206253 0.007692 12.845295 137.0
214 19030.0 0.727071 0.616032 0.0 0.501539 1.369376 -11.872669 -0.206253 0.007692 12.845295 137.0
215 19030.0 0.758534 0.615529 0.0 0.528 1.369376 -11.872669 -0.206253 0.007692 12.845295 137.0
216 19030.0 0.778848 0.619059 0.0 0.547827 1.369376 -11.872669 -0.206253 0.007692 12.845295 137.0
217 19030.0 0.755108 0.641127 0.0 0.543293 1.369376 -11.872669 -0.206253 0.007692 12.845295 137.0
218 19030.0 0.759723 0.631651 0.0 0.540484 1.369376 -11.872669 -0.206253 0.007692 12.845295 137.0
219 19030.0 0.735882 0.634914 0.0 0.522484 1.369376 -11.872669 -0.206253 0.007692 12.845295 137.0
220 19030.0 0.721598 0.666293 0.0 0.532634 1.369376 -11.872669 -0.206253 0.007692 12.845295 137.0
221 19030.0 0.721063 0.681993 0.0 0.543349 1.369376 -11.872669 -0.206253 0.007692 12.845295 137.0
222 19030.0 0.719477 0.692322 0.0 0.549346 1.369376 -11.872669 -0.206253 0.007692 12.845295 137.0
223 19030.0 0.731698 0.695225 0.0 0.561829 1.369376 -11.872669 -0.206253 0.007692 12.845295 137.0
224 19030.0 0.740325 0.717351 0.0 0.584926 1.369376 -11.872669 -0.206253 0.007692 12.845295 137.0
225 19030.0 0.732553 0.727731 0.0 0.585687 1.369376 -11.872669 -0.206253 0.007692 12.845295 137.0
226 19030.0 0.753085 0.704315 0.0 0.586527 1.369376 -11.872669 -0.206253 0.007692 12.845295 137.0
227 19030.0 0.758147 0.708794 0.0 0.594029 1.369376 -11.872669 -0.206253 0.007692 12.845295 137.0
228 19030.0 0.767007 0.722161 0.0 0.611092 1.369376 -11.872669 -0.206253 0.007692 12.845295 137.0
229 19030.0 0.768103 0.742276 0.0 0.626464 1.369376 -11.872669 -0.206253 0.007692 12.845295 137.0
230 19030.0 0.792726 0.733465 0.0 0.641418 1.369376 -11.872669 -0.206253 0.007692 12.845295 137.0
231 19030.0 0.766734 0.74785 0.0 0.629363 1.369376 -11.872669 -0.206253 0.007692 12.845295 137.0
232 19030.0 0.769142 0.73581 0.0 0.622623 1.369376 -11.872669 -0.206253 0.007692 12.845295 137.0
233 19030.0 0.808397 0.755947 0.0 0.671544 1.369376 -11.872669 -0.206253 0.007692 12.845295 137.0
234 19030.0 0.833087 0.736181 0.0 0.678518 1.369376 -11.872669 -0.206253 0.007692 12.845295 137.0
235 19030.0 0.843326 0.750336 0.0 0.69781 1.369376 -11.872669 -0.206253 0.007692 12.845295 137.0
236 19030.0 0.843958 0.76095 0.0 0.706148 1.369376 -11.872669 -0.206253 0.007692 12.845295 137.0
237 19030.0 0.850897 0.768757 0.0 0.717912 1.369376 -11.872669 -0.206253 0.007692 12.845295 137.0
238 19030.0 0.863491 0.775258 0.0 0.733637 1.369376 -11.872669 -0.206253 0.007692 12.845295 137.0
239 19030.0 0.855507 0.765669 0.0 0.719656 1.369376 -11.872669 -0.206253 0.007692 12.845295 137.0
240 19030.0 0.835767 0.797578 0.0 0.725898 1.369376 -11.872669 -0.206253 0.007692 12.845295 137.0
241 19030.0 0.826429 0.826681 0.0 0.739128 1.369376 -11.872669 -0.206253 0.007692 12.845295 137.0
242 19030.0 0.833612 0.832608 0.0 0.749725 1.369376 -11.872669 -0.206253 0.007692 12.845295 137.0
243 19030.0 0.830054 0.820889 0.0 0.738032 1.369376 -11.872669 -0.206253 0.007692 12.845295 137.0
244 19030.0 0.833102 0.87126 0.0 0.777642 1.369376 -11.872669 -0.206253 0.007692 12.845295 137.0
245 19030.0 0.856043 0.876061 0.0 0.80112 1.369376 -11.872669 -0.206253 0.007692 12.845295 137.0
246 19030.0 0.861534 0.907374 0.0 0.828871 1.369376 -11.872669 -0.206253 0.007692 12.845295 137.0
247 19030.0 0.877355 0.900777 0.0 0.837793 1.369376 -11.872669 -0.206253 0.007692 12.845295 137.0
248 19030.0 0.901574 0.918178 0.0 0.871547 1.369376 -11.872669 -0.206253 0.007692 12.845295 137.0
249 19030.0 0.891018 0.938274 0.0 0.876876 1.369376 -11.872669 -0.206253 0.007692 12.845295 137.0
250 19030.0 0.8801 0.966022 0.0 0.887366 1.369376 -11.872669 -0.206253 0.007692 12.845295 137.0
251 19030.0 0.875197 0.990081 0.0 0.896591 1.369376 -11.872669 -0.206253 0.007692 12.845295 137.0
252 19030.0 0.880786 0.996916 0.0 0.903772 1.369376 -11.872669 -0.206253 0.007692 12.845295 137.0
253 19030.0 0.912557 1.023382 0.0 0.9319 1.369376 -11.872669 -0.206253 0.007692 12.845295 137.0
254 19030.0 0.94354 1.072408 0.0 0.947393 1.369376 -11.872669 -0.206253 0.007692 12.845295 137.0
255 19030.0 0.928643 1.119566 0.0 0.942126 1.369376 -11.872669 -0.206253 0.007692 12.845295 137.0
256 19030.0 0.944812 1.133273 0.0 0.94929 1.369376 -11.872669 -0.206253 0.007692 12.845295 137.0
257 19030.0 0.932841 1.120208 0.0 0.943922 1.369376 -11.872669 -0.206253 0.007692 12.845295 137.0
258 19030.0 0.963041 1.122454 0.0 0.95678 1.369376 -11.872669 -0.206253 0.007692 12.845295 137.0
259 19030.0 0.992931 1.117019 0.0 0.969336 1.369376 -11.872669 -0.206253 0.007692 12.845295 137.0
260 19030.0 0.988221 1.124811 0.0 0.967512 1.369376 -11.872669 -0.206253 0.007692 12.845295 137.0
261 19030.0 0.987724 1.142851 0.0 0.967704 1.369376 -11.872669 -0.206253 0.007692 12.845295 137.0
262 19030.0 0.992704 1.144814 0.0 0.96986 1.369376 -11.872669 -0.206253 0.007692 12.845295 137.0
263 19030.0 0.970017 1.13538 0.0 0.960027 1.369376 -11.872669 -0.206253 0.007692 12.845295 137.0
264 19030.0 0.968249 1.151138 0.0 0.959629 1.369376 -11.872669 -0.206253 0.007692 12.845295 137.0
265 19030.0 0.953938 1.124363 0.0 0.952962 1.369376 -11.872669 -0.206253 0.007692 12.845295 137.0
266 19030.0 0.980374 1.127406 0.0 0.964242 1.369376 -11.872669 -0.206253 0.007692 12.845295 137.0
267 19030.0 0.981203 1.119586 0.0 0.964419 1.369376 -11.872669 -0.206253 0.007692 12.845295 137.0
268 19030.0 0.982366 1.14733 0.0 0.965531 1.369376 -11.872669 -0.206253 0.007692 12.845295 137.0
269 19030.0 0.956783 1.177919 0.0 0.952921 1.369376 -11.872669 -0.206253 0.007692 12.845295 137.0
270 19030.0 0.969999 1.183634 0.0 0.959102 1.369376 -11.872669 -0.206253 0.007692 12.845295 137.0
271 19030.0 0.966794 1.181357 0.0 0.957887 1.369376 -11.872669 -0.206253 0.007692 12.845295 137.0
272 19030.0 0.987187 1.171273 0.0 0.96811 1.369376 -11.872669 -0.206253 0.007692 12.845295 137.0
273 19030.0 0.987882 1.176326 0.0 0.968518 1.369376 -11.872669 -0.206253 0.007692 12.845295 137.0
274 19030.0 0.985796 1.163985 0.0 0.967358 1.369376 -11.872669 -0.206253 0.007692 12.845295 137.0
275 19030.0 1.011483 1.150057 0.0 0.977942 1.369376 -11.872669 -0.206253 0.007692 12.845295 137.0
276 19030.0 0.987952 1.1689 0.0 0.968382 1.369376 -11.872669 -0.206253 0.007692 12.845295 137.0
277 19030.0 1.002515 1.151846 0.0 0.974178 1.369376 -11.872669 -0.206253 0.007692 12.845295 137.0
278 19030.0 0.981037 1.173647 0.0 0.965555 1.369376 -11.872669 -0.206253 0.007692 12.845295 137.0
279 19030.0 0.980112 1.172779 0.0 0.965143 1.369376 -11.872669 -0.206253 0.007692 12.845295 137.0
280 19030.0 0.980317 1.185521 0.0 0.96475 1.369376 -11.872669 -0.206253 0.007692 12.845295 137.0
281 19030.0 0.999574 1.195709 0.0 0.973161 1.369376 -11.872669 -0.206253 0.007692 12.845295 137.0
282 19030.0 0.997266 1.199579 0.0 0.970527 1.369376 -11.872669 -0.206253 0.007692 12.845295 137.0
283 19030.0 1.006063 1.210266 0.0 0.972442 1.369376 -11.872669 -0.206253 0.007692 12.845295 137.0
284 19030.0 1.019066 1.204332 0.0 0.982215 1.369376 -11.872669 -0.206253 0.007692 12.845295 137.0
285 19030.0 0.99569 1.219746 0.0 0.963132 1.369376 -11.872669 -0.206253 0.007692 12.845295 137.0
286 19030.0 0.99431 1.207196 0.0 0.966304 1.369376 -11.872669 -0.206253 0.007692 12.845295 137.0
287 19030.0 1.020993 1.202771 0.0 0.983151 1.369376 -11.872669 -0.206253 0.007692 12.845295 137.0
