 time p.x p.y p.z deep.node-0 CV opes.bias opes.rct opes.zed opes.neff opes.nker
0 2070.0 -0.493054 0.644018 0.0 -0.327269 0.339989 -3.927926 -0.069823 0.013846 8.311268 55.0
1 2070.0 -0.505479 0.605715 0.0 -0.272692 0.339989 -3.927926 -0.069823 0.013846 8.311268 55.0
2 2070.0 -0.505288 0.600047 0.0 -0.262496 0.339989 -3.927926 -0.069823 0.013846 8.311268 55.0
3 2070.0 -0.484466 0.583312 0.0 -0.213157 0.339989 -3.927926 -0.069823 0.013846 8.311268 55.0
4 2070.0 -0.49359 0.56329 0.0 -0.1913 0.339989 -3.927926 -0.069823 0.013846 8.311268 55.0
5 2070.0 -0.481884 0.583596 0.0 -0.211208 0.339989 -3.927926 -0.069823 0.013846 8.311268 55.0
6 2070.0 -0.457975 0.576323 0.0 -0.184789 0.339989 -3.927926 -0.069823 0.013846 8.311268 55.0
7 2070.0 -0.453119 0.578624 0.0 -0.184616 0.339989 -3.927926 -0.069823 0.013846 8.311268 55.0
8 2070.0 -0.436095 0.552391 0.0 -0.138788 0.339989 -3.927926 -0.069823 0.013846 8.311268 55.0
9 2070.0 -0.417872 0.519623 0.0 -0.100487 0.339989 -3.927926 -0.069823 0.013846 8.311268 55.0
10 2070.0 -0.397023 0.534953 0.0 -0.10701 0.339989 -3.927926 -0.069823 0.013846 8.311268 55.0
11 2070.0 -0.371603 0.533587 0.0 -0.095846 0.339989 -3.927926 -0.069823 0.013846 8.311268 55.0
12 2070.0 -0.384985 0.542547 0.0 -0.109577 0.339989 -3.927926 -0.069823 0.013846 8.311268 55.0
13 2070.0 -0.385732 0.526583 0.0 -0.094652 0.339989 -3.927926 -0.069823 0.013846 8.311268 55.0
14 2070.0 -0.369728 0.526398 0.0 -0.088267 0.339989 -3.927926 -0.069823 0.013846 8.311268 55.0
15 2070.0 -0.379716 0.550869 0.0 -0.115465 0.339989 -3.927926 -0.069823 0.013846 8.311268 55.0
16 2070.0 -0.353225 0.547602 0.0 -0.102075 0.339989 -3.927926 -0.069823 0.013846 8.311268 55.0
17 2070.0 -0.353845 0.520531 0.0 -0.076514 0.339989 -3.927926 -0.069823 0.013846 8.311268 55.0
18 2070.0 -0.348025 0.51755 0.0 -0.071415 0.339989 -3.927926 -0.069823 0.013846 8.311268 55.0
19 2070.0 -0.370804 0.512195 0.0 -0.075147 0.339989 -3.927926 -0.069823 0.013846 8.311268 55.0
20 2070.0 -0.38393 0.515141 0.0 -0.083047 0.339989 -3.927926 -0.069823 0.013846 8.311268 55.0
21 2070.0 -0.355201 0.506807 0.0 -0.063958 0.339989 -3.927926 -0.069823 0.013846 8.311268 55.0
22 2070.0 -0.355617 0.520567 0.0 -0.077234 0.339989 -3.927926 -0.069823 0.013846 8.311268 55.0
23 2070.0 -0.374236 0.506921 0.0 -0.071452 0.339989 -3.927926 -0.069823 0.013846 8.311268 55.0
24 2070.0 -0.362169 0.482409 0.0 -0.043408 0.339989 -3.927926 -0.069823 0.013846 8.311268 55.0
25 2070.0 -0.356668 0.473418 0.0 -0.032704 0.339989 -3.927926 -0.069823 0.013846 8.311268 55.0
26 2070.0 -0.374091 0.47746 0.0 -0.043315 0.339989 -3.927926 -0.069823 0.013846 8.311268 55.0
27 2070.0 -0.367898 0.46558 0.0 -0.029736 0.339989 -3.927926 -0.069823 0.013846 8.311268 55.0
28 2070.0 -0.38208 0.490654 0.0 -0.058991 0.339989 -3.927926 -0.069823 0.013846 8.311268 55.0
29 2070.0 -0.365741 0.473883 0.0 -0.036667 0.339989 -3.927926 -0.069823 0.013846 8.311268 55.0
30 2070.0 -0.339013 0.49611 0.0 -0.047483 0.339989 -3.927926 -0.069823 0.013846 8.311268 55.0
31 2070.0 -0.324715 0.503552 0.0 -0.049029 0.339989 -3.927926 -0.069823 0.013846 8.311268 55.0
32 2070.0 -0.299509 0.505296 0.0 -0.040913 0.339989 -3.927926 -0.069823 0.013846 8.311268 55.0
33 2070.0 -0.283808 0.518378 0.0 -0.047291 0.339989 -3.927926 -0.069823 0.013846 8.311268 55.0
34 2070.0 -0.276125 0.530923 0.0 -0.056267 0.339989 -3.927926 -0.069823 0.013846 8.311268 55.0
35 2070.0 -0.281853 0.515015 0.0 -0.043327 0.339989 -3.927926 -0.069823 0.013846 8.311268 55.0
36 2070.0 -0.275781 0.534655 0.0 -0.05969 0.339989 -3.927926 -0.069823 0.013846 8.311268 55.0
37 2070.0 -0.275234 0.528967 0.0 -0.054058 0.339989 -3.927926 -0.069823 0.013846 8.311268 55.0
38 2070.0 -0.260437 0.529248 0.0 -0.048585 0.339989 -3.927926 -0.069823 0.013846 8.311268 55.0
39 2070.0 -0.250682 0.532595 0.0 -0.047991 0.339989 -3.927926 -0.069823 0.013846 8.311268 55.0
40 2070.0 -0.225839 0.514026 0.0 -0.024812 0.339989 -3.927926 -0.069823 0.013846 8.311268 55.0
41 2070.0 -0.219089 0.535735 0.0 -0.0402 0.339989 -3.927926 -0.069823 0.013846 8.311268 55.0
42 2070.0 -0.20398 0.523603 0.0 -0.025763 0.339989 -3.927926 -0.069823 0.013846 8.311268 55.0
43 2070.0 -0.201972 0.53007 0.0 -0.030348 0.339989 -3.927926 -0.069823 0.013846 8.311268 55.0
44 2070.0 -0.188578 0.543887 0.0 -0.037329 0.339989 -3.927926 -0.069823 0.013846 8.311268 55.0
45 2070.0 -0.157042 0.544838 0.0 -0.028344 0.339989 -3.927926 -0.069823 0.013846 8.311268 55.0
46 2070.0 -0.157634 0.548368 0.0 -0.031369 0.339989 -3.927926 -0.069823 0.013846 8.311268 55.0
47 2070.0 -0.155729 0.556364 0.0 -0.037216 0.339989 -3.927926 -0.069823 0.013846 8.311268 55.0
48 2070.0 -0.162542 0.561831 0.0 -0.043723 0.339989 -3.927926 -0.069823 0.013846 8.311268 55.0
49 2070.0 -0.15973 0.567089 0.0 -0.047086 0.339989 -3.927926 -0.069823 0.013846 8.311268 55.0
50 2070.0 -0.137373 0.585388 0.0 -0.0546 0.339989 -3.927926 -0.069823 0.013846 8.311268 55.0
51 2070.0 -0.123943 0.583415 0.0 -0.048473 0.339989 -3.927926 -0.069823 0.013846 8.311268 55.0
52 2070.0 -0.125992 0.547034 0.0 -0.020513 0.339989 -3.927926 -0.069823 0.013846 8.311268 55.0
53 2070.0 -0.107882 0.557026 0.0 -0.022957 0.339989 -3.927926 -0.069823 0.013846 8.311268 55.0
54 2070.0 -0.109808 0.525673 0.0 -0.000268 0.339989 -3.927926 -0.069823 0.013846 8.311268 55.0
55 2070.0 -0.104251 0.542837 0.0 -0.010809 0.339989 -3.927926 -0.069823 0.013846 8.311268 55.0
56 2070.0 -0.110562 0.536845 0.0 -0.007993 0.339989 -3.927926 -0.069823 0.013846 8.311268 55.0
57 2070.0 -0.086621 0.499054 0.0 0.014097 0.339989 -3.927926 -0.069823 0.013846 8.311268 55.0
58 2070.0 -0.063328 0.539687 0.0 -0.003601 0.339989 -3.927926 -0.069823 0.013846 8.311268 55.0
59 2070.0 -0.053521 0.553807 0.0 -0.009913 0.339989 -3.927926 -0.069823 0.013846 8.311268 55.0
60 2070.0 -0.07411 0.574516 0.0 -0.0246 0.339989 -3.927926 -0.069823 0.013846 8.311268 55.0
61 2070.0 -0.03535 0.573274 0.0 -0.017544 0.339989 -3.927926 -0.069823 0.013846 8.311268 55.0
62 2070.0 -0.038304 0.581029 0.0 -0.0216 0.339989 -3.927926 -0.069823 0.013846 8.311268 55.0
63 2070.0 -0.035684 0.562855 0.0 -0.012523 0.339989 -3.927926 -0.069823 0.013846 8.311268 55.0
64 2070.0 -0.019431 0.542053 0.0 -0.005256 0.339989 -3.927926 -0.069823 0.013846 8.311268 55.0
65 2070.0 0.010345 0.526581 0.0 -0.001117 0.339989 -3.927926 -0.069823 0.013846 8.311268 55.0
66 2070.0 0.011128 0.510013 0.0 0.003959 0.339989 -3.927926 -0.069823 0.013846 8.311268 55.0
67 2070.0 0.032576 0.474065 0.0 0.016713 0.339989 -3.927926 -0.069823 0.013846 8.311268 55.0
68 2070.0 -0.00016 0.483675 0.0 0.014768 0.339989 -3.927926 -0.069823 0.013846 8.311268 55.0
69 2070.0 -0.016242 0.512824 0.0 0.004393 0.339989 -3.927926 -0.069823 0.013846 8.311268 55.0
70 2070.0 -0.038971 0.507536 0.0 0.007855 0.339989 -3.927926 -0.069823 0.013846 8.311268 55.0
71 2070.0 -0.035308 0.541933 0.0 -0.00489 0.339989 -3.927926 -0.069823 0.013846 8.311268 55.0
72 2070.0 -0.012457 0.524464 0.0 6e-06 0.339989 -3.927926 -0.069823 0.013846 8.311268 55.0
73 2070.0 -0.035652 0.499589 0.0 0.010749 0.339989 -3.927926 -0.069823 0.013846 8.311268 55.0
74 2070.0 -0.047921 0.504063 0.0 0.00976 0.339989 -3.927926 -0.069823 0.013846 8.311268 55.0
75 2070.0 -0.060798 0.501107 0.0 0.011706 0.339989 -3.927926 -0.069823 0.013846 8.311268 55.0
76 2070.0 -0.068163 0.504819 0.0 0.010712 0.339989 -3.927926 -0.069823 0.013846 8.311268 55.0
77 2070.0 -0.081718 0.483958 0.0 0.019681 0.339989 -3.927926 -0.069823 0.013846 8.311268 55.0
78 2070.0 -0.084822 0.48354 0.0 0.020035 0.339989 -3.927926 -0.069823 0.013846 8.311268 55.0
79 2070.0 -0.092574 0.518999 0.0 0.006422 0.339989 -3.927926 -0.069823 0.013846 8.311268 55.0
80 2070.0 -0.101214 0.518094 0.0 0.006428 0.339989 -3.927926 -0.069823 0.013846 8.311268 55.0
81 2070.0 -0.078242 0.530195 0.0 0.00091 0.339989 -3.927926 -0.069823 0.013846 8.311268 55.0
82 2070.0 -0.065657 0.545511 0.0 -0.007044 0.339989 -3.927926 -0.069823 0.013846 8.311268 55.0
83 2070.0 -0.073536 0.548347 0.0 -0.009116 0.339989 -3.927926 -0.069823 0.013846 8.311268 55.0
84 2070.0 -0.087173 0.554569 0.0 -0.01539 0.339989 -3.927926 -0.069823 0.013846 8.311268 55.0
85 2070.0 -0.092591 0.522496 0.0 0.004437 0.339989 -3.927926 -0.069823 0.013846 8.311268 55.0
86 2070.0 -0.093286 0.521966 0.0 0.004696 0.339989 -3.927926 -0.069823 0.013846 8.311268 55.0
87 2070.0 -0.088676 0.525002 0.0 0.003244 0.339989 -3.927926 -0.069823 0.013846 8.311268 55.0
88 2070.0 -0.109191 0.518844 0.0 0.004485 0.339989 -3.927926 -0.069823 0.013846 8.311268 55.0
89 2070.0 -0.105711 0.536499 0.0 -0.0068 0.339989 -3.927926 -0.069823 0.013846 8.311268 55.0
90 2070.0 -0.10467 0.561518 0.0 -0.025579 0.339989 -3.927926 -0.069823 0.013846 8.311268 55.0
91 2070.0 -0.111181 0.543309 0.0 -0.012934 0.339989 -3.927926 -0.069823 0.013846 8.311268 55.0
92 2070.0 -0.102344 0.520726 0.0 0.004561 0.339989 -3.927926 -0.069823 0.013846 8.311268 55.0
93 2070.0 -0.114158 0.506611 0.0 0.011798 0.339989 -3.927926 -0.069823 0.013846 8.311268 55.0
94 2070.0 -0.080764 0.518157 0.0 0.006288 0.339989 -3.927926 -0.069823 0.013846 8.311268 55.0
95 2070.0 -0.047032 0.500243 0.0 0.011195 0.339989 -3.927926 -0.069823 0.013846 8.311268 55.0
96 2070.0 -0.019768 0.494628 0.0 0.011705 0.339989 -3.927926 -0.069823 0.013846 8.311268 55.0
97 2070.0 0.014043 0.491525 0.0 0.010832 0.339989 -3.927926 -0.069823 0.013846 8.311268 55.0
98 2070.0 0.013609 0.502517 0.0 0.006573 0.339989 -3.927926 -0.069823 0.013846 8.311268 55.0
99 2070.0 0.010774 0.513382 0.0 0.002931 0.339989 -3.927926 -0.069823 0.013846 8.311268 55.0
100 2070.0 0.028708 0.535627 0.0 -0.004278 0.339989 -3.927926 -0.069823 0.013846 8.311268 55.0
101 2070.0 0.024127 0.545437 0.0 -0.007198 0.339989 -3.927926 -0.069823 0.013846 8.311268 55.0
102 2070.0 0.031862 0.536129 0.0 -0.004498 0.339989 -3.927926 -0.069823 0.013846 8.311268 55.0
103 2070.0 0.063574 0.5217 0.0 -0.000719 0.339989 -3.927926 -0.069823 0.013846 8.311268 55.0
104 2070.0 0.053044 0.553147 0.0 -0.006928 0.339989 -3.927926 -0.069823 0.013846 8.311268 55.0
105 2070.0 0.071674 0.569847 0.0 -0.003418 0.339989 -3.927926 -0.069823 0.013846 8.311268 55.0
106 2070.0 0.04783 0.53119 0.0 -0.00331 0.339989 -3.927926 -0.069823 0.013846 8.311268 55.0
107 2070.0 0.0636 0.561365 0.0 -0.004979 0.339989 -3.927926 -0.069823 0.013846 8.311268 55.0
108 2070.0 0.069249 0.561221 0.0 -0.004081 0.339989 -3.927926 -0.069823 0.013846 8.311268 55.0
109 2070.0 0.061373 0.563442 0.0 -0.005268 0.339989 -3.927926 -0.069823 0.013846 8.311268 55.0
110 2070.0 0.0788 0.527807 0.0 -0.002912 0.339989 -3.927926 -0.069823 0.013846 8.311268 55.0
111 2070.0 0.0748 0.51693 0.0 0.000515 0.339989 -3.927926 -0.069823 0.013846 8.311268 55.0
112 2070.0 0.073164 0.51925 0.0 -0.000165 0.339989 -3.927926 -0.069823 0.013846 8.311268 55.0
113 2070.0 0.064352 0.525793 0.0 -0.001993 0.339989 -3.927926 -0.069823 0.013846 8.311268 55.0
114 2070.0 0.052669 0.526293 0.0 -0.001905 0.339989 -3.927926 -0.069823 0.013846 8.311268 55.0
115 2070.0 0.069247 0.530716 0.0 -0.003608 0.339989 -3.927926 -0.069823 0.013846 8.311268 55.0
116 2070.0 0.058715 0.52668 0.0 -0.002149 0.339989 -3.927926 -0.069823 0.013846 8.311268 55.0
117 2070.0 0.059421 0.521641 0.0 -0.000615 0.339989 -3.927926 -0.069823 0.013846 8.311268 55.0
118 2070.0 0.042487 0.523948 0.0 -0.000974 0.339989 -3.927926 -0.069823 0.013846 8.311268 55.0
119 2070.0 0.0518 0.53099 0.0 -0.003331 0.339989 -3.927926 -0.069823 0.013846 8.311268 55.0
120 2070.0 0.048692 0.518978 0.0 0.000426 0.339989 -3.927926 -0.069823 0.013846 8.311268 55.0
121 2070.0 0.034356 0.520396 0.0 0.000287 0.339989 -3.927926 -0.069823 0.013846 8.311268 55.0
122 2070.0 0.022913 0.513678 0.0 0.002589 0.339989 -3.927926 -0.069823 0.013846 8.311268 55.0
123 2070.0 0.03324 0.519276 0.0 0.000654 0.339989 -3.927926 -0.069823 0.013846 8.311268 55.0
124 2070.0 0.033883 0.517419 0.0 0.001211 0.339989 -3.927926 -0.069823 0.013846 8.311268 55.0
125 2070.0 0.0481 0.536079 0.0 -0.004819 0.339989 -3.927926 -0.069823 0.013846 8.311268 55.0
126 2070.0 0.035428 0.519156 0.0 0.000646 0.339989 -3.927926 -0.069823 0.013846 8.311268 55.0
127 2070.0 0.06437 0.500131 0.0 0.005894 0.339989 -3.927926 -0.069823 0.013846 8.311268 55.0
128 2070.0 0.036368 0.492225 0.0 0.009184 0.339989 -3.927926 -0.069823 0.013846 8.311268 55.0
129 2070.0 0.039451 0.491389 0.0 0.00932 0.339989 -3.927926 -0.069823 0.013846 8.311268 55.0
130 2070.0 0.008869 0.489753 0.0 0.011842 0.339989 -3.927926 -0.069823 0.013846 8.311268 55.0
131 2070.0 0.004041 0.492382 0.0 0.011114 0.339989 -3.927926 -0.069823 0.013846 8.311268 55.0
132 2070.0 0.011262 0.498562 0.0 0.008259 0.339989 -3.927926 -0.069823 0.013846 8.311268 55.0
133 2070.0 -0.003115 0.517594 0.0 0.001924 0.339989 -3.927926 -0.069823 0.013846 8.311268 55.0
134 2070.0 -0.005568 0.501883 0.0 0.008002 0.339989 -3.927926 -0.069823 0.013846 8.311268 55.0
135 2070.0 -0.008936 0.535007 0.0 -0.003308 0.339989 -3.927926 -0.069823 0.013846 8.311268 55.0
136 2070.0 0.020341 0.53511 0.0 -0.003946 0.339989 -3.927926 -0.069823 0.013846 8.311268 55.0
137 2070.0 -0.00885 0.516459 0.0 0.00252 0.339989 -3.927926 -0.069823 0.013846 8.311268 55.0
138 2070.0 -0.028152 0.539678 0.0 -0.004345 0.339989 -3.927926 -0.069823 0.013846 8.311268 55.0
139 2070.0 -0.005771 0.516717 0.0 0.002249 0.339989 -3.927926 -0.069823 0.013846 8.311268 55.0
140 2070.0 0.000974 0.506275 0.0 0.005886 0.339989 -3.927926 -0.069823 0.013846 8.311268 55.0
141 2070.0 -0.016197 0.522176 0.0 0.000787 0.339989 -3.927926 -0.069823 0.013846 8.311268 55.0
142 2070.0 -0.024544 0.521489 0.0 0.001526 0.339989 -3.927926 -0.069823 0.013846 8.311268 55.0
143 2070.0 -0.01275 0.513147 0.0 0.004052 0.339989 -3.927926 -0.069823 0.013846 8.311268 55.0
144 2070.0 -0.041256 0.487584 0.0 0.015775 0.339989 -3.927926 -0.069823 0.013846 8.311268 55.0
145 2070.0 -0.035479 0.488622 0.0 0.015014 0.339989 -3.927926 -0.069823 0.013846 8.311268 55.0
146 2070.0 -0.059028 0.464974 0.0 0.025685 0.339989 -3.927926 -0.069823 0.013846 8.311268 55.0
147 2070.0 -0.044788 0.479335 0.0 0.019209 0.339989 -3.927926 -0.069823 0.013846 8.311268 55.0
148 2070.0 -0.044485 0.478418 0.0 0.019547 0.339989 -3.927926 -0.069823 0.013846 8.311268 55.0
149 2070.0 -0.051889 0.478074 0.0 0.020138 0.339989 -3.927926 -0.069823 0.013846 8.311268 55.0
150 2070.0 -0.032195 0.487726 0.0 0.015161 0.339989 -3.927926 -0.069823 0.013846 8.311268 55.0
151 2070.0 -0.060708 0.485887 0.0 0.017635 0.339989 -3.927926 -0.069823 0.013846 8.311268 55.0
152 2070.0 -0.064293 0.470481 0.0 0.023862 0.339989 -3.927926 -0.069823 0.013846 8.311268 55.0
153 2070.0 -0.050347 0.474564 0.0 0.021411 0.339989 -3.927926 -0.069823 0.013846 8.311268 55.0
154 2070.0 -0.064126 0.463553 0.0 0.026554 0.339989 -3.927926 -0.069823 0.013846 8.311268 55.0
155 2070.0 -0.056608 0.457735 0.0 0.028675 0.339989 -3.927926 -0.069823 0.013846 8.311268 55.0
156 2070.0 -0.063552 0.455815 0.0 0.029898 0.339989 -3.927926 -0.069823 0.013846 8.311268 55.0
157 2070.0 -0.052355 0.451258 0.0 0.031358 0.339989 -3.927926 -0.069823 0.013846 8.311268 55.0
158 2070.0 -0.046384 0.434541 0.0 0.038543 0.339989 -3.927926 -0.069823 0.013846 8.311268 55.0
159 2070.0 -0.048258 0.446977 0.0 0.033065 0.339989 -3.927926 -0.069823 0.013846 8.311268 55.0
160 2070.0 -0.067035 0.483938 0.0 0.018785 0.339989 -3.927926 -0.069823 0.013846 8.311268 55.0
161 2070.0 -0.070131 0.479912 0.0 0.020545 0.339989 -3.927926 -0.069823 0.013846 8.311268 55.0
162 2070.0 -0.079333 0.48283 0.0 0.019974 0.339989 -3.927926 -0.069823 0.013846 8.311268 55.0
163 2070.0 -0.06587 0.484801 0.0 0.018376 0.339989 -3.927926 -0.069823 0.013846 8.311268 55.0
164 2070.0 -0.070936 0.498506 0.0 0.013345 0.339989 -3.927926 -0.069823 0.013846 8.311268 55.0
165 2070.0 -0.055081 0.514964 0.0 0.005951 0.339989 -3.927926 -0.069823 0.013846 8.311268 55.0
166 2070.0 -0.053372 0.49677 0.0 0.01294 0.339989 -3.927926 -0.069823 0.013846 8.311268 55.0
167 2070.0 -0.066963 0.507185 0.0 0.009716 0.339989 -3.927926 -0.069823 0.013846 8.311268 55.0
168 2070.0 -0.090254 0.482718 0.0 0.020691 0.339989 -3.927926 -0.069823 0.013846 8.311268 55.0
169 2070.0 -0.08277 0.465809 0.0 0.026822 0.339989 -3.927926 -0.069823 0.013846 8.311268 55.0
170 2070.0 -0.078513 0.454055 0.0 0.031465 0.339989 -3.927926 -0.069823 0.013846 8.311268 55.0
171 2070.0 -0.075558 0.468206 0.0 0.025444 0.339989 -3.927926 -0.069823 0.013846 8.311268 55.0
172 2070.0 -0.08409 0.48011 0.0 0.021328 0.339989 -3.927926 -0.069823 0.013846 8.311268 55.0
173 2070.0 -0.063444 0.488898 0.0 0.01663 0.339989 -3.927926 -0.069823 0.013846 8.311268 55.0
174 2070.0 -0.082119 0.470841 0.0 0.02482 0.339989 -3.927926 -0.069823 0.013846 8.311268 55.0
175 2070.0 -0.061858 0.465939 0.0 0.025483 0.339989 -3.927926 -0.069823 0.013846 8.311268 55.0
176 2070.0 -0.057467 0.477217 0.0 0.020816 0.339989 -3.927926 -0.069823 0.013846 8.311268 55.0
177 2070.0 -0.047881 0.493066 0.0 0.014046 0.339989 -3.927926 -0.069823 0.013846 8.311268 55.0
178 2070.0 -0.040785 0.497577 0.0 0.01185 0.339989 -3.927926 -0.069823 0.013846 8.311268 55.0
179 2070.0 -0.04374 0.519067 0.0 0.003653 0.339989 -3.927926 -0.069823 0.013846 8.311268 55.0
180 2070.0 -0.052781 0.514347 0.0 0.00605 0.339989 -3.927926 -0.069823 0.013846 8.311268 55.0
181 2070.0 -0.058534 0.535086 0.0 -0.001681 0.339989 -3.927926 -0.069823 0.013846 8.311268 55.0
182 2070.0 -0.059862 0.529553 0.0 0.000558 0.339989 -3.927926 -0.069823 0.013846 8.311268 55.0
183 2070.0 -0.065657 0.541992 0.0 -0.005046 0.339989 -3.927926 -0.069823 0.013846 8.311268 55.0
184 2070.0 -0.03507 0.529502 0.0 -0.00095 0.339989 -3.927926 -0.069823 0.013846 8.311268 55.0
185 2070.0 -0.026553 0.514702 0.0 0.004296 0.339989 -3.927926 -0.069823 0.013846 8.311268 55.0
186 2070.0 -0.013071 0.518853 0.0 0.001847 0.339989 -3.927926 -0.069823 0.013846 8.311268 55.0
187 2070.0 -0.027804 0.51918 0.0 0.002627 0.339989 -3.927926 -0.069823 0.013846 8.311268 55.0
188 2070.0 -0.024589 0.544022 0.0 -0.005754 0.339989 -3.927926 -0.069823 0.013846 8.311268 55.0
189 2070.0 -0.030586 0.542832 0.0 -0.005264 0.339989 -3.927926 -0.069823 0.013846 8.311268 55.0
190 2070.0 -0.021626 0.546059 0.0 -0.006442 0.339989 -3.927926 -0.069823 0.013846 8.311268 55.0
191 2070.0 -0.031689 0.549518 0.0 -0.007297 0.339989 -3.927926 -0.069823 0.013846 8.311268 55.0
192 2070.0 -0.027647 0.529463 0.0 -0.001216 0.339989 -3.927926 -0.069823 0.013846 8.311268 55.0
193 2070.0 -0.007999 0.531631 0.0 -0.002289 0.339989 -3.927926 -0.069823 0.013846 8.311268 55.0
194 2070.0 0.009263 0.515004 0.0 0.002464 0.339989 -3.927926 -0.069823 0.013846 8.311268 55.0
195 2070.0 -0.003869 0.495622 0.0 0.010338 0.339989 -3.927926 -0.069823 0.013846 8.311268 55.0
196 2070.0 0.009305 0.496418 0.0 0.009216 0.339989 -3.927926 -0.069823 0.013846 8.311268 55.0
197 2070.0 -0.023746 0.504097 0.0 0.008258 0.339989 -3.927926 -0.069823 0.013846 8.311268 55.0
198 2070.0 -0.008294 0.504172 0.0 0.007277 0.339989 -3.927926 -0.069823 0.013846 8.311268 55.0
199 2070.0 -0.008645 0.52546 0.0 -0.000379 0.339989 -3.927926 -0.069823 0.013846 8.311268 55.0
200 2070.0 0.015988 0.527248 0.0 -0.001439 0.339989 -3.927926 -0.069823 0.013846 8.311268 55.0
201 2070.0 0.017144 0.536699 0.0 -0.004368 0.339989 -3.927926 -0.069823 0.013846 8.311268 55.0
202 2070.0 -0.026373 0.548802 0.0 -0.007187 0.339989 -3.927926 -0.069823 0.013846 8.311268 55.0
203 2070.0 -0.017519 0.547794 0.0 -0.00706 0.339989 -3.927926 -0.069823 0.013846 8.311268 55.0
204 2070.0 -0.008973 0.548433 0.0 -0.007434 0.339989 -3.927926 -0.069823 0.013846 8.311268 55.0
205 2070.0 -0.023063 0.55063 0.0 -0.007817 0.339989 -3.927926 -0.069823 0.013846 8.311268 55.0
206 2070.0 -0.012278 0.555703 0.0 -0.0096 0.339989 -3.927926 -0.069823 0.013846 8.311268 55.0
207 2070.0 -0.007445 0.542119 0.0 -0.005525 0.339989 -3.927926 -0.069823 0.013846 8.311268 55.0
208 2070.0 0.019017 0.547116 0.0 -0.007608 0.339989 -3.927926 -0.069823 0.013846 8.311268 55.0
209 2070.0 0.035858 0.551773 0.0 -0.009389 0.339989 -3.927926 -0.069823 0.013846 8.311268 55.0
210 2070.0 0.04305 0.552759 0.0 -0.008536 0.339989 -3.927926 -0.069823 0.013846 8.311268 55.0
211 2070.0 0.031651 0.553464 0.0 -0.009821 0.339989 -3.927926 -0.069823 0.013846 8.311268 55.0
212 2070.0 -8.7e-05 0.535308 0.0 -0.003584 0.339989 -3.927926 -0.069823 0.013846 8.311268 55.0
213 2070.0 0.014992 0.549787 0.0 -0.008346 0.339989 -3.927926 -0.069823 0.013846 8.311268 55.0
214 2070.0 0.004853 0.525852 0.0 -0.000779 0.339989 -3.927926 -0.069823 0.013846 8.311268 55.0
215 2070.0 0.003358 0.520998 0.0 0.000744 0.339989 -3.927926 -0.069823 0.013846 8.311268 55.0
216 2070.0 0.011541 0.521685 0.0 0.000363 0.339989 -3.927926 -0.069823 0.013846 8.311268 55.0
217 2070.0 -0.004472 0.487331 0.0 0.013608 0.339989 -3.927926 -0.069823 0.013846 8.311268 55.0
218 2070.0 -0.020861 0.49267 0.0 0.012536 0.339989 -3.927926 -0.069823 0.013846 8.311268 55.0
219 2070.0 -0.027174 0.493437 0.0 0.012625 0.339989 -3.927926 -0.069823 0.013846 8.311268 55.0
220 2070.0 -0.019495 0.4787 0.0 0.017898 0.339989 -3.927926 -0.069823 0.013846 8.311268 55.0
221 2070.0 -0.005959 0.493775 0.0 0.011187 0.339989 -3.927926 -0.069823 0.013846 8.311268 55.0
222 2070.0 -0.020942 0.485612 0.0 0.015292 0.339989 -3.927926 -0.069823 0.013846 8.311268 55.0
223 2070.0 -0.020111 0.487618 0.0 0.014459 0.339989 -3.927926 -0.069823 0.013846 8.311268 55.0
224 2070.0 -0.012116 0.49955 0.0 0.009314 0.339989 -3.927926 -0.069823 0.013846 8.311268 55.0
225 2070.0 -0.029536 0.510492 0.0 0.006121 0.339989 -3.927926 -0.069823 0.013846 8.311268 55.0
226 2070.0 -0.009782 0.518062 0.0 0.001953 0.339989 -3.927926 -0.069823 0.013846 8.311268 55.0
227 2070.0 -0.014483 0.503249 0.0 0.008018 0.339989 -3.927926 -0.069823 0.013846 8.311268 55.0
228 2070.0 -0.01026 0.4969 0.0 0.010233 0.339989 -3.927926 -0.069823 0.013846 8.311268 55.0
229 2070.0 -0.001312 0.505293 0.0 0.00641 0.339989 -3.927926 -0.069823 0.013846 8.311268 55.0
230 2070.0 0.002345 0.5152 0.0 0.002547 0.339989 -3.927926 -0.069823 0.013846 8.311268 55.0
231 2070.0 -0.014974 0.51112 0.0 0.004979 0.339989 -3.927926 -0.069823 0.013846 8.311268 55.0
232 2070.0 -0.021828 0.507386 0.0 0.006857 0.339989 -3.927926 -0.069823 0.013846 8.311268 55.0
233 2070.0 0.011802 0.517392 0.0 0.001677 0.339989 -3.927926 -0.069823 0.013846 8.311268 55.0
234 2070.0 -0.002588 0.518273 0.0 0.001704 0.339989 -3.927926 -0.069823 0.013846 8.311268 55.0
235 2070.0 0.014389 0.523253 0.0 -0.000178 0.339989 -3.927926 -0.069823 0.013846 8.311268 55.0
236 2070.0 -0.003855 0.534133 0.0 -0.003144 0.339989 -3.927926 -0.069823 0.013846 8.311268 55.0
237 2070.0 -0.003513 0.516815 0.0 0.002172 0.339989 -3.927926 -0.069823 0.013846 8.311268 55.0
238 2070.0 -0.000785 0.514115 0.0 0.002945 0.339989 -3.927926 -0.069823 0.013846 8.311268 55.0
239 2070.0 -0.006564 0.516896 0.0 0.00221 0.339989 -3.927926 -0.069823 0.013846 8.311268 55.0
240 2070.0 -0.009376 0.496457 0.0 0.010352 0.339989 -3.927926 -0.069823 0.013846 8.311268 55.0
241 2070.0 -0.008552 0.506037 0.0 0.006566 0.339989 -3.927926 -0.069823 0.013846 8.311268 55.0
242 2070.0 -0.052237 0.531703 0.0 -0.00075 0.339989 -3.927926 -0.069823 0.013846 8.311268 55.0
243 2070.0 -0.051482 0.527653 0.0 0.000782 0.339989 -3.927926 -0.069823 0.013846 8.311268 55.0
244 2070.0 -0.092609 0.528801 0.0 0.000857 0.339989 -3.927926 -0.069823 0.013846 8.311268 55.0
245 2070.0 -0.066961 0.517105 0.0 0.005848 0.339989 -3.927926 -0.069823 0.013846 8.311268 55.0
246 2070.0 -0.083534 0.530978 0.0 0.000154 0.339989 -3.927926 -0.069823 0.013846 8.311268 55.0
247 2070.0 -0.102545 0.528333 0.0 -0.000637 0.339989 -3.927926 -0.069823 0.013846 8.311268 55.0
248 2070.0 -0.108846 0.53382 0.0 -0.005602 0.339989 -3.927926 -0.069823 0.013846 8.311268 55.0
249 2070.0 -0.117949 0.513469 0.0 0.006399 0.339989 -3.927926 -0.069823 0.013846 8.311268 55.0
250 2070.0 -0.118929 0.519526 0.0 0.002099 0.339989 -3.927926 -0.069823 0.013846 8.311268 55.0
251 2070.0 -0.109814 0.502058 0.0 0.014355 0.339989 -3.927926 -0.069823 0.013846 8.311268 55.0
252 2070.0 -0.110449 0.513628 0.0 0.007773 0.339989 -3.927926 -0.069823 0.013846 8.311268 55.0
253 2070.0 -0.106543 0.503528 0.0 0.01358 0.339989 -3.927926 -0.069823 0.013846 8.311268 55.0
254 2070.0 -0.11201 0.489902 0.0 0.01923 0.339989 -3.927926 -0.069823 0.013846 8.311268 55.0
255 2070.0 -0.113624 0.474628 0.0 0.025284 0.339989 -3.927926 -0.069823 0.013846 8.311268 55.0
256 2070.0 -0.105684 0.47916 0.0 0.023028 0.339989 -3.927926 -0.069823 0.013846 8.311268 55.0
257 2070.0 -0.119417 0.5057 0.0 0.011377 0.339989 -3.927926 -0.069823 0.013846 8.311268 55.0
258 2070.0 -0.130132 0.516377 0.0 0.002021 0.339989 -3.927926 -0.069823 0.013846 8.311268 55.0
259 2070.0 -0.118634 0.516434 0.0 0.004254 0.339989 -3.927926 -0.069823 0.013846 8.311268 55.0
260 2070.0 -0.114061 0.52339 0.0 0.00044 0.339989 -3.927926 -0.069823 0.013846 8.311268 55.0
261 2070.0 -0.107325 0.529191 0.0 -0.002163 0.339989 -3.927926 -0.069823 0.013846 8.311268 55.0
262 2070.0 -0.086874 0.528939 0.0 0.001116 0.339989 -3.927926 -0.069823 0.013846 8.311268 55.0
263 2070.0 -0.089244 0.5482 0.0 -0.011481 0.339989 -3.927926 -0.069823 0.013846 8.311268 55.0
264 2070.0 -0.101418 0.537073 0.0 -0.006341 0.339989 -3.927926 -0.069823 0.013846 8.311268 55.0
265 2070.0 -0.079378 0.530454 0.0 0.000696 0.339989 -3.927926 -0.069823 0.013846 8.311268 55.0
266 2070.0 -0.083717 0.525952 0.0 0.002997 0.339989 -3.927926 -0.069823 0.013846 8.311268 55.0
267 2070.0 -0.057484 0.519805 0.0 0.004212 0.339989 -3.927926 -0.069823 0.013846 8.311268 55.0
268 2070.0 -0.081775 0.495551 0.0 0.015165 0.339989 -3.927926 -0.069823 0.013846 8.311268 55.0
269 2070.0 -0.101816 0.519526 0.0 0.005479 0.339989 -3.927926 -0.069823 0.013846 8.311268 55.0
270 2070.0 -0.101192 0.505799 0.0 0.012365 0.339989 -3.927926 -0.069823 0.013846 8.311268 55.0
271 2070.0 -0.09414 0.511475 0.0 0.009718 0.339989 -3.927926 -0.069823 0.013846 8.311268 55.0
272 2070.0 -0.101957 0.521655 0.0 0.004008 0.339989 -3.927926 -0.069823 0.013846 8.311268 55.0
273 2070.0 -0.083203 0.539416 0.0 -0.004615 0.339989 -3.927926 -0.069823 0.013846 8.311268 55.0
274 2070.0 -0.065268 0.520963 0.0 0.00424 0.339989 -3.927926 -0.069823 0.013846 8.311268 55.0
275 2070.0 -0.048135 0.537654 0.0 -0.003309 0.339989 -3.927926 -0.069823 0.013846 8.311268 55.0
276 2070.0 -0.065635 0.511284 0.0 0.008036 0.339989 -3.927926 -0.069823 0.013846 8.311268 55.0
277 2070.0 -0.053441 0.509827 0.0 0.007853 0.339989 -3.927926 -0.069823 0.013846 8.311268 55.0
278 2070.0 -0.047433 0.506984 0.0 0.008591 0.339989 -3.927926 -0.069823 0.013846 8.311268 55.0
279 2070.0 -0.060176 0.535411 0.0 -0.001707 0.339989 -3.927926 -0.069823 0.013846 8.311268 55.0
280 2070.0 -0.063278 0.506414 0.0 0.00979 0.339989 -3.927926 -0.069823 0.013846 8.311268 55.0
281 2070.0 -0.07019 0.512589 0.0 0.007808 0.339989 -3.927926 -0.069823 0.013846 8.311268 55.0
282 2070.0 -0.07372 0.475401 0.0 0.022525 0.339989 -3.927926 -0.069823 0.013846 8.311268 55.0
283 2070.0 -0.046572 0.484462 0.0 0.01732 0.339989 -3.927926 -0.069823 0.013846 8.311268 55.0
284 2070.0 -0.049574 0.463519 0.0 0.025716 0.339989 -3.927926 -0.069823 0.013846 8.311268 55.0
285 2070.0 -0.033469 0.463887 0.0 0.024713 0.339989 -3.927926 -0.069823 0.013846 8.311268 55.0
286 2070.0 -0.00823 0.489314 0.0 0.013066 0.339989 -3.927926 -0.069823 0.013846 8.311268 55.0
287 2070.0 0.006594 0.487858 0.0 0.01272 0.339989 -3.927926 -0.069823 0.013846 8.311268 55.0
