 time p.x p.y p.z deep.node-0 CV opes.bias opes.rct opes.zed opes.neff opes.nker
0 14325.0 -0.661896 1.377826 0.0 -0.970862 1.932404 -15.289184 -0.177783 0.008431 12.845295 125.0
1 14325.0 -0.685248 1.362747 0.0 -0.968385 1.932404 -15.289184 -0.177783 0.008431 12.845295 125.0
2 14325.0 -0.670869 1.315726 0.0 -0.937544 1.932404 -15.289184 -0.177783 0.008431 12.845295 125.0
3 14325.0 -0.657277 1.327137 0.0 -0.9405 1.932404 -15.289184 -0.177783 0.008431 12.845295 125.0
4 14325.0 -0.652849 1.333978 0.0 -0.943258 1.932404 -15.289184 -0.177783 0.008431 12.845295 125.0
5 14325.0 -0.657426 1.307644 0.0 -0.929335 1.932404 -15.289184 -0.177783 0.008431 12.845295 125.0
6 14325.0 -0.681843 1.28238 0.0 -0.921286 1.932404 -15.289184 -0.177783 0.008431 12.845295 125.0
7 14325.0 -0.702244 1.250779 0.0 -0.90853 1.932404 -15.289184 -0.177783 0.008431 12.845295 125.0
8 14325.0 -0.716054 1.243829 0.0 -0.908197 1.932404 -15.289184 -0.177783 0.008431 12.845295 125.0
9 14325.0 -0.720146 1.231508 0.0 -0.9022 1.932404 -15.289184 -0.177783 0.008431 12.845295 125.0
10 14325.0 -0.750126 1.225896 0.0 -0.906922 1.932404 -15.289184 -0.177783 0.008431 12.845295 125.0
11 14325.0 -0.758901 1.211958 0.0 -0.901237 1.932404 -15.289184 -0.177783 0.008431 12.845295 125.0
12 14325.0 -0.758831 1.207454 0.0 -0.898572 1.932404 -15.289184 -0.177783 0.008431 12.845295 125.0
13 14325.0 -0.766878 1.225816 0.0 -0.911317 1.932404 -15.289184 -0.177783 0.008431 12.845295 125.0
14 14325.0 -0.817209 1.235817 0.0 -0.93041 1.932404 -15.289184 -0.177783 0.008431 12.845295 125.0
15 14325.0 -0.804419 1.216788 0.0 -0.91608 1.932404 -15.289184 -0.177783 0.008431 12.845295 125.0
16 14325.0 -0.804108 1.207225 0.0 -0.910502 1.932404 -15.289184 -0.177783 0.008431 12.845295 125.0
17 14325.0 -0.82956 1.21268 0.0 -0.920385 1.932404 -15.289184 -0.177783 0.008431 12.845295 125.0
18 14325.0 -0.812607 1.222305 0.0 -0.921423 1.932404 -15.289184 -0.177783 0.008431 12.845295 125.0
19 14325.0 -0.829259 1.202839 0.0 -0.914648 1.932404 -15.289184 -0.177783 0.008431 12.845295 125.0
20 14325.0 -0.824174 1.16992 0.0 -0.894137 1.932404 -15.289184 -0.177783 0.008431 12.845295 125.0
21 14325.0 -0.816294 1.140962 0.0 -0.87497 1.932404 -15.289184 -0.177783 0.008431 12.845295 125.0
22 14325.0 -0.847767 1.130785 0.0 -0.877483 1.932404 -15.289184 -0.177783 0.008431 12.845295 125.0
23 14325.0 -0.848688 1.132866 0.0 -0.878956 1.932404 -15.289184 -0.177783 0.008431 12.845295 125.0
24 14325.0 -0.834963 1.101578 0.0 -0.856838 1.932404 -15.289184 -0.177783 0.008431 12.845295 125.0
25 14325.0 -0.84974 1.110858 0.0 -0.866291 1.932404 -15.289184 -0.177783 0.008431 12.845295 125.0
26 14325.0 -0.842862 1.103465 0.0 -0.860082 1.932404 -15.289184 -0.177783 0.008431 12.845295 125.0
27 14325.0 -0.868435 1.09314 0.0 -0.860915 1.932404 -15.289184 -0.177783 0.008431 12.845295 125.0
28 14325.0 -0.881563 1.075285 0.0 -0.853955 1.932404 -15.289184 -0.177783 0.008431 12.845295 125.0
29 14325.0 -0.864076 1.040643 0.0 -0.828775 1.932404 -15.289184 -0.177783 0.008431 12.845295 125.0
30 14325.0 -0.865171 0.999262 0.0 -0.804397 1.932404 -15.289184 -0.177783 0.008431 12.845295 125.0
31 14325.0 -0.866314 0.972999 0.0 -0.789059 1.932404 -15.289184 -0.177783 0.008431 12.845295 125.0
32 14325.0 -0.88317 0.942747 0.0 -0.773419 1.932404 -15.289184 -0.177783 0.008431 12.845295 125.0
33 14325.0 -0.860224 0.931683 0.0 -0.756157 1.932404 -15.289184 -0.177783 0.008431 12.845295 125.0
34 14325.0 -0.86661 0.905806 0.0 -0.735744 1.932404 -15.289184 -0.177783 0.008431 12.845295 125.0
35 14325.0 -0.853073 0.899301 0.0 -0.725507 1.932404 -15.289184 -0.177783 0.008431 12.845295 125.0
36 14325.0 -0.860261 0.877997 0.0 -0.709352 1.932404 -15.289184 -0.177783 0.008431 12.845295 125.0
37 14325.0 -0.833304 0.855997 0.0 -0.681076 1.932404 -15.289184 -0.177783 0.008431 12.845295 125.0
38 14325.0 -0.854662 0.832306 0.0 -0.667618 1.932404 -15.289184 -0.177783 0.008431 12.845295 125.0
39 14325.0 -0.878307 0.803298 0.0 -0.650294 1.932404 -15.289184 -0.177783 0.008431 12.845295 125.0
40 14325.0 -0.886186 0.773515 0.0 -0.626997 1.932404 -15.289184 -0.177783 0.008431 12.845295 125.0
41 14325.0 -0.863876 0.794576 0.0 -0.637821 1.932404 -15.289184 -0.177783 0.008431 12.845295 125.0
42 14325.0 -0.821538 0.791053 0.0 -0.620472 1.932404 -15.289184 -0.177783 0.008431 12.845295 125.0
43 14325.0 -0.803668 0.772437 0.0 -0.598211 1.932404 -15.289184 -0.177783 0.008431 12.845295 125.0
44 14325.0 -0.804212 0.765679 0.0 -0.592501 1.932404 -15.289184 -0.177783 0.008431 12.845295 125.0
45 14325.0 -0.783598 0.739776 0.0 -0.563009 1.932404 -15.289184 -0.177783 0.008431 12.845295 125.0
46 14325.0 -0.771324 0.703665 0.0 -0.518941 1.932404 -15.289184 -0.177783 0.008431 12.845295 125.0
47 14325.0 -0.784663 0.704034 0.0 -0.524873 1.932404 -15.289184 -0.177783 0.008431 12.845295 125.0
48 14325.0 -0.815872 0.692641 0.0 -0.524984 1.932404 -15.289184 -0.177783 0.008431 12.845295 125.0
49 14325.0 -0.826204 0.695702 0.0 -0.532295 1.932404 -15.289184 -0.177783 0.008431 12.845295 125.0
50 14325.0 -0.840426 0.674963 0.0 -0.514955 1.932404 -15.289184 -0.177783 0.008431 12.845295 125.0
51 14325.0 -0.821567 0.67144 0.0 -0.503698 1.932404 -15.289184 -0.177783 0.008431 12.845295 125.0
52 14325.0 -0.809922 0.671584 0.0 -0.499041 1.932404 -15.289184 -0.177783 0.008431 12.845295 125.0
53 14325.0 -0.798333 0.656622 0.0 -0.477517 1.932404 -15.289184 -0.177783 0.008431 12.845295 125.0
54 14325.0 -0.797124 0.660606 0.0 -0.48147 1.932404 -15.289184 -0.177783 0.008431 12.845295 125.0
55 14325.0 -0.810308 0.661205 0.0 -0.487595 1.932404 -15.289184 -0.177783 0.008431 12.845295 125.0
56 14325.0 -0.820316 0.678119 0.0 -0.510648 1.932404 -15.289184 -0.177783 0.008431 12.845295 125.0
57 14325.0 -0.81817 0.683564 0.0 -0.515849 1.932404 -15.289184 -0.177783 0.008431 12.845295 125.0
58 14325.0 -0.825824 0.692339 0.0 -0.528456 1.932404 -15.289184 -0.177783 0.008431 12.845295 125.0
59 14325.0 -0.804194 0.693807 0.0 -0.521519 1.932404 -15.289184 -0.177783 0.008431 12.845295 125.0
60 14325.0 -0.754417 0.6697 0.0 -0.473968 1.932404 -15.289184 -0.177783 0.008431 12.845295 125.0
61 14325.0 -0.758366 0.660353 0.0 -0.465151 1.932404 -15.289184 -0.177783 0.008431 12.845295 125.0
62 14325.0 -0.719597 0.664599 0.0 -0.453856 1.932404 -15.289184 -0.177783 0.008431 12.845295 125.0
63 14325.0 -0.695633 0.663426 0.0 -0.442629 1.932404 -15.289184 -0.177783 0.008431 12.845295 125.0
64 14325.0 -0.673067 0.681886 0.0 -0.453933 1.932404 -15.289184 -0.177783 0.008431 12.845295 125.0
65 14325.0 -0.688885 0.680356 0.0 -0.458768 1.932404 -15.289184 -0.177783 0.008431 12.845295 125.0
66 14325.0 -0.666457 0.640444 0.0 -0.40486 1.932404 -15.289184 -0.177783 0.008431 12.845295 125.0
67 14325.0 -0.637846 0.618674 0.0 -0.368679 1.932404 -15.289184 -0.177783 0.008431 12.845295 125.0
68 14325.0 -0.621693 0.60797 0.0 -0.350027 1.932404 -15.289184 -0.177783 0.008431 12.845295 125.0
69 14325.0 -0.618056 0.593978 0.0 -0.332878 1.932404 -15.289184 -0.177783 0.008431 12.845295 125.0
70 14325.0 -0.637335 0.583465 0.0 -0.3291 1.932404 -15.289184 -0.177783 0.008431 12.845295 125.0
71 14325.0 -0.62407 0.581018 0.0 -0.319726 1.932404 -15.289184 -0.177783 0.008431 12.845295 125.0
72 14325.0 -0.584255 0.567189 0.0 -0.277832 1.932404 -15.289184 -0.177783 0.008431 12.845295 125.0
73 14325.0 -0.587822 0.566167 0.0 -0.278751 1.932404 -15.289184 -0.177783 0.008431 12.845295 125.0
74 14325.0 -0.574612 0.56796 0.0 -0.271634 1.932404 -15.289184 -0.177783 0.008431 12.845295 125.0
75 14325.0 -0.577693 0.541316 0.0 -0.227484 1.932404 -15.289184 -0.177783 0.008431 12.845295 125.0
76 14325.0 -0.57538 0.54638 0.0 -0.234236 1.932404 -15.289184 -0.177783 0.008431 12.845295 125.0
77 14325.0 -0.568798 0.56082 0.0 -0.253498 1.932404 -15.289184 -0.177783 0.008431 12.845295 125.0
78 14325.0 -0.570337 0.546491 0.0 -0.229643 1.932404 -15.289184 -0.177783 0.008431 12.845295 125.0
79 14325.0 -0.539277 0.535967 0.0 -0.185188 1.932404 -15.289184 -0.177783 0.008431 12.845295 125.0
80 14325.0 -0.556855 0.516285 0.0 -0.170584 1.932404 -15.289184 -0.177783 0.008431 12.845295 125.0
81 14325.0 -0.551276 0.518939 0.0 -0.170218 1.932404 -15.289184 -0.177783 0.008431 12.845295 125.0
82 14325.0 -0.553703 0.511903 0.0 -0.162564 1.932404 -15.289184 -0.177783 0.008431 12.845295 125.0
83 14325.0 -0.549767 0.520664 0.0 -0.171466 1.932404 -15.289184 -0.177783 0.008431 12.845295 125.0
84 14325.0 -0.524766 0.513195 0.0 -0.144229 1.932404 -15.289184 -0.177783 0.008431 12.845295 125.0
85 14325.0 -0.48898 0.522713 0.0 -0.132807 1.932404 -15.289184 -0.177783 0.008431 12.845295 125.0
86 14325.0 -0.494333 0.553452 0.0 -0.178386 1.932404 -15.289184 -0.177783 0.008431 12.845295 125.0
87 14325.0 -0.48409 0.551154 0.0 -0.168267 1.932404 -15.289184 -0.177783 0.008431 12.845295 125.0
88 14325.0 -0.451475 0.542875 0.0 -0.135685 1.932404 -15.289184 -0.177783 0.008431 12.845295 125.0
89 14325.0 -0.429058 0.543897 0.0 -0.127962 1.932404 -15.289184 -0.177783 0.008431 12.845295 125.0
90 14325.0 -0.444125 0.543743 0.0 -0.13366 1.932404 -15.289184 -0.177783 0.008431 12.845295 125.0
91 14325.0 -0.441764 0.527714 0.0 -0.117467 1.932404 -15.289184 -0.177783 0.008431 12.845295 125.0
92 14325.0 -0.450229 0.517684 0.0 -0.111191 1.932404 -15.289184 -0.177783 0.008431 12.845295 125.0
93 14325.0 -0.423907 0.492886 0.0 -0.077344 1.932404 -15.289184 -0.177783 0.008431 12.845295 125.0
94 14325.0 -0.400054 0.484824 0.0 -0.060407 1.932404 -15.289184 -0.177783 0.008431 12.845295 125.0
95 14325.0 -0.39457 0.496591 0.0 -0.069495 1.932404 -15.289184 -0.177783 0.008431 12.845295 125.0
96 14325.0 -0.395759 0.494554 0.0 -0.068014 1.932404 -15.289184 -0.177783 0.008431 12.845295 125.0
97 14325.0 -0.39132 0.518129 0.0 -0.088762 1.932404 -15.289184 -0.177783 0.008431 12.845295 125.0
98 14325.0 -0.384931 0.51108 0.0 -0.079565 1.932404 -15.289184 -0.177783 0.008431 12.845295 125.0
99 14325.0 -0.365077 0.524953 0.0 -0.085085 1.932404 -15.289184 -0.177783 0.008431 12.845295 125.0
100 14325.0 -0.344312 0.512783 0.0 -0.06543 1.932404 -15.289184 -0.177783 0.008431 12.845295 125.0
101 14325.0 -0.325385 0.515056 0.0 -0.060254 1.932404 -15.289184 -0.177783 0.008431 12.845295 125.0
102 14325.0 -0.31602 0.487943 0.0 -0.031698 1.932404 -15.289184 -0.177783 0.008431 12.845295 125.0
103 14325.0 -0.300279 0.468223 0.0 -0.010958 1.932404 -15.289184 -0.177783 0.008431 12.845295 125.0
104 14325.0 -0.331092 0.443988 0.0 -0.000976 1.932404 -15.289184 -0.177783 0.008431 12.845295 125.0
105 14325.0 -0.317051 0.448478 0.0 -0.000249 1.932404 -15.289184 -0.177783 0.008431 12.845295 125.0
106 14325.0 -0.30663 0.453748 0.0 -0.00127 1.932404 -15.289184 -0.177783 0.008431 12.845295 125.0
107 14325.0 -0.294218 0.471409 0.0 -0.011648 1.932404 -15.289184 -0.177783 0.008431 12.845295 125.0
108 14325.0 -0.267336 0.480006 0.0 -0.010257 1.932404 -15.289184 -0.177783 0.008431 12.845295 125.0
109 14325.0 -0.25193 0.50297 0.0 -0.023979 1.932404 -15.289184 -0.177783 0.008431 12.845295 125.0
110 14325.0 -0.250718 0.474298 0.0 -0.000525 1.932404 -15.289184 -0.177783 0.008431 12.845295 125.0
111 14325.0 -0.230188 0.502978 0.0 -0.017264 1.932404 -15.289184 -0.177783 0.008431 12.845295 125.0
112 14325.0 -0.238025 0.485256 0.0 -0.005422 1.932404 -15.289184 -0.177783 0.008431 12.845295 125.0
113 14325.0 -0.212986 0.516076 0.0 -0.022489 1.932404 -15.289184 -0.177783 0.008431 12.845295 125.0
114 14325.0 -0.199777 0.505229 0.0 -0.009673 1.932404 -15.289184 -0.177783 0.008431 12.845295 125.0
115 14325.0 -0.226359 0.498516 0.0 -0.012488 1.932404 -15.289184 -0.177783 0.008431 12.845295 125.0
116 14325.0 -0.229377 0.514809 0.0 -0.026537 1.932404 -15.289184 -0.177783 0.008431 12.845295 125.0
117 14325.0 -0.200708 0.508628 0.0 -0.012697 1.932404 -15.289184 -0.177783 0.008431 12.845295 125.0
118 14325.0 -0.172639 0.503605 0.0 2.4e-05 1.932404 -15.289184 -0.177783 0.008431 12.845295 125.0
119 14325.0 -0.165143 0.488893 0.0 0.013741 1.932404 -15.289184 -0.177783 0.008431 12.845295 125.0
120 14325.0 -0.170468 0.482095 0.0 0.017299 1.932404 -15.289184 -0.177783 0.008431 12.845295 125.0
121 14325.0 -0.153369 0.481916 0.0 0.020798 1.932404 -15.289184 -0.177783 0.008431 12.845295 125.0
122 14325.0 -0.145052 0.491305 0.0 0.016075 1.932404 -15.289184 -0.177783 0.008431 12.845295 125.0
123 14325.0 -0.120152 0.511944 0.0 0.006998 1.932404 -15.289184 -0.177783 0.008431 12.845295 125.0
124 14325.0 -0.124469 0.518745 0.0 0.001534 1.932404 -15.289184 -0.177783 0.008431 12.845295 125.0
125 14325.0 -0.116388 0.504236 0.0 0.012969 1.932404 -15.289184 -0.177783 0.008431 12.845295 125.0
126 14325.0 -0.118964 0.523946 0.0 -0.000905 1.932404 -15.289184 -0.177783 0.008431 12.845295 125.0
127 14325.0 -0.110887 0.537608 0.0 -0.008574 1.932404 -15.289184 -0.177783 0.008431 12.845295 125.0
128 14325.0 -0.119218 0.537141 0.0 -0.010454 1.932404 -15.289184 -0.177783 0.008431 12.845295 125.0
129 14325.0 -0.124385 0.517487 0.0 0.002403 1.932404 -15.289184 -0.177783 0.008431 12.845295 125.0
130 14325.0 -0.123012 0.543044 0.0 -0.016379 1.932404 -15.289184 -0.177783 0.008431 12.845295 125.0
131 14325.0 -0.120083 0.524067 0.0 -0.001208 1.932404 -15.289184 -0.177783 0.008431 12.845295 125.0
132 14325.0 -0.09839 0.523316 0.0 0.003586 1.932404 -15.289184 -0.177783 0.008431 12.845295 125.0
133 14325.0 -0.076228 0.498076 0.0 0.013839 1.932404 -15.289184 -0.177783 0.008431 12.845295 125.0
134 14325.0 -0.061765 0.507297 0.0 0.009352 1.932404 -15.289184 -0.177783 0.008431 12.845295 125.0
135 14325.0 -0.052743 0.517022 0.0 0.005005 1.932404 -15.289184 -0.177783 0.008431 12.845295 125.0
136 14325.0 -0.036443 0.534426 0.0 -0.002559 1.932404 -15.289184 -0.177783 0.008431 12.845295 125.0
137 14325.0 -0.027089 0.533339 0.0 -0.002419 1.932404 -15.289184 -0.177783 0.008431 12.845295 125.0
138 14325.0 -0.036636 0.514463 0.0 0.005011 1.932404 -15.289184 -0.177783 0.008431 12.845295 125.0
139 14325.0 -0.023388 0.516002 0.0 0.003594 1.932404 -15.289184 -0.177783 0.008431 12.845295 125.0
140 14325.0 -0.021039 0.503461 0.0 0.008339 1.932404 -15.289184 -0.177783 0.008431 12.845295 125.0
141 14325.0 -0.00051 0.504957 0.0 0.006491 1.932404 -15.289184 -0.177783 0.008431 12.845295 125.0
142 14325.0 0.010589 0.501371 0.0 0.007206 1.932404 -15.289184 -0.177783 0.008431 12.845295 125.0
143 14325.0 -0.000257 0.482716 0.0 0.015147 1.932404 -15.289184 -0.177783 0.008431 12.845295 125.0
144 14325.0 -0.000894 0.489074 0.0 0.012708 1.932404 -15.289184 -0.177783 0.008431 12.845295 125.0
145 14325.0 -0.002158 0.506704 0.0 0.005912 1.932404 -15.289184 -0.177783 0.008431 12.845295 125.0
146 14325.0 0.016472 0.531885 0.0 -0.002874 1.932404 -15.289184 -0.177783 0.008431 12.845295 125.0
147 14325.0 0.019178 0.522904 0.0 -0.00017 1.932404 -15.289184 -0.177783 0.008431 12.845295 125.0
148 14325.0 0.043975 0.527943 0.0 -0.002232 1.932404 -15.289184 -0.177783 0.008431 12.845295 125.0
149 14325.0 0.08046 0.534798 0.0 -0.003136 1.932404 -15.289184 -0.177783 0.008431 12.845295 125.0
150 14325.0 0.088551 0.530162 0.0 -0.001992 1.932404 -15.289184 -0.177783 0.008431 12.845295 125.0
151 14325.0 0.112839 0.530116 0.0 0.001885 1.932404 -15.289184 -0.177783 0.008431 12.845295 125.0
152 14325.0 0.11705 0.511256 0.0 0.001955 1.932404 -15.289184 -0.177783 0.008431 12.845295 125.0
153 14325.0 0.12788 0.513483 0.0 0.003756 1.932404 -15.289184 -0.177783 0.008431 12.845295 125.0
154 14325.0 0.154664 0.49415 0.0 0.007899 1.932404 -15.289184 -0.177783 0.008431 12.845295 125.0
155 14325.0 0.156322 0.48949 0.0 0.008686 1.932404 -15.289184 -0.177783 0.008431 12.845295 125.0
156 14325.0 0.152414 0.479901 0.0 0.011309 1.932404 -15.289184 -0.177783 0.008431 12.845295 125.0
157 14325.0 0.170497 0.493109 0.0 0.010888 1.932404 -15.289184 -0.177783 0.008431 12.845295 125.0
158 14325.0 0.181441 0.492923 0.0 0.012899 1.932404 -15.289184 -0.177783 0.008431 12.845295 125.0
159 14325.0 0.168764 0.494201 0.0 0.010459 1.932404 -15.289184 -0.177783 0.008431 12.845295 125.0
160 14325.0 0.177619 0.503455 0.0 0.011379 1.932404 -15.289184 -0.177783 0.008431 12.845295 125.0
161 14325.0 0.177329 0.499351 0.0 0.011482 1.932404 -15.289184 -0.177783 0.008431 12.845295 125.0
162 14325.0 0.191405 0.485805 0.0 0.015453 1.932404 -15.289184 -0.177783 0.008431 12.845295 125.0
163 14325.0 0.22713 0.497844 0.0 0.025515 1.932404 -15.289184 -0.177783 0.008431 12.845295 125.0
164 14325.0 0.218996 0.516296 0.0 0.02805 1.932404 -15.289184 -0.177783 0.008431 12.845295 125.0
165 14325.0 0.230147 0.499642 0.0 0.028484 1.932404 -15.289184 -0.177783 0.008431 12.845295 125.0
166 14325.0 0.24816 0.476081 0.0 0.032314 1.932404 -15.289184 -0.177783 0.008431 12.845295 125.0
167 14325.0 0.24902 0.479 0.0 0.034136 1.932404 -15.289184 -0.177783 0.008431 12.845295 125.0
168 14325.0 0.240048 0.501929 0.0 0.036765 1.932404 -15.289184 -0.177783 0.008431 12.845295 125.0
169 14325.0 0.252002 0.519421 0.0 0.053521 1.932404 -15.289184 -0.177783 0.008431 12.845295 125.0
170 14325.0 0.291895 0.527917 0.0 0.086861 1.932404 -15.289184 -0.177783 0.008431 12.845295 125.0
171 14325.0 0.290974 0.523456 0.0 0.083782 1.932404 -15.289184 -0.177783 0.008431 12.845295 125.0
172 14325.0 0.283118 0.514275 0.0 0.073757 1.932404 -15.289184 -0.177783 0.008431 12.845295 125.0
173 14325.0 0.280505 0.509639 0.0 0.069938 1.932404 -15.289184 -0.177783 0.008431 12.845295 125.0
174 14325.0 0.286267 0.484929 0.0 0.064202 1.932404 -15.289184 -0.177783 0.008431 12.845295 125.0
175 14325.0 0.282432 0.464929 0.0 0.053247 1.932404 -15.289184 -0.177783 0.008431 12.845295 125.0
176 14325.0 0.304474 0.465198 0.0 0.069727 1.932404 -15.289184 -0.177783 0.008431 12.845295 125.0
177 14325.0 0.296127 0.464488 0.0 0.063239 1.932404 -15.289184 -0.177783 0.008431 12.845295 125.0
178 14325.0 0.31688 0.454976 0.0 0.074798 1.932404 -15.289184 -0.177783 0.008431 12.845295 125.0
179 14325.0 0.311563 0.4787 0.0 0.080464 1.932404 -15.289184 -0.177783 0.008431 12.845295 125.0
180 14325.0 0.308544 0.45704 0.0 0.069443 1.932404 -15.289184 -0.177783 0.008431 12.845295 125.0
181 14325.0 0.290761 0.460447 0.0 0.057617 1.932404 -15.289184 -0.177783 0.008431 12.845295 125.0
182 14325.0 0.262437 0.474563 0.0 0.042301 1.932404 -15.289184 -0.177783 0.008431 12.845295 125.0
183 14325.0 0.266484 0.497754 0.0 0.054707 1.932404 -15.289184 -0.177783 0.008431 12.845295 125.0
184 14325.0 0.236311 0.4925 0.0 0.030168 1.932404 -15.289184 -0.177783 0.008431 12.845295 125.0
185 14325.0 0.253115 0.486433 0.0 0.040189 1.932404 -15.289184 -0.177783 0.008431 12.845295 125.0
186 14325.0 0.248543 0.485668 0.0 0.036484 1.932404 -15.289184 -0.177783 0.008431 12.845295 125.0
187 14325.0 0.278576 0.469986 0.0 0.052433 1.932404 -15.289184 -0.177783 0.008431 12.845295 125.0
188 14325.0 0.278564 0.49675 0.0 0.063272 1.932404 -15.289184 -0.177783 0.008431 12.845295 125.0
189 14325.0 0.287445 0.494238 0.0 0.06885 1.932404 -15.289184 -0.177783 0.008431 12.845295 125.0
190 14325.0 0.297053 0.496312 0.0 0.076826 1.932404 -15.289184 -0.177783 0.008431 12.845295 125.0
191 14325.0 0.29007 0.50981 0.0 0.077111 1.932404 -15.289184 -0.177783 0.008431 12.845295 125.0
192 14325.0 0.29761 0.510989 0.0 0.083189 1.932404 -15.289184 -0.177783 0.008431 12.845295 125.0
193 14325.0 0.299903 0.496331 0.0 0.07895 1.932404 -15.289184 -0.177783 0.008431 12.845295 125.0
194 14325.0 0.311468 0.511235 0.0 0.093581 1.932404 -15.289184 -0.177783 0.008431 12.845295 125.0
195 14325.0 0.303415 0.508498 0.0 0.08649 1.932404 -15.289184 -0.177783 0.008431 12.845295 125.0
196 14325.0 0.312846 0.510181 0.0 0.094177 1.932404 -15.289184 -0.177783 0.008431 12.845295 125.0
197 14325.0 0.350592 0.509611 0.0 0.12198 1.932404 -15.289184 -0.177783 0.008431 12.845295 125.0
198 14325.0 0.370439 0.490606 0.0 0.129017 1.932404 -15.289184 -0.177783 0.008431 12.845295 125.0
199 14325.0 0.38196 0.483912 0.0 0.134861 1.932404 -15.289184 -0.177783 0.008431 12.845295 125.0
200 14325.0 0.39916 0.47829 0.0 0.145357 1.932404 -15.289184 -0.177783 0.008431 12.845295 125.0
201 14325.0 0.394566 0.502003 0.0 0.151556 1.932404 -15.289184 -0.177783 0.008431 12.845295 125.0
202 14325.0 0.402237 0.500306 0.0 0.156566 1.932404 -15.289184 -0.177783 0.008431 12.845295 125.0
203 14325.0 0.424961 0.522389 0.0 0.182393 1.932404 -15.289184 -0.177783 0.008431 12.845295 125.0
204 14325.0 0.428026 0.518194 0.0 0.182969 1.932404 -15.289184 -0.177783 0.008431 12.845295 125.0
205 14325.0 0.44408 0.511627 0.0 0.192231 1.932404 -15.289184 -0.177783 0.008431 12.845295 125.0
206 14325.0 0.458092 0.523684 0.0 0.209851 1.932404 -15.289184 -0.177783 0.008431 12.845295 125.0
207 14325.0 0.463761 0.5241 0.0 0.215028 1.932404 -15.289184 -0.177783 0.008431 12.845295 125.0
208 14325.0 0.452291 0.533786 0.0 0.210509 1.932404 -15.289184 -0.177783 0.008431 12.845295 125.0
209 14325.0 0.454827 0.513177 0.0 0.201104 1.932404 -15.289184 -0.177783 0.008431 12.845295 125.0
210 14325.0 0.46167 0.524512 0.0 0.213435 1.932404 -15.289184 -0.177783 0.008431 12.845295 125.0
211 14325.0 0.46386 0.501135 0.0 0.202669 1.932404 -15.289184 -0.177783 0.008431 12.845295 125.0
212 14325.0 0.477624 0.502668 0.0 0.215084 1.932404 -15.289184 -0.177783 0.008431 12.845295 125.0
213 14325.0 0.504311 0.525337 0.0 0.251147 1.932404 -15.289184 -0.177783 0.008431 12.845295 125.0
214 14325.0 0.514442 0.545435 0.0 0.271574 1.932404 -15.289184 -0.177783 0.008431 12.845295 125.0
215 14325.0 0.512395 0.544211 0.0 0.269079 1.932404 -15.289184 -0.177783 0.008431 12.845295 125.0
216 14325.0 0.513281 0.516837 0.0 0.254133 1.932404 -15.289184 -0.177783 0.008431 12.845295 125.0
217 14325.0 0.502833 0.499817 0.0 0.235467 1.932404 -15.289184 -0.177783 0.008431 12.845295 125.0
218 14325.0 0.477935 0.510249 0.0 0.219611 1.932404 -15.289184 -0.177783 0.008431 12.845295 125.0
219 14325.0 0.4776 0.502367 0.0 0.214894 1.932404 -15.289184 -0.177783 0.008431 12.845295 125.0
220 14325.0 0.491511 0.487197 0.0 0.218509 1.932404 -15.289184 -0.177783 0.008431 12.845295 125.0
221 14325.0 0.504136 0.497022 0.0 0.235035 1.932404 -15.289184 -0.177783 0.008431 12.845295 125.0
222 14325.0 0.537295 0.519688 0.0 0.276747 1.932404 -15.289184 -0.177783 0.008431 12.845295 125.0
223 14325.0 0.565114 0.548056 0.0 0.317403 1.932404 -15.289184 -0.177783 0.008431 12.845295 125.0
224 14325.0 0.579105 0.54805 0.0 0.329637 1.932404 -15.289184 -0.177783 0.008431 12.845295 125.0
225 14325.0 0.58001 0.546902 0.0 0.329768 1.932404 -15.289184 -0.177783 0.008431 12.845295 125.0
226 14325.0 0.57594 0.567309 0.0 0.338047 1.932404 -15.289184 -0.177783 0.008431 12.845295 125.0
227 14325.0 0.570042 0.560954 0.0 0.329135 1.932404 -15.289184 -0.177783 0.008431 12.845295 125.0
228 14325.0 0.584083 0.572013 0.0 0.348334 1.932404 -15.289184 -0.177783 0.008431 12.845295 125.0
229 14325.0 0.577388 0.565028 0.0 0.337906 1.932404 -15.289184 -0.177783 0.008431 12.845295 125.0
230 14325.0 0.586889 0.579253 0.0 0.355878 1.932404 -15.289184 -0.177783 0.008431 12.845295 125.0
231 14325.0 0.604775 0.581824 0.0 0.372953 1.932404 -15.289184 -0.177783 0.008431 12.845295 125.0
232 14325.0 0.622338 0.571677 0.0 0.381047 1.932404 -15.289184 -0.177783 0.008431 12.845295 125.0
233 14325.0 0.614213 0.591551 0.0 0.387919 1.932404 -15.289184 -0.177783 0.008431 12.845295 125.0
234 14325.0 0.633256 0.582845 0.0 0.397956 1.932404 -15.289184 -0.177783 0.008431 12.845295 125.0
235 14325.0 0.630303 0.597871 0.0 0.406132 1.932404 -15.289184 -0.177783 0.008431 12.845295 125.0
236 14325.0 0.642057 0.595404 0.0 0.414395 1.932404 -15.289184 -0.177783 0.008431 12.845295 125.0
237 14325.0 0.649268 0.585817 0.0 0.41372 1.932404 -15.289184 -0.177783 0.008431 12.845295 125.0
238 14325.0 0.691331 0.587609 0.0 0.45085 1.932404 -15.289184 -0.177783 0.008431 12.845295 125.0
239 14325.0 0.713967 0.563737 0.0 0.456623 1.932404 -15.289184 -0.177783 0.008431 12.845295 125.0
240 14325.0 0.727586 0.589968 0.0 0.483629 1.932404 -15.289184 -0.177783 0.008431 12.845295 125.0
241 14325.0 0.720417 0.579081 0.0 0.471094 1.932404 -15.289184 -0.177783 0.008431 12.845295 125.0
242 14325.0 0.721112 0.610043 0.0 0.492198 1.932404 -15.289184 -0.177783 0.008431 12.845295 125.0
243 14325.0 0.732194 0.611511 0.0 0.502688 1.932404 -15.289184 -0.177783 0.008431 12.845295 125.0
244 14325.0 0.759616 0.591881 0.0 0.512746 1.932404 -15.289184 -0.177783 0.008431 12.845295 125.0
245 14325.0 0.742124 0.597543 0.0 0.501214 1.932404 -15.289184 -0.177783 0.008431 12.845295 125.0
246 14325.0 0.734044 0.611969 0.0 0.504592 1.932404 -15.289184 -0.177783 0.008431 12.845295 125.0
247 14325.0 0.734452 0.654606 0.0 0.535276 1.932404 -15.289184 -0.177783 0.008431 12.845295 125.0
248 14325.0 0.73454 0.638253 0.0 0.523715 1.932404 -15.289184 -0.177783 0.008431 12.845295 125.0
249 14325.0 0.75933 0.647728 0.0 0.551588 1.932404 -15.289184 -0.177783 0.008431 12.845295 125.0
250 14325.0 0.76091 0.673315 0.0 0.571141 1.932404 -15.289184 -0.177783 0.008431 12.845295 125.0
251 14325.0 0.739898 0.681136 0.0 0.558795 1.932404 -15.289184 -0.177783 0.008431 12.845295 125.0
252 14325.0 0.762617 0.701829 0.0 0.592884 1.932404 -15.289184 -0.177783 0.008431 12.845295 125.0
253 14325.0 0.745769 0.718738 0.0 0.590553 1.932404 -15.289184 -0.177783 0.008431 12.845295 125.0
254 14325.0 0.74637 0.724367 0.0 0.59507 1.932404 -15.289184 -0.177783 0.008431 12.845295 125.0
255 14325.0 0.7548 0.716307 0.0 0.596522 1.932404 -15.289184 -0.177783 0.008431 12.845295 125.0
256 14325.0 0.733145 0.706709 0.0 0.571234 1.932404 -15.289184 -0.177783 0.008431 12.845295 125.0
257 14325.0 0.750283 0.710298 0.0 0.588396 1.932404 -15.289184 -0.177783 0.008431 12.845295 125.0
258 14325.0 0.752269 0.74955 0.0 0.618028 1.932404 -15.289184 -0.177783 0.008431 12.845295 125.0
259 14325.0 0.761207 0.768342 0.0 0.639591 1.932404 -15.289184 -0.177783 0.008431 12.845295 125.0
260 14325.0 0.776316 0.793226 0.0 0.670992 1.932404 -15.289184 -0.177783 0.008431 12.845295 125.0
261 14325.0 0.808805 0.825371 0.0 0.722837 1.932404 -15.289184 -0.177783 0.008431 12.845295 125.0
262 14325.0 0.826518 0.84338 0.0 0.751458 1.932404 -15.289184 -0.177783 0.008431 12.845295 125.0
263 14325.0 0.835958 0.848752 0.0 0.763611 1.932404 -15.289184 -0.177783 0.008431 12.845295 125.0
264 14325.0 0.83944 0.881563 0.0 0.790714 1.932404 -15.289184 -0.177783 0.008431 12.845295 125.0
265 14325.0 0.844382 0.889951 0.0 0.801168 1.932404 -15.289184 -0.177783 0.008431 12.845295 125.0
266 14325.0 0.874279 0.923403 0.0 0.851718 1.932404 -15.289184 -0.177783 0.008431 12.845295 125.0
267 14325.0 0.884126 0.937065 0.0 0.870111 1.932404 -15.289184 -0.177783 0.008431 12.845295 125.0
268 14325.0 0.90893 0.937467 0.0 0.891637 1.932404 -15.289184 -0.177783 0.008431 12.845295 125.0
269 14325.0 0.917261 0.961195 0.0 0.9146 1.932404 -15.289184 -0.177783 0.008431 12.845295 125.0
270 14325.0 0.897836 0.972981 0.0 0.907528 1.932404 -15.289184 -0.177783 0.008431 12.845295 125.0
271 14325.0 0.913439 0.966368 0.0 0.916161 1.932404 -15.289184 -0.177783 0.008431 12.845295 125.0
272 14325.0 0.928023 0.98777 0.0 0.935268 1.932404 -15.289184 -0.177783 0.008431 12.845295 125.0
273 14325.0 0.948283 1.015413 0.0 0.948296 1.932404 -15.289184 -0.177783 0.008431 12.845295 125.0
274 14325.0 0.950149 1.018249 0.0 0.949104 1.932404 -15.289184 -0.177783 0.008431 12.845295 125.0
275 14325.0 0.958411 1.043446 0.0 0.953054 1.932404 -15.289184 -0.177783 0.008431 12.845295 125.0
276 14325.0 0.950709 1.05384 0.0 0.950019 1.932404 -15.289184 -0.177783 0.008431 12.845295 125.0
277 14325.0 0.960747 1.080357 0.0 0.954868 1.932404 -15.289184 -0.177783 0.008431 12.845295 125.0
278 14325.0 0.940219 1.106621 0.0 0.946748 1.932404 -15.289184 -0.177783 0.008431 12.845295 125.0
279 14325.0 0.956396 1.107114 0.0 0.95362 1.932404 -15.289184 -0.177783 0.008431 12.845295 125.0
280 14325.0 0.962599 1.12719 0.0 0.956698 1.932404 -15.289184 -0.177783 0.008431 12.845295 125.0
281 14325.0 0.971908 1.132518 0.0 0.960765 1.932404 -15.289184 -0.177783 0.008431 12.845295 125.0
282 14325.0 0.982753 1.10828 0.0 0.964824 1.932404 -15.289184 -0.177783 0.008431 12.845295 125.0
283 14325.0 0.967872 1.129259 0.0 0.958981 1.932404 -15.289184 -0.177783 0.008431 12.845295 125.0
284 14325.0 0.945472 1.148802 0.0 0.949917 1.932404 -15.289184 -0.177783 0.008431 12.845295 125.0
285 14325.0 0.948908 1.156981 0.0 0.951556 1.932404 -15.289184 -0.177783 0.008431 12.845295 125.0
286 14325.0 0.984371 1.149344 0.0 0.966427 1.932404 -15.289184 -0.177783 0.008431 12.845295 125.0
287 14325.0 0.973513 1.13686 0.0 0.961543 1.932404 -15.289184 -0.177783 0.008431 12.845295 125.0
