 time p.x p.y p.z deep.node-0 CV opes.bias opes.rct opes.zed opes.neff opes.nker
0 15690.0 -0.596 1.395436 0.0 -0.962608 1.905119 -14.48274 -0.186909 0.008107 12.845295 130.0
1 15690.0 -0.571131 1.377561 0.0 -0.944848 1.905119 -14.48274 -0.186909 0.008107 12.845295 130.0
2 15690.0 -0.574114 1.382581 0.0 -0.948232 1.905119 -14.48274 -0.186909 0.008107 12.845295 130.0
3 15690.0 -0.597294 1.363632 0.0 -0.945575 1.905119 -14.48274 -0.186909 0.008107 12.845295 130.0
4 15690.0 -0.61748 1.372193 0.0 -0.955848 1.905119 -14.48274 -0.186909 0.008107 12.845295 130.0
5 15690.0 -0.611614 1.336807 0.0 -0.933953 1.905119 -14.48274 -0.186909 0.008107 12.845295 130.0
6 15690.0 -0.657192 1.318686 0.0 -0.93562 1.905119 -14.48274 -0.186909 0.008107 12.845295 130.0
7 15690.0 -0.657612 1.333687 0.0 -0.944354 1.905119 -14.48274 -0.186909 0.008107 12.845295 130.0
8 15690.0 -0.661043 1.337659 0.0 -0.947547 1.905119 -14.48274 -0.186909 0.008107 12.845295 130.0
9 15690.0 -0.660875 1.308634 0.0 -0.930818 1.905119 -14.48274 -0.186909 0.008107 12.845295 130.0
10 15690.0 -0.675469 1.279227 0.0 -0.917784 1.905119 -14.48274 -0.186909 0.008107 12.845295 130.0
11 15690.0 -0.683064 1.283907 0.0 -0.922488 1.905119 -14.48274 -0.186909 0.008107 12.845295 130.0
12 15690.0 -0.690562 1.25021 0.0 -0.905106 1.905119 -14.48274 -0.186909 0.008107 12.845295 130.0
13 15690.0 -0.692577 1.251735 0.0 -0.906517 1.905119 -14.48274 -0.186909 0.008107 12.845295 130.0
14 15690.0 -0.689428 1.234359 0.0 -0.895655 1.905119 -14.48274 -0.186909 0.008107 12.845295 130.0
15 15690.0 -0.711617 1.209026 0.0 -0.886743 1.905119 -14.48274 -0.186909 0.008107 12.845295 130.0
16 15690.0 -0.715936 1.211081 0.0 -0.889119 1.905119 -14.48274 -0.186909 0.008107 12.845295 130.0
17 15690.0 -0.72888 1.172176 0.0 -0.869723 1.905119 -14.48274 -0.186909 0.008107 12.845295 130.0
18 15690.0 -0.780463 1.180125 0.0 -0.888335 1.905119 -14.48274 -0.186909 0.008107 12.845295 130.0
19 15690.0 -0.813026 1.181637 0.0 -0.898021 1.905119 -14.48274 -0.186909 0.008107 12.845295 130.0
20 15690.0 -0.808115 1.196176 0.0 -0.905213 1.905119 -14.48274 -0.186909 0.008107 12.845295 130.0
21 15690.0 -0.821209 1.193748 0.0 -0.907289 1.905119 -14.48274 -0.186909 0.008107 12.845295 130.0
22 15690.0 -0.824796 1.15764 0.0 -0.88708 1.905119 -14.48274 -0.186909 0.008107 12.845295 130.0
23 15690.0 -0.826585 1.151779 0.0 -0.884114 1.905119 -14.48274 -0.186909 0.008107 12.845295 130.0
24 15690.0 -0.853229 1.161272 0.0 -0.896898 1.905119 -14.48274 -0.186909 0.008107 12.845295 130.0
25 15690.0 -0.851458 1.144031 0.0 -0.886274 1.905119 -14.48274 -0.186909 0.008107 12.845295 130.0
26 15690.0 -0.862041 1.123481 0.0 -0.877041 1.905119 -14.48274 -0.186909 0.008107 12.845295 130.0
27 15690.0 -0.856158 1.094328 0.0 -0.858298 1.905119 -14.48274 -0.186909 0.008107 12.845295 130.0
28 15690.0 -0.88485 1.108381 0.0 -0.874317 1.905119 -14.48274 -0.186909 0.008107 12.845295 130.0
29 15690.0 -0.885085 1.08187 0.0 -0.858782 1.905119 -14.48274 -0.186909 0.008107 12.845295 130.0
30 15690.0 -0.903277 1.059692 0.0 -0.850646 1.905119 -14.48274 -0.186909 0.008107 12.845295 130.0
31 15690.0 -0.922863 1.046968 0.0 -0.84845 1.905119 -14.48274 -0.186909 0.008107 12.845295 130.0
32 15690.0 -0.930603 1.026033 0.0 -0.838265 1.905119 -14.48274 -0.186909 0.008107 12.845295 130.0
33 15690.0 -0.965368 1.025861 0.0 -0.847557 1.905119 -14.48274 -0.186909 0.008107 12.845295 130.0
34 15690.0 -0.960676 1.013329 0.0 -0.838962 1.905119 -14.48274 -0.186909 0.008107 12.845295 130.0
35 15690.0 -0.953083 1.015769 0.0 -0.838337 1.905119 -14.48274 -0.186909 0.008107 12.845295 130.0
36 15690.0 -0.914362 0.991342 0.0 -0.813428 1.905119 -14.48274 -0.186909 0.008107 12.845295 130.0
37 15690.0 -0.897988 0.961338 0.0 -0.790962 1.905119 -14.48274 -0.186909 0.008107 12.845295 130.0
38 15690.0 -0.882226 0.93079 0.0 -0.762798 1.905119 -14.48274 -0.186909 0.008107 12.845295 130.0
39 15690.0 -0.884101 0.922155 0.0 -0.7559 1.905119 -14.48274 -0.186909 0.008107 12.845295 130.0
40 15690.0 -0.876331 0.904891 0.0 -0.738224 1.905119 -14.48274 -0.186909 0.008107 12.845295 130.0
41 15690.0 -0.881759 0.891913 0.0 -0.728737 1.905119 -14.48274 -0.186909 0.008107 12.845295 130.0
42 15690.0 -0.89821 0.855599 0.0 -0.702615 1.905119 -14.48274 -0.186909 0.008107 12.845295 130.0
43 15690.0 -0.876591 0.826004 0.0 -0.669516 1.905119 -14.48274 -0.186909 0.008107 12.845295 130.0
44 15690.0 -0.862702 0.814779 0.0 -0.655043 1.905119 -14.48274 -0.186909 0.008107 12.845295 130.0
45 15690.0 -0.859015 0.830358 0.0 -0.667386 1.905119 -14.48274 -0.186909 0.008107 12.845295 130.0
46 15690.0 -0.844792 0.80638 0.0 -0.641679 1.905119 -14.48274 -0.186909 0.008107 12.845295 130.0
47 15690.0 -0.854809 0.789103 0.0 -0.629991 1.905119 -14.48274 -0.186909 0.008107 12.845295 130.0
48 15690.0 -0.853551 0.765424 0.0 -0.608941 1.905119 -14.48274 -0.186909 0.008107 12.845295 130.0
49 15690.0 -0.840695 0.750567 0.0 -0.591686 1.905119 -14.48274 -0.186909 0.008107 12.845295 130.0
50 15690.0 -0.850038 0.731853 0.0 -0.578575 1.905119 -14.48274 -0.186909 0.008107 12.845295 130.0
51 15690.0 -0.854101 0.738496 0.0 -0.585721 1.905119 -14.48274 -0.186909 0.008107 12.845295 130.0
52 15690.0 -0.862934 0.732669 0.0 -0.58364 1.905119 -14.48274 -0.186909 0.008107 12.845295 130.0
53 15690.0 -0.824894 0.741972 0.0 -0.578878 1.905119 -14.48274 -0.186909 0.008107 12.845295 130.0
54 15690.0 -0.816085 0.714713 0.0 -0.549305 1.905119 -14.48274 -0.186909 0.008107 12.845295 130.0
55 15690.0 -0.810344 0.707433 0.0 -0.539115 1.905119 -14.48274 -0.186909 0.008107 12.845295 130.0
56 15690.0 -0.792957 0.703349 0.0 -0.527539 1.905119 -14.48274 -0.186909 0.008107 12.845295 130.0
57 15690.0 -0.778038 0.696148 0.0 -0.513314 1.905119 -14.48274 -0.186909 0.008107 12.845295 130.0
58 15690.0 -0.783339 0.685285 0.0 -0.503361 1.905119 -14.48274 -0.186909 0.008107 12.845295 130.0
59 15690.0 -0.778271 0.675691 0.0 -0.490537 1.905119 -14.48274 -0.186909 0.008107 12.845295 130.0
60 15690.0 -0.764137 0.672398 0.0 -0.481006 1.905119 -14.48274 -0.186909 0.008107 12.845295 130.0
61 15690.0 -0.751423 0.653233 0.0 -0.454317 1.905119 -14.48274 -0.186909 0.008107 12.845295 130.0
62 15690.0 -0.762911 0.659351 0.0 -0.46591 1.905119 -14.48274 -0.186909 0.008107 12.845295 130.0
63 15690.0 -0.752742 0.652319 0.0 -0.45384 1.905119 -14.48274 -0.186909 0.008107 12.845295 130.0
64 15690.0 -0.757864 0.614827 0.0 -0.414038 1.905119 -14.48274 -0.186909 0.008107 12.845295 130.0
65 15690.0 -0.775357 0.59885 0.0 -0.4065 1.905119 -14.48274 -0.186909 0.008107 12.845295 130.0
66 15690.0 -0.753996 0.616121 0.0 -0.413885 1.905119 -14.48274 -0.186909 0.008107 12.845295 130.0
67 15690.0 -0.74874 0.615801 0.0 -0.411353 1.905119 -14.48274 -0.186909 0.008107 12.845295 130.0
68 15690.0 -0.757832 0.621342 0.0 -0.42131 1.905119 -14.48274 -0.186909 0.008107 12.845295 130.0
69 15690.0 -0.74779 0.612705 0.0 -0.407497 1.905119 -14.48274 -0.186909 0.008107 12.845295 130.0
70 15690.0 -0.737529 0.578101 0.0 -0.36826 1.905119 -14.48274 -0.186909 0.008107 12.845295 130.0
71 15690.0 -0.744117 0.588019 0.0 -0.381031 1.905119 -14.48274 -0.186909 0.008107 12.845295 130.0
72 15690.0 -0.728948 0.596981 0.0 -0.38245 1.905119 -14.48274 -0.186909 0.008107 12.845295 130.0
73 15690.0 -0.709984 0.583067 0.0 -0.359875 1.905119 -14.48274 -0.186909 0.008107 12.845295 130.0
74 15690.0 -0.703516 0.586466 0.0 -0.36007 1.905119 -14.48274 -0.186909 0.008107 12.845295 130.0
75 15690.0 -0.697207 0.593959 0.0 -0.365607 1.905119 -14.48274 -0.186909 0.008107 12.845295 130.0
76 15690.0 -0.682314 0.596378 0.0 -0.362149 1.905119 -14.48274 -0.186909 0.008107 12.845295 130.0
77 15690.0 -0.685009 0.581756 0.0 -0.346915 1.905119 -14.48274 -0.186909 0.008107 12.845295 130.0
78 15690.0 -0.678579 0.582915 0.0 -0.34555 1.905119 -14.48274 -0.186909 0.008107 12.845295 130.0
79 15690.0 -0.637834 0.576949 0.0 -0.321731 1.905119 -14.48274 -0.186909 0.008107 12.845295 130.0
80 15690.0 -0.654521 0.554635 0.0 -0.302288 1.905119 -14.48274 -0.186909 0.008107 12.845295 130.0
81 15690.0 -0.644406 0.563226 0.0 -0.306734 1.905119 -14.48274 -0.186909 0.008107 12.845295 130.0
82 15690.0 -0.63528 0.555433 0.0 -0.291559 1.905119 -14.48274 -0.186909 0.008107 12.845295 130.0
83 15690.0 -0.625888 0.556937 0.0 -0.288105 1.905119 -14.48274 -0.186909 0.008107 12.845295 130.0
84 15690.0 -0.618607 0.544016 0.0 -0.267568 1.905119 -14.48274 -0.186909 0.008107 12.845295 130.0
85 15690.0 -0.585691 0.548824 0.0 -0.248345 1.905119 -14.48274 -0.186909 0.008107 12.845295 130.0
86 15690.0 -0.557271 0.551687 0.0 -0.226416 1.905119 -14.48274 -0.186909 0.008107 12.845295 130.0
87 15690.0 -0.54449 0.561423 0.0 -0.231481 1.905119 -14.48274 -0.186909 0.008107 12.845295 130.0
88 15690.0 -0.544107 0.549712 0.0 -0.210427 1.905119 -14.48274 -0.186909 0.008107 12.845295 130.0
89 15690.0 -0.524205 0.566974 0.0 -0.222026 1.905119 -14.48274 -0.186909 0.008107 12.845295 130.0
90 15690.0 -0.518064 0.561703 0.0 -0.206883 1.905119 -14.48274 -0.186909 0.008107 12.845295 130.0
91 15690.0 -0.497656 0.58113 0.0 -0.221827 1.905119 -14.48274 -0.186909 0.008107 12.845295 130.0
92 15690.0 -0.50342 0.581109 0.0 -0.227263 1.905119 -14.48274 -0.186909 0.008107 12.845295 130.0
93 15690.0 -0.488045 0.574761 0.0 -0.203164 1.905119 -14.48274 -0.186909 0.008107 12.845295 130.0
94 15690.0 -0.496095 0.592092 0.0 -0.23971 1.905119 -14.48274 -0.186909 0.008107 12.845295 130.0
95 15690.0 -0.482077 0.575168 0.0 -0.199651 1.905119 -14.48274 -0.186909 0.008107 12.845295 130.0
96 15690.0 -0.489797 0.561418 0.0 -0.186159 1.905119 -14.48274 -0.186909 0.008107 12.845295 130.0
97 15690.0 -0.486512 0.5417 0.0 -0.157022 1.905119 -14.48274 -0.186909 0.008107 12.845295 130.0
98 15690.0 -0.480248 0.557442 0.0 -0.174224 1.905119 -14.48274 -0.186909 0.008107 12.845295 130.0
99 15690.0 -0.443303 0.57729 0.0 -0.176102 1.905119 -14.48274 -0.186909 0.008107 12.845295 130.0
100 15690.0 -0.430127 0.578895 0.0 -0.169306 1.905119 -14.48274 -0.186909 0.008107 12.845295 130.0
101 15690.0 -0.427931 0.573766 0.0 -0.160811 1.905119 -14.48274 -0.186909 0.008107 12.845295 130.0
102 15690.0 -0.422509 0.549159 0.0 -0.130437 1.905119 -14.48274 -0.186909 0.008107 12.845295 130.0
103 15690.0 -0.384682 0.545612 0.0 -0.112382 1.905119 -14.48274 -0.186909 0.008107 12.845295 130.0
104 15690.0 -0.381732 0.549053 0.0 -0.114517 1.905119 -14.48274 -0.186909 0.008107 12.845295 130.0
105 15690.0 -0.389511 0.530416 0.0 -0.099771 1.905119 -14.48274 -0.186909 0.008107 12.845295 130.0
106 15690.0 -0.332983 0.531431 0.0 -0.078809 1.905119 -14.48274 -0.186909 0.008107 12.845295 130.0
107 15690.0 -0.331849 0.512387 0.0 -0.060218 1.905119 -14.48274 -0.186909 0.008107 12.845295 130.0
108 15690.0 -0.320858 0.50665 0.0 -0.050486 1.905119 -14.48274 -0.186909 0.008107 12.845295 130.0
109 15690.0 -0.313207 0.50132 0.0 -0.042437 1.905119 -14.48274 -0.186909 0.008107 12.845295 130.0
110 15690.0 -0.299823 0.489832 0.0 -0.028211 1.905119 -14.48274 -0.186909 0.008107 12.845295 130.0
111 15690.0 -0.28504 0.487918 0.0 -0.0221 1.905119 -14.48274 -0.186909 0.008107 12.845295 130.0
112 15690.0 -0.277902 0.484535 0.0 -0.017169 1.905119 -14.48274 -0.186909 0.008107 12.845295 130.0
113 15690.0 -0.295799 0.47886 0.0 -0.018135 1.905119 -14.48274 -0.186909 0.008107 12.845295 130.0
114 15690.0 -0.296357 0.488791 0.0 -0.026302 1.905119 -14.48274 -0.186909 0.008107 12.845295 130.0
115 15690.0 -0.295874 0.489038 0.0 -0.026351 1.905119 -14.48274 -0.186909 0.008107 12.845295 130.0
116 15690.0 -0.292484 0.477591 0.0 -0.016088 1.905119 -14.48274 -0.186909 0.008107 12.845295 130.0
117 15690.0 -0.26711 0.454735 0.0 0.010155 1.905119 -14.48274 -0.186909 0.008107 12.845295 130.0
118 15690.0 -0.246857 0.479544 0.0 -0.003554 1.905119 -14.48274 -0.186909 0.008107 12.845295 130.0
119 15690.0 -0.253039 0.47081 0.0 0.001565 1.905119 -14.48274 -0.186909 0.008107 12.845295 130.0
120 15690.0 -0.246224 0.489162 0.0 -0.011101 1.905119 -14.48274 -0.186909 0.008107 12.845295 130.0
121 15690.0 -0.227899 0.490683 0.0 -0.006659 1.905119 -14.48274 -0.186909 0.008107 12.845295 130.0
122 15690.0 -0.206464 0.48616 0.0 0.003609 1.905119 -14.48274 -0.186909 0.008107 12.845295 130.0
123 15690.0 -0.204787 0.496392 0.0 -0.004109 1.905119 -14.48274 -0.186909 0.008107 12.845295 130.0
124 15690.0 -0.207967 0.490034 0.0 2.6e-05 1.905119 -14.48274 -0.186909 0.008107 12.845295 130.0
125 15690.0 -0.222718 0.467184 0.0 0.013858 1.905119 -14.48274 -0.186909 0.008107 12.845295 130.0
126 15690.0 -0.235753 0.4641 0.0 0.01231 1.905119 -14.48274 -0.186909 0.008107 12.845295 130.0
127 15690.0 -0.235656 0.452355 0.0 0.021795 1.905119 -14.48274 -0.186909 0.008107 12.845295 130.0
128 15690.0 -0.215056 0.44256 0.0 0.035299 1.905119 -14.48274 -0.186909 0.008107 12.845295 130.0
129 15690.0 -0.197943 0.4288 0.0 0.045589 1.905119 -14.48274 -0.186909 0.008107 12.845295 130.0
130 15690.0 -0.197999 0.461337 0.0 0.025936 1.905119 -14.48274 -0.186909 0.008107 12.845295 130.0
131 15690.0 -0.181559 0.466586 0.0 0.025624 1.905119 -14.48274 -0.186909 0.008107 12.845295 130.0
132 15690.0 -0.186665 0.476359 0.0 0.017619 1.905119 -14.48274 -0.186909 0.008107 12.845295 130.0
133 15690.0 -0.205166 0.476142 0.0 0.012074 1.905119 -14.48274 -0.186909 0.008107 12.845295 130.0
134 15690.0 -0.206834 0.486576 0.0 0.003159 1.905119 -14.48274 -0.186909 0.008107 12.845295 130.0
135 15690.0 -0.182745 0.484175 0.0 0.012539 1.905119 -14.48274 -0.186909 0.008107 12.845295 130.0
136 15690.0 -0.171671 0.483395 0.0 0.016179 1.905119 -14.48274 -0.186909 0.008107 12.845295 130.0
137 15690.0 -0.170891 0.500814 0.0 0.002811 1.905119 -14.48274 -0.186909 0.008107 12.845295 130.0
138 15690.0 -0.139596 0.492198 0.0 0.016547 1.905119 -14.48274 -0.186909 0.008107 12.845295 130.0
139 15690.0 -0.137244 0.483887 0.0 0.02205 1.905119 -14.48274 -0.186909 0.008107 12.845295 130.0
140 15690.0 -0.125813 0.478611 0.0 0.024482 1.905119 -14.48274 -0.186909 0.008107 12.845295 130.0
141 15690.0 -0.087426 0.4764 0.0 0.02298 1.905119 -14.48274 -0.186909 0.008107 12.845295 130.0
142 15690.0 -0.076321 0.496008 0.0 0.01465 1.905119 -14.48274 -0.186909 0.008107 12.845295 130.0
143 15690.0 -0.084484 0.491493 0.0 0.016914 1.905119 -14.48274 -0.186909 0.008107 12.845295 130.0
144 15690.0 -0.09883 0.457637 0.0 0.030998 1.905119 -14.48274 -0.186909 0.008107 12.845295 130.0
145 15690.0 -0.083891 0.481271 0.0 0.020863 1.905119 -14.48274 -0.186909 0.008107 12.845295 130.0
146 15690.0 -0.068381 0.491064 0.0 0.016089 1.905119 -14.48274 -0.186909 0.008107 12.845295 130.0
147 15690.0 -0.062141 0.479736 0.0 0.020121 1.905119 -14.48274 -0.186909 0.008107 12.845295 130.0
148 15690.0 -0.047989 0.463136 0.0 0.025805 1.905119 -14.48274 -0.186909 0.008107 12.845295 130.0
149 15690.0 -0.067705 0.478855 0.0 0.020808 1.905119 -14.48274 -0.186909 0.008107 12.845295 130.0
150 15690.0 -0.086584 0.483439 0.0 0.020183 1.905119 -14.48274 -0.186909 0.008107 12.845295 130.0
151 15690.0 -0.109516 0.468755 0.0 0.027321 1.905119 -14.48274 -0.186909 0.008107 12.845295 130.0
152 15690.0 -0.108457 0.492376 0.0 0.018046 1.905119 -14.48274 -0.186909 0.008107 12.845295 130.0
153 15690.0 -0.103341 0.487332 0.0 0.019698 1.905119 -14.48274 -0.186909 0.008107 12.845295 130.0
154 15690.0 -0.131479 0.504996 0.0 0.009472 1.905119 -14.48274 -0.186909 0.008107 12.845295 130.0
155 15690.0 -0.121474 0.520953 0.0 0.000629 1.905119 -14.48274 -0.186909 0.008107 12.845295 130.0
156 15690.0 -0.118495 0.525839 0.0 -0.002097 1.905119 -14.48274 -0.186909 0.008107 12.845295 130.0
157 15690.0 -0.118053 0.536425 0.0 -0.009518 1.905119 -14.48274 -0.186909 0.008107 12.845295 130.0
158 15690.0 -0.115823 0.529062 0.0 -0.003754 1.905119 -14.48274 -0.186909 0.008107 12.845295 130.0
159 15690.0 -0.12379 0.529897 0.0 -0.006037 1.905119 -14.48274 -0.186909 0.008107 12.845295 130.0
160 15690.0 -0.117032 0.536433 0.0 -0.009209 1.905119 -14.48274 -0.186909 0.008107 12.845295 130.0
161 15690.0 -0.093277 0.542796 0.0 -0.008613 1.905119 -14.48274 -0.186909 0.008107 12.845295 130.0
162 15690.0 -0.094168 0.52621 0.0 0.002236 1.905119 -14.48274 -0.186909 0.008107 12.845295 130.0
163 15690.0 -0.081536 0.526909 0.0 0.002582 1.905119 -14.48274 -0.186909 0.008107 12.845295 130.0
164 15690.0 -0.061145 0.54014 0.0 -0.00373 1.905119 -14.48274 -0.186909 0.008107 12.845295 130.0
165 15690.0 -0.046892 0.537568 0.0 -0.003309 1.905119 -14.48274 -0.186909 0.008107 12.845295 130.0
166 15690.0 -0.034856 0.527388 0.0 -0.000139 1.905119 -14.48274 -0.186909 0.008107 12.845295 130.0
167 15690.0 -0.028126 0.513906 0.0 0.004703 1.905119 -14.48274 -0.186909 0.008107 12.845295 130.0
168 15690.0 -0.014078 0.508513 0.0 0.00594 1.905119 -14.48274 -0.186909 0.008107 12.845295 130.0
169 15690.0 -0.013466 0.511602 0.0 0.004699 1.905119 -14.48274 -0.186909 0.008107 12.845295 130.0
170 15690.0 -0.001783 0.520012 0.0 0.001153 1.905119 -14.48274 -0.186909 0.008107 12.845295 130.0
171 15690.0 0.0259 0.525234 0.0 -0.001025 1.905119 -14.48274 -0.186909 0.008107 12.845295 130.0
172 15690.0 0.047763 0.519244 0.0 0.000363 1.905119 -14.48274 -0.186909 0.008107 12.845295 130.0
173 15690.0 0.052632 0.536034 0.0 -0.004899 1.905119 -14.48274 -0.186909 0.008107 12.845295 130.0
174 15690.0 0.056315 0.517472 0.0 0.000731 1.905119 -14.48274 -0.186909 0.008107 12.845295 130.0
175 15690.0 0.083879 0.513407 0.0 0.001409 1.905119 -14.48274 -0.186909 0.008107 12.845295 130.0
176 15690.0 0.107275 0.498472 0.0 0.005515 1.905119 -14.48274 -0.186909 0.008107 12.845295 130.0
177 15690.0 0.097796 0.487057 0.0 0.009299 1.905119 -14.48274 -0.186909 0.008107 12.845295 130.0
178 15690.0 0.099149 0.483008 0.0 0.010766 1.905119 -14.48274 -0.186909 0.008107 12.845295 130.0
179 15690.0 0.110892 0.469654 0.0 0.01552 1.905119 -14.48274 -0.186909 0.008107 12.845295 130.0
180 15690.0 0.15146 0.464856 0.0 0.016824 1.905119 -14.48274 -0.186909 0.008107 12.845295 130.0
181 15690.0 0.165772 0.461461 0.0 0.017907 1.905119 -14.48274 -0.186909 0.008107 12.845295 130.0
182 15690.0 0.171976 0.452805 0.0 0.021004 1.905119 -14.48274 -0.186909 0.008107 12.845295 130.0
183 15690.0 0.171754 0.448221 0.0 0.022684 1.905119 -14.48274 -0.186909 0.008107 12.845295 130.0
184 15690.0 0.208483 0.450129 0.0 0.022273 1.905119 -14.48274 -0.186909 0.008107 12.845295 130.0
185 15690.0 0.21543 0.475558 0.0 0.020891 1.905119 -14.48274 -0.186909 0.008107 12.845295 130.0
186 15690.0 0.246721 0.485637 0.0 0.035117 1.905119 -14.48274 -0.186909 0.008107 12.845295 130.0
187 15690.0 0.23542 0.48559 0.0 0.026705 1.905119 -14.48274 -0.186909 0.008107 12.845295 130.0
188 15690.0 0.241883 0.506395 0.0 0.039938 1.905119 -14.48274 -0.186909 0.008107 12.845295 130.0
189 15690.0 0.276137 0.499628 0.0 0.062636 1.905119 -14.48274 -0.186909 0.008107 12.845295 130.0
190 15690.0 0.283757 0.536684 0.0 0.085745 1.905119 -14.48274 -0.186909 0.008107 12.845295 130.0
191 15690.0 0.289371 0.536826 0.0 0.089866 1.905119 -14.48274 -0.186909 0.008107 12.845295 130.0
192 15690.0 0.31186 0.519122 0.0 0.097068 1.905119 -14.48274 -0.186909 0.008107 12.845295 130.0
193 15690.0 0.336228 0.526713 0.0 0.118244 1.905119 -14.48274 -0.186909 0.008107 12.845295 130.0
194 15690.0 0.350465 0.507613 0.0 0.121076 1.905119 -14.48274 -0.186909 0.008107 12.845295 130.0
195 15690.0 0.345716 0.517802 0.0 0.121678 1.905119 -14.48274 -0.186909 0.008107 12.845295 130.0
196 15690.0 0.346332 0.544919 0.0 0.135285 1.905119 -14.48274 -0.186909 0.008107 12.845295 130.0
197 15690.0 0.338799 0.538572 0.0 0.126421 1.905119 -14.48274 -0.186909 0.008107 12.845295 130.0
198 15690.0 0.368056 0.544019 0.0 0.150449 1.905119 -14.48274 -0.186909 0.008107 12.845295 130.0
199 15690.0 0.385527 0.516582 0.0 0.150752 1.905119 -14.48274 -0.186909 0.008107 12.845295 130.0
200 15690.0 0.400036 0.495795 0.0 0.153102 1.905119 -14.48274 -0.186909 0.008107 12.845295 130.0
201 15690.0 0.424169 0.53856 0.0 0.18866 1.905119 -14.48274 -0.186909 0.008107 12.845295 130.0
202 15690.0 0.444139 0.519201 0.0 0.195344 1.905119 -14.48274 -0.186909 0.008107 12.845295 130.0
203 15690.0 0.450365 0.525596 0.0 0.204185 1.905119 -14.48274 -0.186909 0.008107 12.845295 130.0
204 15690.0 0.480785 0.525625 0.0 0.230736 1.905119 -14.48274 -0.186909 0.008107 12.845295 130.0
205 15690.0 0.511096 0.522818 0.0 0.255632 1.905119 -14.48274 -0.186909 0.008107 12.845295 130.0
206 15690.0 0.522897 0.550072 0.0 0.281638 1.905119 -14.48274 -0.186909 0.008107 12.845295 130.0
207 15690.0 0.496221 0.542256 0.0 0.253807 1.905119 -14.48274 -0.186909 0.008107 12.845295 130.0
208 15690.0 0.505407 0.528747 0.0 0.254068 1.905119 -14.48274 -0.186909 0.008107 12.845295 130.0
209 15690.0 0.493703 0.529651 0.0 0.244352 1.905119 -14.48274 -0.186909 0.008107 12.845295 130.0
210 15690.0 0.498588 0.561104 0.0 0.267696 1.905119 -14.48274 -0.186909 0.008107 12.845295 130.0
211 15690.0 0.502792 0.545116 0.0 0.261201 1.905119 -14.48274 -0.186909 0.008107 12.845295 130.0
212 15690.0 0.495037 0.554702 0.0 0.260114 1.905119 -14.48274 -0.186909 0.008107 12.845295 130.0
213 15690.0 0.493733 0.560334 0.0 0.263009 1.905119 -14.48274 -0.186909 0.008107 12.845295 130.0
214 15690.0 0.508654 0.59113 0.0 0.297639 1.905119 -14.48274 -0.186909 0.008107 12.845295 130.0
215 15690.0 0.511775 0.600684 0.0 0.307098 1.905119 -14.48274 -0.186909 0.008107 12.845295 130.0
216 15690.0 0.524399 0.626819 0.0 0.336454 1.905119 -14.48274 -0.186909 0.008107 12.845295 130.0
217 15690.0 0.511583 0.603087 0.0 0.308644 1.905119 -14.48274 -0.186909 0.008107 12.845295 130.0
218 15690.0 0.523739 0.565805 0.0 0.29248 1.905119 -14.48274 -0.186909 0.008107 12.845295 130.0
219 15690.0 0.503051 0.55041 0.0 0.264474 1.905119 -14.48274 -0.186909 0.008107 12.845295 130.0
220 15690.0 0.522701 0.549034 0.0 0.280869 1.905119 -14.48274 -0.186909 0.008107 12.845295 130.0
221 15690.0 0.548518 0.541774 0.0 0.299273 1.905119 -14.48274 -0.186909 0.008107 12.845295 130.0
222 15690.0 0.557414 0.542046 0.0 0.30721 1.905119 -14.48274 -0.186909 0.008107 12.845295 130.0
223 15690.0 0.569011 0.549429 0.0 0.321602 1.905119 -14.48274 -0.186909 0.008107 12.845295 130.0
224 15690.0 0.577272 0.536022 0.0 0.321112 1.905119 -14.48274 -0.186909 0.008107 12.845295 130.0
225 15690.0 0.576578 0.52892 0.0 0.316418 1.905119 -14.48274 -0.186909 0.008107 12.845295 130.0
226 15690.0 0.583872 0.537746 0.0 0.327877 1.905119 -14.48274 -0.186909 0.008107 12.845295 130.0
227 15690.0 0.585355 0.541045 0.0 0.331072 1.905119 -14.48274 -0.186909 0.008107 12.845295 130.0
228 15690.0 0.598476 0.557006 0.0 0.351734 1.905119 -14.48274 -0.186909 0.008107 12.845295 130.0
229 15690.0 0.587899 0.553517 0.0 0.340475 1.905119 -14.48274 -0.186909 0.008107 12.845295 130.0
230 15690.0 0.591209 0.547934 0.0 0.340157 1.905119 -14.48274 -0.186909 0.008107 12.845295 130.0
231 15690.0 0.61582 0.541198 0.0 0.357807 1.905119 -14.48274 -0.186909 0.008107 12.845295 130.0
232 15690.0 0.631921 0.554586 0.0 0.379594 1.905119 -14.48274 -0.186909 0.008107 12.845295 130.0
233 15690.0 0.641312 0.557758 0.0 0.389633 1.905119 -14.48274 -0.186909 0.008107 12.845295 130.0
234 15690.0 0.665582 0.566319 0.0 0.415788 1.905119 -14.48274 -0.186909 0.008107 12.845295 130.0
235 15690.0 0.671862 0.584704 0.0 0.432187 1.905119 -14.48274 -0.186909 0.008107 12.845295 130.0
236 15690.0 0.65671 0.588289 0.0 0.421823 1.905119 -14.48274 -0.186909 0.008107 12.845295 130.0
237 15690.0 0.671459 0.592036 0.0 0.437061 1.905119 -14.48274 -0.186909 0.008107 12.845295 130.0
238 15690.0 0.681239 0.614152 0.0 0.461133 1.905119 -14.48274 -0.186909 0.008107 12.845295 130.0
239 15690.0 0.683542 0.639311 0.0 0.480997 1.905119 -14.48274 -0.186909 0.008107 12.845295 130.0
240 15690.0 0.690461 0.637743 0.0 0.485779 1.905119 -14.48274 -0.186909 0.008107 12.845295 130.0
241 15690.0 0.681457 0.604676 0.0 0.454577 1.905119 -14.48274 -0.186909 0.008107 12.845295 130.0
242 15690.0 0.678813 0.609032 0.0 0.455422 1.905119 -14.48274 -0.186909 0.008107 12.845295 130.0
243 15690.0 0.670183 0.603363 0.0 0.444032 1.905119 -14.48274 -0.186909 0.008107 12.845295 130.0
244 15690.0 0.682399 0.621389 0.0 0.467271 1.905119 -14.48274 -0.186909 0.008107 12.845295 130.0
245 15690.0 0.689535 0.612602 0.0 0.467102 1.905119 -14.48274 -0.186909 0.008107 12.845295 130.0
246 15690.0 0.690738 0.616957 0.0 0.471226 1.905119 -14.48274 -0.186909 0.008107 12.845295 130.0
247 15690.0 0.687999 0.601304 0.0 0.457753 1.905119 -14.48274 -0.186909 0.008107 12.845295 130.0
248 15690.0 0.678605 0.625876 0.0 0.46723 1.905119 -14.48274 -0.186909 0.008107 12.845295 130.0
249 15690.0 0.692143 0.622769 0.0 0.476559 1.905119 -14.48274 -0.186909 0.008107 12.845295 130.0
250 15690.0 0.732967 0.637957 0.0 0.522164 1.905119 -14.48274 -0.186909 0.008107 12.845295 130.0
251 15690.0 0.709551 0.644339 0.0 0.506744 1.905119 -14.48274 -0.186909 0.008107 12.845295 130.0
252 15690.0 0.718054 0.635473 0.0 0.507685 1.905119 -14.48274 -0.186909 0.008107 12.845295 130.0
253 15690.0 0.736806 0.65321 0.0 0.536289 1.905119 -14.48274 -0.186909 0.008107 12.845295 130.0
254 15690.0 0.723906 0.638717 0.0 0.514981 1.905119 -14.48274 -0.186909 0.008107 12.845295 130.0
255 15690.0 0.724222 0.635373 0.0 0.512871 1.905119 -14.48274 -0.186909 0.008107 12.845295 130.0
256 15690.0 0.757451 0.640171 0.0 0.54461 1.905119 -14.48274 -0.186909 0.008107 12.845295 130.0
257 15690.0 0.766382 0.632891 0.0 0.547042 1.905119 -14.48274 -0.186909 0.008107 12.845295 130.0
258 15690.0 0.743148 0.6384 0.0 0.531158 1.905119 -14.48274 -0.186909 0.008107 12.845295 130.0
259 15690.0 0.741343 0.669722 0.0 0.551905 1.905119 -14.48274 -0.186909 0.008107 12.845295 130.0
260 15690.0 0.722882 0.654435 0.0 0.525291 1.905119 -14.48274 -0.186909 0.008107 12.845295 130.0
261 15690.0 0.720904 0.652639 0.0 0.522328 1.905119 -14.48274 -0.186909 0.008107 12.845295 130.0
262 15690.0 0.726707 0.649223 0.0 0.524844 1.905119 -14.48274 -0.186909 0.008107 12.845295 130.0
263 15690.0 0.71719 0.667664 0.0 0.529853 1.905119 -14.48274 -0.186909 0.008107 12.845295 130.0
264 15690.0 0.725678 0.684946 0.0 0.549384 1.905119 -14.48274 -0.186909 0.008107 12.845295 130.0
265 15690.0 0.723495 0.66833 0.0 0.535701 1.905119 -14.48274 -0.186909 0.008107 12.845295 130.0
266 15690.0 0.723059 0.674854 0.0 0.539972 1.905119 -14.48274 -0.186909 0.008107 12.845295 130.0
267 15690.0 0.732204 0.685724 0.0 0.5555 1.905119 -14.48274 -0.186909 0.008107 12.845295 130.0
268 15690.0 0.747611 0.712257 0.0 0.587512 1.905119 -14.48274 -0.186909 0.008107 12.845295 130.0
269 15690.0 0.75461 0.697669 0.0 0.583098 1.905119 -14.48274 -0.186909 0.008107 12.845295 130.0
270 15690.0 0.74267 0.703541 0.0 0.577099 1.905119 -14.48274 -0.186909 0.008107 12.845295 130.0
271 15690.0 0.752857 0.730262 0.0 0.604795 1.905119 -14.48274 -0.186909 0.008107 12.845295 130.0
272 15690.0 0.771551 0.736533 0.0 0.625249 1.905119 -14.48274 -0.186909 0.008107 12.845295 130.0
273 15690.0 0.787056 0.757841 0.0 0.65437 1.905119 -14.48274 -0.186909 0.008107 12.845295 130.0
274 15690.0 0.781444 0.77255 0.0 0.660281 1.905119 -14.48274 -0.186909 0.008107 12.845295 130.0
275 15690.0 0.785096 0.770829 0.0 0.662195 1.905119 -14.48274 -0.186909 0.008107 12.845295 130.0
276 15690.0 0.778421 0.767395 0.0 0.653869 1.905119 -14.48274 -0.186909 0.008107 12.845295 130.0
277 15690.0 0.770006 0.759509 0.0 0.640764 1.905119 -14.48274 -0.186909 0.008107 12.845295 130.0
278 15690.0 0.764985 0.794322 0.0 0.661939 1.905119 -14.48274 -0.186909 0.008107 12.845295 130.0
279 15690.0 0.796722 0.819166 0.0 0.707774 1.905119 -14.48274 -0.186909 0.008107 12.845295 130.0
280 15690.0 0.803298 0.846879 0.0 0.733828 1.905119 -14.48274 -0.186909 0.008107 12.845295 130.0
281 15690.0 0.818077 0.884682 0.0 0.77442 1.905119 -14.48274 -0.186909 0.008107 12.845295 130.0
282 15690.0 0.846424 0.904273 0.0 0.813452 1.905119 -14.48274 -0.186909 0.008107 12.845295 130.0
283 15690.0 0.863529 0.907984 0.0 0.831054 1.905119 -14.48274 -0.186909 0.008107 12.845295 130.0
284 15690.0 0.887595 0.962486 0.0 0.891256 1.905119 -14.48274 -0.186909 0.008107 12.845295 130.0
285 15690.0 0.937505 0.988807 0.0 0.939684 1.905119 -14.48274 -0.186909 0.008107 12.845295 130.0
286 15690.0 0.932889 0.987412 0.0 0.937213 1.905119 -14.48274 -0.186909 0.008107 12.845295 130.0
287 15690.0 0.936327 0.998044 0.0 0.942511 1.905119 -14.48274 -0.186909 0.008107 12.845295 130.0
