 time p.x p.y p.z deep.node-0 CV opes.bias opes.rct opes.zed opes.neff opes.nker
0 1055.0 0.689195 0.634589 0.0 0.482456 -0.476403 -2.949674 -0.026234 0.014358 8.642242 44.0
1 1055.0 0.696963 0.635767 0.0 0.489916 -0.476403 -2.949674 -0.026234 0.014358 8.642242 44.0
2 1055.0 0.682854 0.625549 0.0 0.470619 -0.476403 -2.949674 -0.026234 0.014358 8.642242 44.0
3 1055.0 0.672779 0.599806 0.0 0.443714 -0.476403 -2.949674 -0.026234 0.014358 8.642242 44.0
4 1055.0 0.659247 0.592229 0.0 0.426788 -0.476403 -2.949674 -0.026234 0.014358 8.642242 44.0
5 1055.0 0.656219 0.594855 0.0 0.426076 -0.476403 -2.949674 -0.026234 0.014358 8.642242 44.0
6 1055.0 0.636738 0.574019 0.0 0.39499 -0.476403 -2.949674 -0.026234 0.014358 8.642242 44.0
7 1055.0 0.618886 0.576635 0.0 0.381289 -0.476403 -2.949674 -0.026234 0.014358 8.642242 44.0
8 1055.0 0.60732 0.597787 0.0 0.38648 -0.476403 -2.949674 -0.026234 0.014358 8.642242 44.0
9 1055.0 0.632842 0.622197 0.0 0.425604 -0.476403 -2.949674 -0.026234 0.014358 8.642242 44.0
10 1055.0 0.637773 0.632177 0.0 0.436907 -0.476403 -2.949674 -0.026234 0.014358 8.642242 44.0
11 1055.0 0.616033 0.636879 0.0 0.421722 -0.476403 -2.949674 -0.026234 0.014358 8.642242 44.0
12 1055.0 0.632096 0.658843 0.0 0.451042 -0.476403 -2.949674 -0.026234 0.014358 8.642242 44.0
13 1055.0 0.645454 0.663711 0.0 0.465892 -0.476403 -2.949674 -0.026234 0.014358 8.642242 44.0
14 1055.0 0.659619 0.66802 0.0 0.481032 -0.476403 -2.949674 -0.026234 0.014358 8.642242 44.0
15 1055.0 0.68244 0.654437 0.0 0.49082 -0.476403 -2.949674 -0.026234 0.014358 8.642242 44.0
16 1055.0 0.690198 0.620465 0.0 0.473262 -0.476403 -2.949674 -0.026234 0.014358 8.642242 44.0
17 1055.0 0.683342 0.597782 0.0 0.451278 -0.476403 -2.949674 -0.026234 0.014358 8.642242 44.0
18 1055.0 0.667236 0.600344 0.0 0.439372 -0.476403 -2.949674 -0.026234 0.014358 8.642242 44.0
19 1055.0 0.682188 0.588266 0.0 0.443524 -0.476403 -2.949674 -0.026234 0.014358 8.642242 44.0
20 1055.0 0.673507 0.595235 0.0 0.441082 -0.476403 -2.949674 -0.026234 0.014358 8.642242 44.0
21 1055.0 0.672188 0.573799 0.0 0.42587 -0.476403 -2.949674 -0.026234 0.014358 8.642242 44.0
22 1055.0 0.681806 0.557959 0.0 0.425168 -0.476403 -2.949674 -0.026234 0.014358 8.642242 44.0
23 1055.0 0.707888 0.579389 0.0 0.460312 -0.476403 -2.949674 -0.026234 0.014358 8.642242 44.0
24 1055.0 0.705631 0.585712 0.0 0.461977 -0.476403 -2.949674 -0.026234 0.014358 8.642242 44.0
25 1055.0 0.696049 0.59015 0.0 0.456679 -0.476403 -2.949674 -0.026234 0.014358 8.642242 44.0
26 1055.0 0.686696 0.558958 0.0 0.43002 -0.476403 -2.949674 -0.026234 0.014358 8.642242 44.0
27 1055.0 0.674004 0.549314 0.0 0.413369 -0.476403 -2.949674 -0.026234 0.014358 8.642242 44.0
28 1055.0 0.668023 0.545718 0.0 0.406068 -0.476403 -2.949674 -0.026234 0.014358 8.642242 44.0
29 1055.0 0.674748 0.527316 0.0 0.401361 -0.476403 -2.949674 -0.026234 0.014358 8.642242 44.0
30 1055.0 0.653294 0.535968 0.0 0.387574 -0.476403 -2.949674 -0.026234 0.014358 8.642242 44.0
31 1055.0 0.664471 0.53797 0.0 0.398502 -0.476403 -2.949674 -0.026234 0.014358 8.642242 44.0
32 1055.0 0.665196 0.519907 0.0 0.388742 -0.476403 -2.949674 -0.026234 0.014358 8.642242 44.0
33 1055.0 0.658678 0.535082 0.0 0.391774 -0.476403 -2.949674 -0.026234 0.014358 8.642242 44.0
34 1055.0 0.653367 0.555401 0.0 0.398821 -0.476403 -2.949674 -0.026234 0.014358 8.642242 44.0
35 1055.0 0.653541 0.574679 0.0 0.410066 -0.476403 -2.949674 -0.026234 0.014358 8.642242 44.0
36 1055.0 0.626199 0.573493 0.0 0.385469 -0.476403 -2.949674 -0.026234 0.014358 8.642242 44.0
37 1055.0 0.643538 0.569371 0.0 0.398263 -0.476403 -2.949674 -0.026234 0.014358 8.642242 44.0
38 1055.0 0.643021 0.583451 0.0 0.406712 -0.476403 -2.949674 -0.026234 0.014358 8.642242 44.0
39 1055.0 0.635399 0.587016 0.0 0.402752 -0.476403 -2.949674 -0.026234 0.014358 8.642242 44.0
40 1055.0 0.589816 0.575731 0.0 0.355866 -0.476403 -2.949674 -0.026234 0.014358 8.642242 44.0
41 1055.0 0.594497 0.580567 0.0 0.363297 -0.476403 -2.949674 -0.026234 0.014358 8.642242 44.0
42 1055.0 0.59607 0.55442 0.0 0.348141 -0.476403 -2.949674 -0.026234 0.014358 8.642242 44.0
43 1055.0 0.607509 0.518797 0.0 0.337647 -0.476403 -2.949674 -0.026234 0.014358 8.642242 44.0
44 1055.0 0.579996 0.546599 0.0 0.329581 -0.476403 -2.949674 -0.026234 0.014358 8.642242 44.0
45 1055.0 0.571878 0.546073 0.0 0.322179 -0.476403 -2.949674 -0.026234 0.014358 8.642242 44.0
46 1055.0 0.565569 0.56857 0.0 0.330103 -0.476403 -2.949674 -0.026234 0.014358 8.642242 44.0
47 1055.0 0.548929 0.539794 0.0 0.298492 -0.476403 -2.949674 -0.026234 0.014358 8.642242 44.0
48 1055.0 0.574466 0.557568 0.0 0.331057 -0.476403 -2.949674 -0.026234 0.014358 8.642242 44.0
49 1055.0 0.581877 0.563622 0.0 0.341023 -0.476403 -2.949674 -0.026234 0.014358 8.642242 44.0
50 1055.0 0.574935 0.577525 0.0 0.344458 -0.476403 -2.949674 -0.026234 0.014358 8.642242 44.0
51 1055.0 0.600977 0.575616 0.0 0.365298 -0.476403 -2.949674 -0.026234 0.014358 8.642242 44.0
52 1055.0 0.576852 0.571399 0.0 0.341734 -0.476403 -2.949674 -0.026234 0.014358 8.642242 44.0
53 1055.0 0.583056 0.589047 0.0 0.359578 -0.476403 -2.949674 -0.026234 0.014358 8.642242 44.0
54 1055.0 0.559489 0.566086 0.0 0.323153 -0.476403 -2.949674 -0.026234 0.014358 8.642242 44.0
55 1055.0 0.560077 0.590004 0.0 0.340672 -0.476403 -2.949674 -0.026234 0.014358 8.642242 44.0
56 1055.0 0.590115 0.574977 0.0 0.355585 -0.476403 -2.949674 -0.026234 0.014358 8.642242 44.0
57 1055.0 0.602989 0.57825 0.0 0.368888 -0.476403 -2.949674 -0.026234 0.014358 8.642242 44.0
58 1055.0 0.636577 0.580582 0.0 0.399178 -0.476403 -2.949674 -0.026234 0.014358 8.642242 44.0
59 1055.0 0.624691 0.592087 0.0 0.397231 -0.476403 -2.949674 -0.026234 0.014358 8.642242 44.0
60 1055.0 0.637359 0.594553 0.0 0.409785 -0.476403 -2.949674 -0.026234 0.014358 8.642242 44.0
61 1055.0 0.632809 0.619971 0.0 0.423991 -0.476403 -2.949674 -0.026234 0.014358 8.642242 44.0
62 1055.0 0.620709 0.593098 0.0 0.394556 -0.476403 -2.949674 -0.026234 0.014358 8.642242 44.0
63 1055.0 0.636421 0.604977 0.0 0.416402 -0.476403 -2.949674 -0.026234 0.014358 8.642242 44.0
64 1055.0 0.656926 0.597577 0.0 0.428615 -0.476403 -2.949674 -0.026234 0.014358 8.642242 44.0
65 1055.0 0.63328 0.591508 0.0 0.404142 -0.476403 -2.949674 -0.026234 0.014358 8.642242 44.0
66 1055.0 0.630528 0.585039 0.0 0.397192 -0.476403 -2.949674 -0.026234 0.014358 8.642242 44.0
67 1055.0 0.643082 0.605192 0.0 0.422233 -0.476403 -2.949674 -0.026234 0.014358 8.642242 44.0
68 1055.0 0.649663 0.598274 0.0 0.42292 -0.476403 -2.949674 -0.026234 0.014358 8.642242 44.0
69 1055.0 0.661443 0.600169 0.0 0.43431 -0.476403 -2.949674 -0.026234 0.014358 8.642242 44.0
70 1055.0 0.659057 0.590127 0.0 0.425131 -0.476403 -2.949674 -0.026234 0.014358 8.642242 44.0
71 1055.0 0.684561 0.590762 0.0 0.447323 -0.476403 -2.949674 -0.026234 0.014358 8.642242 44.0
72 1055.0 0.695206 0.595619 0.0 0.459852 -0.476403 -2.949674 -0.026234 0.014358 8.642242 44.0
73 1055.0 0.662784 0.585454 0.0 0.424983 -0.476403 -2.949674 -0.026234 0.014358 8.642242 44.0
74 1055.0 0.678852 0.587709 0.0 0.440284 -0.476403 -2.949674 -0.026234 0.014358 8.642242 44.0
75 1055.0 0.673358 0.597833 0.0 0.442804 -0.476403 -2.949674 -0.026234 0.014358 8.642242 44.0
76 1055.0 0.65296 0.597134 0.0 0.424919 -0.476403 -2.949674 -0.026234 0.014358 8.642242 44.0
77 1055.0 0.649719 0.60839 0.0 0.430166 -0.476403 -2.949674 -0.026234 0.014358 8.642242 44.0
78 1055.0 0.628884 0.603477 0.0 0.40891 -0.476403 -2.949674 -0.026234 0.014358 8.642242 44.0
79 1055.0 0.606374 0.5926 0.0 0.381984 -0.476403 -2.949674 -0.026234 0.014358 8.642242 44.0
80 1055.0 0.605541 0.577011 0.0 0.370182 -0.476403 -2.949674 -0.026234 0.014358 8.642242 44.0
81 1055.0 0.605896 0.569732 0.0 0.365547 -0.476403 -2.949674 -0.026234 0.014358 8.642242 44.0
82 1055.0 0.574558 0.579912 0.0 0.345835 -0.476403 -2.949674 -0.026234 0.014358 8.642242 44.0
83 1055.0 0.590854 0.566115 0.0 0.350309 -0.476403 -2.949674 -0.026234 0.014358 8.642242 44.0
84 1055.0 0.570856 0.545935 0.0 0.321204 -0.476403 -2.949674 -0.026234 0.014358 8.642242 44.0
85 1055.0 0.585172 0.55594 0.0 0.339484 -0.476403 -2.949674 -0.026234 0.014358 8.642242 44.0
86 1055.0 0.591923 0.542853 0.0 0.337858 -0.476403 -2.949674 -0.026234 0.014358 8.642242 44.0
87 1055.0 0.576796 0.558808 0.0 0.333808 -0.476403 -2.949674 -0.026234 0.014358 8.642242 44.0
88 1055.0 0.558145 0.5645 0.0 0.320879 -0.476403 -2.949674 -0.026234 0.014358 8.642242 44.0
89 1055.0 0.551959 0.561889 0.0 0.313857 -0.476403 -2.949674 -0.026234 0.014358 8.642242 44.0
90 1055.0 0.564226 0.569765 0.0 0.329808 -0.476403 -2.949674 -0.026234 0.014358 8.642242 44.0
91 1055.0 0.578367 0.602657 0.0 0.365265 -0.476403 -2.949674 -0.026234 0.014358 8.642242 44.0
92 1055.0 0.568947 0.596736 0.0 0.353023 -0.476403 -2.949674 -0.026234 0.014358 8.642242 44.0
93 1055.0 0.577312 0.607778 0.0 0.36801 -0.476403 -2.949674 -0.026234 0.014358 8.642242 44.0
94 1055.0 0.600145 0.581379 0.0 0.36869 -0.476403 -2.949674 -0.026234 0.014358 8.642242 44.0
95 1055.0 0.563935 0.603514 0.0 0.353574 -0.476403 -2.949674 -0.026234 0.014358 8.642242 44.0
96 1055.0 0.572198 0.59291 0.0 0.353072 -0.476403 -2.949674 -0.026234 0.014358 8.642242 44.0
97 1055.0 0.57401 0.595881 0.0 0.35673 -0.476403 -2.949674 -0.026234 0.014358 8.642242 44.0
98 1055.0 0.592789 0.615562 0.0 0.386741 -0.476403 -2.949674 -0.026234 0.014358 8.642242 44.0
99 1055.0 0.576473 0.653649 0.0 0.399932 -0.476403 -2.949674 -0.026234 0.014358 8.642242 44.0
100 1055.0 0.579536 0.63461 0.0 0.388997 -0.476403 -2.949674 -0.026234 0.014358 8.642242 44.0
101 1055.0 0.586551 0.638352 0.0 0.397639 -0.476403 -2.949674 -0.026234 0.014358 8.642242 44.0
102 1055.0 0.587249 0.62566 0.0 0.389203 -0.476403 -2.949674 -0.026234 0.014358 8.642242 44.0
103 1055.0 0.56602 0.622962 0.0 0.369188 -0.476403 -2.949674 -0.026234 0.014358 8.642242 44.0
104 1055.0 0.577605 0.627473 0.0 0.382273 -0.476403 -2.949674 -0.026234 0.014358 8.642242 44.0
105 1055.0 0.604552 0.648477 0.0 0.420187 -0.476403 -2.949674 -0.026234 0.014358 8.642242 44.0
106 1055.0 0.605435 0.613059 0.0 0.39574 -0.476403 -2.949674 -0.026234 0.014358 8.642242 44.0
107 1055.0 0.616378 0.612498 0.0 0.404669 -0.476403 -2.949674 -0.026234 0.014358 8.642242 44.0
108 1055.0 0.614868 0.61498 0.0 0.405147 -0.476403 -2.949674 -0.026234 0.014358 8.642242 44.0
109 1055.0 0.609155 0.601765 0.0 0.390875 -0.476403 -2.949674 -0.026234 0.014358 8.642242 44.0
110 1055.0 0.595956 0.596598 0.0 0.375947 -0.476403 -2.949674 -0.026234 0.014358 8.642242 44.0
111 1055.0 0.580192 0.601307 0.0 0.36586 -0.476403 -2.949674 -0.026234 0.014358 8.642242 44.0
112 1055.0 0.564096 0.607521 0.0 0.356562 -0.476403 -2.949674 -0.026234 0.014358 8.642242 44.0
113 1055.0 0.563302 0.605449 0.0 0.354411 -0.476403 -2.949674 -0.026234 0.014358 8.642242 44.0
114 1055.0 0.566169 0.592322 0.0 0.347514 -0.476403 -2.949674 -0.026234 0.014358 8.642242 44.0
115 1055.0 0.572514 0.551435 0.0 0.32582 -0.476403 -2.949674 -0.026234 0.014358 8.642242 44.0
116 1055.0 0.550931 0.569385 0.0 0.318206 -0.476403 -2.949674 -0.026234 0.014358 8.642242 44.0
117 1055.0 0.527641 0.574143 0.0 0.301738 -0.476403 -2.949674 -0.026234 0.014358 8.642242 44.0
118 1055.0 0.5526 0.568896 0.0 0.31928 -0.476403 -2.949674 -0.026234 0.014358 8.642242 44.0
119 1055.0 0.55398 0.582184 0.0 0.329911 -0.476403 -2.949674 -0.026234 0.014358 8.642242 44.0
120 1055.0 0.550341 0.556037 0.0 0.309075 -0.476403 -2.949674 -0.026234 0.014358 8.642242 44.0
121 1055.0 0.528306 0.566839 0.0 0.297108 -0.476403 -2.949674 -0.026234 0.014358 8.642242 44.0
122 1055.0 0.524416 0.569127 0.0 0.29542 -0.476403 -2.949674 -0.026234 0.014358 8.642242 44.0
123 1055.0 0.542798 0.572085 0.0 0.313194 -0.476403 -2.949674 -0.026234 0.014358 8.642242 44.0
124 1055.0 0.570746 0.576678 0.0 0.340285 -0.476403 -2.949674 -0.026234 0.014358 8.642242 44.0
125 1055.0 0.543309 0.578782 0.0 0.318394 -0.476403 -2.949674 -0.026234 0.014358 8.642242 44.0
126 1055.0 0.52875 0.585442 0.0 0.310723 -0.476403 -2.949674 -0.026234 0.014358 8.642242 44.0
127 1055.0 0.549611 0.583965 0.0 0.327454 -0.476403 -2.949674 -0.026234 0.014358 8.642242 44.0
128 1055.0 0.559024 0.556426 0.0 0.316893 -0.476403 -2.949674 -0.026234 0.014358 8.642242 44.0
129 1055.0 0.569951 0.551243 0.0 0.323468 -0.476403 -2.949674 -0.026234 0.014358 8.642242 44.0
130 1055.0 0.561971 0.562831 0.0 0.323156 -0.476403 -2.949674 -0.026234 0.014358 8.642242 44.0
131 1055.0 0.565433 0.57711 0.0 0.336063 -0.476403 -2.949674 -0.026234 0.014358 8.642242 44.0
132 1055.0 0.570112 0.586362 0.0 0.346635 -0.476403 -2.949674 -0.026234 0.014358 8.642242 44.0
133 1055.0 0.564494 0.580921 0.0 0.337974 -0.476403 -2.949674 -0.026234 0.014358 8.642242 44.0
134 1055.0 0.544924 0.578368 0.0 0.319476 -0.476403 -2.949674 -0.026234 0.014358 8.642242 44.0
135 1055.0 0.563288 0.553466 0.0 0.318919 -0.476403 -2.949674 -0.026234 0.014358 8.642242 44.0
136 1055.0 0.556259 0.553333 0.0 0.312694 -0.476403 -2.949674 -0.026234 0.014358 8.642242 44.0
137 1055.0 0.557379 0.549557 0.0 0.311502 -0.476403 -2.949674 -0.026234 0.014358 8.642242 44.0
138 1055.0 0.580361 0.51412 0.0 0.31121 -0.476403 -2.949674 -0.026234 0.014358 8.642242 44.0
139 1055.0 0.573068 0.528469 0.0 0.313089 -0.476403 -2.949674 -0.026234 0.014358 8.642242 44.0
140 1055.0 0.550908 0.536152 0.0 0.298128 -0.476403 -2.949674 -0.026234 0.014358 8.642242 44.0
141 1055.0 0.538517 0.554771 0.0 0.298004 -0.476403 -2.949674 -0.026234 0.014358 8.642242 44.0
142 1055.0 0.533503 0.576994 0.0 0.308763 -0.476403 -2.949674 -0.026234 0.014358 8.642242 44.0
143 1055.0 0.527058 0.5774 0.0 0.303558 -0.476403 -2.949674 -0.026234 0.014358 8.642242 44.0
144 1055.0 0.516421 0.571236 0.0 0.290106 -0.476403 -2.949674 -0.026234 0.014358 8.642242 44.0
145 1055.0 0.507477 0.576002 0.0 0.285873 -0.476403 -2.949674 -0.026234 0.014358 8.642242 44.0
146 1055.0 0.503299 0.550001 0.0 0.264455 -0.476403 -2.949674 -0.026234 0.014358 8.642242 44.0
147 1055.0 0.483678 0.528344 0.0 0.234831 -0.476403 -2.949674 -0.026234 0.014358 8.642242 44.0
148 1055.0 0.486686 0.547809 0.0 0.248663 -0.476403 -2.949674 -0.026234 0.014358 8.642242 44.0
149 1055.0 0.467784 0.545775 0.0 0.230959 -0.476403 -2.949674 -0.026234 0.014358 8.642242 44.0
150 1055.0 0.464703 0.547551 0.0 0.229287 -0.476403 -2.949674 -0.026234 0.014358 8.642242 44.0
151 1055.0 0.496126 0.541856 0.0 0.253494 -0.476403 -2.949674 -0.026234 0.014358 8.642242 44.0
152 1055.0 0.482987 0.544861 0.0 0.243731 -0.476403 -2.949674 -0.026234 0.014358 8.642242 44.0
153 1055.0 0.503797 0.529714 0.0 0.253217 -0.476403 -2.949674 -0.026234 0.014358 8.642242 44.0
154 1055.0 0.491629 0.533907 0.0 0.244987 -0.476403 -2.949674 -0.026234 0.014358 8.642242 44.0
155 1055.0 0.446208 0.533935 0.0 0.205275 -0.476403 -2.949674 -0.026234 0.014358 8.642242 44.0
156 1055.0 0.465555 0.541321 0.0 0.226447 -0.476403 -2.949674 -0.026234 0.014358 8.642242 44.0
157 1055.0 0.46232 0.541613 0.0 0.223785 -0.476403 -2.949674 -0.026234 0.014358 8.642242 44.0
158 1055.0 0.471383 0.521913 0.0 0.220447 -0.476403 -2.949674 -0.026234 0.014358 8.642242 44.0
159 1055.0 0.47252 0.531627 0.0 0.22696 -0.476403 -2.949674 -0.026234 0.014358 8.642242 44.0
160 1055.0 0.459656 0.519464 0.0 0.208845 -0.476403 -2.949674 -0.026234 0.014358 8.642242 44.0
161 1055.0 0.467421 0.521959 0.0 0.217017 -0.476403 -2.949674 -0.026234 0.014358 8.642242 44.0
162 1055.0 0.466667 0.525799 0.0 0.218516 -0.476403 -2.949674 -0.026234 0.014358 8.642242 44.0
163 1055.0 0.46125 0.530875 0.0 0.216671 -0.476403 -2.949674 -0.026234 0.014358 8.642242 44.0
164 1055.0 0.459718 0.523849 0.0 0.211361 -0.476403 -2.949674 -0.026234 0.014358 8.642242 44.0
165 1055.0 0.427637 0.533975 0.0 0.189076 -0.476403 -2.949674 -0.026234 0.014358 8.642242 44.0
166 1055.0 0.406398 0.51445 0.0 0.165388 -0.476403 -2.949674 -0.026234 0.014358 8.642242 44.0
167 1055.0 0.415559 0.55231 0.0 0.190664 -0.476403 -2.949674 -0.026234 0.014358 8.642242 44.0
168 1055.0 0.408171 0.5577 0.0 0.188202 -0.476403 -2.949674 -0.026234 0.014358 8.642242 44.0
169 1055.0 0.387125 0.546182 0.0 0.165408 -0.476403 -2.949674 -0.026234 0.014358 8.642242 44.0
170 1055.0 0.390446 0.551835 0.0 0.170948 -0.476403 -2.949674 -0.026234 0.014358 8.642242 44.0
171 1055.0 0.398982 0.526197 0.0 0.164641 -0.476403 -2.949674 -0.026234 0.014358 8.642242 44.0
172 1055.0 0.412796 0.541125 0.0 0.18116 -0.476403 -2.949674 -0.026234 0.014358 8.642242 44.0
173 1055.0 0.401644 0.524852 0.0 0.166074 -0.476403 -2.949674 -0.026234 0.014358 8.642242 44.0
174 1055.0 0.406168 0.500861 0.0 0.15971 -0.476403 -2.949674 -0.026234 0.014358 8.642242 44.0
175 1055.0 0.394813 0.491654 0.0 0.147545 -0.476403 -2.949674 -0.026234 0.014358 8.642242 44.0
176 1055.0 0.420643 0.507049 0.0 0.172968 -0.476403 -2.949674 -0.026234 0.014358 8.642242 44.0
177 1055.0 0.435452 0.508657 0.0 0.184619 -0.476403 -2.949674 -0.026234 0.014358 8.642242 44.0
178 1055.0 0.430806 0.497207 0.0 0.176528 -0.476403 -2.949674 -0.026234 0.014358 8.642242 44.0
179 1055.0 0.417887 0.510989 0.0 0.172518 -0.476403 -2.949674 -0.026234 0.014358 8.642242 44.0
180 1055.0 0.417299 0.511651 0.0 0.17235 -0.476403 -2.949674 -0.026234 0.014358 8.642242 44.0
181 1055.0 0.436384 0.548936 0.0 0.206016 -0.476403 -2.949674 -0.026234 0.014358 8.642242 44.0
182 1055.0 0.438045 0.555978 0.0 0.212441 -0.476403 -2.949674 -0.026234 0.014358 8.642242 44.0
183 1055.0 0.417677 0.549799 0.0 0.190683 -0.476403 -2.949674 -0.026234 0.014358 8.642242 44.0
184 1055.0 0.409586 0.533496 0.0 0.175475 -0.476403 -2.949674 -0.026234 0.014358 8.642242 44.0
185 1055.0 0.401086 0.550946 0.0 0.178148 -0.476403 -2.949674 -0.026234 0.014358 8.642242 44.0
186 1055.0 0.39881 0.548898 0.0 0.175365 -0.476403 -2.949674 -0.026234 0.014358 8.642242 44.0
187 1055.0 0.379091 0.562595 0.0 0.168714 -0.476403 -2.949674 -0.026234 0.014358 8.642242 44.0
188 1055.0 0.411952 0.525518 0.0 0.173999 -0.476403 -2.949674 -0.026234 0.014358 8.642242 44.0
189 1055.0 0.421376 0.512283 0.0 0.175634 -0.476403 -2.949674 -0.026234 0.014358 8.642242 44.0
190 1055.0 0.407768 0.508287 0.0 0.163908 -0.476403 -2.949674 -0.026234 0.014358 8.642242 44.0
191 1055.0 0.40405 0.502229 0.0 0.158691 -0.476403 -2.949674 -0.026234 0.014358 8.642242 44.0
192 1055.0 0.421533 0.496081 0.0 0.169184 -0.476403 -2.949674 -0.026234 0.014358 8.642242 44.0
193 1055.0 0.404602 0.523217 0.0 0.167608 -0.476403 -2.949674 -0.026234 0.014358 8.642242 44.0
194 1055.0 0.411505 0.535934 0.0 0.177889 -0.476403 -2.949674 -0.026234 0.014358 8.642242 44.0
195 1055.0 0.427648 0.517101 0.0 0.182245 -0.476403 -2.949674 -0.026234 0.014358 8.642242 44.0
196 1055.0 0.420761 0.527236 0.0 0.181238 -0.476403 -2.949674 -0.026234 0.014358 8.642242 44.0
197 1055.0 0.423423 0.539366 0.0 0.188471 -0.476403 -2.949674 -0.026234 0.014358 8.642242 44.0
198 1055.0 0.422971 0.552207 0.0 0.19691 -0.476403 -2.949674 -0.026234 0.014358 8.642242 44.0
199 1055.0 0.397226 0.548877 0.0 0.174208 -0.476403 -2.949674 -0.026234 0.014358 8.642242 44.0
200 1055.0 0.401529 0.534968 0.0 0.170088 -0.476403 -2.949674 -0.026234 0.014358 8.642242 44.0
201 1055.0 0.393421 0.532317 0.0 0.162992 -0.476403 -2.949674 -0.026234 0.014358 8.642242 44.0
202 1055.0 0.376522 0.547323 0.0 0.158375 -0.476403 -2.949674 -0.026234 0.014358 8.642242 44.0
203 1055.0 0.342886 0.536937 0.0 0.128481 -0.476403 -2.949674 -0.026234 0.014358 8.642242 44.0
204 1055.0 0.350073 0.531793 0.0 0.130874 -0.476403 -2.949674 -0.026234 0.014358 8.642242 44.0
205 1055.0 0.337316 0.546211 0.0 0.129489 -0.476403 -2.949674 -0.026234 0.014358 8.642242 44.0
206 1055.0 0.341081 0.549135 0.0 0.133784 -0.476403 -2.949674 -0.026234 0.014358 8.642242 44.0
207 1055.0 0.326881 0.549165 0.0 0.12357 -0.476403 -2.949674 -0.026234 0.014358 8.642242 44.0
208 1055.0 0.321303 0.542931 0.0 0.116177 -0.476403 -2.949674 -0.026234 0.014358 8.642242 44.0
209 1055.0 0.302278 0.534111 0.0 0.097695 -0.476403 -2.949674 -0.026234 0.014358 8.642242 44.0
210 1055.0 0.275124 0.532892 0.0 0.077472 -0.476403 -2.949674 -0.026234 0.014358 8.642242 44.0
211 1055.0 0.259211 0.556547 0.0 0.078813 -0.476403 -2.949674 -0.026234 0.014358 8.642242 44.0
212 1055.0 0.283567 0.542459 0.0 0.088734 -0.476403 -2.949674 -0.026234 0.014358 8.642242 44.0
213 1055.0 0.293136 0.554104 0.0 0.101932 -0.476403 -2.949674 -0.026234 0.014358 8.642242 44.0
214 1055.0 0.265255 0.556817 0.0 0.083314 -0.476403 -2.949674 -0.026234 0.014358 8.642242 44.0
215 1055.0 0.266838 0.548783 0.0 0.080105 -0.476403 -2.949674 -0.026234 0.014358 8.642242 44.0
216 1055.0 0.264028 0.54157 0.0 0.074176 -0.476403 -2.949674 -0.026234 0.014358 8.642242 44.0
217 1055.0 0.266372 0.543446 0.0 0.07688 -0.476403 -2.949674 -0.026234 0.014358 8.642242 44.0
218 1055.0 0.266806 0.530651 0.0 0.070266 -0.476403 -2.949674 -0.026234 0.014358 8.642242 44.0
219 1055.0 0.265453 0.562904 0.0 0.086752 -0.476403 -2.949674 -0.026234 0.014358 8.642242 44.0
220 1055.0 0.264589 0.546238 0.0 0.077107 -0.476403 -2.949674 -0.026234 0.014358 8.642242 44.0
221 1055.0 0.279506 0.542312 0.0 0.085728 -0.476403 -2.949674 -0.026234 0.014358 8.642242 44.0
222 1055.0 0.270389 0.529214 0.0 0.072069 -0.476403 -2.949674 -0.026234 0.014358 8.642242 44.0
223 1055.0 0.260218 0.529515 0.0 0.064905 -0.476403 -2.949674 -0.026234 0.014358 8.642242 44.0
224 1055.0 0.274749 0.539331 0.0 0.080688 -0.476403 -2.949674 -0.026234 0.014358 8.642242 44.0
225 1055.0 0.270022 0.543571 0.0 0.079578 -0.476403 -2.949674 -0.026234 0.014358 8.642242 44.0
226 1055.0 0.269907 0.551482 0.0 0.083777 -0.476403 -2.949674 -0.026234 0.014358 8.642242 44.0
227 1055.0 0.287996 0.555896 0.0 0.099199 -0.476403 -2.949674 -0.026234 0.014358 8.642242 44.0
228 1055.0 0.296545 0.546404 0.0 0.100219 -0.476403 -2.949674 -0.026234 0.014358 8.642242 44.0
229 1055.0 0.314146 0.549402 0.0 0.114524 -0.476403 -2.949674 -0.026234 0.014358 8.642242 44.0
230 1055.0 0.310996 0.533176 0.0 0.103469 -0.476403 -2.949674 -0.026234 0.014358 8.642242 44.0
231 1055.0 0.313536 0.519437 0.0 0.098441 -0.476403 -2.949674 -0.026234 0.014358 8.642242 44.0
232 1055.0 0.314174 0.525316 0.0 0.101504 -0.476403 -2.949674 -0.026234 0.014358 8.642242 44.0
233 1055.0 0.341054 0.512698 0.0 0.116147 -0.476403 -2.949674 -0.026234 0.014358 8.642242 44.0
234 1055.0 0.310411 0.52509 0.0 0.098671 -0.476403 -2.949674 -0.026234 0.014358 8.642242 44.0
235 1055.0 0.300299 0.496225 0.0 0.079202 -0.476403 -2.949674 -0.026234 0.014358 8.642242 44.0
236 1055.0 0.286586 0.486235 0.0 0.064968 -0.476403 -2.949674 -0.026234 0.014358 8.642242 44.0
237 1055.0 0.29682 0.501822 0.0 0.078886 -0.476403 -2.949674 -0.026234 0.014358 8.642242 44.0
238 1055.0 0.290594 0.495485 0.0 0.071694 -0.476403 -2.949674 -0.026234 0.014358 8.642242 44.0
239 1055.0 0.290046 0.510106 0.0 0.077212 -0.476403 -2.949674 -0.026234 0.014358 8.642242 44.0
240 1055.0 0.254422 0.515642 0.0 0.053219 -0.476403 -2.949674 -0.026234 0.014358 8.642242 44.0
241 1055.0 0.280625 0.505448 0.0 0.068328 -0.476403 -2.949674 -0.026234 0.014358 8.642242 44.0
242 1055.0 0.30767 0.541929 0.0 0.105812 -0.476403 -2.949674 -0.026234 0.014358 8.642242 44.0
243 1055.0 0.290973 0.550882 0.0 0.098629 -0.476403 -2.949674 -0.026234 0.014358 8.642242 44.0
244 1055.0 0.258562 0.527658 0.0 0.062707 -0.476403 -2.949674 -0.026234 0.014358 8.642242 44.0
245 1055.0 0.270321 0.519959 0.0 0.06701 -0.476403 -2.949674 -0.026234 0.014358 8.642242 44.0
246 1055.0 0.257942 0.517594 0.0 0.056811 -0.476403 -2.949674 -0.026234 0.014358 8.642242 44.0
247 1055.0 0.258927 0.509739 0.0 0.053952 -0.476403 -2.949674 -0.026234 0.014358 8.642242 44.0
248 1055.0 0.256066 0.497107 0.0 0.046708 -0.476403 -2.949674 -0.026234 0.014358 8.642242 44.0
249 1055.0 0.26189 0.496113 0.0 0.05063 -0.476403 -2.949674 -0.026234 0.014358 8.642242 44.0
250 1055.0 0.270484 0.48457 0.0 0.052334 -0.476403 -2.949674 -0.026234 0.014358 8.642242 44.0
251 1055.0 0.235415 0.463647 0.0 0.025767 -0.476403 -2.949674 -0.026234 0.014358 8.642242 44.0
252 1055.0 0.229805 0.462142 0.0 0.024903 -0.476403 -2.949674 -0.026234 0.014358 8.642242 44.0
253 1055.0 0.229873 0.455994 0.0 0.025555 -0.476403 -2.949674 -0.026234 0.014358 8.642242 44.0
254 1055.0 0.22884 0.476627 0.0 0.02322 -0.476403 -2.949674 -0.026234 0.014358 8.642242 44.0
255 1055.0 0.205489 0.485117 0.0 0.018087 -0.476403 -2.949674 -0.026234 0.014358 8.642242 44.0
256 1055.0 0.212484 0.509548 0.0 0.019705 -0.476403 -2.949674 -0.026234 0.014358 8.642242 44.0
257 1055.0 0.171783 0.494701 0.0 0.010957 -0.476403 -2.949674 -0.026234 0.014358 8.642242 44.0
258 1055.0 0.162125 0.512011 0.0 0.009178 -0.476403 -2.949674 -0.026234 0.014358 8.642242 44.0
259 1055.0 0.157171 0.551236 0.0 0.009641 -0.476403 -2.949674 -0.026234 0.014358 8.642242 44.0
260 1055.0 0.169489 0.510767 0.0 0.010314 -0.476403 -2.949674 -0.026234 0.014358 8.642242 44.0
261 1055.0 0.152989 0.516437 0.0 0.00786 -0.476403 -2.949674 -0.026234 0.014358 8.642242 44.0
262 1055.0 0.167781 0.530566 0.0 0.010675 -0.476403 -2.949674 -0.026234 0.014358 8.642242 44.0
263 1055.0 0.156739 0.517924 0.0 0.008507 -0.476403 -2.949674 -0.026234 0.014358 8.642242 44.0
264 1055.0 0.173716 0.547173 0.0 0.012154 -0.476403 -2.949674 -0.026234 0.014358 8.642242 44.0
265 1055.0 0.162775 0.544168 0.0 0.01031 -0.476403 -2.949674 -0.026234 0.014358 8.642242 44.0
266 1055.0 0.160478 0.562815 0.0 0.011075 -0.476403 -2.949674 -0.026234 0.014358 8.642242 44.0
267 1055.0 0.178872 0.560767 0.0 0.023218 -0.476403 -2.949674 -0.026234 0.014358 8.642242 44.0
268 1055.0 0.16369 0.550149 0.0 0.010648 -0.476403 -2.949674 -0.026234 0.014358 8.642242 44.0
269 1055.0 0.169282 0.539117 0.0 0.011188 -0.476403 -2.949674 -0.026234 0.014358 8.642242 44.0
270 1055.0 0.149036 0.515505 0.0 0.007199 -0.476403 -2.949674 -0.026234 0.014358 8.642242 44.0
271 1055.0 0.159414 0.516074 0.0 0.008875 -0.476403 -2.949674 -0.026234 0.014358 8.642242 44.0
272 1055.0 0.145356 0.515542 0.0 0.006613 -0.476403 -2.949674 -0.026234 0.014358 8.642242 44.0
273 1055.0 0.158065 0.517569 0.0 0.008707 -0.476403 -2.949674 -0.026234 0.014358 8.642242 44.0
274 1055.0 0.139234 0.52844 0.0 0.006047 -0.476403 -2.949674 -0.026234 0.014358 8.642242 44.0
275 1055.0 0.137589 0.514537 0.0 0.00534 -0.476403 -2.949674 -0.026234 0.014358 8.642242 44.0
276 1055.0 0.128508 0.513549 0.0 0.003858 -0.476403 -2.949674 -0.026234 0.014358 8.642242 44.0
277 1055.0 0.107276 0.525898 0.0 0.000862 -0.476403 -2.949674 -0.026234 0.014358 8.642242 44.0
278 1055.0 0.10105 0.514774 0.0 0.000634 -0.476403 -2.949674 -0.026234 0.014358 8.642242 44.0
279 1055.0 0.080771 0.507984 0.0 0.003141 -0.476403 -2.949674 -0.026234 0.014358 8.642242 44.0
280 1055.0 0.058528 0.505798 0.0 0.004273 -0.476403 -2.949674 -0.026234 0.014358 8.642242 44.0
281 1055.0 0.076191 0.485508 0.0 0.010144 -0.476403 -2.949674 -0.026234 0.014358 8.642242 44.0
282 1055.0 0.078239 0.493704 0.0 0.007582 -0.476403 -2.949674 -0.026234 0.014358 8.642242 44.0
283 1055.0 0.068115 0.4956 0.0 0.007209 -0.476403 -2.949674 -0.026234 0.014358 8.642242 44.0
284 1055.0 0.045425 0.490297 0.0 0.009377 -0.476403 -2.949674 -0.026234 0.014358 8.642242 44.0
285 1055.0 0.073387 0.494996 0.0 0.007286 -0.476403 -2.949674 -0.026234 0.014358 8.642242 44.0
286 1055.0 0.077908 0.485524 0.0 0.010103 -0.476403 -2.949674 -0.026234 0.014358 8.642242 44.0
287 1055.0 0.071249 0.49915 0.0 0.006053 -0.476403 -2.949674 -0.026234 0.014358 8.642242 44.0
