 time p.x p.y p.z deep.node-0 CV opes.bias opes.rct opes.zed opes.neff opes.nker
0 12775.0 -0.746577 1.230043 0.0 -0.908365 1.832045 -15.609556 -0.166297 0.008499 12.845295 124.0
1 12775.0 -0.768051 1.24609 0.0 -0.923282 1.832045 -15.609556 -0.166297 0.008499 12.845295 124.0
2 12775.0 -0.776997 1.256806 0.0 -0.931813 1.832045 -15.609556 -0.166297 0.008499 12.845295 124.0
3 12775.0 -0.766606 1.240914 0.0 -0.919924 1.832045 -15.609556 -0.166297 0.008499 12.845295 124.0
4 12775.0 -0.77076 1.220514 0.0 -0.909299 1.832045 -15.609556 -0.166297 0.008499 12.845295 124.0
5 12775.0 -0.754982 1.2191 0.0 -0.904303 1.832045 -15.609556 -0.166297 0.008499 12.845295 124.0
6 12775.0 -0.769323 1.231719 0.0 -0.915359 1.832045 -15.609556 -0.166297 0.008499 12.845295 124.0
7 12775.0 -0.764551 1.221344 0.0 -0.90813 1.832045 -15.609556 -0.166297 0.008499 12.845295 124.0
8 12775.0 -0.784476 1.213471 0.0 -0.908887 1.832045 -15.609556 -0.166297 0.008499 12.845295 124.0
9 12775.0 -0.804378 1.225907 0.0 -0.921312 1.832045 -15.609556 -0.166297 0.008499 12.845295 124.0
10 12775.0 -0.782079 1.193225 0.0 -0.89648 1.832045 -15.609556 -0.166297 0.008499 12.845295 124.0
11 12775.0 -0.788967 1.213143 0.0 -0.909889 1.832045 -15.609556 -0.166297 0.008499 12.845295 124.0
12 12775.0 -0.790663 1.207266 0.0 -0.906961 1.832045 -15.609556 -0.166297 0.008499 12.845295 124.0
13 12775.0 -0.794516 1.188096 0.0 -0.896821 1.832045 -15.609556 -0.166297 0.008499 12.845295 124.0
14 12775.0 -0.809205 1.177709 0.0 -0.894677 1.832045 -15.609556 -0.166297 0.008499 12.845295 124.0
15 12775.0 -0.813806 1.200283 0.0 -0.909082 1.832045 -15.609556 -0.166297 0.008499 12.845295 124.0
16 12775.0 -0.806069 1.184246 0.0 -0.897676 1.832045 -15.609556 -0.166297 0.008499 12.845295 124.0
17 12775.0 -0.820291 1.186391 0.0 -0.90278 1.832045 -15.609556 -0.166297 0.008499 12.845295 124.0
18 12775.0 -0.825732 1.166416 0.0 -0.892497 1.832045 -15.609556 -0.166297 0.008499 12.845295 124.0
19 12775.0 -0.82464 1.176534 0.0 -0.898155 1.832045 -15.609556 -0.166297 0.008499 12.845295 124.0
20 12775.0 -0.862613 1.159394 0.0 -0.898328 1.832045 -15.609556 -0.166297 0.008499 12.845295 124.0
21 12775.0 -0.840459 1.146994 0.0 -0.885047 1.832045 -15.609556 -0.166297 0.008499 12.845295 124.0
22 12775.0 -0.83794 1.101638 0.0 -0.857678 1.832045 -15.609556 -0.166297 0.008499 12.845295 124.0
23 12775.0 -0.85548 1.1082 0.0 -0.866277 1.832045 -15.609556 -0.166297 0.008499 12.845295 124.0
24 12775.0 -0.901359 1.094192 0.0 -0.870428 1.832045 -15.609556 -0.166297 0.008499 12.845295 124.0
25 12775.0 -0.928822 1.105339 0.0 -0.884406 1.832045 -15.609556 -0.166297 0.008499 12.845295 124.0
26 12775.0 -0.939461 1.080466 0.0 -0.872644 1.832045 -15.609556 -0.166297 0.008499 12.845295 124.0
27 12775.0 -0.915962 1.067697 0.0 -0.858783 1.832045 -15.609556 -0.166297 0.008499 12.845295 124.0
28 12775.0 -0.91761 1.064041 0.0 -0.857077 1.832045 -15.609556 -0.166297 0.008499 12.845295 124.0
29 12775.0 -0.921624 1.045745 0.0 -0.847395 1.832045 -15.609556 -0.166297 0.008499 12.845295 124.0
30 12775.0 -0.94481 1.038615 0.0 -0.849463 1.832045 -15.609556 -0.166297 0.008499 12.845295 124.0
31 12775.0 -0.972466 1.026996 0.0 -0.850138 1.832045 -15.609556 -0.166297 0.008499 12.845295 124.0
32 12775.0 -0.957091 1.009548 0.0 -0.835783 1.832045 -15.609556 -0.166297 0.008499 12.845295 124.0
33 12775.0 -0.954289 0.97369 0.0 -0.814015 1.832045 -15.609556 -0.166297 0.008499 12.845295 124.0
34 12775.0 -0.940582 0.93703 0.0 -0.786229 1.832045 -15.609556 -0.166297 0.008499 12.845295 124.0
35 12775.0 -0.941661 0.925601 0.0 -0.776865 1.832045 -15.609556 -0.166297 0.008499 12.845295 124.0
36 12775.0 -0.93136 0.911382 0.0 -0.761634 1.832045 -15.609556 -0.166297 0.008499 12.845295 124.0
37 12775.0 -0.934704 0.917045 0.0 -0.767466 1.832045 -15.609556 -0.166297 0.008499 12.845295 124.0
38 12775.0 -0.911759 0.901525 0.0 -0.747236 1.832045 -15.609556 -0.166297 0.008499 12.845295 124.0
39 12775.0 -0.895526 0.877484 0.0 -0.720796 1.832045 -15.609556 -0.166297 0.008499 12.845295 124.0
40 12775.0 -0.891604 0.842669 0.0 -0.689112 1.832045 -15.609556 -0.166297 0.008499 12.845295 124.0
41 12775.0 -0.894059 0.785166 0.0 -0.639793 1.832045 -15.609556 -0.166297 0.008499 12.845295 124.0
42 12775.0 -0.880323 0.759822 0.0 -0.613114 1.832045 -15.609556 -0.166297 0.008499 12.845295 124.0
43 12775.0 -0.869445 0.74576 0.0 -0.597217 1.832045 -15.609556 -0.166297 0.008499 12.845295 124.0
44 12775.0 -0.853007 0.739407 0.0 -0.586144 1.832045 -15.609556 -0.166297 0.008499 12.845295 124.0
45 12775.0 -0.867041 0.741425 0.0 -0.592637 1.832045 -15.609556 -0.166297 0.008499 12.845295 124.0
46 12775.0 -0.853987 0.726539 0.0 -0.57529 1.832045 -15.609556 -0.166297 0.008499 12.845295 124.0
47 12775.0 -0.83842 0.704069 0.0 -0.546154 1.832045 -15.609556 -0.166297 0.008499 12.845295 124.0
48 12775.0 -0.828791 0.708172 0.0 -0.546979 1.832045 -15.609556 -0.166297 0.008499 12.845295 124.0
49 12775.0 -0.828637 0.711129 0.0 -0.550168 1.832045 -15.609556 -0.166297 0.008499 12.845295 124.0
50 12775.0 -0.789485 0.726633 0.0 -0.552137 1.832045 -15.609556 -0.166297 0.008499 12.845295 124.0
51 12775.0 -0.770165 0.721519 0.0 -0.538425 1.832045 -15.609556 -0.166297 0.008499 12.845295 124.0
52 12775.0 -0.754238 0.709768 0.0 -0.518696 1.832045 -15.609556 -0.166297 0.008499 12.845295 124.0
53 12775.0 -0.707005 0.719507 0.0 -0.510042 1.832045 -15.609556 -0.166297 0.008499 12.845295 124.0
54 12775.0 -0.693036 0.703387 0.0 -0.486237 1.832045 -15.609556 -0.166297 0.008499 12.845295 124.0
55 12775.0 -0.686819 0.703592 0.0 -0.483894 1.832045 -15.609556 -0.166297 0.008499 12.845295 124.0
56 12775.0 -0.675693 0.719872 0.0 -0.497494 1.832045 -15.609556 -0.166297 0.008499 12.845295 124.0
57 12775.0 -0.673246 0.70076 0.0 -0.475111 1.832045 -15.609556 -0.166297 0.008499 12.845295 124.0
58 12775.0 -0.647497 0.683924 0.0 -0.445632 1.832045 -15.609556 -0.166297 0.008499 12.845295 124.0
59 12775.0 -0.626843 0.665676 0.0 -0.416683 1.832045 -15.609556 -0.166297 0.008499 12.845295 124.0
60 12775.0 -0.618477 0.627745 0.0 -0.370808 1.832045 -15.609556 -0.166297 0.008499 12.845295 124.0
61 12775.0 -0.605543 0.615282 0.0 -0.351521 1.832045 -15.609556 -0.166297 0.008499 12.845295 124.0
62 12775.0 -0.623671 0.5967 0.0 -0.338245 1.832045 -15.609556 -0.166297 0.008499 12.845295 124.0
63 12775.0 -0.595786 0.601448 0.0 -0.331948 1.832045 -15.609556 -0.166297 0.008499 12.845295 124.0
64 12775.0 -0.602134 0.601499 0.0 -0.334699 1.832045 -15.609556 -0.166297 0.008499 12.845295 124.0
65 12775.0 -0.57212 0.575411 0.0 -0.281537 1.832045 -15.609556 -0.166297 0.008499 12.845295 124.0
66 12775.0 -0.560171 0.572119 0.0 -0.265269 1.832045 -15.609556 -0.166297 0.008499 12.845295 124.0
67 12775.0 -0.555489 0.547747 0.0 -0.217764 1.832045 -15.609556 -0.166297 0.008499 12.845295 124.0
68 12775.0 -0.533213 0.529458 0.0 -0.172173 1.832045 -15.609556 -0.166297 0.008499 12.845295 124.0
69 12775.0 -0.502925 0.508895 0.0 -0.123469 1.832045 -15.609556 -0.166297 0.008499 12.845295 124.0
70 12775.0 -0.488996 0.523688 0.0 -0.134147 1.832045 -15.609556 -0.166297 0.008499 12.845295 124.0
71 12775.0 -0.477914 0.545853 0.0 -0.156824 1.832045 -15.609556 -0.166297 0.008499 12.845295 124.0
72 12775.0 -0.446541 0.532923 0.0 -0.124285 1.832045 -15.609556 -0.166297 0.008499 12.845295 124.0
73 12775.0 -0.452863 0.530876 0.0 -0.124786 1.832045 -15.609556 -0.166297 0.008499 12.845295 124.0
74 12775.0 -0.446007 0.525433 0.0 -0.116939 1.832045 -15.609556 -0.166297 0.008499 12.845295 124.0
75 12775.0 -0.453553 0.511379 0.0 -0.106471 1.832045 -15.609556 -0.166297 0.008499 12.845295 124.0
76 12775.0 -0.456844 0.491521 0.0 -0.088821 1.832045 -15.609556 -0.166297 0.008499 12.845295 124.0
77 12775.0 -0.464077 0.487498 0.0 -0.087792 1.832045 -15.609556 -0.166297 0.008499 12.845295 124.0
78 12775.0 -0.425371 0.508738 0.0 -0.093021 1.832045 -15.609556 -0.166297 0.008499 12.845295 124.0
79 12775.0 -0.406692 0.499747 0.0 -0.077205 1.832045 -15.609556 -0.166297 0.008499 12.845295 124.0
80 12775.0 -0.415356 0.497001 0.0 -0.077948 1.832045 -15.609556 -0.166297 0.008499 12.845295 124.0
81 12775.0 -0.405132 0.539592 0.0 -0.114577 1.832045 -15.609556 -0.166297 0.008499 12.845295 124.0
82 12775.0 -0.389477 0.522825 0.0 -0.092522 1.832045 -15.609556 -0.166297 0.008499 12.845295 124.0
83 12775.0 -0.370504 0.534048 0.0 -0.095859 1.832045 -15.609556 -0.166297 0.008499 12.845295 124.0
84 12775.0 -0.341912 0.541653 0.0 -0.092016 1.832045 -15.609556 -0.166297 0.008499 12.845295 124.0
85 12775.0 -0.348221 0.5361 0.0 -0.089171 1.832045 -15.609556 -0.166297 0.008499 12.845295 124.0
86 12775.0 -0.326392 0.519921 0.0 -0.065282 1.832045 -15.609556 -0.166297 0.008499 12.845295 124.0
87 12775.0 -0.336915 0.495362 0.0 -0.045956 1.832045 -15.609556 -0.166297 0.008499 12.845295 124.0
88 12775.0 -0.342568 0.508973 0.0 -0.061122 1.832045 -15.609556 -0.166297 0.008499 12.845295 124.0
89 12775.0 -0.324999 0.501987 0.0 -0.047648 1.832045 -15.609556 -0.166297 0.008499 12.845295 124.0
90 12775.0 -0.319823 0.499685 0.0 -0.043445 1.832045 -15.609556 -0.166297 0.008499 12.845295 124.0
91 12775.0 -0.297693 0.484086 0.0 -0.022927 1.832045 -15.609556 -0.166297 0.008499 12.845295 124.0
92 12775.0 -0.299453 0.487874 0.0 -0.02652 1.832045 -15.609556 -0.166297 0.008499 12.845295 124.0
93 12775.0 -0.28589 0.502632 0.0 -0.034207 1.832045 -15.609556 -0.166297 0.008499 12.845295 124.0
94 12775.0 -0.274614 0.501028 0.0 -0.029429 1.832045 -15.609556 -0.166297 0.008499 12.845295 124.0
95 12775.0 -0.250273 0.518455 0.0 -0.035931 1.832045 -15.609556 -0.166297 0.008499 12.845295 124.0
96 12775.0 -0.246486 0.532973 0.0 -0.046723 1.832045 -15.609556 -0.166297 0.008499 12.845295 124.0
97 12775.0 -0.240983 0.524228 0.0 -0.037706 1.832045 -15.609556 -0.166297 0.008499 12.845295 124.0
98 12775.0 -0.23806 0.536007 0.0 -0.046346 1.832045 -15.609556 -0.166297 0.008499 12.845295 124.0
99 12775.0 -0.241633 0.535052 0.0 -0.046822 1.832045 -15.609556 -0.166297 0.008499 12.845295 124.0
100 12775.0 -0.237938 0.523232 0.0 -0.035963 1.832045 -15.609556 -0.166297 0.008499 12.845295 124.0
101 12775.0 -0.238626 0.522574 0.0 -0.035646 1.832045 -15.609556 -0.166297 0.008499 12.845295 124.0
102 12775.0 -0.226128 0.523647 0.0 -0.032646 1.832045 -15.609556 -0.166297 0.008499 12.845295 124.0
103 12775.0 -0.230101 0.531497 0.0 -0.040193 1.832045 -15.609556 -0.166297 0.008499 12.845295 124.0
104 12775.0 -0.224459 0.514933 0.0 -0.025116 1.832045 -15.609556 -0.166297 0.008499 12.845295 124.0
105 12775.0 -0.207494 0.499391 0.0 -0.00736 1.832045 -15.609556 -0.166297 0.008499 12.845295 124.0
106 12775.0 -0.201355 0.528478 0.0 -0.028876 1.832045 -15.609556 -0.166297 0.008499 12.845295 124.0
107 12775.0 -0.197722 0.528915 0.0 -0.028104 1.832045 -15.609556 -0.166297 0.008499 12.845295 124.0
108 12775.0 -0.182837 0.522411 0.0 -0.018266 1.832045 -15.609556 -0.166297 0.008499 12.845295 124.0
109 12775.0 -0.169466 0.525661 0.0 -0.016749 1.832045 -15.609556 -0.166297 0.008499 12.845295 124.0
110 12775.0 -0.172081 0.539446 0.0 -0.028654 1.832045 -15.609556 -0.166297 0.008499 12.845295 124.0
111 12775.0 -0.162436 0.516789 0.0 -0.007434 1.832045 -15.609556 -0.166297 0.008499 12.845295 124.0
112 12775.0 -0.156724 0.494991 0.0 0.011269 1.832045 -15.609556 -0.166297 0.008499 12.845295 124.0
113 12775.0 -0.14512 0.486363 0.0 0.019412 1.832045 -15.609556 -0.166297 0.008499 12.845295 124.0
114 12775.0 -0.130477 0.493493 0.0 0.01747 1.832045 -15.609556 -0.166297 0.008499 12.845295 124.0
115 12775.0 -0.103704 0.483293 0.0 0.021295 1.832045 -15.609556 -0.166297 0.008499 12.845295 124.0
116 12775.0 -0.101187 0.509511 0.0 0.010918 1.832045 -15.609556 -0.166297 0.008499 12.845295 124.0
117 12775.0 -0.094258 0.507917 0.0 0.011112 1.832045 -15.609556 -0.166297 0.008499 12.845295 124.0
118 12775.0 -0.090798 0.50142 0.0 0.013432 1.832045 -15.609556 -0.166297 0.008499 12.845295 124.0
119 12775.0 -0.082292 0.513126 0.0 0.008344 1.832045 -15.609556 -0.166297 0.008499 12.845295 124.0
120 12775.0 -0.058771 0.524417 0.0 0.002493 1.832045 -15.609556 -0.166297 0.008499 12.845295 124.0
121 12775.0 -0.055264 0.517496 0.0 0.004975 1.832045 -15.609556 -0.166297 0.008499 12.845295 124.0
122 12775.0 -0.056061 0.535124 0.0 -0.001849 1.832045 -15.609556 -0.166297 0.008499 12.845295 124.0
123 12775.0 -0.053391 0.534244 0.0 -0.00167 1.832045 -15.609556 -0.166297 0.008499 12.845295 124.0
124 12775.0 -0.060318 0.521146 0.0 0.003864 1.832045 -15.609556 -0.166297 0.008499 12.845295 124.0
125 12775.0 -0.048039 0.519336 0.0 0.003813 1.832045 -15.609556 -0.166297 0.008499 12.845295 124.0
126 12775.0 -0.058967 0.518083 0.0 0.004974 1.832045 -15.609556 -0.166297 0.008499 12.845295 124.0
127 12775.0 -0.037594 0.521845 0.0 0.002191 1.832045 -15.609556 -0.166297 0.008499 12.845295 124.0
128 12775.0 -0.018347 0.499349 0.0 0.009777 1.832045 -15.609556 -0.166297 0.008499 12.845295 124.0
129 12775.0 -0.009952 0.521056 0.0 0.001001 1.832045 -15.609556 -0.166297 0.008499 12.845295 124.0
130 12775.0 0.016616 0.519925 0.0 0.000799 1.832045 -15.609556 -0.166297 0.008499 12.845295 124.0
131 12775.0 0.006676 0.50714 0.0 0.005197 1.832045 -15.609556 -0.166297 0.008499 12.845295 124.0
132 12775.0 0.012165 0.537065 0.0 -0.004377 1.832045 -15.609556 -0.166297 0.008499 12.845295 124.0
133 12775.0 0.038743 0.54887 0.0 -0.008556 1.832045 -15.609556 -0.166297 0.008499 12.845295 124.0
134 12775.0 0.051488 0.551691 0.0 -0.007223 1.832045 -15.609556 -0.166297 0.008499 12.845295 124.0
135 12775.0 0.055797 0.525717 0.0 -0.001793 1.832045 -15.609556 -0.166297 0.008499 12.845295 124.0
136 12775.0 0.049837 0.527816 0.0 -0.002315 1.832045 -15.609556 -0.166297 0.008499 12.845295 124.0
137 12775.0 0.060669 0.538555 0.0 -0.00584 1.832045 -15.609556 -0.166297 0.008499 12.845295 124.0
138 12775.0 0.091064 0.554704 0.0 -0.000806 1.832045 -15.609556 -0.166297 0.008499 12.845295 124.0
139 12775.0 0.094531 0.553493 0.0 -0.000291 1.832045 -15.609556 -0.166297 0.008499 12.845295 124.0
140 12775.0 0.109326 0.532237 0.0 0.001392 1.832045 -15.609556 -0.166297 0.008499 12.845295 124.0
141 12775.0 0.127785 0.531881 0.0 0.004329 1.832045 -15.609556 -0.166297 0.008499 12.845295 124.0
142 12775.0 0.148037 0.541383 0.0 0.007867 1.832045 -15.609556 -0.166297 0.008499 12.845295 124.0
143 12775.0 0.155516 0.525603 0.0 0.008557 1.832045 -15.609556 -0.166297 0.008499 12.845295 124.0
144 12775.0 0.161076 0.493576 0.0 0.009125 1.832045 -15.609556 -0.166297 0.008499 12.845295 124.0
145 12775.0 0.139041 0.512253 0.0 0.005499 1.832045 -15.609556 -0.166297 0.008499 12.845295 124.0
146 12775.0 0.132614 0.495742 0.0 0.00583 1.832045 -15.609556 -0.166297 0.008499 12.845295 124.0
147 12775.0 0.149834 0.49529 0.0 0.006901 1.832045 -15.609556 -0.166297 0.008499 12.845295 124.0
148 12775.0 0.162442 0.49889 0.0 0.008821 1.832045 -15.609556 -0.166297 0.008499 12.845295 124.0
149 12775.0 0.190999 0.496923 0.0 0.014222 1.832045 -15.609556 -0.166297 0.008499 12.845295 124.0
150 12775.0 0.218225 0.492099 0.0 0.019678 1.832045 -15.609556 -0.166297 0.008499 12.845295 124.0
151 12775.0 0.245762 0.503943 0.0 0.041825 1.832045 -15.609556 -0.166297 0.008499 12.845295 124.0
152 12775.0 0.240298 0.500276 0.0 0.036281 1.832045 -15.609556 -0.166297 0.008499 12.845295 124.0
153 12775.0 0.24434 0.512808 0.0 0.044421 1.832045 -15.609556 -0.166297 0.008499 12.845295 124.0
154 12775.0 0.263726 0.507469 0.0 0.056596 1.832045 -15.609556 -0.166297 0.008499 12.845295 124.0
155 12775.0 0.274323 0.484731 0.0 0.05525 1.832045 -15.609556 -0.166297 0.008499 12.845295 124.0
156 12775.0 0.264979 0.487228 0.0 0.049323 1.832045 -15.609556 -0.166297 0.008499 12.845295 124.0
157 12775.0 0.26192 0.518124 0.0 0.059965 1.832045 -15.609556 -0.166297 0.008499 12.845295 124.0
158 12775.0 0.269639 0.521884 0.0 0.067561 1.832045 -15.609556 -0.166297 0.008499 12.845295 124.0
159 12775.0 0.278467 0.503095 0.0 0.065772 1.832045 -15.609556 -0.166297 0.008499 12.845295 124.0
160 12775.0 0.283305 0.502712 0.0 0.069209 1.832045 -15.609556 -0.166297 0.008499 12.845295 124.0
161 12775.0 0.280715 0.490939 0.0 0.062514 1.832045 -15.609556 -0.166297 0.008499 12.845295 124.0
162 12775.0 0.265027 0.483605 0.0 0.04789 1.832045 -15.609556 -0.166297 0.008499 12.845295 124.0
163 12775.0 0.287847 0.471712 0.0 0.060018 1.832045 -15.609556 -0.166297 0.008499 12.845295 124.0
164 12775.0 0.308524 0.50319 0.0 0.088134 1.832045 -15.609556 -0.166297 0.008499 12.845295 124.0
165 12775.0 0.315266 0.517917 0.0 0.09911 1.832045 -15.609556 -0.166297 0.008499 12.845295 124.0
166 12775.0 0.303212 0.518288 0.0 0.090308 1.832045 -15.609556 -0.166297 0.008499 12.845295 124.0
167 12775.0 0.309582 0.541479 0.0 0.106946 1.832045 -15.609556 -0.166297 0.008499 12.845295 124.0
168 12775.0 0.322683 0.531902 0.0 0.1112 1.832045 -15.609556 -0.166297 0.008499 12.845295 124.0
169 12775.0 0.35297 0.511606 0.0 0.124555 1.832045 -15.609556 -0.166297 0.008499 12.845295 124.0
170 12775.0 0.355788 0.525922 0.0 0.13245 1.832045 -15.609556 -0.166297 0.008499 12.845295 124.0
171 12775.0 0.373157 0.544795 0.0 0.154544 1.832045 -15.609556 -0.166297 0.008499 12.845295 124.0
172 12775.0 0.388912 0.517335 0.0 0.15357 1.832045 -15.609556 -0.166297 0.008499 12.845295 124.0
173 12775.0 0.414459 0.545749 0.0 0.185058 1.832045 -15.609556 -0.166297 0.008499 12.845295 124.0
174 12775.0 0.439944 0.558271 0.0 0.215692 1.832045 -15.609556 -0.166297 0.008499 12.845295 124.0
175 12775.0 0.427585 0.548555 0.0 0.198244 1.832045 -15.609556 -0.166297 0.008499 12.845295 124.0
176 12775.0 0.449147 0.538105 0.0 0.210245 1.832045 -15.609556 -0.166297 0.008499 12.845295 124.0
177 12775.0 0.444441 0.532332 0.0 0.202807 1.832045 -15.609556 -0.166297 0.008499 12.845295 124.0
178 12775.0 0.438271 0.522003 0.0 0.192122 1.832045 -15.609556 -0.166297 0.008499 12.845295 124.0
179 12775.0 0.442744 0.518323 0.0 0.193952 1.832045 -15.609556 -0.166297 0.008499 12.845295 124.0
180 12775.0 0.447877 0.510704 0.0 0.194676 1.832045 -15.609556 -0.166297 0.008499 12.845295 124.0
181 12775.0 0.465204 0.52243 0.0 0.215349 1.832045 -15.609556 -0.166297 0.008499 12.845295 124.0
182 12775.0 0.475862 0.525541 0.0 0.22639 1.832045 -15.609556 -0.166297 0.008499 12.845295 124.0
183 12775.0 0.496647 0.513993 0.0 0.238031 1.832045 -15.609556 -0.166297 0.008499 12.845295 124.0
184 12775.0 0.5168 0.540038 0.0 0.27053 1.832045 -15.609556 -0.166297 0.008499 12.845295 124.0
185 12775.0 0.521104 0.542892 0.0 0.275937 1.832045 -15.609556 -0.166297 0.008499 12.845295 124.0
186 12775.0 0.510175 0.564465 0.0 0.279964 1.832045 -15.609556 -0.166297 0.008499 12.845295 124.0
187 12775.0 0.480436 0.5676 0.0 0.256845 1.832045 -15.609556 -0.166297 0.008499 12.845295 124.0
188 12775.0 0.480479 0.580757 0.0 0.266243 1.832045 -15.609556 -0.166297 0.008499 12.845295 124.0
189 12775.0 0.488291 0.606752 0.0 0.291397 1.832045 -15.609556 -0.166297 0.008499 12.845295 124.0
190 12775.0 0.485181 0.596059 0.0 0.281138 1.832045 -15.609556 -0.166297 0.008499 12.845295 124.0
191 12775.0 0.501371 0.574006 0.0 0.279248 1.832045 -15.609556 -0.166297 0.008499 12.845295 124.0
192 12775.0 0.517404 0.552225 0.0 0.278072 1.832045 -15.609556 -0.166297 0.008499 12.845295 124.0
193 12775.0 0.506313 0.56321 0.0 0.275779 1.832045 -15.609556 -0.166297 0.008499 12.845295 124.0
194 12775.0 0.534853 0.541142 0.0 0.286957 1.832045 -15.609556 -0.166297 0.008499 12.845295 124.0
195 12775.0 0.519048 0.546011 0.0 0.275934 1.832045 -15.609556 -0.166297 0.008499 12.845295 124.0
196 12775.0 0.521257 0.516093 0.0 0.260672 1.832045 -15.609556 -0.166297 0.008499 12.845295 124.0
197 12775.0 0.510252 0.525382 0.0 0.256369 1.832045 -15.609556 -0.166297 0.008499 12.845295 124.0
198 12775.0 0.508545 0.520572 0.0 0.252108 1.832045 -15.609556 -0.166297 0.008499 12.845295 124.0
199 12775.0 0.47101 0.539426 0.0 0.230128 1.832045 -15.609556 -0.166297 0.008499 12.845295 124.0
200 12775.0 0.491244 0.529256 0.0 0.241973 1.832045 -15.609556 -0.166297 0.008499 12.845295 124.0
201 12775.0 0.484407 0.519932 0.0 0.230692 1.832045 -15.609556 -0.166297 0.008499 12.845295 124.0
202 12775.0 0.468059 0.524017 0.0 0.218729 1.832045 -15.609556 -0.166297 0.008499 12.845295 124.0
203 12775.0 0.469428 0.527889 0.0 0.222105 1.832045 -15.609556 -0.166297 0.008499 12.845295 124.0
204 12775.0 0.459697 0.554215 0.0 0.229644 1.832045 -15.609556 -0.166297 0.008499 12.845295 124.0
205 12775.0 0.496558 0.558481 0.0 0.264099 1.832045 -15.609556 -0.166297 0.008499 12.845295 124.0
206 12775.0 0.509239 0.535032 0.0 0.261036 1.832045 -15.609556 -0.166297 0.008499 12.845295 124.0
207 12775.0 0.499117 0.516254 0.0 0.241454 1.832045 -15.609556 -0.166297 0.008499 12.845295 124.0
208 12775.0 0.501983 0.541551 0.0 0.258441 1.832045 -15.609556 -0.166297 0.008499 12.845295 124.0
209 12775.0 0.491672 0.557611 0.0 0.259315 1.832045 -15.609556 -0.166297 0.008499 12.845295 124.0
210 12775.0 0.468804 0.55536 0.0 0.238221 1.832045 -15.609556 -0.166297 0.008499 12.845295 124.0
211 12775.0 0.44842 0.550475 0.0 0.21737 1.832045 -15.609556 -0.166297 0.008499 12.845295 124.0
212 12775.0 0.434325 0.550992 0.0 0.205723 1.832045 -15.609556 -0.166297 0.008499 12.845295 124.0
213 12775.0 0.453683 0.544707 0.0 0.218012 1.832045 -15.609556 -0.166297 0.008499 12.845295 124.0
214 12775.0 0.470497 0.561107 0.0 0.243753 1.832045 -15.609556 -0.166297 0.008499 12.845295 124.0
215 12775.0 0.460988 0.561295 0.0 0.235781 1.832045 -15.609556 -0.166297 0.008499 12.845295 124.0
216 12775.0 0.495194 0.559689 0.0 0.263796 1.832045 -15.609556 -0.166297 0.008499 12.845295 124.0
217 12775.0 0.512948 0.578962 0.0 0.292643 1.832045 -15.609556 -0.166297 0.008499 12.845295 124.0
218 12775.0 0.503082 0.58461 0.0 0.288252 1.832045 -15.609556 -0.166297 0.008499 12.845295 124.0
219 12775.0 0.533976 0.601297 0.0 0.326459 1.832045 -15.609556 -0.166297 0.008499 12.845295 124.0
220 12775.0 0.564096 0.597163 0.0 0.349192 1.832045 -15.609556 -0.166297 0.008499 12.845295 124.0
221 12775.0 0.58825 0.597939 0.0 0.370333 1.832045 -15.609556 -0.166297 0.008499 12.845295 124.0
222 12775.0 0.588728 0.615654 0.0 0.383344 1.832045 -15.609556 -0.166297 0.008499 12.845295 124.0
223 12775.0 0.583936 0.634125 0.0 0.392402 1.832045 -15.609556 -0.166297 0.008499 12.845295 124.0
224 12775.0 0.556162 0.613859 0.0 0.354308 1.832045 -15.609556 -0.166297 0.008499 12.845295 124.0
225 12775.0 0.566588 0.610501 0.0 0.360806 1.832045 -15.609556 -0.166297 0.008499 12.845295 124.0
226 12775.0 0.548094 0.592488 0.0 0.332225 1.832045 -15.609556 -0.166297 0.008499 12.845295 124.0
227 12775.0 0.570984 0.59331 0.0 0.352322 1.832045 -15.609556 -0.166297 0.008499 12.845295 124.0
228 12775.0 0.595109 0.574671 0.0 0.359624 1.832045 -15.609556 -0.166297 0.008499 12.845295 124.0
229 12775.0 0.637253 0.576889 0.0 0.397126 1.832045 -15.609556 -0.166297 0.008499 12.845295 124.0
230 12775.0 0.63722 0.581692 0.0 0.400515 1.832045 -15.609556 -0.166297 0.008499 12.845295 124.0
231 12775.0 0.627075 0.581717 0.0 0.391885 1.832045 -15.609556 -0.166297 0.008499 12.845295 124.0
232 12775.0 0.627808 0.579364 0.0 0.390836 1.832045 -15.609556 -0.166297 0.008499 12.845295 124.0
233 12775.0 0.62803 0.555375 0.0 0.376645 1.832045 -15.609556 -0.166297 0.008499 12.845295 124.0
234 12775.0 0.631503 0.56883 0.0 0.387425 1.832045 -15.609556 -0.166297 0.008499 12.845295 124.0
235 12775.0 0.637749 0.584411 0.0 0.4029 1.832045 -15.609556 -0.166297 0.008499 12.845295 124.0
236 12775.0 0.643438 0.572586 0.0 0.400026 1.832045 -15.609556 -0.166297 0.008499 12.845295 124.0
237 12775.0 0.645295 0.562818 0.0 0.396029 1.832045 -15.609556 -0.166297 0.008499 12.845295 124.0
238 12775.0 0.657782 0.548026 0.0 0.398439 1.832045 -15.609556 -0.166297 0.008499 12.845295 124.0
239 12775.0 0.653519 0.547819 0.0 0.394591 1.832045 -15.609556 -0.166297 0.008499 12.845295 124.0
240 12775.0 0.65924 0.550053 0.0 0.40088 1.832045 -15.609556 -0.166297 0.008499 12.845295 124.0
241 12775.0 0.675846 0.539656 0.0 0.409422 1.832045 -15.609556 -0.166297 0.008499 12.845295 124.0
242 12775.0 0.687803 0.54537 0.0 0.423168 1.832045 -15.609556 -0.166297 0.008499 12.845295 124.0
243 12775.0 0.694676 0.559398 0.0 0.437253 1.832045 -15.609556 -0.166297 0.008499 12.845295 124.0
244 12775.0 0.725071 0.557406 0.0 0.462692 1.832045 -15.609556 -0.166297 0.008499 12.845295 124.0
245 12775.0 0.732613 0.572351 0.0 0.477889 1.832045 -15.609556 -0.166297 0.008499 12.845295 124.0
246 12775.0 0.741249 0.59802 0.0 0.500808 1.832045 -15.609556 -0.166297 0.008499 12.845295 124.0
247 12775.0 0.75972 0.579547 0.0 0.505739 1.832045 -15.609556 -0.166297 0.008499 12.845295 124.0
248 12775.0 0.784027 0.568993 0.0 0.520926 1.832045 -15.609556 -0.166297 0.008499 12.845295 124.0
249 12775.0 0.77678 0.591415 0.0 0.52749 1.832045 -15.609556 -0.166297 0.008499 12.845295 124.0
250 12775.0 0.784206 0.612186 0.0 0.547504 1.832045 -15.609556 -0.166297 0.008499 12.845295 124.0
251 12775.0 0.783648 0.645506 0.0 0.570736 1.832045 -15.609556 -0.166297 0.008499 12.845295 124.0
252 12775.0 0.78903 0.652659 0.0 0.580413 1.832045 -15.609556 -0.166297 0.008499 12.845295 124.0
253 12775.0 0.788449 0.683718 0.0 0.602017 1.832045 -15.609556 -0.166297 0.008499 12.845295 124.0
254 12775.0 0.805581 0.705504 0.0 0.632121 1.832045 -15.609556 -0.166297 0.008499 12.845295 124.0
255 12775.0 0.791418 0.70219 0.0 0.617691 1.832045 -15.609556 -0.166297 0.008499 12.845295 124.0
256 12775.0 0.799685 0.70209 0.0 0.624666 1.832045 -15.609556 -0.166297 0.008499 12.845295 124.0
257 12775.0 0.808069 0.718656 0.0 0.643897 1.832045 -15.609556 -0.166297 0.008499 12.845295 124.0
258 12775.0 0.823537 0.746817 0.0 0.678015 1.832045 -15.609556 -0.166297 0.008499 12.845295 124.0
259 12775.0 0.820268 0.751713 0.0 0.678764 1.832045 -15.609556 -0.166297 0.008499 12.845295 124.0
260 12775.0 0.834907 0.759421 0.0 0.697153 1.832045 -15.609556 -0.166297 0.008499 12.845295 124.0
261 12775.0 0.841234 0.776654 0.0 0.715301 1.832045 -15.609556 -0.166297 0.008499 12.845295 124.0
262 12775.0 0.83011 0.750067 0.0 0.686117 1.832045 -15.609556 -0.166297 0.008499 12.845295 124.0
263 12775.0 0.823058 0.754314 0.0 0.6831 1.832045 -15.609556 -0.166297 0.008499 12.845295 124.0
264 12775.0 0.860352 0.786589 0.0 0.73922 1.832045 -15.609556 -0.166297 0.008499 12.845295 124.0
265 12775.0 0.82947 0.77883 0.0 0.706664 1.832045 -15.609556 -0.166297 0.008499 12.845295 124.0
266 12775.0 0.818995 0.802077 0.0 0.71461 1.832045 -15.609556 -0.166297 0.008499 12.845295 124.0
267 12775.0 0.831573 0.804136 0.0 0.727061 1.832045 -15.609556 -0.166297 0.008499 12.845295 124.0
268 12775.0 0.852218 0.829587 0.0 0.763694 1.832045 -15.609556 -0.166297 0.008499 12.845295 124.0
269 12775.0 0.8594 0.846958 0.0 0.782686 1.832045 -15.609556 -0.166297 0.008499 12.845295 124.0
270 12775.0 0.853841 0.862487 0.0 0.789244 1.832045 -15.609556 -0.166297 0.008499 12.845295 124.0
271 12775.0 0.867066 0.870504 0.0 0.806631 1.832045 -15.609556 -0.166297 0.008499 12.845295 124.0
272 12775.0 0.868138 0.887819 0.0 0.820268 1.832045 -15.609556 -0.166297 0.008499 12.845295 124.0
273 12775.0 0.853378 0.9024 0.0 0.818127 1.832045 -15.609556 -0.166297 0.008499 12.845295 124.0
274 12775.0 0.877803 0.916 0.0 0.849352 1.832045 -15.609556 -0.166297 0.008499 12.845295 124.0
275 12775.0 0.895468 0.9228 0.0 0.869624 1.832045 -15.609556 -0.166297 0.008499 12.845295 124.0
276 12775.0 0.896964 0.932084 0.0 0.877542 1.832045 -15.609556 -0.166297 0.008499 12.845295 124.0
277 12775.0 0.888088 0.917285 0.0 0.859241 1.832045 -15.609556 -0.166297 0.008499 12.845295 124.0
278 12775.0 0.891673 0.929062 0.0 0.870851 1.832045 -15.609556 -0.166297 0.008499 12.845295 124.0
279 12775.0 0.865084 0.94672 0.0 0.860709 1.832045 -15.609556 -0.166297 0.008499 12.845295 124.0
280 12775.0 0.880096 0.97744 0.0 0.895526 1.832045 -15.609556 -0.166297 0.008499 12.845295 124.0
281 12775.0 0.869321 0.999903 0.0 0.895055 1.832045 -15.609556 -0.166297 0.008499 12.845295 124.0
282 12775.0 0.880462 1.002552 0.0 0.904631 1.832045 -15.609556 -0.166297 0.008499 12.845295 124.0
283 12775.0 0.884269 1.010725 0.0 0.90786 1.832045 -15.609556 -0.166297 0.008499 12.845295 124.0
284 12775.0 0.896365 1.024273 0.0 0.918131 1.832045 -15.609556 -0.166297 0.008499 12.845295 124.0
285 12775.0 0.897138 1.019762 0.0 0.918793 1.832045 -15.609556 -0.166297 0.008499 12.845295 124.0
286 12775.0 0.89701 1.037126 0.0 0.918857 1.832045 -15.609556 -0.166297 0.008499 12.845295 124.0
287 12775.0 0.902763 1.032698 0.0 0.92368 1.832045 -15.609556 -0.166297 0.008499 12.845295 124.0
