 time p.x p.y p.z deep.node-0 CV opes.bias opes.rct opes.zed opes.neff opes.nker
0 11345.0 -0.587945 1.387546 0.0 -0.955939 1.907597 -16.746779 -0.154386 0.009007 12.845295 117.0
1 11345.0 -0.613663 1.397454 0.0 -0.969312 1.907597 -16.746779 -0.154386 0.009007 12.845295 117.0
2 11345.0 -0.605111 1.385142 0.0 -0.960012 1.907597 -16.746779 -0.154386 0.009007 12.845295 117.0
3 11345.0 -0.630586 1.383285 0.0 -0.965699 1.907597 -16.746779 -0.154386 0.009007 12.845295 117.0
4 11345.0 -0.623962 1.370577 0.0 -0.956638 1.907597 -16.746779 -0.154386 0.009007 12.845295 117.0
5 11345.0 -0.638563 1.345218 0.0 -0.945932 1.907597 -16.746779 -0.154386 0.009007 12.845295 117.0
6 11345.0 -0.646413 1.324008 0.0 -0.935822 1.907597 -16.746779 -0.154386 0.009007 12.845295 117.0
7 11345.0 -0.633302 1.342048 0.0 -0.942715 1.907597 -16.746779 -0.154386 0.009007 12.845295 117.0
8 11345.0 -0.661325 1.324152 0.0 -0.939858 1.907597 -16.746779 -0.154386 0.009007 12.845295 117.0
9 11345.0 -0.638847 1.300269 0.0 -0.92017 1.907597 -16.746779 -0.154386 0.009007 12.845295 117.0
10 11345.0 -0.646841 1.300999 0.0 -0.922709 1.907597 -16.746779 -0.154386 0.009007 12.845295 117.0
11 11345.0 -0.67789 1.314316 0.0 -0.938596 1.907597 -16.746779 -0.154386 0.009007 12.845295 117.0
12 11345.0 -0.691556 1.291657 0.0 -0.929194 1.907597 -16.746779 -0.154386 0.009007 12.845295 117.0
13 11345.0 -0.693246 1.2601 0.0 -0.911503 1.907597 -16.746779 -0.154386 0.009007 12.845295 117.0
14 11345.0 -0.711322 1.267964 0.0 -0.920816 1.907597 -16.746779 -0.154386 0.009007 12.845295 117.0
15 11345.0 -0.721036 1.268539 0.0 -0.923721 1.907597 -16.746779 -0.154386 0.009007 12.845295 117.0
16 11345.0 -0.716216 1.270641 0.0 -0.923652 1.907597 -16.746779 -0.154386 0.009007 12.845295 117.0
17 11345.0 -0.734722 1.250202 0.0 -0.916809 1.907597 -16.746779 -0.154386 0.009007 12.845295 117.0
18 11345.0 -0.744747 1.253103 0.0 -0.921135 1.907597 -16.746779 -0.154386 0.009007 12.845295 117.0
19 11345.0 -0.755601 1.261547 0.0 -0.928866 1.907597 -16.746779 -0.154386 0.009007 12.845295 117.0
20 11345.0 -0.753222 1.242547 0.0 -0.917314 1.907597 -16.746779 -0.154386 0.009007 12.845295 117.0
21 11345.0 -0.764988 1.232136 0.0 -0.914449 1.907597 -16.746779 -0.154386 0.009007 12.845295 117.0
22 11345.0 -0.778336 1.191446 0.0 -0.894421 1.907597 -16.746779 -0.154386 0.009007 12.845295 117.0
23 11345.0 -0.771669 1.20599 0.0 -0.901179 1.907597 -16.746779 -0.154386 0.009007 12.845295 117.0
24 11345.0 -0.78415 1.196771 0.0 -0.899126 1.907597 -16.746779 -0.154386 0.009007 12.845295 117.0
25 11345.0 -0.800347 1.189737 0.0 -0.899362 1.907597 -16.746779 -0.154386 0.009007 12.845295 117.0
26 11345.0 -0.808369 1.182503 0.0 -0.897272 1.907597 -16.746779 -0.154386 0.009007 12.845295 117.0
27 11345.0 -0.799872 1.161965 0.0 -0.882892 1.907597 -16.746779 -0.154386 0.009007 12.845295 117.0
28 11345.0 -0.781219 1.131195 0.0 -0.859747 1.907597 -16.746779 -0.154386 0.009007 12.845295 117.0
29 11345.0 -0.80271 1.103161 0.0 -0.849057 1.907597 -16.746779 -0.154386 0.009007 12.845295 117.0
30 11345.0 -0.825718 1.066849 0.0 -0.833774 1.907597 -16.746779 -0.154386 0.009007 12.845295 117.0
31 11345.0 -0.831375 1.072697 0.0 -0.838863 1.907597 -16.746779 -0.154386 0.009007 12.845295 117.0
32 11345.0 -0.846319 1.074301 0.0 -0.843856 1.907597 -16.746779 -0.154386 0.009007 12.845295 117.0
33 11345.0 -0.88408 1.052431 0.0 -0.841188 1.907597 -16.746779 -0.154386 0.009007 12.845295 117.0
34 11345.0 -0.864389 1.042284 0.0 -0.829847 1.907597 -16.746779 -0.154386 0.009007 12.845295 117.0
35 11345.0 -0.861904 1.012863 0.0 -0.811592 1.907597 -16.746779 -0.154386 0.009007 12.845295 117.0
36 11345.0 -0.865103 0.97063 0.0 -0.787308 1.907597 -16.746779 -0.154386 0.009007 12.845295 117.0
37 11345.0 -0.843682 0.939019 0.0 -0.756881 1.907597 -16.746779 -0.154386 0.009007 12.845295 117.0
38 11345.0 -0.85532 0.891937 0.0 -0.719842 1.907597 -16.746779 -0.154386 0.009007 12.845295 117.0
39 11345.0 -0.842325 0.86082 0.0 -0.688324 1.907597 -16.746779 -0.154386 0.009007 12.845295 117.0
40 11345.0 -0.841182 0.846705 0.0 -0.675629 1.907597 -16.746779 -0.154386 0.009007 12.845295 117.0
41 11345.0 -0.849405 0.8106 0.0 -0.646915 1.907597 -16.746779 -0.154386 0.009007 12.845295 117.0
42 11345.0 -0.858398 0.78641 0.0 -0.628852 1.907597 -16.746779 -0.154386 0.009007 12.845295 117.0
43 11345.0 -0.855777 0.766757 0.0 -0.610852 1.907597 -16.746779 -0.154386 0.009007 12.845295 117.0
44 11345.0 -0.840757 0.758155 0.0 -0.598301 1.907597 -16.746779 -0.154386 0.009007 12.845295 117.0
45 11345.0 -0.849843 0.761083 0.0 -0.603916 1.907597 -16.746779 -0.154386 0.009007 12.845295 117.0
46 11345.0 -0.824513 0.754744 0.0 -0.58985 1.907597 -16.746779 -0.154386 0.009007 12.845295 117.0
47 11345.0 -0.842867 0.743971 0.0 -0.586686 1.907597 -16.746779 -0.154386 0.009007 12.845295 117.0
48 11345.0 -0.83846 0.726936 0.0 -0.570391 1.907597 -16.746779 -0.154386 0.009007 12.845295 117.0
49 11345.0 -0.812952 0.735793 0.0 -0.569474 1.907597 -16.746779 -0.154386 0.009007 12.845295 117.0
50 11345.0 -0.809301 0.734579 0.0 -0.567186 1.907597 -16.746779 -0.154386 0.009007 12.845295 117.0
51 11345.0 -0.79161 0.744251 0.0 -0.569617 1.907597 -16.746779 -0.154386 0.009007 12.845295 117.0
52 11345.0 -0.783042 0.74344 0.0 -0.566019 1.907597 -16.746779 -0.154386 0.009007 12.845295 117.0
53 11345.0 -0.772115 0.747678 0.0 -0.565831 1.907597 -16.746779 -0.154386 0.009007 12.845295 117.0
54 11345.0 -0.781018 0.724343 0.0 -0.546073 1.907597 -16.746779 -0.154386 0.009007 12.845295 117.0
55 11345.0 -0.782228 0.725323 0.0 -0.54767 1.907597 -16.746779 -0.154386 0.009007 12.845295 117.0
56 11345.0 -0.77253 0.723375 0.0 -0.541478 1.907597 -16.746779 -0.154386 0.009007 12.845295 117.0
57 11345.0 -0.75833 0.740277 0.0 -0.554261 1.907597 -16.746779 -0.154386 0.009007 12.845295 117.0
58 11345.0 -0.753971 0.748383 0.0 -0.559855 1.907597 -16.746779 -0.154386 0.009007 12.845295 117.0
59 11345.0 -0.73975 0.738163 0.0 -0.54445 1.907597 -16.746779 -0.154386 0.009007 12.845295 117.0
60 11345.0 -0.71933 0.749542 0.0 -0.548281 1.907597 -16.746779 -0.154386 0.009007 12.845295 117.0
61 11345.0 -0.703411 0.724808 0.0 -0.514482 1.907597 -16.746779 -0.154386 0.009007 12.845295 117.0
62 11345.0 -0.689322 0.724911 0.0 -0.508767 1.907597 -16.746779 -0.154386 0.009007 12.845295 117.0
63 11345.0 -0.709306 0.711365 0.0 -0.501889 1.907597 -16.746779 -0.154386 0.009007 12.845295 117.0
64 11345.0 -0.720056 0.695267 0.0 -0.488338 1.907597 -16.746779 -0.154386 0.009007 12.845295 117.0
65 11345.0 -0.708208 0.658016 0.0 -0.441783 1.907597 -16.746779 -0.154386 0.009007 12.845295 117.0
66 11345.0 -0.706633 0.633518 0.0 -0.413739 1.907597 -16.746779 -0.154386 0.009007 12.845295 117.0
67 11345.0 -0.676323 0.61311 0.0 -0.378379 1.907597 -16.746779 -0.154386 0.009007 12.845295 117.0
68 11345.0 -0.672612 0.577593 0.0 -0.337131 1.907597 -16.746779 -0.154386 0.009007 12.845295 117.0
69 11345.0 -0.66947 0.566951 0.0 -0.324838 1.907597 -16.746779 -0.154386 0.009007 12.845295 117.0
70 11345.0 -0.66586 0.579813 0.0 -0.336819 1.907597 -16.746779 -0.154386 0.009007 12.845295 117.0
71 11345.0 -0.672675 0.581605 0.0 -0.341642 1.907597 -16.746779 -0.154386 0.009007 12.845295 117.0
72 11345.0 -0.639253 0.590058 0.0 -0.337265 1.907597 -16.746779 -0.154386 0.009007 12.845295 117.0
73 11345.0 -0.622504 0.580191 0.0 -0.31775 1.907597 -16.746779 -0.154386 0.009007 12.845295 117.0
74 11345.0 -0.621728 0.570317 0.0 -0.303955 1.907597 -16.746779 -0.154386 0.009007 12.845295 117.0
75 11345.0 -0.599123 0.566571 0.0 -0.286536 1.907597 -16.746779 -0.154386 0.009007 12.845295 117.0
76 11345.0 -0.614217 0.587946 0.0 -0.323728 1.907597 -16.746779 -0.154386 0.009007 12.845295 117.0
77 11345.0 -0.577877 0.592632 0.0 -0.31023 1.907597 -16.746779 -0.154386 0.009007 12.845295 117.0
78 11345.0 -0.569083 0.573628 0.0 -0.276307 1.907597 -16.746779 -0.154386 0.009007 12.845295 117.0
79 11345.0 -0.537116 0.580962 0.0 -0.259001 1.907597 -16.746779 -0.154386 0.009007 12.845295 117.0
80 11345.0 -0.520065 0.568574 0.0 -0.220922 1.907597 -16.746779 -0.154386 0.009007 12.845295 117.0
81 11345.0 -0.511938 0.555982 0.0 -0.193844 1.907597 -16.746779 -0.154386 0.009007 12.845295 117.0
82 11345.0 -0.505271 0.559944 0.0 -0.194702 1.907597 -16.746779 -0.154386 0.009007 12.845295 117.0
83 11345.0 -0.494492 0.566112 0.0 -0.195764 1.907597 -16.746779 -0.154386 0.009007 12.845295 117.0
84 11345.0 -0.492738 0.575499 0.0 -0.207372 1.907597 -16.746779 -0.154386 0.009007 12.845295 117.0
85 11345.0 -0.47634 0.551433 0.0 -0.163362 1.907597 -16.746779 -0.154386 0.009007 12.845295 117.0
86 11345.0 -0.467668 0.538461 0.0 -0.139753 1.907597 -16.746779 -0.154386 0.009007 12.845295 117.0
87 11345.0 -0.454709 0.535759 0.0 -0.130157 1.907597 -16.746779 -0.154386 0.009007 12.845295 117.0
88 11345.0 -0.441222 0.530072 0.0 -0.119504 1.907597 -16.746779 -0.154386 0.009007 12.845295 117.0
89 11345.0 -0.437087 0.523503 0.0 -0.111639 1.907597 -16.746779 -0.154386 0.009007 12.845295 117.0
90 11345.0 -0.424395 0.53464 0.0 -0.117331 1.907597 -16.746779 -0.154386 0.009007 12.845295 117.0
91 11345.0 -0.41631 0.517622 0.0 -0.097974 1.907597 -16.746779 -0.154386 0.009007 12.845295 117.0
92 11345.0 -0.386454 0.521735 0.0 -0.090311 1.907597 -16.746779 -0.154386 0.009007 12.845295 117.0
93 11345.0 -0.376756 0.508328 0.0 -0.07377 1.907597 -16.746779 -0.154386 0.009007 12.845295 117.0
94 11345.0 -0.363256 0.530717 0.0 -0.089873 1.907597 -16.746779 -0.154386 0.009007 12.845295 117.0
95 11345.0 -0.384892 0.5421 0.0 -0.109116 1.907597 -16.746779 -0.154386 0.009007 12.845295 117.0
96 11345.0 -0.348986 0.549704 0.0 -0.102434 1.907597 -16.746779 -0.154386 0.009007 12.845295 117.0
97 11345.0 -0.316411 0.534005 0.0 -0.074834 1.907597 -16.746779 -0.154386 0.009007 12.845295 117.0
98 11345.0 -0.283484 0.545627 0.0 -0.073137 1.907597 -16.746779 -0.154386 0.009007 12.845295 117.0
99 11345.0 -0.274691 0.54486 0.0 -0.068995 1.907597 -16.746779 -0.154386 0.009007 12.845295 117.0
100 11345.0 -0.276464 0.530044 0.0 -0.055561 1.907597 -16.746779 -0.154386 0.009007 12.845295 117.0
101 11345.0 -0.287129 0.505015 0.0 -0.036508 1.907597 -16.746779 -0.154386 0.009007 12.845295 117.0
102 11345.0 -0.281533 0.489901 0.0 -0.022611 1.907597 -16.746779 -0.154386 0.009007 12.845295 117.0
103 11345.0 -0.259522 0.524783 0.0 -0.043974 1.907597 -16.746779 -0.154386 0.009007 12.845295 117.0
104 11345.0 -0.241915 0.539762 0.0 -0.05142 1.907597 -16.746779 -0.154386 0.009007 12.845295 117.0
105 11345.0 -0.209036 0.512433 0.0 -0.018335 1.907597 -16.746779 -0.154386 0.009007 12.845295 117.0
106 11345.0 -0.167725 0.522029 0.0 -0.013287 1.907597 -16.746779 -0.154386 0.009007 12.845295 117.0
107 11345.0 -0.158768 0.505016 0.0 0.003176 1.907597 -16.746779 -0.154386 0.009007 12.845295 117.0
108 11345.0 -0.137436 0.491564 0.0 0.017403 1.907597 -16.746779 -0.154386 0.009007 12.845295 117.0
109 11345.0 -0.13739 0.48552 0.0 0.021222 1.907597 -16.746779 -0.154386 0.009007 12.845295 117.0
110 11345.0 -0.128606 0.500939 0.0 0.012791 1.907597 -16.746779 -0.154386 0.009007 12.845295 117.0
111 11345.0 -0.135786 0.492435 0.0 0.017139 1.907597 -16.746779 -0.154386 0.009007 12.845295 117.0
112 11345.0 -0.115564 0.467919 0.0 0.02802 1.907597 -16.746779 -0.154386 0.009007 12.845295 117.0
113 11345.0 -0.107019 0.465555 0.0 0.028415 1.907597 -16.746779 -0.154386 0.009007 12.845295 117.0
114 11345.0 -0.103957 0.477956 0.0 0.023391 1.907597 -16.746779 -0.154386 0.009007 12.845295 117.0
115 11345.0 -0.119982 0.468848 0.0 0.02793 1.907597 -16.746779 -0.154386 0.009007 12.845295 117.0
116 11345.0 -0.098952 0.484556 0.0 0.02051 1.907597 -16.746779 -0.154386 0.009007 12.845295 117.0
117 11345.0 -0.101948 0.502452 0.0 0.013717 1.907597 -16.746779 -0.154386 0.009007 12.845295 117.0
118 11345.0 -0.077355 0.523561 0.0 0.003972 1.907597 -16.746779 -0.154386 0.009007 12.845295 117.0
119 11345.0 -0.061094 0.507428 0.0 0.00926 1.907597 -16.746779 -0.154386 0.009007 12.845295 117.0
120 11345.0 -0.041792 0.506543 0.0 0.008416 1.907597 -16.746779 -0.154386 0.009007 12.845295 117.0
121 11345.0 -0.064595 0.499377 0.0 0.012615 1.907597 -16.746779 -0.154386 0.009007 12.845295 117.0
122 11345.0 -0.049606 0.501212 0.0 0.010976 1.907597 -16.746779 -0.154386 0.009007 12.845295 117.0
123 11345.0 -0.027426 0.511597 0.0 0.00556 1.907597 -16.746779 -0.154386 0.009007 12.845295 117.0
124 11345.0 -0.006465 0.503946 0.0 0.007252 1.907597 -16.746779 -0.154386 0.009007 12.845295 117.0
125 11345.0 0.01756 0.519211 0.0 0.000999 1.907597 -16.746779 -0.154386 0.009007 12.845295 117.0
126 11345.0 0.027602 0.521399 0.0 0.000118 1.907597 -16.746779 -0.154386 0.009007 12.845295 117.0
127 11345.0 0.02505 0.512186 0.0 0.003003 1.907597 -16.746779 -0.154386 0.009007 12.845295 117.0
128 11345.0 0.045382 0.532056 0.0 -0.003526 1.907597 -16.746779 -0.154386 0.009007 12.845295 117.0
129 11345.0 0.05566 0.54081 0.0 -0.006429 1.907597 -16.746779 -0.154386 0.009007 12.845295 117.0
130 11345.0 0.067814 0.517733 0.0 0.000412 1.907597 -16.746779 -0.154386 0.009007 12.845295 117.0
131 11345.0 0.070564 0.523136 0.0 -0.001305 1.907597 -16.746779 -0.154386 0.009007 12.845295 117.0
132 11345.0 0.052644 0.530197 0.0 -0.003105 1.907597 -16.746779 -0.154386 0.009007 12.845295 117.0
133 11345.0 0.06444 0.538992 0.0 -0.005561 1.907597 -16.746779 -0.154386 0.009007 12.845295 117.0
134 11345.0 0.078136 0.526281 0.0 -0.002429 1.907597 -16.746779 -0.154386 0.009007 12.845295 117.0
135 11345.0 0.11421 0.509187 0.0 0.002078 1.907597 -16.746779 -0.154386 0.009007 12.845295 117.0
136 11345.0 0.125578 0.475635 0.0 0.013169 1.907597 -16.746779 -0.154386 0.009007 12.845295 117.0
137 11345.0 0.136952 0.502102 0.0 0.00484 1.907597 -16.746779 -0.154386 0.009007 12.845295 117.0
138 11345.0 0.150091 0.494521 0.0 0.007028 1.907597 -16.746779 -0.154386 0.009007 12.845295 117.0
139 11345.0 0.169271 0.497087 0.0 0.010251 1.907597 -16.746779 -0.154386 0.009007 12.845295 117.0
140 11345.0 0.181247 0.507015 0.0 0.012072 1.907597 -16.746779 -0.154386 0.009007 12.845295 117.0
141 11345.0 0.182596 0.510932 0.0 0.012413 1.907597 -16.746779 -0.154386 0.009007 12.845295 117.0
142 11345.0 0.173056 0.508935 0.0 0.010825 1.907597 -16.746779 -0.154386 0.009007 12.845295 117.0
143 11345.0 0.194497 0.508135 0.0 0.014224 1.907597 -16.746779 -0.154386 0.009007 12.845295 117.0
144 11345.0 0.224212 0.503571 0.0 0.025669 1.907597 -16.746779 -0.154386 0.009007 12.845295 117.0
145 11345.0 0.246194 0.49552 0.0 0.038732 1.907597 -16.746779 -0.154386 0.009007 12.845295 117.0
146 11345.0 0.265873 0.508147 0.0 0.058465 1.907597 -16.746779 -0.154386 0.009007 12.845295 117.0
147 11345.0 0.294508 0.495691 0.0 0.074684 1.907597 -16.746779 -0.154386 0.009007 12.845295 117.0
148 11345.0 0.293485 0.496742 0.0 0.07435 1.907597 -16.746779 -0.154386 0.009007 12.845295 117.0
149 11345.0 0.289497 0.477079 0.0 0.063419 1.907597 -16.746779 -0.154386 0.009007 12.845295 117.0
150 11345.0 0.305745 0.486343 0.0 0.079241 1.907597 -16.746779 -0.154386 0.009007 12.845295 117.0
151 11345.0 0.313237 0.46862 0.0 0.077622 1.907597 -16.746779 -0.154386 0.009007 12.845295 117.0
152 11345.0 0.326127 0.466251 0.0 0.086235 1.907597 -16.746779 -0.154386 0.009007 12.845295 117.0
153 11345.0 0.321616 0.463431 0.0 0.081742 1.907597 -16.746779 -0.154386 0.009007 12.845295 117.0
154 11345.0 0.333103 0.496621 0.0 0.103726 1.907597 -16.746779 -0.154386 0.009007 12.845295 117.0
155 11345.0 0.353721 0.485548 0.0 0.114551 1.907597 -16.746779 -0.154386 0.009007 12.845295 117.0
156 11345.0 0.358935 0.500861 0.0 0.124629 1.907597 -16.746779 -0.154386 0.009007 12.845295 117.0
157 11345.0 0.394988 0.514125 0.0 0.156783 1.907597 -16.746779 -0.154386 0.009007 12.845295 117.0
158 11345.0 0.414249 0.537944 0.0 0.180746 1.907597 -16.746779 -0.154386 0.009007 12.845295 117.0
159 11345.0 0.441658 0.533829 0.0 0.201234 1.907597 -16.746779 -0.154386 0.009007 12.845295 117.0
160 11345.0 0.444175 0.53954 0.0 0.206722 1.907597 -16.746779 -0.154386 0.009007 12.845295 117.0
161 11345.0 0.433005 0.543727 0.0 0.199428 1.907597 -16.746779 -0.154386 0.009007 12.845295 117.0
162 11345.0 0.450179 0.528857 0.0 0.205854 1.907597 -16.746779 -0.154386 0.009007 12.845295 117.0
163 11345.0 0.460319 0.530493 0.0 0.215636 1.907597 -16.746779 -0.154386 0.009007 12.845295 117.0
164 11345.0 0.483028 0.537064 0.0 0.23928 1.907597 -16.746779 -0.154386 0.009007 12.845295 117.0
165 11345.0 0.494189 0.522359 0.0 0.240585 1.907597 -16.746779 -0.154386 0.009007 12.845295 117.0
166 11345.0 0.516978 0.510233 0.0 0.25365 1.907597 -16.746779 -0.154386 0.009007 12.845295 117.0
167 11345.0 0.525292 0.525718 0.0 0.269718 1.907597 -16.746779 -0.154386 0.009007 12.845295 117.0
168 11345.0 0.5219 0.553789 0.0 0.282904 1.907597 -16.746779 -0.154386 0.009007 12.845295 117.0
169 11345.0 0.523185 0.547764 0.0 0.280561 1.907597 -16.746779 -0.154386 0.009007 12.845295 117.0
170 11345.0 0.524322 0.5397 0.0 0.276916 1.907597 -16.746779 -0.154386 0.009007 12.845295 117.0
171 11345.0 0.546517 0.549213 0.0 0.301803 1.907597 -16.746779 -0.154386 0.009007 12.845295 117.0
172 11345.0 0.587612 0.554974 0.0 0.341062 1.907597 -16.746779 -0.154386 0.009007 12.845295 117.0
173 11345.0 0.592169 0.543621 0.0 0.338515 1.907597 -16.746779 -0.154386 0.009007 12.845295 117.0
174 11345.0 0.590273 0.54681 0.0 0.338691 1.907597 -16.746779 -0.154386 0.009007 12.845295 117.0
175 11345.0 0.595143 0.531047 0.0 0.33388 1.907597 -16.746779 -0.154386 0.009007 12.845295 117.0
176 11345.0 0.585728 0.527959 0.0 0.323868 1.907597 -16.746779 -0.154386 0.009007 12.845295 117.0
177 11345.0 0.570987 0.523048 0.0 0.308149 1.907597 -16.746779 -0.154386 0.009007 12.845295 117.0
178 11345.0 0.574334 0.536394 0.0 0.318756 1.907597 -16.746779 -0.154386 0.009007 12.845295 117.0
179 11345.0 0.534458 0.543159 0.0 0.287772 1.907597 -16.746779 -0.154386 0.009007 12.845295 117.0
180 11345.0 0.545381 0.541924 0.0 0.296615 1.907597 -16.746779 -0.154386 0.009007 12.845295 117.0
181 11345.0 0.554312 0.549064 0.0 0.308535 1.907597 -16.746779 -0.154386 0.009007 12.845295 117.0
182 11345.0 0.554748 0.542609 0.0 0.305202 1.907597 -16.746779 -0.154386 0.009007 12.845295 117.0
183 11345.0 0.565404 0.539971 0.0 0.313005 1.907597 -16.746779 -0.154386 0.009007 12.845295 117.0
184 11345.0 0.578544 0.548198 0.0 0.329231 1.907597 -16.746779 -0.154386 0.009007 12.845295 117.0
185 11345.0 0.582237 0.559929 0.0 0.339213 1.907597 -16.746779 -0.154386 0.009007 12.845295 117.0
186 11345.0 0.570055 0.576451 0.0 0.339535 1.907597 -16.746779 -0.154386 0.009007 12.845295 117.0
187 11345.0 0.564894 0.586113 0.0 0.34201 1.907597 -16.746779 -0.154386 0.009007 12.845295 117.0
188 11345.0 0.583112 0.569226 0.0 0.345523 1.907597 -16.746779 -0.154386 0.009007 12.845295 117.0
189 11345.0 0.59738 0.589923 0.0 0.372411 1.907597 -16.746779 -0.154386 0.009007 12.845295 117.0
190 11345.0 0.601023 0.567715 0.0 0.360124 1.907597 -16.746779 -0.154386 0.009007 12.845295 117.0
191 11345.0 0.630176 0.563488 0.0 0.383191 1.907597 -16.746779 -0.154386 0.009007 12.845295 117.0
192 11345.0 0.618432 0.581002 0.0 0.384009 1.907597 -16.746779 -0.154386 0.009007 12.845295 117.0
193 11345.0 0.613378 0.585496 0.0 0.382899 1.907597 -16.746779 -0.154386 0.009007 12.845295 117.0
194 11345.0 0.622641 0.610372 0.0 0.408494 1.907597 -16.746779 -0.154386 0.009007 12.845295 117.0
195 11345.0 0.625331 0.605042 0.0 0.406995 1.907597 -16.746779 -0.154386 0.009007 12.845295 117.0
196 11345.0 0.626738 0.606764 0.0 0.40942 1.907597 -16.746779 -0.154386 0.009007 12.845295 117.0
197 11345.0 0.631873 0.579374 0.0 0.394308 1.907597 -16.746779 -0.154386 0.009007 12.845295 117.0
198 11345.0 0.654857 0.57738 0.0 0.412772 1.907597 -16.746779 -0.154386 0.009007 12.845295 117.0
199 11345.0 0.668459 0.582603 0.0 0.427792 1.907597 -16.746779 -0.154386 0.009007 12.845295 117.0
200 11345.0 0.66111 0.608775 0.0 0.440149 1.907597 -16.746779 -0.154386 0.009007 12.845295 117.0
201 11345.0 0.667597 0.578084 0.0 0.42432 1.907597 -16.746779 -0.154386 0.009007 12.845295 117.0
202 11345.0 0.672268 0.592441 0.0 0.438039 1.907597 -16.746779 -0.154386 0.009007 12.845295 117.0
203 11345.0 0.655119 0.627426 0.0 0.448313 1.907597 -16.746779 -0.154386 0.009007 12.845295 117.0
204 11345.0 0.65311 0.599444 0.0 0.426691 1.907597 -16.746779 -0.154386 0.009007 12.845295 117.0
205 11345.0 0.665288 0.613729 0.0 0.447236 1.907597 -16.746779 -0.154386 0.009007 12.845295 117.0
206 11345.0 0.669069 0.618185 0.0 0.453628 1.907597 -16.746779 -0.154386 0.009007 12.845295 117.0
207 11345.0 0.689604 0.622394 0.0 0.474128 1.907597 -16.746779 -0.154386 0.009007 12.845295 117.0
208 11345.0 0.683358 0.626951 0.0 0.472046 1.907597 -16.746779 -0.154386 0.009007 12.845295 117.0
209 11345.0 0.695868 0.642929 0.0 0.494078 1.907597 -16.746779 -0.154386 0.009007 12.845295 117.0
210 11345.0 0.689585 0.655318 0.0 0.497537 1.907597 -16.746779 -0.154386 0.009007 12.845295 117.0
211 11345.0 0.701919 0.645738 0.0 0.501234 1.907597 -16.746779 -0.154386 0.009007 12.845295 117.0
212 11345.0 0.709098 0.626478 0.0 0.493651 1.907597 -16.746779 -0.154386 0.009007 12.845295 117.0
213 11345.0 0.700665 0.63512 0.0 0.492611 1.907597 -16.746779 -0.154386 0.009007 12.845295 117.0
214 11345.0 0.695503 0.618662 0.0 0.476501 1.907597 -16.746779 -0.154386 0.009007 12.845295 117.0
215 11345.0 0.69467 0.60989 0.0 0.469549 1.907597 -16.746779 -0.154386 0.009007 12.845295 117.0
216 11345.0 0.695289 0.605681 0.0 0.467082 1.907597 -16.746779 -0.154386 0.009007 12.845295 117.0
217 11345.0 0.681566 0.599824 0.0 0.451218 1.907597 -16.746779 -0.154386 0.009007 12.845295 117.0
218 11345.0 0.684684 0.612293 0.0 0.462747 1.907597 -16.746779 -0.154386 0.009007 12.845295 117.0
219 11345.0 0.691684 0.589648 0.0 0.452602 1.907597 -16.746779 -0.154386 0.009007 12.845295 117.0
220 11345.0 0.70367 0.600181 0.0 0.470313 1.907597 -16.746779 -0.154386 0.009007 12.845295 117.0
221 11345.0 0.712924 0.601028 0.0 0.478804 1.907597 -16.746779 -0.154386 0.009007 12.845295 117.0
222 11345.0 0.702765 0.621742 0.0 0.484883 1.907597 -16.746779 -0.154386 0.009007 12.845295 117.0
223 11345.0 0.69969 0.617913 0.0 0.479537 1.907597 -16.746779 -0.154386 0.009007 12.845295 117.0
224 11345.0 0.709164 0.612316 0.0 0.48363 1.907597 -16.746779 -0.154386 0.009007 12.845295 117.0
225 11345.0 0.711616 0.619985 0.0 0.491178 1.907597 -16.746779 -0.154386 0.009007 12.845295 117.0
226 11345.0 0.737952 0.634409 0.0 0.523889 1.907597 -16.746779 -0.154386 0.009007 12.845295 117.0
227 11345.0 0.756074 0.643141 0.0 0.545549 1.907597 -16.746779 -0.154386 0.009007 12.845295 117.0
228 11345.0 0.758715 0.664176 0.0 0.562767 1.907597 -16.746779 -0.154386 0.009007 12.845295 117.0
229 11345.0 0.769962 0.655123 0.0 0.565913 1.907597 -16.746779 -0.154386 0.009007 12.845295 117.0
230 11345.0 0.799781 0.633699 0.0 0.576087 1.907597 -16.746779 -0.154386 0.009007 12.845295 117.0
231 11345.0 0.789025 0.639208 0.0 0.570838 1.907597 -16.746779 -0.154386 0.009007 12.845295 117.0
232 11345.0 0.796625 0.668239 0.0 0.597973 1.907597 -16.746779 -0.154386 0.009007 12.845295 117.0
233 11345.0 0.778774 0.649032 0.0 0.569091 1.907597 -16.746779 -0.154386 0.009007 12.845295 117.0
234 11345.0 0.754226 0.65508 0.0 0.552469 1.907597 -16.746779 -0.154386 0.009007 12.845295 117.0
235 11345.0 0.764167 0.685794 0.0 0.582796 1.907597 -16.746779 -0.154386 0.009007 12.845295 117.0
236 11345.0 0.765586 0.684332 0.0 0.582965 1.907597 -16.746779 -0.154386 0.009007 12.845295 117.0
237 11345.0 0.764947 0.678112 0.0 0.577995 1.907597 -16.746779 -0.154386 0.009007 12.845295 117.0
238 11345.0 0.770483 0.674287 0.0 0.579992 1.907597 -16.746779 -0.154386 0.009007 12.845295 117.0
239 11345.0 0.788354 0.684938 0.0 0.602804 1.907597 -16.746779 -0.154386 0.009007 12.845295 117.0
240 11345.0 0.790597 0.678464 0.0 0.60011 1.907597 -16.746779 -0.154386 0.009007 12.845295 117.0
241 11345.0 0.791341 0.710593 0.0 0.623604 1.907597 -16.746779 -0.154386 0.009007 12.845295 117.0
242 11345.0 0.778538 0.706729 0.0 0.609942 1.907597 -16.746779 -0.154386 0.009007 12.845295 117.0
243 11345.0 0.79299 0.708191 0.0 0.6233 1.907597 -16.746779 -0.154386 0.009007 12.845295 117.0
244 11345.0 0.822095 0.705495 0.0 0.646442 1.907597 -16.746779 -0.154386 0.009007 12.845295 117.0
245 11345.0 0.810035 0.710052 0.0 0.639295 1.907597 -16.746779 -0.154386 0.009007 12.845295 117.0
246 11345.0 0.829363 0.717949 0.0 0.661901 1.907597 -16.746779 -0.154386 0.009007 12.845295 117.0
247 11345.0 0.839103 0.728969 0.0 0.67846 1.907597 -16.746779 -0.154386 0.009007 12.845295 117.0
248 11345.0 0.853757 0.759197 0.0 0.713385 1.907597 -16.746779 -0.154386 0.009007 12.845295 117.0
249 11345.0 0.86558 0.768269 0.0 0.730325 1.907597 -16.746779 -0.154386 0.009007 12.845295 117.0
250 11345.0 0.854681 0.768707 0.0 0.721167 1.907597 -16.746779 -0.154386 0.009007 12.845295 117.0
251 11345.0 0.859661 0.800916 0.0 0.749131 1.907597 -16.746779 -0.154386 0.009007 12.845295 117.0
252 11345.0 0.836577 0.796824 0.0 0.726049 1.907597 -16.746779 -0.154386 0.009007 12.845295 117.0
253 11345.0 0.829763 0.812235 0.0 0.731429 1.907597 -16.746779 -0.154386 0.009007 12.845295 117.0
254 11345.0 0.850197 0.831593 0.0 0.763408 1.907597 -16.746779 -0.154386 0.009007 12.845295 117.0
255 11345.0 0.8472 0.815701 0.0 0.749141 1.907597 -16.746779 -0.154386 0.009007 12.845295 117.0
256 11345.0 0.839585 0.842258 0.0 0.762002 1.907597 -16.746779 -0.154386 0.009007 12.845295 117.0
257 11345.0 0.821553 0.889521 0.0 0.780995 1.907597 -16.746779 -0.154386 0.009007 12.845295 117.0
258 11345.0 0.850948 0.884299 0.0 0.802733 1.907597 -16.746779 -0.154386 0.009007 12.845295 117.0
259 11345.0 0.836743 0.910233 0.0 0.809404 1.907597 -16.746779 -0.154386 0.009007 12.845295 117.0
260 11345.0 0.849425 0.925699 0.0 0.831784 1.907597 -16.746779 -0.154386 0.009007 12.845295 117.0
261 11345.0 0.885479 0.954347 0.0 0.883625 1.907597 -16.746779 -0.154386 0.009007 12.845295 117.0
262 11345.0 0.881778 0.977872 0.0 0.897276 1.907597 -16.746779 -0.154386 0.009007 12.845295 117.0
263 11345.0 0.909188 1.008508 0.0 0.929051 1.907597 -16.746779 -0.154386 0.009007 12.845295 117.0
264 11345.0 0.890901 1.036092 0.0 0.913646 1.907597 -16.746779 -0.154386 0.009007 12.845295 117.0
265 11345.0 0.872774 1.05433 0.0 0.898513 1.907597 -16.746779 -0.154386 0.009007 12.845295 117.0
266 11345.0 0.885031 1.048871 0.0 0.908852 1.907597 -16.746779 -0.154386 0.009007 12.845295 117.0
267 11345.0 0.912426 1.05186 0.0 0.932195 1.907597 -16.746779 -0.154386 0.009007 12.845295 117.0
268 11345.0 0.932849 1.034212 0.0 0.942006 1.907597 -16.746779 -0.154386 0.009007 12.845295 117.0
269 11345.0 0.937657 1.070298 0.0 0.94485 1.907597 -16.746779 -0.154386 0.009007 12.845295 117.0
270 11345.0 0.929753 1.069243 0.0 0.941475 1.907597 -16.746779 -0.154386 0.009007 12.845295 117.0
271 11345.0 0.910829 1.06896 0.0 0.931102 1.907597 -16.746779 -0.154386 0.009007 12.845295 117.0
272 11345.0 0.90419 1.083868 0.0 0.925687 1.907597 -16.746779 -0.154386 0.009007 12.845295 117.0
273 11345.0 0.935357 1.098877 0.0 0.944513 1.907597 -16.746779 -0.154386 0.009007 12.845295 117.0
274 11345.0 0.96149 1.097164 0.0 0.955558 1.907597 -16.746779 -0.154386 0.009007 12.845295 117.0
275 11345.0 0.93466 1.081981 0.0 0.94384 1.907597 -16.746779 -0.154386 0.009007 12.845295 117.0
276 11345.0 0.950416 1.109482 0.0 0.951136 1.907597 -16.746779 -0.154386 0.009007 12.845295 117.0
277 11345.0 0.948931 1.10815 0.0 0.950477 1.907597 -16.746779 -0.154386 0.009007 12.845295 117.0
278 11345.0 0.958079 1.109863 0.0 0.954395 1.907597 -16.746779 -0.154386 0.009007 12.845295 117.0
279 11345.0 0.942082 1.094313 0.0 0.947263 1.907597 -16.746779 -0.154386 0.009007 12.845295 117.0
280 11345.0 0.974643 1.114181 0.0 0.961516 1.907597 -16.746779 -0.154386 0.009007 12.845295 117.0
281 11345.0 0.964726 1.094933 0.0 0.956881 1.907597 -16.746779 -0.154386 0.009007 12.845295 117.0
282 11345.0 0.933696 1.137559 0.0 0.944671 1.907597 -16.746779 -0.154386 0.009007 12.845295 117.0
283 11345.0 0.950149 1.141657 0.0 0.951741 1.907597 -16.746779 -0.154386 0.009007 12.845295 117.0
284 11345.0 0.928787 1.118661 0.0 0.942167 1.907597 -16.746779 -0.154386 0.009007 12.845295 117.0
285 11345.0 0.924404 1.11148 0.0 0.940148 1.907597 -16.746779 -0.154386 0.009007 12.845295 117.0
286 11345.0 0.93584 1.141131 0.0 0.94566 1.907597 -16.746779 -0.154386 0.009007 12.845295 117.0
287 11345.0 0.95042 1.132797 0.0 0.951658 1.907597 -16.746779 -0.154386 0.009007 12.845295 117.0
