 time p.x p.y p.z deep.node-0 CV opes.bias opes.rct opes.zed opes.neff opes.nker
0 11220.0 -0.920262 1.008636 0.0 -0.8253 1.766932 -16.623903 -0.153274 0.009007 12.845295 117.0
1 11220.0 -0.921135 0.99162 0.0 -0.815487 1.766932 -16.623903 -0.153274 0.009007 12.845295 117.0
2 11220.0 -0.914171 0.972463 0.0 -0.802119 1.766932 -16.623903 -0.153274 0.009007 12.845295 117.0
3 11220.0 -0.929134 0.963644 0.0 -0.801007 1.766932 -16.623903 -0.153274 0.009007 12.845295 117.0
4 11220.0 -0.938711 0.935074 0.0 -0.783994 1.766932 -16.623903 -0.153274 0.009007 12.845295 117.0
5 11220.0 -0.911989 0.901126 0.0 -0.746965 1.766932 -16.623903 -0.153274 0.009007 12.845295 117.0
6 11220.0 -0.900223 0.8964 0.0 -0.738876 1.766932 -16.623903 -0.153274 0.009007 12.845295 117.0
7 11220.0 -0.911519 0.911649 0.0 -0.755758 1.766932 -16.623903 -0.153274 0.009007 12.845295 117.0
8 11220.0 -0.911669 0.882243 0.0 -0.730391 1.766932 -16.623903 -0.153274 0.009007 12.845295 117.0
9 11220.0 -0.923941 0.853266 0.0 -0.709258 1.766932 -16.623903 -0.153274 0.009007 12.845295 117.0
10 11220.0 -0.911543 0.832393 0.0 -0.686874 1.766932 -16.623903 -0.153274 0.009007 12.845295 117.0
11 11220.0 -0.904236 0.823162 0.0 -0.67636 1.766932 -16.623903 -0.153274 0.009007 12.845295 117.0
12 11220.0 -0.900332 0.793188 0.0 -0.648904 1.766932 -16.623903 -0.153274 0.009007 12.845295 117.0
13 11220.0 -0.875603 0.75358 0.0 -0.606095 1.766932 -16.623903 -0.153274 0.009007 12.845295 117.0
14 11220.0 -0.873394 0.741149 0.0 -0.594544 1.766932 -16.623903 -0.153274 0.009007 12.845295 117.0
15 11220.0 -0.877388 0.734158 0.0 -0.589816 1.766932 -16.623903 -0.153274 0.009007 12.845295 117.0
16 11220.0 -0.861198 0.709668 0.0 -0.56101 1.766932 -16.623903 -0.153274 0.009007 12.845295 117.0
17 11220.0 -0.860696 0.700981 0.0 -0.551278 1.766932 -16.623903 -0.153274 0.009007 12.845295 117.0
18 11220.0 -0.847395 0.678786 0.0 -0.521817 1.766932 -16.623903 -0.153274 0.009007 12.845295 117.0
19 11220.0 -0.850436 0.716904 0.0 -0.564843 1.766932 -16.623903 -0.153274 0.009007 12.845295 117.0
20 11220.0 -0.830063 0.69747 0.0 -0.535712 1.766932 -16.623903 -0.153274 0.009007 12.845295 117.0
21 11220.0 -0.841459 0.692017 0.0 -0.53408 1.766932 -16.623903 -0.153274 0.009007 12.845295 117.0
22 11220.0 -0.860419 0.682094 0.0 -0.530429 1.766932 -16.623903 -0.153274 0.009007 12.845295 117.0
23 11220.0 -0.858323 0.669332 0.0 -0.515613 1.766932 -16.623903 -0.153274 0.009007 12.845295 117.0
24 11220.0 -0.860816 0.653684 0.0 -0.499903 1.766932 -16.623903 -0.153274 0.009007 12.845295 117.0
25 11220.0 -0.870316 0.666901 0.0 -0.517527 1.766932 -16.623903 -0.153274 0.009007 12.845295 117.0
26 11220.0 -0.855191 0.665339 0.0 -0.510031 1.766932 -16.623903 -0.153274 0.009007 12.845295 117.0
27 11220.0 -0.854035 0.65379 0.0 -0.496968 1.766932 -16.623903 -0.153274 0.009007 12.845295 117.0
28 11220.0 -0.826639 0.656532 0.0 -0.489127 1.766932 -16.623903 -0.153274 0.009007 12.845295 117.0
29 11220.0 -0.820063 0.654702 0.0 -0.48436 1.766932 -16.623903 -0.153274 0.009007 12.845295 117.0
30 11220.0 -0.821399 0.626807 0.0 -0.455665 1.766932 -16.623903 -0.153274 0.009007 12.845295 117.0
31 11220.0 -0.822781 0.64501 0.0 -0.474648 1.766932 -16.623903 -0.153274 0.009007 12.845295 117.0
32 11220.0 -0.810561 0.628712 0.0 -0.452318 1.766932 -16.623903 -0.153274 0.009007 12.845295 117.0
33 11220.0 -0.799004 0.607388 0.0 -0.426109 1.766932 -16.623903 -0.153274 0.009007 12.845295 117.0
34 11220.0 -0.779233 0.594947 0.0 -0.404574 1.766932 -16.623903 -0.153274 0.009007 12.845295 117.0
35 11220.0 -0.784857 0.590088 0.0 -0.402558 1.766932 -16.623903 -0.153274 0.009007 12.845295 117.0
36 11220.0 -0.80363 0.607831 0.0 -0.428754 1.766932 -16.623903 -0.153274 0.009007 12.845295 117.0
37 11220.0 -0.792682 0.618842 0.0 -0.434183 1.766932 -16.623903 -0.153274 0.009007 12.845295 117.0
38 11220.0 -0.776478 0.61419 0.0 -0.421908 1.766932 -16.623903 -0.153274 0.009007 12.845295 117.0
39 11220.0 -0.761721 0.630779 0.0 -0.433471 1.766932 -16.623903 -0.153274 0.009007 12.845295 117.0
40 11220.0 -0.76488 0.645439 0.0 -0.45117 1.766932 -16.623903 -0.153274 0.009007 12.845295 117.0
41 11220.0 -0.758627 0.63139 0.0 -0.432874 1.766932 -16.623903 -0.153274 0.009007 12.845295 117.0
42 11220.0 -0.746748 0.622303 0.0 -0.417798 1.766932 -16.623903 -0.153274 0.009007 12.845295 117.0
43 11220.0 -0.760714 0.604052 0.0 -0.404526 1.766932 -16.623903 -0.153274 0.009007 12.845295 117.0
44 11220.0 -0.730844 0.610978 0.0 -0.398555 1.766932 -16.623903 -0.153274 0.009007 12.845295 117.0
45 11220.0 -0.726811 0.585204 0.0 -0.370009 1.766932 -16.623903 -0.153274 0.009007 12.845295 117.0
46 11220.0 -0.715381 0.582181 0.0 -0.361602 1.766932 -16.623903 -0.153274 0.009007 12.845295 117.0
47 11220.0 -0.713994 0.581181 0.0 -0.359968 1.766932 -16.623903 -0.153274 0.009007 12.845295 117.0
48 11220.0 -0.701199 0.563004 0.0 -0.336215 1.766932 -16.623903 -0.153274 0.009007 12.845295 117.0
49 11220.0 -0.697328 0.534096 0.0 -0.303381 1.766932 -16.623903 -0.153274 0.009007 12.845295 117.0
50 11220.0 -0.679488 0.543595 0.0 -0.304066 1.766932 -16.623903 -0.153274 0.009007 12.845295 117.0
51 11220.0 -0.661524 0.502754 0.0 -0.242576 1.766932 -16.623903 -0.153274 0.009007 12.845295 117.0
52 11220.0 -0.657362 0.524985 0.0 -0.268028 1.766932 -16.623903 -0.153274 0.009007 12.845295 117.0
53 11220.0 -0.627032 0.520251 0.0 -0.23915 1.766932 -16.623903 -0.153274 0.009007 12.845295 117.0
54 11220.0 -0.624955 0.509529 0.0 -0.21882 1.766932 -16.623903 -0.153274 0.009007 12.845295 117.0
55 11220.0 -0.604635 0.534638 0.0 -0.241861 1.766932 -16.623903 -0.153274 0.009007 12.845295 117.0
56 11220.0 -0.576036 0.524227 0.0 -0.196179 1.766932 -16.623903 -0.153274 0.009007 12.845295 117.0
57 11220.0 -0.566467 0.525974 0.0 -0.190161 1.766932 -16.623903 -0.153274 0.009007 12.845295 117.0
58 11220.0 -0.562478 0.525215 0.0 -0.186371 1.766932 -16.623903 -0.153274 0.009007 12.845295 117.0
59 11220.0 -0.54126 0.530265 0.0 -0.178761 1.766932 -16.623903 -0.153274 0.009007 12.845295 117.0
60 11220.0 -0.514042 0.539434 0.0 -0.172707 1.766932 -16.623903 -0.153274 0.009007 12.845295 117.0
61 11220.0 -0.51382 0.558154 0.0 -0.198091 1.766932 -16.623903 -0.153274 0.009007 12.845295 117.0
62 11220.0 -0.493374 0.543091 0.0 -0.1636 1.766932 -16.623903 -0.153274 0.009007 12.845295 117.0
63 11220.0 -0.49171 0.554553 0.0 -0.1781 1.766932 -16.623903 -0.153274 0.009007 12.845295 117.0
64 11220.0 -0.489103 0.5425 0.0 -0.159881 1.766932 -16.623903 -0.153274 0.009007 12.845295 117.0
65 11220.0 -0.470576 0.539988 0.0 -0.14382 1.766932 -16.623903 -0.153274 0.009007 12.845295 117.0
66 11220.0 -0.43249 0.519457 0.0 -0.106 1.766932 -16.623903 -0.153274 0.009007 12.845295 117.0
67 11220.0 -0.440756 0.509024 0.0 -0.099262 1.766932 -16.623903 -0.153274 0.009007 12.845295 117.0
68 11220.0 -0.424205 0.51602 0.0 -0.099509 1.766932 -16.623903 -0.153274 0.009007 12.845295 117.0
69 11220.0 -0.428573 0.515144 0.0 -0.100369 1.766932 -16.623903 -0.153274 0.009007 12.845295 117.0
70 11220.0 -0.41941 0.50178 0.0 -0.084077 1.766932 -16.623903 -0.153274 0.009007 12.845295 117.0
71 11220.0 -0.426072 0.508183 0.0 -0.092764 1.766932 -16.623903 -0.153274 0.009007 12.845295 117.0
72 11220.0 -0.441515 0.48884 0.0 -0.080319 1.766932 -16.623903 -0.153274 0.009007 12.845295 117.0
73 11220.0 -0.441888 0.482023 0.0 -0.073965 1.766932 -16.623903 -0.153274 0.009007 12.845295 117.0
74 11220.0 -0.420319 0.48342 0.0 -0.06693 1.766932 -16.623903 -0.153274 0.009007 12.845295 117.0
75 11220.0 -0.43738 0.48785 0.0 -0.077771 1.766932 -16.623903 -0.153274 0.009007 12.845295 117.0
76 11220.0 -0.430596 0.480177 0.0 -0.067826 1.766932 -16.623903 -0.153274 0.009007 12.845295 117.0
77 11220.0 -0.414239 0.478522 0.0 -0.059902 1.766932 -16.623903 -0.153274 0.009007 12.845295 117.0
78 11220.0 -0.403414 0.48417 0.0 -0.061087 1.766932 -16.623903 -0.153274 0.009007 12.845295 117.0
79 11220.0 -0.40212 0.49462 0.0 -0.070545 1.766932 -16.623903 -0.153274 0.009007 12.845295 117.0
80 11220.0 -0.395773 0.490654 0.0 -0.064302 1.766932 -16.623903 -0.153274 0.009007 12.845295 117.0
81 11220.0 -0.403996 0.498171 0.0 -0.074657 1.766932 -16.623903 -0.153274 0.009007 12.845295 117.0
82 11220.0 -0.391506 0.490832 0.0 -0.062816 1.766932 -16.623903 -0.153274 0.009007 12.845295 117.0
83 11220.0 -0.368657 0.504567 0.0 -0.067044 1.766932 -16.623903 -0.153274 0.009007 12.845295 117.0
84 11220.0 -0.364628 0.506741 0.0 -0.067553 1.766932 -16.623903 -0.153274 0.009007 12.845295 117.0
85 11220.0 -0.327075 0.489421 0.0 -0.036476 1.766932 -16.623903 -0.153274 0.009007 12.845295 117.0
86 11220.0 -0.309375 0.501052 0.0 -0.040695 1.766932 -16.623903 -0.153274 0.009007 12.845295 117.0
87 11220.0 -0.299326 0.500807 0.0 -0.036892 1.766932 -16.623903 -0.153274 0.009007 12.845295 117.0
88 11220.0 -0.283381 0.541881 0.0 -0.069527 1.766932 -16.623903 -0.153274 0.009007 12.845295 117.0
89 11220.0 -0.258387 0.539282 0.0 -0.057353 1.766932 -16.623903 -0.153274 0.009007 12.845295 117.0
90 11220.0 -0.270601 0.527418 0.0 -0.050784 1.766932 -16.623903 -0.153274 0.009007 12.845295 117.0
91 11220.0 -0.256322 0.491933 0.0 -0.016453 1.766932 -16.623903 -0.153274 0.009007 12.845295 117.0
92 11220.0 -0.232985 0.47664 0.0 0.003072 1.766932 -16.623903 -0.153274 0.009007 12.845295 117.0
93 11220.0 -0.234431 0.48045 0.0 -0.000441 1.766932 -16.623903 -0.153274 0.009007 12.845295 117.0
94 11220.0 -0.235575 0.507904 0.0 -0.022894 1.766932 -16.623903 -0.153274 0.009007 12.845295 117.0
95 11220.0 -0.235673 0.497964 0.0 -0.014923 1.766932 -16.623903 -0.153274 0.009007 12.845295 117.0
96 11220.0 -0.228285 0.499629 0.0 -0.01398 1.766932 -16.623903 -0.153274 0.009007 12.845295 117.0
97 11220.0 -0.217894 0.511871 0.0 -0.020621 1.766932 -16.623903 -0.153274 0.009007 12.845295 117.0
98 11220.0 -0.217907 0.513502 0.0 -0.021938 1.766932 -16.623903 -0.153274 0.009007 12.845295 117.0
99 11220.0 -0.202176 0.523349 0.0 -0.025001 1.766932 -16.623903 -0.153274 0.009007 12.845295 117.0
100 11220.0 -0.183149 0.531812 0.0 -0.02593 1.766932 -16.623903 -0.153274 0.009007 12.845295 117.0
101 11220.0 -0.160044 0.535145 0.0 -0.02147 1.766932 -16.623903 -0.153274 0.009007 12.845295 117.0
102 11220.0 -0.167948 0.527085 0.0 -0.017426 1.766932 -16.623903 -0.153274 0.009007 12.845295 117.0
103 11220.0 -0.159019 0.542084 0.0 -0.026739 1.766932 -16.623903 -0.153274 0.009007 12.845295 117.0
104 11220.0 -0.131279 0.538035 0.0 -0.014904 1.766932 -16.623903 -0.153274 0.009007 12.845295 117.0
105 11220.0 -0.134997 0.529814 0.0 -0.009435 1.766932 -16.623903 -0.153274 0.009007 12.845295 117.0
106 11220.0 -0.138987 0.551652 0.0 -0.028247 1.766932 -16.623903 -0.153274 0.009007 12.845295 117.0
107 11220.0 -0.117169 0.546116 0.0 -0.017046 1.766932 -16.623903 -0.153274 0.009007 12.845295 117.0
108 11220.0 -0.091512 0.550205 0.0 -0.013289 1.766932 -16.623903 -0.153274 0.009007 12.845295 117.0
109 11220.0 -0.07369 0.534447 0.0 -0.001236 1.766932 -16.623903 -0.153274 0.009007 12.845295 117.0
110 11220.0 -0.075336 0.526955 0.0 0.002524 1.766932 -16.623903 -0.153274 0.009007 12.845295 117.0
111 11220.0 -0.076538 0.528924 0.0 0.001731 1.766932 -16.623903 -0.153274 0.009007 12.845295 117.0
112 11220.0 -0.072905 0.506112 0.0 0.010501 1.766932 -16.623903 -0.153274 0.009007 12.845295 117.0
113 11220.0 -0.0795 0.554322 0.0 -0.0136 1.766932 -16.623903 -0.153274 0.009007 12.845295 117.0
114 11220.0 -0.094473 0.552687 0.0 -0.015557 1.766932 -16.623903 -0.153274 0.009007 12.845295 117.0
115 11220.0 -0.099987 0.533344 0.0 -0.003529 1.766932 -16.623903 -0.153274 0.009007 12.845295 117.0
116 11220.0 -0.101588 0.513272 0.0 0.009143 1.766932 -16.623903 -0.153274 0.009007 12.845295 117.0
117 11220.0 -0.097672 0.507429 0.0 0.011513 1.766932 -16.623903 -0.153274 0.009007 12.845295 117.0
118 11220.0 -0.085412 0.496025 0.0 0.015204 1.766932 -16.623903 -0.153274 0.009007 12.845295 117.0
119 11220.0 -0.078929 0.498788 0.0 0.013727 1.766932 -16.623903 -0.153274 0.009007 12.845295 117.0
120 11220.0 -0.083883 0.496544 0.0 0.014907 1.766932 -16.623903 -0.153274 0.009007 12.845295 117.0
121 11220.0 -0.07419 0.47231 0.0 0.023759 1.766932 -16.623903 -0.153274 0.009007 12.845295 117.0
122 11220.0 -0.06441 0.493788 0.0 0.014782 1.766932 -16.623903 -0.153274 0.009007 12.845295 117.0
123 11220.0 -0.064803 0.501071 0.0 0.011967 1.766932 -16.623903 -0.153274 0.009007 12.845295 117.0
124 11220.0 -0.074973 0.522992 0.0 0.004046 1.766932 -16.623903 -0.153274 0.009007 12.845295 117.0
125 11220.0 -0.080093 0.520064 0.0 0.005504 1.766932 -16.623903 -0.153274 0.009007 12.845295 117.0
126 11220.0 -0.078055 0.528649 0.0 0.001798 1.766932 -16.623903 -0.153274 0.009007 12.845295 117.0
127 11220.0 -0.045923 0.51426 0.0 0.005662 1.766932 -16.623903 -0.153274 0.009007 12.845295 117.0
128 11220.0 -0.051149 0.516014 0.0 0.0053 1.766932 -16.623903 -0.153274 0.009007 12.845295 117.0
129 11220.0 -0.038745 0.495132 0.0 0.012677 1.766932 -16.623903 -0.153274 0.009007 12.845295 117.0
130 11220.0 -0.038958 0.507711 0.0 0.007786 1.766932 -16.623903 -0.153274 0.009007 12.845295 117.0
131 11220.0 -0.023103 0.489377 0.0 0.013958 1.766932 -16.623903 -0.153274 0.009007 12.845295 117.0
132 11220.0 -0.030848 0.490604 0.0 0.013956 1.766932 -16.623903 -0.153274 0.009007 12.845295 117.0
133 11220.0 -0.037706 0.508901 0.0 0.007245 1.766932 -16.623903 -0.153274 0.009007 12.845295 117.0
134 11220.0 -0.039819 0.496733 0.0 0.012119 1.766932 -16.623903 -0.153274 0.009007 12.845295 117.0
135 11220.0 -0.049471 0.498229 0.0 0.01213 1.766932 -16.623903 -0.153274 0.009007 12.845295 117.0
136 11220.0 -0.042196 0.50407 0.0 0.009405 1.766932 -16.623903 -0.153274 0.009007 12.845295 117.0
137 11220.0 -0.042651 0.505563 0.0 0.008851 1.766932 -16.623903 -0.153274 0.009007 12.845295 117.0
138 11220.0 -0.029679 0.512453 0.0 0.005366 1.766932 -16.623903 -0.153274 0.009007 12.845295 117.0
139 11220.0 -0.047524 0.514733 0.0 0.005576 1.766932 -16.623903 -0.153274 0.009007 12.845295 117.0
140 11220.0 -0.02313 0.537559 0.0 -0.003798 1.766932 -16.623903 -0.153274 0.009007 12.845295 117.0
141 11220.0 -0.018487 0.508492 0.0 0.00622 1.766932 -16.623903 -0.153274 0.009007 12.845295 117.0
142 11220.0 -0.037973 0.50955 0.0 0.007008 1.766932 -16.623903 -0.153274 0.009007 12.845295 117.0
143 11220.0 -0.03265 0.488938 0.0 0.014717 1.766932 -16.623903 -0.153274 0.009007 12.845295 117.0
144 11220.0 -0.021727 0.501857 0.0 0.009007 1.766932 -16.623903 -0.153274 0.009007 12.845295 117.0
145 11220.0 -0.005721 0.512313 0.0 0.003944 1.766932 -16.623903 -0.153274 0.009007 12.845295 117.0
146 11220.0 0.014573 0.507839 0.0 0.004556 1.766932 -16.623903 -0.153274 0.009007 12.845295 117.0
147 11220.0 0.028889 0.506717 0.0 0.004605 1.766932 -16.623903 -0.153274 0.009007 12.845295 117.0
148 11220.0 0.035274 0.533886 0.0 -0.003879 1.766932 -16.623903 -0.153274 0.009007 12.845295 117.0
149 11220.0 0.02009 0.529638 0.0 -0.002259 1.766932 -16.623903 -0.153274 0.009007 12.845295 117.0
150 11220.0 0.012883 0.546764 0.0 -0.007373 1.766932 -16.623903 -0.153274 0.009007 12.845295 117.0
151 11220.0 0.016976 0.539114 0.0 -0.005107 1.766932 -16.623903 -0.153274 0.009007 12.845295 117.0
152 11220.0 0.041539 0.558214 0.0 -0.008603 1.766932 -16.623903 -0.153274 0.009007 12.845295 117.0
153 11220.0 0.02109 0.532936 0.0 -0.003293 1.766932 -16.623903 -0.153274 0.009007 12.845295 117.0
154 11220.0 -0.011205 0.525555 0.0 -0.000355 1.766932 -16.623903 -0.153274 0.009007 12.845295 117.0
155 11220.0 -0.01324 0.528058 0.0 -0.001083 1.766932 -16.623903 -0.153274 0.009007 12.845295 117.0
156 11220.0 -0.018008 0.519513 0.0 0.001894 1.766932 -16.623903 -0.153274 0.009007 12.845295 117.0
157 11220.0 -0.008339 0.504764 0.0 0.007049 1.766932 -16.623903 -0.153274 0.009007 12.845295 117.0
158 11220.0 -0.007479 0.519368 0.0 0.001469 1.766932 -16.623903 -0.153274 0.009007 12.845295 117.0
159 11220.0 0.002319 0.51184 0.0 0.003633 1.766932 -16.623903 -0.153274 0.009007 12.845295 117.0
160 11220.0 0.003596 0.504606 0.0 0.006375 1.766932 -16.623903 -0.153274 0.009007 12.845295 117.0
161 11220.0 -0.000309 0.506995 0.0 0.005684 1.766932 -16.623903 -0.153274 0.009007 12.845295 117.0
162 11220.0 0.001776 0.499389 0.0 0.008522 1.766932 -16.623903 -0.153274 0.009007 12.845295 117.0
163 11220.0 0.008917 0.514619 0.0 0.002589 1.766932 -16.623903 -0.153274 0.009007 12.845295 117.0
164 11220.0 -0.00473 0.517994 0.0 0.001835 1.766932 -16.623903 -0.153274 0.009007 12.845295 117.0
165 11220.0 0.043776 0.543564 0.0 -0.00703 1.766932 -16.623903 -0.153274 0.009007 12.845295 117.0
166 11220.0 0.036446 0.549442 0.0 -0.008684 1.766932 -16.623903 -0.153274 0.009007 12.845295 117.0
167 11220.0 0.059045 0.551943 0.0 -0.006008 1.766932 -16.623903 -0.153274 0.009007 12.845295 117.0
168 11220.0 0.073646 0.542941 0.0 -0.003964 1.766932 -16.623903 -0.153274 0.009007 12.845295 117.0
169 11220.0 0.084237 0.546872 0.0 -0.002147 1.766932 -16.623903 -0.153274 0.009007 12.845295 117.0
170 11220.0 0.102698 0.537991 0.0 0.000518 1.766932 -16.623903 -0.153274 0.009007 12.845295 117.0
171 11220.0 0.131906 0.524997 0.0 0.004767 1.766932 -16.623903 -0.153274 0.009007 12.845295 117.0
172 11220.0 0.12796 0.529932 0.0 0.004294 1.766932 -16.623903 -0.153274 0.009007 12.845295 117.0
173 11220.0 0.143501 0.548697 0.0 0.007377 1.766932 -16.623903 -0.153274 0.009007 12.845295 117.0
174 11220.0 0.127836 0.534084 0.0 0.004407 1.766932 -16.623903 -0.153274 0.009007 12.845295 117.0
175 11220.0 0.147238 0.547817 0.0 0.007946 1.766932 -16.623903 -0.153274 0.009007 12.845295 117.0
176 11220.0 0.155056 0.512797 0.0 0.008074 1.766932 -16.623903 -0.153274 0.009007 12.845295 117.0
177 11220.0 0.168984 0.498088 0.0 0.010095 1.766932 -16.623903 -0.153274 0.009007 12.845295 117.0
178 11220.0 0.205814 0.513727 0.0 0.017162 1.766932 -16.623903 -0.153274 0.009007 12.845295 117.0
179 11220.0 0.225773 0.523281 0.0 0.036714 1.766932 -16.623903 -0.153274 0.009007 12.845295 117.0
180 11220.0 0.232341 0.50395 0.0 0.03186 1.766932 -16.623903 -0.153274 0.009007 12.845295 117.0
181 11220.0 0.245888 0.479992 0.0 0.032211 1.766932 -16.623903 -0.153274 0.009007 12.845295 117.0
182 11220.0 0.246901 0.470747 0.0 0.029217 1.766932 -16.623903 -0.153274 0.009007 12.845295 117.0
183 11220.0 0.226576 0.464273 0.0 0.024094 1.766932 -16.623903 -0.153274 0.009007 12.845295 117.0
184 11220.0 0.227793 0.467718 0.0 0.023957 1.766932 -16.623903 -0.153274 0.009007 12.845295 117.0
185 11220.0 0.246045 0.488119 0.0 0.035621 1.766932 -16.623903 -0.153274 0.009007 12.845295 117.0
186 11220.0 0.271026 0.509209 0.0 0.062724 1.766932 -16.623903 -0.153274 0.009007 12.845295 117.0
187 11220.0 0.272862 0.51197 0.0 0.065205 1.766932 -16.623903 -0.153274 0.009007 12.845295 117.0
188 11220.0 0.282855 0.526157 0.0 0.079396 1.766932 -16.623903 -0.153274 0.009007 12.845295 117.0
189 11220.0 0.299659 0.533571 0.0 0.095516 1.766932 -16.623903 -0.153274 0.009007 12.845295 117.0
190 11220.0 0.293476 0.549448 0.0 0.099657 1.766932 -16.623903 -0.153274 0.009007 12.845295 117.0
191 11220.0 0.318767 0.557159 0.0 0.122077 1.766932 -16.623903 -0.153274 0.009007 12.845295 117.0
192 11220.0 0.333189 0.549888 0.0 0.128506 1.766932 -16.623903 -0.153274 0.009007 12.845295 117.0
193 11220.0 0.326981 0.550636 0.0 0.124439 1.766932 -16.623903 -0.153274 0.009007 12.845295 117.0
194 11220.0 0.349161 0.533017 0.0 0.130879 1.766932 -16.623903 -0.153274 0.009007 12.845295 117.0
195 11220.0 0.365426 0.527567 0.0 0.140274 1.766932 -16.623903 -0.153274 0.009007 12.845295 117.0
196 11220.0 0.3643 0.540673 0.0 0.145931 1.766932 -16.623903 -0.153274 0.009007 12.845295 117.0
197 11220.0 0.362104 0.529963 0.0 0.138778 1.766932 -16.623903 -0.153274 0.009007 12.845295 117.0
198 11220.0 0.361821 0.523476 0.0 0.13594 1.766932 -16.623903 -0.153274 0.009007 12.845295 117.0
199 11220.0 0.353837 0.52581 0.0 0.130955 1.766932 -16.623903 -0.153274 0.009007 12.845295 117.0
200 11220.0 0.353707 0.518384 0.0 0.127849 1.766932 -16.623903 -0.153274 0.009007 12.845295 117.0
201 11220.0 0.368053 0.542781 0.0 0.149776 1.766932 -16.623903 -0.153274 0.009007 12.845295 117.0
202 11220.0 0.370369 0.542808 0.0 0.151459 1.766932 -16.623903 -0.153274 0.009007 12.845295 117.0
203 11220.0 0.367821 0.551086 0.0 0.154173 1.766932 -16.623903 -0.153274 0.009007 12.845295 117.0
204 11220.0 0.393563 0.537633 0.0 0.165368 1.766932 -16.623903 -0.153274 0.009007 12.845295 117.0
205 11220.0 0.371923 0.548374 0.0 0.155633 1.766932 -16.623903 -0.153274 0.009007 12.845295 117.0
206 11220.0 0.384313 0.506589 0.0 0.145799 1.766932 -16.623903 -0.153274 0.009007 12.845295 117.0
207 11220.0 0.37524 0.527491 0.0 0.147533 1.766932 -16.623903 -0.153274 0.009007 12.845295 117.0
208 11220.0 0.361668 0.552858 0.0 0.150708 1.766932 -16.623903 -0.153274 0.009007 12.845295 117.0
209 11220.0 0.377738 0.541671 0.0 0.156153 1.766932 -16.623903 -0.153274 0.009007 12.845295 117.0
210 11220.0 0.393782 0.530484 0.0 0.162517 1.766932 -16.623903 -0.153274 0.009007 12.845295 117.0
211 11220.0 0.396441 0.52232 0.0 0.161183 1.766932 -16.623903 -0.153274 0.009007 12.845295 117.0
212 11220.0 0.399824 0.516705 0.0 0.16142 1.766932 -16.623903 -0.153274 0.009007 12.845295 117.0
213 11220.0 0.404623 0.512925 0.0 0.163452 1.766932 -16.623903 -0.153274 0.009007 12.845295 117.0
214 11220.0 0.416163 0.513029 0.0 0.172065 1.766932 -16.623903 -0.153274 0.009007 12.845295 117.0
215 11220.0 0.422005 0.532387 0.0 0.184249 1.766932 -16.623903 -0.153274 0.009007 12.845295 117.0
216 11220.0 0.443544 0.516849 0.0 0.193949 1.766932 -16.623903 -0.153274 0.009007 12.845295 117.0
217 11220.0 0.469083 0.520836 0.0 0.217836 1.766932 -16.623903 -0.153274 0.009007 12.845295 117.0
218 11220.0 0.489189 0.537216 0.0 0.244756 1.766932 -16.623903 -0.153274 0.009007 12.845295 117.0
219 11220.0 0.50434 0.540278 0.0 0.25977 1.766932 -16.623903 -0.153274 0.009007 12.845295 117.0
220 11220.0 0.505529 0.518738 0.0 0.248441 1.766932 -16.623903 -0.153274 0.009007 12.845295 117.0
221 11220.0 0.499138 0.535725 0.0 0.252601 1.766932 -16.623903 -0.153274 0.009007 12.845295 117.0
222 11220.0 0.491112 0.526645 0.0 0.240355 1.766932 -16.623903 -0.153274 0.009007 12.845295 117.0
223 11220.0 0.501579 0.540092 0.0 0.257248 1.766932 -16.623903 -0.153274 0.009007 12.845295 117.0
224 11220.0 0.540111 0.53415 0.0 0.287531 1.766932 -16.623903 -0.153274 0.009007 12.845295 117.0
225 11220.0 0.542191 0.517611 0.0 0.279833 1.766932 -16.623903 -0.153274 0.009007 12.845295 117.0
226 11220.0 0.548991 0.516352 0.0 0.285057 1.766932 -16.623903 -0.153274 0.009007 12.845295 117.0
227 11220.0 0.557666 0.5318 0.0 0.301534 1.766932 -16.623903 -0.153274 0.009007 12.845295 117.0
228 11220.0 0.533262 0.49946 0.0 0.261802 1.766932 -16.623903 -0.153274 0.009007 12.845295 117.0
229 11220.0 0.529057 0.490127 0.0 0.252896 1.766932 -16.623903 -0.153274 0.009007 12.845295 117.0
230 11220.0 0.54406 0.474977 0.0 0.257473 1.766932 -16.623903 -0.153274 0.009007 12.845295 117.0
231 11220.0 0.532628 0.477936 0.0 0.249165 1.766932 -16.623903 -0.153274 0.009007 12.845295 117.0
232 11220.0 0.523888 0.480644 0.0 0.243064 1.766932 -16.623903 -0.153274 0.009007 12.845295 117.0
233 11220.0 0.501526 0.48057 0.0 0.223521 1.766932 -16.623903 -0.153274 0.009007 12.845295 117.0
234 11220.0 0.498136 0.472329 0.0 0.21645 1.766932 -16.623903 -0.153274 0.009007 12.845295 117.0
235 11220.0 0.491548 0.476085 0.0 0.21308 1.766932 -16.623903 -0.153274 0.009007 12.845295 117.0
236 11220.0 0.515758 0.488071 0.0 0.240143 1.766932 -16.623903 -0.153274 0.009007 12.845295 117.0
237 11220.0 0.534028 0.48681 0.0 0.255368 1.766932 -16.623903 -0.153274 0.009007 12.845295 117.0
238 11220.0 0.534364 0.512073 0.0 0.269845 1.766932 -16.623903 -0.153274 0.009007 12.845295 117.0
239 11220.0 0.535594 0.514541 0.0 0.272302 1.766932 -16.623903 -0.153274 0.009007 12.845295 117.0
240 11220.0 0.543957 0.523763 0.0 0.284918 1.766932 -16.623903 -0.153274 0.009007 12.845295 117.0
241 11220.0 0.559026 0.542767 0.0 0.309035 1.766932 -16.623903 -0.153274 0.009007 12.845295 117.0
242 11220.0 0.565045 0.557808 0.0 0.322955 1.766932 -16.623903 -0.153274 0.009007 12.845295 117.0
243 11220.0 0.586653 0.581855 0.0 0.357527 1.766932 -16.623903 -0.153274 0.009007 12.845295 117.0
244 11220.0 0.583713 0.58204 0.0 0.355153 1.766932 -16.623903 -0.153274 0.009007 12.845295 117.0
245 11220.0 0.607649 0.599781 0.0 0.388179 1.766932 -16.623903 -0.153274 0.009007 12.845295 117.0
246 11220.0 0.641302 0.629963 0.0 0.43834 1.766932 -16.623903 -0.153274 0.009007 12.845295 117.0
247 11220.0 0.621258 0.640267 0.0 0.428587 1.766932 -16.623903 -0.153274 0.009007 12.845295 117.0
248 11220.0 0.626956 0.664346 0.0 0.450576 1.766932 -16.623903 -0.153274 0.009007 12.845295 117.0
249 11220.0 0.620307 0.686474 0.0 0.460652 1.766932 -16.623903 -0.153274 0.009007 12.845295 117.0
250 11220.0 0.653568 0.696478 0.0 0.496122 1.766932 -16.623903 -0.153274 0.009007 12.845295 117.0
251 11220.0 0.682466 0.701451 0.0 0.524293 1.766932 -16.623903 -0.153274 0.009007 12.845295 117.0
252 11220.0 0.673451 0.673462 0.0 0.496694 1.766932 -16.623903 -0.153274 0.009007 12.845295 117.0
253 11220.0 0.715215 0.668064 0.0 0.528454 1.766932 -16.623903 -0.153274 0.009007 12.845295 117.0
254 11220.0 0.736168 0.656593 0.0 0.538153 1.766932 -16.623903 -0.153274 0.009007 12.845295 117.0
255 11220.0 0.718759 0.680495 0.0 0.540319 1.766932 -16.623903 -0.153274 0.009007 12.845295 117.0
256 11220.0 0.741403 0.67435 0.0 0.555249 1.766932 -16.623903 -0.153274 0.009007 12.845295 117.0
257 11220.0 0.732583 0.677308 0.0 0.549836 1.766932 -16.623903 -0.153274 0.009007 12.845295 117.0
258 11220.0 0.75473 0.661797 0.0 0.557677 1.766932 -16.623903 -0.153274 0.009007 12.845295 117.0
259 11220.0 0.7575 0.673283 0.0 0.568211 1.766932 -16.623903 -0.153274 0.009007 12.845295 117.0
260 11220.0 0.791146 0.676085 0.0 0.598885 1.766932 -16.623903 -0.153274 0.009007 12.845295 117.0
261 11220.0 0.797426 0.677781 0.0 0.605444 1.766932 -16.623903 -0.153274 0.009007 12.845295 117.0
262 11220.0 0.80025 0.689499 0.0 0.616189 1.766932 -16.623903 -0.153274 0.009007 12.845295 117.0
263 11220.0 0.834775 0.696194 0.0 0.650648 1.766932 -16.623903 -0.153274 0.009007 12.845295 117.0
264 11220.0 0.826897 0.710378 0.0 0.654202 1.766932 -16.623903 -0.153274 0.009007 12.845295 117.0
265 11220.0 0.831397 0.691301 0.0 0.644118 1.766932 -16.623903 -0.153274 0.009007 12.845295 117.0
266 11220.0 0.830603 0.69835 0.0 0.6486 1.766932 -16.623903 -0.153274 0.009007 12.845295 117.0
267 11220.0 0.830305 0.681544 0.0 0.636149 1.766932 -16.623903 -0.153274 0.009007 12.845295 117.0
268 11220.0 0.813666 0.715192 0.0 0.646224 1.766932 -16.623903 -0.153274 0.009007 12.845295 117.0
269 11220.0 0.820056 0.718533 0.0 0.654235 1.766932 -16.623903 -0.153274 0.009007 12.845295 117.0
270 11220.0 0.815879 0.731635 0.0 0.660214 1.766932 -16.623903 -0.153274 0.009007 12.845295 117.0
271 11220.0 0.825344 0.746217 0.0 0.679147 1.766932 -16.623903 -0.153274 0.009007 12.845295 117.0
272 11220.0 0.841871 0.725639 0.0 0.678424 1.766932 -16.623903 -0.153274 0.009007 12.845295 117.0
273 11220.0 0.848776 0.750721 0.0 0.702834 1.766932 -16.623903 -0.153274 0.009007 12.845295 117.0
274 11220.0 0.850528 0.782942 0.0 0.727999 1.766932 -16.623903 -0.153274 0.009007 12.845295 117.0
275 11220.0 0.842756 0.812616 0.0 0.743011 1.766932 -16.623903 -0.153274 0.009007 12.845295 117.0
276 11220.0 0.821166 0.840015 0.0 0.744334 1.766932 -16.623903 -0.153274 0.009007 12.845295 117.0
277 11220.0 0.838595 0.853987 0.0 0.769747 1.766932 -16.623903 -0.153274 0.009007 12.845295 117.0
278 11220.0 0.836401 0.8769 0.0 0.78465 1.766932 -16.623903 -0.153274 0.009007 12.845295 117.0
279 11220.0 0.842017 0.896348 0.0 0.803804 1.766932 -16.623903 -0.153274 0.009007 12.845295 117.0
280 11220.0 0.881311 0.897303 0.0 0.838685 1.766932 -16.623903 -0.153274 0.009007 12.845295 117.0
281 11220.0 0.900903 0.935394 0.0 0.883282 1.766932 -16.623903 -0.153274 0.009007 12.845295 117.0
282 11220.0 0.879683 0.950565 0.0 0.875959 1.766932 -16.623903 -0.153274 0.009007 12.845295 117.0
283 11220.0 0.894172 0.958698 0.0 0.89418 1.766932 -16.623903 -0.153274 0.009007 12.845295 117.0
284 11220.0 0.908717 0.961735 0.0 0.908805 1.766932 -16.623903 -0.153274 0.009007 12.845295 117.0
285 11220.0 0.926209 1.015673 0.0 0.938938 1.766932 -16.623903 -0.153274 0.009007 12.845295 117.0
286 11220.0 0.929755 1.027709 0.0 0.940549 1.766932 -16.623903 -0.153274 0.009007 12.845295 117.0
287 11220.0 0.931045 1.051715 0.0 0.941632 1.766932 -16.623903 -0.153274 0.009007 12.845295 117.0
