 time p.x p.y p.z deep.node-0 CV opes.bias opes.rct opes.zed opes.neff opes.nker
0 5140.0 -0.11972 0.549747 0.0 -0.020757 1.020247 -8.062292 -0.074786 0.015055 12.845295 70.0
1 5140.0 -0.093032 0.531534 0.0 -0.000928 1.020247 -8.062292 -0.074786 0.015055 12.845295 70.0
2 5140.0 -0.109836 0.534275 0.0 -0.006106 1.020247 -8.062292 -0.074786 0.015055 12.845295 70.0
3 5140.0 -0.101253 0.542246 0.0 -0.009816 1.020247 -8.062292 -0.074786 0.015055 12.845295 70.0
4 5140.0 -0.119161 0.526868 0.0 -0.002926 1.020247 -8.062292 -0.074786 0.015055 12.845295 70.0
5 5140.0 -0.110717 0.535451 0.0 -0.007077 1.020247 -8.062292 -0.074786 0.015055 12.845295 70.0
6 5140.0 -0.104652 0.515333 0.0 0.007762 1.020247 -8.062292 -0.074786 0.015055 12.845295 70.0
7 5140.0 -0.106615 0.484781 0.0 0.020894 1.020247 -8.062292 -0.074786 0.015055 12.845295 70.0
8 5140.0 -0.092197 0.489941 0.0 0.017994 1.020247 -8.062292 -0.074786 0.015055 12.845295 70.0
9 5140.0 -0.085021 0.480593 0.0 0.021197 1.020247 -8.062292 -0.074786 0.015055 12.845295 70.0
10 5140.0 -0.070954 0.505431 0.0 0.010646 1.020247 -8.062292 -0.074786 0.015055 12.845295 70.0
11 5140.0 -0.053803 0.513567 0.0 0.006417 1.020247 -8.062292 -0.074786 0.015055 12.845295 70.0
12 5140.0 -0.070416 0.540269 0.0 -0.004348 1.020247 -8.062292 -0.074786 0.015055 12.845295 70.0
13 5140.0 -0.059148 0.538886 0.0 -0.003125 1.020247 -8.062292 -0.074786 0.015055 12.845295 70.0
14 5140.0 -0.068365 0.533919 0.0 -0.000623 1.020247 -8.062292 -0.074786 0.015055 12.845295 70.0
15 5140.0 -0.062813 0.509073 0.0 0.008724 1.020247 -8.062292 -0.074786 0.015055 12.845295 70.0
16 5140.0 -0.064096 0.518359 0.0 0.005183 1.020247 -8.062292 -0.074786 0.015055 12.845295 70.0
17 5140.0 -0.045133 0.49922 0.0 0.011477 1.020247 -8.062292 -0.074786 0.015055 12.845295 70.0
18 5140.0 -0.035325 0.513733 0.0 0.005214 1.020247 -8.062292 -0.074786 0.015055 12.845295 70.0
19 5140.0 -0.030032 0.538303 0.0 -0.003884 1.020247 -8.062292 -0.074786 0.015055 12.845295 70.0
20 5140.0 -0.058291 0.543688 0.0 -0.005479 1.020247 -8.062292 -0.074786 0.015055 12.845295 70.0
21 5140.0 -0.062633 0.547591 0.0 -0.007805 1.020247 -8.062292 -0.074786 0.015055 12.845295 70.0
22 5140.0 -0.052131 0.530026 0.0 -0.000103 1.020247 -8.062292 -0.074786 0.015055 12.845295 70.0
23 5140.0 -0.052842 0.540344 0.0 -0.004039 1.020247 -8.062292 -0.074786 0.015055 12.845295 70.0
24 5140.0 -0.067201 0.557394 0.0 -0.013016 1.020247 -8.062292 -0.074786 0.015055 12.845295 70.0
25 5140.0 -0.066294 0.546826 0.0 -0.007799 1.020247 -8.062292 -0.074786 0.015055 12.845295 70.0
26 5140.0 -0.081173 0.531964 0.0 -0.000266 1.020247 -8.062292 -0.074786 0.015055 12.845295 70.0
27 5140.0 -0.096536 0.550827 0.0 -0.014703 1.020247 -8.062292 -0.074786 0.015055 12.845295 70.0
28 5140.0 -0.073922 0.515706 0.0 0.006823 1.020247 -8.062292 -0.074786 0.015055 12.845295 70.0
29 5140.0 -0.09909 0.493481 0.0 0.017038 1.020247 -8.062292 -0.074786 0.015055 12.845295 70.0
30 5140.0 -0.106029 0.47033 0.0 0.026492 1.020247 -8.062292 -0.074786 0.015055 12.845295 70.0
31 5140.0 -0.101786 0.483529 0.0 0.021085 1.020247 -8.062292 -0.074786 0.015055 12.845295 70.0
32 5140.0 -0.091068 0.503401 0.0 0.012677 1.020247 -8.062292 -0.074786 0.015055 12.845295 70.0
33 5140.0 -0.085133 0.495834 0.0 0.015261 1.020247 -8.062292 -0.074786 0.015055 12.845295 70.0
34 5140.0 -0.078949 0.494369 0.0 0.015452 1.020247 -8.062292 -0.074786 0.015055 12.845295 70.0
35 5140.0 -0.047101 0.505835 0.0 0.009019 1.020247 -8.062292 -0.074786 0.015055 12.845295 70.0
36 5140.0 -0.050616 0.509759 0.0 0.007705 1.020247 -8.062292 -0.074786 0.015055 12.845295 70.0
37 5140.0 -0.053963 0.524016 0.0 0.002353 1.020247 -8.062292 -0.074786 0.015055 12.845295 70.0
38 5140.0 -0.056029 0.512895 0.0 0.006816 1.020247 -8.062292 -0.074786 0.015055 12.845295 70.0
39 5140.0 -0.045802 0.495914 0.0 0.012807 1.020247 -8.062292 -0.074786 0.015055 12.845295 70.0
40 5140.0 -0.034692 0.489686 0.0 0.014551 1.020247 -8.062292 -0.074786 0.015055 12.845295 70.0
41 5140.0 -0.026229 0.515791 0.0 0.003852 1.020247 -8.062292 -0.074786 0.015055 12.845295 70.0
42 5140.0 -0.038026 0.540485 0.0 -0.004389 1.020247 -8.062292 -0.074786 0.015055 12.845295 70.0
43 5140.0 -0.035459 0.527133 0.0 -2e-06 1.020247 -8.062292 -0.074786 0.015055 12.845295 70.0
44 5140.0 -0.014413 0.522705 0.0 0.000587 1.020247 -8.062292 -0.074786 0.015055 12.845295 70.0
45 5140.0 -0.020438 0.512303 0.0 0.004855 1.020247 -8.062292 -0.074786 0.015055 12.845295 70.0
46 5140.0 -0.01445 0.491153 0.0 0.012732 1.020247 -8.062292 -0.074786 0.015055 12.845295 70.0
47 5140.0 -0.020021 0.499147 0.0 0.009958 1.020247 -8.062292 -0.074786 0.015055 12.845295 70.0
48 5140.0 -0.035369 0.521847 0.0 0.002053 1.020247 -8.062292 -0.074786 0.015055 12.845295 70.0
49 5140.0 -0.047484 0.524788 0.0 0.001653 1.020247 -8.062292 -0.074786 0.015055 12.845295 70.0
50 5140.0 -0.054179 0.51686 0.0 0.005156 1.020247 -8.062292 -0.074786 0.015055 12.845295 70.0
51 5140.0 -0.041045 0.519608 0.0 0.003276 1.020247 -8.062292 -0.074786 0.015055 12.845295 70.0
52 5140.0 -0.032515 0.54824 0.0 -0.006887 1.020247 -8.062292 -0.074786 0.015055 12.845295 70.0
53 5140.0 -0.013001 0.559078 0.0 -0.010622 1.020247 -8.062292 -0.074786 0.015055 12.845295 70.0
54 5140.0 -0.034879 0.550996 0.0 -0.007685 1.020247 -8.062292 -0.074786 0.015055 12.845295 70.0
55 5140.0 -0.042514 0.540275 0.0 -0.004232 1.020247 -8.062292 -0.074786 0.015055 12.845295 70.0
56 5140.0 -0.036423 0.529843 0.0 -0.000999 1.020247 -8.062292 -0.074786 0.015055 12.845295 70.0
57 5140.0 -0.035517 0.545342 0.0 -0.005934 1.020247 -8.062292 -0.074786 0.015055 12.845295 70.0
58 5140.0 -0.01277 0.533114 0.0 -0.002646 1.020247 -8.062292 -0.074786 0.015055 12.845295 70.0
59 5140.0 -0.015402 0.537997 0.0 -0.004093 1.020247 -8.062292 -0.074786 0.015055 12.845295 70.0
60 5140.0 -0.015481 0.539372 0.0 -0.004514 1.020247 -8.062292 -0.074786 0.015055 12.845295 70.0
61 5140.0 -0.007032 0.542992 0.0 -0.005802 1.020247 -8.062292 -0.074786 0.015055 12.845295 70.0
62 5140.0 -0.02157 0.534884 0.0 -0.003008 1.020247 -8.062292 -0.074786 0.015055 12.845295 70.0
63 5140.0 -0.023096 0.512144 0.0 0.00508 1.020247 -8.062292 -0.074786 0.015055 12.845295 70.0
64 5140.0 -0.026313 0.481299 0.0 0.017305 1.020247 -8.062292 -0.074786 0.015055 12.845295 70.0
65 5140.0 -0.004807 0.48968 0.0 0.012713 1.020247 -8.062292 -0.074786 0.015055 12.845295 70.0
66 5140.0 -0.016138 0.482624 0.0 0.016162 1.020247 -8.062292 -0.074786 0.015055 12.845295 70.0
67 5140.0 0.005575 0.511498 0.0 0.003618 1.020247 -8.062292 -0.074786 0.015055 12.845295 70.0
68 5140.0 -0.004565 0.495056 0.0 0.010601 1.020247 -8.062292 -0.074786 0.015055 12.845295 70.0
69 5140.0 -0.010641 0.516313 0.0 0.002688 1.020247 -8.062292 -0.074786 0.015055 12.845295 70.0
70 5140.0 -3e-06 0.527524 0.0 -0.001193 1.020247 -8.062292 -0.074786 0.015055 12.845295 70.0
71 5140.0 -0.006919 0.502872 0.0 0.007699 1.020247 -8.062292 -0.074786 0.015055 12.845295 70.0
72 5140.0 0.011033 0.51313 0.0 0.003003 1.020247 -8.062292 -0.074786 0.015055 12.845295 70.0
73 5140.0 0.014545 0.513425 0.0 0.00284 1.020247 -8.062292 -0.074786 0.015055 12.845295 70.0
74 5140.0 0.038686 0.517416 0.0 0.001113 1.020247 -8.062292 -0.074786 0.015055 12.845295 70.0
75 5140.0 0.067953 0.505506 0.0 0.004168 1.020247 -8.062292 -0.074786 0.015055 12.845295 70.0
76 5140.0 0.073761 0.5103 0.0 0.002574 1.020247 -8.062292 -0.074786 0.015055 12.845295 70.0
77 5140.0 0.08082 0.487482 0.0 0.009441 1.020247 -8.062292 -0.074786 0.015055 12.845295 70.0
78 5140.0 0.117618 0.470253 0.0 0.015226 1.020247 -8.062292 -0.074786 0.015055 12.845295 70.0
79 5140.0 0.119687 0.498378 0.0 0.005287 1.020247 -8.062292 -0.074786 0.015055 12.845295 70.0
80 5140.0 0.116486 0.522741 0.0 0.002232 1.020247 -8.062292 -0.074786 0.015055 12.845295 70.0
81 5140.0 0.123466 0.525034 0.0 0.00342 1.020247 -8.062292 -0.074786 0.015055 12.845295 70.0
82 5140.0 0.117396 0.512939 0.0 0.002064 1.020247 -8.062292 -0.074786 0.015055 12.845295 70.0
83 5140.0 0.106612 0.515677 0.0 0.000429 1.020247 -8.062292 -0.074786 0.015055 12.845295 70.0
84 5140.0 0.111376 0.510748 0.0 0.001657 1.020247 -8.062292 -0.074786 0.015055 12.845295 70.0
85 5140.0 0.085172 0.544502 0.0 -0.002073 1.020247 -8.062292 -0.074786 0.015055 12.845295 70.0
86 5140.0 0.096307 0.541316 0.0 -0.000397 1.020247 -8.062292 -0.074786 0.015055 12.845295 70.0
87 5140.0 0.08482 0.547488 0.0 -0.002034 1.020247 -8.062292 -0.074786 0.015055 12.845295 70.0
88 5140.0 0.070431 0.556563 0.0 -0.004042 1.020247 -8.062292 -0.074786 0.015055 12.845295 70.0
89 5140.0 0.080563 0.533553 0.0 -0.00316 1.020247 -8.062292 -0.074786 0.015055 12.845295 70.0
90 5140.0 0.086603 0.544115 0.0 -0.001857 1.020247 -8.062292 -0.074786 0.015055 12.845295 70.0
91 5140.0 0.095053 0.535874 0.0 -0.000771 1.020247 -8.062292 -0.074786 0.015055 12.845295 70.0
92 5140.0 0.092171 0.532533 0.0 -0.001338 1.020247 -8.062292 -0.074786 0.015055 12.845295 70.0
93 5140.0 0.098875 0.519545 0.0 -0.000683 1.020247 -8.062292 -0.074786 0.015055 12.845295 70.0
94 5140.0 0.123205 0.510338 0.0 0.002908 1.020247 -8.062292 -0.074786 0.015055 12.845295 70.0
95 5140.0 0.105982 0.515001 0.0 0.000461 1.020247 -8.062292 -0.074786 0.015055 12.845295 70.0
96 5140.0 0.106872 0.513624 0.0 0.000866 1.020247 -8.062292 -0.074786 0.015055 12.845295 70.0
97 5140.0 0.133236 0.510408 0.0 0.004513 1.020247 -8.062292 -0.074786 0.015055 12.845295 70.0
98 5140.0 0.136714 0.505359 0.0 0.004907 1.020247 -8.062292 -0.074786 0.015055 12.845295 70.0
99 5140.0 0.128595 0.512476 0.0 0.003838 1.020247 -8.062292 -0.074786 0.015055 12.845295 70.0
100 5140.0 0.119878 0.516929 0.0 0.002588 1.020247 -8.062292 -0.074786 0.015055 12.845295 70.0
101 5140.0 0.099188 0.494588 0.0 0.006877 1.020247 -8.062292 -0.074786 0.015055 12.845295 70.0
102 5140.0 0.105313 0.490703 0.0 0.007944 1.020247 -8.062292 -0.074786 0.015055 12.845295 70.0
103 5140.0 0.122531 0.498261 0.0 0.005264 1.020247 -8.062292 -0.074786 0.015055 12.845295 70.0
104 5140.0 0.128987 0.481651 0.0 0.010929 1.020247 -8.062292 -0.074786 0.015055 12.845295 70.0
105 5140.0 0.129663 0.500414 0.0 0.004455 1.020247 -8.062292 -0.074786 0.015055 12.845295 70.0
106 5140.0 0.121063 0.503589 0.0 0.003657 1.020247 -8.062292 -0.074786 0.015055 12.845295 70.0
107 5140.0 0.107557 0.509219 0.0 0.002206 1.020247 -8.062292 -0.074786 0.015055 12.845295 70.0
108 5140.0 0.108554 0.491445 0.0 0.007649 1.020247 -8.062292 -0.074786 0.015055 12.845295 70.0
109 5140.0 0.109255 0.500158 0.0 0.004956 1.020247 -8.062292 -0.074786 0.015055 12.845295 70.0
110 5140.0 0.116285 0.478934 0.0 0.012065 1.020247 -8.062292 -0.074786 0.015055 12.845295 70.0
111 5140.0 0.1385 0.498319 0.0 0.004967 1.020247 -8.062292 -0.074786 0.015055 12.845295 70.0
112 5140.0 0.139605 0.512095 0.0 0.005584 1.020247 -8.062292 -0.074786 0.015055 12.845295 70.0
113 5140.0 0.128737 0.506048 0.0 0.003655 1.020247 -8.062292 -0.074786 0.015055 12.845295 70.0
114 5140.0 0.119422 0.502969 0.0 0.003881 1.020247 -8.062292 -0.074786 0.015055 12.845295 70.0
115 5140.0 0.102607 0.529249 0.0 0.000224 1.020247 -8.062292 -0.074786 0.015055 12.845295 70.0
116 5140.0 0.110712 0.543484 0.0 0.001973 1.020247 -8.062292 -0.074786 0.015055 12.845295 70.0
117 5140.0 0.121781 0.545304 0.0 0.003799 1.020247 -8.062292 -0.074786 0.015055 12.845295 70.0
118 5140.0 0.124086 0.532812 0.0 0.003768 1.020247 -8.062292 -0.074786 0.015055 12.845295 70.0
119 5140.0 0.126838 0.528716 0.0 0.004076 1.020247 -8.062292 -0.074786 0.015055 12.845295 70.0
120 5140.0 0.136424 0.529644 0.0 0.005637 1.020247 -8.062292 -0.074786 0.015055 12.845295 70.0
121 5140.0 0.132608 0.509292 0.0 0.004377 1.020247 -8.062292 -0.074786 0.015055 12.845295 70.0
122 5140.0 0.150696 0.513817 0.0 0.00741 1.020247 -8.062292 -0.074786 0.015055 12.845295 70.0
123 5140.0 0.156315 0.533137 0.0 0.008926 1.020247 -8.062292 -0.074786 0.015055 12.845295 70.0
124 5140.0 0.165173 0.540529 0.0 0.010577 1.020247 -8.062292 -0.074786 0.015055 12.845295 70.0
125 5140.0 0.19626 0.529117 0.0 0.018611 1.020247 -8.062292 -0.074786 0.015055 12.845295 70.0
126 5140.0 0.18858 0.550239 0.0 0.024512 1.020247 -8.062292 -0.074786 0.015055 12.845295 70.0
127 5140.0 0.212512 0.563927 0.0 0.049165 1.020247 -8.062292 -0.074786 0.015055 12.845295 70.0
128 5140.0 0.211694 0.546905 0.0 0.03936 1.020247 -8.062292 -0.074786 0.015055 12.845295 70.0
129 5140.0 0.202541 0.547495 0.0 0.033085 1.020247 -8.062292 -0.074786 0.015055 12.845295 70.0
130 5140.0 0.218429 0.558031 0.0 0.050236 1.020247 -8.062292 -0.074786 0.015055 12.845295 70.0
131 5140.0 0.235674 0.535922 0.0 0.050691 1.020247 -8.062292 -0.074786 0.015055 12.845295 70.0
132 5140.0 0.259836 0.511602 0.0 0.055382 1.020247 -8.062292 -0.074786 0.015055 12.845295 70.0
133 5140.0 0.232034 0.518488 0.0 0.03863 1.020247 -8.062292 -0.074786 0.015055 12.845295 70.0
134 5140.0 0.230911 0.51552 0.0 0.036215 1.020247 -8.062292 -0.074786 0.015055 12.845295 70.0
135 5140.0 0.216727 0.513116 0.0 0.024694 1.020247 -8.062292 -0.074786 0.015055 12.845295 70.0
136 5140.0 0.217286 0.507085 0.0 0.02195 1.020247 -8.062292 -0.074786 0.015055 12.845295 70.0
137 5140.0 0.216772 0.523912 0.0 0.030571 1.020247 -8.062292 -0.074786 0.015055 12.845295 70.0
138 5140.0 0.235122 0.521295 0.0 0.042375 1.020247 -8.062292 -0.074786 0.015055 12.845295 70.0
139 5140.0 0.255635 0.510539 0.0 0.051831 1.020247 -8.062292 -0.074786 0.015055 12.845295 70.0
140 5140.0 0.229559 0.50616 0.0 0.03069 1.020247 -8.062292 -0.074786 0.015055 12.845295 70.0
141 5140.0 0.243467 0.490686 0.0 0.034748 1.020247 -8.062292 -0.074786 0.015055 12.845295 70.0
142 5140.0 0.243895 0.499877 0.0 0.03879 1.020247 -8.062292 -0.074786 0.015055 12.845295 70.0
143 5140.0 0.270963 0.486373 0.0 0.053421 1.020247 -8.062292 -0.074786 0.015055 12.845295 70.0
144 5140.0 0.272896 0.506109 0.0 0.062856 1.020247 -8.062292 -0.074786 0.015055 12.845295 70.0
145 5140.0 0.283831 0.526817 0.0 0.080456 1.020247 -8.062292 -0.074786 0.015055 12.845295 70.0
146 5140.0 0.287863 0.547528 0.0 0.094573 1.020247 -8.062292 -0.074786 0.015055 12.845295 70.0
147 5140.0 0.283418 0.558998 0.0 0.09758 1.020247 -8.062292 -0.074786 0.015055 12.845295 70.0
148 5140.0 0.300696 0.569586 0.0 0.115912 1.020247 -8.062292 -0.074786 0.015055 12.845295 70.0
149 5140.0 0.308991 0.55402 0.0 0.113309 1.020247 -8.062292 -0.074786 0.015055 12.845295 70.0
150 5140.0 0.311481 0.530496 0.0 0.102368 1.020247 -8.062292 -0.074786 0.015055 12.845295 70.0
151 5140.0 0.310494 0.503907 0.0 0.089887 1.020247 -8.062292 -0.074786 0.015055 12.845295 70.0
152 5140.0 0.336365 0.50198 0.0 0.10832 1.020247 -8.062292 -0.074786 0.015055 12.845295 70.0
153 5140.0 0.321824 0.500958 0.0 0.097106 1.020247 -8.062292 -0.074786 0.015055 12.845295 70.0
154 5140.0 0.324439 0.50103 0.0 0.099078 1.020247 -8.062292 -0.074786 0.015055 12.845295 70.0
155 5140.0 0.333729 0.491338 0.0 0.102049 1.020247 -8.062292 -0.074786 0.015055 12.845295 70.0
156 5140.0 0.347769 0.491782 0.0 0.112657 1.020247 -8.062292 -0.074786 0.015055 12.845295 70.0
157 5140.0 0.386548 0.513647 0.0 0.15032 1.020247 -8.062292 -0.074786 0.015055 12.845295 70.0
158 5140.0 0.387386 0.515584 0.0 0.151728 1.020247 -8.062292 -0.074786 0.015055 12.845295 70.0
159 5140.0 0.382698 0.523617 0.0 0.151502 1.020247 -8.062292 -0.074786 0.015055 12.845295 70.0
160 5140.0 0.405421 0.506792 0.0 0.161559 1.020247 -8.062292 -0.074786 0.015055 12.845295 70.0
161 5140.0 0.388934 0.519288 0.0 0.154379 1.020247 -8.062292 -0.074786 0.015055 12.845295 70.0
162 5140.0 0.425565 0.514841 0.0 0.179783 1.020247 -8.062292 -0.074786 0.015055 12.845295 70.0
163 5140.0 0.425851 0.494082 0.0 0.17158 1.020247 -8.062292 -0.074786 0.015055 12.845295 70.0
164 5140.0 0.411104 0.504808 0.0 0.164975 1.020247 -8.062292 -0.074786 0.015055 12.845295 70.0
165 5140.0 0.416437 0.478884 0.0 0.158429 1.020247 -8.062292 -0.074786 0.015055 12.845295 70.0
166 5140.0 0.425502 0.46204 0.0 0.158335 1.020247 -8.062292 -0.074786 0.015055 12.845295 70.0
167 5140.0 0.42526 0.47995 0.0 0.165414 1.020247 -8.062292 -0.074786 0.015055 12.845295 70.0
168 5140.0 0.421125 0.499192 0.0 0.170141 1.020247 -8.062292 -0.074786 0.015055 12.845295 70.0
169 5140.0 0.428305 0.500658 0.0 0.176069 1.020247 -8.062292 -0.074786 0.015055 12.845295 70.0
170 5140.0 0.429624 0.489557 0.0 0.172549 1.020247 -8.062292 -0.074786 0.015055 12.845295 70.0
171 5140.0 0.441294 0.508481 0.0 0.188886 1.020247 -8.062292 -0.074786 0.015055 12.845295 70.0
172 5140.0 0.448951 0.510962 0.0 0.195579 1.020247 -8.062292 -0.074786 0.015055 12.845295 70.0
173 5140.0 0.456231 0.501968 0.0 0.19734 1.020247 -8.062292 -0.074786 0.015055 12.845295 70.0
174 5140.0 0.475983 0.536897 0.0 0.233022 1.020247 -8.062292 -0.074786 0.015055 12.845295 70.0
175 5140.0 0.477558 0.568653 0.0 0.255141 1.020247 -8.062292 -0.074786 0.015055 12.845295 70.0
176 5140.0 0.466795 0.566223 0.0 0.244237 1.020247 -8.062292 -0.074786 0.015055 12.845295 70.0
177 5140.0 0.499218 0.566895 0.0 0.272353 1.020247 -8.062292 -0.074786 0.015055 12.845295 70.0
178 5140.0 0.504776 0.569531 0.0 0.278967 1.020247 -8.062292 -0.074786 0.015055 12.845295 70.0
179 5140.0 0.516417 0.548907 0.0 0.2753 1.020247 -8.062292 -0.074786 0.015055 12.845295 70.0
180 5140.0 0.520794 0.526197 0.0 0.266059 1.020247 -8.062292 -0.074786 0.015055 12.845295 70.0
181 5140.0 0.520777 0.529723 0.0 0.268074 1.020247 -8.062292 -0.074786 0.015055 12.845295 70.0
182 5140.0 0.515657 0.507776 0.0 0.251118 1.020247 -8.062292 -0.074786 0.015055 12.845295 70.0
183 5140.0 0.520721 0.504315 0.0 0.253592 1.020247 -8.062292 -0.074786 0.015055 12.845295 70.0
184 5140.0 0.529922 0.492203 0.0 0.254815 1.020247 -8.062292 -0.074786 0.015055 12.845295 70.0
185 5140.0 0.519784 0.532121 0.0 0.268585 1.020247 -8.062292 -0.074786 0.015055 12.845295 70.0
186 5140.0 0.534871 0.536581 0.0 0.284347 1.020247 -8.062292 -0.074786 0.015055 12.845295 70.0
187 5140.0 0.51196 0.532445 0.0 0.261928 1.020247 -8.062292 -0.074786 0.015055 12.845295 70.0
188 5140.0 0.50504 0.543279 0.0 0.26211 1.020247 -8.062292 -0.074786 0.015055 12.845295 70.0
189 5140.0 0.508806 0.562267 0.0 0.277233 1.020247 -8.062292 -0.074786 0.015055 12.845295 70.0
190 5140.0 0.524244 0.562853 0.0 0.29081 1.020247 -8.062292 -0.074786 0.015055 12.845295 70.0
191 5140.0 0.563479 0.555743 0.0 0.320397 1.020247 -8.062292 -0.074786 0.015055 12.845295 70.0
192 5140.0 0.579984 0.546851 0.0 0.329716 1.020247 -8.062292 -0.074786 0.015055 12.845295 70.0
193 5140.0 0.579227 0.545142 0.0 0.32807 1.020247 -8.062292 -0.074786 0.015055 12.845295 70.0
194 5140.0 0.57813 0.538061 0.0 0.323036 1.020247 -8.062292 -0.074786 0.015055 12.845295 70.0
195 5140.0 0.602518 0.515411 0.0 0.331333 1.020247 -8.062292 -0.074786 0.015055 12.845295 70.0
196 5140.0 0.612376 0.531254 0.0 0.349073 1.020247 -8.062292 -0.074786 0.015055 12.845295 70.0
197 5140.0 0.650214 0.52501 0.0 0.378575 1.020247 -8.062292 -0.074786 0.015055 12.845295 70.0
198 5140.0 0.666629 0.528127 0.0 0.394725 1.020247 -8.062292 -0.074786 0.015055 12.845295 70.0
199 5140.0 0.635555 0.556785 0.0 0.384038 1.020247 -8.062292 -0.074786 0.015055 12.845295 70.0
200 5140.0 0.643398 0.541291 0.0 0.381982 1.020247 -8.062292 -0.074786 0.015055 12.845295 70.0
201 5140.0 0.647593 0.544683 0.0 0.387603 1.020247 -8.062292 -0.074786 0.015055 12.845295 70.0
202 5140.0 0.644838 0.566365 0.0 0.39767 1.020247 -8.062292 -0.074786 0.015055 12.845295 70.0
203 5140.0 0.658977 0.59004 0.0 0.425001 1.020247 -8.062292 -0.074786 0.015055 12.845295 70.0
204 5140.0 0.663994 0.622357 0.0 0.452272 1.020247 -8.062292 -0.074786 0.015055 12.845295 70.0
205 5140.0 0.679016 0.611362 0.0 0.457253 1.020247 -8.062292 -0.074786 0.015055 12.845295 70.0
206 5140.0 0.684763 0.61183 0.0 0.462485 1.020247 -8.062292 -0.074786 0.015055 12.845295 70.0
207 5140.0 0.684479 0.614091 0.0 0.463852 1.020247 -8.062292 -0.074786 0.015055 12.845295 70.0
208 5140.0 0.684528 0.598756 0.0 0.452982 1.020247 -8.062292 -0.074786 0.015055 12.845295 70.0
209 5140.0 0.664594 0.610094 0.0 0.444057 1.020247 -8.062292 -0.074786 0.015055 12.845295 70.0
210 5140.0 0.659012 0.61714 0.0 0.444313 1.020247 -8.062292 -0.074786 0.015055 12.845295 70.0
211 5140.0 0.675993 0.621509 0.0 0.461896 1.020247 -8.062292 -0.074786 0.015055 12.845295 70.0
212 5140.0 0.694317 0.637504 0.0 0.488896 1.020247 -8.062292 -0.074786 0.015055 12.845295 70.0
213 5140.0 0.685508 0.639826 0.0 0.48304 1.020247 -8.062292 -0.074786 0.015055 12.845295 70.0
214 5140.0 0.68943 0.639804 0.0 0.486367 1.020247 -8.062292 -0.074786 0.015055 12.845295 70.0
215 5140.0 0.70045 0.624562 0.0 0.484916 1.020247 -8.062292 -0.074786 0.015055 12.845295 70.0
216 5140.0 0.700759 0.615314 0.0 0.4786 1.020247 -8.062292 -0.074786 0.015055 12.845295 70.0
217 5140.0 0.700374 0.628947 0.0 0.48797 1.020247 -8.062292 -0.074786 0.015055 12.845295 70.0
218 5140.0 0.707917 0.630021 0.0 0.495165 1.020247 -8.062292 -0.074786 0.015055 12.845295 70.0
219 5140.0 0.700565 0.628613 0.0 0.487896 1.020247 -8.062292 -0.074786 0.015055 12.845295 70.0
220 5140.0 0.719272 0.635041 0.0 0.508416 1.020247 -8.062292 -0.074786 0.015055 12.845295 70.0
221 5140.0 0.733423 0.660436 0.0 0.538546 1.020247 -8.062292 -0.074786 0.015055 12.845295 70.0
222 5140.0 0.749742 0.673223 0.0 0.561555 1.020247 -8.062292 -0.074786 0.015055 12.845295 70.0
223 5140.0 0.749949 0.688806 0.0 0.57282 1.020247 -8.062292 -0.074786 0.015055 12.845295 70.0
224 5140.0 0.760684 0.679989 0.0 0.575696 1.020247 -8.062292 -0.074786 0.015055 12.845295 70.0
225 5140.0 0.749387 0.674589 0.0 0.562225 1.020247 -8.062292 -0.074786 0.015055 12.845295 70.0
226 5140.0 0.757714 0.68461 0.0 0.576452 1.020247 -8.062292 -0.074786 0.015055 12.845295 70.0
227 5140.0 0.771393 0.689579 0.0 0.591649 1.020247 -8.062292 -0.074786 0.015055 12.845295 70.0
228 5140.0 0.772584 0.701896 0.0 0.601427 1.020247 -8.062292 -0.074786 0.015055 12.845295 70.0
229 5140.0 0.775711 0.73478 0.0 0.627582 1.020247 -8.062292 -0.074786 0.015055 12.845295 70.0
230 5140.0 0.784252 0.747276 0.0 0.644179 1.020247 -8.062292 -0.074786 0.015055 12.845295 70.0
231 5140.0 0.79143 0.747854 0.0 0.650847 1.020247 -8.062292 -0.074786 0.015055 12.845295 70.0
232 5140.0 0.806543 0.746409 0.0 0.662933 1.020247 -8.062292 -0.074786 0.015055 12.845295 70.0
233 5140.0 0.809939 0.766223 0.0 0.680426 1.020247 -8.062292 -0.074786 0.015055 12.845295 70.0
234 5140.0 0.7916 0.793455 0.0 0.684453 1.020247 -8.062292 -0.074786 0.015055 12.845295 70.0
235 5140.0 0.808629 0.785525 0.0 0.693448 1.020247 -8.062292 -0.074786 0.015055 12.845295 70.0
236 5140.0 0.806442 0.782565 0.0 0.689375 1.020247 -8.062292 -0.074786 0.015055 12.845295 70.0
237 5140.0 0.797045 0.818485 0.0 0.707555 1.020247 -8.062292 -0.074786 0.015055 12.845295 70.0
238 5140.0 0.776329 0.83733 0.0 0.703362 1.020247 -8.062292 -0.074786 0.015055 12.845295 70.0
239 5140.0 0.798555 0.842724 0.0 0.726654 1.020247 -8.062292 -0.074786 0.015055 12.845295 70.0
240 5140.0 0.821197 0.858631 0.0 0.75802 1.020247 -8.062292 -0.074786 0.015055 12.845295 70.0
241 5140.0 0.831635 0.879026 0.0 0.782063 1.020247 -8.062292 -0.074786 0.015055 12.845295 70.0
242 5140.0 0.84078 0.865696 0.0 0.780238 1.020247 -8.062292 -0.074786 0.015055 12.845295 70.0
243 5140.0 0.856953 0.881998 0.0 0.806267 1.020247 -8.062292 -0.074786 0.015055 12.845295 70.0
244 5140.0 0.88171 0.898732 0.0 0.840081 1.020247 -8.062292 -0.074786 0.015055 12.845295 70.0
245 5140.0 0.915186 0.925027 0.0 0.887603 1.020247 -8.062292 -0.074786 0.015055 12.845295 70.0
246 5140.0 0.91844 0.959513 0.0 0.913893 1.020247 -8.062292 -0.074786 0.015055 12.845295 70.0
247 5140.0 0.909323 0.989845 0.0 0.925601 1.020247 -8.062292 -0.074786 0.015055 12.845295 70.0
248 5140.0 0.926592 1.014739 0.0 0.939095 1.020247 -8.062292 -0.074786 0.015055 12.845295 70.0
249 5140.0 0.928021 1.032344 0.0 0.939917 1.020247 -8.062292 -0.074786 0.015055 12.845295 70.0
250 5140.0 0.918126 1.059043 0.0 0.936316 1.020247 -8.062292 -0.074786 0.015055 12.845295 70.0
251 5140.0 0.947481 1.06948 0.0 0.948999 1.020247 -8.062292 -0.074786 0.015055 12.845295 70.0
252 5140.0 0.964835 1.05983 0.0 0.956144 1.020247 -8.062292 -0.074786 0.015055 12.845295 70.0
253 5140.0 0.977769 1.072632 0.0 0.961915 1.020247 -8.062292 -0.074786 0.015055 12.845295 70.0
254 5140.0 0.983043 1.097004 0.0 0.964696 1.020247 -8.062292 -0.074786 0.015055 12.845295 70.0
255 5140.0 1.00756 1.111467 0.0 0.975417 1.020247 -8.062292 -0.074786 0.015055 12.845295 70.0
256 5140.0 0.997195 1.147836 0.0 0.971832 1.020247 -8.062292 -0.074786 0.015055 12.845295 70.0
257 5140.0 0.997162 1.159793 0.0 0.972085 1.020247 -8.062292 -0.074786 0.015055 12.845295 70.0
258 5140.0 0.976642 1.15822 0.0 0.963346 1.020247 -8.062292 -0.074786 0.015055 12.845295 70.0
259 5140.0 0.993767 1.131008 0.0 0.970003 1.020247 -8.062292 -0.074786 0.015055 12.845295 70.0
260 5140.0 0.99732 1.126792 0.0 0.971416 1.020247 -8.062292 -0.074786 0.015055 12.845295 70.0
261 5140.0 1.005173 1.116145 0.0 0.974509 1.020247 -8.062292 -0.074786 0.015055 12.845295 70.0
262 5140.0 0.979049 1.120532 0.0 0.963527 1.020247 -8.062292 -0.074786 0.015055 12.845295 70.0
263 5140.0 1.0082 1.13918 0.0 0.976307 1.020247 -8.062292 -0.074786 0.015055 12.845295 70.0
264 5140.0 0.966297 1.127787 0.0 0.95828 1.020247 -8.062292 -0.074786 0.015055 12.845295 70.0
265 5140.0 0.993943 1.150344 0.0 0.970509 1.020247 -8.062292 -0.074786 0.015055 12.845295 70.0
266 5140.0 1.012359 1.163664 0.0 0.978617 1.020247 -8.062292 -0.074786 0.015055 12.845295 70.0
267 5140.0 1.018252 1.16247 0.0 0.981089 1.020247 -8.062292 -0.074786 0.015055 12.845295 70.0
268 5140.0 1.017528 1.16586 0.0 0.980858 1.020247 -8.062292 -0.074786 0.015055 12.845295 70.0
269 5140.0 1.012061 1.159148 0.0 0.978389 1.020247 -8.062292 -0.074786 0.015055 12.845295 70.0
270 5140.0 0.984572 1.158149 0.0 0.966709 1.020247 -8.062292 -0.074786 0.015055 12.845295 70.0
271 5140.0 0.990628 1.184316 0.0 0.969861 1.020247 -8.062292 -0.074786 0.015055 12.845295 70.0
272 5140.0 0.993154 1.166662 0.0 0.970538 1.020247 -8.062292 -0.074786 0.015055 12.845295 70.0
273 5140.0 1.024573 1.214244 0.0 0.982385 1.020247 -8.062292 -0.074786 0.015055 12.845295 70.0
274 5140.0 1.024197 1.210122 0.0 0.983473 1.020247 -8.062292 -0.074786 0.015055 12.845295 70.0
275 5140.0 1.037001 1.198253 0.0 0.989839 1.020247 -8.062292 -0.074786 0.015055 12.845295 70.0
276 5140.0 1.028132 1.228751 0.0 0.979908 1.020247 -8.062292 -0.074786 0.015055 12.845295 70.0
277 5140.0 1.014828 1.232172 0.0 0.970756 1.020247 -8.062292 -0.074786 0.015055 12.845295 70.0
278 5140.0 1.02851 1.25758 0.0 0.97093 1.020247 -8.062292 -0.074786 0.015055 12.845295 70.0
279 5140.0 0.996667 1.267596 0.0 0.944156 1.020247 -8.062292 -0.074786 0.015055 12.845295 70.0
280 5140.0 0.994669 1.267444 0.0 0.942572 1.020247 -8.062292 -0.074786 0.015055 12.845295 70.0
281 5140.0 0.961039 1.239219 0.0 0.933127 1.020247 -8.062292 -0.074786 0.015055 12.845295 70.0
282 5140.0 0.971675 1.240503 0.0 0.941241 1.020247 -8.062292 -0.074786 0.015055 12.845295 70.0
283 5140.0 0.996014 1.237999 0.0 0.957499 1.020247 -8.062292 -0.074786 0.015055 12.845295 70.0
284 5140.0 1.015716 1.236946 0.0 0.96977 1.020247 -8.062292 -0.074786 0.015055 12.845295 70.0
285 5140.0 1.021446 1.252348 0.0 0.968322 1.020247 -8.062292 -0.074786 0.015055 12.845295 70.0
286 5140.0 1.060183 1.229168 0.0 0.99919 1.020247 -8.062292 -0.074786 0.015055 12.845295 70.0
287 5140.0 1.058829 1.215859 0.0 0.99949 1.020247 -8.062292 -0.074786 0.015055 12.845295 70.0
