 time p.x p.y p.z deep.node-0 CV opes.bias opes.rct opes.zed opes.neff opes.nker
0 6685.0 0.291905 0.545775 0.0 0.096536 0.871942 -6.705086 -0.101248 0.01334 12.845295 79.0
1 6685.0 0.276413 0.535585 0.0 0.079859 0.871942 -6.705086 -0.101248 0.01334 12.845295 79.0
2 6685.0 0.269427 0.52814 0.0 0.070795 0.871942 -6.705086 -0.101248 0.01334 12.845295 79.0
3 6685.0 0.298271 0.53506 0.0 0.095322 0.871942 -6.705086 -0.101248 0.01334 12.845295 79.0
4 6685.0 0.330222 0.511321 0.0 0.107544 0.871942 -6.705086 -0.101248 0.01334 12.845295 79.0
5 6685.0 0.340068 0.546597 0.0 0.13168 0.871942 -6.705086 -0.101248 0.01334 12.845295 79.0
6 6685.0 0.356503 0.536027 0.0 0.137799 0.871942 -6.705086 -0.101248 0.01334 12.845295 79.0
7 6685.0 0.36397 0.536891 0.0 0.143646 0.871942 -6.705086 -0.101248 0.01334 12.845295 79.0
8 6685.0 0.369801 0.521519 0.0 0.141073 0.871942 -6.705086 -0.101248 0.01334 12.845295 79.0
9 6685.0 0.37208 0.508889 0.0 0.137646 0.871942 -6.705086 -0.101248 0.01334 12.845295 79.0
10 6685.0 0.386886 0.491893 0.0 0.141754 0.871942 -6.705086 -0.101248 0.01334 12.845295 79.0
11 6685.0 0.398584 0.486648 0.0 0.148316 0.871942 -6.705086 -0.101248 0.01334 12.845295 79.0
12 6685.0 0.422524 0.488839 0.0 0.166984 0.871942 -6.705086 -0.101248 0.01334 12.845295 79.0
13 6685.0 0.412285 0.473033 0.0 0.152974 0.871942 -6.705086 -0.101248 0.01334 12.845295 79.0
14 6685.0 0.417913 0.484395 0.0 0.161758 0.871942 -6.705086 -0.101248 0.01334 12.845295 79.0
15 6685.0 0.427984 0.506226 0.0 0.178087 0.871942 -6.705086 -0.101248 0.01334 12.845295 79.0
16 6685.0 0.429012 0.514703 0.0 0.182286 0.871942 -6.705086 -0.101248 0.01334 12.845295 79.0
17 6685.0 0.44086 0.516553 0.0 0.191836 0.871942 -6.705086 -0.101248 0.01334 12.845295 79.0
18 6685.0 0.472338 0.502839 0.0 0.210571 0.871942 -6.705086 -0.101248 0.01334 12.845295 79.0
19 6685.0 0.461704 0.541227 0.0 0.223025 0.871942 -6.705086 -0.101248 0.01334 12.845295 79.0
20 6685.0 0.481749 0.539318 0.0 0.239458 0.871942 -6.705086 -0.101248 0.01334 12.845295 79.0
21 6685.0 0.478157 0.540037 0.0 0.23673 0.871942 -6.705086 -0.101248 0.01334 12.845295 79.0
22 6685.0 0.45986 0.53304 0.0 0.2167 0.871942 -6.705086 -0.101248 0.01334 12.845295 79.0
23 6685.0 0.457265 0.528748 0.0 0.211972 0.871942 -6.705086 -0.101248 0.01334 12.845295 79.0
24 6685.0 0.453499 0.519797 0.0 0.203663 0.871942 -6.705086 -0.101248 0.01334 12.845295 79.0
25 6685.0 0.474963 0.511762 0.0 0.217869 0.871942 -6.705086 -0.101248 0.01334 12.845295 79.0
26 6685.0 0.469999 0.490945 0.0 0.203098 0.871942 -6.705086 -0.101248 0.01334 12.845295 79.0
27 6685.0 0.48298 0.466783 0.0 0.202946 0.871942 -6.705086 -0.101248 0.01334 12.845295 79.0
28 6685.0 0.495574 0.472222 0.0 0.214504 0.871942 -6.705086 -0.101248 0.01334 12.845295 79.0
29 6685.0 0.478155 0.467989 0.0 0.199851 0.871942 -6.705086 -0.101248 0.01334 12.845295 79.0
30 6685.0 0.476494 0.485994 0.0 0.205915 0.871942 -6.705086 -0.101248 0.01334 12.845295 79.0
31 6685.0 0.470431 0.499202 0.0 0.206866 0.871942 -6.705086 -0.101248 0.01334 12.845295 79.0
32 6685.0 0.495785 0.514052 0.0 0.237313 0.871942 -6.705086 -0.101248 0.01334 12.845295 79.0
33 6685.0 0.474839 0.519493 0.0 0.222102 0.871942 -6.705086 -0.101248 0.01334 12.845295 79.0
34 6685.0 0.461852 0.537419 0.0 0.220962 0.871942 -6.705086 -0.101248 0.01334 12.845295 79.0
35 6685.0 0.458456 0.562207 0.0 0.234272 0.871942 -6.705086 -0.101248 0.01334 12.845295 79.0
36 6685.0 0.468977 0.558296 0.0 0.240458 0.871942 -6.705086 -0.101248 0.01334 12.845295 79.0
37 6685.0 0.47938 0.550601 0.0 0.24388 0.871942 -6.705086 -0.101248 0.01334 12.845295 79.0
38 6685.0 0.494824 0.573377 0.0 0.27322 0.871942 -6.705086 -0.101248 0.01334 12.845295 79.0
39 6685.0 0.49338 0.591444 0.0 0.284844 0.871942 -6.705086 -0.101248 0.01334 12.845295 79.0
40 6685.0 0.486501 0.575624 0.0 0.267724 0.871942 -6.705086 -0.101248 0.01334 12.845295 79.0
41 6685.0 0.479196 0.575458 0.0 0.261379 0.871942 -6.705086 -0.101248 0.01334 12.845295 79.0
42 6685.0 0.478061 0.578763 0.0 0.262763 0.871942 -6.705086 -0.101248 0.01334 12.845295 79.0
43 6685.0 0.462376 0.565288 0.0 0.239805 0.871942 -6.705086 -0.101248 0.01334 12.845295 79.0
44 6685.0 0.479311 0.575171 0.0 0.261273 0.871942 -6.705086 -0.101248 0.01334 12.845295 79.0
45 6685.0 0.479361 0.574501 0.0 0.260839 0.871942 -6.705086 -0.101248 0.01334 12.845295 79.0
46 6685.0 0.46945 0.554926 0.0 0.238463 0.871942 -6.705086 -0.101248 0.01334 12.845295 79.0
47 6685.0 0.482469 0.582656 0.0 0.269291 0.871942 -6.705086 -0.101248 0.01334 12.845295 79.0
48 6685.0 0.492357 0.574603 0.0 0.271989 0.871942 -6.705086 -0.101248 0.01334 12.845295 79.0
49 6685.0 0.493328 0.563902 0.0 0.265203 0.871942 -6.705086 -0.101248 0.01334 12.845295 79.0
50 6685.0 0.493865 0.544413 0.0 0.252988 0.871942 -6.705086 -0.101248 0.01334 12.845295 79.0
51 6685.0 0.487512 0.536337 0.0 0.242783 0.871942 -6.705086 -0.101248 0.01334 12.845295 79.0
52 6685.0 0.488623 0.559938 0.0 0.258372 0.871942 -6.705086 -0.101248 0.01334 12.845295 79.0
53 6685.0 0.491315 0.564057 0.0 0.263598 0.871942 -6.705086 -0.101248 0.01334 12.845295 79.0
54 6685.0 0.509901 0.558216 0.0 0.275285 0.871942 -6.705086 -0.101248 0.01334 12.845295 79.0
55 6685.0 0.518082 0.539185 0.0 0.271162 0.871942 -6.705086 -0.101248 0.01334 12.845295 79.0
56 6685.0 0.504211 0.552956 0.0 0.266953 0.871942 -6.705086 -0.101248 0.01334 12.845295 79.0
57 6685.0 0.538391 0.555563 0.0 0.29835 0.871942 -6.705086 -0.101248 0.01334 12.845295 79.0
58 6685.0 0.526891 0.551622 0.0 0.286023 0.871942 -6.705086 -0.101248 0.01334 12.845295 79.0
59 6685.0 0.521599 0.561077 0.0 0.287291 0.871942 -6.705086 -0.101248 0.01334 12.845295 79.0
60 6685.0 0.514727 0.557426 0.0 0.278836 0.871942 -6.705086 -0.101248 0.01334 12.845295 79.0
61 6685.0 0.531887 0.584461 0.0 0.312699 0.871942 -6.705086 -0.101248 0.01334 12.845295 79.0
62 6685.0 0.53459 0.580658 0.0 0.312297 0.871942 -6.705086 -0.101248 0.01334 12.845295 79.0
63 6685.0 0.52251 0.593004 0.0 0.310785 0.871942 -6.705086 -0.101248 0.01334 12.845295 79.0
64 6685.0 0.519451 0.587982 0.0 0.304604 0.871942 -6.705086 -0.101248 0.01334 12.845295 79.0
65 6685.0 0.522019 0.565747 0.0 0.290973 0.871942 -6.705086 -0.101248 0.01334 12.845295 79.0
66 6685.0 0.518259 0.577961 0.0 0.296457 0.871942 -6.705086 -0.101248 0.01334 12.845295 79.0
67 6685.0 0.540831 0.571666 0.0 0.311219 0.871942 -6.705086 -0.101248 0.01334 12.845295 79.0
68 6685.0 0.542161 0.558837 0.0 0.303531 0.871942 -6.705086 -0.101248 0.01334 12.845295 79.0
69 6685.0 0.553786 0.555326 0.0 0.311679 0.871942 -6.705086 -0.101248 0.01334 12.845295 79.0
70 6685.0 0.540006 0.558313 0.0 0.301344 0.871942 -6.705086 -0.101248 0.01334 12.845295 79.0
71 6685.0 0.565298 0.591317 0.0 0.346057 0.871942 -6.705086 -0.101248 0.01334 12.845295 79.0
72 6685.0 0.561689 0.59657 0.0 0.346718 0.871942 -6.705086 -0.101248 0.01334 12.845295 79.0
73 6685.0 0.572527 0.591063 0.0 0.352038 0.871942 -6.705086 -0.101248 0.01334 12.845295 79.0
74 6685.0 0.602171 0.595739 0.0 0.380634 0.871942 -6.705086 -0.101248 0.01334 12.845295 79.0
75 6685.0 0.614604 0.605941 0.0 0.398491 0.871942 -6.705086 -0.101248 0.01334 12.845295 79.0
76 6685.0 0.599789 0.580349 0.0 0.367654 0.871942 -6.705086 -0.101248 0.01334 12.845295 79.0
77 6685.0 0.609186 0.604398 0.0 0.392774 0.871942 -6.705086 -0.101248 0.01334 12.845295 79.0
78 6685.0 0.613585 0.614682 0.0 0.403841 0.871942 -6.705086 -0.101248 0.01334 12.845295 79.0
79 6685.0 0.617189 0.60733 0.0 0.401683 0.871942 -6.705086 -0.101248 0.01334 12.845295 79.0
80 6685.0 0.615863 0.596201 0.0 0.392634 0.871942 -6.705086 -0.101248 0.01334 12.845295 79.0
81 6685.0 0.61888 0.610802 0.0 0.405594 0.871942 -6.705086 -0.101248 0.01334 12.845295 79.0
82 6685.0 0.620661 0.608196 0.0 0.405259 0.871942 -6.705086 -0.101248 0.01334 12.845295 79.0
83 6685.0 0.624046 0.617472 0.0 0.414744 0.871942 -6.705086 -0.101248 0.01334 12.845295 79.0
84 6685.0 0.628662 0.614721 0.0 0.416721 0.871942 -6.705086 -0.101248 0.01334 12.845295 79.0
85 6685.0 0.607845 0.650343 0.0 0.424322 0.871942 -6.705086 -0.101248 0.01334 12.845295 79.0
86 6685.0 0.610657 0.636426 0.0 0.416817 0.871942 -6.705086 -0.101248 0.01334 12.845295 79.0
87 6685.0 0.604864 0.622291 0.0 0.401821 0.871942 -6.705086 -0.101248 0.01334 12.845295 79.0
88 6685.0 0.62139 0.625236 0.0 0.418004 0.871942 -6.705086 -0.101248 0.01334 12.845295 79.0
89 6685.0 0.618874 0.622331 0.0 0.413792 0.871942 -6.705086 -0.101248 0.01334 12.845295 79.0
90 6685.0 0.639526 0.623418 0.0 0.43217 0.871942 -6.705086 -0.101248 0.01334 12.845295 79.0
91 6685.0 0.639186 0.620998 0.0 0.430158 0.871942 -6.705086 -0.101248 0.01334 12.845295 79.0
92 6685.0 0.638592 0.617948 0.0 0.427482 0.871942 -6.705086 -0.101248 0.01334 12.845295 79.0
93 6685.0 0.625591 0.643107 0.0 0.434301 0.871942 -6.705086 -0.101248 0.01334 12.845295 79.0
94 6685.0 0.63565 0.642324 0.0 0.442318 0.871942 -6.705086 -0.101248 0.01334 12.845295 79.0
95 6685.0 0.655667 0.625575 0.0 0.447463 0.871942 -6.705086 -0.101248 0.01334 12.845295 79.0
96 6685.0 0.675945 0.631301 0.0 0.468822 0.871942 -6.705086 -0.101248 0.01334 12.845295 79.0
97 6685.0 0.672665 0.638457 0.0 0.471118 0.871942 -6.705086 -0.101248 0.01334 12.845295 79.0
98 6685.0 0.676604 0.664494 0.0 0.493001 0.871942 -6.705086 -0.101248 0.01334 12.845295 79.0
99 6685.0 0.688282 0.659909 0.0 0.499694 0.871942 -6.705086 -0.101248 0.01334 12.845295 79.0
100 6685.0 0.698669 0.662421 0.0 0.510334 0.871942 -6.705086 -0.101248 0.01334 12.845295 79.0
101 6685.0 0.719043 0.699131 0.0 0.553821 0.871942 -6.705086 -0.101248 0.01334 12.845295 79.0
102 6685.0 0.735216 0.698858 0.0 0.567413 0.871942 -6.705086 -0.101248 0.01334 12.845295 79.0
103 6685.0 0.721157 0.709462 0.0 0.562974 0.871942 -6.705086 -0.101248 0.01334 12.845295 79.0
104 6685.0 0.728434 0.719097 0.0 0.576032 0.871942 -6.705086 -0.101248 0.01334 12.845295 79.0
105 6685.0 0.722824 0.697851 0.0 0.556133 0.871942 -6.705086 -0.101248 0.01334 12.845295 79.0
106 6685.0 0.748911 0.709009 0.0 0.586309 0.871942 -6.705086 -0.101248 0.01334 12.845295 79.0
107 6685.0 0.753101 0.717053 0.0 0.595604 0.871942 -6.705086 -0.101248 0.01334 12.845295 79.0
108 6685.0 0.740535 0.700937 0.0 0.573426 0.871942 -6.705086 -0.101248 0.01334 12.845295 79.0
109 6685.0 0.737309 0.706179 0.0 0.574406 0.871942 -6.705086 -0.101248 0.01334 12.845295 79.0
110 6685.0 0.757516 0.698362 0.0 0.586068 0.871942 -6.705086 -0.101248 0.01334 12.845295 79.0
111 6685.0 0.784476 0.723418 0.0 0.626877 0.871942 -6.705086 -0.101248 0.01334 12.845295 79.0
112 6685.0 0.783638 0.735114 0.0 0.634723 0.871942 -6.705086 -0.101248 0.01334 12.845295 79.0
113 6685.0 0.752391 0.716545 0.0 0.594638 0.871942 -6.705086 -0.101248 0.01334 12.845295 79.0
114 6685.0 0.758913 0.697811 0.0 0.586867 0.871942 -6.705086 -0.101248 0.01334 12.845295 79.0
115 6685.0 0.756947 0.692111 0.0 0.581136 0.871942 -6.705086 -0.101248 0.01334 12.845295 79.0
116 6685.0 0.753773 0.699266 0.0 0.583521 0.871942 -6.705086 -0.101248 0.01334 12.845295 79.0
117 6685.0 0.749728 0.720369 0.0 0.595089 0.871942 -6.705086 -0.101248 0.01334 12.845295 79.0
118 6685.0 0.734022 0.747548 0.0 0.601039 0.871942 -6.705086 -0.101248 0.01334 12.845295 79.0
119 6685.0 0.749308 0.770268 0.0 0.630654 0.871942 -6.705086 -0.101248 0.01334 12.845295 79.0
120 6685.0 0.757809 0.804043 0.0 0.66283 0.871942 -6.705086 -0.101248 0.01334 12.845295 79.0
121 6685.0 0.780409 0.778917 0.0 0.664052 0.871942 -6.705086 -0.101248 0.01334 12.845295 79.0
122 6685.0 0.781698 0.784824 0.0 0.669508 0.871942 -6.705086 -0.101248 0.01334 12.845295 79.0
123 6685.0 0.791047 0.808403 0.0 0.69494 0.871942 -6.705086 -0.101248 0.01334 12.845295 79.0
124 6685.0 0.816821 0.835877 0.0 0.737518 0.871942 -6.705086 -0.101248 0.01334 12.845295 79.0
125 6685.0 0.844572 0.855371 0.0 0.775961 0.871942 -6.705086 -0.101248 0.01334 12.845295 79.0
126 6685.0 0.856345 0.866812 0.0 0.794596 0.871942 -6.705086 -0.101248 0.01334 12.845295 79.0
127 6685.0 0.893833 0.877302 0.0 0.834902 0.871942 -6.705086 -0.101248 0.01334 12.845295 79.0
128 6685.0 0.878169 0.898212 0.0 0.836619 0.871942 -6.705086 -0.101248 0.01334 12.845295 79.0
129 6685.0 0.8795 0.91663 0.0 0.85129 0.871942 -6.705086 -0.101248 0.01334 12.845295 79.0
130 6685.0 0.883045 0.917796 0.0 0.85523 0.871942 -6.705086 -0.101248 0.01334 12.845295 79.0
131 6685.0 0.875079 0.937108 0.0 0.862395 0.871942 -6.705086 -0.101248 0.01334 12.845295 79.0
132 6685.0 0.84931 0.975074 0.0 0.867474 0.871942 -6.705086 -0.101248 0.01334 12.845295 79.0
133 6685.0 0.881094 0.966387 0.0 0.888478 0.871942 -6.705086 -0.101248 0.01334 12.845295 79.0
134 6685.0 0.849564 0.999759 0.0 0.87816 0.871942 -6.705086 -0.101248 0.01334 12.845295 79.0
135 6685.0 0.870074 0.973987 0.0 0.884477 0.871942 -6.705086 -0.101248 0.01334 12.845295 79.0
136 6685.0 0.851325 0.965716 0.0 0.862509 0.871942 -6.705086 -0.101248 0.01334 12.845295 79.0
137 6685.0 0.853943 0.98452 0.0 0.876504 0.871942 -6.705086 -0.101248 0.01334 12.845295 79.0
138 6685.0 0.874825 0.986674 0.0 0.895068 0.871942 -6.705086 -0.101248 0.01334 12.845295 79.0
139 6685.0 0.885591 0.984811 0.0 0.903588 0.871942 -6.705086 -0.101248 0.01334 12.845295 79.0
140 6685.0 0.897884 0.976798 0.0 0.910299 0.871942 -6.705086 -0.101248 0.01334 12.845295 79.0
141 6685.0 0.910129 1.010186 0.0 0.92985 0.871942 -6.705086 -0.101248 0.01334 12.845295 79.0
142 6685.0 0.938223 0.992414 0.0 0.94129 0.871942 -6.705086 -0.101248 0.01334 12.845295 79.0
143 6685.0 0.944663 1.014329 0.0 0.946755 0.871942 -6.705086 -0.101248 0.01334 12.845295 79.0
144 6685.0 0.920025 1.051418 0.0 0.936951 0.871942 -6.705086 -0.101248 0.01334 12.845295 79.0
145 6685.0 0.918062 1.090971 0.0 0.937001 0.871942 -6.705086 -0.101248 0.01334 12.845295 79.0
146 6685.0 0.945993 1.112705 0.0 0.949332 0.871942 -6.705086 -0.101248 0.01334 12.845295 79.0
147 6685.0 0.954261 1.12551 0.0 0.953124 0.871942 -6.705086 -0.101248 0.01334 12.845295 79.0
148 6685.0 0.952764 1.145351 0.0 0.952932 0.871942 -6.705086 -0.101248 0.01334 12.845295 79.0
149 6685.0 0.959192 1.119229 0.0 0.955076 0.871942 -6.705086 -0.101248 0.01334 12.845295 79.0
150 6685.0 0.955369 1.125017 0.0 0.953583 0.871942 -6.705086 -0.101248 0.01334 12.845295 79.0
151 6685.0 0.955029 1.132764 0.0 0.953612 0.871942 -6.705086 -0.101248 0.01334 12.845295 79.0
152 6685.0 0.960274 1.134228 0.0 0.955869 0.871942 -6.705086 -0.101248 0.01334 12.845295 79.0
153 6685.0 0.990712 1.136284 0.0 0.968825 0.871942 -6.705086 -0.101248 0.01334 12.845295 79.0
154 6685.0 0.971288 1.15286 0.0 0.960957 0.871942 -6.705086 -0.101248 0.01334 12.845295 79.0
155 6685.0 0.990126 1.122898 0.0 0.968278 0.871942 -6.705086 -0.101248 0.01334 12.845295 79.0
156 6685.0 0.99028 1.126619 0.0 0.968426 0.871942 -6.705086 -0.101248 0.01334 12.845295 79.0
157 6685.0 0.989977 1.116852 0.0 0.96808 0.871942 -6.705086 -0.101248 0.01334 12.845295 79.0
158 6685.0 0.957063 1.135596 0.0 0.954538 0.871942 -6.705086 -0.101248 0.01334 12.845295 79.0
159 6685.0 0.957867 1.140977 0.0 0.954999 0.871942 -6.705086 -0.101248 0.01334 12.845295 79.0
160 6685.0 0.963722 1.141988 0.0 0.957505 0.871942 -6.705086 -0.101248 0.01334 12.845295 79.0
161 6685.0 0.986563 1.146896 0.0 0.967302 0.871942 -6.705086 -0.101248 0.01334 12.845295 79.0
162 6685.0 1.003624 1.160645 0.0 0.974844 0.871942 -6.705086 -0.101248 0.01334 12.845295 79.0
163 6685.0 1.009203 1.149326 0.0 0.976958 0.871942 -6.705086 -0.101248 0.01334 12.845295 79.0
164 6685.0 1.001182 1.168512 0.0 0.973985 0.871942 -6.705086 -0.101248 0.01334 12.845295 79.0
165 6685.0 0.998596 1.213667 0.0 0.966833 0.871942 -6.705086 -0.101248 0.01334 12.845295 79.0
166 6685.0 1.003705 1.238437 0.0 0.962018 0.871942 -6.705086 -0.101248 0.01334 12.845295 79.0
167 6685.0 0.99938 1.227297 0.0 0.962955 0.871942 -6.705086 -0.101248 0.01334 12.845295 79.0
168 6685.0 1.007532 1.21933 0.0 0.970438 0.871942 -6.705086 -0.101248 0.01334 12.845295 79.0
169 6685.0 1.021415 1.238333 0.0 0.972779 0.871942 -6.705086 -0.101248 0.01334 12.845295 79.0
170 6685.0 1.005394 1.241119 0.0 0.962184 0.871942 -6.705086 -0.101248 0.01334 12.845295 79.0
171 6685.0 0.999761 1.224124 0.0 0.964199 0.871942 -6.705086 -0.101248 0.01334 12.845295 79.0
172 6685.0 1.005144 1.22836 0.0 0.966108 0.871942 -6.705086 -0.101248 0.01334 12.845295 79.0
173 6685.0 1.026557 1.242692 0.0 0.974501 0.871942 -6.705086 -0.101248 0.01334 12.845295 79.0
174 6685.0 1.0388 1.233384 0.0 0.984891 0.871942 -6.705086 -0.101248 0.01334 12.845295 79.0
175 6685.0 1.041294 1.240681 0.0 0.984071 0.871942 -6.705086 -0.101248 0.01334 12.845295 79.0
176 6685.0 1.03677 1.217413 0.0 0.988761 0.871942 -6.705086 -0.101248 0.01334 12.845295 79.0
177 6685.0 0.999813 1.191538 0.0 0.973917 0.871942 -6.705086 -0.101248 0.01334 12.845295 79.0
178 6685.0 1.001955 1.209428 0.0 0.970222 0.871942 -6.705086 -0.101248 0.01334 12.845295 79.0
179 6685.0 1.006818 1.225266 0.0 0.96811 0.871942 -6.705086 -0.101248 0.01334 12.845295 79.0
180 6685.0 0.99333 1.232841 0.0 0.95752 0.871942 -6.705086 -0.101248 0.01334 12.845295 79.0
181 6685.0 0.990158 1.232775 0.0 0.95562 0.871942 -6.705086 -0.101248 0.01334 12.845295 79.0
182 6685.0 0.983384 1.219061 0.0 0.955896 0.871942 -6.705086 -0.101248 0.01334 12.845295 79.0
183 6685.0 0.985854 1.23501 0.0 0.952298 0.871942 -6.705086 -0.101248 0.01334 12.845295 79.0
184 6685.0 0.985401 1.230891 0.0 0.95334 0.871942 -6.705086 -0.101248 0.01334 12.845295 79.0
185 6685.0 1.004462 1.198731 0.0 0.975157 0.871942 -6.705086 -0.101248 0.01334 12.845295 79.0
186 6685.0 1.007475 1.180419 0.0 0.976919 0.871942 -6.705086 -0.101248 0.01334 12.845295 79.0
187 6685.0 1.000149 1.170515 0.0 0.973591 0.871942 -6.705086 -0.101248 0.01334 12.845295 79.0
188 6685.0 1.009877 1.167169 0.0 0.977642 0.871942 -6.705086 -0.101248 0.01334 12.845295 79.0
189 6685.0 1.021065 1.168663 0.0 0.982421 0.871942 -6.705086 -0.101248 0.01334 12.845295 79.0
190 6685.0 1.00182 1.192213 0.0 0.974784 0.871942 -6.705086 -0.101248 0.01334 12.845295 79.0
191 6685.0 1.019799 1.200784 0.0 0.9826 0.871942 -6.705086 -0.101248 0.01334 12.845295 79.0
192 6685.0 1.019481 1.185503 0.0 0.982125 0.871942 -6.705086 -0.101248 0.01334 12.845295 79.0
193 6685.0 1.011446 1.175261 0.0 0.978488 0.871942 -6.705086 -0.101248 0.01334 12.845295 79.0
194 6685.0 0.999656 1.188417 0.0 0.973781 0.871942 -6.705086 -0.101248 0.01334 12.845295 79.0
195 6685.0 1.008906 1.197444 0.0 0.977906 0.871942 -6.705086 -0.101248 0.01334 12.845295 79.0
196 6685.0 0.980883 1.192396 0.0 0.962897 0.871942 -6.705086 -0.101248 0.01334 12.845295 79.0
197 6685.0 1.001366 1.188806 0.0 0.974515 0.871942 -6.705086 -0.101248 0.01334 12.845295 79.0
198 6685.0 0.972383 1.186461 0.0 0.959643 0.871942 -6.705086 -0.101248 0.01334 12.845295 79.0
199 6685.0 0.981663 1.197197 0.0 0.961836 0.871942 -6.705086 -0.101248 0.01334 12.845295 79.0
200 6685.0 0.98257 1.168902 0.0 0.966099 0.871942 -6.705086 -0.101248 0.01334 12.845295 79.0
201 6685.0 0.978455 1.169789 0.0 0.964373 0.871942 -6.705086 -0.101248 0.01334 12.845295 79.0
202 6685.0 0.978287 1.179689 0.0 0.964523 0.871942 -6.705086 -0.101248 0.01334 12.845295 79.0
203 6685.0 1.014867 1.183509 0.0 0.980123 0.871942 -6.705086 -0.101248 0.01334 12.845295 79.0
204 6685.0 1.009512 1.177115 0.0 0.977709 0.871942 -6.705086 -0.101248 0.01334 12.845295 79.0
205 6685.0 1.009485 1.158275 0.0 0.977277 0.871942 -6.705086 -0.101248 0.01334 12.845295 79.0
206 6685.0 0.990279 1.171587 0.0 0.969429 0.871942 -6.705086 -0.101248 0.01334 12.845295 79.0
207 6685.0 0.978854 1.184012 0.0 0.964345 0.871942 -6.705086 -0.101248 0.01334 12.845295 79.0
208 6685.0 0.991025 1.186911 0.0 0.970087 0.871942 -6.705086 -0.101248 0.01334 12.845295 79.0
209 6685.0 0.979033 1.192404 0.0 0.961773 0.871942 -6.705086 -0.101248 0.01334 12.845295 79.0
210 6685.0 0.984473 1.206579 0.0 0.960541 0.871942 -6.705086 -0.101248 0.01334 12.845295 79.0
211 6685.0 0.977084 1.208036 0.0 0.955601 0.871942 -6.705086 -0.101248 0.01334 12.845295 79.0
212 6685.0 0.988832 1.178997 0.0 0.96898 0.871942 -6.705086 -0.101248 0.01334 12.845295 79.0
213 6685.0 0.995214 1.200518 0.0 0.968984 0.871942 -6.705086 -0.101248 0.01334 12.845295 79.0
214 6685.0 0.979378 1.189434 0.0 0.962931 0.871942 -6.705086 -0.101248 0.01334 12.845295 79.0
215 6685.0 0.982163 1.174885 0.0 0.96606 0.871942 -6.705086 -0.101248 0.01334 12.845295 79.0
216 6685.0 0.957435 1.187152 0.0 0.950368 0.871942 -6.705086 -0.101248 0.01334 12.845295 79.0
217 6685.0 0.965323 1.202765 0.0 0.95016 0.871942 -6.705086 -0.101248 0.01334 12.845295 79.0
218 6685.0 0.967578 1.186779 0.0 0.956631 0.871942 -6.705086 -0.101248 0.01334 12.845295 79.0
219 6685.0 0.978029 1.17605 0.0 0.964333 0.871942 -6.705086 -0.101248 0.01334 12.845295 79.0
220 6685.0 0.963654 1.18372 0.0 0.955231 0.871942 -6.705086 -0.101248 0.01334 12.845295 79.0
221 6685.0 0.960911 1.190249 0.0 0.951484 0.871942 -6.705086 -0.101248 0.01334 12.845295 79.0
222 6685.0 0.978995 1.199564 0.0 0.959464 0.871942 -6.705086 -0.101248 0.01334 12.845295 79.0
223 6685.0 0.970009 1.203989 0.0 0.952607 0.871942 -6.705086 -0.101248 0.01334 12.845295 79.0
224 6685.0 0.990202 1.177701 0.0 0.969532 0.871942 -6.705086 -0.101248 0.01334 12.845295 79.0
225 6685.0 0.96389 1.159745 0.0 0.957972 0.871942 -6.705086 -0.101248 0.01334 12.845295 79.0
226 6685.0 0.960011 1.179468 0.0 0.954382 0.871942 -6.705086 -0.101248 0.01334 12.845295 79.0
227 6685.0 0.951883 1.186887 0.0 0.947089 0.871942 -6.705086 -0.101248 0.01334 12.845295 79.0
228 6685.0 0.966382 1.198319 0.0 0.952221 0.871942 -6.705086 -0.101248 0.01334 12.845295 79.0
229 6685.0 0.989364 1.20639 0.0 0.963565 0.871942 -6.705086 -0.101248 0.01334 12.845295 79.0
230 6685.0 0.987499 1.199613 0.0 0.964599 0.871942 -6.705086 -0.101248 0.01334 12.845295 79.0
231 6685.0 0.983292 1.207895 0.0 0.959406 0.871942 -6.705086 -0.101248 0.01334 12.845295 79.0
232 6685.0 0.97291 1.229041 0.0 0.946364 0.871942 -6.705086 -0.101248 0.01334 12.845295 79.0
233 6685.0 0.985983 1.230377 0.0 0.953857 0.871942 -6.705086 -0.101248 0.01334 12.845295 79.0
234 6685.0 0.966537 1.21525 0.0 0.946908 0.871942 -6.705086 -0.101248 0.01334 12.845295 79.0
235 6685.0 0.954719 1.18196 0.0 0.95038 0.871942 -6.705086 -0.101248 0.01334 12.845295 79.0
236 6685.0 0.950508 1.192043 0.0 0.944609 0.871942 -6.705086 -0.101248 0.01334 12.845295 79.0
237 6685.0 0.952264 1.197944 0.0 0.943788 0.871942 -6.705086 -0.101248 0.01334 12.845295 79.0
238 6685.0 0.958717 1.204705 0.0 0.945538 0.871942 -6.705086 -0.101248 0.01334 12.845295 79.0
239 6685.0 0.973655 1.199188 0.0 0.956349 0.871942 -6.705086 -0.101248 0.01334 12.845295 79.0
240 6685.0 0.962394 1.186248 0.0 0.95366 0.871942 -6.705086 -0.101248 0.01334 12.845295 79.0
241 6685.0 0.952326 1.154077 0.0 0.952941 0.871942 -6.705086 -0.101248 0.01334 12.845295 79.0
242 6685.0 0.961132 1.151598 0.0 0.956621 0.871942 -6.705086 -0.101248 0.01334 12.845295 79.0
243 6685.0 0.95193 1.172103 0.0 0.951839 0.871942 -6.705086 -0.101248 0.01334 12.845295 79.0
244 6685.0 0.973731 1.193884 0.0 0.958089 0.871942 -6.705086 -0.101248 0.01334 12.845295 79.0
245 6685.0 0.977118 1.209965 0.0 0.955005 0.871942 -6.705086 -0.101248 0.01334 12.845295 79.0
246 6685.0 0.983915 1.201452 0.0 0.961841 0.871942 -6.705086 -0.101248 0.01334 12.845295 79.0
247 6685.0 0.984905 1.182462 0.0 0.967392 0.871942 -6.705086 -0.101248 0.01334 12.845295 79.0
248 6685.0 0.988714 1.166672 0.0 0.968655 0.871942 -6.705086 -0.101248 0.01334 12.845295 79.0
249 6685.0 0.980246 1.171704 0.0 0.965176 0.871942 -6.705086 -0.101248 0.01334 12.845295 79.0
250 6685.0 0.945132 1.149141 0.0 0.94978 0.871942 -6.705086 -0.101248 0.01334 12.845295 79.0
251 6685.0 0.936941 1.13787 0.0 0.946054 0.871942 -6.705086 -0.101248 0.01334 12.845295 79.0
252 6685.0 0.955203 1.134701 0.0 0.953729 0.871942 -6.705086 -0.101248 0.01334 12.845295 79.0
253 6685.0 0.956679 1.15566 0.0 0.954823 0.871942 -6.705086 -0.101248 0.01334 12.845295 79.0
254 6685.0 0.952054 1.163525 0.0 0.953037 0.871942 -6.705086 -0.101248 0.01334 12.845295 79.0
255 6685.0 0.954491 1.16634 0.0 0.954133 0.871942 -6.705086 -0.101248 0.01334 12.845295 79.0
256 6685.0 0.95354 1.213785 0.0 0.939503 0.871942 -6.705086 -0.101248 0.01334 12.845295 79.0
257 6685.0 0.934001 1.192349 0.0 0.934512 0.871942 -6.705086 -0.101248 0.01334 12.845295 79.0
258 6685.0 0.95141 1.19578 0.0 0.943962 0.871942 -6.705086 -0.101248 0.01334 12.845295 79.0
259 6685.0 0.960418 1.191485 0.0 0.950791 0.871942 -6.705086 -0.101248 0.01334 12.845295 79.0
260 6685.0 0.968388 1.199346 0.0 0.953108 0.871942 -6.705086 -0.101248 0.01334 12.845295 79.0
261 6685.0 0.979354 1.187417 0.0 0.963561 0.871942 -6.705086 -0.101248 0.01334 12.845295 79.0
262 6685.0 0.970551 1.176543 0.0 0.961172 0.871942 -6.705086 -0.101248 0.01334 12.845295 79.0
263 6685.0 0.968282 1.183517 0.0 0.958099 0.871942 -6.705086 -0.101248 0.01334 12.845295 79.0
264 6685.0 0.987156 1.167386 0.0 0.96801 0.871942 -6.705086 -0.101248 0.01334 12.845295 79.0
265 6685.0 0.988545 1.170773 0.0 0.968675 0.871942 -6.705086 -0.101248 0.01334 12.845295 79.0
266 6685.0 0.981409 1.197258 0.0 0.961663 0.871942 -6.705086 -0.101248 0.01334 12.845295 79.0
267 6685.0 1.013178 1.204825 0.0 0.97849 0.871942 -6.705086 -0.101248 0.01334 12.845295 79.0
268 6685.0 0.985946 1.181088 0.0 0.967803 0.871942 -6.705086 -0.101248 0.01334 12.845295 79.0
269 6685.0 0.966867 1.172562 0.0 0.959521 0.871942 -6.705086 -0.101248 0.01334 12.845295 79.0
270 6685.0 0.942865 1.154389 0.0 0.948935 0.871942 -6.705086 -0.101248 0.01334 12.845295 79.0
271 6685.0 0.954826 1.146059 0.0 0.953823 0.871942 -6.705086 -0.101248 0.01334 12.845295 79.0
272 6685.0 0.987273 1.147127 0.0 0.967608 0.871942 -6.705086 -0.101248 0.01334 12.845295 79.0
273 6685.0 0.995272 1.124435 0.0 0.970494 0.871942 -6.705086 -0.101248 0.01334 12.845295 79.0
274 6685.0 1.008801 1.124213 0.0 0.976227 0.871942 -6.705086 -0.101248 0.01334 12.845295 79.0
275 6685.0 1.015094 1.148193 0.0 0.979432 0.871942 -6.705086 -0.101248 0.01334 12.845295 79.0
276 6685.0 0.964307 1.167783 0.0 0.958328 0.871942 -6.705086 -0.101248 0.01334 12.845295 79.0
277 6685.0 0.969505 1.17145 0.0 0.960615 0.871942 -6.705086 -0.101248 0.01334 12.845295 79.0
278 6685.0 0.98259 1.192838 0.0 0.963789 0.871942 -6.705086 -0.101248 0.01334 12.845295 79.0
279 6685.0 0.988735 1.167126 0.0 0.968674 0.871942 -6.705086 -0.101248 0.01334 12.845295 79.0
280 6685.0 0.996555 1.164319 0.0 0.971928 0.871942 -6.705086 -0.101248 0.01334 12.845295 79.0
281 6685.0 0.983775 1.160672 0.0 0.966427 0.871942 -6.705086 -0.101248 0.01334 12.845295 79.0
282 6685.0 0.991257 1.165525 0.0 0.969708 0.871942 -6.705086 -0.101248 0.01334 12.845295 79.0
283 6685.0 1.000113 1.175677 0.0 0.973691 0.871942 -6.705086 -0.101248 0.01334 12.845295 79.0
284 6685.0 1.004702 1.176773 0.0 0.975662 0.871942 -6.705086 -0.101248 0.01334 12.845295 79.0
285 6685.0 1.007517 1.213915 0.0 0.972158 0.871942 -6.705086 -0.101248 0.01334 12.845295 79.0
286 6685.0 1.003302 1.211338 0.0 0.970428 0.871942 -6.705086 -0.101248 0.01334 12.845295 79.0
287 6685.0 1.003907 1.218591 0.0 0.968478 0.871942 -6.705086 -0.101248 0.01334 12.845295 79.0
