 time p.x p.y p.z deep.node-0 CV opes.bias opes.rct opes.zed opes.neff opes.nker
0 1205.0 0.715541 0.616346 0.0 0.491933 -0.478004 -2.811591 -0.040018 0.013733 8.642242 46.0
1 1205.0 0.728161 0.610483 0.0 0.498519 -0.478004 -2.811591 -0.040018 0.013733 8.642242 46.0
2 1205.0 0.70868 0.63991 0.0 0.502851 -0.478004 -2.811591 -0.040018 0.013733 8.642242 46.0
3 1205.0 0.699954 0.630382 0.0 0.488634 -0.478004 -2.811591 -0.040018 0.013733 8.642242 46.0
4 1205.0 0.705006 0.623095 0.0 0.487756 -0.478004 -2.811591 -0.040018 0.013733 8.642242 46.0
5 1205.0 0.716261 0.639449 0.0 0.508985 -0.478004 -2.811591 -0.040018 0.013733 8.642242 46.0
6 1205.0 0.692488 0.642992 0.0 0.491242 -0.478004 -2.811591 -0.040018 0.013733 8.642242 46.0
7 1205.0 0.687669 0.63925 0.0 0.484472 -0.478004 -2.811591 -0.040018 0.013733 8.642242 46.0
8 1205.0 0.682746 0.646363 0.0 0.485336 -0.478004 -2.811591 -0.040018 0.013733 8.642242 46.0
9 1205.0 0.670896 0.665271 0.0 0.488688 -0.478004 -2.811591 -0.040018 0.013733 8.642242 46.0
10 1205.0 0.662456 0.648649 0.0 0.469668 -0.478004 -2.811591 -0.040018 0.013733 8.642242 46.0
11 1205.0 0.672933 0.655099 0.0 0.483187 -0.478004 -2.811591 -0.040018 0.013733 8.642242 46.0
12 1205.0 0.667914 0.628524 0.0 0.46 -0.478004 -2.811591 -0.040018 0.013733 8.642242 46.0
13 1205.0 0.668546 0.599365 0.0 0.439792 -0.478004 -2.811591 -0.040018 0.013733 8.642242 46.0
14 1205.0 0.670287 0.616803 0.0 0.453684 -0.478004 -2.811591 -0.040018 0.013733 8.642242 46.0
15 1205.0 0.68376 0.619035 0.0 0.466757 -0.478004 -2.811591 -0.040018 0.013733 8.642242 46.0
16 1205.0 0.67825 0.622008 0.0 0.464176 -0.478004 -2.811591 -0.040018 0.013733 8.642242 46.0
17 1205.0 0.69315 0.613444 0.0 0.470782 -0.478004 -2.811591 -0.040018 0.013733 8.642242 46.0
18 1205.0 0.716487 0.578106 0.0 0.467095 -0.478004 -2.811591 -0.040018 0.013733 8.642242 46.0
19 1205.0 0.71123 0.593876 0.0 0.472271 -0.478004 -2.811591 -0.040018 0.013733 8.642242 46.0
20 1205.0 0.691254 0.591804 0.0 0.453769 -0.478004 -2.811591 -0.040018 0.013733 8.642242 46.0
21 1205.0 0.668726 0.587386 0.0 0.431423 -0.478004 -2.811591 -0.040018 0.013733 8.642242 46.0
22 1205.0 0.657217 0.562039 0.0 0.406008 -0.478004 -2.811591 -0.040018 0.013733 8.642242 46.0
23 1205.0 0.637319 0.544144 0.0 0.378307 -0.478004 -2.811591 -0.040018 0.013733 8.642242 46.0
24 1205.0 0.632852 0.554685 0.0 0.380466 -0.478004 -2.811591 -0.040018 0.013733 8.642242 46.0
25 1205.0 0.634195 0.569089 0.0 0.389929 -0.478004 -2.811591 -0.040018 0.013733 8.642242 46.0
26 1205.0 0.616376 0.544205 0.0 0.360024 -0.478004 -2.811591 -0.040018 0.013733 8.642242 46.0
27 1205.0 0.619405 0.538217 0.0 0.359227 -0.478004 -2.811591 -0.040018 0.013733 8.642242 46.0
28 1205.0 0.619571 0.537823 0.0 0.359146 -0.478004 -2.811591 -0.040018 0.013733 8.642242 46.0
29 1205.0 0.609745 0.564079 0.0 0.36566 -0.478004 -2.811591 -0.040018 0.013733 8.642242 46.0
30 1205.0 0.61472 0.568742 0.0 0.372696 -0.478004 -2.811591 -0.040018 0.013733 8.642242 46.0
31 1205.0 0.619511 0.565104 0.0 0.374792 -0.478004 -2.811591 -0.040018 0.013733 8.642242 46.0
32 1205.0 0.618877 0.553678 0.0 0.367663 -0.478004 -2.811591 -0.040018 0.013733 8.642242 46.0
33 1205.0 0.615977 0.579142 0.0 0.380593 -0.478004 -2.811591 -0.040018 0.013733 8.642242 46.0
34 1205.0 0.613124 0.603017 0.0 0.395149 -0.478004 -2.811591 -0.040018 0.013733 8.642242 46.0
35 1205.0 0.641668 0.595996 0.0 0.414485 -0.478004 -2.811591 -0.040018 0.013733 8.642242 46.0
36 1205.0 0.614926 0.568281 0.0 0.37261 -0.478004 -2.811591 -0.040018 0.013733 8.642242 46.0
37 1205.0 0.63176 0.569619 0.0 0.388105 -0.478004 -2.811591 -0.040018 0.013733 8.642242 46.0
38 1205.0 0.618599 0.548508 0.0 0.364445 -0.478004 -2.811591 -0.040018 0.013733 8.642242 46.0
39 1205.0 0.623212 0.540264 0.0 0.363735 -0.478004 -2.811591 -0.040018 0.013733 8.642242 46.0
40 1205.0 0.600545 0.542599 0.0 0.345253 -0.478004 -2.811591 -0.040018 0.013733 8.642242 46.0
41 1205.0 0.58629 0.552708 0.0 0.338602 -0.478004 -2.811591 -0.040018 0.013733 8.642242 46.0
42 1205.0 0.585889 0.551319 0.0 0.337452 -0.478004 -2.811591 -0.040018 0.013733 8.642242 46.0
43 1205.0 0.571244 0.559398 0.0 0.329291 -0.478004 -2.811591 -0.040018 0.013733 8.642242 46.0
44 1205.0 0.551912 0.553315 0.0 0.308883 -0.478004 -2.811591 -0.040018 0.013733 8.642242 46.0
45 1205.0 0.541895 0.54051 0.0 0.292752 -0.478004 -2.811591 -0.040018 0.013733 8.642242 46.0
46 1205.0 0.534498 0.56308 0.0 0.299712 -0.478004 -2.811591 -0.040018 0.013733 8.642242 46.0
47 1205.0 0.509549 0.5593 0.0 0.275756 -0.478004 -2.811591 -0.040018 0.013733 8.642242 46.0
48 1205.0 0.527101 0.537375 0.0 0.278008 -0.478004 -2.811591 -0.040018 0.013733 8.642242 46.0
49 1205.0 0.512153 0.553671 0.0 0.274311 -0.478004 -2.811591 -0.040018 0.013733 8.642242 46.0
50 1205.0 0.518436 0.547536 0.0 0.276276 -0.478004 -2.811591 -0.040018 0.013733 8.642242 46.0
51 1205.0 0.50819 0.545065 0.0 0.265893 -0.478004 -2.811591 -0.040018 0.013733 8.642242 46.0
52 1205.0 0.51034 0.54711 0.0 0.26895 -0.478004 -2.811591 -0.040018 0.013733 8.642242 46.0
53 1205.0 0.498017 0.534599 0.0 0.250972 -0.478004 -2.811591 -0.040018 0.013733 8.642242 46.0
54 1205.0 0.492751 0.54435 0.0 0.251977 -0.478004 -2.811591 -0.040018 0.013733 8.642242 46.0
55 1205.0 0.503532 0.558295 0.0 0.269911 -0.478004 -2.811591 -0.040018 0.013733 8.642242 46.0
56 1205.0 0.488201 0.555568 0.0 0.254903 -0.478004 -2.811591 -0.040018 0.013733 8.642242 46.0
57 1205.0 0.488984 0.535765 0.0 0.243742 -0.478004 -2.811591 -0.040018 0.013733 8.642242 46.0
58 1205.0 0.468329 0.529797 0.0 0.222242 -0.478004 -2.811591 -0.040018 0.013733 8.642242 46.0
59 1205.0 0.446324 0.54898 0.0 0.214519 -0.478004 -2.811591 -0.040018 0.013733 8.642242 46.0
60 1205.0 0.435337 0.54 0.0 0.199256 -0.478004 -2.811591 -0.040018 0.013733 8.642242 46.0
61 1205.0 0.420381 0.528919 0.0 0.181638 -0.478004 -2.811591 -0.040018 0.013733 8.642242 46.0
62 1205.0 0.421565 0.529096 0.0 0.182589 -0.478004 -2.811591 -0.040018 0.013733 8.642242 46.0
63 1205.0 0.425541 0.538177 0.0 0.189639 -0.478004 -2.811591 -0.040018 0.013733 8.642242 46.0
64 1205.0 0.414919 0.531598 0.0 0.178667 -0.478004 -2.811591 -0.040018 0.013733 8.642242 46.0
65 1205.0 0.394397 0.50741 0.0 0.153622 -0.478004 -2.811591 -0.040018 0.013733 8.642242 46.0
66 1205.0 0.402112 0.536125 0.0 0.17099 -0.478004 -2.811591 -0.040018 0.013733 8.642242 46.0
67 1205.0 0.389687 0.537562 0.0 0.162537 -0.478004 -2.811591 -0.040018 0.013733 8.642242 46.0
68 1205.0 0.375039 0.529734 0.0 0.148293 -0.478004 -2.811591 -0.040018 0.013733 8.642242 46.0
69 1205.0 0.353759 0.528044 0.0 0.131803 -0.478004 -2.811591 -0.040018 0.013733 8.642242 46.0
70 1205.0 0.344841 0.516201 0.0 0.120379 -0.478004 -2.811591 -0.040018 0.013733 8.642242 46.0
71 1205.0 0.333003 0.511541 0.0 0.109699 -0.478004 -2.811591 -0.040018 0.013733 8.642242 46.0
72 1205.0 0.326406 0.543271 0.0 0.120037 -0.478004 -2.811591 -0.040018 0.013733 8.642242 46.0
73 1205.0 0.314867 0.523858 0.0 0.101221 -0.478004 -2.811591 -0.040018 0.013733 8.642242 46.0
74 1205.0 0.301966 0.521577 0.0 0.090715 -0.478004 -2.811591 -0.040018 0.013733 8.642242 46.0
75 1205.0 0.328579 0.514097 0.0 0.107449 -0.478004 -2.811591 -0.040018 0.013733 8.642242 46.0
76 1205.0 0.312334 0.524429 0.0 0.099698 -0.478004 -2.811591 -0.040018 0.013733 8.642242 46.0
77 1205.0 0.292118 0.546141 0.0 0.096888 -0.478004 -2.811591 -0.040018 0.013733 8.642242 46.0
78 1205.0 0.297374 0.532693 0.0 0.093394 -0.478004 -2.811591 -0.040018 0.013733 8.642242 46.0
79 1205.0 0.305778 0.530273 0.0 0.098139 -0.478004 -2.811591 -0.040018 0.013733 8.642242 46.0
80 1205.0 0.303521 0.516263 0.0 0.089716 -0.478004 -2.811591 -0.040018 0.013733 8.642242 46.0
81 1205.0 0.293161 0.510416 0.0 0.079652 -0.478004 -2.811591 -0.040018 0.013733 8.642242 46.0
82 1205.0 0.30786 0.529389 0.0 0.09916 -0.478004 -2.811591 -0.040018 0.013733 8.642242 46.0
83 1205.0 0.32179 0.542145 0.0 0.116102 -0.478004 -2.811591 -0.040018 0.013733 8.642242 46.0
84 1205.0 0.305738 0.554767 0.0 0.11137 -0.478004 -2.811591 -0.040018 0.013733 8.642242 46.0
85 1205.0 0.315736 0.561362 0.0 0.12222 -0.478004 -2.811591 -0.040018 0.013733 8.642242 46.0
86 1205.0 0.314671 0.555535 0.0 0.118222 -0.478004 -2.811591 -0.040018 0.013733 8.642242 46.0
87 1205.0 0.292772 0.556143 0.0 0.102774 -0.478004 -2.811591 -0.040018 0.013733 8.642242 46.0
88 1205.0 0.298891 0.549661 0.0 0.103673 -0.478004 -2.811591 -0.040018 0.013733 8.642242 46.0
89 1205.0 0.308149 0.531028 0.0 0.100256 -0.478004 -2.811591 -0.040018 0.013733 8.642242 46.0
90 1205.0 0.28213 0.552095 0.0 0.092916 -0.478004 -2.811591 -0.040018 0.013733 8.642242 46.0
91 1205.0 0.286258 0.576273 0.0 0.109186 -0.478004 -2.811591 -0.040018 0.013733 8.642242 46.0
92 1205.0 0.292235 0.565557 0.0 0.107557 -0.478004 -2.811591 -0.040018 0.013733 8.642242 46.0
93 1205.0 0.297951 0.5575 0.0 0.107239 -0.478004 -2.811591 -0.040018 0.013733 8.642242 46.0
94 1205.0 0.302388 0.547782 0.0 0.105176 -0.478004 -2.811591 -0.040018 0.013733 8.642242 46.0
95 1205.0 0.30393 0.545205 0.0 0.104892 -0.478004 -2.811591 -0.040018 0.013733 8.642242 46.0
96 1205.0 0.283298 0.531847 0.0 0.082795 -0.478004 -2.811591 -0.040018 0.013733 8.642242 46.0
97 1205.0 0.288845 0.508094 0.0 0.075505 -0.478004 -2.811591 -0.040018 0.013733 8.642242 46.0
98 1205.0 0.28358 0.532095 0.0 0.083132 -0.478004 -2.811591 -0.040018 0.013733 8.642242 46.0
99 1205.0 0.291838 0.528643 0.0 0.087213 -0.478004 -2.811591 -0.040018 0.013733 8.642242 46.0
100 1205.0 0.267647 0.534993 0.0 0.073222 -0.478004 -2.811591 -0.040018 0.013733 8.642242 46.0
101 1205.0 0.276155 0.522063 0.0 0.072352 -0.478004 -2.811591 -0.040018 0.013733 8.642242 46.0
102 1205.0 0.277601 0.522337 0.0 0.073543 -0.478004 -2.811591 -0.040018 0.013733 8.642242 46.0
103 1205.0 0.256655 0.53334 0.0 0.064408 -0.478004 -2.811591 -0.040018 0.013733 8.642242 46.0
104 1205.0 0.2424 0.513659 0.0 0.043484 -0.478004 -2.811591 -0.040018 0.013733 8.642242 46.0
105 1205.0 0.214454 0.523882 0.0 0.028884 -0.478004 -2.811591 -0.040018 0.013733 8.642242 46.0
106 1205.0 0.198237 0.546098 0.0 0.029228 -0.478004 -2.811591 -0.040018 0.013733 8.642242 46.0
107 1205.0 0.183057 0.532616 0.0 0.01318 -0.478004 -2.811591 -0.040018 0.013733 8.642242 46.0
108 1205.0 0.184739 0.54851 0.0 0.02081 -0.478004 -2.811591 -0.040018 0.013733 8.642242 46.0
109 1205.0 0.174736 0.550535 0.0 0.014699 -0.478004 -2.811591 -0.040018 0.013733 8.642242 46.0
110 1205.0 0.163206 0.54322 0.0 0.010349 -0.478004 -2.811591 -0.040018 0.013733 8.642242 46.0
111 1205.0 0.144886 0.544657 0.0 0.007469 -0.478004 -2.811591 -0.040018 0.013733 8.642242 46.0
112 1205.0 0.133584 0.544624 0.0 0.005663 -0.478004 -2.811591 -0.040018 0.013733 8.642242 46.0
113 1205.0 0.142896 0.555856 0.0 0.007509 -0.478004 -2.811591 -0.040018 0.013733 8.642242 46.0
114 1205.0 0.14471 0.542245 0.0 0.007363 -0.478004 -2.811591 -0.040018 0.013733 8.642242 46.0
115 1205.0 0.130348 0.543013 0.0 0.005094 -0.478004 -2.811591 -0.040018 0.013733 8.642242 46.0
116 1205.0 0.146689 0.537608 0.0 0.007531 -0.478004 -2.811591 -0.040018 0.013733 8.642242 46.0
117 1205.0 0.14392 0.524816 0.0 0.00668 -0.478004 -2.811591 -0.040018 0.013733 8.642242 46.0
118 1205.0 0.111197 0.540646 0.0 0.00196 -0.478004 -2.811591 -0.040018 0.013733 8.642242 46.0
119 1205.0 0.10895 0.52902 0.0 0.001229 -0.478004 -2.811591 -0.040018 0.013733 8.642242 46.0
120 1205.0 0.13729 0.501163 0.0 0.004864 -0.478004 -2.811591 -0.040018 0.013733 8.642242 46.0
121 1205.0 0.153969 0.502128 0.0 0.007559 -0.478004 -2.811591 -0.040018 0.013733 8.642242 46.0
122 1205.0 0.166943 0.548751 0.0 0.011122 -0.478004 -2.811591 -0.040018 0.013733 8.642242 46.0
123 1205.0 0.174007 0.551691 0.0 0.0148 -0.478004 -2.811591 -0.040018 0.013733 8.642242 46.0
124 1205.0 0.174934 0.533555 0.0 0.011913 -0.478004 -2.811591 -0.040018 0.013733 8.642242 46.0
125 1205.0 0.173149 0.539033 0.0 0.011803 -0.478004 -2.811591 -0.040018 0.013733 8.642242 46.0
126 1205.0 0.17063 0.536733 0.0 0.011327 -0.478004 -2.811591 -0.040018 0.013733 8.642242 46.0
127 1205.0 0.161334 0.524835 0.0 0.009462 -0.478004 -2.811591 -0.040018 0.013733 8.642242 46.0
128 1205.0 0.135028 0.528886 0.0 0.00539 -0.478004 -2.811591 -0.040018 0.013733 8.642242 46.0
129 1205.0 0.126457 0.545433 0.0 0.00455 -0.478004 -2.811591 -0.040018 0.013733 8.642242 46.0
130 1205.0 0.129363 0.533724 0.0 0.00464 -0.478004 -2.811591 -0.040018 0.013733 8.642242 46.0
131 1205.0 0.121227 0.543637 0.0 0.003657 -0.478004 -2.811591 -0.040018 0.013733 8.642242 46.0
132 1205.0 0.130762 0.546782 0.0 0.005281 -0.478004 -2.811591 -0.040018 0.013733 8.642242 46.0
133 1205.0 0.114312 0.537632 0.0 0.002361 -0.478004 -2.811591 -0.040018 0.013733 8.642242 46.0
134 1205.0 0.112355 0.532071 0.0 0.001871 -0.478004 -2.811591 -0.040018 0.013733 8.642242 46.0
135 1205.0 0.100761 0.516765 0.0 2.8e-05 -0.478004 -2.811591 -0.040018 0.013733 8.642242 46.0
136 1205.0 0.092197 0.516804 0.0 0.000193 -0.478004 -2.811591 -0.040018 0.013733 8.642242 46.0
137 1205.0 0.093957 0.532316 0.0 -0.00106 -0.478004 -2.811591 -0.040018 0.013733 8.642242 46.0
138 1205.0 0.107561 0.506734 0.0 0.00297 -0.478004 -2.811591 -0.040018 0.013733 8.642242 46.0
139 1205.0 0.089264 0.500879 0.0 0.005148 -0.478004 -2.811591 -0.040018 0.013733 8.642242 46.0
140 1205.0 0.067508 0.514734 0.0 0.001341 -0.478004 -2.811591 -0.040018 0.013733 8.642242 46.0
141 1205.0 0.089607 0.508767 0.0 0.002717 -0.478004 -2.811591 -0.040018 0.013733 8.642242 46.0
142 1205.0 0.071037 0.526264 0.0 -0.002277 -0.478004 -2.811591 -0.040018 0.013733 8.642242 46.0
143 1205.0 0.055447 0.515342 0.0 0.001403 -0.478004 -2.811591 -0.040018 0.013733 8.642242 46.0
144 1205.0 0.049676 0.53645 0.0 -0.004965 -0.478004 -2.811591 -0.040018 0.013733 8.642242 46.0
145 1205.0 0.045043 0.522902 0.0 -0.000705 -0.478004 -2.811591 -0.040018 0.013733 8.642242 46.0
146 1205.0 0.025177 0.537929 0.0 -0.004912 -0.478004 -2.811591 -0.040018 0.013733 8.642242 46.0
147 1205.0 0.012353 0.535486 0.0 -0.003896 -0.478004 -2.811591 -0.040018 0.013733 8.642242 46.0
148 1205.0 0.018521 0.542811 0.0 -0.006275 -0.478004 -2.811591 -0.040018 0.013733 8.642242 46.0
149 1205.0 0.036569 0.531919 0.0 -0.003301 -0.478004 -2.811591 -0.040018 0.013733 8.642242 46.0
150 1205.0 0.05344 0.524738 0.0 -0.001443 -0.478004 -2.811591 -0.040018 0.013733 8.642242 46.0
151 1205.0 0.036189 0.511874 0.0 0.002868 -0.478004 -2.811591 -0.040018 0.013733 8.642242 46.0
152 1205.0 0.047911 0.501804 0.0 0.005721 -0.478004 -2.811591 -0.040018 0.013733 8.642242 46.0
153 1205.0 0.071989 0.501896 0.0 0.005194 -0.478004 -2.811591 -0.040018 0.013733 8.642242 46.0
154 1205.0 0.057802 0.511566 0.0 0.002515 -0.478004 -2.811591 -0.040018 0.013733 8.642242 46.0
155 1205.0 0.033374 0.511004 0.0 0.003194 -0.478004 -2.811591 -0.040018 0.013733 8.642242 46.0
156 1205.0 0.04969 0.508545 0.0 0.003612 -0.478004 -2.811591 -0.040018 0.013733 8.642242 46.0
157 1205.0 0.052529 0.494834 0.0 0.007767 -0.478004 -2.811591 -0.040018 0.013733 8.642242 46.0
158 1205.0 0.054392 0.488577 0.0 0.009652 -0.478004 -2.811591 -0.040018 0.013733 8.642242 46.0
159 1205.0 0.047496 0.504529 0.0 0.004891 -0.478004 -2.811591 -0.040018 0.013733 8.642242 46.0
160 1205.0 0.050644 0.501355 0.0 0.005802 -0.478004 -2.811591 -0.040018 0.013733 8.642242 46.0
161 1205.0 0.039452 0.493779 0.0 0.008388 -0.478004 -2.811591 -0.040018 0.013733 8.642242 46.0
162 1205.0 0.024626 0.495521 0.0 0.008622 -0.478004 -2.811591 -0.040018 0.013733 8.642242 46.0
163 1205.0 0.032522 0.507676 0.0 0.004235 -0.478004 -2.811591 -0.040018 0.013733 8.642242 46.0
164 1205.0 0.021882 0.524239 0.0 -0.000636 -0.478004 -2.811591 -0.040018 0.013733 8.642242 46.0
165 1205.0 0.034514 0.536757 0.0 -0.004746 -0.478004 -2.811591 -0.040018 0.013733 8.642242 46.0
166 1205.0 0.049786 0.528306 0.0 -0.002464 -0.478004 -2.811591 -0.040018 0.013733 8.642242 46.0
167 1205.0 0.075553 0.524262 0.0 -0.001755 -0.478004 -2.811591 -0.040018 0.013733 8.642242 46.0
168 1205.0 0.057868 0.517029 0.0 0.000835 -0.478004 -2.811591 -0.040018 0.013733 8.642242 46.0
169 1205.0 0.07607 0.516348 0.0 0.000667 -0.478004 -2.811591 -0.040018 0.013733 8.642242 46.0
170 1205.0 0.107126 0.506377 0.0 0.003089 -0.478004 -2.811591 -0.040018 0.013733 8.642242 46.0
171 1205.0 0.097561 0.5198 0.0 -0.000839 -0.478004 -2.811591 -0.040018 0.013733 8.642242 46.0
172 1205.0 0.084811 0.537445 0.0 -0.002357 -0.478004 -2.811591 -0.040018 0.013733 8.642242 46.0
173 1205.0 0.089516 0.5617 0.0 -0.000829 -0.478004 -2.811591 -0.040018 0.013733 8.642242 46.0
174 1205.0 0.095943 0.535025 0.0 -0.000656 -0.478004 -2.811591 -0.040018 0.013733 8.642242 46.0
175 1205.0 0.090058 0.528097 0.0 -0.001818 -0.478004 -2.811591 -0.040018 0.013733 8.642242 46.0
176 1205.0 0.09606 0.517515 0.0 -0.000106 -0.478004 -2.811591 -0.040018 0.013733 8.642242 46.0
177 1205.0 0.102228 0.520754 0.0 -0.000109 -0.478004 -2.811591 -0.040018 0.013733 8.642242 46.0
178 1205.0 0.116919 0.532255 0.0 0.002605 -0.478004 -2.811591 -0.040018 0.013733 8.642242 46.0
179 1205.0 0.113033 0.512371 0.0 0.001349 -0.478004 -2.811591 -0.040018 0.013733 8.642242 46.0
180 1205.0 0.095365 0.509191 0.0 0.002467 -0.478004 -2.811591 -0.040018 0.013733 8.642242 46.0
181 1205.0 0.084918 0.511851 0.0 0.001866 -0.478004 -2.811591 -0.040018 0.013733 8.642242 46.0
182 1205.0 0.086501 0.513115 0.0 0.001445 -0.478004 -2.811591 -0.040018 0.013733 8.642242 46.0
183 1205.0 0.080108 0.502739 0.0 0.004766 -0.478004 -2.811591 -0.040018 0.013733 8.642242 46.0
184 1205.0 0.062249 0.516896 0.0 0.000785 -0.478004 -2.811591 -0.040018 0.013733 8.642242 46.0
185 1205.0 0.060787 0.517393 0.0 0.000662 -0.478004 -2.811591 -0.040018 0.013733 8.642242 46.0
186 1205.0 0.044717 0.501352 0.0 0.005926 -0.478004 -2.811591 -0.040018 0.013733 8.642242 46.0
187 1205.0 0.029406 0.525684 0.0 -0.001236 -0.478004 -2.811591 -0.040018 0.013733 8.642242 46.0
188 1205.0 0.027862 0.494286 0.0 0.008904 -0.478004 -2.811591 -0.040018 0.013733 8.642242 46.0
189 1205.0 0.019505 0.463884 0.0 0.021958 -0.478004 -2.811591 -0.040018 0.013733 8.642242 46.0
190 1205.0 0.009382 0.489118 0.0 0.012058 -0.478004 -2.811591 -0.040018 0.013733 8.642242 46.0
191 1205.0 -0.000686 0.500592 0.0 0.008204 -0.478004 -2.811591 -0.040018 0.013733 8.642242 46.0
192 1205.0 0.019385 0.489862 0.0 0.011151 -0.478004 -2.811591 -0.040018 0.013733 8.642242 46.0
193 1205.0 0.028759 0.495176 0.0 0.008502 -0.478004 -2.811591 -0.040018 0.013733 8.642242 46.0
194 1205.0 0.043 0.501147 0.0 0.006024 -0.478004 -2.811591 -0.040018 0.013733 8.642242 46.0
195 1205.0 0.049304 0.510406 0.0 0.003048 -0.478004 -2.811591 -0.040018 0.013733 8.642242 46.0
196 1205.0 0.062144 0.523015 0.0 -0.001094 -0.478004 -2.811591 -0.040018 0.013733 8.642242 46.0
197 1205.0 0.053639 0.509888 0.0 0.003117 -0.478004 -2.811591 -0.040018 0.013733 8.642242 46.0
198 1205.0 0.04551 0.518398 0.0 0.00067 -0.478004 -2.811591 -0.040018 0.013733 8.642242 46.0
199 1205.0 0.058061 0.53446 0.0 -0.004527 -0.478004 -2.811591 -0.040018 0.013733 8.642242 46.0
200 1205.0 0.076085 0.515008 0.0 0.001079 -0.478004 -2.811591 -0.040018 0.013733 8.642242 46.0
201 1205.0 0.065828 0.484997 0.0 0.010516 -0.478004 -2.811591 -0.040018 0.013733 8.642242 46.0
202 1205.0 0.070985 0.493723 0.0 0.007727 -0.478004 -2.811591 -0.040018 0.013733 8.642242 46.0
203 1205.0 0.085637 0.478502 0.0 0.012565 -0.478004 -2.811591 -0.040018 0.013733 8.642242 46.0
204 1205.0 0.060621 0.492248 0.0 0.008395 -0.478004 -2.811591 -0.040018 0.013733 8.642242 46.0
205 1205.0 0.073275 0.50269 0.0 0.004923 -0.478004 -2.811591 -0.040018 0.013733 8.642242 46.0
206 1205.0 0.064519 0.489358 0.0 0.009202 -0.478004 -2.811591 -0.040018 0.013733 8.642242 46.0
207 1205.0 0.083123 0.498155 0.0 0.006113 -0.478004 -2.811591 -0.040018 0.013733 8.642242 46.0
208 1205.0 0.084693 0.515075 0.0 0.00088 -0.478004 -2.811591 -0.040018 0.013733 8.642242 46.0
209 1205.0 0.091172 0.516165 0.0 0.00041 -0.478004 -2.811591 -0.040018 0.013733 8.642242 46.0
210 1205.0 0.094609 0.521129 0.0 -0.001187 -0.478004 -2.811591 -0.040018 0.013733 8.642242 46.0
211 1205.0 0.079335 0.531861 0.0 -0.00341 -0.478004 -2.811591 -0.040018 0.013733 8.642242 46.0
212 1205.0 0.085947 0.530494 0.0 -0.002397 -0.478004 -2.811591 -0.040018 0.013733 8.642242 46.0
213 1205.0 0.072923 0.517909 0.0 0.000252 -0.478004 -2.811591 -0.040018 0.013733 8.642242 46.0
214 1205.0 0.080871 0.543593 0.0 -0.002789 -0.478004 -2.811591 -0.040018 0.013733 8.642242 46.0
215 1205.0 0.06622 0.522109 0.0 -0.0009 -0.478004 -2.811591 -0.040018 0.013733 8.642242 46.0
216 1205.0 0.091279 0.510841 0.0 0.002045 -0.478004 -2.811591 -0.040018 0.013733 8.642242 46.0
217 1205.0 0.114566 0.501679 0.0 0.004379 -0.478004 -2.811591 -0.040018 0.013733 8.642242 46.0
218 1205.0 0.110542 0.512477 0.0 0.001143 -0.478004 -2.811591 -0.040018 0.013733 8.642242 46.0
219 1205.0 0.12062 0.52529 0.0 0.002974 -0.478004 -2.811591 -0.040018 0.013733 8.642242 46.0
220 1205.0 0.122854 0.494949 0.0 0.006275 -0.478004 -2.811591 -0.040018 0.013733 8.642242 46.0
221 1205.0 0.127619 0.497256 0.0 0.005468 -0.478004 -2.811591 -0.040018 0.013733 8.642242 46.0
222 1205.0 0.122447 0.504364 0.0 0.00339 -0.478004 -2.811591 -0.040018 0.013733 8.642242 46.0
223 1205.0 0.11492 0.509483 0.0 0.001973 -0.478004 -2.811591 -0.040018 0.013733 8.642242 46.0
224 1205.0 0.112711 0.510956 0.0 0.001565 -0.478004 -2.811591 -0.040018 0.013733 8.642242 46.0
225 1205.0 0.094753 0.521043 0.0 -0.001163 -0.478004 -2.811591 -0.040018 0.013733 8.642242 46.0
226 1205.0 0.11885 0.535691 0.0 0.003024 -0.478004 -2.811591 -0.040018 0.013733 8.642242 46.0
227 1205.0 0.135371 0.530183 0.0 0.005486 -0.478004 -2.811591 -0.040018 0.013733 8.642242 46.0
228 1205.0 0.115666 0.531827 0.0 0.002392 -0.478004 -2.811591 -0.040018 0.013733 8.642242 46.0
229 1205.0 0.090141 0.547193 0.0 -0.001193 -0.478004 -2.811591 -0.040018 0.013733 8.642242 46.0
230 1205.0 0.076323 0.549771 0.0 -0.003318 -0.478004 -2.811591 -0.040018 0.013733 8.642242 46.0
231 1205.0 0.094676 0.578491 0.0 0.000532 -0.478004 -2.811591 -0.040018 0.013733 8.642242 46.0
232 1205.0 0.092236 0.57743 0.0 0.000108 -0.478004 -2.811591 -0.040018 0.013733 8.642242 46.0
233 1205.0 0.103212 0.588453 0.0 0.002214 -0.478004 -2.811591 -0.040018 0.013733 8.642242 46.0
234 1205.0 0.139174 0.562487 0.0 0.007127 -0.478004 -2.811591 -0.040018 0.013733 8.642242 46.0
235 1205.0 0.136264 0.548547 0.0 0.006216 -0.478004 -2.811591 -0.040018 0.013733 8.642242 46.0
236 1205.0 0.126733 0.538608 0.0 0.004376 -0.478004 -2.811591 -0.040018 0.013733 8.642242 46.0
237 1205.0 0.116624 0.557853 0.0 0.003377 -0.478004 -2.811591 -0.040018 0.013733 8.642242 46.0
238 1205.0 0.114111 0.560595 0.0 0.003064 -0.478004 -2.811591 -0.040018 0.013733 8.642242 46.0
239 1205.0 0.086293 0.522181 0.0 -0.001338 -0.478004 -2.811591 -0.040018 0.013733 8.642242 46.0
240 1205.0 0.073207 0.507482 0.0 0.003451 -0.478004 -2.811591 -0.040018 0.013733 8.642242 46.0
241 1205.0 0.060885 0.496194 0.0 0.007176 -0.478004 -2.811591 -0.040018 0.013733 8.642242 46.0
242 1205.0 0.082872 0.47933 0.0 0.012293 -0.478004 -2.811591 -0.040018 0.013733 8.642242 46.0
243 1205.0 0.077659 0.480465 0.0 0.011935 -0.478004 -2.811591 -0.040018 0.013733 8.642242 46.0
244 1205.0 0.08801 0.478247 0.0 0.012631 -0.478004 -2.811591 -0.040018 0.013733 8.642242 46.0
245 1205.0 0.120454 0.493928 0.0 0.006639 -0.478004 -2.811591 -0.040018 0.013733 8.642242 46.0
246 1205.0 0.138422 0.491213 0.0 0.007326 -0.478004 -2.811591 -0.040018 0.013733 8.642242 46.0
247 1205.0 0.094129 0.489557 0.0 0.008528 -0.478004 -2.811591 -0.040018 0.013733 8.642242 46.0
248 1205.0 0.083077 0.50544 0.0 0.003875 -0.478004 -2.811591 -0.040018 0.013733 8.642242 46.0
249 1205.0 0.091599 0.519926 0.0 -0.000754 -0.478004 -2.811591 -0.040018 0.013733 8.642242 46.0
250 1205.0 0.080605 0.488373 0.0 0.009172 -0.478004 -2.811591 -0.040018 0.013733 8.642242 46.0
251 1205.0 0.077256 0.496773 0.0 0.006659 -0.478004 -2.811591 -0.040018 0.013733 8.642242 46.0
252 1205.0 0.094208 0.517189 0.0 3.3e-05 -0.478004 -2.811591 -0.040018 0.013733 8.642242 46.0
253 1205.0 0.10156 0.5252 0.0 -7.3e-05 -0.478004 -2.811591 -0.040018 0.013733 8.642242 46.0
254 1205.0 0.105784 0.546431 0.0 0.001281 -0.478004 -2.811591 -0.040018 0.013733 8.642242 46.0
255 1205.0 0.133315 0.54524 0.0 0.005639 -0.478004 -2.811591 -0.040018 0.013733 8.642242 46.0
256 1205.0 0.138907 0.539403 0.0 0.006346 -0.478004 -2.811591 -0.040018 0.013733 8.642242 46.0
257 1205.0 0.114726 0.527811 0.0 0.002113 -0.478004 -2.811591 -0.040018 0.013733 8.642242 46.0
258 1205.0 0.127289 0.50299 0.0 0.003712 -0.478004 -2.811591 -0.040018 0.013733 8.642242 46.0
259 1205.0 0.137049 0.506991 0.0 0.005012 -0.478004 -2.811591 -0.040018 0.013733 8.642242 46.0
260 1205.0 0.12709 0.521715 0.0 0.003893 -0.478004 -2.811591 -0.040018 0.013733 8.642242 46.0
261 1205.0 0.139538 0.519698 0.0 0.005816 -0.478004 -2.811591 -0.040018 0.013733 8.642242 46.0
262 1205.0 0.119018 0.544653 0.0 0.003337 -0.478004 -2.811591 -0.040018 0.013733 8.642242 46.0
263 1205.0 0.09632 0.561796 0.0 0.00026 -0.478004 -2.811591 -0.040018 0.013733 8.642242 46.0
264 1205.0 0.107977 0.548952 0.0 0.001711 -0.478004 -2.811591 -0.040018 0.013733 8.642242 46.0
265 1205.0 0.109755 0.54053 0.0 0.001726 -0.478004 -2.811591 -0.040018 0.013733 8.642242 46.0
266 1205.0 0.102519 0.538856 0.0 0.000517 -0.478004 -2.811591 -0.040018 0.013733 8.642242 46.0
267 1205.0 0.098522 0.527449 0.0 -0.000486 -0.478004 -2.811591 -0.040018 0.013733 8.642242 46.0
268 1205.0 0.082751 0.523727 0.0 -0.001739 -0.478004 -2.811591 -0.040018 0.013733 8.642242 46.0
269 1205.0 0.079922 0.530091 0.0 -0.003373 -0.478004 -2.811591 -0.040018 0.013733 8.642242 46.0
270 1205.0 0.07674 0.541326 0.0 -0.003521 -0.478004 -2.811591 -0.040018 0.013733 8.642242 46.0
271 1205.0 0.094392 0.530522 0.0 -0.001048 -0.478004 -2.811591 -0.040018 0.013733 8.642242 46.0
272 1205.0 0.098071 0.516103 0.0 0.000287 -0.478004 -2.811591 -0.040018 0.013733 8.642242 46.0
273 1205.0 0.113367 0.542761 0.0 0.002374 -0.478004 -2.811591 -0.040018 0.013733 8.642242 46.0
274 1205.0 0.095664 0.546925 0.0 -0.00032 -0.478004 -2.811591 -0.040018 0.013733 8.642242 46.0
275 1205.0 0.088635 0.567513 0.0 -0.000784 -0.478004 -2.811591 -0.040018 0.013733 8.642242 46.0
276 1205.0 0.112635 0.560802 0.0 0.002834 -0.478004 -2.811591 -0.040018 0.013733 8.642242 46.0
277 1205.0 0.100672 0.563397 0.0 0.001007 -0.478004 -2.811591 -0.040018 0.013733 8.642242 46.0
278 1205.0 0.095794 0.529415 0.0 -0.000859 -0.478004 -2.811591 -0.040018 0.013733 8.642242 46.0
279 1205.0 0.091544 0.52065 0.0 -0.000976 -0.478004 -2.811591 -0.040018 0.013733 8.642242 46.0
280 1205.0 0.065409 0.480768 0.0 0.011999 -0.478004 -2.811591 -0.040018 0.013733 8.642242 46.0
281 1205.0 0.030442 0.481997 0.0 0.013537 -0.478004 -2.811591 -0.040018 0.013733 8.642242 46.0
282 1205.0 0.010182 0.477749 0.0 0.016441 -0.478004 -2.811591 -0.040018 0.013733 8.642242 46.0
283 1205.0 -0.007113 0.471037 0.0 0.020136 -0.478004 -2.811591 -0.040018 0.013733 8.642242 46.0
284 1205.0 0.005705 0.477644 0.0 0.016758 -0.478004 -2.811591 -0.040018 0.013733 8.642242 46.0
285 1205.0 -0.01087 0.476772 0.0 0.018119 -0.478004 -2.811591 -0.040018 0.013733 8.642242 46.0
286 1205.0 0.00239 0.476987 0.0 0.017218 -0.478004 -2.811591 -0.040018 0.013733 8.642242 46.0
287 1205.0 0.017679 0.483006 0.0 0.013929 -0.478004 -2.811591 -0.040018 0.013733 8.642242 46.0
