 time p.x p.y p.z deep.node-0 CV opes.bias opes.rct opes.zed opes.neff opes.nker
0 10625.0 -0.967481 0.920583 0.0 -0.78055 1.72812 -16.843508 -0.147805 0.009244 12.845295 114.0
1 10625.0 -0.966001 0.929295 0.0 -0.787486 1.72812 -16.843508 -0.147805 0.009244 12.845295 114.0
2 10625.0 -0.939217 0.917475 0.0 -0.76922 1.72812 -16.843508 -0.147805 0.009244 12.845295 114.0
3 10625.0 -0.927148 0.890484 0.0 -0.74261 1.72812 -16.843508 -0.147805 0.009244 12.845295 114.0
4 10625.0 -0.925156 0.871246 0.0 -0.725348 1.72812 -16.843508 -0.147805 0.009244 12.845295 114.0
5 10625.0 -0.906117 0.85202 0.0 -0.702161 1.72812 -16.843508 -0.147805 0.009244 12.845295 114.0
6 10625.0 -0.905905 0.820988 0.0 -0.675027 1.72812 -16.843508 -0.147805 0.009244 12.845295 114.0
7 10625.0 -0.878377 0.774043 0.0 -0.624818 1.72812 -16.843508 -0.147805 0.009244 12.845295 114.0
8 10625.0 -0.841968 0.755068 0.0 -0.596027 1.72812 -16.843508 -0.147805 0.009244 12.845295 114.0
9 10625.0 -0.836366 0.729212 0.0 -0.571661 1.72812 -16.843508 -0.147805 0.009244 12.845295 114.0
10 10625.0 -0.849043 0.743545 0.0 -0.588402 1.72812 -16.843508 -0.147805 0.009244 12.845295 114.0
11 10625.0 -0.86154 0.738485 0.0 -0.588225 1.72812 -16.843508 -0.147805 0.009244 12.845295 114.0
12 10625.0 -0.866259 0.728722 0.0 -0.581332 1.72812 -16.843508 -0.147805 0.009244 12.845295 114.0
13 10625.0 -0.861837 0.708326 0.0 -0.559782 1.72812 -16.843508 -0.147805 0.009244 12.845295 114.0
14 10625.0 -0.853275 0.677973 0.0 -0.523173 1.72812 -16.843508 -0.147805 0.009244 12.845295 114.0
15 10625.0 -0.839456 0.674272 0.0 -0.513826 1.72812 -16.843508 -0.147805 0.009244 12.845295 114.0
16 10625.0 -0.835438 0.683032 0.0 -0.52191 1.72812 -16.843508 -0.147805 0.009244 12.845295 114.0
17 10625.0 -0.827464 0.692428 0.0 -0.529182 1.72812 -16.843508 -0.147805 0.009244 12.845295 114.0
18 10625.0 -0.840889 0.685414 0.0 -0.526611 1.72812 -16.843508 -0.147805 0.009244 12.845295 114.0
19 10625.0 -0.825104 0.703233 0.0 -0.540146 1.72812 -16.843508 -0.147805 0.009244 12.845295 114.0
20 10625.0 -0.814718 0.708993 0.0 -0.5425 1.72812 -16.843508 -0.147805 0.009244 12.845295 114.0
21 10625.0 -0.811024 0.708993 0.0 -0.541089 1.72812 -16.843508 -0.147805 0.009244 12.845295 114.0
22 10625.0 -0.794545 0.716551 0.0 -0.542957 1.72812 -16.843508 -0.147805 0.009244 12.845295 114.0
23 10625.0 -0.788523 0.738076 0.0 -0.563208 1.72812 -16.843508 -0.147805 0.009244 12.845295 114.0
24 10625.0 -0.792898 0.726235 0.0 -0.553095 1.72812 -16.843508 -0.147805 0.009244 12.845295 114.0
25 10625.0 -0.814023 0.719368 0.0 -0.553629 1.72812 -16.843508 -0.147805 0.009244 12.845295 114.0
26 10625.0 -0.813573 0.704934 0.0 -0.537605 1.72812 -16.843508 -0.147805 0.009244 12.845295 114.0
27 10625.0 -0.828567 0.695214 0.0 -0.532662 1.72812 -16.843508 -0.147805 0.009244 12.845295 114.0
28 10625.0 -0.812168 0.669396 0.0 -0.497524 1.72812 -16.843508 -0.147805 0.009244 12.845295 114.0
29 10625.0 -0.809863 0.67739 0.0 -0.505508 1.72812 -16.843508 -0.147805 0.009244 12.845295 114.0
30 10625.0 -0.804796 0.649826 0.0 -0.472592 1.72812 -16.843508 -0.147805 0.009244 12.845295 114.0
31 10625.0 -0.802652 0.618276 0.0 -0.438411 1.72812 -16.843508 -0.147805 0.009244 12.845295 114.0
32 10625.0 -0.795837 0.595774 0.0 -0.413331 1.72812 -16.843508 -0.147805 0.009244 12.845295 114.0
33 10625.0 -0.80732 0.613416 0.0 -0.435936 1.72812 -16.843508 -0.147805 0.009244 12.845295 114.0
34 10625.0 -0.826389 0.579128 0.0 -0.411835 1.72812 -16.843508 -0.147805 0.009244 12.845295 114.0
35 10625.0 -0.812265 0.564905 0.0 -0.391278 1.72812 -16.843508 -0.147805 0.009244 12.845295 114.0
36 10625.0 -0.788986 0.55022 0.0 -0.365888 1.72812 -16.843508 -0.147805 0.009244 12.845295 114.0
37 10625.0 -0.766526 0.566452 0.0 -0.370861 1.72812 -16.843508 -0.147805 0.009244 12.845295 114.0
38 10625.0 -0.771095 0.581013 0.0 -0.387166 1.72812 -16.843508 -0.147805 0.009244 12.845295 114.0
39 10625.0 -0.743048 0.586065 0.0 -0.378624 1.72812 -16.843508 -0.147805 0.009244 12.845295 114.0
40 10625.0 -0.726559 0.554412 0.0 -0.340038 1.72812 -16.843508 -0.147805 0.009244 12.845295 114.0
41 10625.0 -0.725536 0.547446 0.0 -0.332794 1.72812 -16.843508 -0.147805 0.009244 12.845295 114.0
42 10625.0 -0.733149 0.551922 0.0 -0.340782 1.72812 -16.843508 -0.147805 0.009244 12.845295 114.0
43 10625.0 -0.714403 0.543864 0.0 -0.323988 1.72812 -16.843508 -0.147805 0.009244 12.845295 114.0
44 10625.0 -0.713731 0.510927 0.0 -0.285232 1.72812 -16.843508 -0.147805 0.009244 12.845295 114.0
45 10625.0 -0.668572 0.520016 0.0 -0.268811 1.72812 -16.843508 -0.147805 0.009244 12.845295 114.0
46 10625.0 -0.636983 0.518494 0.0 -0.245861 1.72812 -16.843508 -0.147805 0.009244 12.845295 114.0
47 10625.0 -0.618397 0.503341 0.0 -0.201856 1.72812 -16.843508 -0.147805 0.009244 12.845295 114.0
48 10625.0 -0.589939 0.529231 0.0 -0.218288 1.72812 -16.843508 -0.147805 0.009244 12.845295 114.0
49 10625.0 -0.545251 0.554825 0.0 -0.220546 1.72812 -16.843508 -0.147805 0.009244 12.845295 114.0
50 10625.0 -0.541943 0.539146 0.0 -0.191341 1.72812 -16.843508 -0.147805 0.009244 12.845295 114.0
51 10625.0 -0.529932 0.547396 0.0 -0.194404 1.72812 -16.843508 -0.147805 0.009244 12.845295 114.0
52 10625.0 -0.552332 0.520535 0.0 -0.173076 1.72812 -16.843508 -0.147805 0.009244 12.845295 114.0
53 10625.0 -0.521494 0.502966 0.0 -0.128221 1.72812 -16.843508 -0.147805 0.009244 12.845295 114.0
54 10625.0 -0.4967 0.534234 0.0 -0.153786 1.72812 -16.843508 -0.147805 0.009244 12.845295 114.0
55 10625.0 -0.487493 0.550578 0.0 -0.169802 1.72812 -16.843508 -0.147805 0.009244 12.845295 114.0
56 10625.0 -0.487563 0.561471 0.0 -0.184708 1.72812 -16.843508 -0.147805 0.009244 12.845295 114.0
57 10625.0 -0.482535 0.569501 0.0 -0.192232 1.72812 -16.843508 -0.147805 0.009244 12.845295 114.0
58 10625.0 -0.478933 0.550918 0.0 -0.164428 1.72812 -16.843508 -0.147805 0.009244 12.845295 114.0
59 10625.0 -0.490496 0.551225 0.0 -0.172733 1.72812 -16.843508 -0.147805 0.009244 12.845295 114.0
60 10625.0 -0.519254 0.556349 0.0 -0.199334 1.72812 -16.843508 -0.147805 0.009244 12.845295 114.0
61 10625.0 -0.516435 0.511261 0.0 -0.13591 1.72812 -16.843508 -0.147805 0.009244 12.845295 114.0
62 10625.0 -0.515117 0.512412 0.0 -0.13658 1.72812 -16.843508 -0.147805 0.009244 12.845295 114.0
63 10625.0 -0.499726 0.509854 0.0 -0.12293 1.72812 -16.843508 -0.147805 0.009244 12.845295 114.0
64 10625.0 -0.510824 0.549559 0.0 -0.184323 1.72812 -16.843508 -0.147805 0.009244 12.845295 114.0
65 10625.0 -0.484704 0.548007 0.0 -0.164392 1.72812 -16.843508 -0.147805 0.009244 12.845295 114.0
66 10625.0 -0.47959 0.504236 0.0 -0.109763 1.72812 -16.843508 -0.147805 0.009244 12.845295 114.0
67 10625.0 -0.499162 0.506488 0.0 -0.119503 1.72812 -16.843508 -0.147805 0.009244 12.845295 114.0
68 10625.0 -0.503506 0.493201 0.0 -0.108722 1.72812 -16.843508 -0.147805 0.009244 12.845295 114.0
69 10625.0 -0.488151 0.509379 0.0 -0.117987 1.72812 -16.843508 -0.147805 0.009244 12.845295 114.0
70 10625.0 -0.468359 0.544951 0.0 -0.149077 1.72812 -16.843508 -0.147805 0.009244 12.845295 114.0
71 10625.0 -0.459821 0.542869 0.0 -0.140414 1.72812 -16.843508 -0.147805 0.009244 12.845295 114.0
72 10625.0 -0.450666 0.552619 0.0 -0.147471 1.72812 -16.843508 -0.147805 0.009244 12.845295 114.0
73 10625.0 -0.438768 0.530908 0.0 -0.119349 1.72812 -16.843508 -0.147805 0.009244 12.845295 114.0
74 10625.0 -0.422989 0.543132 0.0 -0.124879 1.72812 -16.843508 -0.147805 0.009244 12.845295 114.0
75 10625.0 -0.41546 0.538398 0.0 -0.117446 1.72812 -16.843508 -0.147805 0.009244 12.845295 114.0
76 10625.0 -0.371123 0.558629 0.0 -0.119528 1.72812 -16.843508 -0.147805 0.009244 12.845295 114.0
77 10625.0 -0.360842 0.535476 0.0 -0.093472 1.72812 -16.843508 -0.147805 0.009244 12.845295 114.0
78 10625.0 -0.362391 0.528196 0.0 -0.087135 1.72812 -16.843508 -0.147805 0.009244 12.845295 114.0
79 10625.0 -0.34519 0.500031 0.0 -0.053617 1.72812 -16.843508 -0.147805 0.009244 12.845295 114.0
80 10625.0 -0.342577 0.51049 0.0 -0.062572 1.72812 -16.843508 -0.147805 0.009244 12.845295 114.0
81 10625.0 -0.314996 0.516061 0.0 -0.057181 1.72812 -16.843508 -0.147805 0.009244 12.845295 114.0
82 10625.0 -0.318323 0.535968 0.0 -0.077446 1.72812 -16.843508 -0.147805 0.009244 12.845295 114.0
83 10625.0 -0.284249 0.526516 0.0 -0.055218 1.72812 -16.843508 -0.147805 0.009244 12.845295 114.0
84 10625.0 -0.243163 0.544214 0.0 -0.056148 1.72812 -16.843508 -0.147805 0.009244 12.845295 114.0
85 10625.0 -0.21825 0.541506 0.0 -0.044586 1.72812 -16.843508 -0.147805 0.009244 12.845295 114.0
86 10625.0 -0.182724 0.513599 0.0 -0.011139 1.72812 -16.843508 -0.147805 0.009244 12.845295 114.0
87 10625.0 -0.197452 0.519477 0.0 -0.020424 1.72812 -16.843508 -0.147805 0.009244 12.845295 114.0
88 10625.0 -0.207319 0.516338 0.0 -0.020948 1.72812 -16.843508 -0.147805 0.009244 12.845295 114.0
89 10625.0 -0.20654 0.504671 0.0 -0.011315 1.72812 -16.843508 -0.147805 0.009244 12.845295 114.0
90 10625.0 -0.187557 0.504991 0.0 -0.005704 1.72812 -16.843508 -0.147805 0.009244 12.845295 114.0
91 10625.0 -0.162875 0.494163 0.0 0.010616 1.72812 -16.843508 -0.147805 0.009244 12.845295 114.0
92 10625.0 -0.16505 0.488599 0.0 0.013959 1.72812 -16.843508 -0.147805 0.009244 12.845295 114.0
93 10625.0 -0.156557 0.482672 0.0 0.019656 1.72812 -16.843508 -0.147805 0.009244 12.845295 114.0
94 10625.0 -0.141442 0.492379 0.0 0.016059 1.72812 -16.843508 -0.147805 0.009244 12.845295 114.0
95 10625.0 -0.143788 0.487971 0.0 0.018585 1.72812 -16.843508 -0.147805 0.009244 12.845295 114.0
96 10625.0 -0.15333 0.510719 0.0 0.000268 1.72812 -16.843508 -0.147805 0.009244 12.845295 114.0
97 10625.0 -0.16813 0.502631 0.0 0.002202 1.72812 -16.843508 -0.147805 0.009244 12.845295 114.0
98 10625.0 -0.17392 0.53625 0.0 -0.02665 1.72812 -16.843508 -0.147805 0.009244 12.845295 114.0
99 10625.0 -0.160909 0.554104 0.0 -0.036998 1.72812 -16.843508 -0.147805 0.009244 12.845295 114.0
100 10625.0 -0.170138 0.555788 0.0 -0.041208 1.72812 -16.843508 -0.147805 0.009244 12.845295 114.0
101 10625.0 -0.174824 0.54175 0.0 -0.031357 1.72812 -16.843508 -0.147805 0.009244 12.845295 114.0
102 10625.0 -0.169015 0.556135 0.0 -0.041139 1.72812 -16.843508 -0.147805 0.009244 12.845295 114.0
103 10625.0 -0.172349 0.571736 0.0 -0.054908 1.72812 -16.843508 -0.147805 0.009244 12.845295 114.0
104 10625.0 -0.172104 0.552376 0.0 -0.039069 1.72812 -16.843508 -0.147805 0.009244 12.845295 114.0
105 10625.0 -0.154844 0.562686 0.0 -0.042032 1.72812 -16.843508 -0.147805 0.009244 12.845295 114.0
106 10625.0 -0.175349 0.563376 0.0 -0.048926 1.72812 -16.843508 -0.147805 0.009244 12.845295 114.0
107 10625.0 -0.147833 0.584136 0.0 -0.057216 1.72812 -16.843508 -0.147805 0.009244 12.845295 114.0
108 10625.0 -0.159582 0.558679 0.0 -0.040271 1.72812 -16.843508 -0.147805 0.009244 12.845295 114.0
109 10625.0 -0.156955 0.537556 0.0 -0.022455 1.72812 -16.843508 -0.147805 0.009244 12.845295 114.0
110 10625.0 -0.140254 0.520637 0.0 -0.003673 1.72812 -16.843508 -0.147805 0.009244 12.845295 114.0
111 10625.0 -0.154269 0.542754 0.0 -0.025809 1.72812 -16.843508 -0.147805 0.009244 12.845295 114.0
112 10625.0 -0.144813 0.533707 0.0 -0.015603 1.72812 -16.843508 -0.147805 0.009244 12.845295 114.0
113 10625.0 -0.13145 0.523088 0.0 -0.002925 1.72812 -16.843508 -0.147805 0.009244 12.845295 114.0
114 10625.0 -0.121195 0.529127 0.0 -0.00486 1.72812 -16.843508 -0.147805 0.009244 12.845295 114.0
115 10625.0 -0.124789 0.525659 0.0 -0.003218 1.72812 -16.843508 -0.147805 0.009244 12.845295 114.0
116 10625.0 -0.107523 0.533156 0.0 -0.00489 1.72812 -16.843508 -0.147805 0.009244 12.845295 114.0
117 10625.0 -0.097004 0.550829 0.0 -0.014797 1.72812 -16.843508 -0.147805 0.009244 12.845295 114.0
118 10625.0 -0.071838 0.561409 0.0 -0.015995 1.72812 -16.843508 -0.147805 0.009244 12.845295 114.0
119 10625.0 -0.037063 0.549377 0.0 -0.007142 1.72812 -16.843508 -0.147805 0.009244 12.845295 114.0
120 10625.0 -0.032487 0.554099 0.0 -0.008688 1.72812 -16.843508 -0.147805 0.009244 12.845295 114.0
121 10625.0 -0.03561 0.557888 0.0 -0.010107 1.72812 -16.843508 -0.147805 0.009244 12.845295 114.0
122 10625.0 -0.031842 0.564399 0.0 -0.01289 1.72812 -16.843508 -0.147805 0.009244 12.845295 114.0
123 10625.0 0.006755 0.547644 0.0 -0.007517 1.72812 -16.843508 -0.147805 0.009244 12.845295 114.0
124 10625.0 0.013046 0.530742 0.0 -0.002452 1.72812 -16.843508 -0.147805 0.009244 12.845295 114.0
125 10625.0 0.017913 0.515216 0.0 0.002219 1.72812 -16.843508 -0.147805 0.009244 12.845295 114.0
126 10625.0 0.007294 0.523554 0.0 -0.000124 1.72812 -16.843508 -0.147805 0.009244 12.845295 114.0
127 10625.0 0.015702 0.508308 0.0 0.004389 1.72812 -16.843508 -0.147805 0.009244 12.845295 114.0
128 10625.0 0.032661 0.536283 0.0 -0.004561 1.72812 -16.843508 -0.147805 0.009244 12.845295 114.0
129 10625.0 0.053171 0.535992 0.0 -0.004897 1.72812 -16.843508 -0.147805 0.009244 12.845295 114.0
130 10625.0 0.05671 0.519648 0.0 5.4e-05 1.72812 -16.843508 -0.147805 0.009244 12.845295 114.0
131 10625.0 0.080554 0.505872 0.0 0.003794 1.72812 -16.843508 -0.147805 0.009244 12.845295 114.0
132 10625.0 0.075383 0.48797 0.0 0.009404 1.72812 -16.843508 -0.147805 0.009244 12.845295 114.0
133 10625.0 0.080748 0.490538 0.0 0.008503 1.72812 -16.843508 -0.147805 0.009244 12.845295 114.0
134 10625.0 0.088129 0.498928 0.0 0.005772 1.72812 -16.843508 -0.147805 0.009244 12.845295 114.0
135 10625.0 0.100009 0.501519 0.0 0.004729 1.72812 -16.843508 -0.147805 0.009244 12.845295 114.0
136 10625.0 0.117931 0.525327 0.0 0.002545 1.72812 -16.843508 -0.147805 0.009244 12.845295 114.0
137 10625.0 0.133544 0.51165 0.0 0.004602 1.72812 -16.843508 -0.147805 0.009244 12.845295 114.0
138 10625.0 0.154091 0.496701 0.0 0.007529 1.72812 -16.843508 -0.147805 0.009244 12.845295 114.0
139 10625.0 0.17934 0.486654 0.0 0.013169 1.72812 -16.843508 -0.147805 0.009244 12.845295 114.0
140 10625.0 0.19019 0.5215 0.0 0.013964 1.72812 -16.843508 -0.147805 0.009244 12.845295 114.0
141 10625.0 0.214739 0.544273 0.0 0.040129 1.72812 -16.843508 -0.147805 0.009244 12.845295 114.0
142 10625.0 0.183499 0.534559 0.0 0.013313 1.72812 -16.843508 -0.147805 0.009244 12.845295 114.0
143 10625.0 0.18806 0.525227 0.0 0.013743 1.72812 -16.843508 -0.147805 0.009244 12.845295 114.0
144 10625.0 0.186518 0.543278 0.0 0.019259 1.72812 -16.843508 -0.147805 0.009244 12.845295 114.0
145 10625.0 0.206054 0.547551 0.0 0.035647 1.72812 -16.843508 -0.147805 0.009244 12.845295 114.0
146 10625.0 0.20153 0.542636 0.0 0.029727 1.72812 -16.843508 -0.147805 0.009244 12.845295 114.0
147 10625.0 0.236424 0.536038 0.0 0.051294 1.72812 -16.843508 -0.147805 0.009244 12.845295 114.0
148 10625.0 0.248016 0.519911 0.0 0.050914 1.72812 -16.843508 -0.147805 0.009244 12.845295 114.0
149 10625.0 0.265219 0.537842 0.0 0.073016 1.72812 -16.843508 -0.147805 0.009244 12.845295 114.0
150 10625.0 0.269126 0.517721 0.0 0.064937 1.72812 -16.843508 -0.147805 0.009244 12.845295 114.0
151 10625.0 0.287636 0.538819 0.0 0.089695 1.72812 -16.843508 -0.147805 0.009244 12.845295 114.0
152 10625.0 0.285693 0.511876 0.0 0.074698 1.72812 -16.843508 -0.147805 0.009244 12.845295 114.0
153 10625.0 0.289589 0.501244 0.0 0.073282 1.72812 -16.843508 -0.147805 0.009244 12.845295 114.0
154 10625.0 0.329929 0.497234 0.0 0.101617 1.72812 -16.843508 -0.147805 0.009244 12.845295 114.0
155 10625.0 0.337222 0.500873 0.0 0.108508 1.72812 -16.843508 -0.147805 0.009244 12.845295 114.0
156 10625.0 0.360458 0.517698 0.0 0.132585 1.72812 -16.843508 -0.147805 0.009244 12.845295 114.0
157 10625.0 0.374797 0.548959 0.0 0.158036 1.72812 -16.843508 -0.147805 0.009244 12.845295 114.0
158 10625.0 0.397131 0.544504 0.0 0.17171 1.72812 -16.843508 -0.147805 0.009244 12.845295 114.0
159 10625.0 0.390914 0.552333 0.0 0.171563 1.72812 -16.843508 -0.147805 0.009244 12.845295 114.0
160 10625.0 0.392424 0.542114 0.0 0.166979 1.72812 -16.843508 -0.147805 0.009244 12.845295 114.0
161 10625.0 0.398605 0.558066 0.0 0.180309 1.72812 -16.843508 -0.147805 0.009244 12.845295 114.0
162 10625.0 0.395838 0.537042 0.0 0.166702 1.72812 -16.843508 -0.147805 0.009244 12.845295 114.0
163 10625.0 0.407294 0.563182 0.0 0.191355 1.72812 -16.843508 -0.147805 0.009244 12.845295 114.0
164 10625.0 0.41885 0.548382 0.0 0.190675 1.72812 -16.843508 -0.147805 0.009244 12.845295 114.0
165 10625.0 0.443655 0.560878 0.0 0.22071 1.72812 -16.843508 -0.147805 0.009244 12.845295 114.0
166 10625.0 0.448912 0.551242 0.0 0.218335 1.72812 -16.843508 -0.147805 0.009244 12.845295 114.0
167 10625.0 0.446057 0.552942 0.0 0.217111 1.72812 -16.843508 -0.147805 0.009244 12.845295 114.0
168 10625.0 0.452819 0.559985 0.0 0.227885 1.72812 -16.843508 -0.147805 0.009244 12.845295 114.0
169 10625.0 0.434611 0.579051 0.0 0.225931 1.72812 -16.843508 -0.147805 0.009244 12.845295 114.0
170 10625.0 0.438352 0.56536 0.0 0.219378 1.72812 -16.843508 -0.147805 0.009244 12.845295 114.0
171 10625.0 0.466187 0.558687 0.0 0.238357 1.72812 -16.843508 -0.147805 0.009244 12.845295 114.0
172 10625.0 0.478443 0.588169 0.0 0.269781 1.72812 -16.843508 -0.147805 0.009244 12.845295 114.0
173 10625.0 0.468697 0.570523 0.0 0.248918 1.72812 -16.843508 -0.147805 0.009244 12.845295 114.0
174 10625.0 0.485064 0.566085 0.0 0.259712 1.72812 -16.843508 -0.147805 0.009244 12.845295 114.0
175 10625.0 0.480442 0.56202 0.0 0.25288 1.72812 -16.843508 -0.147805 0.009244 12.845295 114.0
176 10625.0 0.49168 0.557433 0.0 0.259196 1.72812 -16.843508 -0.147805 0.009244 12.845295 114.0
177 10625.0 0.500634 0.559181 0.0 0.268072 1.72812 -16.843508 -0.147805 0.009244 12.845295 114.0
178 10625.0 0.507042 0.570598 0.0 0.281657 1.72812 -16.843508 -0.147805 0.009244 12.845295 114.0
179 10625.0 0.51268 0.557068 0.0 0.276836 1.72812 -16.843508 -0.147805 0.009244 12.845295 114.0
180 10625.0 0.527278 0.579177 0.0 0.30501 1.72812 -16.843508 -0.147805 0.009244 12.845295 114.0
181 10625.0 0.527593 0.586156 0.0 0.310245 1.72812 -16.843508 -0.147805 0.009244 12.845295 114.0
182 10625.0 0.534176 0.584721 0.0 0.314835 1.72812 -16.843508 -0.147805 0.009244 12.845295 114.0
183 10625.0 0.541616 0.576904 0.0 0.315616 1.72812 -16.843508 -0.147805 0.009244 12.845295 114.0
184 10625.0 0.567262 0.568006 0.0 0.331145 1.72812 -16.843508 -0.147805 0.009244 12.845295 114.0
185 10625.0 0.549685 0.559099 0.0 0.310263 1.72812 -16.843508 -0.147805 0.009244 12.845295 114.0
186 10625.0 0.550681 0.537505 0.0 0.298708 1.72812 -16.843508 -0.147805 0.009244 12.845295 114.0
187 10625.0 0.556703 0.541448 0.0 0.306244 1.72812 -16.843508 -0.147805 0.009244 12.845295 114.0
188 10625.0 0.562309 0.541343 0.0 0.311086 1.72812 -16.843508 -0.147805 0.009244 12.845295 114.0
189 10625.0 0.549292 0.550388 0.0 0.304906 1.72812 -16.843508 -0.147805 0.009244 12.845295 114.0
190 10625.0 0.534137 0.553176 0.0 0.293255 1.72812 -16.843508 -0.147805 0.009244 12.845295 114.0
191 10625.0 0.537288 0.540202 0.0 0.288545 1.72812 -16.843508 -0.147805 0.009244 12.845295 114.0
192 10625.0 0.557879 0.550878 0.0 0.312699 1.72812 -16.843508 -0.147805 0.009244 12.845295 114.0
193 10625.0 0.553249 0.562173 0.0 0.315149 1.72812 -16.843508 -0.147805 0.009244 12.845295 114.0
194 10625.0 0.561076 0.599707 0.0 0.348427 1.72812 -16.843508 -0.147805 0.009244 12.845295 114.0
195 10625.0 0.580482 0.586153 0.0 0.355325 1.72812 -16.843508 -0.147805 0.009244 12.845295 114.0
196 10625.0 0.574866 0.575822 0.0 0.343188 1.72812 -16.843508 -0.147805 0.009244 12.845295 114.0
197 10625.0 0.569029 0.585167 0.0 0.344862 1.72812 -16.843508 -0.147805 0.009244 12.845295 114.0
198 10625.0 0.589652 0.578327 0.0 0.357574 1.72812 -16.843508 -0.147805 0.009244 12.845295 114.0
199 10625.0 0.575501 0.562452 0.0 0.334772 1.72812 -16.843508 -0.147805 0.009244 12.845295 114.0
200 10625.0 0.564606 0.573671 0.0 0.332912 1.72812 -16.843508 -0.147805 0.009244 12.845295 114.0
201 10625.0 0.569242 0.58321 0.0 0.343651 1.72812 -16.843508 -0.147805 0.009244 12.845295 114.0
202 10625.0 0.607331 0.582502 0.0 0.375614 1.72812 -16.843508 -0.147805 0.009244 12.845295 114.0
203 10625.0 0.607549 0.579794 0.0 0.373873 1.72812 -16.843508 -0.147805 0.009244 12.845295 114.0
204 10625.0 0.611876 0.564871 0.0 0.36798 1.72812 -16.843508 -0.147805 0.009244 12.845295 114.0
205 10625.0 0.586146 0.569781 0.0 0.348505 1.72812 -16.843508 -0.147805 0.009244 12.845295 114.0
206 10625.0 0.594221 0.576004 0.0 0.359815 1.72812 -16.843508 -0.147805 0.009244 12.845295 114.0
207 10625.0 0.604011 0.603135 0.0 0.387464 1.72812 -16.843508 -0.147805 0.009244 12.845295 114.0
208 10625.0 0.584843 0.620446 0.0 0.383443 1.72812 -16.843508 -0.147805 0.009244 12.845295 114.0
209 10625.0 0.582309 0.59861 0.0 0.365746 1.72812 -16.843508 -0.147805 0.009244 12.845295 114.0
210 10625.0 0.594716 0.589401 0.0 0.36977 1.72812 -16.843508 -0.147805 0.009244 12.845295 114.0
211 10625.0 0.610443 0.607714 0.0 0.396205 1.72812 -16.843508 -0.147805 0.009244 12.845295 114.0
212 10625.0 0.629378 0.594818 0.0 0.40317 1.72812 -16.843508 -0.147805 0.009244 12.845295 114.0
213 10625.0 0.626604 0.595073 0.0 0.400987 1.72812 -16.843508 -0.147805 0.009244 12.845295 114.0
214 10625.0 0.642023 0.563461 0.0 0.393537 1.72812 -16.843508 -0.147805 0.009244 12.845295 114.0
215 10625.0 0.655475 0.541613 0.0 0.392731 1.72812 -16.843508 -0.147805 0.009244 12.845295 114.0
216 10625.0 0.660356 0.549612 0.0 0.401603 1.72812 -16.843508 -0.147805 0.009244 12.845295 114.0
217 10625.0 0.658607 0.5252 0.0 0.386025 1.72812 -16.843508 -0.147805 0.009244 12.845295 114.0
218 10625.0 0.663429 0.540269 0.0 0.398914 1.72812 -16.843508 -0.147805 0.009244 12.845295 114.0
219 10625.0 0.657631 0.560907 0.0 0.40572 1.72812 -16.843508 -0.147805 0.009244 12.845295 114.0
220 10625.0 0.648348 0.567291 0.0 0.401273 1.72812 -16.843508 -0.147805 0.009244 12.845295 114.0
221 10625.0 0.663781 0.60165 0.0 0.437356 1.72812 -16.843508 -0.147805 0.009244 12.845295 114.0
222 10625.0 0.640378 0.595676 0.0 0.413157 1.72812 -16.843508 -0.147805 0.009244 12.845295 114.0
223 10625.0 0.66581 0.590657 0.0 0.431264 1.72812 -16.843508 -0.147805 0.009244 12.845295 114.0
224 10625.0 0.664638 0.599763 0.0 0.436744 1.72812 -16.843508 -0.147805 0.009244 12.845295 114.0
225 10625.0 0.683198 0.60701 0.0 0.457721 1.72812 -16.843508 -0.147805 0.009244 12.845295 114.0
226 10625.0 0.698404 0.601881 0.0 0.467034 1.72812 -16.843508 -0.147805 0.009244 12.845295 114.0
227 10625.0 0.7 0.631876 0.0 0.489736 1.72812 -16.843508 -0.147805 0.009244 12.845295 114.0
228 10625.0 0.727902 0.636438 0.0 0.516766 1.72812 -16.843508 -0.147805 0.009244 12.845295 114.0
229 10625.0 0.721087 0.653144 0.0 0.522843 1.72812 -16.843508 -0.147805 0.009244 12.845295 114.0
230 10625.0 0.694728 0.649345 0.0 0.497671 1.72812 -16.843508 -0.147805 0.009244 12.845295 114.0
231 10625.0 0.694948 0.643156 0.0 0.493456 1.72812 -16.843508 -0.147805 0.009244 12.845295 114.0
232 10625.0 0.690263 0.664587 0.0 0.50471 1.72812 -16.843508 -0.147805 0.009244 12.845295 114.0
233 10625.0 0.703215 0.688523 0.0 0.532782 1.72812 -16.843508 -0.147805 0.009244 12.845295 114.0
234 10625.0 0.6675 0.669541 0.0 0.488832 1.72812 -16.843508 -0.147805 0.009244 12.845295 114.0
235 10625.0 0.684481 0.673185 0.0 0.505899 1.72812 -16.843508 -0.147805 0.009244 12.845295 114.0
236 10625.0 0.701886 0.652676 0.0 0.506143 1.72812 -16.843508 -0.147805 0.009244 12.845295 114.0
237 10625.0 0.708501 0.642743 0.0 0.504714 1.72812 -16.843508 -0.147805 0.009244 12.845295 114.0
238 10625.0 0.691457 0.610297 0.0 0.4671 1.72812 -16.843508 -0.147805 0.009244 12.845295 114.0
239 10625.0 0.706381 0.623189 0.0 0.488995 1.72812 -16.843508 -0.147805 0.009244 12.845295 114.0
240 10625.0 0.698782 0.61417 0.0 0.476099 1.72812 -16.843508 -0.147805 0.009244 12.845295 114.0
241 10625.0 0.715544 0.644963 0.0 0.512297 1.72812 -16.843508 -0.147805 0.009244 12.845295 114.0
242 10625.0 0.709489 0.636519 0.0 0.501129 1.72812 -16.843508 -0.147805 0.009244 12.845295 114.0
243 10625.0 0.702862 0.637899 0.0 0.496461 1.72812 -16.843508 -0.147805 0.009244 12.845295 114.0
244 10625.0 0.701542 0.661506 0.0 0.512133 1.72812 -16.843508 -0.147805 0.009244 12.845295 114.0
245 10625.0 0.708938 0.675755 0.0 0.528575 1.72812 -16.843508 -0.147805 0.009244 12.845295 114.0
246 10625.0 0.723228 0.687443 0.0 0.549072 1.72812 -16.843508 -0.147805 0.009244 12.845295 114.0
247 10625.0 0.731902 0.705176 0.0 0.569083 1.72812 -16.843508 -0.147805 0.009244 12.845295 114.0
248 10625.0 0.72949 0.71045 0.0 0.57078 1.72812 -16.843508 -0.147805 0.009244 12.845295 114.0
249 10625.0 0.74777 0.717635 0.0 0.591474 1.72812 -16.843508 -0.147805 0.009244 12.845295 114.0
250 10625.0 0.739947 0.713719 0.0 0.582019 1.72812 -16.843508 -0.147805 0.009244 12.845295 114.0
251 10625.0 0.757577 0.667893 0.0 0.564442 1.72812 -16.843508 -0.147805 0.009244 12.845295 114.0
252 10625.0 0.751529 0.686713 0.0 0.572677 1.72812 -16.843508 -0.147805 0.009244 12.845295 114.0
253 10625.0 0.759361 0.678398 0.0 0.573437 1.72812 -16.843508 -0.147805 0.009244 12.845295 114.0
254 10625.0 0.766749 0.679744 0.0 0.580693 1.72812 -16.843508 -0.147805 0.009244 12.845295 114.0
255 10625.0 0.751086 0.704041 0.0 0.584628 1.72812 -16.843508 -0.147805 0.009244 12.845295 114.0
256 10625.0 0.747763 0.733962 0.0 0.603085 1.72812 -16.843508 -0.147805 0.009244 12.845295 114.0
257 10625.0 0.759227 0.753755 0.0 0.627166 1.72812 -16.843508 -0.147805 0.009244 12.845295 114.0
258 10625.0 0.755643 0.746815 0.0 0.618956 1.72812 -16.843508 -0.147805 0.009244 12.845295 114.0
259 10625.0 0.766581 0.775069 0.0 0.649201 1.72812 -16.843508 -0.147805 0.009244 12.845295 114.0
260 10625.0 0.771667 0.73871 0.0 0.626947 1.72812 -16.843508 -0.147805 0.009244 12.845295 114.0
261 10625.0 0.764803 0.743162 0.0 0.624243 1.72812 -16.843508 -0.147805 0.009244 12.845295 114.0
262 10625.0 0.765814 0.751668 0.0 0.631364 1.72812 -16.843508 -0.147805 0.009244 12.845295 114.0
263 10625.0 0.776196 0.768158 0.0 0.652493 1.72812 -16.843508 -0.147805 0.009244 12.845295 114.0
264 10625.0 0.788624 0.745909 0.0 0.64698 1.72812 -16.843508 -0.147805 0.009244 12.845295 114.0
265 10625.0 0.798709 0.734901 0.0 0.647675 1.72812 -16.843508 -0.147805 0.009244 12.845295 114.0
266 10625.0 0.838813 0.743255 0.0 0.68869 1.72812 -16.843508 -0.147805 0.009244 12.845295 114.0
267 10625.0 0.856075 0.756825 0.0 0.713662 1.72812 -16.843508 -0.147805 0.009244 12.845295 114.0
268 10625.0 0.861639 0.749955 0.0 0.71346 1.72812 -16.843508 -0.147805 0.009244 12.845295 114.0
269 10625.0 0.826917 0.764298 0.0 0.693781 1.72812 -16.843508 -0.147805 0.009244 12.845295 114.0
270 10625.0 0.830342 0.743287 0.0 0.681345 1.72812 -16.843508 -0.147805 0.009244 12.845295 114.0
271 10625.0 0.820718 0.763729 0.0 0.687971 1.72812 -16.843508 -0.147805 0.009244 12.845295 114.0
272 10625.0 0.822241 0.805438 0.0 0.719899 1.72812 -16.843508 -0.147805 0.009244 12.845295 114.0
273 10625.0 0.84348 0.840762 0.0 0.764293 1.72812 -16.843508 -0.147805 0.009244 12.845295 114.0
274 10625.0 0.858838 0.862879 0.0 0.793879 1.72812 -16.843508 -0.147805 0.009244 12.845295 114.0
275 10625.0 0.846648 0.865261 0.0 0.785024 1.72812 -16.843508 -0.147805 0.009244 12.845295 114.0
276 10625.0 0.877853 0.882001 0.0 0.82445 1.72812 -16.843508 -0.147805 0.009244 12.845295 114.0
277 10625.0 0.875728 0.907762 0.0 0.841502 1.72812 -16.843508 -0.147805 0.009244 12.845295 114.0
278 10625.0 0.888898 0.91241 0.0 0.856369 1.72812 -16.843508 -0.147805 0.009244 12.845295 114.0
279 10625.0 0.904283 0.945045 0.0 0.893076 1.72812 -16.843508 -0.147805 0.009244 12.845295 114.0
280 10625.0 0.900442 0.955814 0.0 0.897487 1.72812 -16.843508 -0.147805 0.009244 12.845295 114.0
281 10625.0 0.905109 0.982363 0.0 0.919362 1.72812 -16.843508 -0.147805 0.009244 12.845295 114.0
282 10625.0 0.915456 1.012592 0.0 0.93436 1.72812 -16.843508 -0.147805 0.009244 12.845295 114.0
283 10625.0 0.937768 1.050944 0.0 0.944466 1.72812 -16.843508 -0.147805 0.009244 12.845295 114.0
284 10625.0 0.931896 1.078295 0.0 0.942586 1.72812 -16.843508 -0.147805 0.009244 12.845295 114.0
285 10625.0 0.943263 1.077786 0.0 0.947395 1.72812 -16.843508 -0.147805 0.009244 12.845295 114.0
286 10625.0 0.948908 1.076574 0.0 0.949762 1.72812 -16.843508 -0.147805 0.009244 12.845295 114.0
287 10625.0 0.941703 1.115271 0.0 0.94757 1.72812 -16.843508 -0.147805 0.009244 12.845295 114.0
