 time p.x p.y p.z deep.node-0 CV opes.bias opes.rct opes.zed opes.neff opes.nker
0 2665.0 0.105885 0.506848 0.0 0.00297 0.967971 -8.469069 -0.00837 0.016728 12.845295 63.0
1 2665.0 0.119751 0.502159 0.0 0.004124 0.967971 -8.469069 -0.00837 0.016728 12.845295 63.0
2 2665.0 0.106417 0.495673 0.0 0.006394 0.967971 -8.469069 -0.00837 0.016728 12.845295 63.0
3 2665.0 0.119534 0.48202 0.0 0.0109 0.967971 -8.469069 -0.00837 0.016728 12.845295 63.0
4 2665.0 0.107777 0.512504 0.0 0.001192 0.967971 -8.469069 -0.00837 0.016728 12.845295 63.0
5 2665.0 0.124104 0.525476 0.0 0.003536 0.967971 -8.469069 -0.00837 0.016728 12.845295 63.0
6 2665.0 0.125249 0.501873 0.0 0.004098 0.967971 -8.469069 -0.00837 0.016728 12.845295 63.0
7 2665.0 0.142858 0.510892 0.0 0.006065 0.967971 -8.469069 -0.00837 0.016728 12.845295 63.0
8 2665.0 0.175479 0.524076 0.0 0.011697 0.967971 -8.469069 -0.00837 0.016728 12.845295 63.0
9 2665.0 0.171758 0.526994 0.0 0.011195 0.967971 -8.469069 -0.00837 0.016728 12.845295 63.0
10 2665.0 0.153571 0.523209 0.0 0.00817 0.967971 -8.469069 -0.00837 0.016728 12.845295 63.0
11 2665.0 0.157936 0.554097 0.0 0.009855 0.967971 -8.469069 -0.00837 0.016728 12.845295 63.0
12 2665.0 0.145552 0.549485 0.0 0.00773 0.967971 -8.469069 -0.00837 0.016728 12.845295 63.0
13 2665.0 0.15979 0.539821 0.0 0.009694 0.967971 -8.469069 -0.00837 0.016728 12.845295 63.0
14 2665.0 0.149377 0.514227 0.0 0.007213 0.967971 -8.469069 -0.00837 0.016728 12.845295 63.0
15 2665.0 0.15669 0.494493 0.0 0.008232 0.967971 -8.469069 -0.00837 0.016728 12.845295 63.0
16 2665.0 0.174068 0.452987 0.0 0.020914 0.967971 -8.469069 -0.00837 0.016728 12.845295 63.0
17 2665.0 0.193012 0.47461 0.0 0.01691 0.967971 -8.469069 -0.00837 0.016728 12.845295 63.0
18 2665.0 0.176809 0.491622 0.0 0.012192 0.967971 -8.469069 -0.00837 0.016728 12.845295 63.0
19 2665.0 0.2022 0.481688 0.0 0.017846 0.967971 -8.469069 -0.00837 0.016728 12.845295 63.0
20 2665.0 0.203863 0.506232 0.0 0.015659 0.967971 -8.469069 -0.00837 0.016728 12.845295 63.0
21 2665.0 0.215455 0.54306 0.0 0.039988 0.967971 -8.469069 -0.00837 0.016728 12.845295 63.0
22 2665.0 0.213657 0.541242 0.0 0.037708 0.967971 -8.469069 -0.00837 0.016728 12.845295 63.0
23 2665.0 0.196497 0.547205 0.0 0.028574 0.967971 -8.469069 -0.00837 0.016728 12.845295 63.0
24 2665.0 0.196662 0.556886 0.0 0.033934 0.967971 -8.469069 -0.00837 0.016728 12.845295 63.0
25 2665.0 0.186133 0.550337 0.0 0.022803 0.967971 -8.469069 -0.00837 0.016728 12.845295 63.0
26 2665.0 0.194816 0.557635 0.0 0.03301 0.967971 -8.469069 -0.00837 0.016728 12.845295 63.0
27 2665.0 0.18135 0.535199 0.0 0.01299 0.967971 -8.469069 -0.00837 0.016728 12.845295 63.0
28 2665.0 0.189689 0.53994 0.0 0.019736 0.967971 -8.469069 -0.00837 0.016728 12.845295 63.0
29 2665.0 0.187139 0.516473 0.0 0.013316 0.967971 -8.469069 -0.00837 0.016728 12.845295 63.0
30 2665.0 0.205626 0.512421 0.0 0.01632 0.967971 -8.469069 -0.00837 0.016728 12.845295 63.0
31 2665.0 0.209998 0.527854 0.0 0.027825 0.967971 -8.469069 -0.00837 0.016728 12.845295 63.0
32 2665.0 0.208598 0.55346 0.0 0.040678 0.967971 -8.469069 -0.00837 0.016728 12.845295 63.0
33 2665.0 0.199069 0.554521 0.0 0.034387 0.967971 -8.469069 -0.00837 0.016728 12.845295 63.0
34 2665.0 0.19978 0.558864 0.0 0.037251 0.967971 -8.469069 -0.00837 0.016728 12.845295 63.0
35 2665.0 0.206128 0.538249 0.0 0.030664 0.967971 -8.469069 -0.00837 0.016728 12.845295 63.0
36 2665.0 0.227368 0.534799 0.0 0.044099 0.967971 -8.469069 -0.00837 0.016728 12.845295 63.0
37 2665.0 0.248862 0.529769 0.0 0.056861 0.967971 -8.469069 -0.00837 0.016728 12.845295 63.0
38 2665.0 0.232696 0.527211 0.0 0.043829 0.967971 -8.469069 -0.00837 0.016728 12.845295 63.0
39 2665.0 0.237945 0.51824 0.0 0.042754 0.967971 -8.469069 -0.00837 0.016728 12.845295 63.0
40 2665.0 0.244123 0.519486 0.0 0.04788 0.967971 -8.469069 -0.00837 0.016728 12.845295 63.0
41 2665.0 0.227546 0.519741 0.0 0.036075 0.967971 -8.469069 -0.00837 0.016728 12.845295 63.0
42 2665.0 0.255765 0.508212 0.0 0.050985 0.967971 -8.469069 -0.00837 0.016728 12.845295 63.0
43 2665.0 0.271053 0.491783 0.0 0.05568 0.967971 -8.469069 -0.00837 0.016728 12.845295 63.0
44 2665.0 0.277269 0.498155 0.0 0.06288 0.967971 -8.469069 -0.00837 0.016728 12.845295 63.0
45 2665.0 0.304187 0.495749 0.0 0.081896 0.967971 -8.469069 -0.00837 0.016728 12.845295 63.0
46 2665.0 0.299659 0.496847 0.0 0.078978 0.967971 -8.469069 -0.00837 0.016728 12.845295 63.0
47 2665.0 0.313328 0.499645 0.0 0.090264 0.967971 -8.469069 -0.00837 0.016728 12.845295 63.0
48 2665.0 0.313044 0.496342 0.0 0.088715 0.967971 -8.469069 -0.00837 0.016728 12.845295 63.0
49 2665.0 0.326673 0.47225 0.0 0.089072 0.967971 -8.469069 -0.00837 0.016728 12.845295 63.0
50 2665.0 0.348061 0.476781 0.0 0.106794 0.967971 -8.469069 -0.00837 0.016728 12.845295 63.0
51 2665.0 0.365164 0.487053 0.0 0.123659 0.967971 -8.469069 -0.00837 0.016728 12.845295 63.0
52 2665.0 0.358944 0.499094 0.0 0.12392 0.967971 -8.469069 -0.00837 0.016728 12.845295 63.0
53 2665.0 0.381241 0.499346 0.0 0.140582 0.967971 -8.469069 -0.00837 0.016728 12.845295 63.0
54 2665.0 0.378686 0.490418 0.0 0.135066 0.967971 -8.469069 -0.00837 0.016728 12.845295 63.0
55 2665.0 0.382099 0.488967 0.0 0.137013 0.967971 -8.469069 -0.00837 0.016728 12.845295 63.0
56 2665.0 0.397351 0.500547 0.0 0.153034 0.967971 -8.469069 -0.00837 0.016728 12.845295 63.0
57 2665.0 0.402014 0.517045 0.0 0.163184 0.967971 -8.469069 -0.00837 0.016728 12.845295 63.0
58 2665.0 0.401275 0.525022 0.0 0.165868 0.967971 -8.469069 -0.00837 0.016728 12.845295 63.0
59 2665.0 0.440522 0.537213 0.0 0.202187 0.967971 -8.469069 -0.00837 0.016728 12.845295 63.0
60 2665.0 0.456155 0.558532 0.0 0.229696 0.967971 -8.469069 -0.00837 0.016728 12.845295 63.0
61 2665.0 0.453824 0.553038 0.0 0.223799 0.967971 -8.469069 -0.00837 0.016728 12.845295 63.0
62 2665.0 0.446029 0.551127 0.0 0.215795 0.967971 -8.469069 -0.00837 0.016728 12.845295 63.0
63 2665.0 0.468657 0.570146 0.0 0.248616 0.967971 -8.469069 -0.00837 0.016728 12.845295 63.0
64 2665.0 0.466892 0.587618 0.0 0.259543 0.967971 -8.469069 -0.00837 0.016728 12.845295 63.0
65 2665.0 0.489099 0.601689 0.0 0.288484 0.967971 -8.469069 -0.00837 0.016728 12.845295 63.0
66 2665.0 0.480098 0.587544 0.0 0.270747 0.967971 -8.469069 -0.00837 0.016728 12.845295 63.0
67 2665.0 0.491546 0.571083 0.0 0.268793 0.967971 -8.469069 -0.00837 0.016728 12.845295 63.0
68 2665.0 0.488475 0.584217 0.0 0.27552 0.967971 -8.469069 -0.00837 0.016728 12.845295 63.0
69 2665.0 0.481481 0.578127 0.0 0.265226 0.967971 -8.469069 -0.00837 0.016728 12.845295 63.0
70 2665.0 0.477417 0.567675 0.0 0.254325 0.967971 -8.469069 -0.00837 0.016728 12.845295 63.0
71 2665.0 0.451791 0.590388 0.0 0.248641 0.967971 -8.469069 -0.00837 0.016728 12.845295 63.0
72 2665.0 0.448332 0.585874 0.0 0.242481 0.967971 -8.469069 -0.00837 0.016728 12.845295 63.0
73 2665.0 0.433351 0.557153 0.0 0.209277 0.967971 -8.469069 -0.00837 0.016728 12.845295 63.0
74 2665.0 0.446507 0.548099 0.0 0.214048 0.967971 -8.469069 -0.00837 0.016728 12.845295 63.0
75 2665.0 0.450806 0.519381 0.0 0.201081 0.967971 -8.469069 -0.00837 0.016728 12.845295 63.0
76 2665.0 0.454973 0.514482 0.0 0.201964 0.967971 -8.469069 -0.00837 0.016728 12.845295 63.0
77 2665.0 0.451427 0.526271 0.0 0.205491 0.967971 -8.469069 -0.00837 0.016728 12.845295 63.0
78 2665.0 0.458713 0.514495 0.0 0.205233 0.967971 -8.469069 -0.00837 0.016728 12.845295 63.0
79 2665.0 0.457354 0.531052 0.0 0.213364 0.967971 -8.469069 -0.00837 0.016728 12.845295 63.0
80 2665.0 0.470667 0.531918 0.0 0.225507 0.967971 -8.469069 -0.00837 0.016728 12.845295 63.0
81 2665.0 0.446934 0.527756 0.0 0.202406 0.967971 -8.469069 -0.00837 0.016728 12.845295 63.0
82 2665.0 0.445512 0.541676 0.0 0.209121 0.967971 -8.469069 -0.00837 0.016728 12.845295 63.0
83 2665.0 0.437039 0.527274 0.0 0.193507 0.967971 -8.469069 -0.00837 0.016728 12.845295 63.0
84 2665.0 0.436331 0.532975 0.0 0.196091 0.967971 -8.469069 -0.00837 0.016728 12.845295 63.0
85 2665.0 0.439309 0.559879 0.0 0.216294 0.967971 -8.469069 -0.00837 0.016728 12.845295 63.0
86 2665.0 0.452688 0.537202 0.0 0.212822 0.967971 -8.469069 -0.00837 0.016728 12.845295 63.0
87 2665.0 0.473093 0.540442 0.0 0.232535 0.967971 -8.469069 -0.00837 0.016728 12.845295 63.0
88 2665.0 0.439914 0.546797 0.0 0.207502 0.967971 -8.469069 -0.00837 0.016728 12.845295 63.0
89 2665.0 0.455524 0.558458 0.0 0.229105 0.967971 -8.469069 -0.00837 0.016728 12.845295 63.0
90 2665.0 0.461334 0.542716 0.0 0.223557 0.967971 -8.469069 -0.00837 0.016728 12.845295 63.0
91 2665.0 0.470231 0.54075 0.0 0.230208 0.967971 -8.469069 -0.00837 0.016728 12.845295 63.0
92 2665.0 0.461532 0.542291 0.0 0.223487 0.967971 -8.469069 -0.00837 0.016728 12.845295 63.0
93 2665.0 0.466899 0.531732 0.0 0.222104 0.967971 -8.469069 -0.00837 0.016728 12.845295 63.0
94 2665.0 0.479363 0.523412 0.0 0.228247 0.967971 -8.469069 -0.00837 0.016728 12.845295 63.0
95 2665.0 0.49095 0.503597 0.0 0.227226 0.967971 -8.469069 -0.00837 0.016728 12.845295 63.0
96 2665.0 0.481969 0.474931 0.0 0.205497 0.967971 -8.469069 -0.00837 0.016728 12.845295 63.0
97 2665.0 0.484054 0.493719 0.0 0.215667 0.967971 -8.469069 -0.00837 0.016728 12.845295 63.0
98 2665.0 0.456662 0.534409 0.0 0.214691 0.967971 -8.469069 -0.00837 0.016728 12.845295 63.0
99 2665.0 0.452374 0.538287 0.0 0.213173 0.967971 -8.469069 -0.00837 0.016728 12.845295 63.0
100 2665.0 0.46957 0.525973 0.0 0.221145 0.967971 -8.469069 -0.00837 0.016728 12.845295 63.0
101 2665.0 0.456866 0.527051 0.0 0.210672 0.967971 -8.469069 -0.00837 0.016728 12.845295 63.0
102 2665.0 0.471517 0.524257 0.0 0.22188 0.967971 -8.469069 -0.00837 0.016728 12.845295 63.0
103 2665.0 0.468534 0.526605 0.0 0.220596 0.967971 -8.469069 -0.00837 0.016728 12.845295 63.0
104 2665.0 0.459604 0.541533 0.0 0.221364 0.967971 -8.469069 -0.00837 0.016728 12.845295 63.0
105 2665.0 0.453662 0.549597 0.0 0.221213 0.967971 -8.469069 -0.00837 0.016728 12.845295 63.0
106 2665.0 0.427366 0.543639 0.0 0.194559 0.967971 -8.469069 -0.00837 0.016728 12.845295 63.0
107 2665.0 0.424524 0.55646 0.0 0.201259 0.967971 -8.469069 -0.00837 0.016728 12.845295 63.0
108 2665.0 0.427883 0.572762 0.0 0.215721 0.967971 -8.469069 -0.00837 0.016728 12.845295 63.0
109 2665.0 0.44574 0.593658 0.0 0.24581 0.967971 -8.469069 -0.00837 0.016728 12.845295 63.0
110 2665.0 0.435393 0.596571 0.0 0.239064 0.967971 -8.469069 -0.00837 0.016728 12.845295 63.0
111 2665.0 0.454264 0.582808 0.0 0.245356 0.967971 -8.469069 -0.00837 0.016728 12.845295 63.0
112 2665.0 0.469032 0.577352 0.0 0.254063 0.967971 -8.469069 -0.00837 0.016728 12.845295 63.0
113 2665.0 0.475136 0.561563 0.0 0.248032 0.967971 -8.469069 -0.00837 0.016728 12.845295 63.0
114 2665.0 0.464147 0.563232 0.0 0.239852 0.967971 -8.469069 -0.00837 0.016728 12.845295 63.0
115 2665.0 0.469333 0.567448 0.0 0.247273 0.967971 -8.469069 -0.00837 0.016728 12.845295 63.0
116 2665.0 0.475158 0.577661 0.0 0.259505 0.967971 -8.469069 -0.00837 0.016728 12.845295 63.0
117 2665.0 0.484511 0.584772 0.0 0.272537 0.967971 -8.469069 -0.00837 0.016728 12.845295 63.0
118 2665.0 0.502264 0.569164 0.0 0.276564 0.967971 -8.469069 -0.00837 0.016728 12.845295 63.0
119 2665.0 0.501335 0.563111 0.0 0.271465 0.967971 -8.469069 -0.00837 0.016728 12.845295 63.0
120 2665.0 0.51057 0.568203 0.0 0.28296 0.967971 -8.469069 -0.00837 0.016728 12.845295 63.0
121 2665.0 0.534206 0.558459 0.0 0.296356 0.967971 -8.469069 -0.00837 0.016728 12.845295 63.0
122 2665.0 0.531406 0.553059 0.0 0.290799 0.967971 -8.469069 -0.00837 0.016728 12.845295 63.0
123 2665.0 0.53607 0.555728 0.0 0.296414 0.967971 -8.469069 -0.00837 0.016728 12.845295 63.0
124 2665.0 0.540467 0.559479 0.0 0.302419 0.967971 -8.469069 -0.00837 0.016728 12.845295 63.0
125 2665.0 0.540617 0.573487 0.0 0.312332 0.967971 -8.469069 -0.00837 0.016728 12.845295 63.0
126 2665.0 0.546062 0.552336 0.0 0.303202 0.967971 -8.469069 -0.00837 0.016728 12.845295 63.0
127 2665.0 0.527154 0.55977 0.0 0.291097 0.967971 -8.469069 -0.00837 0.016728 12.845295 63.0
128 2665.0 0.549175 0.552019 0.0 0.305743 0.967971 -8.469069 -0.00837 0.016728 12.845295 63.0
129 2665.0 0.576137 0.540933 0.0 0.322945 0.967971 -8.469069 -0.00837 0.016728 12.845295 63.0
130 2665.0 0.601333 0.541872 0.0 0.345524 0.967971 -8.469069 -0.00837 0.016728 12.845295 63.0
131 2665.0 0.639197 0.545377 0.0 0.380658 0.967971 -8.469069 -0.00837 0.016728 12.845295 63.0
132 2665.0 0.629962 0.548968 0.0 0.374647 0.967971 -8.469069 -0.00837 0.016728 12.845295 63.0
133 2665.0 0.635121 0.534746 0.0 0.370976 0.967971 -8.469069 -0.00837 0.016728 12.845295 63.0
134 2665.0 0.622367 0.515357 0.0 0.348663 0.967971 -8.469069 -0.00837 0.016728 12.845295 63.0
135 2665.0 0.614047 0.524085 0.0 0.346408 0.967971 -8.469069 -0.00837 0.016728 12.845295 63.0
136 2665.0 0.62287 0.53358 0.0 0.35959 0.967971 -8.469069 -0.00837 0.016728 12.845295 63.0
137 2665.0 0.61088 0.54698 0.0 0.356814 0.967971 -8.469069 -0.00837 0.016728 12.845295 63.0
138 2665.0 0.61064 0.563068 0.0 0.365861 0.967971 -8.469069 -0.00837 0.016728 12.845295 63.0
139 2665.0 0.611441 0.559717 0.0 0.364634 0.967971 -8.469069 -0.00837 0.016728 12.845295 63.0
140 2665.0 0.622323 0.564684 0.0 0.37701 0.967971 -8.469069 -0.00837 0.016728 12.845295 63.0
141 2665.0 0.655572 0.555549 0.0 0.400835 0.967971 -8.469069 -0.00837 0.016728 12.845295 63.0
142 2665.0 0.642712 0.541921 0.0 0.381745 0.967971 -8.469069 -0.00837 0.016728 12.845295 63.0
143 2665.0 0.661816 0.543016 0.0 0.399085 0.967971 -8.469069 -0.00837 0.016728 12.845295 63.0
144 2665.0 0.679854 0.537172 0.0 0.411498 0.967971 -8.469069 -0.00837 0.016728 12.845295 63.0
145 2665.0 0.675163 0.548751 0.0 0.414058 0.967971 -8.469069 -0.00837 0.016728 12.845295 63.0
146 2665.0 0.677082 0.570222 0.0 0.428093 0.967971 -8.469069 -0.00837 0.016728 12.845295 63.0
147 2665.0 0.699296 0.591742 0.0 0.46058 0.967971 -8.469069 -0.00837 0.016728 12.845295 63.0
148 2665.0 0.71119 0.58916 0.0 0.468881 0.967971 -8.469069 -0.00837 0.016728 12.845295 63.0
149 2665.0 0.719198 0.624613 0.0 0.500933 0.967971 -8.469069 -0.00837 0.016728 12.845295 63.0
150 2665.0 0.721654 0.633102 0.0 0.509067 0.967971 -8.469069 -0.00837 0.016728 12.845295 63.0
151 2665.0 0.719621 0.632701 0.0 0.507048 0.967971 -8.469069 -0.00837 0.016728 12.845295 63.0
152 2665.0 0.695941 0.638642 0.0 0.49109 0.967971 -8.469069 -0.00837 0.016728 12.845295 63.0
153 2665.0 0.694103 0.651898 0.0 0.498955 0.967971 -8.469069 -0.00837 0.016728 12.845295 63.0
154 2665.0 0.708759 0.642879 0.0 0.505031 0.967971 -8.469069 -0.00837 0.016728 12.845295 63.0
155 2665.0 0.692115 0.641119 0.0 0.489591 0.967971 -8.469069 -0.00837 0.016728 12.845295 63.0
156 2665.0 0.694733 0.631248 0.0 0.484799 0.967971 -8.469069 -0.00837 0.016728 12.845295 63.0
157 2665.0 0.676851 0.620019 0.0 0.461567 0.967971 -8.469069 -0.00837 0.016728 12.845295 63.0
158 2665.0 0.66429 0.6237 0.0 0.453479 0.967971 -8.469069 -0.00837 0.016728 12.845295 63.0
159 2665.0 0.658332 0.646734 0.0 0.46479 0.967971 -8.469069 -0.00837 0.016728 12.845295 63.0
160 2665.0 0.63443 0.639236 0.0 0.439081 0.967971 -8.469069 -0.00837 0.016728 12.845295 63.0
161 2665.0 0.636209 0.651778 0.0 0.449521 0.967971 -8.469069 -0.00837 0.016728 12.845295 63.0
162 2665.0 0.664174 0.643496 0.0 0.467466 0.967971 -8.469069 -0.00837 0.016728 12.845295 63.0
163 2665.0 0.682557 0.643233 0.0 0.482949 0.967971 -8.469069 -0.00837 0.016728 12.845295 63.0
164 2665.0 0.697148 0.646226 0.0 0.497515 0.967971 -8.469069 -0.00837 0.016728 12.845295 63.0
165 2665.0 0.730073 0.663307 0.0 0.537734 0.967971 -8.469069 -0.00837 0.016728 12.845295 63.0
166 2665.0 0.72435 0.67248 0.0 0.539382 0.967971 -8.469069 -0.00837 0.016728 12.845295 63.0
167 2665.0 0.738164 0.665762 0.0 0.546378 0.967971 -8.469069 -0.00837 0.016728 12.845295 63.0
168 2665.0 0.743105 0.680673 0.0 0.561199 0.967971 -8.469069 -0.00837 0.016728 12.845295 63.0
169 2665.0 0.766608 0.675545 0.0 0.577584 0.967971 -8.469069 -0.00837 0.016728 12.845295 63.0
170 2665.0 0.772482 0.690674 0.0 0.593355 0.967971 -8.469069 -0.00837 0.016728 12.845295 63.0
171 2665.0 0.777208 0.692436 0.0 0.598638 0.967971 -8.469069 -0.00837 0.016728 12.845295 63.0
172 2665.0 0.77655 0.691699 0.0 0.597553 0.967971 -8.469069 -0.00837 0.016728 12.845295 63.0
173 2665.0 0.761905 0.69042 0.0 0.58416 0.967971 -8.469069 -0.00837 0.016728 12.845295 63.0
174 2665.0 0.782902 0.692039 0.0 0.603209 0.967971 -8.469069 -0.00837 0.016728 12.845295 63.0
175 2665.0 0.78509 0.719761 0.0 0.624798 0.967971 -8.469069 -0.00837 0.016728 12.845295 63.0
176 2665.0 0.77151 0.742085 0.0 0.629287 0.967971 -8.469069 -0.00837 0.016728 12.845295 63.0
177 2665.0 0.764533 0.755767 0.0 0.633257 0.967971 -8.469069 -0.00837 0.016728 12.845295 63.0
178 2665.0 0.782281 0.791852 0.0 0.675171 0.967971 -8.469069 -0.00837 0.016728 12.845295 63.0
179 2665.0 0.790964 0.79653 0.0 0.686157 0.967971 -8.469069 -0.00837 0.016728 12.845295 63.0
180 2665.0 0.782744 0.807002 0.0 0.68669 0.967971 -8.469069 -0.00837 0.016728 12.845295 63.0
181 2665.0 0.795401 0.811922 0.0 0.70131 0.967971 -8.469069 -0.00837 0.016728 12.845295 63.0
182 2665.0 0.789593 0.81081 0.0 0.695442 0.967971 -8.469069 -0.00837 0.016728 12.845295 63.0
183 2665.0 0.814777 0.855649 0.0 0.750248 0.967971 -8.469069 -0.00837 0.016728 12.845295 63.0
184 2665.0 0.825181 0.880756 0.0 0.77772 0.967971 -8.469069 -0.00837 0.016728 12.845295 63.0
185 2665.0 0.841409 0.901226 0.0 0.806855 0.967971 -8.469069 -0.00837 0.016728 12.845295 63.0
186 2665.0 0.856565 0.916453 0.0 0.83121 0.967971 -8.469069 -0.00837 0.016728 12.845295 63.0
187 2665.0 0.872131 0.94586 0.0 0.866128 0.967971 -8.469069 -0.00837 0.016728 12.845295 63.0
188 2665.0 0.883613 0.960984 0.0 0.886773 0.967971 -8.469069 -0.00837 0.016728 12.845295 63.0
189 2665.0 0.885193 0.982703 0.0 0.902502 0.967971 -8.469069 -0.00837 0.016728 12.845295 63.0
190 2665.0 0.924709 0.985053 0.0 0.932876 0.967971 -8.469069 -0.00837 0.016728 12.845295 63.0
191 2665.0 0.916951 1.000717 0.0 0.934926 0.967971 -8.469069 -0.00837 0.016728 12.845295 63.0
192 2665.0 0.915142 0.991927 0.0 0.931276 0.967971 -8.469069 -0.00837 0.016728 12.845295 63.0
193 2665.0 0.924384 1.005443 0.0 0.938105 0.967971 -8.469069 -0.00837 0.016728 12.845295 63.0
194 2665.0 0.915862 1.023456 0.0 0.934596 0.967971 -8.469069 -0.00837 0.016728 12.845295 63.0
195 2665.0 0.926949 1.017234 0.0 0.939261 0.967971 -8.469069 -0.00837 0.016728 12.845295 63.0
196 2665.0 0.927705 1.032895 0.0 0.939795 0.967971 -8.469069 -0.00837 0.016728 12.845295 63.0
197 2665.0 0.947755 1.078224 0.0 0.94931 0.967971 -8.469069 -0.00837 0.016728 12.845295 63.0
198 2665.0 0.936633 1.094937 0.0 0.944966 0.967971 -8.469069 -0.00837 0.016728 12.845295 63.0
199 2665.0 0.94905 1.091701 0.0 0.95016 0.967971 -8.469069 -0.00837 0.016728 12.845295 63.0
200 2665.0 0.951427 1.114264 0.0 0.951671 0.967971 -8.469069 -0.00837 0.016728 12.845295 63.0
201 2665.0 0.947483 1.110135 0.0 0.949907 0.967971 -8.469069 -0.00837 0.016728 12.845295 63.0
202 2665.0 0.927376 1.126441 0.0 0.941742 0.967971 -8.469069 -0.00837 0.016728 12.845295 63.0
203 2665.0 0.936934 1.153899 0.0 0.946409 0.967971 -8.469069 -0.00837 0.016728 12.845295 63.0
204 2665.0 0.963115 1.142125 0.0 0.957251 0.967971 -8.469069 -0.00837 0.016728 12.845295 63.0
205 2665.0 0.94972 1.112288 0.0 0.950903 0.967971 -8.469069 -0.00837 0.016728 12.845295 63.0
206 2665.0 0.955799 1.114804 0.0 0.953538 0.967971 -8.469069 -0.00837 0.016728 12.845295 63.0
207 2665.0 0.96287 1.123075 0.0 0.956721 0.967971 -8.469069 -0.00837 0.016728 12.845295 63.0
208 2665.0 0.954701 1.137105 0.0 0.95357 0.967971 -8.469069 -0.00837 0.016728 12.845295 63.0
209 2665.0 0.966804 1.149371 0.0 0.958977 0.967971 -8.469069 -0.00837 0.016728 12.845295 63.0
210 2665.0 0.990095 1.151473 0.0 0.968902 0.967971 -8.469069 -0.00837 0.016728 12.845295 63.0
211 2665.0 1.003418 1.155017 0.0 0.974631 0.967971 -8.469069 -0.00837 0.016728 12.845295 63.0
212 2665.0 1.022691 1.173436 0.0 0.983217 0.967971 -8.469069 -0.00837 0.016728 12.845295 63.0
213 2665.0 1.031107 1.162976 0.0 0.986553 0.967971 -8.469069 -0.00837 0.016728 12.845295 63.0
214 2665.0 1.011503 1.172279 0.0 0.978446 0.967971 -8.469069 -0.00837 0.016728 12.845295 63.0
215 2665.0 1.006213 1.183134 0.0 0.976444 0.967971 -8.469069 -0.00837 0.016728 12.845295 63.0
216 2665.0 0.974831 1.189382 0.0 0.960194 0.967971 -8.469069 -0.00837 0.016728 12.845295 63.0
217 2665.0 0.966869 1.158945 0.0 0.959218 0.967971 -8.469069 -0.00837 0.016728 12.845295 63.0
218 2665.0 0.96361 1.169864 0.0 0.958079 0.967971 -8.469069 -0.00837 0.016728 12.845295 63.0
219 2665.0 1.000223 1.137593 0.0 0.972888 0.967971 -8.469069 -0.00837 0.016728 12.845295 63.0
220 2665.0 0.963751 1.154333 0.0 0.957792 0.967971 -8.469069 -0.00837 0.016728 12.845295 63.0
221 2665.0 0.968305 1.164955 0.0 0.959961 0.967971 -8.469069 -0.00837 0.016728 12.845295 63.0
222 2665.0 0.961505 1.15459 0.0 0.956846 0.967971 -8.469069 -0.00837 0.016728 12.845295 63.0
223 2665.0 0.974985 1.128073 0.0 0.961971 0.967971 -8.469069 -0.00837 0.016728 12.845295 63.0
224 2665.0 1.006915 1.136881 0.0 0.97571 0.967971 -8.469069 -0.00837 0.016728 12.845295 63.0
225 2665.0 1.003167 1.129659 0.0 0.97396 0.967971 -8.469069 -0.00837 0.016728 12.845295 63.0
226 2665.0 0.969828 1.133973 0.0 0.959916 0.967971 -8.469069 -0.00837 0.016728 12.845295 63.0
227 2665.0 0.970764 1.137933 0.0 0.960401 0.967971 -8.469069 -0.00837 0.016728 12.845295 63.0
228 2665.0 0.973125 1.140977 0.0 0.96147 0.967971 -8.469069 -0.00837 0.016728 12.845295 63.0
229 2665.0 0.96791 1.138608 0.0 0.959206 0.967971 -8.469069 -0.00837 0.016728 12.845295 63.0
230 2665.0 0.987134 1.184004 0.0 0.968372 0.967971 -8.469069 -0.00837 0.016728 12.845295 63.0
231 2665.0 0.990893 1.208872 0.0 0.963698 0.967971 -8.469069 -0.00837 0.016728 12.845295 63.0
232 2665.0 0.984813 1.193315 0.0 0.964984 0.967971 -8.469069 -0.00837 0.016728 12.845295 63.0
233 2665.0 0.998291 1.190763 0.0 0.973255 0.967971 -8.469069 -0.00837 0.016728 12.845295 63.0
234 2665.0 0.992736 1.214036 0.0 0.963165 0.967971 -8.469069 -0.00837 0.016728 12.845295 63.0
235 2665.0 0.978637 1.187208 0.0 0.963193 0.967971 -8.469069 -0.00837 0.016728 12.845295 63.0
236 2665.0 0.972159 1.178469 0.0 0.961897 0.967971 -8.469069 -0.00837 0.016728 12.845295 63.0
237 2665.0 0.973923 1.196801 0.0 0.957274 0.967971 -8.469069 -0.00837 0.016728 12.845295 63.0
238 2665.0 0.981139 1.19774 0.0 0.961345 0.967971 -8.469069 -0.00837 0.016728 12.845295 63.0
239 2665.0 0.981927 1.184431 0.0 0.966072 0.967971 -8.469069 -0.00837 0.016728 12.845295 63.0
240 2665.0 0.987803 1.172314 0.0 0.968395 0.967971 -8.469069 -0.00837 0.016728 12.845295 63.0
241 2665.0 0.987332 1.166163 0.0 0.968058 0.967971 -8.469069 -0.00837 0.016728 12.845295 63.0
242 2665.0 1.00706 1.179656 0.0 0.976726 0.967971 -8.469069 -0.00837 0.016728 12.845295 63.0
243 2665.0 1.022465 1.195987 0.0 0.983624 0.967971 -8.469069 -0.00837 0.016728 12.845295 63.0
244 2665.0 0.980696 1.215145 0.0 0.955518 0.967971 -8.469069 -0.00837 0.016728 12.845295 63.0
245 2665.0 0.979056 1.191051 0.0 0.96222 0.967971 -8.469069 -0.00837 0.016728 12.845295 63.0
246 2665.0 0.970881 1.184834 0.0 0.959253 0.967971 -8.469069 -0.00837 0.016728 12.845295 63.0
247 2665.0 0.967155 1.202129 0.0 0.951472 0.967971 -8.469069 -0.00837 0.016728 12.845295 63.0
248 2665.0 0.973661 1.196992 0.0 0.957054 0.967971 -8.469069 -0.00837 0.016728 12.845295 63.0
249 2665.0 1.006332 1.197102 0.0 0.976806 0.967971 -8.469069 -0.00837 0.016728 12.845295 63.0
250 2665.0 0.999606 1.207009 0.0 0.969572 0.967971 -8.469069 -0.00837 0.016728 12.845295 63.0
251 2665.0 1.023614 1.206563 0.0 0.984257 0.967971 -8.469069 -0.00837 0.016728 12.845295 63.0
252 2665.0 1.026771 1.216962 0.0 0.982849 0.967971 -8.469069 -0.00837 0.016728 12.845295 63.0
253 2665.0 1.013264 1.243142 0.0 0.966306 0.967971 -8.469069 -0.00837 0.016728 12.845295 63.0
254 2665.0 1.00709 1.22477 0.0 0.968433 0.967971 -8.469069 -0.00837 0.016728 12.845295 63.0
255 2665.0 1.017174 1.208039 0.0 0.979885 0.967971 -8.469069 -0.00837 0.016728 12.845295 63.0
256 2665.0 1.025753 1.229184 0.0 0.978328 0.967971 -8.469069 -0.00837 0.016728 12.845295 63.0
257 2665.0 1.01387 1.211389 0.0 0.976813 0.967971 -8.469069 -0.00837 0.016728 12.845295 63.0
258 2665.0 1.014454 1.217782 0.0 0.975125 0.967971 -8.469069 -0.00837 0.016728 12.845295 63.0
259 2665.0 1.004612 1.199173 0.0 0.975107 0.967971 -8.469069 -0.00837 0.016728 12.845295 63.0
260 2665.0 0.994221 1.18575 0.0 0.971416 0.967971 -8.469069 -0.00837 0.016728 12.845295 63.0
261 2665.0 0.971872 1.187592 0.0 0.958972 0.967971 -8.469069 -0.00837 0.016728 12.845295 63.0
262 2665.0 1.000792 1.164106 0.0 0.973721 0.967971 -8.469069 -0.00837 0.016728 12.845295 63.0
263 2665.0 1.019164 1.169597 0.0 0.981635 0.967971 -8.469069 -0.00837 0.016728 12.845295 63.0
264 2665.0 1.030014 1.178558 0.0 0.986437 0.967971 -8.469069 -0.00837 0.016728 12.845295 63.0
265 2665.0 1.015803 1.166784 0.0 0.980147 0.967971 -8.469069 -0.00837 0.016728 12.845295 63.0
266 2665.0 1.031099 1.162389 0.0 0.986537 0.967971 -8.469069 -0.00837 0.016728 12.845295 63.0
267 2665.0 1.021204 1.167139 0.0 0.982445 0.967971 -8.469069 -0.00837 0.016728 12.845295 63.0
268 2665.0 0.993454 1.15009 0.0 0.970296 0.967971 -8.469069 -0.00837 0.016728 12.845295 63.0
269 2665.0 0.986755 1.152599 0.0 0.967511 0.967971 -8.469069 -0.00837 0.016728 12.845295 63.0
270 2665.0 0.972649 1.151136 0.0 0.961495 0.967971 -8.469069 -0.00837 0.016728 12.845295 63.0
271 2665.0 0.980561 1.143405 0.0 0.964678 0.967971 -8.469069 -0.00837 0.016728 12.845295 63.0
272 2665.0 0.985947 1.12474 0.0 0.966547 0.967971 -8.469069 -0.00837 0.016728 12.845295 63.0
273 2665.0 0.979461 1.132262 0.0 0.963963 0.967971 -8.469069 -0.00837 0.016728 12.845295 63.0
274 2665.0 0.98184 1.152812 0.0 0.965431 0.967971 -8.469069 -0.00837 0.016728 12.845295 63.0
275 2665.0 1.013136 1.174147 0.0 0.97918 0.967971 -8.469069 -0.00837 0.016728 12.845295 63.0
276 2665.0 1.032144 1.174324 0.0 0.987246 0.967971 -8.469069 -0.00837 0.016728 12.845295 63.0
277 2665.0 1.003751 1.18141 0.0 0.975362 0.967971 -8.469069 -0.00837 0.016728 12.845295 63.0
278 2665.0 1.009827 1.18273 0.0 0.977968 0.967971 -8.469069 -0.00837 0.016728 12.845295 63.0
279 2665.0 1.003364 1.186893 0.0 0.97532 0.967971 -8.469069 -0.00837 0.016728 12.845295 63.0
280 2665.0 1.011397 1.2063 0.0 0.97694 0.967971 -8.469069 -0.00837 0.016728 12.845295 63.0
281 2665.0 0.996418 1.204176 0.0 0.968545 0.967971 -8.469069 -0.00837 0.016728 12.845295 63.0
282 2665.0 0.995024 1.183147 0.0 0.971699 0.967971 -8.469069 -0.00837 0.016728 12.845295 63.0
283 2665.0 0.99269 1.184056 0.0 0.97073 0.967971 -8.469069 -0.00837 0.016728 12.845295 63.0
284 2665.0 0.988552 1.211879 0.0 0.96132 0.967971 -8.469069 -0.00837 0.016728 12.845295 63.0
285 2665.0 0.99196 1.209938 0.0 0.964004 0.967971 -8.469069 -0.00837 0.016728 12.845295 63.0
286 2665.0 1.00589 1.190998 0.0 0.976483 0.967971 -8.469069 -0.00837 0.016728 12.845295 63.0
287 2665.0 0.997194 1.198146 0.0 0.970941 0.967971 -8.469069 -0.00837 0.016728 12.845295 63.0
