 time p.x p.y p.z deep.node-0 CV opes.bias opes.rct opes.zed opes.neff opes.nker
0 3010.0 0.120928 0.514388 0.0 0.002674 0.808228 -8.756744 -0.020718 0.015968 12.845295 66.0
1 3010.0 0.118081 0.49742 0.0 0.005615 0.808228 -8.756744 -0.020718 0.015968 12.845295 66.0
2 3010.0 0.127578 0.497509 0.0 0.005391 0.808228 -8.756744 -0.020718 0.015968 12.845295 66.0
3 3010.0 0.110201 0.489989 0.0 0.008088 0.808228 -8.756744 -0.020718 0.015968 12.845295 66.0
4 3010.0 0.121109 0.477618 0.0 0.012493 0.808228 -8.756744 -0.020718 0.015968 12.845295 66.0
5 3010.0 0.088392 0.467014 0.0 0.01697 0.808228 -8.756744 -0.020718 0.015968 12.845295 66.0
6 3010.0 0.099455 0.485948 0.0 0.009687 0.808228 -8.756744 -0.020718 0.015968 12.845295 66.0
7 3010.0 0.096158 0.473519 0.0 0.014271 0.808228 -8.756744 -0.020718 0.015968 12.845295 66.0
8 3010.0 0.076546 0.485002 0.0 0.010292 0.808228 -8.756744 -0.020718 0.015968 12.845295 66.0
9 3010.0 0.086291 0.505525 0.0 0.003782 0.808228 -8.756744 -0.020718 0.015968 12.845295 66.0
10 3010.0 0.078312 0.507871 0.0 0.003226 0.808228 -8.756744 -0.020718 0.015968 12.845295 66.0
11 3010.0 0.084671 0.531326 0.0 -0.002575 0.808228 -8.756744 -0.020718 0.015968 12.845295 66.0
12 3010.0 0.07758 0.516696 0.0 0.000529 0.808228 -8.756744 -0.020718 0.015968 12.845295 66.0
13 3010.0 0.064123 0.543373 0.0 -0.005471 0.808228 -8.756744 -0.020718 0.015968 12.845295 66.0
14 3010.0 0.073071 0.546824 0.0 -0.003932 0.808228 -8.756744 -0.020718 0.015968 12.845295 66.0
15 3010.0 0.077983 0.541593 0.0 -0.003314 0.808228 -8.756744 -0.020718 0.015968 12.845295 66.0
16 3010.0 0.099317 0.528993 0.0 -0.00031 0.808228 -8.756744 -0.020718 0.015968 12.845295 66.0
17 3010.0 0.119488 0.532775 0.0 0.003032 0.808228 -8.756744 -0.020718 0.015968 12.845295 66.0
18 3010.0 0.104154 0.530355 0.0 0.000506 0.808228 -8.756744 -0.020718 0.015968 12.845295 66.0
19 3010.0 0.108096 0.520954 0.0 0.000835 0.808228 -8.756744 -0.020718 0.015968 12.845295 66.0
20 3010.0 0.106739 0.526465 0.0 0.000794 0.808228 -8.756744 -0.020718 0.015968 12.845295 66.0
21 3010.0 0.110745 0.545005 0.0 0.002027 0.808228 -8.756744 -0.020718 0.015968 12.845295 66.0
22 3010.0 0.088529 0.536226 0.0 -0.001802 0.808228 -8.756744 -0.020718 0.015968 12.845295 66.0
23 3010.0 0.105194 0.503922 0.0 0.003883 0.808228 -8.756744 -0.020718 0.015968 12.845295 66.0
24 3010.0 0.113813 0.518179 0.0 0.001659 0.808228 -8.756744 -0.020718 0.015968 12.845295 66.0
25 3010.0 0.101563 0.506323 0.0 0.00322 0.808228 -8.756744 -0.020718 0.015968 12.845295 66.0
26 3010.0 0.11122 0.503471 0.0 0.003897 0.808228 -8.756744 -0.020718 0.015968 12.845295 66.0
27 3010.0 0.127966 0.523461 0.0 0.004089 0.808228 -8.756744 -0.020718 0.015968 12.845295 66.0
28 3010.0 0.141713 0.519483 0.0 0.006157 0.808228 -8.756744 -0.020718 0.015968 12.845295 66.0
29 3010.0 0.150527 0.521148 0.0 0.007618 0.808228 -8.756744 -0.020718 0.015968 12.845295 66.0
30 3010.0 0.133754 0.498755 0.0 0.00488 0.808228 -8.756744 -0.020718 0.015968 12.845295 66.0
31 3010.0 0.124413 0.545655 0.0 0.004231 0.808228 -8.756744 -0.020718 0.015968 12.845295 66.0
32 3010.0 0.107618 0.567441 0.0 0.002245 0.808228 -8.756744 -0.020718 0.015968 12.845295 66.0
33 3010.0 0.112636 0.564512 0.0 0.002953 0.808228 -8.756744 -0.020718 0.015968 12.845295 66.0
34 3010.0 0.125495 0.552791 0.0 0.004632 0.808228 -8.756744 -0.020718 0.015968 12.845295 66.0
35 3010.0 0.120033 0.524139 0.0 0.002843 0.808228 -8.756744 -0.020718 0.015968 12.845295 66.0
36 3010.0 0.125441 0.531239 0.0 0.003934 0.808228 -8.756744 -0.020718 0.015968 12.845295 66.0
37 3010.0 0.115856 0.498806 0.0 0.005235 0.808228 -8.756744 -0.020718 0.015968 12.845295 66.0
38 3010.0 0.127271 0.488506 0.0 0.008441 0.808228 -8.756744 -0.020718 0.015968 12.845295 66.0
39 3010.0 0.153415 0.493293 0.0 0.007761 0.808228 -8.756744 -0.020718 0.015968 12.845295 66.0
40 3010.0 0.166808 0.489395 0.0 0.010604 0.808228 -8.756744 -0.020718 0.015968 12.845295 66.0
41 3010.0 0.158512 0.496205 0.0 0.008385 0.808228 -8.756744 -0.020718 0.015968 12.845295 66.0
42 3010.0 0.153363 0.485897 0.0 0.009104 0.808228 -8.756744 -0.020718 0.015968 12.845295 66.0
43 3010.0 0.152035 0.516162 0.0 0.007699 0.808228 -8.756744 -0.020718 0.015968 12.845295 66.0
44 3010.0 0.147553 0.53694 0.0 0.007648 0.808228 -8.756744 -0.020718 0.015968 12.845295 66.0
45 3010.0 0.149301 0.549844 0.0 0.00834 0.808228 -8.756744 -0.020718 0.015968 12.845295 66.0
46 3010.0 0.13443 0.519752 0.0 0.005002 0.808228 -8.756744 -0.020718 0.015968 12.845295 66.0
47 3010.0 0.115474 0.537465 0.0 0.002541 0.808228 -8.756744 -0.020718 0.015968 12.845295 66.0
48 3010.0 0.111307 0.537628 0.0 0.001881 0.808228 -8.756744 -0.020718 0.015968 12.845295 66.0
49 3010.0 0.127785 0.561583 0.0 0.005279 0.808228 -8.756744 -0.020718 0.015968 12.845295 66.0
50 3010.0 0.142244 0.542038 0.0 0.006963 0.808228 -8.756744 -0.020718 0.015968 12.845295 66.0
51 3010.0 0.145663 0.539587 0.0 0.007431 0.808228 -8.756744 -0.020718 0.015968 12.845295 66.0
52 3010.0 0.154536 0.517615 0.0 0.008145 0.808228 -8.756744 -0.020718 0.015968 12.845295 66.0
53 3010.0 0.157487 0.505495 0.0 0.008229 0.808228 -8.756744 -0.020718 0.015968 12.845295 66.0
54 3010.0 0.169881 0.493046 0.0 0.010783 0.808228 -8.756744 -0.020718 0.015968 12.845295 66.0
55 3010.0 0.163846 0.492392 0.0 0.009753 0.808228 -8.756744 -0.020718 0.015968 12.845295 66.0
56 3010.0 0.151117 0.498744 0.0 0.006995 0.808228 -8.756744 -0.020718 0.015968 12.845295 66.0
57 3010.0 0.13089 0.492638 0.0 0.006888 0.808228 -8.756744 -0.020718 0.015968 12.845295 66.0
58 3010.0 0.123323 0.497946 0.0 0.005345 0.808228 -8.756744 -0.020718 0.015968 12.845295 66.0
59 3010.0 0.120785 0.485189 0.0 0.009726 0.808228 -8.756744 -0.020718 0.015968 12.845295 66.0
60 3010.0 0.123044 0.484166 0.0 0.010076 0.808228 -8.756744 -0.020718 0.015968 12.845295 66.0
61 3010.0 0.115062 0.501214 0.0 0.004511 0.808228 -8.756744 -0.020718 0.015968 12.845295 66.0
62 3010.0 0.114083 0.502916 0.0 0.004008 0.808228 -8.756744 -0.020718 0.015968 12.845295 66.0
63 3010.0 0.108955 0.510022 0.0 0.001931 0.808228 -8.756744 -0.020718 0.015968 12.845295 66.0
64 3010.0 0.12115 0.539109 0.0 0.0035 0.808228 -8.756744 -0.020718 0.015968 12.845295 66.0
65 3010.0 0.112628 0.53937 0.0 0.002148 0.808228 -8.756744 -0.020718 0.015968 12.845295 66.0
66 3010.0 0.110398 0.51637 0.0 0.001056 0.808228 -8.756744 -0.020718 0.015968 12.845295 66.0
67 3010.0 0.096723 0.524737 0.0 -0.00086 0.808228 -8.756744 -0.020718 0.015968 12.845295 66.0
68 3010.0 0.095706 0.511189 0.0 0.001846 0.808228 -8.756744 -0.020718 0.015968 12.845295 66.0
69 3010.0 0.089108 0.530435 0.0 -0.001894 0.808228 -8.756744 -0.020718 0.015968 12.845295 66.0
70 3010.0 0.070296 0.527452 0.0 -0.002626 0.808228 -8.756744 -0.020718 0.015968 12.845295 66.0
71 3010.0 0.065694 0.524893 0.0 -0.001745 0.808228 -8.756744 -0.020718 0.015968 12.845295 66.0
72 3010.0 0.067712 0.520938 0.0 -0.000571 0.808228 -8.756744 -0.020718 0.015968 12.845295 66.0
73 3010.0 0.059985 0.513991 0.0 0.001725 0.808228 -8.756744 -0.020718 0.015968 12.845295 66.0
74 3010.0 0.070342 0.540198 0.0 -0.004579 0.808228 -8.756744 -0.020718 0.015968 12.845295 66.0
75 3010.0 0.062775 0.517598 0.0 0.000558 0.808228 -8.756744 -0.020718 0.015968 12.845295 66.0
76 3010.0 0.059918 0.534556 0.0 -0.004595 0.808228 -8.756744 -0.020718 0.015968 12.845295 66.0
77 3010.0 0.05259 0.515702 0.0 0.001352 0.808228 -8.756744 -0.020718 0.015968 12.845295 66.0
78 3010.0 0.050013 0.514945 0.0 0.001638 0.808228 -8.756744 -0.020718 0.015968 12.845295 66.0
79 3010.0 0.072474 0.5073 0.0 0.003523 0.808228 -8.756744 -0.020718 0.015968 12.845295 66.0
80 3010.0 0.082815 0.521057 0.0 -0.00092 0.808228 -8.756744 -0.020718 0.015968 12.845295 66.0
81 3010.0 0.077935 0.528589 0.0 -0.003134 0.808228 -8.756744 -0.020718 0.015968 12.845295 66.0
82 3010.0 0.088835 0.527719 0.0 -0.002025 0.808228 -8.756744 -0.020718 0.015968 12.845295 66.0
83 3010.0 0.100524 0.526702 0.0 -0.000191 0.808228 -8.756744 -0.020718 0.015968 12.845295 66.0
84 3010.0 0.108482 0.534625 0.0 0.001334 0.808228 -8.756744 -0.020718 0.015968 12.845295 66.0
85 3010.0 0.115337 0.510117 0.0 0.001769 0.808228 -8.756744 -0.020718 0.015968 12.845295 66.0
86 3010.0 0.099223 0.498867 0.0 0.005561 0.808228 -8.756744 -0.020718 0.015968 12.845295 66.0
87 3010.0 0.113124 0.513342 0.0 0.001394 0.808228 -8.756744 -0.020718 0.015968 12.845295 66.0
88 3010.0 0.108986 0.526547 0.0 0.001156 0.808228 -8.756744 -0.020718 0.015968 12.845295 66.0
89 3010.0 0.103856 0.512034 0.0 0.001417 0.808228 -8.756744 -0.020718 0.015968 12.845295 66.0
90 3010.0 0.13288 0.506353 0.0 0.004326 0.808228 -8.756744 -0.020718 0.015968 12.845295 66.0
91 3010.0 0.126721 0.529335 0.0 0.004077 0.808228 -8.756744 -0.020718 0.015968 12.845295 66.0
92 3010.0 0.135566 0.540087 0.0 0.005834 0.808228 -8.756744 -0.020718 0.015968 12.845295 66.0
93 3010.0 0.158881 0.526889 0.0 0.009135 0.808228 -8.756744 -0.020718 0.015968 12.845295 66.0
94 3010.0 0.165167 0.520235 0.0 0.009927 0.808228 -8.756744 -0.020718 0.015968 12.845295 66.0
95 3010.0 0.162733 0.522621 0.0 0.009614 0.808228 -8.756744 -0.020718 0.015968 12.845295 66.0
96 3010.0 0.171555 0.546546 0.0 0.011788 0.808228 -8.756744 -0.020718 0.015968 12.845295 66.0
97 3010.0 0.204198 0.539708 0.0 0.030064 0.808228 -8.756744 -0.020718 0.015968 12.845295 66.0
98 3010.0 0.172295 0.510731 0.0 0.010761 0.808228 -8.756744 -0.020718 0.015968 12.845295 66.0
99 3010.0 0.190631 0.508495 0.0 0.013618 0.808228 -8.756744 -0.020718 0.015968 12.845295 66.0
100 3010.0 0.180898 0.519292 0.0 0.012409 0.808228 -8.756744 -0.020718 0.015968 12.845295 66.0
101 3010.0 0.172911 0.499132 0.0 0.010701 0.808228 -8.756744 -0.020718 0.015968 12.845295 66.0
102 3010.0 0.160141 0.508598 0.0 0.008752 0.808228 -8.756744 -0.020718 0.015968 12.845295 66.0
103 3010.0 0.159095 0.506921 0.0 0.008531 0.808228 -8.756744 -0.020718 0.015968 12.845295 66.0
104 3010.0 0.167635 0.514884 0.0 0.01015 0.808228 -8.756744 -0.020718 0.015968 12.845295 66.0
105 3010.0 0.209288 0.5163 0.0 0.021058 0.808228 -8.756744 -0.020718 0.015968 12.845295 66.0
106 3010.0 0.188862 0.540962 0.0 0.019693 0.808228 -8.756744 -0.020718 0.015968 12.845295 66.0
107 3010.0 0.180511 0.54212 0.0 0.014304 0.808228 -8.756744 -0.020718 0.015968 12.845295 66.0
108 3010.0 0.166378 0.546111 0.0 0.010948 0.808228 -8.756744 -0.020718 0.015968 12.845295 66.0
109 3010.0 0.184736 0.516127 0.0 0.012921 0.808228 -8.756744 -0.020718 0.015968 12.845295 66.0
110 3010.0 0.199336 0.517459 0.0 0.015295 0.808228 -8.756744 -0.020718 0.015968 12.845295 66.0
111 3010.0 0.194759 0.518593 0.0 0.0146 0.808228 -8.756744 -0.020718 0.015968 12.845295 66.0
112 3010.0 0.195757 0.515661 0.0 0.014666 0.808228 -8.756744 -0.020718 0.015968 12.845295 66.0
113 3010.0 0.198797 0.529752 0.0 0.020783 0.808228 -8.756744 -0.020718 0.015968 12.845295 66.0
114 3010.0 0.206482 0.550861 0.0 0.037747 0.808228 -8.756744 -0.020718 0.015968 12.845295 66.0
115 3010.0 0.212434 0.545733 0.0 0.039259 0.808228 -8.756744 -0.020718 0.015968 12.845295 66.0
116 3010.0 0.211806 0.528607 0.0 0.029535 0.808228 -8.756744 -0.020718 0.015968 12.845295 66.0
117 3010.0 0.202038 0.522694 0.0 0.019296 0.808228 -8.756744 -0.020718 0.015968 12.845295 66.0
118 3010.0 0.203627 0.523427 0.0 0.020838 0.808228 -8.756744 -0.020718 0.015968 12.845295 66.0
119 3010.0 0.174423 0.501879 0.0 0.010818 0.808228 -8.756744 -0.020718 0.015968 12.845295 66.0
120 3010.0 0.163154 0.502517 0.0 0.009038 0.808228 -8.756744 -0.020718 0.015968 12.845295 66.0
121 3010.0 0.185248 0.49966 0.0 0.012891 0.808228 -8.756744 -0.020718 0.015968 12.845295 66.0
122 3010.0 0.180443 0.504768 0.0 0.011872 0.808228 -8.756744 -0.020718 0.015968 12.845295 66.0
123 3010.0 0.172183 0.488834 0.0 0.01164 0.808228 -8.756744 -0.020718 0.015968 12.845295 66.0
124 3010.0 0.1484 0.505629 0.0 0.006782 0.808228 -8.756744 -0.020718 0.015968 12.845295 66.0
125 3010.0 0.151839 0.509302 0.0 0.007448 0.808228 -8.756744 -0.020718 0.015968 12.845295 66.0
126 3010.0 0.134472 0.500334 0.0 0.004388 0.808228 -8.756744 -0.020718 0.015968 12.845295 66.0
127 3010.0 0.122559 0.518391 0.0 0.003063 0.808228 -8.756744 -0.020718 0.015968 12.845295 66.0
128 3010.0 0.136109 0.513657 0.0 0.005075 0.808228 -8.756744 -0.020718 0.015968 12.845295 66.0
129 3010.0 0.139079 0.505859 0.0 0.0053 0.808228 -8.756744 -0.020718 0.015968 12.845295 66.0
130 3010.0 0.120696 0.49111 0.0 0.007561 0.808228 -8.756744 -0.020718 0.015968 12.845295 66.0
131 3010.0 0.119929 0.486333 0.0 0.009317 0.808228 -8.756744 -0.020718 0.015968 12.845295 66.0
132 3010.0 0.104579 0.49311 0.0 0.007219 0.808228 -8.756744 -0.020718 0.015968 12.845295 66.0
133 3010.0 0.098414 0.508262 0.0 0.00269 0.808228 -8.756744 -0.020718 0.015968 12.845295 66.0
134 3010.0 0.079042 0.514371 0.0 0.001213 0.808228 -8.756744 -0.020718 0.015968 12.845295 66.0
135 3010.0 0.066405 0.471802 0.0 0.015967 0.808228 -8.756744 -0.020718 0.015968 12.845295 66.0
136 3010.0 0.083886 0.453945 0.0 0.023064 0.808228 -8.756744 -0.020718 0.015968 12.845295 66.0
137 3010.0 0.072938 0.458449 0.0 0.021615 0.808228 -8.756744 -0.020718 0.015968 12.845295 66.0
138 3010.0 0.056286 0.468077 0.0 0.018164 0.808228 -8.756744 -0.020718 0.015968 12.845295 66.0
139 3010.0 0.056303 0.494886 0.0 0.007673 0.808228 -8.756744 -0.020718 0.015968 12.845295 66.0
140 3010.0 0.040701 0.49099 0.0 0.009398 0.808228 -8.756744 -0.020718 0.015968 12.845295 66.0
141 3010.0 0.050274 0.491453 0.0 0.008853 0.808228 -8.756744 -0.020718 0.015968 12.845295 66.0
142 3010.0 0.073277 0.500606 0.0 0.005563 0.808228 -8.756744 -0.020718 0.015968 12.845295 66.0
143 3010.0 0.087856 0.503357 0.0 0.004416 0.808228 -8.756744 -0.020718 0.015968 12.845295 66.0
144 3010.0 0.090135 0.537227 0.0 -0.001513 0.808228 -8.756744 -0.020718 0.015968 12.845295 66.0
145 3010.0 0.096265 0.528906 0.0 -0.0008 0.808228 -8.756744 -0.020718 0.015968 12.845295 66.0
146 3010.0 0.106127 0.50002 0.0 0.005063 0.808228 -8.756744 -0.020718 0.015968 12.845295 66.0
147 3010.0 0.116057 0.497511 0.0 0.005629 0.808228 -8.756744 -0.020718 0.015968 12.845295 66.0
148 3010.0 0.115271 0.503945 0.0 0.003667 0.808228 -8.756744 -0.020718 0.015968 12.845295 66.0
149 3010.0 0.125066 0.515443 0.0 0.003369 0.808228 -8.756744 -0.020718 0.015968 12.845295 66.0
150 3010.0 0.127697 0.543669 0.0 0.004692 0.808228 -8.756744 -0.020718 0.015968 12.845295 66.0
151 3010.0 0.099343 0.541794 0.0 0.000103 0.808228 -8.756744 -0.020718 0.015968 12.845295 66.0
152 3010.0 0.109603 0.509686 0.0 0.00202 0.808228 -8.756744 -0.020718 0.015968 12.845295 66.0
153 3010.0 0.111086 0.524257 0.0 0.001418 0.808228 -8.756744 -0.020718 0.015968 12.845295 66.0
154 3010.0 0.120023 0.512228 0.0 0.002461 0.808228 -8.756744 -0.020718 0.015968 12.845295 66.0
155 3010.0 0.123402 0.525848 0.0 0.003436 0.808228 -8.756744 -0.020718 0.015968 12.845295 66.0
156 3010.0 0.130657 0.529016 0.0 0.004696 0.808228 -8.756744 -0.020718 0.015968 12.845295 66.0
157 3010.0 0.128133 0.527843 0.0 0.004255 0.808228 -8.756744 -0.020718 0.015968 12.845295 66.0
158 3010.0 0.137329 0.504423 0.0 0.004975 0.808228 -8.756744 -0.020718 0.015968 12.845295 66.0
159 3010.0 0.142952 0.499068 0.0 0.005702 0.808228 -8.756744 -0.020718 0.015968 12.845295 66.0
160 3010.0 0.155282 0.518839 0.0 0.008303 0.808228 -8.756744 -0.020718 0.015968 12.845295 66.0
161 3010.0 0.181273 0.506063 0.0 0.012046 0.808228 -8.756744 -0.020718 0.015968 12.845295 66.0
162 3010.0 0.180781 0.517852 0.0 0.012344 0.808228 -8.756744 -0.020718 0.015968 12.845295 66.0
163 3010.0 0.188708 0.49762 0.0 0.013733 0.808228 -8.756744 -0.020718 0.015968 12.845295 66.0
164 3010.0 0.203219 0.501972 0.0 0.01592 0.808228 -8.756744 -0.020718 0.015968 12.845295 66.0
165 3010.0 0.207249 0.514468 0.0 0.018597 0.808228 -8.756744 -0.020718 0.015968 12.845295 66.0
166 3010.0 0.22388 0.485468 0.0 0.021397 0.808228 -8.756744 -0.020718 0.015968 12.845295 66.0
167 3010.0 0.212465 0.484772 0.0 0.019393 0.808228 -8.756744 -0.020718 0.015968 12.845295 66.0
168 3010.0 0.204501 0.47141 0.0 0.019334 0.808228 -8.756744 -0.020718 0.015968 12.845295 66.0
169 3010.0 0.227575 0.462786 0.0 0.02443 0.808228 -8.756744 -0.020718 0.015968 12.845295 66.0
170 3010.0 0.217294 0.488602 0.0 0.019873 0.808228 -8.756744 -0.020718 0.015968 12.845295 66.0
171 3010.0 0.204962 0.491296 0.0 0.017348 0.808228 -8.756744 -0.020718 0.015968 12.845295 66.0
172 3010.0 0.209653 0.516328 0.0 0.021336 0.808228 -8.756744 -0.020718 0.015968 12.845295 66.0
173 3010.0 0.203686 0.494326 0.0 0.016801 0.808228 -8.756744 -0.020718 0.015968 12.845295 66.0
174 3010.0 0.234501 0.502186 0.0 0.032749 0.808228 -8.756744 -0.020718 0.015968 12.845295 66.0
175 3010.0 0.220913 0.507592 0.0 0.024849 0.808228 -8.756744 -0.020718 0.015968 12.845295 66.0
176 3010.0 0.206357 0.511363 0.0 0.016274 0.808228 -8.756744 -0.020718 0.015968 12.845295 66.0
177 3010.0 0.200845 0.507705 0.0 0.015224 0.808228 -8.756744 -0.020718 0.015968 12.845295 66.0
178 3010.0 0.23144 0.522206 0.0 0.040215 0.808228 -8.756744 -0.020718 0.015968 12.845295 66.0
179 3010.0 0.247426 0.538205 0.0 0.060393 0.808228 -8.756744 -0.020718 0.015968 12.845295 66.0
180 3010.0 0.272846 0.555229 0.0 0.087923 0.808228 -8.756744 -0.020718 0.015968 12.845295 66.0
181 3010.0 0.298735 0.557474 0.0 0.107791 0.808228 -8.756744 -0.020718 0.015968 12.845295 66.0
182 3010.0 0.333694 0.547182 0.0 0.127405 0.808228 -8.756744 -0.020718 0.015968 12.845295 66.0
183 3010.0 0.36238 0.55963 0.0 0.154984 0.808228 -8.756744 -0.020718 0.015968 12.845295 66.0
184 3010.0 0.372902 0.550827 0.0 0.157703 0.808228 -8.756744 -0.020718 0.015968 12.845295 66.0
185 3010.0 0.374986 0.549339 0.0 0.158383 0.808228 -8.756744 -0.020718 0.015968 12.845295 66.0
186 3010.0 0.38165 0.553143 0.0 0.165315 0.808228 -8.756744 -0.020718 0.015968 12.845295 66.0
187 3010.0 0.408477 0.538405 0.0 0.176642 0.808228 -8.756744 -0.020718 0.015968 12.845295 66.0
188 3010.0 0.393702 0.525444 0.0 0.160415 0.808228 -8.756744 -0.020718 0.015968 12.845295 66.0
189 3010.0 0.410691 0.521287 0.0 0.171348 0.808228 -8.756744 -0.020718 0.015968 12.845295 66.0
190 3010.0 0.421534 0.520422 0.0 0.17905 0.808228 -8.756744 -0.020718 0.015968 12.845295 66.0
191 3010.0 0.429814 0.527348 0.0 0.188007 0.808228 -8.756744 -0.020718 0.015968 12.845295 66.0
192 3010.0 0.455474 0.517003 0.0 0.203817 0.808228 -8.756744 -0.020718 0.015968 12.845295 66.0
193 3010.0 0.470326 0.502954 0.0 0.208881 0.808228 -8.756744 -0.020718 0.015968 12.845295 66.0
194 3010.0 0.474198 0.484857 0.0 0.203749 0.808228 -8.756744 -0.020718 0.015968 12.845295 66.0
195 3010.0 0.460713 0.521558 0.0 0.210942 0.808228 -8.756744 -0.020718 0.015968 12.845295 66.0
196 3010.0 0.463728 0.515973 0.0 0.210436 0.808228 -8.756744 -0.020718 0.015968 12.845295 66.0
197 3010.0 0.437417 0.546255 0.0 0.204988 0.808228 -8.756744 -0.020718 0.015968 12.845295 66.0
198 3010.0 0.456027 0.537225 0.0 0.215756 0.808228 -8.756744 -0.020718 0.015968 12.845295 66.0
199 3010.0 0.457441 0.529211 0.0 0.212386 0.808228 -8.756744 -0.020718 0.015968 12.845295 66.0
200 3010.0 0.453743 0.499475 0.0 0.194482 0.808228 -8.756744 -0.020718 0.015968 12.845295 66.0
201 3010.0 0.437391 0.514011 0.0 0.188229 0.808228 -8.756744 -0.020718 0.015968 12.845295 66.0
202 3010.0 0.446957 0.532657 0.0 0.205194 0.808228 -8.756744 -0.020718 0.015968 12.845295 66.0
203 3010.0 0.454942 0.545016 0.0 0.219291 0.808228 -8.756744 -0.020718 0.015968 12.845295 66.0
204 3010.0 0.453187 0.546206 0.0 0.218441 0.808228 -8.756744 -0.020718 0.015968 12.845295 66.0
205 3010.0 0.477965 0.54327 0.0 0.238423 0.808228 -8.756744 -0.020718 0.015968 12.845295 66.0
206 3010.0 0.465636 0.543081 0.0 0.227531 0.808228 -8.756744 -0.020718 0.015968 12.845295 66.0
207 3010.0 0.471089 0.543011 0.0 0.23226 0.808228 -8.756744 -0.020718 0.015968 12.845295 66.0
208 3010.0 0.473432 0.54052 0.0 0.232876 0.808228 -8.756744 -0.020718 0.015968 12.845295 66.0
209 3010.0 0.466851 0.534408 0.0 0.223603 0.808228 -8.756744 -0.020718 0.015968 12.845295 66.0
210 3010.0 0.489078 0.544083 0.0 0.248611 0.808228 -8.756744 -0.020718 0.015968 12.845295 66.0
211 3010.0 0.503202 0.554218 0.0 0.266796 0.808228 -8.756744 -0.020718 0.015968 12.845295 66.0
212 3010.0 0.498132 0.547619 0.0 0.258565 0.808228 -8.756744 -0.020718 0.015968 12.845295 66.0
213 3010.0 0.486239 0.554223 0.0 0.252273 0.808228 -8.756744 -0.020718 0.015968 12.845295 66.0
214 3010.0 0.500462 0.546502 0.0 0.25996 0.808228 -8.756744 -0.020718 0.015968 12.845295 66.0
215 3010.0 0.530086 0.540168 0.0 0.282226 0.808228 -8.756744 -0.020718 0.015968 12.845295 66.0
216 3010.0 0.536481 0.543771 0.0 0.289893 0.808228 -8.756744 -0.020718 0.015968 12.845295 66.0
217 3010.0 0.555331 0.53004 0.0 0.298479 0.808228 -8.756744 -0.020718 0.015968 12.845295 66.0
218 3010.0 0.567551 0.556635 0.0 0.324472 0.808228 -8.756744 -0.020718 0.015968 12.845295 66.0
219 3010.0 0.558827 0.574911 0.0 0.328868 0.808228 -8.756744 -0.020718 0.015968 12.845295 66.0
220 3010.0 0.563225 0.578826 0.0 0.335402 0.808228 -8.756744 -0.020718 0.015968 12.845295 66.0
221 3010.0 0.52915 0.605388 0.0 0.325255 0.808228 -8.756744 -0.020718 0.015968 12.845295 66.0
222 3010.0 0.564303 0.606632 0.0 0.356105 0.808228 -8.756744 -0.020718 0.015968 12.845295 66.0
223 3010.0 0.593832 0.632581 0.0 0.39974 0.808228 -8.756744 -0.020718 0.015968 12.845295 66.0
224 3010.0 0.595699 0.61939 0.0 0.391945 0.808228 -8.756744 -0.020718 0.015968 12.845295 66.0
225 3010.0 0.587844 0.626157 0.0 0.390064 0.808228 -8.756744 -0.020718 0.015968 12.845295 66.0
226 3010.0 0.604475 0.616076 0.0 0.397068 0.808228 -8.756744 -0.020718 0.015968 12.845295 66.0
227 3010.0 0.620335 0.618538 0.0 0.412339 0.808228 -8.756744 -0.020718 0.015968 12.845295 66.0
228 3010.0 0.639746 0.604326 0.0 0.418773 0.808228 -8.756744 -0.020718 0.015968 12.845295 66.0
229 3010.0 0.663071 0.606664 0.0 0.440319 0.808228 -8.756744 -0.020718 0.015968 12.845295 66.0
230 3010.0 0.652555 0.602258 0.0 0.42822 0.808228 -8.756744 -0.020718 0.015968 12.845295 66.0
231 3010.0 0.644763 0.605259 0.0 0.423714 0.808228 -8.756744 -0.020718 0.015968 12.845295 66.0
232 3010.0 0.636032 0.616875 0.0 0.424536 0.808228 -8.756744 -0.020718 0.015968 12.845295 66.0
233 3010.0 0.669444 0.605998 0.0 0.445277 0.808228 -8.756744 -0.020718 0.015968 12.845295 66.0
234 3010.0 0.667941 0.582612 0.0 0.427356 0.808228 -8.756744 -0.020718 0.015968 12.845295 66.0
235 3010.0 0.666337 0.566816 0.0 0.416734 0.808228 -8.756744 -0.020718 0.015968 12.845295 66.0
236 3010.0 0.691697 0.58899 0.0 0.452144 0.808228 -8.756744 -0.020718 0.015968 12.845295 66.0
237 3010.0 0.687915 0.590718 0.0 0.45015 0.808228 -8.756744 -0.020718 0.015968 12.845295 66.0
238 3010.0 0.709927 0.585359 0.0 0.465532 0.808228 -8.756744 -0.020718 0.015968 12.845295 66.0
239 3010.0 0.715144 0.59799 0.0 0.478535 0.808228 -8.756744 -0.020718 0.015968 12.845295 66.0
240 3010.0 0.694052 0.591004 0.0 0.455584 0.808228 -8.756744 -0.020718 0.015968 12.845295 66.0
241 3010.0 0.702006 0.591938 0.0 0.46303 0.808228 -8.756744 -0.020718 0.015968 12.845295 66.0
242 3010.0 0.708549 0.56542 0.0 0.452852 0.808228 -8.756744 -0.020718 0.015968 12.845295 66.0
243 3010.0 0.712694 0.591736 0.0 0.471996 0.808228 -8.756744 -0.020718 0.015968 12.845295 66.0
244 3010.0 0.683811 0.602115 0.0 0.454761 0.808228 -8.756744 -0.020718 0.015968 12.845295 66.0
245 3010.0 0.663468 0.58763 0.0 0.427114 0.808228 -8.756744 -0.020718 0.015968 12.845295 66.0
246 3010.0 0.653179 0.602315 0.0 0.428792 0.808228 -8.756744 -0.020718 0.015968 12.845295 66.0
247 3010.0 0.639725 0.604904 0.0 0.419167 0.808228 -8.756744 -0.020718 0.015968 12.845295 66.0
248 3010.0 0.638977 0.589687 0.0 0.407702 0.808228 -8.756744 -0.020718 0.015968 12.845295 66.0
249 3010.0 0.663308 0.593481 0.0 0.431141 0.808228 -8.756744 -0.020718 0.015968 12.845295 66.0
250 3010.0 0.674834 0.582742 0.0 0.433332 0.808228 -8.756744 -0.020718 0.015968 12.845295 66.0
251 3010.0 0.678494 0.589403 0.0 0.441185 0.808228 -8.756744 -0.020718 0.015968 12.845295 66.0
252 3010.0 0.701296 0.57046 0.0 0.449409 0.808228 -8.756744 -0.020718 0.015968 12.845295 66.0
253 3010.0 0.681153 0.554491 0.0 0.422601 0.808228 -8.756744 -0.020718 0.015968 12.845295 66.0
254 3010.0 0.684667 0.577381 0.0 0.438846 0.808228 -8.756744 -0.020718 0.015968 12.845295 66.0
255 3010.0 0.673497 0.582668 0.0 0.432133 0.808228 -8.756744 -0.020718 0.015968 12.845295 66.0
256 3010.0 0.68859 0.621427 0.0 0.472575 0.808228 -8.756744 -0.020718 0.015968 12.845295 66.0
257 3010.0 0.68093 0.60109 0.0 0.451576 0.808228 -8.756744 -0.020718 0.015968 12.845295 66.0
258 3010.0 0.667737 0.603121 0.0 0.441776 0.808228 -8.756744 -0.020718 0.015968 12.845295 66.0
259 3010.0 0.671505 0.640469 0.0 0.471561 0.808228 -8.756744 -0.020718 0.015968 12.845295 66.0
260 3010.0 0.687572 0.651942 0.0 0.493419 0.808228 -8.756744 -0.020718 0.015968 12.845295 66.0
261 3010.0 0.680295 0.659681 0.0 0.492723 0.808228 -8.756744 -0.020718 0.015968 12.845295 66.0
262 3010.0 0.675416 0.639605 0.0 0.47428 0.808228 -8.756744 -0.020718 0.015968 12.845295 66.0
263 3010.0 0.686712 0.666882 0.0 0.503316 0.808228 -8.756744 -0.020718 0.015968 12.845295 66.0
264 3010.0 0.692979 0.666329 0.0 0.508265 0.808228 -8.756744 -0.020718 0.015968 12.845295 66.0
265 3010.0 0.702525 0.687943 0.0 0.531781 0.808228 -8.756744 -0.020718 0.015968 12.845295 66.0
266 3010.0 0.716018 0.679731 0.0 0.53744 0.808228 -8.756744 -0.020718 0.015968 12.845295 66.0
267 3010.0 0.720209 0.685486 0.0 0.545106 0.808228 -8.756744 -0.020718 0.015968 12.845295 66.0
268 3010.0 0.723854 0.685082 0.0 0.547925 0.808228 -8.756744 -0.020718 0.015968 12.845295 66.0
269 3010.0 0.745886 0.675451 0.0 0.559854 0.808228 -8.756744 -0.020718 0.015968 12.845295 66.0
270 3010.0 0.764043 0.681466 0.0 0.579611 0.808228 -8.756744 -0.020718 0.015968 12.845295 66.0
271 3010.0 0.7789 0.702726 0.0 0.607402 0.808228 -8.756744 -0.020718 0.015968 12.845295 66.0
272 3010.0 0.773468 0.704907 0.0 0.604322 0.808228 -8.756744 -0.020718 0.015968 12.845295 66.0
273 3010.0 0.803396 0.721017 0.0 0.641565 0.808228 -8.756744 -0.020718 0.015968 12.845295 66.0
274 3010.0 0.811108 0.70807 0.0 0.638774 0.808228 -8.756744 -0.020718 0.015968 12.845295 66.0
275 3010.0 0.817865 0.732163 0.0 0.662329 0.808228 -8.756744 -0.020718 0.015968 12.845295 66.0
276 3010.0 0.839854 0.744009 0.0 0.690148 0.808228 -8.756744 -0.020718 0.015968 12.845295 66.0
277 3010.0 0.821866 0.786138 0.0 0.705412 0.808228 -8.756744 -0.020718 0.015968 12.845295 66.0
278 3010.0 0.834087 0.752419 0.0 0.691302 0.808228 -8.756744 -0.020718 0.015968 12.845295 66.0
279 3010.0 0.849251 0.763282 0.0 0.712463 0.808228 -8.756744 -0.020718 0.015968 12.845295 66.0
280 3010.0 0.844419 0.77751 0.0 0.718699 0.808228 -8.756744 -0.020718 0.015968 12.845295 66.0
281 3010.0 0.85807 0.812775 0.0 0.756449 0.808228 -8.756744 -0.020718 0.015968 12.845295 66.0
282 3010.0 0.834613 0.841293 0.0 0.756969 0.808228 -8.756744 -0.020718 0.015968 12.845295 66.0
283 3010.0 0.844925 0.82765 0.0 0.755928 0.808228 -8.756744 -0.020718 0.015968 12.845295 66.0
284 3010.0 0.832964 0.831811 0.0 0.748577 0.808228 -8.756744 -0.020718 0.015968 12.845295 66.0
285 3010.0 0.832068 0.850528 0.0 0.761531 0.808228 -8.756744 -0.020718 0.015968 12.845295 66.0
286 3010.0 0.8335 0.866079 0.0 0.774186 0.808228 -8.756744 -0.020718 0.015968 12.845295 66.0
287 3010.0 0.851778 0.89445 0.0 0.810902 0.808228 -8.756744 -0.020718 0.015968 12.845295 66.0
