 time p.x p.y p.z deep.node-0 CV opes.bias opes.rct opes.zed opes.neff opes.nker
0 11195.0 -0.627947 1.358925 0.0 -0.950996 1.646713 -16.52968 -0.15305 0.008931 12.845295 118.0
1 11195.0 -0.630333 1.330124 0.0 -0.935074 1.646713 -16.52968 -0.15305 0.008931 12.845295 118.0
2 11195.0 -0.625795 1.346382 0.0 -0.943216 1.646713 -16.52968 -0.15305 0.008931 12.845295 118.0
3 11195.0 -0.642378 1.362183 0.0 -0.956695 1.646713 -16.52968 -0.15305 0.008931 12.845295 118.0
4 11195.0 -0.607152 1.36516 0.0 -0.949067 1.646713 -16.52968 -0.15305 0.008931 12.845295 118.0
5 11195.0 -0.616998 1.365771 0.0 -0.952029 1.646713 -16.52968 -0.15305 0.008931 12.845295 118.0
6 11195.0 -0.596918 1.348561 0.0 -0.936812 1.646713 -16.52968 -0.15305 0.008931 12.845295 118.0
7 11195.0 -0.629693 1.338242 0.0 -0.93957 1.646713 -16.52968 -0.15305 0.008931 12.845295 118.0
8 11195.0 -0.640069 1.319865 0.0 -0.931758 1.646713 -16.52968 -0.15305 0.008931 12.845295 118.0
9 11195.0 -0.651676 1.319162 0.0 -0.934431 1.646713 -16.52968 -0.15305 0.008931 12.845295 118.0
10 11195.0 -0.657558 1.314433 0.0 -0.933272 1.646713 -16.52968 -0.15305 0.008931 12.845295 118.0
11 11195.0 -0.678912 1.318347 0.0 -0.941184 1.646713 -16.52968 -0.15305 0.008931 12.845295 118.0
12 11195.0 -0.686205 1.311709 0.0 -0.939302 1.646713 -16.52968 -0.15305 0.008931 12.845295 118.0
13 11195.0 -0.666409 1.316624 0.0 -0.936879 1.646713 -16.52968 -0.15305 0.008931 12.845295 118.0
14 11195.0 -0.660064 1.296618 0.0 -0.923697 1.646713 -16.52968 -0.15305 0.008931 12.845295 118.0
15 11195.0 -0.679377 1.309469 0.0 -0.936204 1.646713 -16.52968 -0.15305 0.008931 12.845295 118.0
16 11195.0 -0.700739 1.309568 0.0 -0.941924 1.646713 -16.52968 -0.15305 0.008931 12.845295 118.0
17 11195.0 -0.675915 1.322938 0.0 -0.943028 1.646713 -16.52968 -0.15305 0.008931 12.845295 118.0
18 11195.0 -0.671284 1.312174 0.0 -0.935613 1.646713 -16.52968 -0.15305 0.008931 12.845295 118.0
19 11195.0 -0.670744 1.336089 0.0 -0.949216 1.646713 -16.52968 -0.15305 0.008931 12.845295 118.0
20 11195.0 -0.672541 1.326724 0.0 -0.94431 1.646713 -16.52968 -0.15305 0.008931 12.845295 118.0
21 11195.0 -0.680748 1.341034 0.0 -0.954711 1.646713 -16.52968 -0.15305 0.008931 12.845295 118.0
22 11195.0 -0.680491 1.354581 0.0 -0.96243 1.646713 -16.52968 -0.15305 0.008931 12.845295 118.0
23 11195.0 -0.70207 1.349765 0.0 -0.965383 1.646713 -16.52968 -0.15305 0.008931 12.845295 118.0
24 11195.0 -0.686915 1.355929 0.0 -0.964908 1.646713 -16.52968 -0.15305 0.008931 12.845295 118.0
25 11195.0 -0.728657 1.343518 0.0 -0.968841 1.646713 -16.52968 -0.15305 0.008931 12.845295 118.0
26 11195.0 -0.70101 1.333297 0.0 -0.955636 1.646713 -16.52968 -0.15305 0.008931 12.845295 118.0
27 11195.0 -0.704205 1.33463 0.0 -0.957249 1.646713 -16.52968 -0.15305 0.008931 12.845295 118.0
28 11195.0 -0.71952 1.302366 0.0 -0.942763 1.646713 -16.52968 -0.15305 0.008931 12.845295 118.0
29 11195.0 -0.710575 1.289341 0.0 -0.932905 1.646713 -16.52968 -0.15305 0.008931 12.845295 118.0
30 11195.0 -0.702666 1.273565 0.0 -0.92174 1.646713 -16.52968 -0.15305 0.008931 12.845295 118.0
31 11195.0 -0.724533 1.286864 0.0 -0.935182 1.646713 -16.52968 -0.15305 0.008931 12.845295 118.0
32 11195.0 -0.731656 1.280342 0.0 -0.933322 1.646713 -16.52968 -0.15305 0.008931 12.845295 118.0
33 11195.0 -0.731902 1.27166 0.0 -0.928396 1.646713 -16.52968 -0.15305 0.008931 12.845295 118.0
34 11195.0 -0.735296 1.252551 0.0 -0.918312 1.646713 -16.52968 -0.15305 0.008931 12.845295 118.0
35 11195.0 -0.756798 1.268739 0.0 -0.933318 1.646713 -16.52968 -0.15305 0.008931 12.845295 118.0
36 11195.0 -0.792625 1.257428 0.0 -0.936315 1.646713 -16.52968 -0.15305 0.008931 12.845295 118.0
37 11195.0 -0.793707 1.246685 0.0 -0.930426 1.646713 -16.52968 -0.15305 0.008931 12.845295 118.0
38 11195.0 -0.798458 1.226912 0.0 -0.92032 1.646713 -16.52968 -0.15305 0.008931 12.845295 118.0
39 11195.0 -0.823208 1.230077 0.0 -0.928701 1.646713 -16.52968 -0.15305 0.008931 12.845295 118.0
40 11195.0 -0.81192 1.217934 0.0 -0.918729 1.646713 -16.52968 -0.15305 0.008931 12.845295 118.0
41 11195.0 -0.817768 1.192216 0.0 -0.905496 1.646713 -16.52968 -0.15305 0.008931 12.845295 118.0
42 11195.0 -0.821139 1.174178 0.0 -0.895823 1.646713 -16.52968 -0.15305 0.008931 12.845295 118.0
43 11195.0 -0.838129 1.182637 0.0 -0.905388 1.646713 -16.52968 -0.15305 0.008931 12.845295 118.0
44 11195.0 -0.852169 1.170401 0.0 -0.901983 1.646713 -16.52968 -0.15305 0.008931 12.845295 118.0
45 11195.0 -0.859582 1.170178 0.0 -0.903855 1.646713 -16.52968 -0.15305 0.008931 12.845295 118.0
46 11195.0 -0.871686 1.152012 0.0 -0.896435 1.646713 -16.52968 -0.15305 0.008931 12.845295 118.0
47 11195.0 -0.874431 1.111939 0.0 -0.873597 1.646713 -16.52968 -0.15305 0.008931 12.845295 118.0
48 11195.0 -0.887398 1.101545 0.0 -0.870984 1.646713 -16.52968 -0.15305 0.008931 12.845295 118.0
49 11195.0 -0.890698 1.086865 0.0 -0.863237 1.646713 -16.52968 -0.15305 0.008931 12.845295 118.0
50 11195.0 -0.899591 1.068172 0.0 -0.85464 1.646713 -16.52968 -0.15305 0.008931 12.845295 118.0
51 11195.0 -0.88065 1.053263 0.0 -0.840751 1.646713 -16.52968 -0.15305 0.008931 12.845295 118.0
52 11195.0 -0.90136 1.039133 0.0 -0.838031 1.646713 -16.52968 -0.15305 0.008931 12.845295 118.0
53 11195.0 -0.890496 1.017318 0.0 -0.822242 1.646713 -16.52968 -0.15305 0.008931 12.845295 118.0
54 11195.0 -0.893405 1.008607 0.0 -0.817862 1.646713 -16.52968 -0.15305 0.008931 12.845295 118.0
55 11195.0 -0.882479 0.98026 0.0 -0.797907 1.646713 -16.52968 -0.15305 0.008931 12.845295 118.0
56 11195.0 -0.906283 0.975444 0.0 -0.801691 1.646713 -16.52968 -0.15305 0.008931 12.845295 118.0
57 11195.0 -0.914462 0.977176 0.0 -0.80501 1.646713 -16.52968 -0.15305 0.008931 12.845295 118.0
58 11195.0 -0.919109 0.938133 0.0 -0.78056 1.646713 -16.52968 -0.15305 0.008931 12.845295 118.0
59 11195.0 -0.927878 0.939803 0.0 -0.784674 1.646713 -16.52968 -0.15305 0.008931 12.845295 118.0
60 11195.0 -0.915669 0.923618 0.0 -0.767188 1.646713 -16.52968 -0.15305 0.008931 12.845295 118.0
61 11195.0 -0.905013 0.885081 0.0 -0.730621 1.646713 -16.52968 -0.15305 0.008931 12.845295 118.0
62 11195.0 -0.892886 0.875781 0.0 -0.718421 1.646713 -16.52968 -0.15305 0.008931 12.845295 118.0
63 11195.0 -0.895078 0.877754 0.0 -0.72088 1.646713 -16.52968 -0.15305 0.008931 12.845295 118.0
64 11195.0 -0.874728 0.861381 0.0 -0.699739 1.646713 -16.52968 -0.15305 0.008931 12.845295 118.0
65 11195.0 -0.864657 0.84542 0.0 -0.682424 1.646713 -16.52968 -0.15305 0.008931 12.845295 118.0
66 11195.0 -0.836316 0.819126 0.0 -0.649937 1.646713 -16.52968 -0.15305 0.008931 12.845295 118.0
67 11195.0 -0.826822 0.820512 0.0 -0.647945 1.646713 -16.52968 -0.15305 0.008931 12.845295 118.0
68 11195.0 -0.823596 0.789808 0.0 -0.62008 1.646713 -16.52968 -0.15305 0.008931 12.845295 118.0
69 11195.0 -0.803764 0.770011 0.0 -0.596128 1.646713 -16.52968 -0.15305 0.008931 12.845295 118.0
70 11195.0 -0.793785 0.773225 0.0 -0.595566 1.646713 -16.52968 -0.15305 0.008931 12.845295 118.0
71 11195.0 -0.78126 0.752039 0.0 -0.57289 1.646713 -16.52968 -0.15305 0.008931 12.845295 118.0
72 11195.0 -0.772742 0.726671 0.0 -0.545251 1.646713 -16.52968 -0.15305 0.008931 12.845295 118.0
73 11195.0 -0.734776 0.709829 0.0 -0.51071 1.646713 -16.52968 -0.15305 0.008931 12.845295 118.0
74 11195.0 -0.749503 0.712667 0.0 -0.519978 1.646713 -16.52968 -0.15305 0.008931 12.845295 118.0
75 11195.0 -0.741532 0.701684 0.0 -0.504399 1.646713 -16.52968 -0.15305 0.008931 12.845295 118.0
76 11195.0 -0.765013 0.684455 0.0 -0.49485 1.646713 -16.52968 -0.15305 0.008931 12.845295 118.0
77 11195.0 -0.767173 0.667284 0.0 -0.476545 1.646713 -16.52968 -0.15305 0.008931 12.845295 118.0
78 11195.0 -0.785856 0.667526 0.0 -0.484545 1.646713 -16.52968 -0.15305 0.008931 12.845295 118.0
79 11195.0 -0.780749 0.655304 0.0 -0.468767 1.646713 -16.52968 -0.15305 0.008931 12.845295 118.0
80 11195.0 -0.784506 0.644292 0.0 -0.458008 1.646713 -16.52968 -0.15305 0.008931 12.845295 118.0
81 11195.0 -0.737782 0.641482 0.0 -0.435533 1.646713 -16.52968 -0.15305 0.008931 12.845295 118.0
82 11195.0 -0.712939 0.631359 0.0 -0.413934 1.646713 -16.52968 -0.15305 0.008931 12.845295 118.0
83 11195.0 -0.722849 0.636223 0.0 -0.423473 1.646713 -16.52968 -0.15305 0.008931 12.845295 118.0
84 11195.0 -0.704124 0.606975 0.0 -0.383023 1.646713 -16.52968 -0.15305 0.008931 12.845295 118.0
85 11195.0 -0.704217 0.594319 0.0 -0.36891 1.646713 -16.52968 -0.15305 0.008931 12.845295 118.0
86 11195.0 -0.707748 0.597217 0.0 -0.373611 1.646713 -16.52968 -0.15305 0.008931 12.845295 118.0
87 11195.0 -0.692685 0.590676 0.0 -0.360065 1.646713 -16.52968 -0.15305 0.008931 12.845295 118.0
88 11195.0 -0.695828 0.594337 0.0 -0.365459 1.646713 -16.52968 -0.15305 0.008931 12.845295 118.0
89 11195.0 -0.668112 0.608868 0.0 -0.370238 1.646713 -16.52968 -0.15305 0.008931 12.845295 118.0
90 11195.0 -0.632661 0.603311 0.0 -0.349356 1.646713 -16.52968 -0.15305 0.008931 12.845295 118.0
91 11195.0 -0.632613 0.562543 0.0 -0.29937 1.646713 -16.52968 -0.15305 0.008931 12.845295 118.0
92 11195.0 -0.612668 0.581587 0.0 -0.31427 1.646713 -16.52968 -0.15305 0.008931 12.845295 118.0
93 11195.0 -0.596796 0.579911 0.0 -0.303332 1.646713 -16.52968 -0.15305 0.008931 12.845295 118.0
94 11195.0 -0.584413 0.58384 0.0 -0.301892 1.646713 -16.52968 -0.15305 0.008931 12.845295 118.0
95 11195.0 -0.572447 0.576253 0.0 -0.283127 1.646713 -16.52968 -0.15305 0.008931 12.845295 118.0
96 11195.0 -0.56613 0.575551 0.0 -0.27699 1.646713 -16.52968 -0.15305 0.008931 12.845295 118.0
97 11195.0 -0.560712 0.558479 0.0 -0.241684 1.646713 -16.52968 -0.15305 0.008931 12.845295 118.0
98 11195.0 -0.538285 0.552415 0.0 -0.209674 1.646713 -16.52968 -0.15305 0.008931 12.845295 118.0
99 11195.0 -0.532723 0.546913 0.0 -0.195648 1.646713 -16.52968 -0.15305 0.008931 12.845295 118.0
100 11195.0 -0.509163 0.559555 0.0 -0.196825 1.646713 -16.52968 -0.15305 0.008931 12.845295 118.0
101 11195.0 -0.508471 0.556562 0.0 -0.192272 1.646713 -16.52968 -0.15305 0.008931 12.845295 118.0
102 11195.0 -0.495464 0.569551 0.0 -0.201118 1.646713 -16.52968 -0.15305 0.008931 12.845295 118.0
103 11195.0 -0.469167 0.563557 0.0 -0.175009 1.646713 -16.52968 -0.15305 0.008931 12.845295 118.0
104 11195.0 -0.466989 0.561905 0.0 -0.171269 1.646713 -16.52968 -0.15305 0.008931 12.845295 118.0
105 11195.0 -0.450992 0.529665 0.0 -0.122906 1.646713 -16.52968 -0.15305 0.008931 12.845295 118.0
106 11195.0 -0.410334 0.495033 0.0 -0.074125 1.646713 -16.52968 -0.15305 0.008931 12.845295 118.0
107 11195.0 -0.400366 0.49539 0.0 -0.070598 1.646713 -16.52968 -0.15305 0.008931 12.845295 118.0
108 11195.0 -0.372125 0.457987 0.0 -0.024931 1.646713 -16.52968 -0.15305 0.008931 12.845295 118.0
109 11195.0 -0.370957 0.45705 0.0 -0.023815 1.646713 -16.52968 -0.15305 0.008931 12.845295 118.0
110 11195.0 -0.373806 0.470722 0.0 -0.036783 1.646713 -16.52968 -0.15305 0.008931 12.845295 118.0
111 11195.0 -0.370251 0.488546 0.0 -0.052393 1.646713 -16.52968 -0.15305 0.008931 12.845295 118.0
112 11195.0 -0.351041 0.491591 0.0 -0.047842 1.646713 -16.52968 -0.15305 0.008931 12.845295 118.0
113 11195.0 -0.349548 0.471977 0.0 -0.029212 1.646713 -16.52968 -0.15305 0.008931 12.845295 118.0
114 11195.0 -0.335532 0.504197 0.0 -0.053841 1.646713 -16.52968 -0.15305 0.008931 12.845295 118.0
115 11195.0 -0.317185 0.539329 0.0 -0.080208 1.646713 -16.52968 -0.15305 0.008931 12.845295 118.0
116 11195.0 -0.276156 0.508976 0.0 -0.036304 1.646713 -16.52968 -0.15305 0.008931 12.845295 118.0
117 11195.0 -0.277808 0.519158 0.0 -0.045707 1.646713 -16.52968 -0.15305 0.008931 12.845295 118.0
118 11195.0 -0.277752 0.507563 0.0 -0.03566 1.646713 -16.52968 -0.15305 0.008931 12.845295 118.0
119 11195.0 -0.288714 0.51133 0.0 -0.042477 1.646713 -16.52968 -0.15305 0.008931 12.845295 118.0
120 11195.0 -0.255758 0.50246 0.0 -0.024752 1.646713 -16.52968 -0.15305 0.008931 12.845295 118.0
121 11195.0 -0.236939 0.503199 0.0 -0.019529 1.646713 -16.52968 -0.15305 0.008931 12.845295 118.0
122 11195.0 -0.242236 0.490338 0.0 -0.010814 1.646713 -16.52968 -0.15305 0.008931 12.845295 118.0
123 11195.0 -0.25842 0.502265 0.0 -0.025418 1.646713 -16.52968 -0.15305 0.008931 12.845295 118.0
124 11195.0 -0.254226 0.502942 0.0 -0.024666 1.646713 -16.52968 -0.15305 0.008931 12.845295 118.0
125 11195.0 -0.224254 0.533081 0.0 -0.039661 1.646713 -16.52968 -0.15305 0.008931 12.845295 118.0
126 11195.0 -0.189398 0.519524 0.0 -0.017971 1.646713 -16.52968 -0.15305 0.008931 12.845295 118.0
127 11195.0 -0.168956 0.510067 0.0 -0.004039 1.646713 -16.52968 -0.15305 0.008931 12.845295 118.0
128 11195.0 -0.154785 0.518962 0.0 -0.006817 1.646713 -16.52968 -0.15305 0.008931 12.845295 118.0
129 11195.0 -0.169488 0.523032 0.0 -0.01464 1.646713 -16.52968 -0.15305 0.008931 12.845295 118.0
130 11195.0 -0.164938 0.505494 0.0 0.000884 1.646713 -16.52968 -0.15305 0.008931 12.845295 118.0
131 11195.0 -0.140389 0.520428 0.0 -0.003547 1.646713 -16.52968 -0.15305 0.008931 12.845295 118.0
132 11195.0 -0.14458 0.517184 0.0 -0.002232 1.646713 -16.52968 -0.15305 0.008931 12.845295 118.0
133 11195.0 -0.127482 0.508773 0.0 0.0077 1.646713 -16.52968 -0.15305 0.008931 12.845295 118.0
134 11195.0 -0.102761 0.504837 0.0 0.012837 1.646713 -16.52968 -0.15305 0.008931 12.845295 118.0
135 11195.0 -0.068431 0.526929 0.0 0.002109 1.646713 -16.52968 -0.15305 0.008931 12.845295 118.0
136 11195.0 -0.064136 0.532687 0.0 -0.000401 1.646713 -16.52968 -0.15305 0.008931 12.845295 118.0
137 11195.0 -0.073192 0.548345 0.0 -0.009095 1.646713 -16.52968 -0.15305 0.008931 12.845295 118.0
138 11195.0 -0.070399 0.530357 0.0 0.000893 1.646713 -16.52968 -0.15305 0.008931 12.845295 118.0
139 11195.0 -0.056726 0.53931 0.0 -0.00344 1.646713 -16.52968 -0.15305 0.008931 12.845295 118.0
140 11195.0 -0.042396 0.544828 0.0 -0.005633 1.646713 -16.52968 -0.15305 0.008931 12.845295 118.0
141 11195.0 -0.045552 0.562606 0.0 -0.013386 1.646713 -16.52968 -0.15305 0.008931 12.845295 118.0
142 11195.0 -0.065453 0.561577 0.0 -0.014871 1.646713 -16.52968 -0.15305 0.008931 12.845295 118.0
143 11195.0 -0.047504 0.575586 0.0 -0.019877 1.646713 -16.52968 -0.15305 0.008931 12.845295 118.0
144 11195.0 -0.035096 0.546417 0.0 -0.006273 1.646713 -16.52968 -0.15305 0.008931 12.845295 118.0
145 11195.0 -0.034287 0.529706 0.0 -0.001077 1.646713 -16.52968 -0.15305 0.008931 12.845295 118.0
146 11195.0 -0.038537 0.520009 0.0 0.002965 1.646713 -16.52968 -0.15305 0.008931 12.845295 118.0
147 11195.0 -0.031771 0.509994 0.0 0.006453 1.646713 -16.52968 -0.15305 0.008931 12.845295 118.0
148 11195.0 -0.013402 0.521691 0.0 0.000878 1.646713 -16.52968 -0.15305 0.008931 12.845295 118.0
149 11195.0 -0.003544 0.519887 0.0 0.001228 1.646713 -16.52968 -0.15305 0.008931 12.845295 118.0
150 11195.0 -0.000197 0.508703 0.0 0.005011 1.646713 -16.52968 -0.15305 0.008931 12.845295 118.0
151 11195.0 0.010468 0.502891 0.0 0.00662 1.646713 -16.52968 -0.15305 0.008931 12.845295 118.0
152 11195.0 -0.019281 0.511899 0.0 0.004941 1.646713 -16.52968 -0.15305 0.008931 12.845295 118.0
153 11195.0 -0.011391 0.512703 0.0 0.004141 1.646713 -16.52968 -0.15305 0.008931 12.845295 118.0
154 11195.0 0.014772 0.513076 0.0 0.002942 1.646713 -16.52968 -0.15305 0.008931 12.845295 118.0
155 11195.0 0.017015 0.511563 0.0 0.003361 1.646713 -16.52968 -0.15305 0.008931 12.845295 118.0
156 11195.0 0.018543 0.522879 0.0 -0.000149 1.646713 -16.52968 -0.15305 0.008931 12.845295 118.0
157 11195.0 -0.002433 0.505536 0.0 0.006384 1.646713 -16.52968 -0.15305 0.008931 12.845295 118.0
158 11195.0 -0.0209 0.52226 0.0 0.001001 1.646713 -16.52968 -0.15305 0.008931 12.845295 118.0
159 11195.0 -0.036656 0.510634 0.0 0.006505 1.646713 -16.52968 -0.15305 0.008931 12.845295 118.0
160 11195.0 -0.051867 0.515852 0.0 0.005407 1.646713 -16.52968 -0.15305 0.008931 12.845295 118.0
161 11195.0 0.000322 0.499937 0.0 0.008397 1.646713 -16.52968 -0.15305 0.008931 12.845295 118.0
162 11195.0 0.007901 0.517263 0.0 0.001798 1.646713 -16.52968 -0.15305 0.008931 12.845295 118.0
163 11195.0 0.010852 0.549973 0.0 -0.008318 1.646713 -16.52968 -0.15305 0.008931 12.845295 118.0
164 11195.0 -0.00108 0.550599 0.0 -0.008263 1.646713 -16.52968 -0.15305 0.008931 12.845295 118.0
165 11195.0 0.004133 0.531454 0.0 -0.002486 1.646713 -16.52968 -0.15305 0.008931 12.845295 118.0
166 11195.0 0.011843 0.513289 0.0 0.002937 1.646713 -16.52968 -0.15305 0.008931 12.845295 118.0
167 11195.0 0.032843 0.520993 0.0 0.000134 1.646713 -16.52968 -0.15305 0.008931 12.845295 118.0
168 11195.0 0.031406 0.53091 0.0 -0.002884 1.646713 -16.52968 -0.15305 0.008931 12.845295 118.0
169 11195.0 0.032127 0.511951 0.0 0.002929 1.646713 -16.52968 -0.15305 0.008931 12.845295 118.0
170 11195.0 0.016348 0.512349 0.0 0.003133 1.646713 -16.52968 -0.15305 0.008931 12.845295 118.0
171 11195.0 0.001948 0.509653 0.0 0.004509 1.646713 -16.52968 -0.15305 0.008931 12.845295 118.0
172 11195.0 0.026633 0.518146 0.0 0.001138 1.646713 -16.52968 -0.15305 0.008931 12.845295 118.0
173 11195.0 0.041586 0.550695 0.0 -0.008836 1.646713 -16.52968 -0.15305 0.008931 12.845295 118.0
174 11195.0 0.056517 0.543799 0.0 -0.006672 1.646713 -16.52968 -0.15305 0.008931 12.845295 118.0
175 11195.0 0.040875 0.547297 0.0 -0.008117 1.646713 -16.52968 -0.15305 0.008931 12.845295 118.0
176 11195.0 0.067218 0.546557 0.0 -0.004875 1.646713 -16.52968 -0.15305 0.008931 12.845295 118.0
177 11195.0 0.066508 0.541692 0.0 -0.005144 1.646713 -16.52968 -0.15305 0.008931 12.845295 118.0
178 11195.0 0.057568 0.549233 0.0 -0.00633 1.646713 -16.52968 -0.15305 0.008931 12.845295 118.0
179 11195.0 0.060592 0.546727 0.0 -0.005928 1.646713 -16.52968 -0.15305 0.008931 12.845295 118.0
180 11195.0 0.05875 0.517266 0.0 0.000743 1.646713 -16.52968 -0.15305 0.008931 12.845295 118.0
181 11195.0 0.076078 0.51299 0.0 0.001699 1.646713 -16.52968 -0.15305 0.008931 12.845295 118.0
182 11195.0 0.109171 0.514652 0.0 0.000805 1.646713 -16.52968 -0.15305 0.008931 12.845295 118.0
183 11195.0 0.104729 0.517857 0.0 0.000198 1.646713 -16.52968 -0.15305 0.008931 12.845295 118.0
184 11195.0 0.101413 0.498787 0.0 0.00554 1.646713 -16.52968 -0.15305 0.008931 12.845295 118.0
185 11195.0 0.130366 0.48919 0.0 0.008156 1.646713 -16.52968 -0.15305 0.008931 12.845295 118.0
186 11195.0 0.133326 0.465973 0.0 0.016617 1.646713 -16.52968 -0.15305 0.008931 12.845295 118.0
187 11195.0 0.136826 0.487802 0.0 0.008592 1.646713 -16.52968 -0.15305 0.008931 12.845295 118.0
188 11195.0 0.149571 0.499409 0.0 0.00677 1.646713 -16.52968 -0.15305 0.008931 12.845295 118.0
189 11195.0 0.172897 0.51652 0.0 0.011042 1.646713 -16.52968 -0.15305 0.008931 12.845295 118.0
190 11195.0 0.17991 0.521686 0.0 0.012328 1.646713 -16.52968 -0.15305 0.008931 12.845295 118.0
191 11195.0 0.215354 0.528886 0.0 0.032243 1.646713 -16.52968 -0.15305 0.008931 12.845295 118.0
192 11195.0 0.213701 0.531886 0.0 0.032675 1.646713 -16.52968 -0.15305 0.008931 12.845295 118.0
193 11195.0 0.208276 0.518694 0.0 0.021625 1.646713 -16.52968 -0.15305 0.008931 12.845295 118.0
194 11195.0 0.206965 0.509435 0.0 0.016257 1.646713 -16.52968 -0.15305 0.008931 12.845295 118.0
195 11195.0 0.213496 0.522503 0.0 0.027448 1.646713 -16.52968 -0.15305 0.008931 12.845295 118.0
196 11195.0 0.228516 0.528455 0.0 0.041491 1.646713 -16.52968 -0.15305 0.008931 12.845295 118.0
197 11195.0 0.223144 0.548003 0.0 0.048204 1.646713 -16.52968 -0.15305 0.008931 12.845295 118.0
198 11195.0 0.241713 0.538452 0.0 0.056411 1.646713 -16.52968 -0.15305 0.008931 12.845295 118.0
199 11195.0 0.268836 0.527959 0.0 0.070271 1.646713 -16.52968 -0.15305 0.008931 12.845295 118.0
200 11195.0 0.287836 0.506474 0.0 0.074099 1.646713 -16.52968 -0.15305 0.008931 12.845295 118.0
201 11195.0 0.295792 0.498089 0.0 0.07661 1.646713 -16.52968 -0.15305 0.008931 12.845295 118.0
202 11195.0 0.297955 0.49296 0.0 0.076138 1.646713 -16.52968 -0.15305 0.008931 12.845295 118.0
203 11195.0 0.288782 0.500608 0.0 0.072424 1.646713 -16.52968 -0.15305 0.008931 12.845295 118.0
204 11195.0 0.286092 0.510546 0.0 0.074455 1.646713 -16.52968 -0.15305 0.008931 12.845295 118.0
205 11195.0 0.29469 0.507145 0.0 0.079462 1.646713 -16.52968 -0.15305 0.008931 12.845295 118.0
206 11195.0 0.299246 0.495019 0.0 0.07793 1.646713 -16.52968 -0.15305 0.008931 12.845295 118.0
207 11195.0 0.283736 0.498122 0.0 0.067669 1.646713 -16.52968 -0.15305 0.008931 12.845295 118.0
208 11195.0 0.282857 0.482881 0.0 0.060839 1.646713 -16.52968 -0.15305 0.008931 12.845295 118.0
209 11195.0 0.298445 0.516784 0.0 0.086158 1.646713 -16.52968 -0.15305 0.008931 12.845295 118.0
210 11195.0 0.322119 0.52363 0.0 0.106515 1.646713 -16.52968 -0.15305 0.008931 12.845295 118.0
211 11195.0 0.32357 0.508299 0.0 0.101379 1.646713 -16.52968 -0.15305 0.008931 12.845295 118.0
212 11195.0 0.333579 0.482594 0.0 0.098394 1.646713 -16.52968 -0.15305 0.008931 12.845295 118.0
213 11195.0 0.333077 0.496603 0.0 0.103699 1.646713 -16.52968 -0.15305 0.008931 12.845295 118.0
214 11195.0 0.357973 0.503494 0.0 0.124982 1.646713 -16.52968 -0.15305 0.008931 12.845295 118.0
215 11195.0 0.364099 0.523078 0.0 0.13747 1.646713 -16.52968 -0.15305 0.008931 12.845295 118.0
216 11195.0 0.352704 0.531732 0.0 0.132737 1.646713 -16.52968 -0.15305 0.008931 12.845295 118.0
217 11195.0 0.352801 0.539509 0.0 0.137016 1.646713 -16.52968 -0.15305 0.008931 12.845295 118.0
218 11195.0 0.369093 0.536955 0.0 0.147371 1.646713 -16.52968 -0.15305 0.008931 12.845295 118.0
219 11195.0 0.376062 0.52976 0.0 0.149063 1.646713 -16.52968 -0.15305 0.008931 12.845295 118.0
220 11195.0 0.357996 0.535221 0.0 0.138438 1.646713 -16.52968 -0.15305 0.008931 12.845295 118.0
221 11195.0 0.388164 0.526647 0.0 0.15679 1.646713 -16.52968 -0.15305 0.008931 12.845295 118.0
222 11195.0 0.375594 0.546458 0.0 0.157223 1.646713 -16.52968 -0.15305 0.008931 12.845295 118.0
223 11195.0 0.373672 0.545038 0.0 0.155046 1.646713 -16.52968 -0.15305 0.008931 12.845295 118.0
224 11195.0 0.384085 0.537227 0.0 0.15832 1.646713 -16.52968 -0.15305 0.008931 12.845295 118.0
225 11195.0 0.401732 0.547085 0.0 0.17647 1.646713 -16.52968 -0.15305 0.008931 12.845295 118.0
226 11195.0 0.406941 0.561296 0.0 0.189712 1.646713 -16.52968 -0.15305 0.008931 12.845295 118.0
227 11195.0 0.397453 0.52576 0.0 0.163328 1.646713 -16.52968 -0.15305 0.008931 12.845295 118.0
228 11195.0 0.425896 0.527904 0.0 0.185322 1.646713 -16.52968 -0.15305 0.008931 12.845295 118.0
229 11195.0 0.43254 0.522962 0.0 0.188254 1.646713 -16.52968 -0.15305 0.008931 12.845295 118.0
230 11195.0 0.443476 0.516118 0.0 0.193602 1.646713 -16.52968 -0.15305 0.008931 12.845295 118.0
231 11195.0 0.428327 0.511561 0.0 0.180504 1.646713 -16.52968 -0.15305 0.008931 12.845295 118.0
232 11195.0 0.450546 0.533063 0.0 0.208567 1.646713 -16.52968 -0.15305 0.008931 12.845295 118.0
233 11195.0 0.483364 0.514467 0.0 0.226714 1.646713 -16.52968 -0.15305 0.008931 12.845295 118.0
234 11195.0 0.483535 0.516339 0.0 0.227915 1.646713 -16.52968 -0.15305 0.008931 12.845295 118.0
235 11195.0 0.494961 0.532396 0.0 0.247032 1.646713 -16.52968 -0.15305 0.008931 12.845295 118.0
236 11195.0 0.501131 0.543738 0.0 0.258955 1.646713 -16.52968 -0.15305 0.008931 12.845295 118.0
237 11195.0 0.508367 0.545532 0.0 0.266316 1.646713 -16.52968 -0.15305 0.008931 12.845295 118.0
238 11195.0 0.505329 0.567307 0.0 0.277856 1.646713 -16.52968 -0.15305 0.008931 12.845295 118.0
239 11195.0 0.516055 0.588644 0.0 0.30218 1.646713 -16.52968 -0.15305 0.008931 12.845295 118.0
240 11195.0 0.544642 0.580305 0.0 0.320614 1.646713 -16.52968 -0.15305 0.008931 12.845295 118.0
241 11195.0 0.573886 0.566211 0.0 0.335523 1.646713 -16.52968 -0.15305 0.008931 12.845295 118.0
242 11195.0 0.616243 0.58141 0.0 0.382434 1.646713 -16.52968 -0.15305 0.008931 12.845295 118.0
243 11195.0 0.639937 0.596944 0.0 0.413683 1.646713 -16.52968 -0.15305 0.008931 12.845295 118.0
244 11195.0 0.643629 0.584643 0.0 0.408078 1.646713 -16.52968 -0.15305 0.008931 12.845295 118.0
245 11195.0 0.648705 0.586051 0.0 0.413407 1.646713 -16.52968 -0.15305 0.008931 12.845295 118.0
246 11195.0 0.628166 0.570052 0.0 0.385209 1.646713 -16.52968 -0.15305 0.008931 12.845295 118.0
247 11195.0 0.624962 0.580366 0.0 0.389123 1.646713 -16.52968 -0.15305 0.008931 12.845295 118.0
248 11195.0 0.634366 0.570046 0.0 0.390629 1.646713 -16.52968 -0.15305 0.008931 12.845295 118.0
249 11195.0 0.65073 0.584 0.0 0.413673 1.646713 -16.52968 -0.15305 0.008931 12.845295 118.0
250 11195.0 0.63069 0.579723 0.0 0.393548 1.646713 -16.52968 -0.15305 0.008931 12.845295 118.0
251 11195.0 0.641996 0.57535 0.0 0.400355 1.646713 -16.52968 -0.15305 0.008931 12.845295 118.0
252 11195.0 0.639211 0.600132 0.0 0.415332 1.646713 -16.52968 -0.15305 0.008931 12.845295 118.0
253 11195.0 0.616428 0.571901 0.0 0.376008 1.646713 -16.52968 -0.15305 0.008931 12.845295 118.0
254 11195.0 0.619323 0.570054 0.0 0.377476 1.646713 -16.52968 -0.15305 0.008931 12.845295 118.0
255 11195.0 0.62323 0.574971 0.0 0.383808 1.646713 -16.52968 -0.15305 0.008931 12.845295 118.0
256 11195.0 0.624593 0.581999 0.0 0.38997 1.646713 -16.52968 -0.15305 0.008931 12.845295 118.0
257 11195.0 0.639058 0.588453 0.0 0.406893 1.646713 -16.52968 -0.15305 0.008931 12.845295 118.0
258 11195.0 0.648848 0.575902 0.0 0.406666 1.646713 -16.52968 -0.15305 0.008931 12.845295 118.0
259 11195.0 0.649446 0.569649 0.0 0.403591 1.646713 -16.52968 -0.15305 0.008931 12.845295 118.0
260 11195.0 0.645012 0.591323 0.0 0.41401 1.646713 -16.52968 -0.15305 0.008931 12.845295 118.0
261 11195.0 0.686651 0.58232 0.0 0.443424 1.646713 -16.52968 -0.15305 0.008931 12.845295 118.0
262 11195.0 0.667485 0.596399 0.0 0.436777 1.646713 -16.52968 -0.15305 0.008931 12.845295 118.0
263 11195.0 0.677078 0.606494 0.0 0.452137 1.646713 -16.52968 -0.15305 0.008931 12.845295 118.0
264 11195.0 0.707367 0.628736 0.0 0.493781 1.646713 -16.52968 -0.15305 0.008931 12.845295 118.0
265 11195.0 0.723298 0.643907 0.0 0.518156 1.646713 -16.52968 -0.15305 0.008931 12.845295 118.0
266 11195.0 0.73035 0.637154 0.0 0.519362 1.646713 -16.52968 -0.15305 0.008931 12.845295 118.0
267 11195.0 0.733583 0.640123 0.0 0.52423 1.646713 -16.52968 -0.15305 0.008931 12.845295 118.0
268 11195.0 0.756919 0.647763 0.0 0.549558 1.646713 -16.52968 -0.15305 0.008931 12.845295 118.0
269 11195.0 0.766892 0.648534 0.0 0.558608 1.646713 -16.52968 -0.15305 0.008931 12.845295 118.0
270 11195.0 0.783879 0.644264 0.0 0.570049 1.646713 -16.52968 -0.15305 0.008931 12.845295 118.0
271 11195.0 0.77228 0.678127 0.0 0.584257 1.646713 -16.52968 -0.15305 0.008931 12.845295 118.0
272 11195.0 0.765221 0.692004 0.0 0.588112 1.646713 -16.52968 -0.15305 0.008931 12.845295 118.0
273 11195.0 0.791215 0.715839 0.0 0.627229 1.646713 -16.52968 -0.15305 0.008931 12.845295 118.0
274 11195.0 0.791196 0.707519 0.0 0.621293 1.646713 -16.52968 -0.15305 0.008931 12.845295 118.0
275 11195.0 0.799923 0.717214 0.0 0.635754 1.646713 -16.52968 -0.15305 0.008931 12.845295 118.0
276 11195.0 0.768321 0.721272 0.0 0.611579 1.646713 -16.52968 -0.15305 0.008931 12.845295 118.0
277 11195.0 0.784752 0.704263 0.0 0.613484 1.646713 -16.52968 -0.15305 0.008931 12.845295 118.0
278 11195.0 0.781401 0.711589 0.0 0.61584 1.646713 -16.52968 -0.15305 0.008931 12.845295 118.0
279 11195.0 0.775645 0.709836 0.0 0.609686 1.646713 -16.52968 -0.15305 0.008931 12.845295 118.0
280 11195.0 0.774049 0.711618 0.0 0.609593 1.646713 -16.52968 -0.15305 0.008931 12.845295 118.0
281 11195.0 0.776118 0.712371 0.0 0.611893 1.646713 -16.52968 -0.15305 0.008931 12.845295 118.0
282 11195.0 0.796437 0.689643 0.0 0.613041 1.646713 -16.52968 -0.15305 0.008931 12.845295 118.0
283 11195.0 0.799934 0.680102 0.0 0.609234 1.646713 -16.52968 -0.15305 0.008931 12.845295 118.0
284 11195.0 0.817273 0.724743 0.0 0.65637 1.646713 -16.52968 -0.15305 0.008931 12.845295 118.0
285 11195.0 0.816817 0.75082 0.0 0.675107 1.646713 -16.52968 -0.15305 0.008931 12.845295 118.0
286 11195.0 0.824978 0.752608 0.0 0.683517 1.646713 -16.52968 -0.15305 0.008931 12.845295 118.0
287 11195.0 0.834626 0.757796 0.0 0.695716 1.646713 -16.52968 -0.15305 0.008931 12.845295 118.0
