 time p.x p.y p.z deep.node-0 CV opes.bias opes.rct opes.zed opes.neff opes.nker
0 8875.0 -0.785816 0.771898 0.0 -0.591721 1.537547 -17.875496 -0.129734 0.009942 12.845295 106.0
1 8875.0 -0.771189 0.768731 0.0 -0.584027 1.537547 -17.875496 -0.129734 0.009942 12.845295 106.0
2 8875.0 -0.761087 0.771442 0.0 -0.582907 1.537547 -17.875496 -0.129734 0.009942 12.845295 106.0
3 8875.0 -0.763735 0.739318 0.0 -0.555378 1.537547 -17.875496 -0.129734 0.009942 12.845295 106.0
4 8875.0 -0.771781 0.74734 0.0 -0.565409 1.537547 -17.875496 -0.129734 0.009942 12.845295 106.0
5 8875.0 -0.76696 0.735174 0.0 -0.552367 1.537547 -17.875496 -0.129734 0.009942 12.845295 106.0
6 8875.0 -0.771616 0.731453 0.0 -0.550133 1.537547 -17.875496 -0.129734 0.009942 12.845295 106.0
7 8875.0 -0.752129 0.700187 0.0 -0.50711 1.537547 -17.875496 -0.129734 0.009942 12.845295 106.0
8 8875.0 -0.726111 0.701347 0.0 -0.497642 1.537547 -17.875496 -0.129734 0.009942 12.845295 106.0
9 8875.0 -0.729761 0.708716 0.0 -0.507391 1.537547 -17.875496 -0.129734 0.009942 12.845295 106.0
10 8875.0 -0.729091 0.712492 0.0 -0.511337 1.537547 -17.875496 -0.129734 0.009942 12.845295 106.0
11 8875.0 -0.697944 0.703124 0.0 -0.487974 1.537547 -17.875496 -0.129734 0.009942 12.845295 106.0
12 8875.0 -0.710154 0.700629 0.0 -0.490236 1.537547 -17.875496 -0.129734 0.009942 12.845295 106.0
13 8875.0 -0.709665 0.689413 0.0 -0.477493 1.537547 -17.875496 -0.129734 0.009942 12.845295 106.0
14 8875.0 -0.726073 0.672031 0.0 -0.464846 1.537547 -17.875496 -0.129734 0.009942 12.845295 106.0
15 8875.0 -0.71926 0.668567 0.0 -0.458154 1.537547 -17.875496 -0.129734 0.009942 12.845295 106.0
16 8875.0 -0.710185 0.683332 0.0 -0.470908 1.537547 -17.875496 -0.129734 0.009942 12.845295 106.0
17 8875.0 -0.706241 0.681778 0.0 -0.467539 1.537547 -17.875496 -0.129734 0.009942 12.845295 106.0
18 8875.0 -0.694939 0.671007 0.0 -0.450819 1.537547 -17.875496 -0.129734 0.009942 12.845295 106.0
19 8875.0 -0.693227 0.640571 0.0 -0.416078 1.537547 -17.875496 -0.129734 0.009942 12.845295 106.0
20 8875.0 -0.69242 0.635293 0.0 -0.409843 1.537547 -17.875496 -0.129734 0.009942 12.845295 106.0
21 8875.0 -0.686368 0.612857 0.0 -0.382253 1.537547 -17.875496 -0.129734 0.009942 12.845295 106.0
22 8875.0 -0.665231 0.594259 0.0 -0.352711 1.537547 -17.875496 -0.129734 0.009942 12.845295 106.0
23 8875.0 -0.659942 0.591484 0.0 -0.34742 1.537547 -17.875496 -0.129734 0.009942 12.845295 106.0
24 8875.0 -0.66292 0.602436 0.0 -0.360898 1.537547 -17.875496 -0.129734 0.009942 12.845295 106.0
25 8875.0 -0.666789 0.599593 0.0 -0.35932 1.537547 -17.875496 -0.129734 0.009942 12.845295 106.0
26 8875.0 -0.663739 0.599589 0.0 -0.358054 1.537547 -17.875496 -0.129734 0.009942 12.845295 106.0
27 8875.0 -0.674447 0.599005 0.0 -0.361832 1.537547 -17.875496 -0.129734 0.009942 12.845295 106.0
28 8875.0 -0.648691 0.611565 0.0 -0.365218 1.537547 -17.875496 -0.129734 0.009942 12.845295 106.0
29 8875.0 -0.63395 0.603603 0.0 -0.350217 1.537547 -17.875496 -0.129734 0.009942 12.845295 106.0
30 8875.0 -0.633586 0.588834 0.0 -0.333552 1.537547 -17.875496 -0.129734 0.009942 12.845295 106.0
31 8875.0 -0.635067 0.587928 0.0 -0.333151 1.537547 -17.875496 -0.129734 0.009942 12.845295 106.0
32 8875.0 -0.662252 0.562578 0.0 -0.316627 1.537547 -17.875496 -0.129734 0.009942 12.845295 106.0
33 8875.0 -0.64073 0.564338 0.0 -0.306233 1.537547 -17.875496 -0.129734 0.009942 12.845295 106.0
34 8875.0 -0.644012 0.55632 0.0 -0.297944 1.537547 -17.875496 -0.129734 0.009942 12.845295 106.0
35 8875.0 -0.627452 0.528211 0.0 -0.25286 1.537547 -17.875496 -0.129734 0.009942 12.845295 106.0
36 8875.0 -0.632167 0.52322 0.0 -0.249148 1.537547 -17.875496 -0.129734 0.009942 12.845295 106.0
37 8875.0 -0.59439 0.509309 0.0 -0.188621 1.537547 -17.875496 -0.129734 0.009942 12.845295 106.0
38 8875.0 -0.59474 0.496287 0.0 -0.170443 1.537547 -17.875496 -0.129734 0.009942 12.845295 106.0
39 8875.0 -0.549244 0.497247 0.0 -0.13998 1.537547 -17.875496 -0.129734 0.009942 12.845295 106.0
40 8875.0 -0.546305 0.463988 0.0 -0.098867 1.537547 -17.875496 -0.129734 0.009942 12.845295 106.0
41 8875.0 -0.544557 0.474809 0.0 -0.108169 1.537547 -17.875496 -0.129734 0.009942 12.845295 106.0
42 8875.0 -0.546255 0.485702 0.0 -0.122558 1.537547 -17.875496 -0.129734 0.009942 12.845295 106.0
43 8875.0 -0.541173 0.508427 0.0 -0.149205 1.537547 -17.875496 -0.129734 0.009942 12.845295 106.0
44 8875.0 -0.527939 0.545137 0.0 -0.189963 1.537547 -17.875496 -0.129734 0.009942 12.845295 106.0
45 8875.0 -0.537685 0.556006 0.0 -0.215448 1.537547 -17.875496 -0.129734 0.009942 12.845295 106.0
46 8875.0 -0.502898 0.577177 0.0 -0.219821 1.537547 -17.875496 -0.129734 0.009942 12.845295 106.0
47 8875.0 -0.514439 0.592728 0.0 -0.258255 1.537547 -17.875496 -0.129734 0.009942 12.845295 106.0
48 8875.0 -0.515369 0.56429 0.0 -0.208895 1.537547 -17.875496 -0.129734 0.009942 12.845295 106.0
49 8875.0 -0.491014 0.563861 0.0 -0.190322 1.537547 -17.875496 -0.129734 0.009942 12.845295 106.0
50 8875.0 -0.494663 0.576126 0.0 -0.210142 1.537547 -17.875496 -0.129734 0.009942 12.845295 106.0
51 8875.0 -0.484036 0.563826 0.0 -0.185516 1.537547 -17.875496 -0.129734 0.009942 12.845295 106.0
52 8875.0 -0.491026 0.541174 0.0 -0.159384 1.537547 -17.875496 -0.129734 0.009942 12.845295 106.0
53 8875.0 -0.468369 0.514249 0.0 -0.114955 1.537547 -17.875496 -0.129734 0.009942 12.845295 106.0
54 8875.0 -0.488501 0.490374 0.0 -0.100097 1.537547 -17.875496 -0.129734 0.009942 12.845295 106.0
55 8875.0 -0.470092 0.491108 0.0 -0.093567 1.537547 -17.875496 -0.129734 0.009942 12.845295 106.0
56 8875.0 -0.430541 0.491481 0.0 -0.078579 1.537547 -17.875496 -0.129734 0.009942 12.845295 106.0
57 8875.0 -0.414255 0.488213 0.0 -0.069145 1.537547 -17.875496 -0.129734 0.009942 12.845295 106.0
58 8875.0 -0.396038 0.482132 0.0 -0.056283 1.537547 -17.875496 -0.129734 0.009942 12.845295 106.0
59 8875.0 -0.391361 0.471063 0.0 -0.043918 1.537547 -17.875496 -0.129734 0.009942 12.845295 106.0
60 8875.0 -0.36525 0.474662 0.0 -0.037219 1.537547 -17.875496 -0.129734 0.009942 12.845295 106.0
61 8875.0 -0.337501 0.485029 0.0 -0.036335 1.537547 -17.875496 -0.129734 0.009942 12.845295 106.0
62 8875.0 -0.310862 0.488981 0.0 -0.030938 1.537547 -17.875496 -0.129734 0.009942 12.845295 106.0
63 8875.0 -0.30822 0.49143 0.0 -0.032093 1.537547 -17.875496 -0.129734 0.009942 12.845295 106.0
64 8875.0 -0.29102 0.499585 0.0 -0.033339 1.537547 -17.875496 -0.129734 0.009942 12.845295 106.0
65 8875.0 -0.27446 0.512957 0.0 -0.038983 1.537547 -17.875496 -0.129734 0.009942 12.845295 106.0
66 8875.0 -0.286296 0.525924 0.0 -0.055449 1.537547 -17.875496 -0.129734 0.009942 12.845295 106.0
67 8875.0 -0.282262 0.510759 0.0 -0.039626 1.537547 -17.875496 -0.129734 0.009942 12.845295 106.0
68 8875.0 -0.25017 0.514291 0.0 -0.032548 1.537547 -17.875496 -0.129734 0.009942 12.845295 106.0
69 8875.0 -0.240279 0.503821 0.0 -0.021062 1.537547 -17.875496 -0.129734 0.009942 12.845295 106.0
70 8875.0 -0.250934 0.485907 0.0 -0.009937 1.537547 -17.875496 -0.129734 0.009942 12.845295 106.0
71 8875.0 -0.234603 0.490586 0.0 -0.008654 1.537547 -17.875496 -0.129734 0.009942 12.845295 106.0
72 8875.0 -0.222189 0.493546 0.0 -0.007198 1.537547 -17.875496 -0.129734 0.009942 12.845295 106.0
73 8875.0 -0.205171 0.503622 0.0 -0.010048 1.537547 -17.875496 -0.129734 0.009942 12.845295 106.0
74 8875.0 -0.189255 0.497397 0.0 -0.000116 1.537547 -17.875496 -0.129734 0.009942 12.845295 106.0
75 8875.0 -0.197486 0.512535 0.0 -0.014846 1.537547 -17.875496 -0.129734 0.009942 12.845295 106.0
76 8875.0 -0.195271 0.510111 0.0 -0.01221 1.537547 -17.875496 -0.129734 0.009942 12.845295 106.0
77 8875.0 -0.189415 0.518914 0.0 -0.017485 1.537547 -17.875496 -0.129734 0.009942 12.845295 106.0
78 8875.0 -0.159342 0.537985 0.0 -0.023539 1.537547 -17.875496 -0.129734 0.009942 12.845295 106.0
79 8875.0 -0.143805 0.554964 0.0 -0.032403 1.537547 -17.875496 -0.129734 0.009942 12.845295 106.0
80 8875.0 -0.15478 0.521078 0.0 -0.008519 1.537547 -17.875496 -0.129734 0.009942 12.845295 106.0
81 8875.0 -0.118606 0.503865 0.0 0.012782 1.537547 -17.875496 -0.129734 0.009942 12.845295 106.0
82 8875.0 -0.121437 0.526324 0.0 -0.003007 1.537547 -17.875496 -0.129734 0.009942 12.845295 106.0
83 8875.0 -0.102166 0.538265 0.0 -0.007297 1.537547 -17.875496 -0.129734 0.009942 12.845295 106.0
84 8875.0 -0.133671 0.511495 0.0 0.004632 1.537547 -17.875496 -0.129734 0.009942 12.845295 106.0
85 8875.0 -0.135854 0.504461 0.0 0.00897 1.537547 -17.875496 -0.129734 0.009942 12.845295 106.0
86 8875.0 -0.133997 0.516154 0.0 0.001408 1.537547 -17.875496 -0.129734 0.009942 12.845295 106.0
87 8875.0 -0.12492 0.554904 0.0 -0.026516 1.537547 -17.875496 -0.129734 0.009942 12.845295 106.0
88 8875.0 -0.105944 0.524555 0.0 0.001253 1.537547 -17.875496 -0.129734 0.009942 12.845295 106.0
89 8875.0 -0.120741 0.515033 0.0 0.004788 1.537547 -17.875496 -0.129734 0.009942 12.845295 106.0
90 8875.0 -0.125548 0.513392 0.0 0.00495 1.537547 -17.875496 -0.129734 0.009942 12.845295 106.0
91 8875.0 -0.09989 0.493931 0.0 0.016912 1.537547 -17.875496 -0.129734 0.009942 12.845295 106.0
92 8875.0 -0.104312 0.498369 0.0 0.015454 1.537547 -17.875496 -0.129734 0.009942 12.845295 106.0
93 8875.0 -0.128818 0.50223 0.0 0.011873 1.537547 -17.875496 -0.129734 0.009942 12.845295 106.0
94 8875.0 -0.099095 0.506447 0.0 0.011983 1.537547 -17.875496 -0.129734 0.009942 12.845295 106.0
95 8875.0 -0.082658 0.495128 0.0 0.015384 1.537547 -17.875496 -0.129734 0.009942 12.845295 106.0
96 8875.0 -0.064334 0.495802 0.0 0.013992 1.537547 -17.875496 -0.129734 0.009942 12.845295 106.0
97 8875.0 -0.065457 0.494505 0.0 0.014567 1.537547 -17.875496 -0.129734 0.009942 12.845295 106.0
98 8875.0 -0.044116 0.491556 0.0 0.014402 1.537547 -17.875496 -0.129734 0.009942 12.845295 106.0
99 8875.0 -0.036163 0.522409 0.0 0.001883 1.537547 -17.875496 -0.129734 0.009942 12.845295 106.0
100 8875.0 -0.070205 0.489956 0.0 0.016633 1.537547 -17.875496 -0.129734 0.009942 12.845295 106.0
101 8875.0 -0.075538 0.483357 0.0 0.019535 1.537547 -17.875496 -0.129734 0.009942 12.845295 106.0
102 8875.0 -0.095128 0.4887 0.0 0.018659 1.537547 -17.875496 -0.129734 0.009942 12.845295 106.0
103 8875.0 -0.076506 0.510266 0.0 0.009103 1.537547 -17.875496 -0.129734 0.009942 12.845295 106.0
104 8875.0 -0.068436 0.511272 0.0 0.008214 1.537547 -17.875496 -0.129734 0.009942 12.845295 106.0
105 8875.0 -0.06139 0.528456 0.0 0.00108 1.537547 -17.875496 -0.129734 0.009942 12.845295 106.0
106 8875.0 -0.054475 0.513779 0.0 0.006376 1.537547 -17.875496 -0.129734 0.009942 12.845295 106.0
107 8875.0 -0.062605 0.50974 0.0 0.008452 1.537547 -17.875496 -0.129734 0.009942 12.845295 106.0
108 8875.0 -0.040184 0.508164 0.0 0.007685 1.537547 -17.875496 -0.129734 0.009942 12.845295 106.0
109 8875.0 -0.052385 0.50235 0.0 0.010703 1.537547 -17.875496 -0.129734 0.009942 12.845295 106.0
110 8875.0 -0.059658 0.508943 0.0 0.008581 1.537547 -17.875496 -0.129734 0.009942 12.845295 106.0
111 8875.0 -0.04528 0.530462 0.0 -0.000695 1.537547 -17.875496 -0.129734 0.009942 12.845295 106.0
112 8875.0 -0.056166 0.548607 0.0 -0.007654 1.537547 -17.875496 -0.129734 0.009942 12.845295 106.0
113 8875.0 -0.071976 0.535237 0.0 -0.001584 1.537547 -17.875496 -0.129734 0.009942 12.845295 106.0
114 8875.0 -0.06367 0.530497 0.0 0.000424 1.537547 -17.875496 -0.129734 0.009942 12.845295 106.0
115 8875.0 -0.05391 0.521664 0.0 0.003267 1.537547 -17.875496 -0.129734 0.009942 12.845295 106.0
116 8875.0 -0.05053 0.52917 0.0 0.000132 1.537547 -17.875496 -0.129734 0.009942 12.845295 106.0
117 8875.0 -0.019108 0.516524 0.0 0.003127 1.537547 -17.875496 -0.129734 0.009942 12.845295 106.0
118 8875.0 0.00789 0.507604 0.0 0.004942 1.537547 -17.875496 -0.129734 0.009942 12.845295 106.0
119 8875.0 0.007208 0.508457 0.0 0.004651 1.537547 -17.875496 -0.129734 0.009942 12.845295 106.0
120 8875.0 -0.001403 0.498663 0.0 0.009 1.537547 -17.875496 -0.129734 0.009942 12.845295 106.0
121 8875.0 0.015444 0.484792 0.0 0.013371 1.537547 -17.875496 -0.129734 0.009942 12.845295 106.0
122 8875.0 0.020715 0.489115 0.0 0.01136 1.537547 -17.875496 -0.129734 0.009942 12.845295 106.0
123 8875.0 0.005688 0.509969 0.0 0.004155 1.537547 -17.875496 -0.129734 0.009942 12.845295 106.0
124 8875.0 0.030306 0.492578 0.0 0.00942 1.537547 -17.875496 -0.129734 0.009942 12.845295 106.0
125 8875.0 0.007605 0.496647 0.0 0.009231 1.537547 -17.875496 -0.129734 0.009942 12.845295 106.0
126 8875.0 0.025322 0.46956 0.0 0.01911 1.537547 -17.875496 -0.129734 0.009942 12.845295 106.0
127 8875.0 0.025397 0.469706 0.0 0.019041 1.537547 -17.875496 -0.129734 0.009942 12.845295 106.0
128 8875.0 0.040118 0.469253 0.0 0.018478 1.537547 -17.875496 -0.129734 0.009942 12.845295 106.0
129 8875.0 0.026182 0.482664 0.0 0.013539 1.537547 -17.875496 -0.129734 0.009942 12.845295 106.0
130 8875.0 0.020258 0.46477 0.0 0.021522 1.537547 -17.875496 -0.129734 0.009942 12.845295 106.0
131 8875.0 0.013986 0.473951 0.0 0.017731 1.537547 -17.875496 -0.129734 0.009942 12.845295 106.0
132 8875.0 0.011728 0.478091 0.0 0.016212 1.537547 -17.875496 -0.129734 0.009942 12.845295 106.0
133 8875.0 0.026719 0.473684 0.0 0.017188 1.537547 -17.875496 -0.129734 0.009942 12.845295 106.0
134 8875.0 0.005928 0.481178 0.0 0.015366 1.537547 -17.875496 -0.129734 0.009942 12.845295 106.0
135 8875.0 0.019538 0.465971 0.0 0.02102 1.537547 -17.875496 -0.129734 0.009942 12.845295 106.0
136 8875.0 0.062369 0.480674 0.0 0.012199 1.537547 -17.875496 -0.129734 0.009942 12.845295 106.0
137 8875.0 0.09514 0.510471 0.0 0.002078 1.537547 -17.875496 -0.129734 0.009942 12.845295 106.0
138 8875.0 0.089273 0.521376 0.0 -0.001152 1.537547 -17.875496 -0.129734 0.009942 12.845295 106.0
139 8875.0 0.097875 0.51596 0.0 0.000335 1.537547 -17.875496 -0.129734 0.009942 12.845295 106.0
140 8875.0 0.118797 0.532037 0.0 0.002898 1.537547 -17.875496 -0.129734 0.009942 12.845295 106.0
141 8875.0 0.112753 0.528485 0.0 0.00182 1.537547 -17.875496 -0.129734 0.009942 12.845295 106.0
142 8875.0 0.106751 0.52339 0.0 0.000698 1.537547 -17.875496 -0.129734 0.009942 12.845295 106.0
143 8875.0 0.116025 0.565499 0.0 0.003526 1.537547 -17.875496 -0.129734 0.009942 12.845295 106.0
144 8875.0 0.12201 0.548508 0.0 0.003938 1.537547 -17.875496 -0.129734 0.009942 12.845295 106.0
145 8875.0 0.118557 0.53233 0.0 0.002869 1.537547 -17.875496 -0.129734 0.009942 12.845295 106.0
146 8875.0 0.126081 0.498323 0.0 0.005172 1.537547 -17.875496 -0.129734 0.009942 12.845295 106.0
147 8875.0 0.10674 0.503078 0.0 0.00411 1.537547 -17.875496 -0.129734 0.009942 12.845295 106.0
148 8875.0 0.117789 0.526507 0.0 0.00256 1.537547 -17.875496 -0.129734 0.009942 12.845295 106.0
149 8875.0 0.098721 0.515067 0.0 0.000592 1.537547 -17.875496 -0.129734 0.009942 12.845295 106.0
150 8875.0 0.098537 0.500157 0.0 0.005178 1.537547 -17.875496 -0.129734 0.009942 12.845295 106.0
151 8875.0 0.117026 0.499147 0.0 0.005106 1.537547 -17.875496 -0.129734 0.009942 12.845295 106.0
152 8875.0 0.091593 0.491976 0.0 0.007837 1.537547 -17.875496 -0.129734 0.009942 12.845295 106.0
153 8875.0 0.083678 0.509308 0.0 0.002673 1.537547 -17.875496 -0.129734 0.009942 12.845295 106.0
154 8875.0 0.109334 0.482691 0.0 0.010768 1.537547 -17.875496 -0.129734 0.009942 12.845295 106.0
155 8875.0 0.119976 0.483674 0.0 0.01029 1.537547 -17.875496 -0.129734 0.009942 12.845295 106.0
156 8875.0 0.126207 0.466849 0.0 0.016376 1.537547 -17.875496 -0.129734 0.009942 12.845295 106.0
157 8875.0 0.143123 0.46986 0.0 0.015086 1.537547 -17.875496 -0.129734 0.009942 12.845295 106.0
158 8875.0 0.161984 0.491709 0.0 0.009485 1.537547 -17.875496 -0.129734 0.009942 12.845295 106.0
159 8875.0 0.15435 0.493249 0.0 0.007936 1.537547 -17.875496 -0.129734 0.009942 12.845295 106.0
160 8875.0 0.149431 0.51055 0.0 0.007104 1.537547 -17.875496 -0.129734 0.009942 12.845295 106.0
161 8875.0 0.142721 0.524387 0.0 0.006475 1.537547 -17.875496 -0.129734 0.009942 12.845295 106.0
162 8875.0 0.157665 0.517633 0.0 0.008645 1.537547 -17.875496 -0.129734 0.009942 12.845295 106.0
163 8875.0 0.154877 0.510472 0.0 0.007971 1.537547 -17.875496 -0.129734 0.009942 12.845295 106.0
164 8875.0 0.164221 0.502116 0.0 0.009196 1.537547 -17.875496 -0.129734 0.009942 12.845295 106.0
165 8875.0 0.158523 0.492806 0.0 0.008741 1.537547 -17.875496 -0.129734 0.009942 12.845295 106.0
166 8875.0 0.158489 0.498632 0.0 0.008169 1.537547 -17.875496 -0.129734 0.009942 12.845295 106.0
167 8875.0 0.170618 0.473001 0.0 0.01363 1.537547 -17.875496 -0.129734 0.009942 12.845295 106.0
168 8875.0 0.176303 0.48089 0.0 0.013216 1.537547 -17.875496 -0.129734 0.009942 12.845295 106.0
169 8875.0 0.17118 0.480463 0.0 0.012329 1.537547 -17.875496 -0.129734 0.009942 12.845295 106.0
170 8875.0 0.174029 0.468171 0.0 0.01536 1.537547 -17.875496 -0.129734 0.009942 12.845295 106.0
171 8875.0 0.182202 0.471256 0.0 0.015292 1.537547 -17.875496 -0.129734 0.009942 12.845295 106.0
172 8875.0 0.175642 0.48695 0.0 0.012465 1.537547 -17.875496 -0.129734 0.009942 12.845295 106.0
173 8875.0 0.187393 0.484026 0.0 0.014908 1.537547 -17.875496 -0.129734 0.009942 12.845295 106.0
174 8875.0 0.172161 0.500937 0.0 0.010426 1.537547 -17.875496 -0.129734 0.009942 12.845295 106.0
175 8875.0 0.192559 0.479238 0.0 0.016346 1.537547 -17.875496 -0.129734 0.009942 12.845295 106.0
176 8875.0 0.187287 0.472689 0.0 0.016069 1.537547 -17.875496 -0.129734 0.009942 12.845295 106.0
177 8875.0 0.225222 0.473458 0.0 0.022891 1.537547 -17.875496 -0.129734 0.009942 12.845295 106.0
178 8875.0 0.239202 0.504964 0.0 0.037367 1.537547 -17.875496 -0.129734 0.009942 12.845295 106.0
179 8875.0 0.262864 0.505351 0.0 0.055097 1.537547 -17.875496 -0.129734 0.009942 12.845295 106.0
180 8875.0 0.272266 0.526329 0.0 0.07186 1.537547 -17.875496 -0.129734 0.009942 12.845295 106.0
181 8875.0 0.280639 0.527384 0.0 0.078464 1.537547 -17.875496 -0.129734 0.009942 12.845295 106.0
182 8875.0 0.274066 0.534443 0.0 0.07755 1.537547 -17.875496 -0.129734 0.009942 12.845295 106.0
183 8875.0 0.285385 0.531834 0.0 0.084292 1.537547 -17.875496 -0.129734 0.009942 12.845295 106.0
184 8875.0 0.309851 0.514347 0.0 0.093641 1.537547 -17.875496 -0.129734 0.009942 12.845295 106.0
185 8875.0 0.335221 0.516895 0.0 0.113516 1.537547 -17.875496 -0.129734 0.009942 12.845295 106.0
186 8875.0 0.315273 0.51689 0.0 0.098699 1.537547 -17.875496 -0.129734 0.009942 12.845295 106.0
187 8875.0 0.335764 0.531833 0.0 0.120587 1.537547 -17.875496 -0.129734 0.009942 12.845295 106.0
188 8875.0 0.359404 0.520237 0.0 0.132831 1.537547 -17.875496 -0.129734 0.009942 12.845295 106.0
189 8875.0 0.321576 0.490642 0.0 0.092741 1.537547 -17.875496 -0.129734 0.009942 12.845295 106.0
190 8875.0 0.331643 0.499605 0.0 0.103851 1.537547 -17.875496 -0.129734 0.009942 12.845295 106.0
191 8875.0 0.32202 0.532429 0.0 0.111008 1.537547 -17.875496 -0.129734 0.009942 12.845295 106.0
192 8875.0 0.35428 0.527452 0.0 0.13195 1.537547 -17.875496 -0.129734 0.009942 12.845295 106.0
193 8875.0 0.360849 0.529443 0.0 0.137636 1.537547 -17.875496 -0.129734 0.009942 12.845295 106.0
194 8875.0 0.353257 0.524403 0.0 0.129954 1.537547 -17.875496 -0.129734 0.009942 12.845295 106.0
195 8875.0 0.364892 0.522898 0.0 0.137986 1.537547 -17.875496 -0.129734 0.009942 12.845295 106.0
196 8875.0 0.366686 0.523344 0.0 0.139499 1.537547 -17.875496 -0.129734 0.009942 12.845295 106.0
197 8875.0 0.368288 0.519486 0.0 0.139125 1.537547 -17.875496 -0.129734 0.009942 12.845295 106.0
198 8875.0 0.363791 0.520394 0.0 0.136153 1.537547 -17.875496 -0.129734 0.009942 12.845295 106.0
199 8875.0 0.355836 0.538275 0.0 0.138535 1.537547 -17.875496 -0.129734 0.009942 12.845295 106.0
200 8875.0 0.364347 0.544039 0.0 0.147787 1.537547 -17.875496 -0.129734 0.009942 12.845295 106.0
201 8875.0 0.36785 0.526975 0.0 0.141835 1.537547 -17.875496 -0.129734 0.009942 12.845295 106.0
202 8875.0 0.394862 0.534242 0.0 0.164842 1.537547 -17.875496 -0.129734 0.009942 12.845295 106.0
203 8875.0 0.397184 0.520199 0.0 0.160875 1.537547 -17.875496 -0.129734 0.009942 12.845295 106.0
204 8875.0 0.394974 0.530611 0.0 0.163454 1.537547 -17.875496 -0.129734 0.009942 12.845295 106.0
205 8875.0 0.414423 0.535327 0.0 0.17981 1.537547 -17.875496 -0.129734 0.009942 12.845295 106.0
206 8875.0 0.421804 0.547437 0.0 0.19252 1.537547 -17.875496 -0.129734 0.009942 12.845295 106.0
207 8875.0 0.396185 0.548885 0.0 0.17346 1.537547 -17.875496 -0.129734 0.009942 12.845295 106.0
208 8875.0 0.391718 0.552999 0.0 0.172515 1.537547 -17.875496 -0.129734 0.009942 12.845295 106.0
209 8875.0 0.404999 0.563629 0.0 0.189717 1.537547 -17.875496 -0.129734 0.009942 12.845295 106.0
210 8875.0 0.423972 0.53979 0.0 0.189195 1.537547 -17.875496 -0.129734 0.009942 12.845295 106.0
211 8875.0 0.457817 0.535307 0.0 0.216218 1.537547 -17.875496 -0.129734 0.009942 12.845295 106.0
212 8875.0 0.460408 0.546998 0.0 0.225211 1.537547 -17.875496 -0.129734 0.009942 12.845295 106.0
213 8875.0 0.468676 0.554692 0.0 0.237636 1.537547 -17.875496 -0.129734 0.009942 12.845295 106.0
214 8875.0 0.467881 0.547815 0.0 0.232219 1.537547 -17.875496 -0.129734 0.009942 12.845295 106.0
215 8875.0 0.483899 0.574714 0.0 0.264858 1.537547 -17.875496 -0.129734 0.009942 12.845295 106.0
216 8875.0 0.484887 0.565007 0.0 0.258794 1.537547 -17.875496 -0.129734 0.009942 12.845295 106.0
217 8875.0 0.513694 0.55969 0.0 0.279566 1.537547 -17.875496 -0.129734 0.009942 12.845295 106.0
218 8875.0 0.540265 0.553219 0.0 0.29864 1.537547 -17.875496 -0.129734 0.009942 12.845295 106.0
219 8875.0 0.533419 0.550813 0.0 0.291267 1.537547 -17.875496 -0.129734 0.009942 12.845295 106.0
220 8875.0 0.527573 0.532483 0.0 0.275606 1.537547 -17.875496 -0.129734 0.009942 12.845295 106.0
221 8875.0 0.54668 0.533308 0.0 0.292793 1.537547 -17.875496 -0.129734 0.009942 12.845295 106.0
222 8875.0 0.550968 0.546708 0.0 0.304255 1.537547 -17.875496 -0.129734 0.009942 12.845295 106.0
223 8875.0 0.564846 0.545736 0.0 0.315834 1.537547 -17.875496 -0.129734 0.009942 12.845295 106.0
224 8875.0 0.549302 0.53369 0.0 0.295306 1.537547 -17.875496 -0.129734 0.009942 12.845295 106.0
225 8875.0 0.576813 0.537447 0.0 0.321531 1.537547 -17.875496 -0.129734 0.009942 12.845295 106.0
226 8875.0 0.602646 0.562504 0.0 0.358545 1.537547 -17.875496 -0.129734 0.009942 12.845295 106.0
227 8875.0 0.630875 0.566351 0.0 0.385449 1.537547 -17.875496 -0.129734 0.009942 12.845295 106.0
228 8875.0 0.641527 0.584856 0.0 0.406438 1.537547 -17.875496 -0.129734 0.009942 12.845295 106.0
229 8875.0 0.646695 0.589646 0.0 0.414251 1.537547 -17.875496 -0.129734 0.009942 12.845295 106.0
230 8875.0 0.627562 0.604662 0.0 0.408626 1.537547 -17.875496 -0.129734 0.009942 12.845295 106.0
231 8875.0 0.633585 0.619083 0.0 0.42402 1.537547 -17.875496 -0.129734 0.009942 12.845295 106.0
232 8875.0 0.644208 0.618094 0.0 0.432372 1.537547 -17.875496 -0.129734 0.009942 12.845295 106.0
233 8875.0 0.646927 0.647685 0.0 0.455745 1.537547 -17.875496 -0.129734 0.009942 12.845295 106.0
234 8875.0 0.636571 0.674765 0.0 0.466184 1.537547 -17.875496 -0.129734 0.009942 12.845295 106.0
235 8875.0 0.642248 0.692179 0.0 0.483414 1.537547 -17.875496 -0.129734 0.009942 12.845295 106.0
236 8875.0 0.659282 0.676027 0.0 0.486442 1.537547 -17.875496 -0.129734 0.009942 12.845295 106.0
237 8875.0 0.675919 0.657954 0.0 0.487764 1.537547 -17.875496 -0.129734 0.009942 12.845295 106.0
238 8875.0 0.666957 0.669699 0.0 0.488481 1.537547 -17.875496 -0.129734 0.009942 12.845295 106.0
239 8875.0 0.67242 0.660593 0.0 0.486659 1.537547 -17.875496 -0.129734 0.009942 12.845295 106.0
240 8875.0 0.699986 0.653037 0.0 0.504781 1.537547 -17.875496 -0.129734 0.009942 12.845295 106.0
241 8875.0 0.709646 0.652792 0.0 0.51284 1.537547 -17.875496 -0.129734 0.009942 12.845295 106.0
242 8875.0 0.716046 0.643594 0.0 0.511752 1.537547 -17.875496 -0.129734 0.009942 12.845295 106.0
243 8875.0 0.696628 0.656494 0.0 0.504378 1.537547 -17.875496 -0.129734 0.009942 12.845295 106.0
244 8875.0 0.690388 0.655267 0.0 0.498186 1.537547 -17.875496 -0.129734 0.009942 12.845295 106.0
245 8875.0 0.676347 0.654768 0.0 0.485862 1.537547 -17.875496 -0.129734 0.009942 12.845295 106.0
246 8875.0 0.681313 0.644384 0.0 0.482707 1.537547 -17.875496 -0.129734 0.009942 12.845295 106.0
247 8875.0 0.684837 0.631426 0.0 0.47649 1.537547 -17.875496 -0.129734 0.009942 12.845295 106.0
248 8875.0 0.671858 0.63843 0.0 0.47041 1.537547 -17.875496 -0.129734 0.009942 12.845295 106.0
249 8875.0 0.665114 0.628485 0.0 0.457586 1.537547 -17.875496 -0.129734 0.009942 12.845295 106.0
250 8875.0 0.663291 0.613523 0.0 0.445387 1.537547 -17.875496 -0.129734 0.009942 12.845295 106.0
251 8875.0 0.667175 0.613108 0.0 0.448402 1.537547 -17.875496 -0.129734 0.009942 12.845295 106.0
252 8875.0 0.681625 0.653731 0.0 0.489623 1.537547 -17.875496 -0.129734 0.009942 12.845295 106.0
253 8875.0 0.701504 0.643784 0.0 0.499491 1.537547 -17.875496 -0.129734 0.009942 12.845295 106.0
254 8875.0 0.7029 0.660552 0.0 0.512611 1.537547 -17.875496 -0.129734 0.009942 12.845295 106.0
255 8875.0 0.719316 0.674164 0.0 0.53629 1.537547 -17.875496 -0.129734 0.009942 12.845295 106.0
256 8875.0 0.714313 0.684756 0.0 0.539562 1.537547 -17.875496 -0.129734 0.009942 12.845295 106.0
257 8875.0 0.722268 0.687644 0.0 0.548398 1.537547 -17.875496 -0.129734 0.009942 12.845295 106.0
258 8875.0 0.743657 0.690776 0.0 0.568858 1.537547 -17.875496 -0.129734 0.009942 12.845295 106.0
259 8875.0 0.75667 0.698607 0.0 0.585522 1.537547 -17.875496 -0.129734 0.009942 12.845295 106.0
260 8875.0 0.755536 0.701354 0.0 0.58651 1.537547 -17.875496 -0.129734 0.009942 12.845295 106.0
261 8875.0 0.760899 0.683123 0.0 0.578109 1.537547 -17.875496 -0.129734 0.009942 12.845295 106.0
262 8875.0 0.748955 0.681511 0.0 0.566781 1.537547 -17.875496 -0.129734 0.009942 12.845295 106.0
263 8875.0 0.758163 0.677715 0.0 0.57193 1.537547 -17.875496 -0.129734 0.009942 12.845295 106.0
264 8875.0 0.771938 0.69184 0.0 0.593722 1.537547 -17.875496 -0.129734 0.009942 12.845295 106.0
265 8875.0 0.780376 0.704434 0.0 0.609875 1.537547 -17.875496 -0.129734 0.009942 12.845295 106.0
266 8875.0 0.770236 0.723501 0.0 0.614798 1.537547 -17.875496 -0.129734 0.009942 12.845295 106.0
267 8875.0 0.758034 0.716401 0.0 0.599345 1.537547 -17.875496 -0.129734 0.009942 12.845295 106.0
268 8875.0 0.768496 0.741254 0.0 0.626056 1.537547 -17.875496 -0.129734 0.009942 12.845295 106.0
269 8875.0 0.789872 0.748826 0.0 0.650206 1.537547 -17.875496 -0.129734 0.009942 12.845295 106.0
270 8875.0 0.773503 0.752256 0.0 0.638483 1.537547 -17.875496 -0.129734 0.009942 12.845295 106.0
271 8875.0 0.784424 0.757047 0.0 0.651498 1.537547 -17.875496 -0.129734 0.009942 12.845295 106.0
272 8875.0 0.778784 0.75959 0.0 0.648458 1.537547 -17.875496 -0.129734 0.009942 12.845295 106.0
273 8875.0 0.782242 0.786551 0.0 0.671248 1.537547 -17.875496 -0.129734 0.009942 12.845295 106.0
274 8875.0 0.800012 0.810945 0.0 0.704604 1.537547 -17.875496 -0.129734 0.009942 12.845295 106.0
275 8875.0 0.827839 0.83637 0.0 0.747464 1.537547 -17.875496 -0.129734 0.009942 12.845295 106.0
276 8875.0 0.836785 0.855202 0.0 0.769063 1.537547 -17.875496 -0.129734 0.009942 12.845295 106.0
277 8875.0 0.839394 0.890945 0.0 0.797558 1.537547 -17.875496 -0.129734 0.009942 12.845295 106.0
278 8875.0 0.87231 0.895971 0.0 0.829878 1.537547 -17.875496 -0.129734 0.009942 12.845295 106.0
279 8875.0 0.870789 0.941069 0.0 0.861554 1.537547 -17.875496 -0.129734 0.009942 12.845295 106.0
280 8875.0 0.891317 0.962419 0.0 0.894396 1.537547 -17.875496 -0.129734 0.009942 12.845295 106.0
281 8875.0 0.903019 0.985006 0.0 0.918515 1.537547 -17.875496 -0.129734 0.009942 12.845295 106.0
282 8875.0 0.909674 0.987693 0.0 0.925139 1.537547 -17.875496 -0.129734 0.009942 12.845295 106.0
283 8875.0 0.93611 1.009168 0.0 0.943099 1.537547 -17.875496 -0.129734 0.009942 12.845295 106.0
284 8875.0 0.92309 1.006994 0.0 0.937565 1.537547 -17.875496 -0.129734 0.009942 12.845295 106.0
285 8875.0 0.926121 1.02037 0.0 0.938928 1.537547 -17.875496 -0.129734 0.009942 12.845295 106.0
286 8875.0 0.96543 1.028551 0.0 0.955699 1.537547 -17.875496 -0.129734 0.009942 12.845295 106.0
287 8875.0 0.941409 1.042681 0.0 0.945826 1.537547 -17.875496 -0.129734 0.009942 12.845295 106.0
