 time p.x p.y p.z deep.node-0 CV opes.bias opes.rct opes.zed opes.neff opes.nker
0 9000.0 -0.710668 1.268841 0.0 -0.921146 1.868279 -18.02774 -0.131139 0.010037 12.845295 105.0
1 9000.0 -0.735499 1.273921 0.0 -0.930649 1.868279 -18.02774 -0.131139 0.010037 12.845295 105.0
2 9000.0 -0.740398 1.241529 0.0 -0.913329 1.868279 -18.02774 -0.131139 0.010037 12.845295 105.0
3 9000.0 -0.774408 1.220703 0.0 -0.910375 1.868279 -18.02774 -0.131139 0.010037 12.845295 105.0
4 9000.0 -0.790076 1.205784 0.0 -0.905953 1.868279 -18.02774 -0.131139 0.010037 12.845295 105.0
5 9000.0 -0.778671 1.193333 0.0 -0.895622 1.868279 -18.02774 -0.131139 0.010037 12.845295 105.0
6 9000.0 -0.75728 1.181492 0.0 -0.882876 1.868279 -18.02774 -0.131139 0.010037 12.845295 105.0
7 9000.0 -0.760612 1.186175 0.0 -0.886532 1.868279 -18.02774 -0.131139 0.010037 12.845295 105.0
8 9000.0 -0.777771 1.190743 0.0 -0.893855 1.868279 -18.02774 -0.131139 0.010037 12.845295 105.0
9 9000.0 -0.790581 1.173563 0.0 -0.887207 1.868279 -18.02774 -0.131139 0.010037 12.845295 105.0
10 9000.0 -0.758985 1.154835 0.0 -0.867651 1.868279 -18.02774 -0.131139 0.010037 12.845295 105.0
11 9000.0 -0.772494 1.146034 0.0 -0.866122 1.868279 -18.02774 -0.131139 0.010037 12.845295 105.0
12 9000.0 -0.798899 1.116916 0.0 -0.856122 1.868279 -18.02774 -0.131139 0.010037 12.845295 105.0
13 9000.0 -0.81596 1.118718 0.0 -0.86179 1.868279 -18.02774 -0.131139 0.010037 12.845295 105.0
14 9000.0 -0.822911 1.113682 0.0 -0.860705 1.868279 -18.02774 -0.131139 0.010037 12.845295 105.0
15 9000.0 -0.827627 1.117734 0.0 -0.864363 1.868279 -18.02774 -0.131139 0.010037 12.845295 105.0
16 9000.0 -0.834523 1.122832 0.0 -0.869226 1.868279 -18.02774 -0.131139 0.010037 12.845295 105.0
17 9000.0 -0.823915 1.119273 0.0 -0.864266 1.868279 -18.02774 -0.131139 0.010037 12.845295 105.0
18 9000.0 -0.847802 1.099059 0.0 -0.858824 1.868279 -18.02774 -0.131139 0.010037 12.845295 105.0
19 9000.0 -0.852726 1.093011 0.0 -0.856596 1.868279 -18.02774 -0.131139 0.010037 12.845295 105.0
20 9000.0 -0.851693 1.100318 0.0 -0.860616 1.868279 -18.02774 -0.131139 0.010037 12.845295 105.0
21 9000.0 -0.851943 1.092684 0.0 -0.856192 1.868279 -18.02774 -0.131139 0.010037 12.845295 105.0
22 9000.0 -0.864274 1.086565 0.0 -0.855922 1.868279 -18.02774 -0.131139 0.010037 12.845295 105.0
23 9000.0 -0.87647 1.081759 0.0 -0.856389 1.868279 -18.02774 -0.131139 0.010037 12.845295 105.0
24 9000.0 -0.881968 1.071534 0.0 -0.851858 1.868279 -18.02774 -0.131139 0.010037 12.845295 105.0
25 9000.0 -0.864998 1.068273 0.0 -0.845354 1.868279 -18.02774 -0.131139 0.010037 12.845295 105.0
26 9000.0 -0.890805 1.045262 0.0 -0.838786 1.868279 -18.02774 -0.131139 0.010037 12.845295 105.0
27 9000.0 -0.929155 1.029449 0.0 -0.839871 1.868279 -18.02774 -0.131139 0.010037 12.845295 105.0
28 9000.0 -0.920855 1.016385 0.0 -0.829991 1.868279 -18.02774 -0.131139 0.010037 12.845295 105.0
29 9000.0 -0.952626 0.999037 0.0 -0.828432 1.868279 -18.02774 -0.131139 0.010037 12.845295 105.0
30 9000.0 -0.929096 0.982646 0.0 -0.812363 1.868279 -18.02774 -0.131139 0.010037 12.845295 105.0
31 9000.0 -0.906728 0.981016 0.0 -0.805137 1.868279 -18.02774 -0.131139 0.010037 12.845295 105.0
32 9000.0 -0.932876 0.952199 0.0 -0.795182 1.868279 -18.02774 -0.131139 0.010037 12.845295 105.0
33 9000.0 -0.914075 0.9367 0.0 -0.777796 1.868279 -18.02774 -0.131139 0.010037 12.845295 105.0
34 9000.0 -0.915357 0.902081 0.0 -0.748821 1.868279 -18.02774 -0.131139 0.010037 12.845295 105.0
35 9000.0 -0.918975 0.88519 0.0 -0.735424 1.868279 -18.02774 -0.131139 0.010037 12.845295 105.0
36 9000.0 -0.87898 0.868779 0.0 -0.707625 1.868279 -18.02774 -0.131139 0.010037 12.845295 105.0
37 9000.0 -0.901849 0.837041 0.0 -0.687659 1.868279 -18.02774 -0.131139 0.010037 12.845295 105.0
38 9000.0 -0.888554 0.803302 0.0 -0.653753 1.868279 -18.02774 -0.131139 0.010037 12.845295 105.0
39 9000.0 -0.881514 0.787975 0.0 -0.638012 1.868279 -18.02774 -0.131139 0.010037 12.845295 105.0
40 9000.0 -0.878769 0.772807 0.0 -0.623876 1.868279 -18.02774 -0.131139 0.010037 12.845295 105.0
41 9000.0 -0.871117 0.786747 0.0 -0.633435 1.868279 -18.02774 -0.131139 0.010037 12.845295 105.0
42 9000.0 -0.863745 0.787721 0.0 -0.631799 1.868279 -18.02774 -0.131139 0.010037 12.845295 105.0
43 9000.0 -0.875831 0.780843 0.0 -0.629876 1.868279 -18.02774 -0.131139 0.010037 12.845295 105.0
44 9000.0 -0.859097 0.776266 0.0 -0.620242 1.868279 -18.02774 -0.131139 0.010037 12.845295 105.0
45 9000.0 -0.844955 0.778957 0.0 -0.61782 1.868279 -18.02774 -0.131139 0.010037 12.845295 105.0
46 9000.0 -0.876246 0.757053 0.0 -0.60933 1.868279 -18.02774 -0.131139 0.010037 12.845295 105.0
47 9000.0 -0.850402 0.76645 0.0 -0.608769 1.868279 -18.02774 -0.131139 0.010037 12.845295 105.0
48 9000.0 -0.861461 0.757725 0.0 -0.60492 1.868279 -18.02774 -0.131139 0.010037 12.845295 105.0
49 9000.0 -0.859925 0.760159 0.0 -0.606518 1.868279 -18.02774 -0.131139 0.010037 12.845295 105.0
50 9000.0 -0.863422 0.732168 0.0 -0.58337 1.868279 -18.02774 -0.131139 0.010037 12.845295 105.0
51 9000.0 -0.860516 0.731793 0.0 -0.582062 1.868279 -18.02774 -0.131139 0.010037 12.845295 105.0
52 9000.0 -0.850158 0.740501 0.0 -0.586133 1.868279 -18.02774 -0.131139 0.010037 12.845295 105.0
53 9000.0 -0.839651 0.745975 0.0 -0.587342 1.868279 -18.02774 -0.131139 0.010037 12.845295 105.0
54 9000.0 -0.836657 0.725817 0.0 -0.568809 1.868279 -18.02774 -0.131139 0.010037 12.845295 105.0
55 9000.0 -0.830769 0.711165 0.0 -0.551022 1.868279 -18.02774 -0.131139 0.010037 12.845295 105.0
56 9000.0 -0.81415 0.692911 0.0 -0.524622 1.868279 -18.02774 -0.131139 0.010037 12.845295 105.0
57 9000.0 -0.821294 0.690973 0.0 -0.525225 1.868279 -18.02774 -0.131139 0.010037 12.845295 105.0
58 9000.0 -0.823068 0.685461 0.0 -0.519849 1.868279 -18.02774 -0.131139 0.010037 12.845295 105.0
59 9000.0 -0.835653 0.691397 0.0 -0.53118 1.868279 -18.02774 -0.131139 0.010037 12.845295 105.0
60 9000.0 -0.827577 0.695808 0.0 -0.532936 1.868279 -18.02774 -0.131139 0.010037 12.845295 105.0
61 9000.0 -0.827558 0.703318 0.0 -0.541176 1.868279 -18.02774 -0.131139 0.010037 12.845295 105.0
62 9000.0 -0.80669 0.69736 0.0 -0.526524 1.868279 -18.02774 -0.131139 0.010037 12.845295 105.0
63 9000.0 -0.813152 0.686808 0.0 -0.5174 1.868279 -18.02774 -0.131139 0.010037 12.845295 105.0
64 9000.0 -0.790159 0.685211 0.0 -0.5061 1.868279 -18.02774 -0.131139 0.010037 12.845295 105.0
65 9000.0 -0.778971 0.691432 0.0 -0.508427 1.868279 -18.02774 -0.131139 0.010037 12.845295 105.0
66 9000.0 -0.789622 0.691983 0.0 -0.51345 1.868279 -18.02774 -0.131139 0.010037 12.845295 105.0
67 9000.0 -0.780977 0.66741 0.0 -0.482397 1.868279 -18.02774 -0.131139 0.010037 12.845295 105.0
68 9000.0 -0.803244 0.666675 0.0 -0.490788 1.868279 -18.02774 -0.131139 0.010037 12.845295 105.0
69 9000.0 -0.807546 0.661223 0.0 -0.486472 1.868279 -18.02774 -0.131139 0.010037 12.845295 105.0
70 9000.0 -0.787168 0.64074 0.0 -0.455138 1.868279 -18.02774 -0.131139 0.010037 12.845295 105.0
71 9000.0 -0.777203 0.644491 0.0 -0.455209 1.868279 -18.02774 -0.131139 0.010037 12.845295 105.0
72 9000.0 -0.761951 0.662939 0.0 -0.469525 1.868279 -18.02774 -0.131139 0.010037 12.845295 105.0
73 9000.0 -0.758381 0.642594 0.0 -0.445299 1.868279 -18.02774 -0.131139 0.010037 12.845295 105.0
74 9000.0 -0.752306 0.622765 0.0 -0.420614 1.868279 -18.02774 -0.131139 0.010037 12.845295 105.0
75 9000.0 -0.732344 0.622425 0.0 -0.411974 1.868279 -18.02774 -0.131139 0.010037 12.845295 105.0
76 9000.0 -0.720401 0.615812 0.0 -0.399639 1.868279 -18.02774 -0.131139 0.010037 12.845295 105.0
77 9000.0 -0.71424 0.611653 0.0 -0.392439 1.868279 -18.02774 -0.131139 0.010037 12.845295 105.0
78 9000.0 -0.709193 0.617165 0.0 -0.396513 1.868279 -18.02774 -0.131139 0.010037 12.845295 105.0
79 9000.0 -0.70792 0.589372 0.0 -0.364997 1.868279 -18.02774 -0.131139 0.010037 12.845295 105.0
80 9000.0 -0.686214 0.586807 0.0 -0.353061 1.868279 -18.02774 -0.131139 0.010037 12.845295 105.0
81 9000.0 -0.682188 0.589042 0.0 -0.353894 1.868279 -18.02774 -0.131139 0.010037 12.845295 105.0
82 9000.0 -0.658731 0.570527 0.0 -0.323486 1.868279 -18.02774 -0.131139 0.010037 12.845295 105.0
83 9000.0 -0.663267 0.593239 0.0 -0.350758 1.868279 -18.02774 -0.131139 0.010037 12.845295 105.0
84 9000.0 -0.653388 0.58532 0.0 -0.337816 1.868279 -18.02774 -0.131139 0.010037 12.845295 105.0
85 9000.0 -0.647174 0.573237 0.0 -0.321734 1.868279 -18.02774 -0.131139 0.010037 12.845295 105.0
86 9000.0 -0.649623 0.554376 0.0 -0.298996 1.868279 -18.02774 -0.131139 0.010037 12.845295 105.0
87 9000.0 -0.639597 0.55937 0.0 -0.298963 1.868279 -18.02774 -0.131139 0.010037 12.845295 105.0
88 9000.0 -0.629054 0.556946 0.0 -0.289846 1.868279 -18.02774 -0.131139 0.010037 12.845295 105.0
89 9000.0 -0.618288 0.538714 0.0 -0.26044 1.868279 -18.02774 -0.131139 0.010037 12.845295 105.0
90 9000.0 -0.611533 0.510109 0.0 -0.206714 1.868279 -18.02774 -0.131139 0.010037 12.845295 105.0
91 9000.0 -0.585615 0.488966 0.0 -0.154352 1.868279 -18.02774 -0.131139 0.010037 12.845295 105.0
92 9000.0 -0.592804 0.500116 0.0 -0.17418 1.868279 -18.02774 -0.131139 0.010037 12.845295 105.0
93 9000.0 -0.627432 0.486258 0.0 -0.181508 1.868279 -18.02774 -0.131139 0.010037 12.845295 105.0
94 9000.0 -0.634732 0.500542 0.0 -0.213016 1.868279 -18.02774 -0.131139 0.010037 12.845295 105.0
95 9000.0 -0.64196 0.503115 0.0 -0.224463 1.868279 -18.02774 -0.131139 0.010037 12.845295 105.0
96 9000.0 -0.63196 0.50412 0.0 -0.21642 1.868279 -18.02774 -0.131139 0.010037 12.845295 105.0
97 9000.0 -0.610235 0.48795 0.0 -0.170175 1.868279 -18.02774 -0.131139 0.010037 12.845295 105.0
98 9000.0 -0.619591 0.500889 0.0 -0.198834 1.868279 -18.02774 -0.131139 0.010037 12.845295 105.0
99 9000.0 -0.617182 0.486804 0.0 -0.173498 1.868279 -18.02774 -0.131139 0.010037 12.845295 105.0
100 9000.0 -0.608885 0.511917 0.0 -0.207216 1.868279 -18.02774 -0.131139 0.010037 12.845295 105.0
101 9000.0 -0.612281 0.536994 0.0 -0.253343 1.868279 -18.02774 -0.131139 0.010037 12.845295 105.0
102 9000.0 -0.602561 0.538699 0.0 -0.246768 1.868279 -18.02774 -0.131139 0.010037 12.845295 105.0
103 9000.0 -0.591865 0.52724 0.0 -0.216769 1.868279 -18.02774 -0.131139 0.010037 12.845295 105.0
104 9000.0 -0.564112 0.54405 0.0 -0.21942 1.868279 -18.02774 -0.131139 0.010037 12.845295 105.0
105 9000.0 -0.559391 0.558287 0.0 -0.240091 1.868279 -18.02774 -0.131139 0.010037 12.845295 105.0
106 9000.0 -0.564727 0.571964 0.0 -0.26932 1.868279 -18.02774 -0.131139 0.010037 12.845295 105.0
107 9000.0 -0.537759 0.553309 0.0 -0.210755 1.868279 -18.02774 -0.131139 0.010037 12.845295 105.0
108 9000.0 -0.52423 0.551527 0.0 -0.19615 1.868279 -18.02774 -0.131139 0.010037 12.845295 105.0
109 9000.0 -0.52675 0.559268 0.0 -0.210829 1.868279 -18.02774 -0.131139 0.010037 12.845295 105.0
110 9000.0 -0.523227 0.561453 0.0 -0.211343 1.868279 -18.02774 -0.131139 0.010037 12.845295 105.0
111 9000.0 -0.527561 0.547437 0.0 -0.192843 1.868279 -18.02774 -0.131139 0.010037 12.845295 105.0
112 9000.0 -0.550368 0.532087 0.0 -0.187459 1.868279 -18.02774 -0.131139 0.010037 12.845295 105.0
113 9000.0 -0.534233 0.535175 0.0 -0.180667 1.868279 -18.02774 -0.131139 0.010037 12.845295 105.0
114 9000.0 -0.483981 0.55464 0.0 -0.172948 1.868279 -18.02774 -0.131139 0.010037 12.845295 105.0
115 9000.0 -0.496465 0.529928 0.0 -0.147752 1.868279 -18.02774 -0.131139 0.010037 12.845295 105.0
116 9000.0 -0.498912 0.553677 0.0 -0.181817 1.868279 -18.02774 -0.131139 0.010037 12.845295 105.0
117 9000.0 -0.47406 0.521455 0.0 -0.124031 1.868279 -18.02774 -0.131139 0.010037 12.845295 105.0
118 9000.0 -0.469613 0.512978 0.0 -0.114226 1.868279 -18.02774 -0.131139 0.010037 12.845295 105.0
119 9000.0 -0.460301 0.500715 0.0 -0.098925 1.868279 -18.02774 -0.131139 0.010037 12.845295 105.0
120 9000.0 -0.440088 0.505917 0.0 -0.096042 1.868279 -18.02774 -0.131139 0.010037 12.845295 105.0
121 9000.0 -0.441472 0.498029 0.0 -0.08906 1.868279 -18.02774 -0.131139 0.010037 12.845295 105.0
122 9000.0 -0.42385 0.50407 0.0 -0.087982 1.868279 -18.02774 -0.131139 0.010037 12.845295 105.0
123 9000.0 -0.433136 0.515297 0.0 -0.102285 1.868279 -18.02774 -0.131139 0.010037 12.845295 105.0
124 9000.0 -0.418323 0.537286 0.0 -0.117496 1.868279 -18.02774 -0.131139 0.010037 12.845295 105.0
125 9000.0 -0.378667 0.530762 0.0 -0.095894 1.868279 -18.02774 -0.131139 0.010037 12.845295 105.0
126 9000.0 -0.365934 0.526191 0.0 -0.086598 1.868279 -18.02774 -0.131139 0.010037 12.845295 105.0
127 9000.0 -0.344543 0.497805 0.0 -0.051244 1.868279 -18.02774 -0.131139 0.010037 12.845295 105.0
128 9000.0 -0.340245 0.484812 0.0 -0.037192 1.868279 -18.02774 -0.131139 0.010037 12.845295 105.0
129 9000.0 -0.316824 0.483602 0.0 -0.028452 1.868279 -18.02774 -0.131139 0.010037 12.845295 105.0
130 9000.0 -0.310506 0.490282 0.0 -0.031876 1.868279 -18.02774 -0.131139 0.010037 12.845295 105.0
131 9000.0 -0.307812 0.487308 0.0 -0.028649 1.868279 -18.02774 -0.131139 0.010037 12.845295 105.0
132 9000.0 -0.278554 0.489207 0.0 -0.021132 1.868279 -18.02774 -0.131139 0.010037 12.845295 105.0
133 9000.0 -0.25215 0.456937 0.0 0.013007 1.868279 -18.02774 -0.131139 0.010037 12.845295 105.0
134 9000.0 -0.239101 0.475999 0.0 0.001697 1.868279 -18.02774 -0.131139 0.010037 12.845295 105.0
135 9000.0 -0.231176 0.520798 0.0 -0.031913 1.868279 -18.02774 -0.131139 0.010037 12.845295 105.0
136 9000.0 -0.247116 0.542499 0.0 -0.056047 1.868279 -18.02774 -0.131139 0.010037 12.845295 105.0
137 9000.0 -0.222504 0.533945 0.0 -0.039815 1.868279 -18.02774 -0.131139 0.010037 12.845295 105.0
138 9000.0 -0.210713 0.509666 0.0 -0.016626 1.868279 -18.02774 -0.131139 0.010037 12.845295 105.0
139 9000.0 -0.181662 0.49434 0.0 0.004693 1.868279 -18.02774 -0.131139 0.010037 12.845295 105.0
140 9000.0 -0.164864 0.489479 0.0 0.013399 1.868279 -18.02774 -0.131139 0.010037 12.845295 105.0
141 9000.0 -0.178101 0.490876 0.0 0.008582 1.868279 -18.02774 -0.131139 0.010037 12.845295 105.0
142 9000.0 -0.153096 0.488356 0.0 0.016485 1.868279 -18.02774 -0.131139 0.010037 12.845295 105.0
143 9000.0 -0.135096 0.506883 0.0 0.007478 1.868279 -18.02774 -0.131139 0.010037 12.845295 105.0
144 9000.0 -0.129469 0.490872 0.0 0.019155 1.868279 -18.02774 -0.131139 0.010037 12.845295 105.0
145 9000.0 -0.131364 0.498597 0.0 0.013834 1.868279 -18.02774 -0.131139 0.010037 12.845295 105.0
146 9000.0 -0.132043 0.500951 0.0 0.012104 1.868279 -18.02774 -0.131139 0.010037 12.845295 105.0
147 9000.0 -0.122027 0.502358 0.0 0.013128 1.868279 -18.02774 -0.131139 0.010037 12.845295 105.0
148 9000.0 -0.112001 0.494932 0.0 0.017268 1.868279 -18.02774 -0.131139 0.010037 12.845295 105.0
149 9000.0 -0.103267 0.511784 0.0 0.009889 1.868279 -18.02774 -0.131139 0.010037 12.845295 105.0
150 9000.0 -0.096094 0.543385 0.0 -0.009569 1.868279 -18.02774 -0.131139 0.010037 12.845295 105.0
151 9000.0 -0.09689 0.537903 0.0 -0.006009 1.868279 -18.02774 -0.131139 0.010037 12.845295 105.0
152 9000.0 -0.080408 0.541207 0.0 -0.005467 1.868279 -18.02774 -0.131139 0.010037 12.845295 105.0
153 9000.0 -0.041216 0.518796 0.0 0.003603 1.868279 -18.02774 -0.131139 0.010037 12.845295 105.0
154 9000.0 -0.044407 0.529357 0.0 -0.000318 1.868279 -18.02774 -0.131139 0.010037 12.845295 105.0
155 9000.0 -0.050482 0.542207 0.0 -0.00466 1.868279 -18.02774 -0.131139 0.010037 12.845295 105.0
156 9000.0 -0.043739 0.522827 0.0 0.002187 1.868279 -18.02774 -0.131139 0.010037 12.845295 105.0
157 9000.0 -0.043125 0.529663 0.0 -0.000516 1.868279 -18.02774 -0.131139 0.010037 12.845295 105.0
158 9000.0 -0.041687 0.518905 0.0 0.00359 1.868279 -18.02774 -0.131139 0.010037 12.845295 105.0
159 9000.0 -0.034479 0.550202 0.0 -0.007449 1.868279 -18.02774 -0.131139 0.010037 12.845295 105.0
160 9000.0 -0.01524 0.550522 0.0 -0.007946 1.868279 -18.02774 -0.131139 0.010037 12.845295 105.0
161 9000.0 0.002236 0.542297 0.0 -0.00578 1.868279 -18.02774 -0.131139 0.010037 12.845295 105.0
162 9000.0 0.020676 0.542558 0.0 -0.006242 1.868279 -18.02774 -0.131139 0.010037 12.845295 105.0
163 9000.0 0.033253 0.555268 0.0 -0.010021 1.868279 -18.02774 -0.131139 0.010037 12.845295 105.0
164 9000.0 0.047907 0.546589 0.0 -0.007958 1.868279 -18.02774 -0.131139 0.010037 12.845295 105.0
165 9000.0 0.042092 0.533293 0.0 -0.003838 1.868279 -18.02774 -0.131139 0.010037 12.845295 105.0
166 9000.0 0.054471 0.514673 0.0 0.001629 1.868279 -18.02774 -0.131139 0.010037 12.845295 105.0
167 9000.0 0.050611 0.526747 0.0 -0.002002 1.868279 -18.02774 -0.131139 0.010037 12.845295 105.0
168 9000.0 0.065678 0.533666 0.0 -0.004441 1.868279 -18.02774 -0.131139 0.010037 12.845295 105.0
169 9000.0 0.079418 0.546973 0.0 -0.002913 1.868279 -18.02774 -0.131139 0.010037 12.845295 105.0
170 9000.0 0.064292 0.551866 0.0 -0.005172 1.868279 -18.02774 -0.131139 0.010037 12.845295 105.0
171 9000.0 0.069669 0.561659 0.0 -0.004 1.868279 -18.02774 -0.131139 0.010037 12.845295 105.0
172 9000.0 0.070302 0.570552 0.0 -0.003615 1.868279 -18.02774 -0.131139 0.010037 12.845295 105.0
173 9000.0 0.0754 0.575861 0.0 -0.002631 1.868279 -18.02774 -0.131139 0.010037 12.845295 105.0
174 9000.0 0.09982 0.576635 0.0 0.001294 1.868279 -18.02774 -0.131139 0.010037 12.845295 105.0
175 9000.0 0.100281 0.5395 0.0 0.00018 1.868279 -18.02774 -0.131139 0.010037 12.845295 105.0
176 9000.0 0.104322 0.54032 0.0 0.000851 1.868279 -18.02774 -0.131139 0.010037 12.845295 105.0
177 9000.0 0.107252 0.554379 0.0 0.001769 1.868279 -18.02774 -0.131139 0.010037 12.845295 105.0
178 9000.0 0.141357 0.566617 0.0 0.007608 1.868279 -18.02774 -0.131139 0.010037 12.845295 105.0
179 9000.0 0.15812 0.604657 0.0 0.032299 1.868279 -18.02774 -0.131139 0.010037 12.845295 105.0
180 9000.0 0.169629 0.578326 0.0 0.026064 1.868279 -18.02774 -0.131139 0.010037 12.845295 105.0
181 9000.0 0.180313 0.589717 0.0 0.040049 1.868279 -18.02774 -0.131139 0.010037 12.845295 105.0
182 9000.0 0.195857 0.569004 0.0 0.039914 1.868279 -18.02774 -0.131139 0.010037 12.845295 105.0
183 9000.0 0.243489 0.536346 0.0 0.05655 1.868279 -18.02774 -0.131139 0.010037 12.845295 105.0
184 9000.0 0.221745 0.506988 0.0 0.025221 1.868279 -18.02774 -0.131139 0.010037 12.845295 105.0
185 9000.0 0.233493 0.512083 0.0 0.036214 1.868279 -18.02774 -0.131139 0.010037 12.845295 105.0
186 9000.0 0.223468 0.551553 0.0 0.050359 1.868279 -18.02774 -0.131139 0.010037 12.845295 105.0
187 9000.0 0.2348 0.542707 0.0 0.053734 1.868279 -18.02774 -0.131139 0.010037 12.845295 105.0
188 9000.0 0.251979 0.534979 0.0 0.061927 1.868279 -18.02774 -0.131139 0.010037 12.845295 105.0
189 9000.0 0.25373 0.539988 0.0 0.065901 1.868279 -18.02774 -0.131139 0.010037 12.845295 105.0
190 9000.0 0.242889 0.552252 0.0 0.064729 1.868279 -18.02774 -0.131139 0.010037 12.845295 105.0
191 9000.0 0.263796 0.522745 0.0 0.063818 1.868279 -18.02774 -0.131139 0.010037 12.845295 105.0
192 9000.0 0.265639 0.531485 0.0 0.069877 1.868279 -18.02774 -0.131139 0.010037 12.845295 105.0
193 9000.0 0.280318 0.528405 0.0 0.078785 1.868279 -18.02774 -0.131139 0.010037 12.845295 105.0
194 9000.0 0.267651 0.513846 0.0 0.062096 1.868279 -18.02774 -0.131139 0.010037 12.845295 105.0
195 9000.0 0.269069 0.519941 0.0 0.066098 1.868279 -18.02774 -0.131139 0.010037 12.845295 105.0
196 9000.0 0.309139 0.534352 0.0 0.102769 1.868279 -18.02774 -0.131139 0.010037 12.845295 105.0
197 9000.0 0.345353 0.547749 0.0 0.136111 1.868279 -18.02774 -0.131139 0.010037 12.845295 105.0
198 9000.0 0.364315 0.543632 0.0 0.147544 1.868279 -18.02774 -0.131139 0.010037 12.845295 105.0
199 9000.0 0.356778 0.564329 0.0 0.153543 1.868279 -18.02774 -0.131139 0.010037 12.845295 105.0
200 9000.0 0.376982 0.552694 0.0 0.16169 1.868279 -18.02774 -0.131139 0.010037 12.845295 105.0
201 9000.0 0.368972 0.580927 0.0 0.171579 1.868279 -18.02774 -0.131139 0.010037 12.845295 105.0
202 9000.0 0.388554 0.565085 0.0 0.176939 1.868279 -18.02774 -0.131139 0.010037 12.845295 105.0
203 9000.0 0.396761 0.5439 0.0 0.171107 1.868279 -18.02774 -0.131139 0.010037 12.845295 105.0
204 9000.0 0.412176 0.555691 0.0 0.190186 1.868279 -18.02774 -0.131139 0.010037 12.845295 105.0
205 9000.0 0.432911 0.553091 0.0 0.206011 1.868279 -18.02774 -0.131139 0.010037 12.845295 105.0
206 9000.0 0.443755 0.562085 0.0 0.221654 1.868279 -18.02774 -0.131139 0.010037 12.845295 105.0
207 9000.0 0.45003 0.540506 0.0 0.212399 1.868279 -18.02774 -0.131139 0.010037 12.845295 105.0
208 9000.0 0.439722 0.527539 0.0 0.195996 1.868279 -18.02774 -0.131139 0.010037 12.845295 105.0
209 9000.0 0.448206 0.530017 0.0 0.204785 1.868279 -18.02774 -0.131139 0.010037 12.845295 105.0
210 9000.0 0.466822 0.530329 0.0 0.22123 1.868279 -18.02774 -0.131139 0.010037 12.845295 105.0
211 9000.0 0.481683 0.519074 0.0 0.227835 1.868279 -18.02774 -0.131139 0.010037 12.845295 105.0
212 9000.0 0.485345 0.522194 0.0 0.23278 1.868279 -18.02774 -0.131139 0.010037 12.845295 105.0
213 9000.0 0.454947 0.529811 0.0 0.210548 1.868279 -18.02774 -0.131139 0.010037 12.845295 105.0
214 9000.0 0.459041 0.527075 0.0 0.212582 1.868279 -18.02774 -0.131139 0.010037 12.845295 105.0
215 9000.0 0.470796 0.531154 0.0 0.225181 1.868279 -18.02774 -0.131139 0.010037 12.845295 105.0
216 9000.0 0.503391 0.53531 0.0 0.256081 1.868279 -18.02774 -0.131139 0.010037 12.845295 105.0
217 9000.0 0.514821 0.567726 0.0 0.286245 1.868279 -18.02774 -0.131139 0.010037 12.845295 105.0
218 9000.0 0.512653 0.555628 0.0 0.275875 1.868279 -18.02774 -0.131139 0.010037 12.845295 105.0
219 9000.0 0.522556 0.555911 0.0 0.2847 1.868279 -18.02774 -0.131139 0.010037 12.845295 105.0
220 9000.0 0.527881 0.583656 0.0 0.308711 1.868279 -18.02774 -0.131139 0.010037 12.845295 105.0
221 9000.0 0.510263 0.578401 0.0 0.289955 1.868279 -18.02774 -0.131139 0.010037 12.845295 105.0
222 9000.0 0.495655 0.547804 0.0 0.256505 1.868279 -18.02774 -0.131139 0.010037 12.845295 105.0
223 9000.0 0.501428 0.522274 0.0 0.246863 1.868279 -18.02774 -0.131139 0.010037 12.845295 105.0
224 9000.0 0.527981 0.508326 0.0 0.262175 1.868279 -18.02774 -0.131139 0.010037 12.845295 105.0
225 9000.0 0.544526 0.525883 0.0 0.286636 1.868279 -18.02774 -0.131139 0.010037 12.845295 105.0
226 9000.0 0.569935 0.525518 0.0 0.308649 1.868279 -18.02774 -0.131139 0.010037 12.845295 105.0
227 9000.0 0.548127 0.528799 0.0 0.291464 1.868279 -18.02774 -0.131139 0.010037 12.845295 105.0
228 9000.0 0.565982 0.530013 0.0 0.30778 1.868279 -18.02774 -0.131139 0.010037 12.845295 105.0
229 9000.0 0.595621 0.556483 0.0 0.348936 1.868279 -18.02774 -0.131139 0.010037 12.845295 105.0
230 9000.0 0.598523 0.56223 0.0 0.354781 1.868279 -18.02774 -0.131139 0.010037 12.845295 105.0
231 9000.0 0.60563 0.568745 0.0 0.364747 1.868279 -18.02774 -0.131139 0.010037 12.845295 105.0
232 9000.0 0.623774 0.564071 0.0 0.377926 1.868279 -18.02774 -0.131139 0.010037 12.845295 105.0
233 9000.0 0.656271 0.574304 0.0 0.412239 1.868279 -18.02774 -0.131139 0.010037 12.845295 105.0
234 9000.0 0.665338 0.5858 0.0 0.427406 1.868279 -18.02774 -0.131139 0.010037 12.845295 105.0
235 9000.0 0.67185 0.586232 0.0 0.433265 1.868279 -18.02774 -0.131139 0.010037 12.845295 105.0
236 9000.0 0.668121 0.615346 0.0 0.4508 1.868279 -18.02774 -0.131139 0.010037 12.845295 105.0
237 9000.0 0.683478 0.620688 0.0 0.467692 1.868279 -18.02774 -0.131139 0.010037 12.845295 105.0
238 9000.0 0.678585 0.620986 0.0 0.463733 1.868279 -18.02774 -0.131139 0.010037 12.845295 105.0
239 9000.0 0.697872 0.649925 0.0 0.500764 1.868279 -18.02774 -0.131139 0.010037 12.845295 105.0
240 9000.0 0.712701 0.66272 0.0 0.522508 1.868279 -18.02774 -0.131139 0.010037 12.845295 105.0
241 9000.0 0.720744 0.647954 0.0 0.518858 1.868279 -18.02774 -0.131139 0.010037 12.845295 105.0
242 9000.0 0.718609 0.63053 0.0 0.50464 1.868279 -18.02774 -0.131139 0.010037 12.845295 105.0
243 9000.0 0.746399 0.642017 0.0 0.536502 1.868279 -18.02774 -0.131139 0.010037 12.845295 105.0
244 9000.0 0.737244 0.639583 0.0 0.526967 1.868279 -18.02774 -0.131139 0.010037 12.845295 105.0
245 9000.0 0.71384 0.636091 0.0 0.504533 1.868279 -18.02774 -0.131139 0.010037 12.845295 105.0
246 9000.0 0.721512 0.65622 0.0 0.525394 1.868279 -18.02774 -0.131139 0.010037 12.845295 105.0
247 9000.0 0.724196 0.647599 0.0 0.521549 1.868279 -18.02774 -0.131139 0.010037 12.845295 105.0
248 9000.0 0.723367 0.64859 0.0 0.521546 1.868279 -18.02774 -0.131139 0.010037 12.845295 105.0
249 9000.0 0.734962 0.64496 0.0 0.528847 1.868279 -18.02774 -0.131139 0.010037 12.845295 105.0
250 9000.0 0.718289 0.682958 0.0 0.541671 1.868279 -18.02774 -0.131139 0.010037 12.845295 105.0
251 9000.0 0.71329 0.685325 0.0 0.539094 1.868279 -18.02774 -0.131139 0.010037 12.845295 105.0
252 9000.0 0.697784 0.667731 0.0 0.513358 1.868279 -18.02774 -0.131139 0.010037 12.845295 105.0
253 9000.0 0.688071 0.656068 0.0 0.49678 1.868279 -18.02774 -0.131139 0.010037 12.845295 105.0
254 9000.0 0.691751 0.671701 0.0 0.51104 1.868279 -18.02774 -0.131139 0.010037 12.845295 105.0
255 9000.0 0.718545 0.686695 0.0 0.544549 1.868279 -18.02774 -0.131139 0.010037 12.845295 105.0
256 9000.0 0.707365 0.673055 0.0 0.525313 1.868279 -18.02774 -0.131139 0.010037 12.845295 105.0
257 9000.0 0.69315 0.680618 0.0 0.518577 1.868279 -18.02774 -0.131139 0.010037 12.845295 105.0
258 9000.0 0.725871 0.686431 0.0 0.550605 1.868279 -18.02774 -0.131139 0.010037 12.845295 105.0
259 9000.0 0.746833 0.683815 0.0 0.566613 1.868279 -18.02774 -0.131139 0.010037 12.845295 105.0
260 9000.0 0.760685 0.70879 0.0 0.59619 1.868279 -18.02774 -0.131139 0.010037 12.845295 105.0
261 9000.0 0.758052 0.71965 0.0 0.601672 1.868279 -18.02774 -0.131139 0.010037 12.845295 105.0
262 9000.0 0.767976 0.717154 0.0 0.608356 1.868279 -18.02774 -0.131139 0.010037 12.845295 105.0
263 9000.0 0.760639 0.7323 0.0 0.612879 1.868279 -18.02774 -0.131139 0.010037 12.845295 105.0
264 9000.0 0.771641 0.724775 0.0 0.616902 1.868279 -18.02774 -0.131139 0.010037 12.845295 105.0
265 9000.0 0.790418 0.741708 0.0 0.645458 1.868279 -18.02774 -0.131139 0.010037 12.845295 105.0
266 9000.0 0.779833 0.762527 0.0 0.651526 1.868279 -18.02774 -0.131139 0.010037 12.845295 105.0
267 9000.0 0.778507 0.765428 0.0 0.6525 1.868279 -18.02774 -0.131139 0.010037 12.845295 105.0
268 9000.0 0.800777 0.793509 0.0 0.692475 1.868279 -18.02774 -0.131139 0.010037 12.845295 105.0
269 9000.0 0.798615 0.798693 0.0 0.694399 1.868279 -18.02774 -0.131139 0.010037 12.845295 105.0
270 9000.0 0.81285 0.817458 0.0 0.72055 1.868279 -18.02774 -0.131139 0.010037 12.845295 105.0
271 9000.0 0.825171 0.846265 0.0 0.752403 1.868279 -18.02774 -0.131139 0.010037 12.845295 105.0
272 9000.0 0.82031 0.839056 0.0 0.742886 1.868279 -18.02774 -0.131139 0.010037 12.845295 105.0
273 9000.0 0.834917 0.816296 0.0 0.738892 1.868279 -18.02774 -0.131139 0.010037 12.845295 105.0
274 9000.0 0.857521 0.841993 0.0 0.777409 1.868279 -18.02774 -0.131139 0.010037 12.845295 105.0
275 9000.0 0.875489 0.861398 0.0 0.807276 1.868279 -18.02774 -0.131139 0.010037 12.845295 105.0
276 9000.0 0.866417 0.88152 0.0 0.814148 1.868279 -18.02774 -0.131139 0.010037 12.845295 105.0
277 9000.0 0.879075 0.898012 0.0 0.83726 1.868279 -18.02774 -0.131139 0.010037 12.845295 105.0
278 9000.0 0.877966 0.91282 0.0 0.84716 1.868279 -18.02774 -0.131139 0.010037 12.845295 105.0
279 9000.0 0.888357 0.894666 0.0 0.842879 1.868279 -18.02774 -0.131139 0.010037 12.845295 105.0
280 9000.0 0.894877 0.923662 0.0 0.869734 1.868279 -18.02774 -0.131139 0.010037 12.845295 105.0
281 9000.0 0.879286 0.963457 0.0 0.884835 1.868279 -18.02774 -0.131139 0.010037 12.845295 105.0
282 9000.0 0.899185 1.006947 0.0 0.920547 1.868279 -18.02774 -0.131139 0.010037 12.845295 105.0
283 9000.0 0.886126 1.049368 0.0 0.909791 1.868279 -18.02774 -0.131139 0.010037 12.845295 105.0
284 9000.0 0.902599 1.050623 0.0 0.923818 1.868279 -18.02774 -0.131139 0.010037 12.845295 105.0
285 9000.0 0.921523 1.069172 0.0 0.937982 1.868279 -18.02774 -0.131139 0.010037 12.845295 105.0
286 9000.0 0.938954 1.099102 0.0 0.946043 1.868279 -18.02774 -0.131139 0.010037 12.845295 105.0
287 9000.0 0.940797 1.112885 0.0 0.947132 1.868279 -18.02774 -0.131139 0.010037 12.845295 105.0
