 time p.x p.y p.z deep.node-0 CV opes.bias opes.rct opes.zed opes.neff opes.nker
0 5245.0 0.209725 0.495015 0.0 0.017828 0.940475 -7.22566 -0.076824 0.014843 12.845295 71.0
1 5245.0 0.219872 0.48401 0.0 0.02082 0.940475 -7.22566 -0.076824 0.014843 12.845295 71.0
2 5245.0 0.224693 0.474698 0.0 0.022666 0.940475 -7.22566 -0.076824 0.014843 12.845295 71.0
3 5245.0 0.269856 0.482512 0.0 0.051033 0.940475 -7.22566 -0.076824 0.014843 12.845295 71.0
4 5245.0 0.299894 0.508033 0.0 0.083687 0.940475 -7.22566 -0.076824 0.014843 12.845295 71.0
5 5245.0 0.292264 0.510404 0.0 0.078981 0.940475 -7.22566 -0.076824 0.014843 12.845295 71.0
6 5245.0 0.292089 0.518409 0.0 0.082095 0.940475 -7.22566 -0.076824 0.014843 12.845295 71.0
7 5245.0 0.270506 0.512572 0.0 0.0637 0.940475 -7.22566 -0.076824 0.014843 12.845295 71.0
8 5245.0 0.26234 0.543984 0.0 0.074267 0.940475 -7.22566 -0.076824 0.014843 12.845295 71.0
9 5245.0 0.26476 0.525261 0.0 0.065874 0.940475 -7.22566 -0.076824 0.014843 12.845295 71.0
10 5245.0 0.278903 0.510887 0.0 0.069254 0.940475 -7.22566 -0.076824 0.014843 12.845295 71.0
11 5245.0 0.263494 0.487103 0.0 0.048169 0.940475 -7.22566 -0.076824 0.014843 12.845295 71.0
12 5245.0 0.270628 0.499715 0.0 0.058579 0.940475 -7.22566 -0.076824 0.014843 12.845295 71.0
13 5245.0 0.291999 0.500119 0.0 0.074615 0.940475 -7.22566 -0.076824 0.014843 12.845295 71.0
14 5245.0 0.292843 0.495914 0.0 0.073538 0.940475 -7.22566 -0.076824 0.014843 12.845295 71.0
15 5245.0 0.313963 0.487307 0.0 0.085735 0.940475 -7.22566 -0.076824 0.014843 12.845295 71.0
16 5245.0 0.335029 0.491467 0.0 0.103067 0.940475 -7.22566 -0.076824 0.014843 12.845295 71.0
17 5245.0 0.327692 0.495331 0.0 0.099184 0.940475 -7.22566 -0.076824 0.014843 12.845295 71.0
18 5245.0 0.338719 0.500592 0.0 0.109506 0.940475 -7.22566 -0.076824 0.014843 12.845295 71.0
19 5245.0 0.326748 0.504 0.0 0.101997 0.940475 -7.22566 -0.076824 0.014843 12.845295 71.0
20 5245.0 0.330085 0.502903 0.0 0.104031 0.940475 -7.22566 -0.076824 0.014843 12.845295 71.0
21 5245.0 0.342482 0.506909 0.0 0.114861 0.940475 -7.22566 -0.076824 0.014843 12.845295 71.0
22 5245.0 0.351131 0.491699 0.0 0.11512 0.940475 -7.22566 -0.076824 0.014843 12.845295 71.0
23 5245.0 0.319903 0.480796 0.0 0.087508 0.940475 -7.22566 -0.076824 0.014843 12.845295 71.0
24 5245.0 0.314112 0.511223 0.0 0.095539 0.940475 -7.22566 -0.076824 0.014843 12.845295 71.0
25 5245.0 0.325654 0.516242 0.0 0.106146 0.940475 -7.22566 -0.076824 0.014843 12.845295 71.0
26 5245.0 0.322077 0.512127 0.0 0.101822 0.940475 -7.22566 -0.076824 0.014843 12.845295 71.0
27 5245.0 0.321937 0.50044 0.0 0.09698 0.940475 -7.22566 -0.076824 0.014843 12.845295 71.0
28 5245.0 0.33655 0.496794 0.0 0.106356 0.940475 -7.22566 -0.076824 0.014843 12.845295 71.0
29 5245.0 0.334472 0.500116 0.0 0.106159 0.940475 -7.22566 -0.076824 0.014843 12.845295 71.0
30 5245.0 0.306444 0.514398 0.0 0.091131 0.940475 -7.22566 -0.076824 0.014843 12.845295 71.0
31 5245.0 0.306435 0.518328 0.0 0.092717 0.940475 -7.22566 -0.076824 0.014843 12.845295 71.0
32 5245.0 0.331878 0.54184 0.0 0.123204 0.940475 -7.22566 -0.076824 0.014843 12.845295 71.0
33 5245.0 0.343731 0.562078 0.0 0.142859 0.940475 -7.22566 -0.076824 0.014843 12.845295 71.0
34 5245.0 0.331695 0.557472 0.0 0.131598 0.940475 -7.22566 -0.076824 0.014843 12.845295 71.0
35 5245.0 0.357986 0.554258 0.0 0.148823 0.940475 -7.22566 -0.076824 0.014843 12.845295 71.0
36 5245.0 0.367402 0.553471 0.0 0.155195 0.940475 -7.22566 -0.076824 0.014843 12.845295 71.0
37 5245.0 0.356705 0.558981 0.0 0.15052 0.940475 -7.22566 -0.076824 0.014843 12.845295 71.0
38 5245.0 0.360077 0.547172 0.0 0.146407 0.940475 -7.22566 -0.076824 0.014843 12.845295 71.0
39 5245.0 0.364041 0.548557 0.0 0.150036 0.940475 -7.22566 -0.076824 0.014843 12.845295 71.0
40 5245.0 0.378498 0.542745 0.0 0.157281 0.940475 -7.22566 -0.076824 0.014843 12.845295 71.0
41 5245.0 0.348284 0.517718 0.0 0.123551 0.940475 -7.22566 -0.076824 0.014843 12.845295 71.0
42 5245.0 0.358147 0.522505 0.0 0.132817 0.940475 -7.22566 -0.076824 0.014843 12.845295 71.0
43 5245.0 0.386341 0.537735 0.0 0.16022 0.940475 -7.22566 -0.076824 0.014843 12.845295 71.0
44 5245.0 0.387109 0.532283 0.0 0.15829 0.940475 -7.22566 -0.076824 0.014843 12.845295 71.0
45 5245.0 0.374722 0.51031 0.0 0.140184 0.940475 -7.22566 -0.076824 0.014843 12.845295 71.0
46 5245.0 0.389357 0.503539 0.0 0.14831 0.940475 -7.22566 -0.076824 0.014843 12.845295 71.0
47 5245.0 0.411867 0.511989 0.0 0.168453 0.940475 -7.22566 -0.076824 0.014843 12.845295 71.0
48 5245.0 0.405489 0.51157 0.0 0.163546 0.940475 -7.22566 -0.076824 0.014843 12.845295 71.0
49 5245.0 0.416255 0.546915 0.0 0.187419 0.940475 -7.22566 -0.076824 0.014843 12.845295 71.0
50 5245.0 0.41718 0.552848 0.0 0.192429 0.940475 -7.22566 -0.076824 0.014843 12.845295 71.0
51 5245.0 0.423978 0.57289 0.0 0.212484 0.940475 -7.22566 -0.076824 0.014843 12.845295 71.0
52 5245.0 0.423961 0.550482 0.0 0.196525 0.940475 -7.22566 -0.076824 0.014843 12.845295 71.0
53 5245.0 0.434601 0.529465 0.0 0.192611 0.940475 -7.22566 -0.076824 0.014843 12.845295 71.0
54 5245.0 0.449076 0.537949 0.0 0.210093 0.940475 -7.22566 -0.076824 0.014843 12.845295 71.0
55 5245.0 0.462591 0.541594 0.0 0.224012 0.940475 -7.22566 -0.076824 0.014843 12.845295 71.0
56 5245.0 0.46768 0.561872 0.0 0.241897 0.940475 -7.22566 -0.076824 0.014843 12.845295 71.0
57 5245.0 0.462306 0.550998 0.0 0.229578 0.940475 -7.22566 -0.076824 0.014843 12.845295 71.0
58 5245.0 0.474189 0.554245 0.0 0.242017 0.940475 -7.22566 -0.076824 0.014843 12.845295 71.0
59 5245.0 0.494135 0.557642 0.0 0.261437 0.940475 -7.22566 -0.076824 0.014843 12.845295 71.0
60 5245.0 0.493025 0.581833 0.0 0.277703 0.940475 -7.22566 -0.076824 0.014843 12.845295 71.0
61 5245.0 0.490446 0.566011 0.0 0.264247 0.940475 -7.22566 -0.076824 0.014843 12.845295 71.0
62 5245.0 0.489316 0.574783 0.0 0.269525 0.940475 -7.22566 -0.076824 0.014843 12.845295 71.0
63 5245.0 0.489117 0.560741 0.0 0.259365 0.940475 -7.22566 -0.076824 0.014843 12.845295 71.0
64 5245.0 0.493069 0.583459 0.0 0.278897 0.940475 -7.22566 -0.076824 0.014843 12.845295 71.0
65 5245.0 0.485614 0.60593 0.0 0.288531 0.940475 -7.22566 -0.076824 0.014843 12.845295 71.0
66 5245.0 0.469516 0.621489 0.0 0.285879 0.940475 -7.22566 -0.076824 0.014843 12.845295 71.0
67 5245.0 0.478246 0.605628 0.0 0.282036 0.940475 -7.22566 -0.076824 0.014843 12.845295 71.0
68 5245.0 0.488534 0.610186 0.0 0.294048 0.940475 -7.22566 -0.076824 0.014843 12.845295 71.0
69 5245.0 0.471313 0.589179 0.0 0.264422 0.940475 -7.22566 -0.076824 0.014843 12.845295 71.0
70 5245.0 0.473341 0.584805 0.0 0.263039 0.940475 -7.22566 -0.076824 0.014843 12.845295 71.0
71 5245.0 0.46612 0.596089 0.0 0.264912 0.940475 -7.22566 -0.076824 0.014843 12.845295 71.0
72 5245.0 0.489312 0.623103 0.0 0.303902 0.940475 -7.22566 -0.076824 0.014843 12.845295 71.0
73 5245.0 0.499536 0.59846 0.0 0.295083 0.940475 -7.22566 -0.076824 0.014843 12.845295 71.0
74 5245.0 0.498179 0.630422 0.0 0.316667 0.940475 -7.22566 -0.076824 0.014843 12.845295 71.0
75 5245.0 0.508685 0.61141 0.0 0.312096 0.940475 -7.22566 -0.076824 0.014843 12.845295 71.0
76 5245.0 0.539084 0.623974 0.0 0.346948 0.940475 -7.22566 -0.076824 0.014843 12.845295 71.0
77 5245.0 0.558864 0.628921 0.0 0.367328 0.940475 -7.22566 -0.076824 0.014843 12.845295 71.0
78 5245.0 0.596758 0.61347 0.0 0.388635 0.940475 -7.22566 -0.076824 0.014843 12.845295 71.0
79 5245.0 0.594049 0.613198 0.0 0.386133 0.940475 -7.22566 -0.076824 0.014843 12.845295 71.0
80 5245.0 0.60457 0.614445 0.0 0.395989 0.940475 -7.22566 -0.076824 0.014843 12.845295 71.0
81 5245.0 0.592155 0.614784 0.0 0.385647 0.940475 -7.22566 -0.076824 0.014843 12.845295 71.0
82 5245.0 0.573238 0.589148 0.0 0.351282 0.940475 -7.22566 -0.076824 0.014843 12.845295 71.0
83 5245.0 0.591241 0.552394 0.0 0.342752 0.940475 -7.22566 -0.076824 0.014843 12.845295 71.0
84 5245.0 0.574738 0.546186 0.0 0.324745 0.940475 -7.22566 -0.076824 0.014843 12.845295 71.0
85 5245.0 0.540047 0.562763 0.0 0.304217 0.940475 -7.22566 -0.076824 0.014843 12.845295 71.0
86 5245.0 0.528546 0.593862 0.0 0.31654 0.940475 -7.22566 -0.076824 0.014843 12.845295 71.0
87 5245.0 0.539173 0.582057 0.0 0.317199 0.940475 -7.22566 -0.076824 0.014843 12.845295 71.0
88 5245.0 0.530692 0.571555 0.0 0.302498 0.940475 -7.22566 -0.076824 0.014843 12.845295 71.0
89 5245.0 0.528415 0.578501 0.0 0.305499 0.940475 -7.22566 -0.076824 0.014843 12.845295 71.0
90 5245.0 0.53247 0.598659 0.0 0.323298 0.940475 -7.22566 -0.076824 0.014843 12.845295 71.0
91 5245.0 0.511875 0.573883 0.0 0.288114 0.940475 -7.22566 -0.076824 0.014843 12.845295 71.0
92 5245.0 0.5294 0.53957 0.0 0.281283 0.940475 -7.22566 -0.076824 0.014843 12.845295 71.0
93 5245.0 0.537438 0.528407 0.0 0.281889 0.940475 -7.22566 -0.076824 0.014843 12.845295 71.0
94 5245.0 0.521884 0.540974 0.0 0.275516 0.940475 -7.22566 -0.076824 0.014843 12.845295 71.0
95 5245.0 0.531277 0.543886 0.0 0.285407 0.940475 -7.22566 -0.076824 0.014843 12.845295 71.0
96 5245.0 0.504474 0.553349 0.0 0.26741 0.940475 -7.22566 -0.076824 0.014843 12.845295 71.0
97 5245.0 0.51342 0.567833 0.0 0.285127 0.940475 -7.22566 -0.076824 0.014843 12.845295 71.0
98 5245.0 0.505225 0.593471 0.0 0.296383 0.940475 -7.22566 -0.076824 0.014843 12.845295 71.0
99 5245.0 0.512941 0.593125 0.0 0.302714 0.940475 -7.22566 -0.076824 0.014843 12.845295 71.0
100 5245.0 0.524238 0.562919 0.0 0.290851 0.940475 -7.22566 -0.076824 0.014843 12.845295 71.0
101 5245.0 0.517459 0.573113 0.0 0.292326 0.940475 -7.22566 -0.076824 0.014843 12.845295 71.0
102 5245.0 0.536916 0.555117 0.0 0.296802 0.940475 -7.22566 -0.076824 0.014843 12.845295 71.0
103 5245.0 0.56127 0.561715 0.0 0.321901 0.940475 -7.22566 -0.076824 0.014843 12.845295 71.0
104 5245.0 0.571446 0.579013 0.0 0.342542 0.940475 -7.22566 -0.076824 0.014843 12.845295 71.0
105 5245.0 0.609115 0.583457 0.0 0.377815 0.940475 -7.22566 -0.076824 0.014843 12.845295 71.0
106 5245.0 0.604432 0.576811 0.0 0.369093 0.940475 -7.22566 -0.076824 0.014843 12.845295 71.0
107 5245.0 0.618165 0.584254 0.0 0.386095 0.940475 -7.22566 -0.076824 0.014843 12.845295 71.0
108 5245.0 0.612456 0.594134 0.0 0.388259 0.940475 -7.22566 -0.076824 0.014843 12.845295 71.0
109 5245.0 0.620033 0.580114 0.0 0.384742 0.940475 -7.22566 -0.076824 0.014843 12.845295 71.0
110 5245.0 0.618673 0.60701 0.0 0.40272 0.940475 -7.22566 -0.076824 0.014843 12.845295 71.0
111 5245.0 0.618463 0.602019 0.0 0.39899 0.940475 -7.22566 -0.076824 0.014843 12.845295 71.0
112 5245.0 0.594846 0.601556 0.0 0.378529 0.940475 -7.22566 -0.076824 0.014843 12.845295 71.0
113 5245.0 0.599316 0.5933 0.0 0.376465 0.940475 -7.22566 -0.076824 0.014843 12.845295 71.0
114 5245.0 0.621936 0.58039 0.0 0.386561 0.940475 -7.22566 -0.076824 0.014843 12.845295 71.0
115 5245.0 0.642952 0.640344 0.0 0.447133 0.940475 -7.22566 -0.076824 0.014843 12.845295 71.0
116 5245.0 0.641977 0.626804 0.0 0.436667 0.940475 -7.22566 -0.076824 0.014843 12.845295 71.0
117 5245.0 0.618299 0.613493 0.0 0.407014 0.940475 -7.22566 -0.076824 0.014843 12.845295 71.0
118 5245.0 0.62322 0.638933 0.0 0.42931 0.940475 -7.22566 -0.076824 0.014843 12.845295 71.0
119 5245.0 0.651373 0.633482 0.0 0.449428 0.940475 -7.22566 -0.076824 0.014843 12.845295 71.0
120 5245.0 0.630012 0.640295 0.0 0.436068 0.940475 -7.22566 -0.076824 0.014843 12.845295 71.0
121 5245.0 0.634117 0.643155 0.0 0.441602 0.940475 -7.22566 -0.076824 0.014843 12.845295 71.0
122 5245.0 0.632986 0.641678 0.0 0.439587 0.940475 -7.22566 -0.076824 0.014843 12.845295 71.0
123 5245.0 0.63165 0.634953 0.0 0.433663 0.940475 -7.22566 -0.076824 0.014843 12.845295 71.0
124 5245.0 0.641433 0.6426 0.0 0.447444 0.940475 -7.22566 -0.076824 0.014843 12.845295 71.0
125 5245.0 0.630538 0.644838 0.0 0.439748 0.940475 -7.22566 -0.076824 0.014843 12.845295 71.0
126 5245.0 0.647496 0.646382 0.0 0.455302 0.940475 -7.22566 -0.076824 0.014843 12.845295 71.0
127 5245.0 0.63474 0.644421 0.0 0.443034 0.940475 -7.22566 -0.076824 0.014843 12.845295 71.0
128 5245.0 0.644749 0.642005 0.0 0.449847 0.940475 -7.22566 -0.076824 0.014843 12.845295 71.0
129 5245.0 0.638922 0.625334 0.0 0.433018 0.940475 -7.22566 -0.076824 0.014843 12.845295 71.0
130 5245.0 0.654763 0.628838 0.0 0.449014 0.940475 -7.22566 -0.076824 0.014843 12.845295 71.0
131 5245.0 0.655493 0.606775 0.0 0.433938 0.940475 -7.22566 -0.076824 0.014843 12.845295 71.0
132 5245.0 0.660727 0.590153 0.0 0.426573 0.940475 -7.22566 -0.076824 0.014843 12.845295 71.0
133 5245.0 0.663388 0.610179 0.0 0.44309 0.940475 -7.22566 -0.076824 0.014843 12.845295 71.0
134 5245.0 0.656448 0.63585 0.0 0.45544 0.940475 -7.22566 -0.076824 0.014843 12.845295 71.0
135 5245.0 0.664469 0.642409 0.0 0.466944 0.940475 -7.22566 -0.076824 0.014843 12.845295 71.0
136 5245.0 0.682534 0.644057 0.0 0.483515 0.940475 -7.22566 -0.076824 0.014843 12.845295 71.0
137 5245.0 0.703968 0.629496 0.0 0.491424 0.940475 -7.22566 -0.076824 0.014843 12.845295 71.0
138 5245.0 0.705408 0.639444 0.0 0.49973 0.940475 -7.22566 -0.076824 0.014843 12.845295 71.0
139 5245.0 0.719927 0.648018 0.0 0.518207 0.940475 -7.22566 -0.076824 0.014843 12.845295 71.0
140 5245.0 0.72821 0.652662 0.0 0.528572 0.940475 -7.22566 -0.076824 0.014843 12.845295 71.0
141 5245.0 0.744553 0.651951 0.0 0.541997 0.940475 -7.22566 -0.076824 0.014843 12.845295 71.0
142 5245.0 0.735728 0.652795 0.0 0.535075 0.940475 -7.22566 -0.076824 0.014843 12.845295 71.0
143 5245.0 0.741153 0.638809 0.0 0.529748 0.940475 -7.22566 -0.076824 0.014843 12.845295 71.0
144 5245.0 0.754558 0.65509 0.0 0.552759 0.940475 -7.22566 -0.076824 0.014843 12.845295 71.0
145 5245.0 0.766306 0.64798 0.0 0.557714 0.940475 -7.22566 -0.076824 0.014843 12.845295 71.0
146 5245.0 0.764964 0.65604 0.0 0.562305 0.940475 -7.22566 -0.076824 0.014843 12.845295 71.0
147 5245.0 0.773825 0.669404 0.0 0.579367 0.940475 -7.22566 -0.076824 0.014843 12.845295 71.0
148 5245.0 0.763942 0.679507 0.0 0.57813 0.940475 -7.22566 -0.076824 0.014843 12.845295 71.0
149 5245.0 0.758801 0.68991 0.0 0.58115 0.940475 -7.22566 -0.076824 0.014843 12.845295 71.0
150 5245.0 0.783508 0.682588 0.0 0.597001 0.940475 -7.22566 -0.076824 0.014843 12.845295 71.0
151 5245.0 0.782188 0.671459 0.0 0.587958 0.940475 -7.22566 -0.076824 0.014843 12.845295 71.0
152 5245.0 0.779634 0.698904 0.0 0.605307 0.940475 -7.22566 -0.076824 0.014843 12.845295 71.0
153 5245.0 0.774134 0.699029 0.0 0.600708 0.940475 -7.22566 -0.076824 0.014843 12.845295 71.0
154 5245.0 0.777456 0.701209 0.0 0.605091 0.940475 -7.22566 -0.076824 0.014843 12.845295 71.0
155 5245.0 0.784078 0.706949 0.0 0.61482 0.940475 -7.22566 -0.076824 0.014843 12.845295 71.0
156 5245.0 0.780293 0.717973 0.0 0.619437 0.940475 -7.22566 -0.076824 0.014843 12.845295 71.0
157 5245.0 0.783662 0.724258 0.0 0.626781 0.940475 -7.22566 -0.076824 0.014843 12.845295 71.0
158 5245.0 0.796941 0.729163 0.0 0.641927 0.940475 -7.22566 -0.076824 0.014843 12.845295 71.0
159 5245.0 0.789018 0.71583 0.0 0.625349 0.940475 -7.22566 -0.076824 0.014843 12.845295 71.0
160 5245.0 0.769678 0.737038 0.0 0.623991 0.940475 -7.22566 -0.076824 0.014843 12.845295 71.0
161 5245.0 0.770224 0.731195 0.0 0.620262 0.940475 -7.22566 -0.076824 0.014843 12.845295 71.0
162 5245.0 0.781649 0.739792 0.0 0.636424 0.940475 -7.22566 -0.076824 0.014843 12.845295 71.0
163 5245.0 0.783672 0.720327 0.0 0.623993 0.940475 -7.22566 -0.076824 0.014843 12.845295 71.0
164 5245.0 0.813163 0.73088 0.0 0.657298 0.940475 -7.22566 -0.076824 0.014843 12.845295 71.0
165 5245.0 0.806589 0.743224 0.0 0.660637 0.940475 -7.22566 -0.076824 0.014843 12.845295 71.0
166 5245.0 0.838404 0.766802 0.0 0.70561 0.940475 -7.22566 -0.076824 0.014843 12.845295 71.0
167 5245.0 0.826624 0.783163 0.0 0.707368 0.940475 -7.22566 -0.076824 0.014843 12.845295 71.0
168 5245.0 0.84182 0.795984 0.0 0.729994 0.940475 -7.22566 -0.076824 0.014843 12.845295 71.0
169 5245.0 0.852607 0.810368 0.0 0.749931 0.940475 -7.22566 -0.076824 0.014843 12.845295 71.0
170 5245.0 0.821263 0.826529 0.0 0.734523 0.940475 -7.22566 -0.076824 0.014843 12.845295 71.0
171 5245.0 0.834085 0.849233 0.0 0.762335 0.940475 -7.22566 -0.076824 0.014843 12.845295 71.0
172 5245.0 0.889448 0.873664 0.0 0.828418 0.940475 -7.22566 -0.076824 0.014843 12.845295 71.0
173 5245.0 0.899056 0.852329 0.0 0.821122 0.940475 -7.22566 -0.076824 0.014843 12.845295 71.0
174 5245.0 0.907822 0.872108 0.0 0.843259 0.940475 -7.22566 -0.076824 0.014843 12.845295 71.0
175 5245.0 0.901591 0.888803 0.0 0.850089 0.940475 -7.22566 -0.076824 0.014843 12.845295 71.0
176 5245.0 0.918781 0.897836 0.0 0.869455 0.940475 -7.22566 -0.076824 0.014843 12.845295 71.0
177 5245.0 0.933119 0.91321 0.0 0.886785 0.940475 -7.22566 -0.076824 0.014843 12.845295 71.0
178 5245.0 0.935653 0.933042 0.0 0.902188 0.940475 -7.22566 -0.076824 0.014843 12.845295 71.0
179 5245.0 0.942883 0.96132 0.0 0.925708 0.940475 -7.22566 -0.076824 0.014843 12.845295 71.0
180 5245.0 0.91384 0.985824 0.0 0.92803 0.940475 -7.22566 -0.076824 0.014843 12.845295 71.0
181 5245.0 0.932833 1.012378 0.0 0.941728 0.940475 -7.22566 -0.076824 0.014843 12.845295 71.0
182 5245.0 0.915381 1.063755 0.0 0.934892 0.940475 -7.22566 -0.076824 0.014843 12.845295 71.0
183 5245.0 0.925695 1.070482 0.0 0.939781 0.940475 -7.22566 -0.076824 0.014843 12.845295 71.0
184 5245.0 0.920183 1.094301 0.0 0.937975 0.940475 -7.22566 -0.076824 0.014843 12.845295 71.0
185 5245.0 0.918213 1.113372 0.0 0.937565 0.940475 -7.22566 -0.076824 0.014843 12.845295 71.0
186 5245.0 0.929457 1.103496 0.0 0.942113 0.940475 -7.22566 -0.076824 0.014843 12.845295 71.0
187 5245.0 0.93187 1.135404 0.0 0.943848 0.940475 -7.22566 -0.076824 0.014843 12.845295 71.0
188 5245.0 0.928831 1.148102 0.0 0.942843 0.940475 -7.22566 -0.076824 0.014843 12.845295 71.0
189 5245.0 0.941707 1.145405 0.0 0.948244 0.940475 -7.22566 -0.076824 0.014843 12.845295 71.0
190 5245.0 0.944644 1.095116 0.0 0.948367 0.940475 -7.22566 -0.076824 0.014843 12.845295 71.0
191 5245.0 0.955405 1.092274 0.0 0.952869 0.940475 -7.22566 -0.076824 0.014843 12.845295 71.0
192 5245.0 0.969327 1.11013 0.0 0.959171 0.940475 -7.22566 -0.076824 0.014843 12.845295 71.0
193 5245.0 0.971515 1.138991 0.0 0.960743 0.940475 -7.22566 -0.076824 0.014843 12.845295 71.0
194 5245.0 0.980421 1.167391 0.0 0.965154 0.940475 -7.22566 -0.076824 0.014843 12.845295 71.0
195 5245.0 0.982982 1.138295 0.0 0.965591 0.940475 -7.22566 -0.076824 0.014843 12.845295 71.0
196 5245.0 0.971633 1.146883 0.0 0.960969 0.940475 -7.22566 -0.076824 0.014843 12.845295 71.0
197 5245.0 0.971712 1.164631 0.0 0.961399 0.940475 -7.22566 -0.076824 0.014843 12.845295 71.0
198 5245.0 0.96821 1.194832 0.0 0.954442 0.940475 -7.22566 -0.076824 0.014843 12.845295 71.0
199 5245.0 0.988366 1.183516 0.0 0.968883 0.940475 -7.22566 -0.076824 0.014843 12.845295 71.0
200 5245.0 0.968874 1.185237 0.0 0.957909 0.940475 -7.22566 -0.076824 0.014843 12.845295 71.0
201 5245.0 0.95614 1.173125 0.0 0.954063 0.940475 -7.22566 -0.076824 0.014843 12.845295 71.0
202 5245.0 0.935356 1.188091 0.0 0.936693 0.940475 -7.22566 -0.076824 0.014843 12.845295 71.0
203 5245.0 0.950661 1.185644 0.0 0.946746 0.940475 -7.22566 -0.076824 0.014843 12.845295 71.0
204 5245.0 0.964169 1.19239 0.0 0.952774 0.940475 -7.22566 -0.076824 0.014843 12.845295 71.0
205 5245.0 0.992423 1.193454 0.0 0.969549 0.940475 -7.22566 -0.076824 0.014843 12.845295 71.0
206 5245.0 0.973927 1.192914 0.0 0.958517 0.940475 -7.22566 -0.076824 0.014843 12.845295 71.0
207 5245.0 0.969822 1.198457 0.0 0.954261 0.940475 -7.22566 -0.076824 0.014843 12.845295 71.0
208 5245.0 0.958133 1.189274 0.0 0.950112 0.940475 -7.22566 -0.076824 0.014843 12.845295 71.0
209 5245.0 0.973291 1.185939 0.0 0.96036 0.940475 -7.22566 -0.076824 0.014843 12.845295 71.0
210 5245.0 0.982848 1.156582 0.0 0.965943 0.940475 -7.22566 -0.076824 0.014843 12.845295 71.0
211 5245.0 0.972599 1.185282 0.0 0.96015 0.940475 -7.22566 -0.076824 0.014843 12.845295 71.0
212 5245.0 0.981671 1.193314 0.0 0.963081 0.940475 -7.22566 -0.076824 0.014843 12.845295 71.0
213 5245.0 0.991496 1.174919 0.0 0.970019 0.940475 -7.22566 -0.076824 0.014843 12.845295 71.0
214 5245.0 0.999697 1.185042 0.0 0.973723 0.940475 -7.22566 -0.076824 0.014843 12.845295 71.0
215 5245.0 0.973966 1.187916 0.0 0.960137 0.940475 -7.22566 -0.076824 0.014843 12.845295 71.0
216 5245.0 0.97973 1.174945 0.0 0.96503 0.940475 -7.22566 -0.076824 0.014843 12.845295 71.0
217 5245.0 0.979209 1.166716 0.0 0.964625 0.940475 -7.22566 -0.076824 0.014843 12.845295 71.0
218 5245.0 0.983042 1.178775 0.0 0.96652 0.940475 -7.22566 -0.076824 0.014843 12.845295 71.0
219 5245.0 0.96996 1.184634 0.0 0.958759 0.940475 -7.22566 -0.076824 0.014843 12.845295 71.0
220 5245.0 0.983497 1.2119 0.0 0.958251 0.940475 -7.22566 -0.076824 0.014843 12.845295 71.0
221 5245.0 0.980496 1.220292 0.0 0.953754 0.940475 -7.22566 -0.076824 0.014843 12.845295 71.0
222 5245.0 0.983608 1.206238 0.0 0.960127 0.940475 -7.22566 -0.076824 0.014843 12.845295 71.0
223 5245.0 0.975909 1.195793 0.0 0.958799 0.940475 -7.22566 -0.076824 0.014843 12.845295 71.0
224 5245.0 0.976212 1.202348 0.0 0.956888 0.940475 -7.22566 -0.076824 0.014843 12.845295 71.0
225 5245.0 0.968803 1.21174 0.0 0.949402 0.940475 -7.22566 -0.076824 0.014843 12.845295 71.0
226 5245.0 0.981431 1.207255 0.0 0.958484 0.940475 -7.22566 -0.076824 0.014843 12.845295 71.0
227 5245.0 0.976747 1.198644 0.0 0.958396 0.940475 -7.22566 -0.076824 0.014843 12.845295 71.0
228 5245.0 0.982192 1.182239 0.0 0.966237 0.940475 -7.22566 -0.076824 0.014843 12.845295 71.0
229 5245.0 0.98014 1.169053 0.0 0.965072 0.940475 -7.22566 -0.076824 0.014843 12.845295 71.0
230 5245.0 1.004005 1.16846 0.0 0.975181 0.940475 -7.22566 -0.076824 0.014843 12.845295 71.0
231 5245.0 0.986186 1.176043 0.0 0.967792 0.940475 -7.22566 -0.076824 0.014843 12.845295 71.0
232 5245.0 0.979385 1.183193 0.0 0.964928 0.940475 -7.22566 -0.076824 0.014843 12.845295 71.0
233 5245.0 0.973191 1.187658 0.0 0.95975 0.940475 -7.22566 -0.076824 0.014843 12.845295 71.0
234 5245.0 0.996371 1.184163 0.0 0.972293 0.940475 -7.22566 -0.076824 0.014843 12.845295 71.0
235 5245.0 0.997071 1.175331 0.0 0.972393 0.940475 -7.22566 -0.076824 0.014843 12.845295 71.0
236 5245.0 1.007362 1.197878 0.0 0.977186 0.940475 -7.22566 -0.076824 0.014843 12.845295 71.0
237 5245.0 1.005016 1.19161 0.0 0.976126 0.940475 -7.22566 -0.076824 0.014843 12.845295 71.0
238 5245.0 1.012389 1.19946 0.0 0.979428 0.940475 -7.22566 -0.076824 0.014843 12.845295 71.0
239 5245.0 1.015009 1.209073 0.0 0.978243 0.940475 -7.22566 -0.076824 0.014843 12.845295 71.0
240 5245.0 0.992656 1.20198 0.0 0.966968 0.940475 -7.22566 -0.076824 0.014843 12.845295 71.0
241 5245.0 0.984137 1.210029 0.0 0.959236 0.940475 -7.22566 -0.076824 0.014843 12.845295 71.0
242 5245.0 0.991545 1.182635 0.0 0.970212 0.940475 -7.22566 -0.076824 0.014843 12.845295 71.0
243 5245.0 0.985927 1.200824 0.0 0.96326 0.940475 -7.22566 -0.076824 0.014843 12.845295 71.0
244 5245.0 0.967953 1.192654 0.0 0.954982 0.940475 -7.22566 -0.076824 0.014843 12.845295 71.0
245 5245.0 0.959058 1.147549 0.0 0.955651 0.940475 -7.22566 -0.076824 0.014843 12.845295 71.0
246 5245.0 0.982009 1.144801 0.0 0.965324 0.940475 -7.22566 -0.076824 0.014843 12.845295 71.0
247 5245.0 0.952839 1.145064 0.0 0.952958 0.940475 -7.22566 -0.076824 0.014843 12.845295 71.0
248 5245.0 0.964206 1.156211 0.0 0.958027 0.940475 -7.22566 -0.076824 0.014843 12.845295 71.0
249 5245.0 0.969048 1.148383 0.0 0.959907 0.940475 -7.22566 -0.076824 0.014843 12.845295 71.0
250 5245.0 0.963072 1.162665 0.0 0.95769 0.940475 -7.22566 -0.076824 0.014843 12.845295 71.0
251 5245.0 0.969893 1.147107 0.0 0.960236 0.940475 -7.22566 -0.076824 0.014843 12.845295 71.0
252 5245.0 0.973222 1.166153 0.0 0.962073 0.940475 -7.22566 -0.076824 0.014843 12.845295 71.0
253 5245.0 0.990565 1.181025 0.0 0.969761 0.940475 -7.22566 -0.076824 0.014843 12.845295 71.0
254 5245.0 0.986995 1.178447 0.0 0.968189 0.940475 -7.22566 -0.076824 0.014843 12.845295 71.0
255 5245.0 1.00116 1.173412 0.0 0.974084 0.940475 -7.22566 -0.076824 0.014843 12.845295 71.0
256 5245.0 0.983851 1.157389 0.0 0.966386 0.940475 -7.22566 -0.076824 0.014843 12.845295 71.0
257 5245.0 0.989622 1.166352 0.0 0.969033 0.940475 -7.22566 -0.076824 0.014843 12.845295 71.0
258 5245.0 0.996221 1.158482 0.0 0.971657 0.940475 -7.22566 -0.076824 0.014843 12.845295 71.0
259 5245.0 1.004456 1.166732 0.0 0.975333 0.940475 -7.22566 -0.076824 0.014843 12.845295 71.0
260 5245.0 0.975281 1.169343 0.0 0.963018 0.940475 -7.22566 -0.076824 0.014843 12.845295 71.0
261 5245.0 0.974098 1.155057 0.0 0.962197 0.940475 -7.22566 -0.076824 0.014843 12.845295 71.0
262 5245.0 0.963165 1.148655 0.0 0.957417 0.940475 -7.22566 -0.076824 0.014843 12.845295 71.0
263 5245.0 0.963884 1.148757 0.0 0.957725 0.940475 -7.22566 -0.076824 0.014843 12.845295 71.0
264 5245.0 0.937253 1.135339 0.0 0.94613 0.940475 -7.22566 -0.076824 0.014843 12.845295 71.0
265 5245.0 0.928973 1.116084 0.0 0.942189 0.940475 -7.22566 -0.076824 0.014843 12.845295 71.0
266 5245.0 0.947156 1.114931 0.0 0.949875 0.940475 -7.22566 -0.076824 0.014843 12.845295 71.0
267 5245.0 0.944297 1.132819 0.0 0.949061 0.940475 -7.22566 -0.076824 0.014843 12.845295 71.0
268 5245.0 0.963724 1.16243 0.0 0.957962 0.940475 -7.22566 -0.076824 0.014843 12.845295 71.0
269 5245.0 0.963031 1.153112 0.0 0.95746 0.940475 -7.22566 -0.076824 0.014843 12.845295 71.0
270 5245.0 0.95293 1.173658 0.0 0.951948 0.940475 -7.22566 -0.076824 0.014843 12.845295 71.0
271 5245.0 0.958602 1.165158 0.0 0.95585 0.940475 -7.22566 -0.076824 0.014843 12.845295 71.0
272 5245.0 0.941621 1.187479 0.0 0.940683 0.940475 -7.22566 -0.076824 0.014843 12.845295 71.0
273 5245.0 0.952686 1.214003 0.0 0.938915 0.940475 -7.22566 -0.076824 0.014843 12.845295 71.0
274 5245.0 0.993182 1.187022 0.0 0.971004 0.940475 -7.22566 -0.076824 0.014843 12.845295 71.0
275 5245.0 1.013719 1.198657 0.0 0.979974 0.940475 -7.22566 -0.076824 0.014843 12.845295 71.0
276 5245.0 1.016303 1.20333 0.0 0.980861 0.940475 -7.22566 -0.076824 0.014843 12.845295 71.0
277 5245.0 1.03037 1.22245 0.0 0.983276 0.940475 -7.22566 -0.076824 0.014843 12.845295 71.0
278 5245.0 1.013135 1.251773 0.0 0.963471 0.940475 -7.22566 -0.076824 0.014843 12.845295 71.0
279 5245.0 1.045998 1.232803 0.0 0.989436 0.940475 -7.22566 -0.076824 0.014843 12.845295 71.0
280 5245.0 1.006469 1.231814 0.0 0.965807 0.940475 -7.22566 -0.076824 0.014843 12.845295 71.0
281 5245.0 0.983482 1.231477 0.0 0.95199 0.940475 -7.22566 -0.076824 0.014843 12.845295 71.0
282 5245.0 0.985404 1.249462 0.0 0.946817 0.940475 -7.22566 -0.076824 0.014843 12.845295 71.0
283 5245.0 0.99131 1.236529 0.0 0.955118 0.940475 -7.22566 -0.076824 0.014843 12.845295 71.0
284 5245.0 0.981724 1.229644 0.0 0.951511 0.940475 -7.22566 -0.076824 0.014843 12.845295 71.0
285 5245.0 0.997588 1.213516 0.0 0.966271 0.940475 -7.22566 -0.076824 0.014843 12.845295 71.0
286 5245.0 0.991117 1.2017 0.0 0.966124 0.940475 -7.22566 -0.076824 0.014843 12.845295 71.0
287 5245.0 0.9729 1.191637 0.0 0.958303 0.940475 -7.22566 -0.076824 0.014843 12.845295 71.0
