 time p.x p.y p.z deep.node-0 CV opes.bias opes.rct opes.zed opes.neff opes.nker
0 8015.0 -0.623034 1.405541 0.0 -0.976425 1.822132 -18.867115 -0.119493 0.010539 12.845295 100.0
1 8015.0 -0.615221 1.389256 0.0 -0.965057 1.822132 -18.867115 -0.119493 0.010539 12.845295 100.0
2 8015.0 -0.611389 1.404456 0.0 -0.972177 1.822132 -18.867115 -0.119493 0.010539 12.845295 100.0
3 8015.0 -0.610015 1.421492 0.0 -0.979588 1.822132 -18.867115 -0.119493 0.010539 12.845295 100.0
4 8015.0 -0.624719 1.400603 0.0 -0.974098 1.822132 -18.867115 -0.119493 0.010539 12.845295 100.0
5 8015.0 -0.622558 1.439047 0.0 -0.992271 1.822132 -18.867115 -0.119493 0.010539 12.845295 100.0
6 8015.0 -0.59901 1.424903 0.0 -0.976667 1.822132 -18.867115 -0.119493 0.010539 12.845295 100.0
7 8015.0 -0.583431 1.414129 0.0 -0.965726 1.822132 -18.867115 -0.119493 0.010539 12.845295 100.0
8 8015.0 -0.589277 1.410449 0.0 -0.966463 1.822132 -18.867115 -0.119493 0.010539 12.845295 100.0
9 8015.0 -0.585933 1.426983 0.0 -0.972335 1.822132 -18.867115 -0.119493 0.010539 12.845295 100.0
10 8015.0 -0.597195 1.430881 0.0 -0.978548 1.822132 -18.867115 -0.119493 0.010539 12.845295 100.0
11 8015.0 -0.603817 1.39419 0.0 -0.964519 1.822132 -18.867115 -0.119493 0.010539 12.845295 100.0
12 8015.0 -0.621957 1.388181 0.0 -0.966225 1.822132 -18.867115 -0.119493 0.010539 12.845295 100.0
13 8015.0 -0.625503 1.390316 0.0 -0.968392 1.822132 -18.867115 -0.119493 0.010539 12.845295 100.0
14 8015.0 -0.637645 1.384601 0.0 -0.968326 1.822132 -18.867115 -0.119493 0.010539 12.845295 100.0
15 8015.0 -0.643242 1.375033 0.0 -0.964311 1.822132 -18.867115 -0.119493 0.010539 12.845295 100.0
16 8015.0 -0.649811 1.355121 0.0 -0.954607 1.822132 -18.867115 -0.119493 0.010539 12.845295 100.0
17 8015.0 -0.642015 1.308638 0.0 -0.925821 1.822132 -18.867115 -0.119493 0.010539 12.845295 100.0
18 8015.0 -0.663265 1.285573 0.0 -0.918197 1.822132 -18.867115 -0.119493 0.010539 12.845295 100.0
19 8015.0 -0.663784 1.293727 0.0 -0.923021 1.822132 -18.867115 -0.119493 0.010539 12.845295 100.0
20 8015.0 -0.677164 1.292537 0.0 -0.925884 1.822132 -18.867115 -0.119493 0.010539 12.845295 100.0
21 8015.0 -0.686989 1.277527 0.0 -0.919861 1.822132 -18.867115 -0.119493 0.010539 12.845295 100.0
22 8015.0 -0.676931 1.268592 0.0 -0.912058 1.822132 -18.867115 -0.119493 0.010539 12.845295 100.0
23 8015.0 -0.706647 1.264738 0.0 -0.917721 1.822132 -18.867115 -0.119493 0.010539 12.845295 100.0
24 8015.0 -0.689727 1.273422 0.0 -0.918228 1.822132 -18.867115 -0.119493 0.010539 12.845295 100.0
25 8015.0 -0.699911 1.282316 0.0 -0.92604 1.822132 -18.867115 -0.119493 0.010539 12.845295 100.0
26 8015.0 -0.701611 1.283211 0.0 -0.927005 1.822132 -18.867115 -0.119493 0.010539 12.845295 100.0
27 8015.0 -0.708867 1.285263 0.0 -0.930108 1.822132 -18.867115 -0.119493 0.010539 12.845295 100.0
28 8015.0 -0.747849 1.304403 0.0 -0.951445 1.822132 -18.867115 -0.119493 0.010539 12.845295 100.0
29 8015.0 -0.741238 1.335186 0.0 -0.967387 1.822132 -18.867115 -0.119493 0.010539 12.845295 100.0
30 8015.0 -0.750938 1.309682 0.0 -0.955299 1.822132 -18.867115 -0.119493 0.010539 12.845295 100.0
31 8015.0 -0.731361 1.289813 0.0 -0.938687 1.822132 -18.867115 -0.119493 0.010539 12.845295 100.0
32 8015.0 -0.736364 1.234614 0.0 -0.908285 1.822132 -18.867115 -0.119493 0.010539 12.845295 100.0
33 8015.0 -0.754505 1.215798 0.0 -0.902279 1.822132 -18.867115 -0.119493 0.010539 12.845295 100.0
34 8015.0 -0.793334 1.221922 0.0 -0.916093 1.822132 -18.867115 -0.119493 0.010539 12.845295 100.0
35 8015.0 -0.782425 1.184634 0.0 -0.891518 1.822132 -18.867115 -0.119493 0.010539 12.845295 100.0
36 8015.0 -0.78869 1.196167 0.0 -0.899997 1.822132 -18.867115 -0.119493 0.010539 12.845295 100.0
37 8015.0 -0.799368 1.173151 0.0 -0.889338 1.822132 -18.867115 -0.119493 0.010539 12.845295 100.0
38 8015.0 -0.811875 1.173585 0.0 -0.892972 1.822132 -18.867115 -0.119493 0.010539 12.845295 100.0
39 8015.0 -0.804224 1.178832 0.0 -0.893992 1.822132 -18.867115 -0.119493 0.010539 12.845295 100.0
40 8015.0 -0.817578 1.153786 0.0 -0.882862 1.822132 -18.867115 -0.119493 0.010539 12.845295 100.0
41 8015.0 -0.836184 1.107599 0.0 -0.860712 1.822132 -18.867115 -0.119493 0.010539 12.845295 100.0
42 8015.0 -0.861719 1.094788 0.0 -0.860071 1.822132 -18.867115 -0.119493 0.010539 12.845295 100.0
43 8015.0 -0.871719 1.07289 0.0 -0.849887 1.822132 -18.867115 -0.119493 0.010539 12.845295 100.0
44 8015.0 -0.855835 1.0663 0.0 -0.841718 1.822132 -18.867115 -0.119493 0.010539 12.845295 100.0
45 8015.0 -0.889069 1.068847 0.0 -0.852195 1.822132 -18.867115 -0.119493 0.010539 12.845295 100.0
46 8015.0 -0.916686 1.074267 0.0 -0.862844 1.822132 -18.867115 -0.119493 0.010539 12.845295 100.0
47 8015.0 -0.919245 1.047826 0.0 -0.847977 1.822132 -18.867115 -0.119493 0.010539 12.845295 100.0
48 8015.0 -0.90421 1.011661 0.0 -0.822704 1.822132 -18.867115 -0.119493 0.010539 12.845295 100.0
49 8015.0 -0.892238 0.989716 0.0 -0.806273 1.822132 -18.867115 -0.119493 0.010539 12.845295 100.0
50 8015.0 -0.888569 0.99077 0.0 -0.805875 1.822132 -18.867115 -0.119493 0.010539 12.845295 100.0
51 8015.0 -0.889808 0.990962 0.0 -0.806336 1.822132 -18.867115 -0.119493 0.010539 12.845295 100.0
52 8015.0 -0.888455 0.977795 0.0 -0.798108 1.822132 -18.867115 -0.119493 0.010539 12.845295 100.0
53 8015.0 -0.904837 0.937614 0.0 -0.775729 1.822132 -18.867115 -0.119493 0.010539 12.845295 100.0
54 8015.0 -0.899081 0.901579 0.0 -0.743007 1.822132 -18.867115 -0.119493 0.010539 12.845295 100.0
55 8015.0 -0.864954 0.868387 0.0 -0.702554 1.822132 -18.867115 -0.119493 0.010539 12.845295 100.0
56 8015.0 -0.846476 0.854665 0.0 -0.684356 1.822132 -18.867115 -0.119493 0.010539 12.845295 100.0
57 8015.0 -0.843349 0.822378 0.0 -0.655145 1.822132 -18.867115 -0.119493 0.010539 12.845295 100.0
58 8015.0 -0.831203 0.817774 0.0 -0.647034 1.822132 -18.867115 -0.119493 0.010539 12.845295 100.0
59 8015.0 -0.807925 0.799346 0.0 -0.623113 1.822132 -18.867115 -0.119493 0.010539 12.845295 100.0
60 8015.0 -0.797848 0.789838 0.0 -0.611424 1.822132 -18.867115 -0.119493 0.010539 12.845295 100.0
61 8015.0 -0.785256 0.796064 0.0 -0.612607 1.822132 -18.867115 -0.119493 0.010539 12.845295 100.0
62 8015.0 -0.767904 0.768789 0.0 -0.58297 1.822132 -18.867115 -0.119493 0.010539 12.845295 100.0
63 8015.0 -0.751098 0.762186 0.0 -0.571055 1.822132 -18.867115 -0.119493 0.010539 12.845295 100.0
64 8015.0 -0.768617 0.746946 0.0 -0.563909 1.822132 -18.867115 -0.119493 0.010539 12.845295 100.0
65 8015.0 -0.769479 0.754099 0.0 -0.570558 1.822132 -18.867115 -0.119493 0.010539 12.845295 100.0
66 8015.0 -0.776244 0.747125 0.0 -0.566843 1.822132 -18.867115 -0.119493 0.010539 12.845295 100.0
67 8015.0 -0.761809 0.733684 0.0 -0.54857 1.822132 -18.867115 -0.119493 0.010539 12.845295 100.0
68 8015.0 -0.753687 0.735488 0.0 -0.547226 1.822132 -18.867115 -0.119493 0.010539 12.845295 100.0
69 8015.0 -0.738528 0.701391 0.0 -0.502829 1.822132 -18.867115 -0.119493 0.010539 12.845295 100.0
70 8015.0 -0.71133 0.711198 0.0 -0.50254 1.822132 -18.867115 -0.119493 0.010539 12.845295 100.0
71 8015.0 -0.721079 0.705234 0.0 -0.499906 1.822132 -18.867115 -0.119493 0.010539 12.845295 100.0
72 8015.0 -0.692851 0.689207 0.0 -0.470305 1.822132 -18.867115 -0.119493 0.010539 12.845295 100.0
73 8015.0 -0.678739 0.699837 0.0 -0.476352 1.822132 -18.867115 -0.119493 0.010539 12.845295 100.0
74 8015.0 -0.663597 0.729568 0.0 -0.50333 1.822132 -18.867115 -0.119493 0.010539 12.845295 100.0
75 8015.0 -0.639898 0.709786 0.0 -0.471405 1.822132 -18.867115 -0.119493 0.010539 12.845295 100.0
76 8015.0 -0.636048 0.672734 0.0 -0.428382 1.822132 -18.867115 -0.119493 0.010539 12.845295 100.0
77 8015.0 -0.652924 0.661705 0.0 -0.423033 1.822132 -18.867115 -0.119493 0.010539 12.845295 100.0
78 8015.0 -0.627315 0.665813 0.0 -0.41703 1.822132 -18.867115 -0.119493 0.010539 12.845295 100.0
79 8015.0 -0.629577 0.647387 0.0 -0.397363 1.822132 -18.867115 -0.119493 0.010539 12.845295 100.0
80 8015.0 -0.607647 0.641482 0.0 -0.381687 1.822132 -18.867115 -0.119493 0.010539 12.845295 100.0
81 8015.0 -0.581764 0.656874 0.0 -0.388187 1.822132 -18.867115 -0.119493 0.010539 12.845295 100.0
82 8015.0 -0.554222 0.625983 0.0 -0.342251 1.822132 -18.867115 -0.119493 0.010539 12.845295 100.0
83 8015.0 -0.535746 0.631389 0.0 -0.339147 1.822132 -18.867115 -0.119493 0.010539 12.845295 100.0
84 8015.0 -0.540996 0.605187 0.0 -0.303917 1.822132 -18.867115 -0.119493 0.010539 12.845295 100.0
85 8015.0 -0.536438 0.632072 0.0 -0.340618 1.822132 -18.867115 -0.119493 0.010539 12.845295 100.0
86 8015.0 -0.530691 0.621099 0.0 -0.320621 1.822132 -18.867115 -0.119493 0.010539 12.845295 100.0
87 8015.0 -0.538777 0.600442 0.0 -0.294653 1.822132 -18.867115 -0.119493 0.010539 12.845295 100.0
88 8015.0 -0.534827 0.576868 0.0 -0.249594 1.822132 -18.867115 -0.119493 0.010539 12.845295 100.0
89 8015.0 -0.52196 0.564486 0.0 -0.215499 1.822132 -18.867115 -0.119493 0.010539 12.845295 100.0
90 8015.0 -0.522494 0.540585 0.0 -0.180041 1.822132 -18.867115 -0.119493 0.010539 12.845295 100.0
91 8015.0 -0.494901 0.522068 0.0 -0.135965 1.822132 -18.867115 -0.119493 0.010539 12.845295 100.0
92 8015.0 -0.46192 0.515571 0.0 -0.113713 1.822132 -18.867115 -0.119493 0.010539 12.845295 100.0
93 8015.0 -0.449435 0.481126 0.0 -0.076038 1.822132 -18.867115 -0.119493 0.010539 12.845295 100.0
94 8015.0 -0.420598 0.493799 0.0 -0.076931 1.822132 -18.867115 -0.119493 0.010539 12.845295 100.0
95 8015.0 -0.424878 0.497676 0.0 -0.082287 1.822132 -18.867115 -0.119493 0.010539 12.845295 100.0
96 8015.0 -0.427517 0.500885 0.0 -0.086368 1.822132 -18.867115 -0.119493 0.010539 12.845295 100.0
97 8015.0 -0.423287 0.505383 0.0 -0.089015 1.822132 -18.867115 -0.119493 0.010539 12.845295 100.0
98 8015.0 -0.443674 0.506557 0.0 -0.098043 1.822132 -18.867115 -0.119493 0.010539 12.845295 100.0
99 8015.0 -0.442742 0.514804 0.0 -0.105542 1.822132 -18.867115 -0.119493 0.010539 12.845295 100.0
100 8015.0 -0.433074 0.529485 0.0 -0.115784 1.822132 -18.867115 -0.119493 0.010539 12.845295 100.0
101 8015.0 -0.422875 0.534208 0.0 -0.116329 1.822132 -18.867115 -0.119493 0.010539 12.845295 100.0
102 8015.0 -0.418725 0.542054 0.0 -0.122197 1.822132 -18.867115 -0.119493 0.010539 12.845295 100.0
103 8015.0 -0.415808 0.554905 0.0 -0.133314 1.822132 -18.867115 -0.119493 0.010539 12.845295 100.0
104 8015.0 -0.375015 0.535677 0.0 -0.099162 1.822132 -18.867115 -0.119493 0.010539 12.845295 100.0
105 8015.0 -0.370614 0.520912 0.0 -0.083381 1.822132 -18.867115 -0.119493 0.010539 12.845295 100.0
106 8015.0 -0.369134 0.528439 0.0 -0.089982 1.822132 -18.867115 -0.119493 0.010539 12.845295 100.0
107 8015.0 -0.350391 0.532484 0.0 -0.086566 1.822132 -18.867115 -0.119493 0.010539 12.845295 100.0
108 8015.0 -0.340847 0.515785 0.0 -0.066947 1.822132 -18.867115 -0.119493 0.010539 12.845295 100.0
109 8015.0 -0.315053 0.54293 0.0 -0.082813 1.822132 -18.867115 -0.119493 0.010539 12.845295 100.0
110 8015.0 -0.287699 0.525163 0.0 -0.055268 1.822132 -18.867115 -0.119493 0.010539 12.845295 100.0
111 8015.0 -0.265909 0.508725 0.0 -0.032933 1.822132 -18.867115 -0.119493 0.010539 12.845295 100.0
112 8015.0 -0.266915 0.504784 0.0 -0.030072 1.822132 -18.867115 -0.119493 0.010539 12.845295 100.0
113 8015.0 -0.241704 0.516907 0.0 -0.032036 1.822132 -18.867115 -0.119493 0.010539 12.845295 100.0
114 8015.0 -0.240654 0.548332 0.0 -0.059099 1.822132 -18.867115 -0.119493 0.010539 12.845295 100.0
115 8015.0 -0.233396 0.557863 0.0 -0.065369 1.822132 -18.867115 -0.119493 0.010539 12.845295 100.0
116 8015.0 -0.219399 0.542315 0.0 -0.045592 1.822132 -18.867115 -0.119493 0.010539 12.845295 100.0
117 8015.0 -0.225792 0.536534 0.0 -0.042915 1.822132 -18.867115 -0.119493 0.010539 12.845295 100.0
118 8015.0 -0.221986 0.555927 0.0 -0.059096 1.822132 -18.867115 -0.119493 0.010539 12.845295 100.0
119 8015.0 -0.231547 0.579552 0.0 -0.085323 1.822132 -18.867115 -0.119493 0.010539 12.845295 100.0
120 8015.0 -0.21627 0.568807 0.0 -0.069155 1.822132 -18.867115 -0.119493 0.010539 12.845295 100.0
121 8015.0 -0.221 0.566209 0.0 -0.068514 1.822132 -18.867115 -0.119493 0.010539 12.845295 100.0
122 8015.0 -0.218554 0.564593 0.0 -0.066025 1.822132 -18.867115 -0.119493 0.010539 12.845295 100.0
123 8015.0 -0.205351 0.559149 0.0 -0.055714 1.822132 -18.867115 -0.119493 0.010539 12.845295 100.0
124 8015.0 -0.192883 0.537585 0.0 -0.033587 1.822132 -18.867115 -0.119493 0.010539 12.845295 100.0
125 8015.0 -0.186628 0.507561 0.0 -0.007486 1.822132 -18.867115 -0.119493 0.010539 12.845295 100.0
126 8015.0 -0.148825 0.512598 0.0 0.000148 1.822132 -18.867115 -0.119493 0.010539 12.845295 100.0
127 8015.0 -0.139171 0.493926 0.0 0.015459 1.822132 -18.867115 -0.119493 0.010539 12.845295 100.0
128 8015.0 -0.124598 0.501421 0.0 0.013255 1.822132 -18.867115 -0.119493 0.010539 12.845295 100.0
129 8015.0 -0.135939 0.501982 0.0 0.010635 1.822132 -18.867115 -0.119493 0.010539 12.845295 100.0
130 8015.0 -0.128998 0.493351 0.0 0.017858 1.822132 -18.867115 -0.119493 0.010539 12.845295 100.0
131 8015.0 -0.112243 0.503468 0.0 0.013955 1.822132 -18.867115 -0.119493 0.010539 12.845295 100.0
132 8015.0 -0.088214 0.503683 0.0 0.012391 1.822132 -18.867115 -0.119493 0.010539 12.845295 100.0
133 8015.0 -0.103404 0.499184 0.0 0.015081 1.822132 -18.867115 -0.119493 0.010539 12.845295 100.0
134 8015.0 -0.113354 0.470854 0.0 0.026739 1.822132 -18.867115 -0.119493 0.010539 12.845295 100.0
135 8015.0 -0.108815 0.480056 0.0 0.022872 1.822132 -18.867115 -0.119493 0.010539 12.845295 100.0
136 8015.0 -0.119698 0.485775 0.0 0.021312 1.822132 -18.867115 -0.119493 0.010539 12.845295 100.0
137 8015.0 -0.115627 0.507202 0.0 0.011107 1.822132 -18.867115 -0.119493 0.010539 12.845295 100.0
138 8015.0 -0.111026 0.513087 0.0 0.008026 1.822132 -18.867115 -0.119493 0.010539 12.845295 100.0
139 8015.0 -0.100194 0.518308 0.0 0.006367 1.822132 -18.867115 -0.119493 0.010539 12.845295 100.0
140 8015.0 -0.079836 0.516151 0.0 0.007014 1.822132 -18.867115 -0.119493 0.010539 12.845295 100.0
141 8015.0 -0.069577 0.53067 0.0 0.000721 1.822132 -18.867115 -0.119493 0.010539 12.845295 100.0
142 8015.0 -0.06707 0.525302 0.0 0.002659 1.822132 -18.867115 -0.119493 0.010539 12.845295 100.0
143 8015.0 -0.051821 0.518663 0.0 0.004308 1.822132 -18.867115 -0.119493 0.010539 12.845295 100.0
144 8015.0 -0.068508 0.517158 0.0 0.005923 1.822132 -18.867115 -0.119493 0.010539 12.845295 100.0
145 8015.0 -0.087542 0.528219 0.0 0.001485 1.822132 -18.867115 -0.119493 0.010539 12.845295 100.0
146 8015.0 -0.07747 0.527794 0.0 0.002318 1.822132 -18.867115 -0.119493 0.010539 12.845295 100.0
147 8015.0 -0.080187 0.490068 0.0 0.017205 1.822132 -18.867115 -0.119493 0.010539 12.845295 100.0
148 8015.0 -0.066234 0.523849 0.0 0.003174 1.822132 -18.867115 -0.119493 0.010539 12.845295 100.0
149 8015.0 -0.066216 0.543561 0.0 -0.005969 1.822132 -18.867115 -0.119493 0.010539 12.845295 100.0
150 8015.0 -0.017959 0.560627 0.0 -0.010996 1.822132 -18.867115 -0.119493 0.010539 12.845295 100.0
151 8015.0 -0.019615 0.54673 0.0 -0.00669 1.822132 -18.867115 -0.119493 0.010539 12.845295 100.0
152 8015.0 -0.003082 0.543931 0.0 -0.006172 1.822132 -18.867115 -0.119493 0.010539 12.845295 100.0
153 8015.0 -0.009117 0.497134 0.0 0.010072 1.822132 -18.867115 -0.119493 0.010539 12.845295 100.0
154 8015.0 0.005084 0.481065 0.0 0.015462 1.822132 -18.867115 -0.119493 0.010539 12.845295 100.0
155 8015.0 -0.017744 0.483478 0.0 0.015928 1.822132 -18.867115 -0.119493 0.010539 12.845295 100.0
156 8015.0 -0.018487 0.513601 0.0 0.004229 1.822132 -18.867115 -0.119493 0.010539 12.845295 100.0
157 8015.0 -0.010725 0.514302 0.0 0.003477 1.822132 -18.867115 -0.119493 0.010539 12.845295 100.0
158 8015.0 -0.032374 0.514939 0.0 0.004562 1.822132 -18.867115 -0.119493 0.010539 12.845295 100.0
159 8015.0 -0.017815 0.528425 0.0 -0.001101 1.822132 -18.867115 -0.119493 0.010539 12.845295 100.0
160 8015.0 -0.022482 0.526702 0.0 -0.000474 1.822132 -18.867115 -0.119493 0.010539 12.845295 100.0
161 8015.0 -0.004902 0.524836 0.0 -0.000265 1.822132 -18.867115 -0.119493 0.010539 12.845295 100.0
162 8015.0 -0.014904 0.525328 0.0 -0.000209 1.822132 -18.867115 -0.119493 0.010539 12.845295 100.0
163 8015.0 -0.022813 0.496396 0.0 0.011203 1.822132 -18.867115 -0.119493 0.010539 12.845295 100.0
164 8015.0 -0.014553 0.505929 0.0 0.006977 1.822132 -18.867115 -0.119493 0.010539 12.845295 100.0
165 8015.0 -0.017874 0.507871 0.0 0.006425 1.822132 -18.867115 -0.119493 0.010539 12.845295 100.0
166 8015.0 -0.012521 0.516049 0.0 0.002906 1.822132 -18.867115 -0.119493 0.010539 12.845295 100.0
167 8015.0 0.001779 0.510712 0.0 0.004106 1.822132 -18.867115 -0.119493 0.010539 12.845295 100.0
168 8015.0 -0.006298 0.518081 0.0 0.00184 1.822132 -18.867115 -0.119493 0.010539 12.845295 100.0
169 8015.0 -0.012701 0.498955 0.0 0.009582 1.822132 -18.867115 -0.119493 0.010539 12.845295 100.0
170 8015.0 -0.017422 0.479561 0.0 0.017435 1.822132 -18.867115 -0.119493 0.010539 12.845295 100.0
171 8015.0 0.006741 0.483348 0.0 0.01447 1.822132 -18.867115 -0.119493 0.010539 12.845295 100.0
172 8015.0 0.005597 0.468743 0.0 0.020503 1.822132 -18.867115 -0.119493 0.010539 12.845295 100.0
173 8015.0 0.043707 0.467846 0.0 0.018922 1.822132 -18.867115 -0.119493 0.010539 12.845295 100.0
174 8015.0 0.06088 0.458312 0.0 0.022303 1.822132 -18.867115 -0.119493 0.010539 12.845295 100.0
175 8015.0 0.071148 0.443245 0.0 0.028525 1.822132 -18.867115 -0.119493 0.010539 12.845295 100.0
176 8015.0 0.065901 0.441694 0.0 0.029493 1.822132 -18.867115 -0.119493 0.010539 12.845295 100.0
177 8015.0 0.068679 0.472317 0.0 0.015618 1.822132 -18.867115 -0.119493 0.010539 12.845295 100.0
178 8015.0 0.08349 0.465362 0.0 0.017966 1.822132 -18.867115 -0.119493 0.010539 12.845295 100.0
179 8015.0 0.076198 0.455868 0.0 0.022602 1.822132 -18.867115 -0.119493 0.010539 12.845295 100.0
180 8015.0 0.108391 0.469825 0.0 0.015486 1.822132 -18.867115 -0.119493 0.010539 12.845295 100.0
181 8015.0 0.131642 0.467306 0.0 0.016148 1.822132 -18.867115 -0.119493 0.010539 12.845295 100.0
182 8015.0 0.144639 0.50546 0.0 0.006176 1.822132 -18.867115 -0.119493 0.010539 12.845295 100.0
183 8015.0 0.152293 0.542594 0.0 0.008586 1.822132 -18.867115 -0.119493 0.010539 12.845295 100.0
184 8015.0 0.164281 0.556649 0.0 0.01095 1.822132 -18.867115 -0.119493 0.010539 12.845295 100.0
185 8015.0 0.156875 0.51992 0.0 0.008592 1.822132 -18.867115 -0.119493 0.010539 12.845295 100.0
186 8015.0 0.164471 0.521404 0.0 0.009853 1.822132 -18.867115 -0.119493 0.010539 12.845295 100.0
187 8015.0 0.158222 0.522367 0.0 0.008886 1.822132 -18.867115 -0.119493 0.010539 12.845295 100.0
188 8015.0 0.163866 0.519858 0.0 0.009707 1.822132 -18.867115 -0.119493 0.010539 12.845295 100.0
189 8015.0 0.169886 0.49278 0.0 0.010811 1.822132 -18.867115 -0.119493 0.010539 12.845295 100.0
190 8015.0 0.176556 0.493174 0.0 0.011984 1.822132 -18.867115 -0.119493 0.010539 12.845295 100.0
191 8015.0 0.150107 0.48255 0.0 0.010365 1.822132 -18.867115 -0.119493 0.010539 12.845295 100.0
192 8015.0 0.173063 0.485108 0.0 0.012188 1.822132 -18.867115 -0.119493 0.010539 12.845295 100.0
193 8015.0 0.185846 0.481385 0.0 0.014901 1.822132 -18.867115 -0.119493 0.010539 12.845295 100.0
194 8015.0 0.199026 0.483432 0.0 0.017087 1.822132 -18.867115 -0.119493 0.010539 12.845295 100.0
195 8015.0 0.196622 0.482002 0.0 0.016798 1.822132 -18.867115 -0.119493 0.010539 12.845295 100.0
196 8015.0 0.216933 0.495891 0.0 0.019048 1.822132 -18.867115 -0.119493 0.010539 12.845295 100.0
197 8015.0 0.242592 0.489697 0.0 0.033697 1.822132 -18.867115 -0.119493 0.010539 12.845295 100.0
198 8015.0 0.230656 0.487869 0.0 0.024091 1.822132 -18.867115 -0.119493 0.010539 12.845295 100.0
199 8015.0 0.228629 0.493355 0.0 0.024809 1.822132 -18.867115 -0.119493 0.010539 12.845295 100.0
200 8015.0 0.261316 0.501237 0.0 0.05228 1.822132 -18.867115 -0.119493 0.010539 12.845295 100.0
201 8015.0 0.245842 0.492794 0.0 0.037366 1.822132 -18.867115 -0.119493 0.010539 12.845295 100.0
202 8015.0 0.282249 0.496554 0.0 0.065929 1.822132 -18.867115 -0.119493 0.010539 12.845295 100.0
203 8015.0 0.296475 0.506656 0.0 0.08059 1.822132 -18.867115 -0.119493 0.010539 12.845295 100.0
204 8015.0 0.307724 0.526 0.0 0.097228 1.822132 -18.867115 -0.119493 0.010539 12.845295 100.0
205 8015.0 0.32399 0.510259 0.0 0.102485 1.822132 -18.867115 -0.119493 0.010539 12.845295 100.0
206 8015.0 0.310577 0.521015 0.0 0.096883 1.822132 -18.867115 -0.119493 0.010539 12.845295 100.0
207 8015.0 0.318577 0.502158 0.0 0.095181 1.822132 -18.867115 -0.119493 0.010539 12.845295 100.0
208 8015.0 0.328388 0.522287 0.0 0.110627 1.822132 -18.867115 -0.119493 0.010539 12.845295 100.0
209 8015.0 0.352711 0.517061 0.0 0.126573 1.822132 -18.867115 -0.119493 0.010539 12.845295 100.0
210 8015.0 0.360281 0.556095 0.0 0.151503 1.822132 -18.867115 -0.119493 0.010539 12.845295 100.0
211 8015.0 0.360158 0.552984 0.0 0.149686 1.822132 -18.867115 -0.119493 0.010539 12.845295 100.0
212 8015.0 0.353468 0.538417 0.0 0.136906 1.822132 -18.867115 -0.119493 0.010539 12.845295 100.0
213 8015.0 0.366762 0.519 0.0 0.137795 1.822132 -18.867115 -0.119493 0.010539 12.845295 100.0
214 8015.0 0.344566 0.522359 0.0 0.122671 1.822132 -18.867115 -0.119493 0.010539 12.845295 100.0
215 8015.0 0.392855 0.510425 0.0 0.153699 1.822132 -18.867115 -0.119493 0.010539 12.845295 100.0
216 8015.0 0.409235 0.558037 0.0 0.189349 1.822132 -18.867115 -0.119493 0.010539 12.845295 100.0
217 8015.0 0.407836 0.568242 0.0 0.195417 1.822132 -18.867115 -0.119493 0.010539 12.845295 100.0
218 8015.0 0.408368 0.560425 0.0 0.190308 1.822132 -18.867115 -0.119493 0.010539 12.845295 100.0
219 8015.0 0.426803 0.568095 0.0 0.21148 1.822132 -18.867115 -0.119493 0.010539 12.845295 100.0
220 8015.0 0.454321 0.568557 0.0 0.235265 1.822132 -18.867115 -0.119493 0.010539 12.845295 100.0
221 8015.0 0.467032 0.571867 0.0 0.248456 1.822132 -18.867115 -0.119493 0.010539 12.845295 100.0
222 8015.0 0.478342 0.567339 0.0 0.254874 1.822132 -18.867115 -0.119493 0.010539 12.845295 100.0
223 8015.0 0.490588 0.5697 0.0 0.266993 1.822132 -18.867115 -0.119493 0.010539 12.845295 100.0
224 8015.0 0.489677 0.562564 0.0 0.26114 1.822132 -18.867115 -0.119493 0.010539 12.845295 100.0
225 8015.0 0.497245 0.582969 0.0 0.282109 1.822132 -18.867115 -0.119493 0.010539 12.845295 100.0
226 8015.0 0.499404 0.552871 0.0 0.2627 1.822132 -18.867115 -0.119493 0.010539 12.845295 100.0
227 8015.0 0.507417 0.568432 0.0 0.280436 1.822132 -18.867115 -0.119493 0.010539 12.845295 100.0
228 8015.0 0.551614 0.540081 0.0 0.301005 1.822132 -18.867115 -0.119493 0.010539 12.845295 100.0
229 8015.0 0.548975 0.544014 0.0 0.300961 1.822132 -18.867115 -0.119493 0.010539 12.845295 100.0
230 8015.0 0.535356 0.521776 0.0 0.276252 1.822132 -18.867115 -0.119493 0.010539 12.845295 100.0
231 8015.0 0.515437 0.539952 0.0 0.269288 1.822132 -18.867115 -0.119493 0.010539 12.845295 100.0
232 8015.0 0.551924 0.539089 0.0 0.300706 1.822132 -18.867115 -0.119493 0.010539 12.845295 100.0
233 8015.0 0.570521 0.546887 0.0 0.321459 1.822132 -18.867115 -0.119493 0.010539 12.845295 100.0
234 8015.0 0.569146 0.550942 0.0 0.322591 1.822132 -18.867115 -0.119493 0.010539 12.845295 100.0
235 8015.0 0.574435 0.588112 0.0 0.351565 1.822132 -18.867115 -0.119493 0.010539 12.845295 100.0
236 8015.0 0.560168 0.579034 0.0 0.332944 1.822132 -18.867115 -0.119493 0.010539 12.845295 100.0
237 8015.0 0.544791 0.579993 0.0 0.320519 1.822132 -18.867115 -0.119493 0.010539 12.845295 100.0
238 8015.0 0.568749 0.623803 0.0 0.372113 1.822132 -18.867115 -0.119493 0.010539 12.845295 100.0
239 8015.0 0.571319 0.611155 0.0 0.365304 1.822132 -18.867115 -0.119493 0.010539 12.845295 100.0
240 8015.0 0.594165 0.600797 0.0 0.377408 1.822132 -18.867115 -0.119493 0.010539 12.845295 100.0
241 8015.0 0.615143 0.595543 0.0 0.391553 1.822132 -18.867115 -0.119493 0.010539 12.845295 100.0
242 8015.0 0.617054 0.5895 0.0 0.388882 1.822132 -18.867115 -0.119493 0.010539 12.845295 100.0
243 8015.0 0.64032 0.612457 0.0 0.425048 1.822132 -18.867115 -0.119493 0.010539 12.845295 100.0
244 8015.0 0.640891 0.620872 0.0 0.431521 1.822132 -18.867115 -0.119493 0.010539 12.845295 100.0
245 8015.0 0.646966 0.605763 0.0 0.42595 1.822132 -18.867115 -0.119493 0.010539 12.845295 100.0
246 8015.0 0.662388 0.640669 0.0 0.463931 1.822132 -18.867115 -0.119493 0.010539 12.845295 100.0
247 8015.0 0.670355 0.629932 0.0 0.463083 1.822132 -18.867115 -0.119493 0.010539 12.845295 100.0
248 8015.0 0.651232 0.624905 0.0 0.443206 1.822132 -18.867115 -0.119493 0.010539 12.845295 100.0
249 8015.0 0.638486 0.614851 0.0 0.425187 1.822132 -18.867115 -0.119493 0.010539 12.845295 100.0
250 8015.0 0.641606 0.590346 0.0 0.410411 1.822132 -18.867115 -0.119493 0.010539 12.845295 100.0
251 8015.0 0.648992 0.581058 0.0 0.410099 1.822132 -18.867115 -0.119493 0.010539 12.845295 100.0
252 8015.0 0.662944 0.585313 0.0 0.425019 1.822132 -18.867115 -0.119493 0.010539 12.845295 100.0
253 8015.0 0.698233 0.577405 0.0 0.450726 1.822132 -18.867115 -0.119493 0.010539 12.845295 100.0
254 8015.0 0.697305 0.59811 0.0 0.463414 1.822132 -18.867115 -0.119493 0.010539 12.845295 100.0
255 8015.0 0.698135 0.633319 0.0 0.489173 1.822132 -18.867115 -0.119493 0.010539 12.845295 100.0
256 8015.0 0.715783 0.64387 0.0 0.511723 1.822132 -18.867115 -0.119493 0.010539 12.845295 100.0
257 8015.0 0.733215 0.631491 0.0 0.517775 1.822132 -18.867115 -0.119493 0.010539 12.845295 100.0
258 8015.0 0.749669 0.637344 0.0 0.535964 1.822132 -18.867115 -0.119493 0.010539 12.845295 100.0
259 8015.0 0.724409 0.639223 0.0 0.51577 1.822132 -18.867115 -0.119493 0.010539 12.845295 100.0
260 8015.0 0.743311 0.663624 0.0 0.549243 1.822132 -18.867115 -0.119493 0.010539 12.845295 100.0
261 8015.0 0.749112 0.695522 0.0 0.576884 1.822132 -18.867115 -0.119493 0.010539 12.845295 100.0
262 8015.0 0.74118 0.706036 0.0 0.577603 1.822132 -18.867115 -0.119493 0.010539 12.845295 100.0
263 8015.0 0.734292 0.713869 0.0 0.577306 1.822132 -18.867115 -0.119493 0.010539 12.845295 100.0
264 8015.0 0.741705 0.713721 0.0 0.58352 1.822132 -18.867115 -0.119493 0.010539 12.845295 100.0
265 8015.0 0.738087 0.734188 0.0 0.594998 1.822132 -18.867115 -0.119493 0.010539 12.845295 100.0
266 8015.0 0.732649 0.739461 0.0 0.594114 1.822132 -18.867115 -0.119493 0.010539 12.845295 100.0
267 8015.0 0.741166 0.774478 0.0 0.62666 1.822132 -18.867115 -0.119493 0.010539 12.845295 100.0
268 8015.0 0.78177 0.732527 0.0 0.631198 1.822132 -18.867115 -0.119493 0.010539 12.845295 100.0
269 8015.0 0.794394 0.760376 0.0 0.662613 1.822132 -18.867115 -0.119493 0.010539 12.845295 100.0
270 8015.0 0.808853 0.758086 0.0 0.673511 1.822132 -18.867115 -0.119493 0.010539 12.845295 100.0
271 8015.0 0.822601 0.77542 0.0 0.698187 1.822132 -18.867115 -0.119493 0.010539 12.845295 100.0
272 8015.0 0.817217 0.773645 0.0 0.692202 1.822132 -18.867115 -0.119493 0.010539 12.845295 100.0
273 8015.0 0.827704 0.768591 0.0 0.697616 1.822132 -18.867115 -0.119493 0.010539 12.845295 100.0
274 8015.0 0.822837 0.770157 0.0 0.694531 1.822132 -18.867115 -0.119493 0.010539 12.845295 100.0
275 8015.0 0.827439 0.796502 0.0 0.717864 1.822132 -18.867115 -0.119493 0.010539 12.845295 100.0
276 8015.0 0.850019 0.802956 0.0 0.742241 1.822132 -18.867115 -0.119493 0.010539 12.845295 100.0
277 8015.0 0.868786 0.805571 0.0 0.760485 1.822132 -18.867115 -0.119493 0.010539 12.845295 100.0
278 8015.0 0.871666 0.821839 0.0 0.774925 1.822132 -18.867115 -0.119493 0.010539 12.845295 100.0
279 8015.0 0.82865 0.843136 0.0 0.753134 1.822132 -18.867115 -0.119493 0.010539 12.845295 100.0
280 8015.0 0.825199 0.833403 0.0 0.742991 1.822132 -18.867115 -0.119493 0.010539 12.845295 100.0
281 8015.0 0.837701 0.809524 0.0 0.736345 1.822132 -18.867115 -0.119493 0.010539 12.845295 100.0
282 8015.0 0.855076 0.824234 0.0 0.762251 1.822132 -18.867115 -0.119493 0.010539 12.845295 100.0
283 8015.0 0.872988 0.843177 0.0 0.791732 1.822132 -18.867115 -0.119493 0.010539 12.845295 100.0
284 8015.0 0.85606 0.868483 0.0 0.795574 1.822132 -18.867115 -0.119493 0.010539 12.845295 100.0
285 8015.0 0.876657 0.876729 0.0 0.819541 1.822132 -18.867115 -0.119493 0.010539 12.845295 100.0
286 8015.0 0.852696 0.904738 0.0 0.819249 1.822132 -18.867115 -0.119493 0.010539 12.845295 100.0
287 8015.0 0.871899 0.918031 0.0 0.845707 1.822132 -18.867115 -0.119493 0.010539 12.845295 100.0
