 time p.x p.y p.z deep.node-0 CV opes.bias opes.rct opes.zed opes.neff opes.nker
0 2925.0 0.39285 0.541498 0.0 0.166947 0.816392 -8.811417 -0.017814 0.016213 12.845295 65.0
1 2925.0 0.418335 0.523317 0.0 0.177847 0.816392 -8.811417 -0.017814 0.016213 12.845295 65.0
2 2925.0 0.417022 0.539183 0.0 0.183333 0.816392 -8.811417 -0.017814 0.016213 12.845295 65.0
3 2925.0 0.425247 0.552419 0.0 0.199 0.816392 -8.811417 -0.017814 0.016213 12.845295 65.0
4 2925.0 0.436119 0.535108 0.0 0.197125 0.816392 -8.811417 -0.017814 0.016213 12.845295 65.0
5 2925.0 0.438443 0.502868 0.0 0.184494 0.816392 -8.811417 -0.017814 0.016213 12.845295 65.0
6 2925.0 0.430938 0.520548 0.0 0.186086 0.816392 -8.811417 -0.017814 0.016213 12.845295 65.0
7 2925.0 0.431159 0.516216 0.0 0.184494 0.816392 -8.811417 -0.017814 0.016213 12.845295 65.0
8 2925.0 0.426669 0.514753 0.0 0.180566 0.816392 -8.811417 -0.017814 0.016213 12.845295 65.0
9 2925.0 0.450793 0.487208 0.0 0.187319 0.816392 -8.811417 -0.017814 0.016213 12.845295 65.0
10 2925.0 0.473475 0.492679 0.0 0.206382 0.816392 -8.811417 -0.017814 0.016213 12.845295 65.0
11 2925.0 0.454566 0.499939 0.0 0.195281 0.816392 -8.811417 -0.017814 0.016213 12.845295 65.0
12 2925.0 0.443197 0.543566 0.0 0.208184 0.816392 -8.811417 -0.017814 0.016213 12.845295 65.0
13 2925.0 0.44846 0.539421 0.0 0.210401 0.816392 -8.811417 -0.017814 0.016213 12.845295 65.0
14 2925.0 0.458482 0.559956 0.0 0.232692 0.816392 -8.811417 -0.017814 0.016213 12.845295 65.0
15 2925.0 0.472538 0.558044 0.0 0.243313 0.816392 -8.811417 -0.017814 0.016213 12.845295 65.0
16 2925.0 0.470914 0.560999 0.0 0.244031 0.816392 -8.811417 -0.017814 0.016213 12.845295 65.0
17 2925.0 0.469352 0.565732 0.0 0.246068 0.816392 -8.811417 -0.017814 0.016213 12.845295 65.0
18 2925.0 0.463155 0.552582 0.0 0.231429 0.816392 -8.811417 -0.017814 0.016213 12.845295 65.0
19 2925.0 0.45807 0.564513 0.0 0.235584 0.816392 -8.811417 -0.017814 0.016213 12.845295 65.0
20 2925.0 0.471184 0.54137 0.0 0.231399 0.816392 -8.811417 -0.017814 0.016213 12.845295 65.0
21 2925.0 0.477132 0.51935 0.0 0.224021 0.816392 -8.811417 -0.017814 0.016213 12.845295 65.0
22 2925.0 0.497465 0.521658 0.0 0.243048 0.816392 -8.811417 -0.017814 0.016213 12.845295 65.0
23 2925.0 0.496822 0.495106 0.0 0.22758 0.816392 -8.811417 -0.017814 0.016213 12.845295 65.0
24 2925.0 0.504001 0.475974 0.0 0.223099 0.816392 -8.811417 -0.017814 0.016213 12.845295 65.0
25 2925.0 0.485274 0.495986 0.0 0.218004 0.816392 -8.811417 -0.017814 0.016213 12.845295 65.0
26 2925.0 0.464347 0.503013 0.0 0.203791 0.816392 -8.811417 -0.017814 0.016213 12.845295 65.0
27 2925.0 0.476453 0.510359 0.0 0.218381 0.816392 -8.811417 -0.017814 0.016213 12.845295 65.0
28 2925.0 0.511766 0.509431 0.0 0.248655 0.816392 -8.811417 -0.017814 0.016213 12.845295 65.0
29 2925.0 0.506667 0.486338 0.0 0.231243 0.816392 -8.811417 -0.017814 0.016213 12.845295 65.0
30 2925.0 0.50568 0.478788 0.0 0.226144 0.816392 -8.811417 -0.017814 0.016213 12.845295 65.0
31 2925.0 0.531648 0.487223 0.0 0.253525 0.816392 -8.811417 -0.017814 0.016213 12.845295 65.0
32 2925.0 0.523974 0.509763 0.0 0.259487 0.816392 -8.811417 -0.017814 0.016213 12.845295 65.0
33 2925.0 0.550391 0.516965 0.0 0.286634 0.816392 -8.811417 -0.017814 0.016213 12.845295 65.0
34 2925.0 0.536482 0.527493 0.0 0.280527 0.816392 -8.811417 -0.017814 0.016213 12.845295 65.0
35 2925.0 0.546815 0.504532 0.0 0.276469 0.816392 -8.811417 -0.017814 0.016213 12.845295 65.0
36 2925.0 0.542676 0.535956 0.0 0.290815 0.816392 -8.811417 -0.017814 0.016213 12.845295 65.0
37 2925.0 0.525481 0.542265 0.0 0.279405 0.816392 -8.811417 -0.017814 0.016213 12.845295 65.0
38 2925.0 0.541656 0.568953 0.0 0.309992 0.816392 -8.811417 -0.017814 0.016213 12.845295 65.0
39 2925.0 0.538458 0.577743 0.0 0.31352 0.816392 -8.811417 -0.017814 0.016213 12.845295 65.0
40 2925.0 0.565367 0.585124 0.0 0.34171 0.816392 -8.811417 -0.017814 0.016213 12.845295 65.0
41 2925.0 0.563594 0.55839 0.0 0.32202 0.816392 -8.811417 -0.017814 0.016213 12.845295 65.0
42 2925.0 0.583022 0.561117 0.0 0.340583 0.816392 -8.811417 -0.017814 0.016213 12.845295 65.0
43 2925.0 0.583941 0.55579 0.0 0.33832 0.816392 -8.811417 -0.017814 0.016213 12.845295 65.0
44 2925.0 0.613747 0.548933 0.0 0.360445 0.816392 -8.811417 -0.017814 0.016213 12.845295 65.0
45 2925.0 0.601415 0.566204 0.0 0.359597 0.816392 -8.811417 -0.017814 0.016213 12.845295 65.0
46 2925.0 0.582534 0.570989 0.0 0.346285 0.816392 -8.811417 -0.017814 0.016213 12.845295 65.0
47 2925.0 0.591887 0.566506 0.0 0.351437 0.816392 -8.811417 -0.017814 0.016213 12.845295 65.0
48 2925.0 0.580406 0.566766 0.0 0.341545 0.816392 -8.811417 -0.017814 0.016213 12.845295 65.0
49 2925.0 0.594004 0.559664 0.0 0.349352 0.816392 -8.811417 -0.017814 0.016213 12.845295 65.0
50 2925.0 0.597753 0.558323 0.0 0.351859 0.816392 -8.811417 -0.017814 0.016213 12.845295 65.0
51 2925.0 0.582486 0.57547 0.0 0.349433 0.816392 -8.811417 -0.017814 0.016213 12.845295 65.0
52 2925.0 0.594636 0.589459 0.0 0.369743 0.816392 -8.811417 -0.017814 0.016213 12.845295 65.0
53 2925.0 0.595307 0.592811 0.0 0.3727 0.816392 -8.811417 -0.017814 0.016213 12.845295 65.0
54 2925.0 0.61921 0.597354 0.0 0.396307 0.816392 -8.811417 -0.017814 0.016213 12.845295 65.0
55 2925.0 0.655761 0.633023 0.0 0.452842 0.816392 -8.811417 -0.017814 0.016213 12.845295 65.0
56 2925.0 0.655076 0.636973 0.0 0.455069 0.816392 -8.811417 -0.017814 0.016213 12.845295 65.0
57 2925.0 0.692567 0.646753 0.0 0.493986 0.816392 -8.811417 -0.017814 0.016213 12.845295 65.0
58 2925.0 0.707604 0.660999 0.0 0.516939 0.816392 -8.811417 -0.017814 0.016213 12.845295 65.0
59 2925.0 0.713098 0.627248 0.0 0.497608 0.816392 -8.811417 -0.017814 0.016213 12.845295 65.0
60 2925.0 0.728261 0.640976 0.0 0.520301 0.816392 -8.811417 -0.017814 0.016213 12.845295 65.0
61 2925.0 0.724623 0.668135 0.0 0.536524 0.816392 -8.811417 -0.017814 0.016213 12.845295 65.0
62 2925.0 0.719067 0.657496 0.0 0.524217 0.816392 -8.811417 -0.017814 0.016213 12.845295 65.0
63 2925.0 0.73791 0.654528 0.0 0.538168 0.816392 -8.811417 -0.017814 0.016213 12.845295 65.0
64 2925.0 0.734363 0.652828 0.0 0.533935 0.816392 -8.811417 -0.017814 0.016213 12.845295 65.0
65 2925.0 0.73971 0.676745 0.0 0.55551 0.816392 -8.811417 -0.017814 0.016213 12.845295 65.0
66 2925.0 0.737481 0.677736 0.0 0.554315 0.816392 -8.811417 -0.017814 0.016213 12.845295 65.0
67 2925.0 0.73765 0.665852 0.0 0.546004 0.816392 -8.811417 -0.017814 0.016213 12.845295 65.0
68 2925.0 0.723131 0.655306 0.0 0.526123 0.816392 -8.811417 -0.017814 0.016213 12.845295 65.0
69 2925.0 0.707171 0.638754 0.0 0.500742 0.816392 -8.811417 -0.017814 0.016213 12.845295 65.0
70 2925.0 0.720056 0.627924 0.0 0.504019 0.816392 -8.811417 -0.017814 0.016213 12.845295 65.0
71 2925.0 0.747497 0.635529 0.0 0.532822 0.816392 -8.811417 -0.017814 0.016213 12.845295 65.0
72 2925.0 0.750092 0.639661 0.0 0.537974 0.816392 -8.811417 -0.017814 0.016213 12.845295 65.0
73 2925.0 0.742637 0.638589 0.0 0.530856 0.816392 -8.811417 -0.017814 0.016213 12.845295 65.0
74 2925.0 0.757213 0.621114 0.0 0.530848 0.816392 -8.811417 -0.017814 0.016213 12.845295 65.0
75 2925.0 0.756722 0.642139 0.0 0.545388 0.816392 -8.811417 -0.017814 0.016213 12.845295 65.0
76 2925.0 0.753298 0.619309 0.0 0.526226 0.816392 -8.811417 -0.017814 0.016213 12.845295 65.0
77 2925.0 0.756604 0.614165 0.0 0.525384 0.816392 -8.811417 -0.017814 0.016213 12.845295 65.0
78 2925.0 0.715693 0.612077 0.0 0.489026 0.816392 -8.811417 -0.017814 0.016213 12.845295 65.0
79 2925.0 0.701386 0.619439 0.0 0.482069 0.816392 -8.811417 -0.017814 0.016213 12.845295 65.0
80 2925.0 0.691209 0.619545 0.0 0.473468 0.816392 -8.811417 -0.017814 0.016213 12.845295 65.0
81 2925.0 0.685858 0.594146 0.0 0.450836 0.816392 -8.811417 -0.017814 0.016213 12.845295 65.0
82 2925.0 0.665336 0.602354 0.0 0.439183 0.816392 -8.811417 -0.017814 0.016213 12.845295 65.0
83 2925.0 0.667624 0.605688 0.0 0.443506 0.816392 -8.811417 -0.017814 0.016213 12.845295 65.0
84 2925.0 0.641514 0.600559 0.0 0.4176 0.816392 -8.811417 -0.017814 0.016213 12.845295 65.0
85 2925.0 0.636776 0.608518 0.0 0.419224 0.816392 -8.811417 -0.017814 0.016213 12.845295 65.0
86 2925.0 0.637518 0.62983 0.0 0.435019 0.816392 -8.811417 -0.017814 0.016213 12.845295 65.0
87 2925.0 0.635228 0.594555 0.0 0.407969 0.816392 -8.811417 -0.017814 0.016213 12.845295 65.0
88 2925.0 0.635587 0.584572 0.0 0.401172 0.816392 -8.811417 -0.017814 0.016213 12.845295 65.0
89 2925.0 0.626452 0.607133 0.0 0.409439 0.816392 -8.811417 -0.017814 0.016213 12.845295 65.0
90 2925.0 0.629986 0.61878 0.0 0.420738 0.816392 -8.811417 -0.017814 0.016213 12.845295 65.0
91 2925.0 0.612595 0.633237 0.0 0.416199 0.816392 -8.811417 -0.017814 0.016213 12.845295 65.0
92 2925.0 0.629985 0.618983 0.0 0.420881 0.816392 -8.811417 -0.017814 0.016213 12.845295 65.0
93 2925.0 0.630734 0.616805 0.0 0.419971 0.816392 -8.811417 -0.017814 0.016213 12.845295 65.0
94 2925.0 0.639152 0.631049 0.0 0.43728 0.816392 -8.811417 -0.017814 0.016213 12.845295 65.0
95 2925.0 0.664267 0.610202 0.0 0.443855 0.816392 -8.811417 -0.017814 0.016213 12.845295 65.0
96 2925.0 0.669945 0.647149 0.0 0.474984 0.816392 -8.811417 -0.017814 0.016213 12.845295 65.0
97 2925.0 0.660305 0.64547 0.0 0.465572 0.816392 -8.811417 -0.017814 0.016213 12.845295 65.0
98 2925.0 0.676341 0.66853 0.0 0.495649 0.816392 -8.811417 -0.017814 0.016213 12.845295 65.0
99 2925.0 0.671964 0.680546 0.0 0.500467 0.816392 -8.811417 -0.017814 0.016213 12.845295 65.0
100 2925.0 0.671435 0.698925 0.0 0.513093 0.816392 -8.811417 -0.017814 0.016213 12.845295 65.0
101 2925.0 0.697831 0.686175 0.0 0.526522 0.816392 -8.811417 -0.017814 0.016213 12.845295 65.0
102 2925.0 0.723379 0.694824 0.0 0.554453 0.816392 -8.811417 -0.017814 0.016213 12.845295 65.0
103 2925.0 0.728442 0.690587 0.0 0.555754 0.816392 -8.811417 -0.017814 0.016213 12.845295 65.0
104 2925.0 0.738377 0.695735 0.0 0.567885 0.816392 -8.811417 -0.017814 0.016213 12.845295 65.0
105 2925.0 0.759885 0.662281 0.0 0.562416 0.816392 -8.811417 -0.017814 0.016213 12.845295 65.0
106 2925.0 0.759523 0.668948 0.0 0.566851 0.816392 -8.811417 -0.017814 0.016213 12.845295 65.0
107 2925.0 0.755803 0.663371 0.0 0.559713 0.816392 -8.811417 -0.017814 0.016213 12.845295 65.0
108 2925.0 0.738428 0.660067 0.0 0.542551 0.816392 -8.811417 -0.017814 0.016213 12.845295 65.0
109 2925.0 0.734372 0.642446 0.0 0.526555 0.816392 -8.811417 -0.017814 0.016213 12.845295 65.0
110 2925.0 0.773852 0.611373 0.0 0.5381 0.816392 -8.811417 -0.017814 0.016213 12.845295 65.0
111 2925.0 0.747788 0.612498 0.0 0.516684 0.816392 -8.811417 -0.017814 0.016213 12.845295 65.0
112 2925.0 0.722672 0.607226 0.0 0.491524 0.816392 -8.811417 -0.017814 0.016213 12.845295 65.0
113 2925.0 0.70649 0.619782 0.0 0.486663 0.816392 -8.811417 -0.017814 0.016213 12.845295 65.0
114 2925.0 0.706183 0.618487 0.0 0.48548 0.816392 -8.811417 -0.017814 0.016213 12.845295 65.0
115 2925.0 0.710565 0.628571 0.0 0.49639 0.816392 -8.811417 -0.017814 0.016213 12.845295 65.0
116 2925.0 0.738933 0.641323 0.0 0.529644 0.816392 -8.811417 -0.017814 0.016213 12.845295 65.0
117 2925.0 0.761472 0.630247 0.0 0.540976 0.816392 -8.811417 -0.017814 0.016213 12.845295 65.0
118 2925.0 0.748538 0.635211 0.0 0.533483 0.816392 -8.811417 -0.017814 0.016213 12.845295 65.0
119 2925.0 0.763564 0.657509 0.0 0.562156 0.816392 -8.811417 -0.017814 0.016213 12.845295 65.0
120 2925.0 0.744924 0.66394 0.0 0.550844 0.816392 -8.811417 -0.017814 0.016213 12.845295 65.0
121 2925.0 0.739934 0.670981 0.0 0.5516 0.816392 -8.811417 -0.017814 0.016213 12.845295 65.0
122 2925.0 0.762724 0.670569 0.0 0.570733 0.816392 -8.811417 -0.017814 0.016213 12.845295 65.0
123 2925.0 0.755497 0.643521 0.0 0.545328 0.816392 -8.811417 -0.017814 0.016213 12.845295 65.0
124 2925.0 0.757583 0.666518 0.0 0.563468 0.816392 -8.811417 -0.017814 0.016213 12.845295 65.0
125 2925.0 0.75648 0.690016 0.0 0.579247 0.816392 -8.811417 -0.017814 0.016213 12.845295 65.0
126 2925.0 0.770284 0.697756 0.0 0.596521 0.816392 -8.811417 -0.017814 0.016213 12.845295 65.0
127 2925.0 0.774521 0.705652 0.0 0.605751 0.816392 -8.811417 -0.017814 0.016213 12.845295 65.0
128 2925.0 0.777314 0.687128 0.0 0.594952 0.816392 -8.811417 -0.017814 0.016213 12.845295 65.0
129 2925.0 0.781475 0.682576 0.0 0.59526 0.816392 -8.811417 -0.017814 0.016213 12.845295 65.0
130 2925.0 0.796878 0.688344 0.0 0.612494 0.816392 -8.811417 -0.017814 0.016213 12.845295 65.0
131 2925.0 0.792865 0.680742 0.0 0.603664 0.816392 -8.811417 -0.017814 0.016213 12.845295 65.0
132 2925.0 0.764178 0.662968 0.0 0.566564 0.816392 -8.811417 -0.017814 0.016213 12.845295 65.0
133 2925.0 0.761583 0.698851 0.0 0.589883 0.816392 -8.811417 -0.017814 0.016213 12.845295 65.0
134 2925.0 0.751813 0.692019 0.0 0.576694 0.816392 -8.811417 -0.017814 0.016213 12.845295 65.0
135 2925.0 0.739858 0.677686 0.0 0.556305 0.816392 -8.811417 -0.017814 0.016213 12.845295 65.0
136 2925.0 0.774572 0.655505 0.0 0.570114 0.816392 -8.811417 -0.017814 0.016213 12.845295 65.0
137 2925.0 0.7795 0.657639 0.0 0.575834 0.816392 -8.811417 -0.017814 0.016213 12.845295 65.0
138 2925.0 0.789462 0.650201 0.0 0.579032 0.816392 -8.811417 -0.017814 0.016213 12.845295 65.0
139 2925.0 0.794906 0.683741 0.0 0.607537 0.816392 -8.811417 -0.017814 0.016213 12.845295 65.0
140 2925.0 0.79593 0.673041 0.0 0.600797 0.816392 -8.811417 -0.017814 0.016213 12.845295 65.0
141 2925.0 0.808298 0.681702 0.0 0.617502 0.816392 -8.811417 -0.017814 0.016213 12.845295 65.0
142 2925.0 0.774644 0.697776 0.0 0.600252 0.816392 -8.811417 -0.017814 0.016213 12.845295 65.0
143 2925.0 0.798511 0.696779 0.0 0.619886 0.816392 -8.811417 -0.017814 0.016213 12.845295 65.0
144 2925.0 0.783229 0.692525 0.0 0.603833 0.816392 -8.811417 -0.017814 0.016213 12.845295 65.0
145 2925.0 0.780471 0.696708 0.0 0.604459 0.816392 -8.811417 -0.017814 0.016213 12.845295 65.0
146 2925.0 0.785948 0.708986 0.0 0.617863 0.816392 -8.811417 -0.017814 0.016213 12.845295 65.0
147 2925.0 0.794104 0.715838 0.0 0.629691 0.816392 -8.811417 -0.017814 0.016213 12.845295 65.0
148 2925.0 0.807696 0.725776 0.0 0.648797 0.816392 -8.811417 -0.017814 0.016213 12.845295 65.0
149 2925.0 0.811215 0.724626 0.0 0.651014 0.816392 -8.811417 -0.017814 0.016213 12.845295 65.0
150 2925.0 0.798691 0.732454 0.0 0.645864 0.816392 -8.811417 -0.017814 0.016213 12.845295 65.0
151 2925.0 0.800987 0.728225 0.0 0.644758 0.816392 -8.811417 -0.017814 0.016213 12.845295 65.0
152 2925.0 0.809385 0.740403 0.0 0.660998 0.816392 -8.811417 -0.017814 0.016213 12.845295 65.0
153 2925.0 0.792393 0.764468 0.0 0.663875 0.816392 -8.811417 -0.017814 0.016213 12.845295 65.0
154 2925.0 0.759625 0.761268 0.0 0.633024 0.816392 -8.811417 -0.017814 0.016213 12.845295 65.0
155 2925.0 0.758151 0.744153 0.0 0.619191 0.816392 -8.811417 -0.017814 0.016213 12.845295 65.0
156 2925.0 0.761707 0.719473 0.0 0.604662 0.816392 -8.811417 -0.017814 0.016213 12.845295 65.0
157 2925.0 0.762494 0.700506 0.0 0.591837 0.816392 -8.811417 -0.017814 0.016213 12.845295 65.0
158 2925.0 0.751828 0.704424 0.0 0.585534 0.816392 -8.811417 -0.017814 0.016213 12.845295 65.0
159 2925.0 0.750848 0.70738 0.0 0.586802 0.816392 -8.811417 -0.017814 0.016213 12.845295 65.0
160 2925.0 0.74322 0.714328 0.0 0.585242 0.816392 -8.811417 -0.017814 0.016213 12.845295 65.0
161 2925.0 0.747412 0.70295 0.0 0.580721 0.816392 -8.811417 -0.017814 0.016213 12.845295 65.0
162 2925.0 0.767184 0.687732 0.0 0.586747 0.816392 -8.811417 -0.017814 0.016213 12.845295 65.0
163 2925.0 0.774063 0.661339 0.0 0.573831 0.816392 -8.811417 -0.017814 0.016213 12.845295 65.0
164 2925.0 0.780223 0.663567 0.0 0.580667 0.816392 -8.811417 -0.017814 0.016213 12.845295 65.0
165 2925.0 0.760788 0.670838 0.0 0.569274 0.816392 -8.811417 -0.017814 0.016213 12.845295 65.0
166 2925.0 0.758952 0.675216 0.0 0.570824 0.816392 -8.811417 -0.017814 0.016213 12.845295 65.0
167 2925.0 0.744491 0.669722 0.0 0.554588 0.816392 -8.811417 -0.017814 0.016213 12.845295 65.0
168 2925.0 0.743849 0.667159 0.0 0.552217 0.816392 -8.811417 -0.017814 0.016213 12.845295 65.0
169 2925.0 0.741296 0.662966 0.0 0.547058 0.816392 -8.811417 -0.017814 0.016213 12.845295 65.0
170 2925.0 0.735823 0.655336 0.0 0.536964 0.816392 -8.811417 -0.017814 0.016213 12.845295 65.0
171 2925.0 0.732854 0.6716 0.0 0.546006 0.816392 -8.811417 -0.017814 0.016213 12.845295 65.0
172 2925.0 0.734196 0.663813 0.0 0.541609 0.816392 -8.811417 -0.017814 0.016213 12.845295 65.0
173 2925.0 0.716837 0.682995 0.0 0.54046 0.816392 -8.811417 -0.017814 0.016213 12.845295 65.0
174 2925.0 0.706968 0.705764 0.0 0.548248 0.816392 -8.811417 -0.017814 0.016213 12.845295 65.0
175 2925.0 0.666802 0.718522 0.0 0.523087 0.816392 -8.811417 -0.017814 0.016213 12.845295 65.0
176 2925.0 0.68248 0.698043 0.0 0.52188 0.816392 -8.811417 -0.017814 0.016213 12.845295 65.0
177 2925.0 0.691629 0.669176 0.0 0.50914 0.816392 -8.811417 -0.017814 0.016213 12.845295 65.0
178 2925.0 0.707503 0.674128 0.0 0.526194 0.816392 -8.811417 -0.017814 0.016213 12.845295 65.0
179 2925.0 0.743725 0.690921 0.0 0.569019 0.816392 -8.811417 -0.017814 0.016213 12.845295 65.0
180 2925.0 0.731459 0.664939 0.0 0.540076 0.816392 -8.811417 -0.017814 0.016213 12.845295 65.0
181 2925.0 0.732159 0.68035 0.0 0.551638 0.816392 -8.811417 -0.017814 0.016213 12.845295 65.0
182 2925.0 0.729397 0.689612 0.0 0.555874 0.816392 -8.811417 -0.017814 0.016213 12.845295 65.0
183 2925.0 0.728729 0.684863 0.0 0.551926 0.816392 -8.811417 -0.017814 0.016213 12.845295 65.0
184 2925.0 0.725184 0.71765 0.0 0.572233 0.816392 -8.811417 -0.017814 0.016213 12.845295 65.0
185 2925.0 0.725782 0.707612 0.0 0.5656 0.816392 -8.811417 -0.017814 0.016213 12.845295 65.0
186 2925.0 0.72126 0.704813 0.0 0.559753 0.816392 -8.811417 -0.017814 0.016213 12.845295 65.0
187 2925.0 0.719094 0.68803 0.0 0.545966 0.816392 -8.811417 -0.017814 0.016213 12.845295 65.0
188 2925.0 0.724261 0.676353 0.0 0.542063 0.816392 -8.811417 -0.017814 0.016213 12.845295 65.0
189 2925.0 0.709457 0.696744 0.0 0.543951 0.816392 -8.811417 -0.017814 0.016213 12.845295 65.0
190 2925.0 0.707402 0.715915 0.0 0.555841 0.816392 -8.811417 -0.017814 0.016213 12.845295 65.0
191 2925.0 0.715575 0.682788 0.0 0.539236 0.816392 -8.811417 -0.017814 0.016213 12.845295 65.0
192 2925.0 0.721648 0.684041 0.0 0.545305 0.816392 -8.811417 -0.017814 0.016213 12.845295 65.0
193 2925.0 0.711425 0.673157 0.0 0.528847 0.816392 -8.811417 -0.017814 0.016213 12.845295 65.0
194 2925.0 0.725531 0.688589 0.0 0.551851 0.816392 -8.811417 -0.017814 0.016213 12.845295 65.0
195 2925.0 0.717117 0.691573 0.0 0.546802 0.816392 -8.811417 -0.017814 0.016213 12.845295 65.0
196 2925.0 0.726284 0.674761 0.0 0.542654 0.816392 -8.811417 -0.017814 0.016213 12.845295 65.0
197 2925.0 0.72358 0.686364 0.0 0.548604 0.816392 -8.811417 -0.017814 0.016213 12.845295 65.0
198 2925.0 0.733928 0.698633 0.0 0.566155 0.816392 -8.811417 -0.017814 0.016213 12.845295 65.0
199 2925.0 0.738973 0.699149 0.0 0.570822 0.816392 -8.811417 -0.017814 0.016213 12.845295 65.0
200 2925.0 0.746259 0.695888 0.0 0.574713 0.816392 -8.811417 -0.017814 0.016213 12.845295 65.0
201 2925.0 0.768055 0.666347 0.0 0.572274 0.816392 -8.811417 -0.017814 0.016213 12.845295 65.0
202 2925.0 0.782251 0.691185 0.0 0.602046 0.816392 -8.811417 -0.017814 0.016213 12.845295 65.0
203 2925.0 0.787481 0.721209 0.0 0.627867 0.816392 -8.811417 -0.017814 0.016213 12.845295 65.0
204 2925.0 0.781134 0.731402 0.0 0.62982 0.816392 -8.811417 -0.017814 0.016213 12.845295 65.0
205 2925.0 0.785569 0.749491 0.0 0.646951 0.816392 -8.811417 -0.017814 0.016213 12.845295 65.0
206 2925.0 0.802382 0.777641 0.0 0.68223 0.816392 -8.811417 -0.017814 0.016213 12.845295 65.0
207 2925.0 0.812821 0.786283 0.0 0.697651 0.816392 -8.811417 -0.017814 0.016213 12.845295 65.0
208 2925.0 0.825507 0.801375 0.0 0.719759 0.816392 -8.811417 -0.017814 0.016213 12.845295 65.0
209 2925.0 0.851781 0.814478 0.0 0.752227 0.816392 -8.811417 -0.017814 0.016213 12.845295 65.0
210 2925.0 0.826486 0.81365 0.0 0.729617 0.816392 -8.811417 -0.017814 0.016213 12.845295 65.0
211 2925.0 0.836188 0.825406 0.0 0.746682 0.816392 -8.811417 -0.017814 0.016213 12.845295 65.0
212 2925.0 0.828622 0.835992 0.0 0.747868 0.816392 -8.811417 -0.017814 0.016213 12.845295 65.0
213 2925.0 0.847334 0.85923 0.0 0.781194 0.816392 -8.811417 -0.017814 0.016213 12.845295 65.0
214 2925.0 0.836653 0.883729 0.0 0.789879 0.816392 -8.811417 -0.017814 0.016213 12.845295 65.0
215 2925.0 0.867313 0.883029 0.0 0.816035 0.816392 -8.811417 -0.017814 0.016213 12.845295 65.0
216 2925.0 0.864759 0.879021 0.0 0.810873 0.816392 -8.811417 -0.017814 0.016213 12.845295 65.0
217 2925.0 0.842041 0.899257 0.0 0.805959 0.816392 -8.811417 -0.017814 0.016213 12.845295 65.0
218 2925.0 0.864144 0.919823 0.0 0.840275 0.816392 -8.811417 -0.017814 0.016213 12.845295 65.0
219 2925.0 0.867403 0.914993 0.0 0.839567 0.816392 -8.811417 -0.017814 0.016213 12.845295 65.0
220 2925.0 0.873266 0.940409 0.0 0.863202 0.816392 -8.811417 -0.017814 0.016213 12.845295 65.0
221 2925.0 0.881038 0.961205 0.0 0.884725 0.816392 -8.811417 -0.017814 0.016213 12.845295 65.0
222 2925.0 0.885031 0.970378 0.0 0.894703 0.816392 -8.811417 -0.017814 0.016213 12.845295 65.0
223 2925.0 0.893336 0.985768 0.0 0.91053 0.816392 -8.811417 -0.017814 0.016213 12.845295 65.0
224 2925.0 0.903333 1.009847 0.0 0.924071 0.816392 -8.811417 -0.017814 0.016213 12.845295 65.0
225 2925.0 0.901656 1.037877 0.0 0.922819 0.816392 -8.811417 -0.017814 0.016213 12.845295 65.0
226 2925.0 0.939203 1.057056 0.0 0.945211 0.816392 -8.811417 -0.017814 0.016213 12.845295 65.0
227 2925.0 0.965883 1.047261 0.0 0.956308 0.816392 -8.811417 -0.017814 0.016213 12.845295 65.0
228 2925.0 0.961114 1.065891 0.0 0.954701 0.816392 -8.811417 -0.017814 0.016213 12.845295 65.0
229 2925.0 0.984666 1.076724 0.0 0.964932 0.816392 -8.811417 -0.017814 0.016213 12.845295 65.0
230 2925.0 0.976086 1.099249 0.0 0.961795 0.816392 -8.811417 -0.017814 0.016213 12.845295 65.0
231 2925.0 0.972521 1.102582 0.0 0.960358 0.816392 -8.811417 -0.017814 0.016213 12.845295 65.0
232 2925.0 0.959517 1.086525 0.0 0.954484 0.816392 -8.811417 -0.017814 0.016213 12.845295 65.0
233 2925.0 0.957706 1.086153 0.0 0.953707 0.816392 -8.811417 -0.017814 0.016213 12.845295 65.0
234 2925.0 0.938013 1.095449 0.0 0.945562 0.816392 -8.811417 -0.017814 0.016213 12.845295 65.0
235 2925.0 0.95145 1.110076 0.0 0.951588 0.816392 -8.811417 -0.017814 0.016213 12.845295 65.0
236 2925.0 0.953123 1.134826 0.0 0.95285 0.816392 -8.811417 -0.017814 0.016213 12.845295 65.0
237 2925.0 0.964591 1.159577 0.0 0.958266 0.816392 -8.811417 -0.017814 0.016213 12.845295 65.0
238 2925.0 0.972992 1.166157 0.0 0.961976 0.816392 -8.811417 -0.017814 0.016213 12.845295 65.0
239 2925.0 0.975937 1.156842 0.0 0.963017 0.816392 -8.811417 -0.017814 0.016213 12.845295 65.0
240 2925.0 0.975391 1.157893 0.0 0.962809 0.816392 -8.811417 -0.017814 0.016213 12.845295 65.0
241 2925.0 0.979699 1.132554 0.0 0.964071 0.816392 -8.811417 -0.017814 0.016213 12.845295 65.0
242 2925.0 1.006491 1.122411 0.0 0.975207 0.816392 -8.811417 -0.017814 0.016213 12.845295 65.0
243 2925.0 0.994024 1.122601 0.0 0.969924 0.816392 -8.811417 -0.017814 0.016213 12.845295 65.0
244 2925.0 0.976909 1.112853 0.0 0.962448 0.816392 -8.811417 -0.017814 0.016213 12.845295 65.0
245 2925.0 0.972883 1.118287 0.0 0.960862 0.816392 -8.811417 -0.017814 0.016213 12.845295 65.0
246 2925.0 0.933761 1.099666 0.0 0.943853 0.816392 -8.811417 -0.017814 0.016213 12.845295 65.0
247 2925.0 0.941174 1.094056 0.0 0.946872 0.816392 -8.811417 -0.017814 0.016213 12.845295 65.0
248 2925.0 0.97143 1.091964 0.0 0.959658 0.816392 -8.811417 -0.017814 0.016213 12.845295 65.0
249 2925.0 0.951129 1.078306 0.0 0.950743 0.816392 -8.811417 -0.017814 0.016213 12.845295 65.0
250 2925.0 0.984774 1.093385 0.0 0.965349 0.816392 -8.811417 -0.017814 0.016213 12.845295 65.0
251 2925.0 0.976148 1.09045 0.0 0.961625 0.816392 -8.811417 -0.017814 0.016213 12.845295 65.0
252 2925.0 0.971354 1.095005 0.0 0.959694 0.816392 -8.811417 -0.017814 0.016213 12.845295 65.0
253 2925.0 0.992141 1.109234 0.0 0.968827 0.816392 -8.811417 -0.017814 0.016213 12.845295 65.0
254 2925.0 0.971912 1.091845 0.0 0.95986 0.816392 -8.811417 -0.017814 0.016213 12.845295 65.0
255 2925.0 0.98392 1.107717 0.0 0.965307 0.816392 -8.811417 -0.017814 0.016213 12.845295 65.0
256 2925.0 0.97228 1.126748 0.0 0.960794 0.816392 -8.811417 -0.017814 0.016213 12.845295 65.0
257 2925.0 0.966863 1.126709 0.0 0.958496 0.816392 -8.811417 -0.017814 0.016213 12.845295 65.0
258 2925.0 0.965408 1.134555 0.0 0.958054 0.816392 -8.811417 -0.017814 0.016213 12.845295 65.0
259 2925.0 0.974558 1.135899 0.0 0.961965 0.816392 -8.811417 -0.017814 0.016213 12.845295 65.0
260 2925.0 0.963682 1.154554 0.0 0.957768 0.816392 -8.811417 -0.017814 0.016213 12.845295 65.0
261 2925.0 0.972393 1.163187 0.0 0.961655 0.816392 -8.811417 -0.017814 0.016213 12.845295 65.0
262 2925.0 0.979661 1.146683 0.0 0.96437 0.816392 -8.811417 -0.017814 0.016213 12.845295 65.0
263 2925.0 0.96119 1.158504 0.0 0.956799 0.816392 -8.811417 -0.017814 0.016213 12.845295 65.0
264 2925.0 0.976099 1.166172 0.0 0.963294 0.816392 -8.811417 -0.017814 0.016213 12.845295 65.0
265 2925.0 0.951644 1.161537 0.0 0.952818 0.816392 -8.811417 -0.017814 0.016213 12.845295 65.0
266 2925.0 0.940408 1.16369 0.0 0.947546 0.816392 -8.811417 -0.017814 0.016213 12.845295 65.0
267 2925.0 0.987755 1.173657 0.0 0.968404 0.816392 -8.811417 -0.017814 0.016213 12.845295 65.0
268 2925.0 0.989491 1.186944 0.0 0.969437 0.816392 -8.811417 -0.017814 0.016213 12.845295 65.0
269 2925.0 0.988895 1.156505 0.0 0.968505 0.816392 -8.811417 -0.017814 0.016213 12.845295 65.0
270 2925.0 0.996879 1.144339 0.0 0.97162 0.816392 -8.811417 -0.017814 0.016213 12.845295 65.0
271 2925.0 0.993651 1.127609 0.0 0.969878 0.816392 -8.811417 -0.017814 0.016213 12.845295 65.0
272 2925.0 0.981979 1.152586 0.0 0.965485 0.816392 -8.811417 -0.017814 0.016213 12.845295 65.0
273 2925.0 0.982977 1.149597 0.0 0.965841 0.816392 -8.811417 -0.017814 0.016213 12.845295 65.0
274 2925.0 0.982168 1.161134 0.0 0.965755 0.816392 -8.811417 -0.017814 0.016213 12.845295 65.0
275 2925.0 0.984776 1.142527 0.0 0.966446 0.816392 -8.811417 -0.017814 0.016213 12.845295 65.0
276 2925.0 0.988157 1.134001 0.0 0.96769 0.816392 -8.811417 -0.017814 0.016213 12.845295 65.0
277 2925.0 0.975732 1.139302 0.0 0.962538 0.816392 -8.811417 -0.017814 0.016213 12.845295 65.0
278 2925.0 0.989127 1.118372 0.0 0.967753 0.816392 -8.811417 -0.017814 0.016213 12.845295 65.0
279 2925.0 0.983037 1.111922 0.0 0.965026 0.816392 -8.811417 -0.017814 0.016213 12.845295 65.0
280 2925.0 0.976532 1.124614 0.0 0.96255 0.816392 -8.811417 -0.017814 0.016213 12.845295 65.0
281 2925.0 0.978701 1.114778 0.0 0.963251 0.816392 -8.811417 -0.017814 0.016213 12.845295 65.0
282 2925.0 0.972207 1.1646 0.0 0.961608 0.816392 -8.811417 -0.017814 0.016213 12.845295 65.0
283 2925.0 0.961539 1.138474 0.0 0.956501 0.816392 -8.811417 -0.017814 0.016213 12.845295 65.0
284 2925.0 0.962009 1.158888 0.0 0.957155 0.816392 -8.811417 -0.017814 0.016213 12.845295 65.0
285 2925.0 0.992728 1.143145 0.0 0.969833 0.816392 -8.811417 -0.017814 0.016213 12.845295 65.0
286 2925.0 0.99333 1.164866 0.0 0.970573 0.816392 -8.811417 -0.017814 0.016213 12.845295 65.0
287 2925.0 1.022596 1.18073 0.0 0.983339 0.816392 -8.811417 -0.017814 0.016213 12.845295 65.0
