 time p.x p.y p.z deep.node-0 CV opes.bias opes.rct opes.zed opes.neff opes.nker
0 11095.0 -0.602103 1.352628 0.0 -0.940525 1.723648 -16.697818 -0.15215 0.009085 12.845295 116.0
1 11095.0 -0.63101 1.332791 0.0 -0.936786 1.723648 -16.697818 -0.15215 0.009085 12.845295 116.0
2 11095.0 -0.654107 1.323435 0.0 -0.937532 1.723648 -16.697818 -0.15215 0.009085 12.845295 116.0
3 11095.0 -0.673994 1.304925 0.0 -0.932164 1.723648 -16.697818 -0.15215 0.009085 12.845295 116.0
4 11095.0 -0.692642 1.29327 0.0 -0.930409 1.723648 -16.697818 -0.15215 0.009085 12.845295 116.0
5 11095.0 -0.699633 1.277958 0.0 -0.923461 1.723648 -16.697818 -0.15215 0.009085 12.845295 116.0
6 11095.0 -0.726461 1.271833 0.0 -0.927053 1.723648 -16.697818 -0.15215 0.009085 12.845295 116.0
7 11095.0 -0.709997 1.266253 0.0 -0.919481 1.723648 -16.697818 -0.15215 0.009085 12.845295 116.0
8 11095.0 -0.70578 1.245123 0.0 -0.906217 1.723648 -16.697818 -0.15215 0.009085 12.845295 116.0
9 11095.0 -0.723724 1.246056 0.0 -0.911511 1.723648 -16.697818 -0.15215 0.009085 12.845295 116.0
10 11095.0 -0.744398 1.235971 0.0 -0.911195 1.723648 -16.697818 -0.15215 0.009085 12.845295 116.0
11 11095.0 -0.735946 1.220581 0.0 -0.900107 1.723648 -16.697818 -0.15215 0.009085 12.845295 116.0
12 11095.0 -0.790463 1.219721 0.0 -0.914066 1.723648 -16.697818 -0.15215 0.009085 12.845295 116.0
13 11095.0 -0.803865 1.188657 0.0 -0.899677 1.723648 -16.697818 -0.15215 0.009085 12.845295 116.0
14 11095.0 -0.814194 1.191405 0.0 -0.904082 1.723648 -16.697818 -0.15215 0.009085 12.845295 116.0
15 11095.0 -0.808412 1.160744 0.0 -0.88448 1.723648 -16.697818 -0.15215 0.009085 12.845295 116.0
16 11095.0 -0.831649 1.134667 0.0 -0.875413 1.723648 -16.697818 -0.15215 0.009085 12.845295 116.0
17 11095.0 -0.822818 1.126274 0.0 -0.868089 1.723648 -16.697818 -0.15215 0.009085 12.845295 116.0
18 11095.0 -0.838883 1.130428 0.0 -0.874873 1.723648 -16.697818 -0.15215 0.009085 12.845295 116.0
19 11095.0 -0.859796 1.106283 0.0 -0.866315 1.723648 -16.697818 -0.15215 0.009085 12.845295 116.0
20 11095.0 -0.866435 1.122241 0.0 -0.877499 1.723648 -16.697818 -0.15215 0.009085 12.845295 116.0
21 11095.0 -0.884177 1.095274 0.0 -0.866423 1.723648 -16.697818 -0.15215 0.009085 12.845295 116.0
22 11095.0 -0.866089 1.068439 0.0 -0.845747 1.723648 -16.697818 -0.15215 0.009085 12.845295 116.0
23 11095.0 -0.868322 1.071259 0.0 -0.84801 1.723648 -16.697818 -0.15215 0.009085 12.845295 116.0
24 11095.0 -0.8847 1.079222 0.0 -0.857119 1.723648 -16.697818 -0.15215 0.009085 12.845295 116.0
25 11095.0 -0.875257 1.113578 0.0 -0.874784 1.723648 -16.697818 -0.15215 0.009085 12.845295 116.0
26 11095.0 -0.887404 1.095217 0.0 -0.867262 1.723648 -16.697818 -0.15215 0.009085 12.845295 116.0
27 11095.0 -0.900075 1.061896 0.0 -0.851078 1.723648 -16.697818 -0.15215 0.009085 12.845295 116.0
28 11095.0 -0.918317 1.056397 0.0 -0.852769 1.723648 -16.697818 -0.15215 0.009085 12.845295 116.0
29 11095.0 -0.90592 1.029988 0.0 -0.833909 1.723648 -16.697818 -0.15215 0.009085 12.845295 116.0
30 11095.0 -0.899516 0.991417 0.0 -0.809322 1.723648 -16.697818 -0.15215 0.009085 12.845295 116.0
31 11095.0 -0.920903 0.97793 0.0 -0.807261 1.723648 -16.697818 -0.15215 0.009085 12.845295 116.0
32 11095.0 -0.930078 0.967829 0.0 -0.80378 1.723648 -16.697818 -0.15215 0.009085 12.845295 116.0
33 11095.0 -0.948277 0.955521 0.0 -0.801453 1.723648 -16.697818 -0.15215 0.009085 12.845295 116.0
34 11095.0 -0.964969 0.946468 0.0 -0.800661 1.723648 -16.697818 -0.15215 0.009085 12.845295 116.0
35 11095.0 -0.98405 0.90649 0.0 -0.773691 1.723648 -16.697818 -0.15215 0.009085 12.845295 116.0
36 11095.0 -0.968212 0.884955 0.0 -0.75055 1.723648 -16.697818 -0.15215 0.009085 12.845295 116.0
37 11095.0 -0.963496 0.85841 0.0 -0.72658 1.723648 -16.697818 -0.15215 0.009085 12.845295 116.0
38 11095.0 -0.953631 0.822643 0.0 -0.692565 1.723648 -16.697818 -0.15215 0.009085 12.845295 116.0
39 11095.0 -0.938968 0.803031 0.0 -0.670517 1.723648 -16.697818 -0.15215 0.009085 12.845295 116.0
40 11095.0 -0.937264 0.767429 0.0 -0.638958 1.723648 -16.697818 -0.15215 0.009085 12.845295 116.0
41 11095.0 -0.921553 0.786997 0.0 -0.650661 1.723648 -16.697818 -0.15215 0.009085 12.845295 116.0
42 11095.0 -0.942038 0.78185 0.0 -0.653105 1.723648 -16.697818 -0.15215 0.009085 12.845295 116.0
43 11095.0 -0.946121 0.771069 0.0 -0.645113 1.723648 -16.697818 -0.15215 0.009085 12.845295 116.0
44 11095.0 -0.933434 0.764267 0.0 -0.634916 1.723648 -16.697818 -0.15215 0.009085 12.845295 116.0
45 11095.0 -0.938532 0.744958 0.0 -0.619854 1.723648 -16.697818 -0.15215 0.009085 12.845295 116.0
46 11095.0 -0.927567 0.743499 0.0 -0.614883 1.723648 -16.697818 -0.15215 0.009085 12.845295 116.0
47 11095.0 -0.927388 0.72569 0.0 -0.599343 1.723648 -16.697818 -0.15215 0.009085 12.845295 116.0
48 11095.0 -0.898885 0.722759 0.0 -0.587169 1.723648 -16.697818 -0.15215 0.009085 12.845295 116.0
49 11095.0 -0.893606 0.725175 0.0 -0.587486 1.723648 -16.697818 -0.15215 0.009085 12.845295 116.0
50 11095.0 -0.871796 0.710674 0.0 -0.566167 1.723648 -16.697818 -0.15215 0.009085 12.845295 116.0
51 11095.0 -0.857441 0.702396 0.0 -0.551588 1.723648 -16.697818 -0.15215 0.009085 12.845295 116.0
52 11095.0 -0.841316 0.6851 0.0 -0.526428 1.723648 -16.697818 -0.15215 0.009085 12.845295 116.0
53 11095.0 -0.829501 0.682867 0.0 -0.51946 1.723648 -16.697818 -0.15215 0.009085 12.845295 116.0
54 11095.0 -0.840222 0.689714 0.0 -0.531077 1.723648 -16.697818 -0.15215 0.009085 12.845295 116.0
55 11095.0 -0.805101 0.674423 0.0 -0.500221 1.723648 -16.697818 -0.15215 0.009085 12.845295 116.0
56 11095.0 -0.8086 0.667507 0.0 -0.493935 1.723648 -16.697818 -0.15215 0.009085 12.845295 116.0
57 11095.0 -0.792706 0.656434 0.0 -0.474977 1.723648 -16.697818 -0.15215 0.009085 12.845295 116.0
58 11095.0 -0.779958 0.664584 0.0 -0.478815 1.723648 -16.697818 -0.15215 0.009085 12.845295 116.0
59 11095.0 -0.758664 0.680526 0.0 -0.48783 1.723648 -16.697818 -0.15215 0.009085 12.845295 116.0
60 11095.0 -0.745565 0.668886 0.0 -0.469395 1.723648 -16.697818 -0.15215 0.009085 12.845295 116.0
61 11095.0 -0.752329 0.668765 0.0 -0.472058 1.723648 -16.697818 -0.15215 0.009085 12.845295 116.0
62 11095.0 -0.748727 0.662454 0.0 -0.463511 1.723648 -16.697818 -0.15215 0.009085 12.845295 116.0
63 11095.0 -0.738266 0.673833 0.0 -0.471907 1.723648 -16.697818 -0.15215 0.009085 12.845295 116.0
64 11095.0 -0.723228 0.647915 0.0 -0.436704 1.723648 -16.697818 -0.15215 0.009085 12.845295 116.0
65 11095.0 -0.694902 0.649507 0.0 -0.426763 1.723648 -16.697818 -0.15215 0.009085 12.845295 116.0
66 11095.0 -0.698606 0.634102 0.0 -0.411071 1.723648 -16.697818 -0.15215 0.009085 12.845295 116.0
67 11095.0 -0.676002 0.641514 0.0 -0.410006 1.723648 -16.697818 -0.15215 0.009085 12.845295 116.0
68 11095.0 -0.66979 0.624161 0.0 -0.388033 1.723648 -16.697818 -0.15215 0.009085 12.845295 116.0
69 11095.0 -0.654864 0.638306 0.0 -0.397673 1.723648 -16.697818 -0.15215 0.009085 12.845295 116.0
70 11095.0 -0.635903 0.641521 0.0 -0.393422 1.723648 -16.697818 -0.15215 0.009085 12.845295 116.0
71 11095.0 -0.654239 0.639367 0.0 -0.3986 1.723648 -16.697818 -0.15215 0.009085 12.845295 116.0
72 11095.0 -0.637532 0.61338 0.0 -0.36263 1.723648 -16.697818 -0.15215 0.009085 12.845295 116.0
73 11095.0 -0.647617 0.629581 0.0 -0.384919 1.723648 -16.697818 -0.15215 0.009085 12.845295 116.0
74 11095.0 -0.639941 0.622235 0.0 -0.373528 1.723648 -16.697818 -0.15215 0.009085 12.845295 116.0
75 11095.0 -0.627274 0.612922 0.0 -0.357874 1.723648 -16.697818 -0.15215 0.009085 12.845295 116.0
76 11095.0 -0.631353 0.581197 0.0 -0.323945 1.723648 -16.697818 -0.15215 0.009085 12.845295 116.0
77 11095.0 -0.603855 0.569941 0.0 -0.293686 1.723648 -16.697818 -0.15215 0.009085 12.845295 116.0
78 11095.0 -0.588752 0.561216 0.0 -0.272117 1.723648 -16.697818 -0.15215 0.009085 12.845295 116.0
79 11095.0 -0.583036 0.543505 0.0 -0.236425 1.723648 -16.697818 -0.15215 0.009085 12.845295 116.0
80 11095.0 -0.557301 0.538156 0.0 -0.202538 1.723648 -16.697818 -0.15215 0.009085 12.845295 116.0
81 11095.0 -0.566494 0.526898 0.0 -0.19143 1.723648 -16.697818 -0.15215 0.009085 12.845295 116.0
82 11095.0 -0.555773 0.526353 0.0 -0.183323 1.723648 -16.697818 -0.15215 0.009085 12.845295 116.0
83 11095.0 -0.556259 0.534732 0.0 -0.195499 1.723648 -16.697818 -0.15215 0.009085 12.845295 116.0
84 11095.0 -0.553653 0.533622 0.0 -0.191792 1.723648 -16.697818 -0.15215 0.009085 12.845295 116.0
85 11095.0 -0.555169 0.540863 0.0 -0.205298 1.723648 -16.697818 -0.15215 0.009085 12.845295 116.0
86 11095.0 -0.567958 0.562429 0.0 -0.255543 1.723648 -16.697818 -0.15215 0.009085 12.845295 116.0
87 11095.0 -0.523892 0.539459 0.0 -0.179459 1.723648 -16.697818 -0.15215 0.009085 12.845295 116.0
88 11095.0 -0.502567 0.52018 0.0 -0.138617 1.723648 -16.697818 -0.15215 0.009085 12.845295 116.0
89 11095.0 -0.461654 0.535001 0.0 -0.132129 1.723648 -16.697818 -0.15215 0.009085 12.845295 116.0
90 11095.0 -0.444975 0.525578 0.0 -0.116677 1.723648 -16.697818 -0.15215 0.009085 12.845295 116.0
91 11095.0 -0.431106 0.512627 0.0 -0.098953 1.723648 -16.697818 -0.15215 0.009085 12.845295 116.0
92 11095.0 -0.404114 0.509654 0.0 -0.085648 1.723648 -16.697818 -0.15215 0.009085 12.845295 116.0
93 11095.0 -0.383475 0.52953 0.0 -0.096586 1.723648 -16.697818 -0.15215 0.009085 12.845295 116.0
94 11095.0 -0.391437 0.517501 0.0 -0.088208 1.723648 -16.697818 -0.15215 0.009085 12.845295 116.0
95 11095.0 -0.382812 0.516748 0.0 -0.084145 1.723648 -16.697818 -0.15215 0.009085 12.845295 116.0
96 11095.0 -0.376737 0.521839 0.0 -0.08664 1.723648 -16.697818 -0.15215 0.009085 12.845295 116.0
97 11095.0 -0.374861 0.554874 0.0 -0.1174 1.723648 -16.697818 -0.15215 0.009085 12.845295 116.0
98 11095.0 -0.339245 0.540769 0.0 -0.090138 1.723648 -16.697818 -0.15215 0.009085 12.845295 116.0
99 11095.0 -0.315739 0.537722 0.0 -0.078115 1.723648 -16.697818 -0.15215 0.009085 12.845295 116.0
100 11095.0 -0.323829 0.527605 0.0 -0.071612 1.723648 -16.697818 -0.15215 0.009085 12.845295 116.0
101 11095.0 -0.297079 0.520169 0.0 -0.054146 1.723648 -16.697818 -0.15215 0.009085 12.845295 116.0
102 11095.0 -0.280894 0.480552 0.0 -0.014888 1.723648 -16.697818 -0.15215 0.009085 12.845295 116.0
103 11095.0 -0.274601 0.492068 0.0 -0.022213 1.723648 -16.697818 -0.15215 0.009085 12.845295 116.0
104 11095.0 -0.2895 0.466055 0.0 -0.00588 1.723648 -16.697818 -0.15215 0.009085 12.845295 116.0
105 11095.0 -0.279638 0.480523 0.0 -0.014477 1.723648 -16.697818 -0.15215 0.009085 12.845295 116.0
106 11095.0 -0.263787 0.477042 0.0 -0.006774 1.723648 -16.697818 -0.15215 0.009085 12.845295 116.0
107 11095.0 -0.253776 0.505207 0.0 -0.026351 1.723648 -16.697818 -0.15215 0.009085 12.845295 116.0
108 11095.0 -0.264658 0.503029 0.0 -0.027962 1.723648 -16.697818 -0.15215 0.009085 12.845295 116.0
109 11095.0 -0.250773 0.539103 0.0 -0.054229 1.723648 -16.697818 -0.15215 0.009085 12.845295 116.0
110 11095.0 -0.245773 0.571375 0.0 -0.083049 1.723648 -16.697818 -0.15215 0.009085 12.845295 116.0
111 11095.0 -0.228845 0.567382 0.0 -0.072675 1.723648 -16.697818 -0.15215 0.009085 12.845295 116.0
112 11095.0 -0.229298 0.561729 0.0 -0.067464 1.723648 -16.697818 -0.15215 0.009085 12.845295 116.0
113 11095.0 -0.212097 0.550357 0.0 -0.049951 1.723648 -16.697818 -0.15215 0.009085 12.845295 116.0
114 11095.0 -0.202246 0.540119 0.0 -0.038522 1.723648 -16.697818 -0.15215 0.009085 12.845295 116.0
115 11095.0 -0.205288 0.535075 0.0 -0.035402 1.723648 -16.697818 -0.15215 0.009085 12.845295 116.0
116 11095.0 -0.184799 0.524481 0.0 -0.02054 1.723648 -16.697818 -0.15215 0.009085 12.845295 116.0
117 11095.0 -0.176472 0.519887 0.0 -0.014267 1.723648 -16.697818 -0.15215 0.009085 12.845295 116.0
118 11095.0 -0.191814 0.515244 0.0 -0.015273 1.723648 -16.697818 -0.15215 0.009085 12.845295 116.0
119 11095.0 -0.177934 0.518093 0.0 -0.013275 1.723648 -16.697818 -0.15215 0.009085 12.845295 116.0
120 11095.0 -0.1738 0.524322 0.0 -0.017011 1.723648 -16.697818 -0.15215 0.009085 12.845295 116.0
121 11095.0 -0.163915 0.513765 0.0 -0.005457 1.723648 -16.697818 -0.15215 0.009085 12.845295 116.0
122 11095.0 -0.168289 0.526488 0.0 -0.017051 1.723648 -16.697818 -0.15215 0.009085 12.845295 116.0
123 11095.0 -0.188253 0.557377 0.0 -0.048087 1.723648 -16.697818 -0.15215 0.009085 12.845295 116.0
124 11095.0 -0.190116 0.551797 0.0 -0.044172 1.723648 -16.697818 -0.15215 0.009085 12.845295 116.0
125 11095.0 -0.189958 0.561754 0.0 -0.052226 1.723648 -16.697818 -0.15215 0.009085 12.845295 116.0
126 11095.0 -0.192653 0.552094 0.0 -0.045194 1.723648 -16.697818 -0.15215 0.009085 12.845295 116.0
127 11095.0 -0.183573 0.542027 0.0 -0.034284 1.723648 -16.697818 -0.15215 0.009085 12.845295 116.0
128 11095.0 -0.142511 0.539842 0.0 -0.019831 1.723648 -16.697818 -0.15215 0.009085 12.845295 116.0
129 11095.0 -0.136525 0.520479 0.0 -0.002393 1.723648 -16.697818 -0.15215 0.009085 12.845295 116.0
130 11095.0 -0.120064 0.507088 0.0 0.010308 1.723648 -16.697818 -0.15215 0.009085 12.845295 116.0
131 11095.0 -0.100845 0.537442 0.0 -0.006478 1.723648 -16.697818 -0.15215 0.009085 12.845295 116.0
132 11095.0 -0.100267 0.522869 0.0 0.003518 1.723648 -16.697818 -0.15215 0.009085 12.845295 116.0
133 11095.0 -0.113915 0.535357 0.0 -0.007646 1.723648 -16.697818 -0.15215 0.009085 12.845295 116.0
134 11095.0 -0.098157 0.515789 0.0 0.007916 1.723648 -16.697818 -0.15215 0.009085 12.845295 116.0
135 11095.0 -0.06784 0.51628 0.0 0.006224 1.723648 -16.697818 -0.15215 0.009085 12.845295 116.0
136 11095.0 -0.087892 0.521643 0.0 0.005197 1.723648 -16.697818 -0.15215 0.009085 12.845295 116.0
137 11095.0 -0.094002 0.532991 0.0 -0.002108 1.723648 -16.697818 -0.15215 0.009085 12.845295 116.0
138 11095.0 -0.088569 0.520429 0.0 0.005846 1.723648 -16.697818 -0.15215 0.009085 12.845295 116.0
139 11095.0 -0.06576 0.532559 0.0 -0.000251 1.723648 -16.697818 -0.15215 0.009085 12.845295 116.0
140 11095.0 -0.063965 0.524872 0.0 0.002636 1.723648 -16.697818 -0.15215 0.009085 12.845295 116.0
141 11095.0 -0.042852 0.526931 0.0 0.000532 1.723648 -16.697818 -0.15215 0.009085 12.845295 116.0
142 11095.0 -0.026729 0.539784 0.0 -0.004407 1.723648 -16.697818 -0.15215 0.009085 12.845295 116.0
143 11095.0 -0.032811 0.541102 0.0 -0.004687 1.723648 -16.697818 -0.15215 0.009085 12.845295 116.0
144 11095.0 -0.022321 0.54358 0.0 -0.005666 1.723648 -16.697818 -0.15215 0.009085 12.845295 116.0
145 11095.0 -0.029856 0.539763 0.0 -0.004336 1.723648 -16.697818 -0.15215 0.009085 12.845295 116.0
146 11095.0 -0.018908 0.549872 0.0 -0.00767 1.723648 -16.697818 -0.15215 0.009085 12.845295 116.0
147 11095.0 -0.015028 0.556404 0.0 -0.009758 1.723648 -16.697818 -0.15215 0.009085 12.845295 116.0
148 11095.0 -0.012189 0.54902 0.0 -0.007548 1.723648 -16.697818 -0.15215 0.009085 12.845295 116.0
149 11095.0 -0.00399 0.538536 0.0 -0.004495 1.723648 -16.697818 -0.15215 0.009085 12.845295 116.0
150 11095.0 0.008972 0.550576 0.0 -0.008464 1.723648 -16.697818 -0.15215 0.009085 12.845295 116.0
151 11095.0 -0.00745 0.526648 0.0 -0.000769 1.723648 -16.697818 -0.15215 0.009085 12.845295 116.0
152 11095.0 -0.009435 0.519427 0.0 0.001492 1.723648 -16.697818 -0.15215 0.009085 12.845295 116.0
153 11095.0 -0.017227 0.514508 0.0 0.003797 1.723648 -16.697818 -0.15215 0.009085 12.845295 116.0
154 11095.0 -0.017876 0.519134 0.0 0.002033 1.723648 -16.697818 -0.15215 0.009085 12.845295 116.0
155 11095.0 -0.040389 0.528351 0.0 -0.000173 1.723648 -16.697818 -0.15215 0.009085 12.845295 116.0
156 11095.0 -0.043199 0.540005 0.0 -0.004134 1.723648 -16.697818 -0.15215 0.009085 12.845295 116.0
157 11095.0 -0.039931 0.533151 0.0 -0.002073 1.723648 -16.697818 -0.15215 0.009085 12.845295 116.0
158 11095.0 -0.043215 0.504696 0.0 0.009224 1.723648 -16.697818 -0.15215 0.009085 12.845295 116.0
159 11095.0 -0.059649 0.498414 0.0 0.012685 1.723648 -16.697818 -0.15215 0.009085 12.845295 116.0
160 11095.0 -0.032933 0.498518 0.0 0.010999 1.723648 -16.697818 -0.15215 0.009085 12.845295 116.0
161 11095.0 -0.010386 0.508703 0.0 0.005639 1.723648 -16.697818 -0.15215 0.009085 12.845295 116.0
162 11095.0 -0.013387 0.476767 0.0 0.018276 1.723648 -16.697818 -0.15215 0.009085 12.845295 116.0
163 11095.0 -0.021056 0.500326 0.0 0.009563 1.723648 -16.697818 -0.15215 0.009085 12.845295 116.0
164 11095.0 -0.023971 0.505147 0.0 0.007863 1.723648 -16.697818 -0.15215 0.009085 12.845295 116.0
165 11095.0 -0.018923 0.524488 0.0 0.000132 1.723648 -16.697818 -0.15215 0.009085 12.845295 116.0
166 11095.0 -0.026788 0.542419 0.0 -0.005216 1.723648 -16.697818 -0.15215 0.009085 12.845295 116.0
167 11095.0 -0.031681 0.532553 0.0 -0.002082 1.723648 -16.697818 -0.15215 0.009085 12.845295 116.0
168 11095.0 -0.008579 0.541316 0.0 -0.005254 1.723648 -16.697818 -0.15215 0.009085 12.845295 116.0
169 11095.0 0.007083 0.530621 0.0 -0.002291 1.723648 -16.697818 -0.15215 0.009085 12.845295 116.0
170 11095.0 -0.010561 0.514583 0.0 0.003357 1.723648 -16.697818 -0.15215 0.009085 12.845295 116.0
171 11095.0 0.009471 0.536394 0.0 -0.004115 1.723648 -16.697818 -0.15215 0.009085 12.845295 116.0
172 11095.0 0.022189 0.536255 0.0 -0.004336 1.723648 -16.697818 -0.15215 0.009085 12.845295 116.0
173 11095.0 0.018198 0.543262 0.0 -0.006407 1.723648 -16.697818 -0.15215 0.009085 12.845295 116.0
174 11095.0 0.038385 0.50688 0.0 0.004358 1.723648 -16.697818 -0.15215 0.009085 12.845295 116.0
175 11095.0 0.073694 0.483488 0.0 0.010874 1.723648 -16.697818 -0.15215 0.009085 12.845295 116.0
176 11095.0 0.078867 0.503376 0.0 0.004596 1.723648 -16.697818 -0.15215 0.009085 12.845295 116.0
177 11095.0 0.090938 0.484304 0.0 0.010383 1.723648 -16.697818 -0.15215 0.009085 12.845295 116.0
178 11095.0 0.100813 0.485031 0.0 0.010007 1.723648 -16.697818 -0.15215 0.009085 12.845295 116.0
179 11095.0 0.112543 0.517533 0.0 0.001436 1.723648 -16.697818 -0.15215 0.009085 12.845295 116.0
180 11095.0 0.156063 0.522774 0.0 0.008554 1.723648 -16.697818 -0.15215 0.009085 12.845295 116.0
181 11095.0 0.165075 0.509392 0.0 0.009565 1.723648 -16.697818 -0.15215 0.009085 12.845295 116.0
182 11095.0 0.185495 0.488771 0.0 0.014069 1.723648 -16.697818 -0.15215 0.009085 12.845295 116.0
183 11095.0 0.21139 0.493367 0.0 0.018302 1.723648 -16.697818 -0.15215 0.009085 12.845295 116.0
184 11095.0 0.191528 0.500264 0.0 0.013971 1.723648 -16.697818 -0.15215 0.009085 12.845295 116.0
185 11095.0 0.195521 0.494238 0.0 0.015324 1.723648 -16.697818 -0.15215 0.009085 12.845295 116.0
186 11095.0 0.19128 0.50841 0.0 0.013719 1.723648 -16.697818 -0.15215 0.009085 12.845295 116.0
187 11095.0 0.186986 0.504771 0.0 0.012917 1.723648 -16.697818 -0.15215 0.009085 12.845295 116.0
188 11095.0 0.202948 0.487857 0.0 0.01734 1.723648 -16.697818 -0.15215 0.009085 12.845295 116.0
189 11095.0 0.212311 0.486035 0.0 0.019233 1.723648 -16.697818 -0.15215 0.009085 12.845295 116.0
190 11095.0 0.194606 0.486896 0.0 0.015922 1.723648 -16.697818 -0.15215 0.009085 12.845295 116.0
191 11095.0 0.198848 0.496863 0.0 0.015656 1.723648 -16.697818 -0.15215 0.009085 12.845295 116.0
192 11095.0 0.198466 0.519108 0.0 0.015209 1.723648 -16.697818 -0.15215 0.009085 12.845295 116.0
193 11095.0 0.190067 0.505538 0.0 0.013433 1.723648 -16.697818 -0.15215 0.009085 12.845295 116.0
194 11095.0 0.200231 0.504671 0.0 0.015096 1.723648 -16.697818 -0.15215 0.009085 12.845295 116.0
195 11095.0 0.217521 0.504585 0.0 0.021111 1.723648 -16.697818 -0.15215 0.009085 12.845295 116.0
196 11095.0 0.240649 0.493269 0.0 0.033701 1.723648 -16.697818 -0.15215 0.009085 12.845295 116.0
197 11095.0 0.251048 0.507778 0.0 0.047306 1.723648 -16.697818 -0.15215 0.009085 12.845295 116.0
198 11095.0 0.267467 0.508501 0.0 0.059793 1.723648 -16.697818 -0.15215 0.009085 12.845295 116.0
199 11095.0 0.264909 0.497082 0.0 0.053264 1.723648 -16.697818 -0.15215 0.009085 12.845295 116.0
200 11095.0 0.304287 0.50598 0.0 0.086117 1.723648 -16.697818 -0.15215 0.009085 12.845295 116.0
201 11095.0 0.330162 0.51353 0.0 0.108395 1.723648 -16.697818 -0.15215 0.009085 12.845295 116.0
202 11095.0 0.353589 0.499441 0.0 0.120084 1.723648 -16.697818 -0.15215 0.009085 12.845295 116.0
203 11095.0 0.381416 0.525646 0.0 0.151372 1.723648 -16.697818 -0.15215 0.009085 12.845295 116.0
204 11095.0 0.355178 0.525301 0.0 0.131745 1.723648 -16.697818 -0.15215 0.009085 12.845295 116.0
205 11095.0 0.357707 0.525669 0.0 0.133773 1.723648 -16.697818 -0.15215 0.009085 12.845295 116.0
206 11095.0 0.364105 0.521399 0.0 0.136794 1.723648 -16.697818 -0.15215 0.009085 12.845295 116.0
207 11095.0 0.378794 0.515084 0.0 0.145144 1.723648 -16.697818 -0.15215 0.009085 12.845295 116.0
208 11095.0 0.363352 0.516226 0.0 0.134138 1.723648 -16.697818 -0.15215 0.009085 12.845295 116.0
209 11095.0 0.352956 0.529433 0.0 0.131769 1.723648 -16.697818 -0.15215 0.009085 12.845295 116.0
210 11095.0 0.360557 0.530836 0.0 0.137984 1.723648 -16.697818 -0.15215 0.009085 12.845295 116.0
211 11095.0 0.396904 0.54033 0.0 0.169235 1.723648 -16.697818 -0.15215 0.009085 12.845295 116.0
212 11095.0 0.386174 0.541465 0.0 0.162119 1.723648 -16.697818 -0.15215 0.009085 12.845295 116.0
213 11095.0 0.396978 0.544484 0.0 0.171589 1.723648 -16.697818 -0.15215 0.009085 12.845295 116.0
214 11095.0 0.408014 0.542102 0.0 0.178246 1.723648 -16.697818 -0.15215 0.009085 12.845295 116.0
215 11095.0 0.421505 0.528827 0.0 0.182435 1.723648 -16.697818 -0.15215 0.009085 12.845295 116.0
216 11095.0 0.431399 0.521813 0.0 0.186941 1.723648 -16.697818 -0.15215 0.009085 12.845295 116.0
217 11095.0 0.467451 0.519947 0.0 0.215914 1.723648 -16.697818 -0.15215 0.009085 12.845295 116.0
218 11095.0 0.491306 0.5225 0.0 0.23815 1.723648 -16.697818 -0.15215 0.009085 12.845295 116.0
219 11095.0 0.503759 0.533113 0.0 0.255139 1.723648 -16.697818 -0.15215 0.009085 12.845295 116.0
220 11095.0 0.495865 0.528655 0.0 0.245669 1.723648 -16.697818 -0.15215 0.009085 12.845295 116.0
221 11095.0 0.486216 0.546019 0.0 0.247222 1.723648 -16.697818 -0.15215 0.009085 12.845295 116.0
222 11095.0 0.486918 0.532931 0.0 0.240305 1.723648 -16.697818 -0.15215 0.009085 12.845295 116.0
223 11095.0 0.478367 0.54827 0.0 0.241652 1.723648 -16.697818 -0.15215 0.009085 12.845295 116.0
224 11095.0 0.483463 0.550427 0.0 0.24735 1.723648 -16.697818 -0.15215 0.009085 12.845295 116.0
225 11095.0 0.505078 0.572914 0.0 0.281631 1.723648 -16.697818 -0.15215 0.009085 12.845295 116.0
226 11095.0 0.514354 0.583069 0.0 0.296763 1.723648 -16.697818 -0.15215 0.009085 12.845295 116.0
227 11095.0 0.496851 0.607871 0.0 0.29949 1.723648 -16.697818 -0.15215 0.009085 12.845295 116.0
228 11095.0 0.495993 0.595295 0.0 0.289811 1.723648 -16.697818 -0.15215 0.009085 12.845295 116.0
229 11095.0 0.492776 0.593767 0.0 0.285982 1.723648 -16.697818 -0.15215 0.009085 12.845295 116.0
230 11095.0 0.508898 0.586665 0.0 0.294671 1.723648 -16.697818 -0.15215 0.009085 12.845295 116.0
231 11095.0 0.517497 0.58143 0.0 0.298276 1.723648 -16.697818 -0.15215 0.009085 12.845295 116.0
232 11095.0 0.529117 0.582948 0.0 0.309262 1.723648 -16.697818 -0.15215 0.009085 12.845295 116.0
233 11095.0 0.520722 0.563136 0.0 0.288008 1.723648 -16.697818 -0.15215 0.009085 12.845295 116.0
234 11095.0 0.542397 0.57326 0.0 0.313687 1.723648 -16.697818 -0.15215 0.009085 12.845295 116.0
235 11095.0 0.527007 0.556564 0.0 0.288968 1.723648 -16.697818 -0.15215 0.009085 12.845295 116.0
236 11095.0 0.53519 0.570587 0.0 0.305643 1.723648 -16.697818 -0.15215 0.009085 12.845295 116.0
237 11095.0 0.543397 0.60546 0.0 0.337451 1.723648 -16.697818 -0.15215 0.009085 12.845295 116.0
238 11095.0 0.546218 0.607223 0.0 0.34111 1.723648 -16.697818 -0.15215 0.009085 12.845295 116.0
239 11095.0 0.561159 0.623151 0.0 0.365178 1.723648 -16.697818 -0.15215 0.009085 12.845295 116.0
240 11095.0 0.563154 0.60634 0.0 0.354919 1.723648 -16.697818 -0.15215 0.009085 12.845295 116.0
241 11095.0 0.543617 0.595636 0.0 0.330649 1.723648 -16.697818 -0.15215 0.009085 12.845295 116.0
242 11095.0 0.534439 0.586005 0.0 0.315973 1.723648 -16.697818 -0.15215 0.009085 12.845295 116.0
243 11095.0 0.544201 0.56025 0.0 0.306129 1.723648 -16.697818 -0.15215 0.009085 12.845295 116.0
244 11095.0 0.536249 0.557081 0.0 0.29735 1.723648 -16.697818 -0.15215 0.009085 12.845295 116.0
245 11095.0 0.557448 0.560181 0.0 0.317675 1.723648 -16.697818 -0.15215 0.009085 12.845295 116.0
246 11095.0 0.555803 0.556255 0.0 0.313978 1.723648 -16.697818 -0.15215 0.009085 12.845295 116.0
247 11095.0 0.562894 0.567869 0.0 0.327325 1.723648 -16.697818 -0.15215 0.009085 12.845295 116.0
248 11095.0 0.569702 0.554266 0.0 0.32499 1.723648 -16.697818 -0.15215 0.009085 12.845295 116.0
249 11095.0 0.598802 0.577783 0.0 0.364986 1.723648 -16.697818 -0.15215 0.009085 12.845295 116.0
250 11095.0 0.596846 0.582768 0.0 0.366866 1.723648 -16.697818 -0.15215 0.009085 12.845295 116.0
251 11095.0 0.597003 0.581889 0.0 0.366374 1.723648 -16.697818 -0.15215 0.009085 12.845295 116.0
252 11095.0 0.607214 0.591683 0.0 0.382047 1.723648 -16.697818 -0.15215 0.009085 12.845295 116.0
253 11095.0 0.602503 0.59245 0.0 0.378577 1.723648 -16.697818 -0.15215 0.009085 12.845295 116.0
254 11095.0 0.642611 0.611212 0.0 0.426115 1.723648 -16.697818 -0.15215 0.009085 12.845295 116.0
255 11095.0 0.670833 0.632498 0.0 0.465316 1.723648 -16.697818 -0.15215 0.009085 12.845295 116.0
256 11095.0 0.66827 0.642689 0.0 0.470383 1.723648 -16.697818 -0.15215 0.009085 12.845295 116.0
257 11095.0 0.678895 0.634126 0.0 0.473347 1.723648 -16.697818 -0.15215 0.009085 12.845295 116.0
258 11095.0 0.700173 0.625904 0.0 0.485634 1.723648 -16.697818 -0.15215 0.009085 12.845295 116.0
259 11095.0 0.708106 0.622031 0.0 0.489641 1.723648 -16.697818 -0.15215 0.009085 12.845295 116.0
260 11095.0 0.71615 0.636202 0.0 0.50658 1.723648 -16.697818 -0.15215 0.009085 12.845295 116.0
261 11095.0 0.733041 0.637688 0.0 0.522036 1.723648 -16.697818 -0.15215 0.009085 12.845295 116.0
262 11095.0 0.728815 0.628949 0.0 0.512216 1.723648 -16.697818 -0.15215 0.009085 12.845295 116.0
263 11095.0 0.722004 0.631008 0.0 0.507875 1.723648 -16.697818 -0.15215 0.009085 12.845295 116.0
264 11095.0 0.715453 0.617956 0.0 0.493004 1.723648 -16.697818 -0.15215 0.009085 12.845295 116.0
265 11095.0 0.719183 0.635812 0.0 0.508888 1.723648 -16.697818 -0.15215 0.009085 12.845295 116.0
266 11095.0 0.709389 0.670749 0.0 0.525398 1.723648 -16.697818 -0.15215 0.009085 12.845295 116.0
267 11095.0 0.714155 0.654664 0.0 0.518016 1.723648 -16.697818 -0.15215 0.009085 12.845295 116.0
268 11095.0 0.73072 0.659265 0.0 0.53541 1.723648 -16.697818 -0.15215 0.009085 12.845295 116.0
269 11095.0 0.724496 0.657016 0.0 0.528504 1.723648 -16.697818 -0.15215 0.009085 12.845295 116.0
270 11095.0 0.727092 0.65868 0.0 0.531901 1.723648 -16.697818 -0.15215 0.009085 12.845295 116.0
271 11095.0 0.725325 0.636758 0.0 0.514797 1.723648 -16.697818 -0.15215 0.009085 12.845295 116.0
272 11095.0 0.744584 0.662346 0.0 0.54942 1.723648 -16.697818 -0.15215 0.009085 12.845295 116.0
273 11095.0 0.759892 0.677014 0.0 0.572905 1.723648 -16.697818 -0.15215 0.009085 12.845295 116.0
274 11095.0 0.756552 0.674701 0.0 0.568412 1.723648 -16.697818 -0.15215 0.009085 12.845295 116.0
275 11095.0 0.779313 0.682545 0.0 0.593394 1.723648 -16.697818 -0.15215 0.009085 12.845295 116.0
276 11095.0 0.798248 0.69093 0.0 0.615501 1.723648 -16.697818 -0.15215 0.009085 12.845295 116.0
277 11095.0 0.811435 0.724916 0.0 0.651419 1.723648 -16.697818 -0.15215 0.009085 12.845295 116.0
278 11095.0 0.814981 0.724826 0.0 0.654437 1.723648 -16.697818 -0.15215 0.009085 12.845295 116.0
279 11095.0 0.823647 0.742236 0.0 0.67475 1.723648 -16.697818 -0.15215 0.009085 12.845295 116.0
280 11095.0 0.822841 0.750115 0.0 0.67983 1.723648 -16.697818 -0.15215 0.009085 12.845295 116.0
281 11095.0 0.827963 0.781902 0.0 0.707608 1.723648 -16.697818 -0.15215 0.009085 12.845295 116.0
282 11095.0 0.839085 0.79183 0.0 0.724567 1.723648 -16.697818 -0.15215 0.009085 12.845295 116.0
283 11095.0 0.84848 0.803258 0.0 0.741124 1.723648 -16.697818 -0.15215 0.009085 12.845295 116.0
284 11095.0 0.838794 0.829575 0.0 0.752008 1.723648 -16.697818 -0.15215 0.009085 12.845295 116.0
285 11095.0 0.822265 0.833173 0.0 0.740269 1.723648 -16.697818 -0.15215 0.009085 12.845295 116.0
286 11095.0 0.849748 0.832896 0.0 0.763972 1.723648 -16.697818 -0.15215 0.009085 12.845295 116.0
287 11095.0 0.864146 0.841926 0.0 0.783122 1.723648 -16.697818 -0.15215 0.009085 12.845295 116.0
