 time p.x p.y p.z deep.node-0 CV opes.bias opes.rct opes.zed opes.neff opes.nker
0 19240.0 -0.70802 1.308337 0.0 -0.943147 1.727473 -13.084487 -0.207353 0.007749 12.845295 136.0
1 19240.0 -0.741147 1.275978 0.0 -0.93333 1.727473 -13.084487 -0.207353 0.007749 12.845295 136.0
2 19240.0 -0.731582 1.262023 0.0 -0.922772 1.727473 -13.084487 -0.207353 0.007749 12.845295 136.0
3 19240.0 -0.702622 1.23905 0.0 -0.901889 1.727473 -13.084487 -0.207353 0.007749 12.845295 136.0
4 19240.0 -0.682733 1.260145 0.0 -0.908742 1.727473 -13.084487 -0.207353 0.007749 12.845295 136.0
5 19240.0 -0.693437 1.253104 0.0 -0.907532 1.727473 -13.084487 -0.207353 0.007749 12.845295 136.0
6 19240.0 -0.706535 1.228047 0.0 -0.896562 1.727473 -13.084487 -0.207353 0.007749 12.845295 136.0
7 19240.0 -0.735191 1.223513 0.0 -0.901593 1.727473 -13.084487 -0.207353 0.007749 12.845295 136.0
8 19240.0 -0.750271 1.202828 0.0 -0.893538 1.727473 -13.084487 -0.207353 0.007749 12.845295 136.0
9 19240.0 -0.757596 1.190009 0.0 -0.887973 1.727473 -13.084487 -0.207353 0.007749 12.845295 136.0
10 19240.0 -0.79851 1.198887 0.0 -0.904224 1.727473 -13.084487 -0.207353 0.007749 12.845295 136.0
11 19240.0 -0.806098 1.176778 0.0 -0.89329 1.727473 -13.084487 -0.207353 0.007749 12.845295 136.0
12 19240.0 -0.820046 1.169505 0.0 -0.892779 1.727473 -13.084487 -0.207353 0.007749 12.845295 136.0
13 19240.0 -0.844634 1.167454 0.0 -0.898214 1.727473 -13.084487 -0.207353 0.007749 12.845295 136.0
14 19240.0 -0.856006 1.129391 0.0 -0.878888 1.727473 -13.084487 -0.207353 0.007749 12.845295 136.0
15 19240.0 -0.859203 1.131109 0.0 -0.880763 1.727473 -13.084487 -0.207353 0.007749 12.845295 136.0
16 19240.0 -0.874485 1.125293 0.0 -0.881469 1.727473 -13.084487 -0.207353 0.007749 12.845295 136.0
17 19240.0 -0.882988 1.093656 0.0 -0.86515 1.727473 -13.084487 -0.207353 0.007749 12.845295 136.0
18 19240.0 -0.871762 1.101467 0.0 -0.866714 1.727473 -13.084487 -0.207353 0.007749 12.845295 136.0
19 19240.0 -0.894484 1.082121 0.0 -0.861468 1.727473 -13.084487 -0.207353 0.007749 12.845295 136.0
20 19240.0 -0.876264 1.071552 0.0 -0.850327 1.727473 -13.084487 -0.207353 0.007749 12.845295 136.0
21 19240.0 -0.869712 1.028065 0.0 -0.822838 1.727473 -13.084487 -0.207353 0.007749 12.845295 136.0
22 19240.0 -0.883546 1.037103 0.0 -0.832025 1.727473 -13.084487 -0.207353 0.007749 12.845295 136.0
23 19240.0 -0.908659 1.016031 0.0 -0.826489 1.727473 -13.084487 -0.207353 0.007749 12.845295 136.0
24 19240.0 -0.920356 1.010875 0.0 -0.826635 1.727473 -13.084487 -0.207353 0.007749 12.845295 136.0
25 19240.0 -0.924203 0.985798 0.0 -0.812874 1.727473 -13.084487 -0.207353 0.007749 12.845295 136.0
26 19240.0 -0.932013 0.994856 0.0 -0.820418 1.727473 -13.084487 -0.207353 0.007749 12.845295 136.0
27 19240.0 -0.932581 0.978031 0.0 -0.810585 1.727473 -13.084487 -0.207353 0.007749 12.845295 136.0
28 19240.0 -0.931987 0.950838 0.0 -0.794119 1.727473 -13.084487 -0.207353 0.007749 12.845295 136.0
29 19240.0 -0.923684 0.946765 0.0 -0.78929 1.727473 -13.084487 -0.207353 0.007749 12.845295 136.0
30 19240.0 -0.919623 0.914077 0.0 -0.76031 1.727473 -13.084487 -0.207353 0.007749 12.845295 136.0
31 19240.0 -0.916282 0.904959 0.0 -0.751547 1.727473 -13.084487 -0.207353 0.007749 12.845295 136.0
32 19240.0 -0.897715 0.903044 0.0 -0.743825 1.727473 -13.084487 -0.207353 0.007749 12.845295 136.0
33 19240.0 -0.890154 0.871804 0.0 -0.714031 1.727473 -13.084487 -0.207353 0.007749 12.845295 136.0
34 19240.0 -0.889422 0.856133 0.0 -0.700118 1.727473 -13.084487 -0.207353 0.007749 12.845295 136.0
35 19240.0 -0.863449 0.832278 0.0 -0.670557 1.727473 -13.084487 -0.207353 0.007749 12.845295 136.0
36 19240.0 -0.85983 0.814735 0.0 -0.654037 1.727473 -13.084487 -0.207353 0.007749 12.845295 136.0
37 19240.0 -0.871931 0.821678 0.0 -0.664173 1.727473 -13.084487 -0.207353 0.007749 12.845295 136.0
38 19240.0 -0.880372 0.801617 0.0 -0.649525 1.727473 -13.084487 -0.207353 0.007749 12.845295 136.0
39 19240.0 -0.862668 0.793964 0.0 -0.63688 1.727473 -13.084487 -0.207353 0.007749 12.845295 136.0
40 19240.0 -0.830833 0.773657 0.0 -0.608436 1.727473 -13.084487 -0.207353 0.007749 12.845295 136.0
41 19240.0 -0.836859 0.765074 0.0 -0.602999 1.727473 -13.084487 -0.207353 0.007749 12.845295 136.0
42 19240.0 -0.826604 0.73496 0.0 -0.573361 1.727473 -13.084487 -0.207353 0.007749 12.845295 136.0
43 19240.0 -0.822737 0.721802 0.0 -0.559634 1.727473 -13.084487 -0.207353 0.007749 12.845295 136.0
44 19240.0 -0.81108 0.73781 0.0 -0.570595 1.727473 -13.084487 -0.207353 0.007749 12.845295 136.0
45 19240.0 -0.805694 0.716988 0.0 -0.547832 1.727473 -13.084487 -0.207353 0.007749 12.845295 136.0
46 19240.0 -0.772705 0.725267 0.0 -0.543667 1.727473 -13.084487 -0.207353 0.007749 12.845295 136.0
47 19240.0 -0.753306 0.71192 0.0 -0.520716 1.727473 -13.084487 -0.207353 0.007749 12.845295 136.0
48 19240.0 -0.746527 0.710666 0.0 -0.51651 1.727473 -13.084487 -0.207353 0.007749 12.845295 136.0
49 19240.0 -0.729942 0.720996 0.0 -0.521197 1.727473 -13.084487 -0.207353 0.007749 12.845295 136.0
50 19240.0 -0.697953 0.710789 0.0 -0.496548 1.727473 -13.084487 -0.207353 0.007749 12.845295 136.0
51 19240.0 -0.663391 0.679415 0.0 -0.447167 1.727473 -13.084487 -0.207353 0.007749 12.845295 136.0
52 19240.0 -0.673339 0.665107 0.0 -0.435284 1.727473 -13.084487 -0.207353 0.007749 12.845295 136.0
53 19240.0 -0.674331 0.654711 0.0 -0.42407 1.727473 -13.084487 -0.207353 0.007749 12.845295 136.0
54 19240.0 -0.676434 0.638382 0.0 -0.406683 1.727473 -13.084487 -0.207353 0.007749 12.845295 136.0
55 19240.0 -0.661492 0.622694 0.0 -0.382959 1.727473 -13.084487 -0.207353 0.007749 12.845295 136.0
56 19240.0 -0.650773 0.609911 0.0 -0.364231 1.727473 -13.084487 -0.207353 0.007749 12.845295 136.0
57 19240.0 -0.64078 0.59985 0.0 -0.348846 1.727473 -13.084487 -0.207353 0.007749 12.845295 136.0
58 19240.0 -0.611661 0.584187 0.0 -0.31724 1.727473 -13.084487 -0.207353 0.007749 12.845295 136.0
59 19240.0 -0.604985 0.577115 0.0 -0.304018 1.727473 -13.084487 -0.207353 0.007749 12.845295 136.0
60 19240.0 -0.584495 0.573246 0.0 -0.286882 1.727473 -13.084487 -0.207353 0.007749 12.845295 136.0
61 19240.0 -0.557204 0.561782 0.0 -0.244189 1.727473 -13.084487 -0.207353 0.007749 12.845295 136.0
62 19240.0 -0.556946 0.536799 0.0 -0.199804 1.727473 -13.084487 -0.207353 0.007749 12.845295 136.0
63 19240.0 -0.539228 0.515071 0.0 -0.156676 1.727473 -13.084487 -0.207353 0.007749 12.845295 136.0
64 19240.0 -0.551744 0.4792 0.0 -0.117749 1.727473 -13.084487 -0.207353 0.007749 12.845295 136.0
65 19240.0 -0.53203 0.466193 0.0 -0.095187 1.727473 -13.084487 -0.207353 0.007749 12.845295 136.0
66 19240.0 -0.549804 0.459032 0.0 -0.095688 1.727473 -13.084487 -0.207353 0.007749 12.845295 136.0
67 19240.0 -0.543582 0.495537 0.0 -0.133759 1.727473 -13.084487 -0.207353 0.007749 12.845295 136.0
68 19240.0 -0.542766 0.491565 0.0 -0.127914 1.727473 -13.084487 -0.207353 0.007749 12.845295 136.0
69 19240.0 -0.53483 0.506276 0.0 -0.141922 1.727473 -13.084487 -0.207353 0.007749 12.845295 136.0
70 19240.0 -0.523959 0.472669 0.0 -0.097938 1.727473 -13.084487 -0.207353 0.007749 12.845295 136.0
71 19240.0 -0.533207 0.486641 0.0 -0.114703 1.727473 -13.084487 -0.207353 0.007749 12.845295 136.0
72 19240.0 -0.526771 0.510961 0.0 -0.142549 1.727473 -13.084487 -0.207353 0.007749 12.845295 136.0
73 19240.0 -0.520978 0.523595 0.0 -0.155831 1.727473 -13.084487 -0.207353 0.007749 12.845295 136.0
74 19240.0 -0.51151 0.536426 0.0 -0.166876 1.727473 -13.084487 -0.207353 0.007749 12.845295 136.0
75 19240.0 -0.48926 0.540982 0.0 -0.157917 1.727473 -13.084487 -0.207353 0.007749 12.845295 136.0
76 19240.0 -0.515271 0.528997 0.0 -0.159308 1.727473 -13.084487 -0.207353 0.007749 12.845295 136.0
77 19240.0 -0.533318 0.525855 0.0 -0.16733 1.727473 -13.084487 -0.207353 0.007749 12.845295 136.0
78 19240.0 -0.530494 0.52117 0.0 -0.159013 1.727473 -13.084487 -0.207353 0.007749 12.845295 136.0
79 19240.0 -0.503219 0.522462 0.0 -0.142175 1.727473 -13.084487 -0.207353 0.007749 12.845295 136.0
80 19240.0 -0.505895 0.544238 0.0 -0.173704 1.727473 -13.084487 -0.207353 0.007749 12.845295 136.0
81 19240.0 -0.49011 0.524073 0.0 -0.135433 1.727473 -13.084487 -0.207353 0.007749 12.845295 136.0
82 19240.0 -0.463228 0.50934 0.0 -0.108281 1.727473 -13.084487 -0.207353 0.007749 12.845295 136.0
83 19240.0 -0.444851 0.520179 0.0 -0.111483 1.727473 -13.084487 -0.207353 0.007749 12.845295 136.0
84 19240.0 -0.449955 0.530639 0.0 -0.123433 1.727473 -13.084487 -0.207353 0.007749 12.845295 136.0
85 19240.0 -0.464225 0.550343 0.0 -0.153613 1.727473 -13.084487 -0.207353 0.007749 12.845295 136.0
86 19240.0 -0.447109 0.569957 0.0 -0.168695 1.727473 -13.084487 -0.207353 0.007749 12.845295 136.0
87 19240.0 -0.446828 0.545978 0.0 -0.13684 1.727473 -13.084487 -0.207353 0.007749 12.845295 136.0
88 19240.0 -0.420274 0.540151 0.0 -0.120984 1.727473 -13.084487 -0.207353 0.007749 12.845295 136.0
89 19240.0 -0.433474 0.52128 0.0 -0.108118 1.727473 -13.084487 -0.207353 0.007749 12.845295 136.0
90 19240.0 -0.42506 0.55673 0.0 -0.138643 1.727473 -13.084487 -0.207353 0.007749 12.845295 136.0
91 19240.0 -0.41658 0.531404 0.0 -0.111214 1.727473 -13.084487 -0.207353 0.007749 12.845295 136.0
92 19240.0 -0.378426 0.53304 0.0 -0.097972 1.727473 -13.084487 -0.207353 0.007749 12.845295 136.0
93 19240.0 -0.36916 0.539063 0.0 -0.100118 1.727473 -13.084487 -0.207353 0.007749 12.845295 136.0
94 19240.0 -0.376786 0.538869 0.0 -0.102892 1.727473 -13.084487 -0.207353 0.007749 12.845295 136.0
95 19240.0 -0.367761 0.554399 0.0 -0.114192 1.727473 -13.084487 -0.207353 0.007749 12.845295 136.0
96 19240.0 -0.364499 0.542353 0.0 -0.101446 1.727473 -13.084487 -0.207353 0.007749 12.845295 136.0
97 19240.0 -0.372072 0.559929 0.0 -0.121136 1.727473 -13.084487 -0.207353 0.007749 12.845295 136.0
98 19240.0 -0.355361 0.55303 0.0 -0.108077 1.727473 -13.084487 -0.207353 0.007749 12.845295 136.0
99 19240.0 -0.35235 0.543365 0.0 -0.097697 1.727473 -13.084487 -0.207353 0.007749 12.845295 136.0
100 19240.0 -0.370597 0.540662 0.0 -0.1022 1.727473 -13.084487 -0.207353 0.007749 12.845295 136.0
101 19240.0 -0.363991 0.529768 0.0 -0.089254 1.727473 -13.084487 -0.207353 0.007749 12.845295 136.0
102 19240.0 -0.3493 0.524596 0.0 -0.078625 1.727473 -13.084487 -0.207353 0.007749 12.845295 136.0
103 19240.0 -0.324852 0.529834 0.0 -0.074133 1.727473 -13.084487 -0.207353 0.007749 12.845295 136.0
104 19240.0 -0.30119 0.513499 0.0 -0.049384 1.727473 -13.084487 -0.207353 0.007749 12.845295 136.0
105 19240.0 -0.270702 0.513207 0.0 -0.038023 1.727473 -13.084487 -0.207353 0.007749 12.845295 136.0
106 19240.0 -0.266975 0.493757 0.0 -0.021214 1.727473 -13.084487 -0.207353 0.007749 12.845295 136.0
107 19240.0 -0.259426 0.500763 0.0 -0.02452 1.727473 -13.084487 -0.207353 0.007749 12.845295 136.0
108 19240.0 -0.238617 0.477047 0.0 0.001004 1.727473 -13.084487 -0.207353 0.007749 12.845295 136.0
109 19240.0 -0.245685 0.50823 0.0 -0.026283 1.727473 -13.084487 -0.207353 0.007749 12.845295 136.0
110 19240.0 -0.223642 0.523181 0.0 -0.031502 1.727473 -13.084487 -0.207353 0.007749 12.845295 136.0
111 19240.0 -0.214425 0.497643 0.0 -0.008096 1.727473 -13.084487 -0.207353 0.007749 12.845295 136.0
112 19240.0 -0.17269 0.488853 0.0 0.011883 1.727473 -13.084487 -0.207353 0.007749 12.845295 136.0
113 19240.0 -0.176681 0.477529 0.0 0.019168 1.727473 -13.084487 -0.207353 0.007749 12.845295 136.0
114 19240.0 -0.166402 0.473709 0.0 0.023788 1.727473 -13.084487 -0.207353 0.007749 12.845295 136.0
115 19240.0 -0.158595 0.496854 0.0 0.009637 1.727473 -13.084487 -0.207353 0.007749 12.845295 136.0
116 19240.0 -0.15044 0.525448 0.0 -0.010695 1.727473 -13.084487 -0.207353 0.007749 12.845295 136.0
117 19240.0 -0.142837 0.512442 0.0 0.002125 1.727473 -13.084487 -0.207353 0.007749 12.845295 136.0
118 19240.0 -0.128623 0.522592 0.0 -0.001896 1.727473 -13.084487 -0.207353 0.007749 12.845295 136.0
119 19240.0 -0.114623 0.539415 0.0 -0.010865 1.727473 -13.084487 -0.207353 0.007749 12.845295 136.0
120 19240.0 -0.128171 0.526677 0.0 -0.0048 1.727473 -13.084487 -0.207353 0.007749 12.845295 136.0
121 19240.0 -0.120754 0.535084 0.0 -0.009274 1.727473 -13.084487 -0.207353 0.007749 12.845295 136.0
122 19240.0 -0.109067 0.558767 0.0 -0.024724 1.727473 -13.084487 -0.207353 0.007749 12.845295 136.0
123 19240.0 -0.079018 0.539458 0.0 -0.004393 1.727473 -13.084487 -0.207353 0.007749 12.845295 136.0
124 19240.0 -0.079032 0.528293 0.0 0.001943 1.727473 -13.084487 -0.207353 0.007749 12.845295 136.0
125 19240.0 -0.05368 0.527314 0.0 0.00105 1.727473 -13.084487 -0.207353 0.007749 12.845295 136.0
126 19240.0 -0.027837 0.513018 0.0 0.005032 1.727473 -13.084487 -0.207353 0.007749 12.845295 136.0
127 19240.0 -0.004388 0.514272 0.0 0.003098 1.727473 -13.084487 -0.207353 0.007749 12.845295 136.0
128 19240.0 -0.010886 0.51113 0.0 0.004724 1.727473 -13.084487 -0.207353 0.007749 12.845295 136.0
129 19240.0 -0.015114 0.524731 0.0 -2.1e-05 1.727473 -13.084487 -0.207353 0.007749 12.845295 136.0
130 19240.0 -0.007203 0.546503 0.0 -0.006877 1.727473 -13.084487 -0.207353 0.007749 12.845295 136.0
131 19240.0 -0.061974 0.565349 0.0 -0.016353 1.727473 -13.084487 -0.207353 0.007749 12.845295 136.0
132 19240.0 -0.0293 0.582932 0.0 -0.021626 1.727473 -13.084487 -0.207353 0.007749 12.845295 136.0
133 19240.0 -0.024934 0.585439 0.0 -0.022407 1.727473 -13.084487 -0.207353 0.007749 12.845295 136.0
134 19240.0 -0.033906 0.577084 0.0 -0.019248 1.727473 -13.084487 -0.207353 0.007749 12.845295 136.0
135 19240.0 -0.023146 0.546667 0.0 -0.006597 1.727473 -13.084487 -0.207353 0.007749 12.845295 136.0
136 19240.0 -0.021882 0.543642 0.0 -0.005694 1.727473 -13.084487 -0.207353 0.007749 12.845295 136.0
137 19240.0 0.003612 0.54916 0.0 -0.007918 1.727473 -13.084487 -0.207353 0.007749 12.845295 136.0
138 19240.0 -0.008644 0.531775 0.0 -0.00232 1.727473 -13.084487 -0.207353 0.007749 12.845295 136.0
139 19240.0 -0.006176 0.539718 0.0 -0.004813 1.727473 -13.084487 -0.207353 0.007749 12.845295 136.0
140 19240.0 0.007591 0.54217 0.0 -0.005852 1.727473 -13.084487 -0.207353 0.007749 12.845295 136.0
141 19240.0 -0.000919 0.540549 0.0 -0.005177 1.727473 -13.084487 -0.207353 0.007749 12.845295 136.0
142 19240.0 -0.004661 0.532457 0.0 -0.002612 1.727473 -13.084487 -0.207353 0.007749 12.845295 136.0
143 19240.0 -0.00636 0.515267 0.0 0.002832 1.727473 -13.084487 -0.207353 0.007749 12.845295 136.0
144 19240.0 0.007417 0.507746 0.0 0.004916 1.727473 -13.084487 -0.207353 0.007749 12.845295 136.0
145 19240.0 0.011165 0.550613 0.0 -0.008521 1.727473 -13.084487 -0.207353 0.007749 12.845295 136.0
146 19240.0 0.006519 0.556243 0.0 -0.010155 1.727473 -13.084487 -0.207353 0.007749 12.845295 136.0
147 19240.0 0.007694 0.578062 0.0 -0.013374 1.727473 -13.084487 -0.207353 0.007749 12.845295 136.0
148 19240.0 0.023205 0.566831 0.0 -0.011256 1.727473 -13.084487 -0.207353 0.007749 12.845295 136.0
149 19240.0 0.008874 0.530339 0.0 -0.002242 1.727473 -13.084487 -0.207353 0.007749 12.845295 136.0
150 19240.0 0.031076 0.531556 0.0 -0.003076 1.727473 -13.084487 -0.207353 0.007749 12.845295 136.0
151 19240.0 0.012569 0.536757 0.0 -0.004291 1.727473 -13.084487 -0.207353 0.007749 12.845295 136.0
152 19240.0 0.021191 0.554602 0.0 -0.009955 1.727473 -13.084487 -0.207353 0.007749 12.845295 136.0
153 19240.0 0.0148 0.575391 0.0 -0.012324 1.727473 -13.084487 -0.207353 0.007749 12.845295 136.0
154 19240.0 0.022765 0.556313 0.0 -0.010513 1.727473 -13.084487 -0.207353 0.007749 12.845295 136.0
155 19240.0 0.028898 0.507219 0.0 0.00445 1.727473 -13.084487 -0.207353 0.007749 12.845295 136.0
156 19240.0 0.061864 0.503704 0.0 0.004848 1.727473 -13.084487 -0.207353 0.007749 12.845295 136.0
157 19240.0 0.08915 0.485066 0.0 0.010124 1.727473 -13.084487 -0.207353 0.007749 12.845295 136.0
158 19240.0 0.071566 0.478053 0.0 0.012896 1.727473 -13.084487 -0.207353 0.007749 12.845295 136.0
159 19240.0 0.081269 0.486359 0.0 0.009777 1.727473 -13.084487 -0.207353 0.007749 12.845295 136.0
160 19240.0 0.089963 0.52305 0.0 -0.001681 1.727473 -13.084487 -0.207353 0.007749 12.845295 136.0
161 19240.0 0.10458 0.516599 0.0 0.000134 1.727473 -13.084487 -0.207353 0.007749 12.845295 136.0
162 19240.0 0.12928 0.541582 0.0 0.004878 1.727473 -13.084487 -0.207353 0.007749 12.845295 136.0
163 19240.0 0.163471 0.514597 0.0 0.009475 1.727473 -13.084487 -0.207353 0.007749 12.845295 136.0
164 19240.0 0.160987 0.522131 0.0 0.00932 1.727473 -13.084487 -0.207353 0.007749 12.845295 136.0
165 19240.0 0.159207 0.511927 0.0 0.008709 1.727473 -13.084487 -0.207353 0.007749 12.845295 136.0
166 19240.0 0.140179 0.531818 0.0 0.006306 1.727473 -13.084487 -0.207353 0.007749 12.845295 136.0
167 19240.0 0.153531 0.532245 0.0 0.008452 1.727473 -13.084487 -0.207353 0.007749 12.845295 136.0
168 19240.0 0.17899 0.540326 0.0 0.012777 1.727473 -13.084487 -0.207353 0.007749 12.845295 136.0
169 19240.0 0.187438 0.509099 0.0 0.013127 1.727473 -13.084487 -0.207353 0.007749 12.845295 136.0
170 19240.0 0.202513 0.51526 0.0 0.015732 1.727473 -13.084487 -0.207353 0.007749 12.845295 136.0
171 19240.0 0.216615 0.521896 0.0 0.029367 1.727473 -13.084487 -0.207353 0.007749 12.845295 136.0
172 19240.0 0.223908 0.527089 0.0 0.037432 1.727473 -13.084487 -0.207353 0.007749 12.845295 136.0
173 19240.0 0.238327 0.542084 0.0 0.055938 1.727473 -13.084487 -0.207353 0.007749 12.845295 136.0
174 19240.0 0.225997 0.542035 0.0 0.047028 1.727473 -13.084487 -0.207353 0.007749 12.845295 136.0
175 19240.0 0.23861 0.535119 0.0 0.052371 1.727473 -13.084487 -0.207353 0.007749 12.845295 136.0
176 19240.0 0.266023 0.556092 0.0 0.083475 1.727473 -13.084487 -0.207353 0.007749 12.845295 136.0
177 19240.0 0.269074 0.528917 0.0 0.070962 1.727473 -13.084487 -0.207353 0.007749 12.845295 136.0
178 19240.0 0.270622 0.527458 0.0 0.071287 1.727473 -13.084487 -0.207353 0.007749 12.845295 136.0
179 19240.0 0.275342 0.538346 0.0 0.080582 1.727473 -13.084487 -0.207353 0.007749 12.845295 136.0
180 19240.0 0.289796 0.533993 0.0 0.088638 1.727473 -13.084487 -0.207353 0.007749 12.845295 136.0
181 19240.0 0.291491 0.531427 0.0 0.088471 1.727473 -13.084487 -0.207353 0.007749 12.845295 136.0
182 19240.0 0.298612 0.53856 0.0 0.097462 1.727473 -13.084487 -0.207353 0.007749 12.845295 136.0
183 19240.0 0.299456 0.524404 0.0 0.090407 1.727473 -13.084487 -0.207353 0.007749 12.845295 136.0
184 19240.0 0.307228 0.50429 0.0 0.087617 1.727473 -13.084487 -0.207353 0.007749 12.845295 136.0
185 19240.0 0.307387 0.511379 0.0 0.090608 1.727473 -13.084487 -0.207353 0.007749 12.845295 136.0
186 19240.0 0.306059 0.51168 0.0 0.089744 1.727473 -13.084487 -0.207353 0.007749 12.845295 136.0
187 19240.0 0.28691 0.508904 0.0 0.074397 1.727473 -13.084487 -0.207353 0.007749 12.845295 136.0
188 19240.0 0.294565 0.509456 0.0 0.080306 1.727473 -13.084487 -0.207353 0.007749 12.845295 136.0
189 19240.0 0.296257 0.509616 0.0 0.081627 1.727473 -13.084487 -0.207353 0.007749 12.845295 136.0
190 19240.0 0.312399 0.511727 0.0 0.094471 1.727473 -13.084487 -0.207353 0.007749 12.845295 136.0
191 19240.0 0.320279 0.504882 0.0 0.09755 1.727473 -13.084487 -0.207353 0.007749 12.845295 136.0
192 19240.0 0.323622 0.475228 0.0 0.088013 1.727473 -13.084487 -0.207353 0.007749 12.845295 136.0
193 19240.0 0.311096 0.48959 0.0 0.084531 1.727473 -13.084487 -0.207353 0.007749 12.845295 136.0
194 19240.0 0.310174 0.474351 0.0 0.07767 1.727473 -13.084487 -0.207353 0.007749 12.845295 136.0
195 19240.0 0.320465 0.483054 0.0 0.08884 1.727473 -13.084487 -0.207353 0.007749 12.845295 136.0
196 19240.0 0.319658 0.502657 0.0 0.096186 1.727473 -13.084487 -0.207353 0.007749 12.845295 136.0
197 19240.0 0.310653 0.506316 0.0 0.090982 1.727473 -13.084487 -0.207353 0.007749 12.845295 136.0
198 19240.0 0.318186 0.526498 0.0 0.105035 1.727473 -13.084487 -0.207353 0.007749 12.845295 136.0
199 19240.0 0.33794 0.506538 0.0 0.111337 1.727473 -13.084487 -0.207353 0.007749 12.845295 136.0
200 19240.0 0.345642 0.477247 0.0 0.105186 1.727473 -13.084487 -0.207353 0.007749 12.845295 136.0
201 19240.0 0.378289 0.50192 0.0 0.139433 1.727473 -13.084487 -0.207353 0.007749 12.845295 136.0
202 19240.0 0.359182 0.48729 0.0 0.119312 1.727473 -13.084487 -0.207353 0.007749 12.845295 136.0
203 19240.0 0.35981 0.487739 0.0 0.119961 1.727473 -13.084487 -0.207353 0.007749 12.845295 136.0
204 19240.0 0.363734 0.482176 0.0 0.120621 1.727473 -13.084487 -0.207353 0.007749 12.845295 136.0
205 19240.0 0.375508 0.469943 0.0 0.124407 1.727473 -13.084487 -0.207353 0.007749 12.845295 136.0
206 19240.0 0.379849 0.49935 0.0 0.13955 1.727473 -13.084487 -0.207353 0.007749 12.845295 136.0
207 19240.0 0.389824 0.494683 0.0 0.145067 1.727473 -13.084487 -0.207353 0.007749 12.845295 136.0
208 19240.0 0.404164 0.481206 0.0 0.150255 1.727473 -13.084487 -0.207353 0.007749 12.845295 136.0
209 19240.0 0.405577 0.48563 0.0 0.153097 1.727473 -13.084487 -0.207353 0.007749 12.845295 136.0
210 19240.0 0.398969 0.501171 0.0 0.154488 1.727473 -13.084487 -0.207353 0.007749 12.845295 136.0
211 19240.0 0.396315 0.531546 0.0 0.164829 1.727473 -13.084487 -0.207353 0.007749 12.845295 136.0
212 19240.0 0.383701 0.538433 0.0 0.158696 1.727473 -13.084487 -0.207353 0.007749 12.845295 136.0
213 19240.0 0.411633 0.517324 0.0 0.170441 1.727473 -13.084487 -0.207353 0.007749 12.845295 136.0
214 19240.0 0.425771 0.523365 0.0 0.18339 1.727473 -13.084487 -0.207353 0.007749 12.845295 136.0
215 19240.0 0.433019 0.526824 0.0 0.190175 1.727473 -13.084487 -0.207353 0.007749 12.845295 136.0
216 19240.0 0.431187 0.511726 0.0 0.182695 1.727473 -13.084487 -0.207353 0.007749 12.845295 136.0
217 19240.0 0.4233 0.519438 0.0 0.179963 1.727473 -13.084487 -0.207353 0.007749 12.845295 136.0
218 19240.0 0.417858 0.526993 0.0 0.178984 1.727473 -13.084487 -0.207353 0.007749 12.845295 136.0
219 19240.0 0.42991 0.524242 0.0 0.18682 1.727473 -13.084487 -0.207353 0.007749 12.845295 136.0
220 19240.0 0.444088 0.512413 0.0 0.192555 1.727473 -13.084487 -0.207353 0.007749 12.845295 136.0
221 19240.0 0.459059 0.511851 0.0 0.204051 1.727473 -13.084487 -0.207353 0.007749 12.845295 136.0
222 19240.0 0.497085 0.523104 0.0 0.243542 1.727473 -13.084487 -0.207353 0.007749 12.845295 136.0
223 19240.0 0.513548 0.522805 0.0 0.25777 1.727473 -13.084487 -0.207353 0.007749 12.845295 136.0
224 19240.0 0.51502 0.537739 0.0 0.267651 1.727473 -13.084487 -0.207353 0.007749 12.845295 136.0
225 19240.0 0.536215 0.539665 0.0 0.287297 1.727473 -13.084487 -0.207353 0.007749 12.845295 136.0
226 19240.0 0.556763 0.557079 0.0 0.315291 1.727473 -13.084487 -0.207353 0.007749 12.845295 136.0
227 19240.0 0.565609 0.545217 0.0 0.316203 1.727473 -13.084487 -0.207353 0.007749 12.845295 136.0
228 19240.0 0.562124 0.553194 0.0 0.317745 1.727473 -13.084487 -0.207353 0.007749 12.845295 136.0
229 19240.0 0.544319 0.556089 0.0 0.303837 1.727473 -13.084487 -0.207353 0.007749 12.845295 136.0
230 19240.0 0.55632 0.542095 0.0 0.306282 1.727473 -13.084487 -0.207353 0.007749 12.845295 136.0
231 19240.0 0.568368 0.551122 0.0 0.322014 1.727473 -13.084487 -0.207353 0.007749 12.845295 136.0
232 19240.0 0.570663 0.550771 0.0 0.323819 1.727473 -13.084487 -0.207353 0.007749 12.845295 136.0
233 19240.0 0.566562 0.543446 0.0 0.316017 1.727473 -13.084487 -0.207353 0.007749 12.845295 136.0
234 19240.0 0.56788 0.541895 0.0 0.316277 1.727473 -13.084487 -0.207353 0.007749 12.845295 136.0
235 19240.0 0.573702 0.540221 0.0 0.320406 1.727473 -13.084487 -0.207353 0.007749 12.845295 136.0
236 19240.0 0.587129 0.538253 0.0 0.331017 1.727473 -13.084487 -0.207353 0.007749 12.845295 136.0
237 19240.0 0.602244 0.546902 0.0 0.349216 1.727473 -13.084487 -0.207353 0.007749 12.845295 136.0
238 19240.0 0.623481 0.568534 0.0 0.380238 1.727473 -13.084487 -0.207353 0.007749 12.845295 136.0
239 19240.0 0.639847 0.555796 0.0 0.387223 1.727473 -13.084487 -0.207353 0.007749 12.845295 136.0
240 19240.0 0.626805 0.567185 0.0 0.38237 1.727473 -13.084487 -0.207353 0.007749 12.845295 136.0
241 19240.0 0.632499 0.538167 0.0 0.370651 1.727473 -13.084487 -0.207353 0.007749 12.845295 136.0
242 19240.0 0.628452 0.551304 0.0 0.374671 1.727473 -13.084487 -0.207353 0.007749 12.845295 136.0
243 19240.0 0.655478 0.577551 0.0 0.413413 1.727473 -13.084487 -0.207353 0.007749 12.845295 136.0
244 19240.0 0.662471 0.61092 0.0 0.442836 1.727473 -13.084487 -0.207353 0.007749 12.845295 136.0
245 19240.0 0.649246 0.601396 0.0 0.424786 1.727473 -13.084487 -0.207353 0.007749 12.845295 136.0
246 19240.0 0.642027 0.630604 0.0 0.439415 1.727473 -13.084487 -0.207353 0.007749 12.845295 136.0
247 19240.0 0.648037 0.638383 0.0 0.450072 1.727473 -13.084487 -0.207353 0.007749 12.845295 136.0
248 19240.0 0.63409 0.644096 0.0 0.442248 1.727473 -13.084487 -0.207353 0.007749 12.845295 136.0
249 19240.0 0.623291 0.63179 0.0 0.424287 1.727473 -13.084487 -0.207353 0.007749 12.845295 136.0
250 19240.0 0.663475 0.646681 0.0 0.469136 1.727473 -13.084487 -0.207353 0.007749 12.845295 136.0
251 19240.0 0.667542 0.628544 0.0 0.459698 1.727473 -13.084487 -0.207353 0.007749 12.845295 136.0
252 19240.0 0.664926 0.638737 0.0 0.464721 1.727473 -13.084487 -0.207353 0.007749 12.845295 136.0
253 19240.0 0.652435 0.646694 0.0 0.459735 1.727473 -13.084487 -0.207353 0.007749 12.845295 136.0
254 19240.0 0.662576 0.61739 0.0 0.447529 1.727473 -13.084487 -0.207353 0.007749 12.845295 136.0
255 19240.0 0.633274 0.632517 0.0 0.433315 1.727473 -13.084487 -0.207353 0.007749 12.845295 136.0
256 19240.0 0.646107 0.664143 0.0 0.466756 1.727473 -13.084487 -0.207353 0.007749 12.845295 136.0
257 19240.0 0.662788 0.674632 0.0 0.488438 1.727473 -13.084487 -0.207353 0.007749 12.845295 136.0
258 19240.0 0.652784 0.689246 0.0 0.490308 1.727473 -13.084487 -0.207353 0.007749 12.845295 136.0
259 19240.0 0.671552 0.68271 0.0 0.501656 1.727473 -13.084487 -0.207353 0.007749 12.845295 136.0
260 19240.0 0.680906 0.672414 0.0 0.502303 1.727473 -13.084487 -0.207353 0.007749 12.845295 136.0
261 19240.0 0.694294 0.696103 0.0 0.53057 1.727473 -13.084487 -0.207353 0.007749 12.845295 136.0
262 19240.0 0.72186 0.70387 0.0 0.559594 1.727473 -13.084487 -0.207353 0.007749 12.845295 136.0
263 19240.0 0.703701 0.703996 0.0 0.544205 1.727473 -13.084487 -0.207353 0.007749 12.845295 136.0
264 19240.0 0.709695 0.691126 0.0 0.540157 1.727473 -13.084487 -0.207353 0.007749 12.845295 136.0
265 19240.0 0.73393 0.658699 0.0 0.537744 1.727473 -13.084487 -0.207353 0.007749 12.845295 136.0
266 19240.0 0.741377 0.688485 0.0 0.565283 1.727473 -13.084487 -0.207353 0.007749 12.845295 136.0
267 19240.0 0.756313 0.688221 0.0 0.577828 1.727473 -13.084487 -0.207353 0.007749 12.845295 136.0
268 19240.0 0.770647 0.689428 0.0 0.590905 1.727473 -13.084487 -0.207353 0.007749 12.845295 136.0
269 19240.0 0.794759 0.685257 0.0 0.608491 1.727473 -13.084487 -0.207353 0.007749 12.845295 136.0
270 19240.0 0.792116 0.691757 0.0 0.610863 1.727473 -13.084487 -0.207353 0.007749 12.845295 136.0
271 19240.0 0.785669 0.684738 0.0 0.600373 1.727473 -13.084487 -0.207353 0.007749 12.845295 136.0
272 19240.0 0.795148 0.684048 0.0 0.607963 1.727473 -13.084487 -0.207353 0.007749 12.845295 136.0
273 19240.0 0.77176 0.684102 0.0 0.588064 1.727473 -13.084487 -0.207353 0.007749 12.845295 136.0
274 19240.0 0.767217 0.689899 0.0 0.588316 1.727473 -13.084487 -0.207353 0.007749 12.845295 136.0
275 19240.0 0.773479 0.682467 0.0 0.588367 1.727473 -13.084487 -0.207353 0.007749 12.845295 136.0
276 19240.0 0.768021 0.695558 0.0 0.593028 1.727473 -13.084487 -0.207353 0.007749 12.845295 136.0
277 19240.0 0.757829 0.732096 0.0 0.610338 1.727473 -13.084487 -0.207353 0.007749 12.845295 136.0
278 19240.0 0.772032 0.737449 0.0 0.626339 1.727473 -13.084487 -0.207353 0.007749 12.845295 136.0
279 19240.0 0.749382 0.729074 0.0 0.600987 1.727473 -13.084487 -0.207353 0.007749 12.845295 136.0
280 19240.0 0.767595 0.744973 0.0 0.628 1.727473 -13.084487 -0.207353 0.007749 12.845295 136.0
281 19240.0 0.758684 0.743319 0.0 0.619052 1.727473 -13.084487 -0.207353 0.007749 12.845295 136.0
282 19240.0 0.796922 0.761325 0.0 0.665509 1.727473 -13.084487 -0.207353 0.007749 12.845295 136.0
283 19240.0 0.799188 0.770006 0.0 0.67385 1.727473 -13.084487 -0.207353 0.007749 12.845295 136.0
284 19240.0 0.80239 0.797153 0.0 0.696553 1.727473 -13.084487 -0.207353 0.007749 12.845295 136.0
285 19240.0 0.792354 0.807875 0.0 0.69569 1.727473 -13.084487 -0.207353 0.007749 12.845295 136.0
286 19240.0 0.819432 0.834868 0.0 0.739049 1.727473 -13.084487 -0.207353 0.007749 12.845295 136.0
287 19240.0 0.861611 0.846572 0.0 0.784326 1.727473 -13.084487 -0.207353 0.007749 12.845295 136.0
