 time p.x p.y p.z deep.node-0 CV opes.bias opes.rct opes.zed opes.neff opes.nker
0 18235.0 -0.596114 0.622886 0.0 -0.356122 1.306886 -11.495626 -0.201976 0.007924 12.845295 133.0
1 18235.0 -0.571257 0.58653 0.0 -0.2974 1.306886 -11.495626 -0.201976 0.007924 12.845295 133.0
2 18235.0 -0.537533 0.589493 0.0 -0.274469 1.306886 -11.495626 -0.201976 0.007924 12.845295 133.0
3 18235.0 -0.523545 0.58352 0.0 -0.250633 1.306886 -11.495626 -0.201976 0.007924 12.845295 133.0
4 18235.0 -0.490492 0.593429 0.0 -0.236754 1.306886 -11.495626 -0.201976 0.007924 12.845295 133.0
5 18235.0 -0.477068 0.594352 0.0 -0.225636 1.306886 -11.495626 -0.201976 0.007924 12.845295 133.0
6 18235.0 -0.465568 0.59345 0.0 -0.21333 1.306886 -11.495626 -0.201976 0.007924 12.845295 133.0
7 18235.0 -0.443841 0.595061 0.0 -0.20071 1.306886 -11.495626 -0.201976 0.007924 12.845295 133.0
8 18235.0 -0.439113 0.595192 0.0 -0.197664 1.306886 -11.495626 -0.201976 0.007924 12.845295 133.0
9 18235.0 -0.441635 0.590607 0.0 -0.19313 1.306886 -11.495626 -0.201976 0.007924 12.845295 133.0
10 18235.0 -0.427615 0.586812 0.0 -0.178392 1.306886 -11.495626 -0.201976 0.007924 12.845295 133.0
11 18235.0 -0.425851 0.565397 0.0 -0.147978 1.306886 -11.495626 -0.201976 0.007924 12.845295 133.0
12 18235.0 -0.380609 0.562577 0.0 -0.126971 1.306886 -11.495626 -0.201976 0.007924 12.845295 133.0
13 18235.0 -0.39069 0.552444 0.0 -0.121225 1.306886 -11.495626 -0.201976 0.007924 12.845295 133.0
14 18235.0 -0.378739 0.531266 0.0 -0.096402 1.306886 -11.495626 -0.201976 0.007924 12.845295 133.0
15 18235.0 -0.366276 0.558154 0.0 -0.117195 1.306886 -11.495626 -0.201976 0.007924 12.845295 133.0
16 18235.0 -0.348355 0.53064 0.0 -0.084019 1.306886 -11.495626 -0.201976 0.007924 12.845295 133.0
17 18235.0 -0.369679 0.517013 0.0 -0.079303 1.306886 -11.495626 -0.201976 0.007924 12.845295 133.0
18 18235.0 -0.363125 0.504988 0.0 -0.065299 1.306886 -11.495626 -0.201976 0.007924 12.845295 133.0
19 18235.0 -0.347561 0.515841 0.0 -0.069605 1.306886 -11.495626 -0.201976 0.007924 12.845295 133.0
20 18235.0 -0.324529 0.53069 0.0 -0.074823 1.306886 -11.495626 -0.201976 0.007924 12.845295 133.0
21 18235.0 -0.333678 0.547142 0.0 -0.094054 1.306886 -11.495626 -0.201976 0.007924 12.845295 133.0
22 18235.0 -0.322516 0.542261 0.0 -0.085071 1.306886 -11.495626 -0.201976 0.007924 12.845295 133.0
23 18235.0 -0.283402 0.537622 0.0 -0.065476 1.306886 -11.495626 -0.201976 0.007924 12.845295 133.0
24 18235.0 -0.291942 0.528407 0.0 -0.060006 1.306886 -11.495626 -0.201976 0.007924 12.845295 133.0
25 18235.0 -0.279394 0.556467 0.0 -0.081883 1.306886 -11.495626 -0.201976 0.007924 12.845295 133.0
26 18235.0 -0.282147 0.550124 0.0 -0.076904 1.306886 -11.495626 -0.201976 0.007924 12.845295 133.0
27 18235.0 -0.253302 0.534817 0.0 -0.051125 1.306886 -11.495626 -0.201976 0.007924 12.845295 133.0
28 18235.0 -0.233729 0.54076 0.0 -0.049196 1.306886 -11.495626 -0.201976 0.007924 12.845295 133.0
29 18235.0 -0.249407 0.541616 0.0 -0.056094 1.306886 -11.495626 -0.201976 0.007924 12.845295 133.0
30 18235.0 -0.221296 0.54046 0.0 -0.044686 1.306886 -11.495626 -0.201976 0.007924 12.845295 133.0
31 18235.0 -0.228586 0.552455 0.0 -0.058348 1.306886 -11.495626 -0.201976 0.007924 12.845295 133.0
32 18235.0 -0.207692 0.554877 0.0 -0.052551 1.306886 -11.495626 -0.201976 0.007924 12.845295 133.0
33 18235.0 -0.225188 0.553239 0.0 -0.057777 1.306886 -11.495626 -0.201976 0.007924 12.845295 133.0
34 18235.0 -0.23241 0.540691 0.0 -0.048619 1.306886 -11.495626 -0.201976 0.007924 12.845295 133.0
35 18235.0 -0.241763 0.534384 0.0 -0.046236 1.306886 -11.495626 -0.201976 0.007924 12.845295 133.0
36 18235.0 -0.232267 0.519751 0.0 -0.031408 1.306886 -11.495626 -0.201976 0.007924 12.845295 133.0
37 18235.0 -0.231097 0.501694 0.0 -0.016511 1.306886 -11.495626 -0.201976 0.007924 12.845295 133.0
38 18235.0 -0.227078 0.529762 0.0 -0.037862 1.306886 -11.495626 -0.201976 0.007924 12.845295 133.0
39 18235.0 -0.196268 0.524881 0.0 -0.024408 1.306886 -11.495626 -0.201976 0.007924 12.845295 133.0
40 18235.0 -0.170605 0.499757 0.0 0.00375 1.306886 -11.495626 -0.201976 0.007924 12.845295 133.0
41 18235.0 -0.149697 0.500552 0.0 0.008887 1.306886 -11.495626 -0.201976 0.007924 12.845295 133.0
42 18235.0 -0.156537 0.501156 0.0 0.006974 1.306886 -11.495626 -0.201976 0.007924 12.845295 133.0
43 18235.0 -0.156823 0.491897 0.0 0.013348 1.306886 -11.495626 -0.201976 0.007924 12.845295 133.0
44 18235.0 -0.138896 0.495492 0.0 0.014451 1.306886 -11.495626 -0.201976 0.007924 12.845295 133.0
45 18235.0 -0.114288 0.490602 0.0 0.019097 1.306886 -11.495626 -0.201976 0.007924 12.845295 133.0
46 18235.0 -0.122667 0.475243 0.0 0.025602 1.306886 -11.495626 -0.201976 0.007924 12.845295 133.0
47 18235.0 -0.124741 0.458657 0.0 0.032196 1.306886 -11.495626 -0.201976 0.007924 12.845295 133.0
48 18235.0 -0.113866 0.482495 0.0 0.022232 1.306886 -11.495626 -0.201976 0.007924 12.845295 133.0
49 18235.0 -0.101117 0.494594 0.0 0.016729 1.306886 -11.495626 -0.201976 0.007924 12.845295 133.0
50 18235.0 -0.10155 0.493364 0.0 0.017235 1.306886 -11.495626 -0.201976 0.007924 12.845295 133.0
51 18235.0 -0.096484 0.496148 0.0 0.015838 1.306886 -11.495626 -0.201976 0.007924 12.845295 133.0
52 18235.0 -0.077358 0.516086 0.0 0.006886 1.306886 -11.495626 -0.201976 0.007924 12.845295 133.0
53 18235.0 -0.057158 0.533732 0.0 -0.001238 1.306886 -11.495626 -0.201976 0.007924 12.845295 133.0
54 18235.0 -0.052521 0.516794 0.0 0.00508 1.306886 -11.495626 -0.201976 0.007924 12.845295 133.0
55 18235.0 -0.044642 0.497356 0.0 0.012173 1.306886 -11.495626 -0.201976 0.007924 12.845295 133.0
56 18235.0 -0.034367 0.483132 0.0 0.017086 1.306886 -11.495626 -0.201976 0.007924 12.845295 133.0
57 18235.0 -0.022845 0.495556 0.0 0.011533 1.306886 -11.495626 -0.201976 0.007924 12.845295 133.0
58 18235.0 -0.043672 0.487473 0.0 0.015967 1.306886 -11.495626 -0.201976 0.007924 12.845295 133.0
59 18235.0 -0.048165 0.489505 0.0 0.015451 1.306886 -11.495626 -0.201976 0.007924 12.845295 133.0
60 18235.0 -0.041243 0.501625 0.0 0.0103 1.306886 -11.495626 -0.201976 0.007924 12.845295 133.0
61 18235.0 0.002762 0.510548 0.0 0.00411 1.306886 -11.495626 -0.201976 0.007924 12.845295 133.0
62 18235.0 0.000171 0.492233 0.0 0.01141 1.306886 -11.495626 -0.201976 0.007924 12.845295 133.0
63 18235.0 0.056389 0.471113 0.0 0.016797 1.306886 -11.495626 -0.201976 0.007924 12.845295 133.0
64 18235.0 0.073734 0.49793 0.0 0.006377 1.306886 -11.495626 -0.201976 0.007924 12.845295 133.0
65 18235.0 0.103953 0.512844 0.0 0.001167 1.306886 -11.495626 -0.201976 0.007924 12.845295 133.0
66 18235.0 0.105797 0.521587 0.0 0.000488 1.306886 -11.495626 -0.201976 0.007924 12.845295 133.0
67 18235.0 0.103413 0.508284 0.0 0.002579 1.306886 -11.495626 -0.201976 0.007924 12.845295 133.0
68 18235.0 0.123189 0.513656 0.0 0.003012 1.306886 -11.495626 -0.201976 0.007924 12.845295 133.0
69 18235.0 0.101561 0.52744 0.0 -2e-06 1.306886 -11.495626 -0.201976 0.007924 12.845295 133.0
70 18235.0 0.1147 0.525685 0.0 0.002041 1.306886 -11.495626 -0.201976 0.007924 12.845295 133.0
71 18235.0 0.107358 0.505266 0.0 0.003425 1.306886 -11.495626 -0.201976 0.007924 12.845295 133.0
72 18235.0 0.087607 0.507933 0.0 0.003015 1.306886 -11.495626 -0.201976 0.007924 12.845295 133.0
73 18235.0 0.073452 0.512542 0.0 0.001891 1.306886 -11.495626 -0.201976 0.007924 12.845295 133.0
74 18235.0 0.082369 0.531079 0.0 -0.00295 1.306886 -11.495626 -0.201976 0.007924 12.845295 133.0
75 18235.0 0.082281 0.531458 0.0 -0.002952 1.306886 -11.495626 -0.201976 0.007924 12.845295 133.0
76 18235.0 0.04999 0.517731 0.0 0.000782 1.306886 -11.495626 -0.201976 0.007924 12.845295 133.0
77 18235.0 0.054769 0.496988 0.0 0.007059 1.306886 -11.495626 -0.201976 0.007924 12.845295 133.0
78 18235.0 0.038769 0.503098 0.0 0.005512 1.306886 -11.495626 -0.201976 0.007924 12.845295 133.0
79 18235.0 0.063826 0.499493 0.0 0.006101 1.306886 -11.495626 -0.201976 0.007924 12.845295 133.0
80 18235.0 0.060674 0.514205 0.0 0.001644 1.306886 -11.495626 -0.201976 0.007924 12.845295 133.0
81 18235.0 0.061889 0.511447 0.0 0.002467 1.306886 -11.495626 -0.201976 0.007924 12.845295 133.0
82 18235.0 0.052953 0.539071 0.0 -0.005839 1.306886 -11.495626 -0.201976 0.007924 12.845295 133.0
83 18235.0 0.051007 0.531152 0.0 -0.003364 1.306886 -11.495626 -0.201976 0.007924 12.845295 133.0
84 18235.0 0.018389 0.557477 0.0 -0.01078 1.306886 -11.495626 -0.201976 0.007924 12.845295 133.0
85 18235.0 0.011112 0.558153 0.0 -0.010837 1.306886 -11.495626 -0.201976 0.007924 12.845295 133.0
86 18235.0 0.023857 0.546056 0.0 -0.007383 1.306886 -11.495626 -0.201976 0.007924 12.845295 133.0
87 18235.0 0.028983 0.541437 0.0 -0.006069 1.306886 -11.495626 -0.201976 0.007924 12.845295 133.0
88 18235.0 0.044051 0.505344 0.0 0.004713 1.306886 -11.495626 -0.201976 0.007924 12.845295 133.0
89 18235.0 0.02321 0.519619 0.0 0.000757 1.306886 -11.495626 -0.201976 0.007924 12.845295 133.0
90 18235.0 0.063899 0.515531 0.0 0.00117 1.306886 -11.495626 -0.201976 0.007924 12.845295 133.0
91 18235.0 0.086737 0.504242 0.0 0.004167 1.306886 -11.495626 -0.201976 0.007924 12.845295 133.0
92 18235.0 0.082306 0.509501 0.0 0.002642 1.306886 -11.495626 -0.201976 0.007924 12.845295 133.0
93 18235.0 0.069677 0.506995 0.0 0.003674 1.306886 -11.495626 -0.201976 0.007924 12.845295 133.0
94 18235.0 0.0759 0.555145 0.0 -0.003214 1.306886 -11.495626 -0.201976 0.007924 12.845295 133.0
95 18235.0 0.073667 0.56142 0.0 -0.00337 1.306886 -11.495626 -0.201976 0.007924 12.845295 133.0
96 18235.0 0.088093 0.563533 0.0 -0.000998 1.306886 -11.495626 -0.201976 0.007924 12.845295 133.0
97 18235.0 0.093522 0.54556 0.0 -0.000706 1.306886 -11.495626 -0.201976 0.007924 12.845295 133.0
98 18235.0 0.095409 0.539723 0.0 -0.000591 1.306886 -11.495626 -0.201976 0.007924 12.845295 133.0
99 18235.0 0.094617 0.531272 0.0 -0.000988 1.306886 -11.495626 -0.201976 0.007924 12.845295 133.0
100 18235.0 0.106246 0.528166 0.0 0.00077 1.306886 -11.495626 -0.201976 0.007924 12.845295 133.0
101 18235.0 0.092721 0.527382 0.0 -0.001415 1.306886 -11.495626 -0.201976 0.007924 12.845295 133.0
102 18235.0 0.076626 0.49899 0.0 0.005991 1.306886 -11.495626 -0.201976 0.007924 12.845295 133.0
103 18235.0 0.091766 0.519554 0.0 -0.000644 1.306886 -11.495626 -0.201976 0.007924 12.845295 133.0
104 18235.0 0.087092 0.527171 0.0 -0.002321 1.306886 -11.495626 -0.201976 0.007924 12.845295 133.0
105 18235.0 0.106789 0.518183 0.0 0.000537 1.306886 -11.495626 -0.201976 0.007924 12.845295 133.0
106 18235.0 0.11057 0.512945 0.0 0.000998 1.306886 -11.495626 -0.201976 0.007924 12.845295 133.0
107 18235.0 0.082924 0.53514 0.0 -0.002732 1.306886 -11.495626 -0.201976 0.007924 12.845295 133.0
108 18235.0 0.074941 0.528374 0.0 -0.003006 1.306886 -11.495626 -0.201976 0.007924 12.845295 133.0
109 18235.0 0.087821 0.512078 0.0 0.001736 1.306886 -11.495626 -0.201976 0.007924 12.845295 133.0
110 18235.0 0.117849 0.491773 0.0 0.007355 1.306886 -11.495626 -0.201976 0.007924 12.845295 133.0
111 18235.0 0.118006 0.508909 0.0 0.002085 1.306886 -11.495626 -0.201976 0.007924 12.845295 133.0
112 18235.0 0.133536 0.478103 0.0 0.012177 1.306886 -11.495626 -0.201976 0.007924 12.845295 133.0
113 18235.0 0.142185 0.499878 0.0 0.005605 1.306886 -11.495626 -0.201976 0.007924 12.845295 133.0
114 18235.0 0.12333 0.511321 0.0 0.00296 1.306886 -11.495626 -0.201976 0.007924 12.845295 133.0
115 18235.0 0.106527 0.522892 0.0 0.000646 1.306886 -11.495626 -0.201976 0.007924 12.845295 133.0
116 18235.0 0.099989 0.514871 0.0 0.000626 1.306886 -11.495626 -0.201976 0.007924 12.845295 133.0
117 18235.0 0.102081 0.494298 0.0 0.006906 1.306886 -11.495626 -0.201976 0.007924 12.845295 133.0
118 18235.0 0.112833 0.472885 0.0 0.014317 1.306886 -11.495626 -0.201976 0.007924 12.845295 133.0
119 18235.0 0.078343 0.47948 0.0 0.012288 1.306886 -11.495626 -0.201976 0.007924 12.845295 133.0
120 18235.0 0.073606 0.473475 0.0 0.014842 1.306886 -11.495626 -0.201976 0.007924 12.845295 133.0
121 18235.0 0.076749 0.482675 0.0 0.011137 1.306886 -11.495626 -0.201976 0.007924 12.845295 133.0
122 18235.0 0.098611 0.505705 0.0 0.003472 1.306886 -11.495626 -0.201976 0.007924 12.845295 133.0
123 18235.0 0.088565 0.509492 0.0 0.002515 1.306886 -11.495626 -0.201976 0.007924 12.845295 133.0
124 18235.0 0.095454 0.527667 0.0 -0.000969 1.306886 -11.495626 -0.201976 0.007924 12.845295 133.0
125 18235.0 0.098253 0.506878 0.0 0.003118 1.306886 -11.495626 -0.201976 0.007924 12.845295 133.0
126 18235.0 0.126156 0.514442 0.0 0.003511 1.306886 -11.495626 -0.201976 0.007924 12.845295 133.0
127 18235.0 0.102285 0.518479 0.0 -0.000172 1.306886 -11.495626 -0.201976 0.007924 12.845295 133.0
128 18235.0 0.109874 0.492904 0.0 0.007173 1.306886 -11.495626 -0.201976 0.007924 12.845295 133.0
129 18235.0 0.113473 0.523737 0.0 0.001783 1.306886 -11.495626 -0.201976 0.007924 12.845295 133.0
130 18235.0 0.105402 0.541349 0.0 0.001057 1.306886 -11.495626 -0.201976 0.007924 12.845295 133.0
131 18235.0 0.11184 0.524679 0.0 0.001552 1.306886 -11.495626 -0.201976 0.007924 12.845295 133.0
132 18235.0 0.099867 0.523351 0.0 -0.000403 1.306886 -11.495626 -0.201976 0.007924 12.845295 133.0
133 18235.0 0.117296 0.526942 0.0 0.002496 1.306886 -11.495626 -0.201976 0.007924 12.845295 133.0
134 18235.0 0.111929 0.531887 0.0 0.001797 1.306886 -11.495626 -0.201976 0.007924 12.845295 133.0
135 18235.0 0.129157 0.517591 0.0 0.004091 1.306886 -11.495626 -0.201976 0.007924 12.845295 133.0
136 18235.0 0.128395 0.516454 0.0 0.003933 1.306886 -11.495626 -0.201976 0.007924 12.845295 133.0
137 18235.0 0.129608 0.54312 0.0 0.004979 1.306886 -11.495626 -0.201976 0.007924 12.845295 133.0
138 18235.0 0.125174 0.538626 0.0 0.004128 1.306886 -11.495626 -0.201976 0.007924 12.845295 133.0
139 18235.0 0.145856 0.506717 0.0 0.00641 1.306886 -11.495626 -0.201976 0.007924 12.845295 133.0
140 18235.0 0.152539 0.502016 0.0 0.007327 1.306886 -11.495626 -0.201976 0.007924 12.845295 133.0
141 18235.0 0.155228 0.532359 0.0 0.008727 1.306886 -11.495626 -0.201976 0.007924 12.845295 133.0
142 18235.0 0.138058 0.539084 0.0 0.0062 1.306886 -11.495626 -0.201976 0.007924 12.845295 133.0
143 18235.0 0.126075 0.536442 0.0 0.004202 1.306886 -11.495626 -0.201976 0.007924 12.845295 133.0
144 18235.0 0.133422 0.539612 0.0 0.005477 1.306886 -11.495626 -0.201976 0.007924 12.845295 133.0
145 18235.0 0.145383 0.529923 0.0 0.007077 1.306886 -11.495626 -0.201976 0.007924 12.845295 133.0
146 18235.0 0.169274 0.498513 0.0 0.010103 1.306886 -11.495626 -0.201976 0.007924 12.845295 133.0
147 18235.0 0.153769 0.535905 0.0 0.008607 1.306886 -11.495626 -0.201976 0.007924 12.845295 133.0
148 18235.0 0.168212 0.513695 0.0 0.010204 1.306886 -11.495626 -0.201976 0.007924 12.845295 133.0
149 18235.0 0.187441 0.506966 0.0 0.01306 1.306886 -11.495626 -0.201976 0.007924 12.845295 133.0
150 18235.0 0.191156 0.506918 0.0 0.013651 1.306886 -11.495626 -0.201976 0.007924 12.845295 133.0
151 18235.0 0.201953 0.515707 0.0 0.015657 1.306886 -11.495626 -0.201976 0.007924 12.845295 133.0
152 18235.0 0.220238 0.525593 0.0 0.033978 1.306886 -11.495626 -0.201976 0.007924 12.845295 133.0
153 18235.0 0.244045 0.520055 0.0 0.048132 1.306886 -11.495626 -0.201976 0.007924 12.845295 133.0
154 18235.0 0.278566 0.515397 0.0 0.070831 1.306886 -11.495626 -0.201976 0.007924 12.845295 133.0
155 18235.0 0.27822 0.53851 0.0 0.082744 1.306886 -11.495626 -0.201976 0.007924 12.845295 133.0
156 18235.0 0.306759 0.533248 0.0 0.100456 1.306886 -11.495626 -0.201976 0.007924 12.845295 133.0
157 18235.0 0.307003 0.541428 0.0 0.10506 1.306886 -11.495626 -0.201976 0.007924 12.845295 133.0
158 18235.0 0.318281 0.534609 0.0 0.109494 1.306886 -11.495626 -0.201976 0.007924 12.845295 133.0
159 18235.0 0.306138 0.537203 0.0 0.10215 1.306886 -11.495626 -0.201976 0.007924 12.845295 133.0
160 18235.0 0.316665 0.551663 0.0 0.117562 1.306886 -11.495626 -0.201976 0.007924 12.845295 133.0
161 18235.0 0.314477 0.547842 0.0 0.113917 1.306886 -11.495626 -0.201976 0.007924 12.845295 133.0
162 18235.0 0.315598 0.545157 0.0 0.113271 1.306886 -11.495626 -0.201976 0.007924 12.845295 133.0
163 18235.0 0.325201 0.524593 0.0 0.109194 1.306886 -11.495626 -0.201976 0.007924 12.845295 133.0
164 18235.0 0.305464 0.516735 0.0 0.091351 1.306886 -11.495626 -0.201976 0.007924 12.845295 133.0
165 18235.0 0.318429 0.53356 0.0 0.109033 1.306886 -11.495626 -0.201976 0.007924 12.845295 133.0
166 18235.0 0.322858 0.526242 0.0 0.108262 1.306886 -11.495626 -0.201976 0.007924 12.845295 133.0
167 18235.0 0.325579 0.511406 0.0 0.10413 1.306886 -11.495626 -0.201976 0.007924 12.845295 133.0
168 18235.0 0.329254 0.518784 0.0 0.10985 1.306886 -11.495626 -0.201976 0.007924 12.845295 133.0
169 18235.0 0.360077 0.519073 0.0 0.13286 1.306886 -11.495626 -0.201976 0.007924 12.845295 133.0
170 18235.0 0.377191 0.489645 0.0 0.133642 1.306886 -11.495626 -0.201976 0.007924 12.845295 133.0
171 18235.0 0.419147 0.531816 0.0 0.181896 1.306886 -11.495626 -0.201976 0.007924 12.845295 133.0
172 18235.0 0.427982 0.538582 0.0 0.192007 1.306886 -11.495626 -0.201976 0.007924 12.845295 133.0
173 18235.0 0.425602 0.564477 0.0 0.207882 1.306886 -11.495626 -0.201976 0.007924 12.845295 133.0
174 18235.0 0.432535 0.540127 0.0 0.196879 1.306886 -11.495626 -0.201976 0.007924 12.845295 133.0
175 18235.0 0.408583 0.571768 0.0 0.198563 1.306886 -11.495626 -0.201976 0.007924 12.845295 133.0
176 18235.0 0.398793 0.580121 0.0 0.196161 1.306886 -11.495626 -0.201976 0.007924 12.845295 133.0
177 18235.0 0.405109 0.584276 0.0 0.204501 1.306886 -11.495626 -0.201976 0.007924 12.845295 133.0
178 18235.0 0.400218 0.584373 0.0 0.200401 1.306886 -11.495626 -0.201976 0.007924 12.845295 133.0
179 18235.0 0.412801 0.549665 0.0 0.186431 1.306886 -11.495626 -0.201976 0.007924 12.845295 133.0
180 18235.0 0.409567 0.536497 0.0 0.176678 1.306886 -11.495626 -0.201976 0.007924 12.845295 133.0
181 18235.0 0.408141 0.5341 0.0 0.174647 1.306886 -11.495626 -0.201976 0.007924 12.845295 133.0
182 18235.0 0.419047 0.540614 0.0 0.185442 1.306886 -11.495626 -0.201976 0.007924 12.845295 133.0
183 18235.0 0.426189 0.518351 0.0 0.181668 1.306886 -11.495626 -0.201976 0.007924 12.845295 133.0
184 18235.0 0.444337 0.510511 0.0 0.191969 1.306886 -11.495626 -0.201976 0.007924 12.845295 133.0
185 18235.0 0.47559 0.526086 0.0 0.226458 1.306886 -11.495626 -0.201976 0.007924 12.845295 133.0
186 18235.0 0.461274 0.526274 0.0 0.21408 1.306886 -11.495626 -0.201976 0.007924 12.845295 133.0
187 18235.0 0.489149 0.540472 0.0 0.246595 1.306886 -11.495626 -0.201976 0.007924 12.845295 133.0
188 18235.0 0.501226 0.538773 0.0 0.256181 1.306886 -11.495626 -0.201976 0.007924 12.845295 133.0
189 18235.0 0.52008 0.541444 0.0 0.274209 1.306886 -11.495626 -0.201976 0.007924 12.845295 133.0
190 18235.0 0.52136 0.544555 0.0 0.277118 1.306886 -11.495626 -0.201976 0.007924 12.845295 133.0
191 18235.0 0.524604 0.541253 0.0 0.278056 1.306886 -11.495626 -0.201976 0.007924 12.845295 133.0
192 18235.0 0.512693 0.547289 0.0 0.271111 1.306886 -11.495626 -0.201976 0.007924 12.845295 133.0
193 18235.0 0.536084 0.546288 0.0 0.290994 1.306886 -11.495626 -0.201976 0.007924 12.845295 133.0
194 18235.0 0.545263 0.552924 0.0 0.302842 1.306886 -11.495626 -0.201976 0.007924 12.845295 133.0
195 18235.0 0.540184 0.553183 0.0 0.298549 1.306886 -11.495626 -0.201976 0.007924 12.845295 133.0
196 18235.0 0.545111 0.555461 0.0 0.304169 1.306886 -11.495626 -0.201976 0.007924 12.845295 133.0
197 18235.0 0.559252 0.541482 0.0 0.308493 1.306886 -11.495626 -0.201976 0.007924 12.845295 133.0
198 18235.0 0.554548 0.556237 0.0 0.312869 1.306886 -11.495626 -0.201976 0.007924 12.845295 133.0
199 18235.0 0.538863 0.561755 0.0 0.302489 1.306886 -11.495626 -0.201976 0.007924 12.845295 133.0
200 18235.0 0.555866 0.541227 0.0 0.305385 1.306886 -11.495626 -0.201976 0.007924 12.845295 133.0
201 18235.0 0.552038 0.535176 0.0 0.298554 1.306886 -11.495626 -0.201976 0.007924 12.845295 133.0
202 18235.0 0.56159 0.543277 0.0 0.311571 1.306886 -11.495626 -0.201976 0.007924 12.845295 133.0
203 18235.0 0.554844 0.542609 0.0 0.305286 1.306886 -11.495626 -0.201976 0.007924 12.845295 133.0
204 18235.0 0.586017 0.526772 0.0 0.323438 1.306886 -11.495626 -0.201976 0.007924 12.845295 133.0
205 18235.0 0.57821 0.519704 0.0 0.312543 1.306886 -11.495626 -0.201976 0.007924 12.845295 133.0
206 18235.0 0.572684 0.54746 0.0 0.323681 1.306886 -11.495626 -0.201976 0.007924 12.845295 133.0
207 18235.0 0.589049 0.563897 0.0 0.347454 1.306886 -11.495626 -0.201976 0.007924 12.845295 133.0
208 18235.0 0.586619 0.534757 0.0 0.32856 1.306886 -11.495626 -0.201976 0.007924 12.845295 133.0
209 18235.0 0.586261 0.538053 0.0 0.330143 1.306886 -11.495626 -0.201976 0.007924 12.845295 133.0
210 18235.0 0.603327 0.528795 0.0 0.339743 1.306886 -11.495626 -0.201976 0.007924 12.845295 133.0
211 18235.0 0.599819 0.542415 0.0 0.344512 1.306886 -11.495626 -0.201976 0.007924 12.845295 133.0
212 18235.0 0.595008 0.537123 0.0 0.337259 1.306886 -11.495626 -0.201976 0.007924 12.845295 133.0
213 18235.0 0.59811 0.545359 0.0 0.344712 1.306886 -11.495626 -0.201976 0.007924 12.845295 133.0
214 18235.0 0.581501 0.538428 0.0 0.326195 1.306886 -11.495626 -0.201976 0.007924 12.845295 133.0
215 18235.0 0.574001 0.562938 0.0 0.33374 1.306886 -11.495626 -0.201976 0.007924 12.845295 133.0
216 18235.0 0.560826 0.576218 0.0 0.331502 1.306886 -11.495626 -0.201976 0.007924 12.845295 133.0
217 18235.0 0.555656 0.589632 0.0 0.336639 1.306886 -11.495626 -0.201976 0.007924 12.845295 133.0
218 18235.0 0.573043 0.569669 0.0 0.337256 1.306886 -11.495626 -0.201976 0.007924 12.845295 133.0
219 18235.0 0.584145 0.568215 0.0 0.345685 1.306886 -11.495626 -0.201976 0.007924 12.845295 133.0
220 18235.0 0.58038 0.584425 0.0 0.354009 1.306886 -11.495626 -0.201976 0.007924 12.845295 133.0
221 18235.0 0.583334 0.600483 0.0 0.367953 1.306886 -11.495626 -0.201976 0.007924 12.845295 133.0
222 18235.0 0.568006 0.597051 0.0 0.352444 1.306886 -11.495626 -0.201976 0.007924 12.845295 133.0
223 18235.0 0.569055 0.595645 0.0 0.352339 1.306886 -11.495626 -0.201976 0.007924 12.845295 133.0
224 18235.0 0.587034 0.574759 0.0 0.352804 1.306886 -11.495626 -0.201976 0.007924 12.845295 133.0
225 18235.0 0.57902 0.575379 0.0 0.346414 1.306886 -11.495626 -0.201976 0.007924 12.845295 133.0
226 18235.0 0.575919 0.575112 0.0 0.34358 1.306886 -11.495626 -0.201976 0.007924 12.845295 133.0
227 18235.0 0.59336 0.572328 0.0 0.356467 1.306886 -11.495626 -0.201976 0.007924 12.845295 133.0
228 18235.0 0.634011 0.57739 0.0 0.394719 1.306886 -11.495626 -0.201976 0.007924 12.845295 133.0
229 18235.0 0.636307 0.613113 0.0 0.422093 1.306886 -11.495626 -0.201976 0.007924 12.845295 133.0
230 18235.0 0.649194 0.635796 0.0 0.449217 1.306886 -11.495626 -0.201976 0.007924 12.845295 133.0
231 18235.0 0.655507 0.635089 0.0 0.454096 1.306886 -11.495626 -0.201976 0.007924 12.845295 133.0
232 18235.0 0.678733 0.64863 0.0 0.483528 1.306886 -11.495626 -0.201976 0.007924 12.845295 133.0
233 18235.0 0.672091 0.655833 0.0 0.482992 1.306886 -11.495626 -0.201976 0.007924 12.845295 133.0
234 18235.0 0.664564 0.640671 0.0 0.465788 1.306886 -11.495626 -0.201976 0.007924 12.845295 133.0
235 18235.0 0.676568 0.651837 0.0 0.483965 1.306886 -11.495626 -0.201976 0.007924 12.845295 133.0
236 18235.0 0.664698 0.614567 0.0 0.447329 1.306886 -11.495626 -0.201976 0.007924 12.845295 133.0
237 18235.0 0.669467 0.606806 0.0 0.445872 1.306886 -11.495626 -0.201976 0.007924 12.845295 133.0
238 18235.0 0.68353 0.595734 0.0 0.449982 1.306886 -11.495626 -0.201976 0.007924 12.845295 133.0
239 18235.0 0.670982 0.612965 0.0 0.451546 1.306886 -11.495626 -0.201976 0.007924 12.845295 133.0
240 18235.0 0.694522 0.635694 0.0 0.487784 1.306886 -11.495626 -0.201976 0.007924 12.845295 133.0
241 18235.0 0.722216 0.633961 0.0 0.510157 1.306886 -11.495626 -0.201976 0.007924 12.845295 133.0
242 18235.0 0.734231 0.639328 0.0 0.524217 1.306886 -11.495626 -0.201976 0.007924 12.845295 133.0
243 18235.0 0.755922 0.647456 0.0 0.54849 1.306886 -11.495626 -0.201976 0.007924 12.845295 133.0
244 18235.0 0.729483 0.651833 0.0 0.529067 1.306886 -11.495626 -0.201976 0.007924 12.845295 133.0
245 18235.0 0.750065 0.645117 0.0 0.541833 1.306886 -11.495626 -0.201976 0.007924 12.845295 133.0
246 18235.0 0.728932 0.673694 0.0 0.544152 1.306886 -11.495626 -0.201976 0.007924 12.845295 133.0
247 18235.0 0.747021 0.670771 0.0 0.557491 1.306886 -11.495626 -0.201976 0.007924 12.845295 133.0
248 18235.0 0.756295 0.673386 0.0 0.567257 1.306886 -11.495626 -0.201976 0.007924 12.845295 133.0
249 18235.0 0.77275 0.670877 0.0 0.579498 1.306886 -11.495626 -0.201976 0.007924 12.845295 133.0
250 18235.0 0.789785 0.679124 0.0 0.599887 1.306886 -11.495626 -0.201976 0.007924 12.845295 133.0
251 18235.0 0.782454 0.69203 0.0 0.602821 1.306886 -11.495626 -0.201976 0.007924 12.845295 133.0
252 18235.0 0.759752 0.701871 0.0 0.590472 1.306886 -11.495626 -0.201976 0.007924 12.845295 133.0
253 18235.0 0.765673 0.685434 0.0 0.583823 1.306886 -11.495626 -0.201976 0.007924 12.845295 133.0
254 18235.0 0.789491 0.67714 0.0 0.598225 1.306886 -11.495626 -0.201976 0.007924 12.845295 133.0
255 18235.0 0.815335 0.661707 0.0 0.609274 1.306886 -11.495626 -0.201976 0.007924 12.845295 133.0
256 18235.0 0.788559 0.659337 0.0 0.584764 1.306886 -11.495626 -0.201976 0.007924 12.845295 133.0
257 18235.0 0.788852 0.671474 0.0 0.593649 1.306886 -11.495626 -0.201976 0.007924 12.845295 133.0
258 18235.0 0.790999 0.695498 0.0 0.612572 1.306886 -11.495626 -0.201976 0.007924 12.845295 133.0
259 18235.0 0.813614 0.694945 0.0 0.631456 1.306886 -11.495626 -0.201976 0.007924 12.845295 133.0
260 18235.0 0.809143 0.690656 0.0 0.624593 1.306886 -11.495626 -0.201976 0.007924 12.845295 133.0
261 18235.0 0.795825 0.696463 0.0 0.617373 1.306886 -11.495626 -0.201976 0.007924 12.845295 133.0
262 18235.0 0.814161 0.712342 0.0 0.644565 1.306886 -11.495626 -0.201976 0.007924 12.845295 133.0
263 18235.0 0.808684 0.717661 0.0 0.643703 1.306886 -11.495626 -0.201976 0.007924 12.845295 133.0
264 18235.0 0.813563 0.72099 0.0 0.650389 1.306886 -11.495626 -0.201976 0.007924 12.845295 133.0
265 18235.0 0.800808 0.72312 0.0 0.640857 1.306886 -11.495626 -0.201976 0.007924 12.845295 133.0
266 18235.0 0.813488 0.718261 0.0 0.648322 1.306886 -11.495626 -0.201976 0.007924 12.845295 133.0
267 18235.0 0.801016 0.73978 0.0 0.653262 1.306886 -11.495626 -0.201976 0.007924 12.845295 133.0
268 18235.0 0.807097 0.752647 0.0 0.667992 1.306886 -11.495626 -0.201976 0.007924 12.845295 133.0
269 18235.0 0.796908 0.792638 0.0 0.688471 1.306886 -11.495626 -0.201976 0.007924 12.845295 133.0
270 18235.0 0.788906 0.803845 0.0 0.689734 1.306886 -11.495626 -0.201976 0.007924 12.845295 133.0
271 18235.0 0.77903 0.822234 0.0 0.694636 1.306886 -11.495626 -0.201976 0.007924 12.845295 133.0
272 18235.0 0.793965 0.857558 0.0 0.733545 1.306886 -11.495626 -0.201976 0.007924 12.845295 133.0
273 18235.0 0.786085 0.864783 0.0 0.731991 1.306886 -11.495626 -0.201976 0.007924 12.845295 133.0
274 18235.0 0.806216 0.835962 0.0 0.728355 1.306886 -11.495626 -0.201976 0.007924 12.845295 133.0
275 18235.0 0.817241 0.819286 0.0 0.725711 1.306886 -11.495626 -0.201976 0.007924 12.845295 133.0
276 18235.0 0.837891 0.829178 0.0 0.750931 1.306886 -11.495626 -0.201976 0.007924 12.845295 133.0
277 18235.0 0.854921 0.856347 0.0 0.785679 1.306886 -11.495626 -0.201976 0.007924 12.845295 133.0
278 18235.0 0.877405 0.881783 0.0 0.8239 1.306886 -11.495626 -0.201976 0.007924 12.845295 133.0
279 18235.0 0.878305 0.921577 0.0 0.85388 1.306886 -11.495626 -0.201976 0.007924 12.845295 133.0
280 18235.0 0.882091 0.9521 0.0 0.879118 1.306886 -11.495626 -0.201976 0.007924 12.845295 133.0
281 18235.0 0.915896 0.977253 0.0 0.925604 1.306886 -11.495626 -0.201976 0.007924 12.845295 133.0
282 18235.0 0.8949 0.991877 0.0 0.914023 1.306886 -11.495626 -0.201976 0.007924 12.845295 133.0
283 18235.0 0.914268 1.032266 0.0 0.933458 1.306886 -11.495626 -0.201976 0.007924 12.845295 133.0
284 18235.0 0.942633 1.053421 0.0 0.946584 1.306886 -11.495626 -0.201976 0.007924 12.845295 133.0
285 18235.0 0.943226 1.061219 0.0 0.94701 1.306886 -11.495626 -0.201976 0.007924 12.845295 133.0
286 18235.0 0.952524 1.072259 0.0 0.9512 1.306886 -11.495626 -0.201976 0.007924 12.845295 133.0
287 18235.0 0.949928 1.102083 0.0 0.950764 1.306886 -11.495626 -0.201976 0.007924 12.845295 133.0
