 time p.x p.y p.z deep.node-0 CV opes.bias opes.rct opes.zed opes.neff opes.nker
0 15675.0 -0.77307 1.170582 0.0 -0.880722 1.823715 -14.300717 -0.186813 0.00817 12.845295 129.0
1 15675.0 -0.802953 1.160536 0.0 -0.882884 1.823715 -14.300717 -0.186813 0.00817 12.845295 129.0
2 15675.0 -0.801266 1.177515 0.0 -0.892419 1.823715 -14.300717 -0.186813 0.00817 12.845295 129.0
3 15675.0 -0.822845 1.191958 0.0 -0.906693 1.823715 -14.300717 -0.186813 0.00817 12.845295 129.0
4 15675.0 -0.842759 1.203671 0.0 -0.918706 1.823715 -14.300717 -0.186813 0.00817 12.845295 129.0
5 15675.0 -0.845311 1.186233 0.0 -0.909359 1.823715 -14.300717 -0.186813 0.00817 12.845295 129.0
6 15675.0 -0.85553 1.181052 0.0 -0.90909 1.823715 -14.300717 -0.186813 0.00817 12.845295 129.0
7 15675.0 -0.857799 1.170892 0.0 -0.903793 1.823715 -14.300717 -0.186813 0.00817 12.845295 129.0
8 15675.0 -0.863037 1.171667 0.0 -0.905664 1.823715 -14.300717 -0.186813 0.00817 12.845295 129.0
9 15675.0 -0.849156 1.156826 0.0 -0.893181 1.823715 -14.300717 -0.186813 0.00817 12.845295 129.0
10 15675.0 -0.854963 1.145976 0.0 -0.888366 1.823715 -14.300717 -0.186813 0.00817 12.845295 129.0
11 15675.0 -0.875312 1.132387 0.0 -0.885866 1.823715 -14.300717 -0.186813 0.00817 12.845295 129.0
12 15675.0 -0.910526 1.11974 0.0 -0.887938 1.823715 -14.300717 -0.186813 0.00817 12.845295 129.0
13 15675.0 -0.901581 1.102051 0.0 -0.875113 1.823715 -14.300717 -0.186813 0.00817 12.845295 129.0
14 15675.0 -0.882587 1.109133 0.0 -0.874149 1.823715 -14.300717 -0.186813 0.00817 12.845295 129.0
15 15675.0 -0.874987 1.109415 0.0 -0.872261 1.823715 -14.300717 -0.186813 0.00817 12.845295 129.0
16 15675.0 -0.911842 1.09451 0.0 -0.873447 1.823715 -14.300717 -0.186813 0.00817 12.845295 129.0
17 15675.0 -0.91131 1.065499 0.0 -0.856233 1.823715 -14.300717 -0.186813 0.00817 12.845295 129.0
18 15675.0 -0.903954 1.052294 0.0 -0.846476 1.823715 -14.300717 -0.186813 0.00817 12.845295 129.0
19 15675.0 -0.916756 1.021612 0.0 -0.831939 1.823715 -14.300717 -0.186813 0.00817 12.845295 129.0
20 15675.0 -0.927742 1.025764 0.0 -0.837335 1.823715 -14.300717 -0.186813 0.00817 12.845295 129.0
21 15675.0 -0.919367 0.99964 0.0 -0.819774 1.823715 -14.300717 -0.186813 0.00817 12.845295 129.0
22 15675.0 -0.929298 0.971601 0.0 -0.805826 1.823715 -14.300717 -0.186813 0.00817 12.845295 129.0
23 15675.0 -0.906394 0.934092 0.0 -0.773221 1.823715 -14.300717 -0.186813 0.00817 12.845295 129.0
24 15675.0 -0.898337 0.918133 0.0 -0.757193 1.823715 -14.300717 -0.186813 0.00817 12.845295 129.0
25 15675.0 -0.904801 0.924004 0.0 -0.764172 1.823715 -14.300717 -0.186813 0.00817 12.845295 129.0
26 15675.0 -0.86425 0.920622 0.0 -0.747869 1.823715 -14.300717 -0.186813 0.00817 12.845295 129.0
27 15675.0 -0.844746 0.911415 0.0 -0.733263 1.823715 -14.300717 -0.186813 0.00817 12.845295 129.0
28 15675.0 -0.833062 0.905245 0.0 -0.723942 1.823715 -14.300717 -0.186813 0.00817 12.845295 129.0
29 15675.0 -0.835597 0.892244 0.0 -0.713459 1.823715 -14.300717 -0.186813 0.00817 12.845295 129.0
30 15675.0 -0.838249 0.861338 0.0 -0.687401 1.823715 -14.300717 -0.186813 0.00817 12.845295 129.0
31 15675.0 -0.825463 0.829897 0.0 -0.655671 1.823715 -14.300717 -0.186813 0.00817 12.845295 129.0
32 15675.0 -0.848238 0.8059 0.0 -0.642424 1.823715 -14.300717 -0.186813 0.00817 12.845295 129.0
33 15675.0 -0.858232 0.784347 0.0 -0.626998 1.823715 -14.300717 -0.186813 0.00817 12.845295 129.0
34 15675.0 -0.862495 0.753353 0.0 -0.60147 1.823715 -14.300717 -0.186813 0.00817 12.845295 129.0
35 15675.0 -0.858052 0.747581 0.0 -0.594952 1.823715 -14.300717 -0.186813 0.00817 12.845295 129.0
36 15675.0 -0.832716 0.729224 0.0 -0.570439 1.823715 -14.300717 -0.186813 0.00817 12.845295 129.0
37 15675.0 -0.841684 0.694302 0.0 -0.536675 1.823715 -14.300717 -0.186813 0.00817 12.845295 129.0
38 15675.0 -0.828611 0.691224 0.0 -0.528298 1.823715 -14.300717 -0.186813 0.00817 12.845295 129.0
39 15675.0 -0.844555 0.671162 0.0 -0.512359 1.823715 -14.300717 -0.186813 0.00817 12.845295 129.0
40 15675.0 -0.862924 0.657097 0.0 -0.504088 1.823715 -14.300717 -0.186813 0.00817 12.845295 129.0
41 15675.0 -0.862576 0.660743 0.0 -0.507805 1.823715 -14.300717 -0.186813 0.00817 12.845295 129.0
42 15675.0 -0.835355 0.676111 0.0 -0.514277 1.823715 -14.300717 -0.186813 0.00817 12.845295 129.0
43 15675.0 -0.794851 0.684417 0.0 -0.507154 1.823715 -14.300717 -0.186813 0.00817 12.845295 129.0
44 15675.0 -0.793752 0.663749 0.0 -0.483589 1.823715 -14.300717 -0.186813 0.00817 12.845295 129.0
45 15675.0 -0.769404 0.674993 0.0 -0.486087 1.823715 -14.300717 -0.186813 0.00817 12.845295 129.0
46 15675.0 -0.760503 0.67394 0.0 -0.481226 1.823715 -14.300717 -0.186813 0.00817 12.845295 129.0
47 15675.0 -0.767867 0.65846 0.0 -0.466965 1.823715 -14.300717 -0.186813 0.00817 12.845295 129.0
48 15675.0 -0.7601 0.654751 0.0 -0.459604 1.823715 -14.300717 -0.186813 0.00817 12.845295 129.0
49 15675.0 -0.738816 0.649144 0.0 -0.444528 1.823715 -14.300717 -0.186813 0.00817 12.845295 129.0
50 15675.0 -0.727494 0.617528 0.0 -0.404492 1.823715 -14.300717 -0.186813 0.00817 12.845295 129.0
51 15675.0 -0.725074 0.596083 0.0 -0.379723 1.823715 -14.300717 -0.186813 0.00817 12.845295 129.0
52 15675.0 -0.734084 0.614137 0.0 -0.403427 1.823715 -14.300717 -0.186813 0.00817 12.845295 129.0
53 15675.0 -0.73559 0.590375 0.0 -0.379229 1.823715 -14.300717 -0.186813 0.00817 12.845295 129.0
54 15675.0 -0.730189 0.566724 0.0 -0.353713 1.823715 -14.300717 -0.186813 0.00817 12.845295 129.0
55 15675.0 -0.721899 0.558763 0.0 -0.342023 1.823715 -14.300717 -0.186813 0.00817 12.845295 129.0
56 15675.0 -0.708398 0.586406 0.0 -0.362351 1.823715 -14.300717 -0.186813 0.00817 12.845295 129.0
57 15675.0 -0.718214 0.586776 0.0 -0.367414 1.823715 -14.300717 -0.186813 0.00817 12.845295 129.0
58 15675.0 -0.704348 0.56861 0.0 -0.343159 1.823715 -14.300717 -0.186813 0.00817 12.845295 129.0
59 15675.0 -0.668099 0.547218 0.0 -0.301539 1.823715 -14.300717 -0.186813 0.00817 12.845295 129.0
60 15675.0 -0.650694 0.538793 0.0 -0.280734 1.823715 -14.300717 -0.186813 0.00817 12.845295 129.0
61 15675.0 -0.653729 0.540414 0.0 -0.284546 1.823715 -14.300717 -0.186813 0.00817 12.845295 129.0
62 15675.0 -0.669551 0.541841 0.0 -0.295896 1.823715 -14.300717 -0.186813 0.00817 12.845295 129.0
63 15675.0 -0.666955 0.544319 0.0 -0.297326 1.823715 -14.300717 -0.186813 0.00817 12.845295 129.0
64 15675.0 -0.651913 0.542852 0.0 -0.2864 1.823715 -14.300717 -0.186813 0.00817 12.845295 129.0
65 15675.0 -0.653973 0.531811 0.0 -0.274253 1.823715 -14.300717 -0.186813 0.00817 12.845295 129.0
66 15675.0 -0.61887 0.530286 0.0 -0.24832 1.823715 -14.300717 -0.186813 0.00817 12.845295 129.0
67 15675.0 -0.60138 0.538532 0.0 -0.245332 1.823715 -14.300717 -0.186813 0.00817 12.845295 129.0
68 15675.0 -0.580509 0.536155 0.0 -0.221042 1.823715 -14.300717 -0.186813 0.00817 12.845295 129.0
69 15675.0 -0.563676 0.539115 0.0 -0.210286 1.823715 -14.300717 -0.186813 0.00817 12.845295 129.0
70 15675.0 -0.523575 0.52927 0.0 -0.165344 1.823715 -14.300717 -0.186813 0.00817 12.845295 129.0
71 15675.0 -0.492317 0.540827 0.0 -0.15979 1.823715 -14.300717 -0.186813 0.00817 12.845295 129.0
72 15675.0 -0.476479 0.524215 0.0 -0.127599 1.823715 -14.300717 -0.186813 0.00817 12.845295 129.0
73 15675.0 -0.475342 0.536072 0.0 -0.141728 1.823715 -14.300717 -0.186813 0.00817 12.845295 129.0
74 15675.0 -0.454186 0.538353 0.0 -0.132426 1.823715 -14.300717 -0.186813 0.00817 12.845295 129.0
75 15675.0 -0.437761 0.535021 0.0 -0.122878 1.823715 -14.300717 -0.186813 0.00817 12.845295 129.0
76 15675.0 -0.422749 0.542865 0.0 -0.124531 1.823715 -14.300717 -0.186813 0.00817 12.845295 129.0
77 15675.0 -0.402101 0.548593 0.0 -0.121981 1.823715 -14.300717 -0.186813 0.00817 12.845295 129.0
78 15675.0 -0.399171 0.568383 0.0 -0.139706 1.823715 -14.300717 -0.186813 0.00817 12.845295 129.0
79 15675.0 -0.401514 0.554807 0.0 -0.127676 1.823715 -14.300717 -0.186813 0.00817 12.845295 129.0
80 15675.0 -0.397597 0.541466 0.0 -0.113441 1.823715 -14.300717 -0.186813 0.00817 12.845295 129.0
81 15675.0 -0.399267 0.567233 0.0 -0.138647 1.823715 -14.300717 -0.186813 0.00817 12.845295 129.0
82 15675.0 -0.384538 0.553855 0.0 -0.120182 1.823715 -14.300717 -0.186813 0.00817 12.845295 129.0
83 15675.0 -0.373975 0.551496 0.0 -0.113836 1.823715 -14.300717 -0.186813 0.00817 12.845295 129.0
84 15675.0 -0.354996 0.528077 0.0 -0.084152 1.823715 -14.300717 -0.186813 0.00817 12.845295 129.0
85 15675.0 -0.338927 0.542783 0.0 -0.091935 1.823715 -14.300717 -0.186813 0.00817 12.845295 129.0
86 15675.0 -0.312755 0.537065 0.0 -0.076332 1.823715 -14.300717 -0.186813 0.00817 12.845295 129.0
87 15675.0 -0.293848 0.541629 0.0 -0.073347 1.823715 -14.300717 -0.186813 0.00817 12.845295 129.0
88 15675.0 -0.288494 0.509967 0.0 -0.041092 1.823715 -14.300717 -0.186813 0.00817 12.845295 129.0
89 15675.0 -0.292211 0.50434 0.0 -0.037536 1.823715 -14.300717 -0.186813 0.00817 12.845295 129.0
90 15675.0 -0.275003 0.508643 0.0 -0.035679 1.823715 -14.300717 -0.186813 0.00817 12.845295 129.0
91 15675.0 -0.273131 0.503862 0.0 -0.031252 1.823715 -14.300717 -0.186813 0.00817 12.845295 129.0
92 15675.0 -0.256831 0.505114 0.0 -0.02722 1.823715 -14.300717 -0.186813 0.00817 12.845295 129.0
93 15675.0 -0.235425 0.497611 0.0 -0.014563 1.823715 -14.300717 -0.186813 0.00817 12.845295 129.0
94 15675.0 -0.219651 0.508367 0.0 -0.018344 1.823715 -14.300717 -0.186813 0.00817 12.845295 129.0
95 15675.0 -0.212587 0.498819 0.0 -0.008474 1.823715 -14.300717 -0.186813 0.00817 12.845295 129.0
96 15675.0 -0.204619 0.493278 0.0 -0.001551 1.823715 -14.300717 -0.186813 0.00817 12.845295 129.0
97 15675.0 -0.202968 0.520806 0.0 -0.023198 1.823715 -14.300717 -0.186813 0.00817 12.845295 129.0
98 15675.0 -0.173981 0.508814 0.0 -0.004584 1.823715 -14.300717 -0.186813 0.00817 12.845295 129.0
99 15675.0 -0.184943 0.508253 0.0 -0.007521 1.823715 -14.300717 -0.186813 0.00817 12.845295 129.0
100 15675.0 -0.175895 0.501593 0.0 0.000637 1.823715 -14.300717 -0.186813 0.00817 12.845295 129.0
101 15675.0 -0.171315 0.497691 0.0 0.005194 1.823715 -14.300717 -0.186813 0.00817 12.845295 129.0
102 15675.0 -0.191444 0.514317 0.0 -0.014413 1.823715 -14.300717 -0.186813 0.00817 12.845295 129.0
103 15675.0 -0.180394 0.527944 0.0 -0.021965 1.823715 -14.300717 -0.186813 0.00817 12.845295 129.0
104 15675.0 -0.157488 0.528535 0.0 -0.015359 1.823715 -14.300717 -0.186813 0.00817 12.845295 129.0
105 15675.0 -0.153151 0.541872 0.0 -0.024754 1.823715 -14.300717 -0.186813 0.00817 12.845295 129.0
106 15675.0 -0.159108 0.531873 0.0 -0.018547 1.823715 -14.300717 -0.186813 0.00817 12.845295 129.0
107 15675.0 -0.133358 0.547992 0.0 -0.023561 1.823715 -14.300717 -0.186813 0.00817 12.845295 129.0
108 15675.0 -0.146452 0.555669 0.0 -0.033789 1.823715 -14.300717 -0.186813 0.00817 12.845295 129.0
109 15675.0 -0.136231 0.559042 0.0 -0.033343 1.823715 -14.300717 -0.186813 0.00817 12.845295 129.0
110 15675.0 -0.09864 0.559153 0.0 -0.021811 1.823715 -14.300717 -0.186813 0.00817 12.845295 129.0
111 15675.0 -0.084524 0.547951 0.0 -0.01038 1.823715 -14.300717 -0.186813 0.00817 12.845295 129.0
112 15675.0 -0.088368 0.556627 0.0 -0.017022 1.823715 -14.300717 -0.186813 0.00817 12.845295 129.0
113 15675.0 -0.082241 0.572073 0.0 -0.025681 1.823715 -14.300717 -0.186813 0.00817 12.845295 129.0
114 15675.0 -0.078587 0.539184 0.0 -0.004213 1.823715 -14.300717 -0.186813 0.00817 12.845295 129.0
115 15675.0 -0.066936 0.546335 0.0 -0.007587 1.823715 -14.300717 -0.186813 0.00817 12.845295 129.0
116 15675.0 -0.078511 0.546215 0.0 -0.008199 1.823715 -14.300717 -0.186813 0.00817 12.845295 129.0
117 15675.0 -0.074552 0.528961 0.0 0.001693 1.823715 -14.300717 -0.186813 0.00817 12.845295 129.0
118 15675.0 -0.049908 0.550836 0.0 -0.008111 1.823715 -14.300717 -0.186813 0.00817 12.845295 129.0
119 15675.0 -0.04328 0.553076 0.0 -0.008537 1.823715 -14.300717 -0.186813 0.00817 12.845295 129.0
120 15675.0 -0.030746 0.564445 0.0 -0.012802 1.823715 -14.300717 -0.186813 0.00817 12.845295 129.0
121 15675.0 -0.012824 0.555934 0.0 -0.009659 1.823715 -14.300717 -0.186813 0.00817 12.845295 129.0
122 15675.0 -0.016278 0.582193 0.0 -0.019969 1.823715 -14.300717 -0.186813 0.00817 12.845295 129.0
123 15675.0 0.001151 0.574583 0.0 -0.01453 1.823715 -14.300717 -0.186813 0.00817 12.845295 129.0
124 15675.0 0.011535 0.54554 0.0 -0.006969 1.823715 -14.300717 -0.186813 0.00817 12.845295 129.0
125 15675.0 -0.002433 0.546482 0.0 -0.006969 1.823715 -14.300717 -0.186813 0.00817 12.845295 129.0
126 15675.0 -0.036578 0.542968 0.0 -0.005182 1.823715 -14.300717 -0.186813 0.00817 12.845295 129.0
127 15675.0 -0.020544 0.553865 0.0 -0.008864 1.823715 -14.300717 -0.186813 0.00817 12.845295 129.0
128 15675.0 -0.002168 0.55482 0.0 -0.009538 1.823715 -14.300717 -0.186813 0.00817 12.845295 129.0
129 15675.0 0.014015 0.53652 0.0 -0.004248 1.823715 -14.300717 -0.186813 0.00817 12.845295 129.0
130 15675.0 0.009475 0.557222 0.0 -0.010517 1.823715 -14.300717 -0.186813 0.00817 12.845295 129.0
131 15675.0 0.018869 0.549688 0.0 -0.008396 1.823715 -14.300717 -0.186813 0.00817 12.845295 129.0
132 15675.0 0.018046 0.549781 0.0 -0.008408 1.823715 -14.300717 -0.186813 0.00817 12.845295 129.0
133 15675.0 -0.00503 0.549685 0.0 -0.0079 1.823715 -14.300717 -0.186813 0.00817 12.845295 129.0
134 15675.0 0.023157 0.537664 0.0 -0.004789 1.823715 -14.300717 -0.186813 0.00817 12.845295 129.0
135 15675.0 0.019533 0.540602 0.0 -0.005617 1.823715 -14.300717 -0.186813 0.00817 12.845295 129.0
136 15675.0 0.025442 0.526163 0.0 -0.001301 1.823715 -14.300717 -0.186813 0.00817 12.845295 129.0
137 15675.0 0.031876 0.519823 0.0 0.000514 1.823715 -14.300717 -0.186813 0.00817 12.845295 129.0
138 15675.0 0.043729 0.52093 0.0 -7.2e-05 1.823715 -14.300717 -0.186813 0.00817 12.845295 129.0
139 15675.0 0.030442 0.525788 0.0 -0.00129 1.823715 -14.300717 -0.186813 0.00817 12.845295 129.0
140 15675.0 0.054808 0.529065 0.0 -0.002802 1.823715 -14.300717 -0.186813 0.00817 12.845295 129.0
141 15675.0 0.069018 0.514011 0.0 0.001531 1.823715 -14.300717 -0.186813 0.00817 12.845295 129.0
142 15675.0 0.070622 0.481319 0.0 0.011701 1.823715 -14.300717 -0.186813 0.00817 12.845295 129.0
143 15675.0 0.052651 0.484633 0.0 0.011141 1.823715 -14.300717 -0.186813 0.00817 12.845295 129.0
144 15675.0 0.043732 0.502809 0.0 0.005498 1.823715 -14.300717 -0.186813 0.00817 12.845295 129.0
145 15675.0 0.034654 0.499111 0.0 0.006823 1.823715 -14.300717 -0.186813 0.00817 12.845295 129.0
146 15675.0 0.032656 0.490505 0.0 0.010083 1.823715 -14.300717 -0.186813 0.00817 12.845295 129.0
147 15675.0 0.0193 0.49908 0.0 0.007562 1.823715 -14.300717 -0.186813 0.00817 12.845295 129.0
148 15675.0 0.029748 0.490005 0.0 0.010457 1.823715 -14.300717 -0.186813 0.00817 12.845295 129.0
149 15675.0 0.032732 0.485363 0.0 0.012083 1.823715 -14.300717 -0.186813 0.00817 12.845295 129.0
150 15675.0 0.023441 0.506487 0.0 0.004788 1.823715 -14.300717 -0.186813 0.00817 12.845295 129.0
151 15675.0 0.001469 0.503802 0.0 0.00682 1.823715 -14.300717 -0.186813 0.00817 12.845295 129.0
152 15675.0 0.020825 0.509547 0.0 0.003901 1.823715 -14.300717 -0.186813 0.00817 12.845295 129.0
153 15675.0 0.02404 0.511312 0.0 0.003293 1.823715 -14.300717 -0.186813 0.00817 12.845295 129.0
154 15675.0 0.022226 0.509883 0.0 0.003769 1.823715 -14.300717 -0.186813 0.00817 12.845295 129.0
155 15675.0 0.040355 0.506862 0.0 0.004323 1.823715 -14.300717 -0.186813 0.00817 12.845295 129.0
156 15675.0 0.057496 0.511777 0.0 0.002457 1.823715 -14.300717 -0.186813 0.00817 12.845295 129.0
157 15675.0 0.079919 0.502935 0.0 0.00471 1.823715 -14.300717 -0.186813 0.00817 12.845295 129.0
158 15675.0 0.084662 0.515216 0.0 0.000837 1.823715 -14.300717 -0.186813 0.00817 12.845295 129.0
159 15675.0 0.070693 0.517786 0.0 0.000336 1.823715 -14.300717 -0.186813 0.00817 12.845295 129.0
160 15675.0 0.091802 0.512366 0.0 0.001565 1.823715 -14.300717 -0.186813 0.00817 12.845295 129.0
161 15675.0 0.107327 0.505128 0.0 0.003468 1.823715 -14.300717 -0.186813 0.00817 12.845295 129.0
162 15675.0 0.101994 0.496401 0.0 0.006261 1.823715 -14.300717 -0.186813 0.00817 12.845295 129.0
163 15675.0 0.102247 0.501118 0.0 0.004806 1.823715 -14.300717 -0.186813 0.00817 12.845295 129.0
164 15675.0 0.095366 0.507551 0.0 0.002971 1.823715 -14.300717 -0.186813 0.00817 12.845295 129.0
165 15675.0 0.097363 0.49669 0.0 0.006268 1.823715 -14.300717 -0.186813 0.00817 12.845295 129.0
166 15675.0 0.099643 0.510803 0.0 0.001883 1.823715 -14.300717 -0.186813 0.00817 12.845295 129.0
167 15675.0 0.121317 0.503439 0.0 0.003698 1.823715 -14.300717 -0.186813 0.00817 12.845295 129.0
168 15675.0 0.132631 0.533293 0.0 0.005148 1.823715 -14.300717 -0.186813 0.00817 12.845295 129.0
169 15675.0 0.14541 0.523799 0.0 0.006885 1.823715 -14.300717 -0.186813 0.00817 12.845295 129.0
170 15675.0 0.138234 0.516407 0.0 0.005503 1.823715 -14.300717 -0.186813 0.00817 12.845295 129.0
171 15675.0 0.12058 0.510053 0.0 0.00248 1.823715 -14.300717 -0.186813 0.00817 12.845295 129.0
172 15675.0 0.126176 0.516645 0.0 0.003585 1.823715 -14.300717 -0.186813 0.00817 12.845295 129.0
173 15675.0 0.141196 0.520073 0.0 0.006093 1.823715 -14.300717 -0.186813 0.00817 12.845295 129.0
174 15675.0 0.152376 0.52824 0.0 0.00814 1.823715 -14.300717 -0.186813 0.00817 12.845295 129.0
175 15675.0 0.180405 0.554298 0.0 0.020821 1.823715 -14.300717 -0.186813 0.00817 12.845295 129.0
176 15675.0 0.196746 0.535797 0.0 0.022578 1.823715 -14.300717 -0.186813 0.00817 12.845295 129.0
177 15675.0 0.202647 0.534931 0.0 0.02636 1.823715 -14.300717 -0.186813 0.00817 12.845295 129.0
178 15675.0 0.243984 0.529584 0.0 0.053247 1.823715 -14.300717 -0.186813 0.00817 12.845295 129.0
179 15675.0 0.246705 0.529616 0.0 0.055224 1.823715 -14.300717 -0.186813 0.00817 12.845295 129.0
180 15675.0 0.235218 0.531199 0.0 0.047806 1.823715 -14.300717 -0.186813 0.00817 12.845295 129.0
181 15675.0 0.247155 0.506994 0.0 0.044097 1.823715 -14.300717 -0.186813 0.00817 12.845295 129.0
182 15675.0 0.269512 0.507405 0.0 0.060868 1.823715 -14.300717 -0.186813 0.00817 12.845295 129.0
183 15675.0 0.264441 0.491759 0.0 0.05076 1.823715 -14.300717 -0.186813 0.00817 12.845295 129.0
184 15675.0 0.273866 0.507933 0.0 0.064315 1.823715 -14.300717 -0.186813 0.00817 12.845295 129.0
185 15675.0 0.264156 0.517673 0.0 0.061331 1.823715 -14.300717 -0.186813 0.00817 12.845295 129.0
186 15675.0 0.265859 0.543432 0.0 0.076503 1.823715 -14.300717 -0.186813 0.00817 12.845295 129.0
187 15675.0 0.283053 0.552724 0.0 0.093921 1.823715 -14.300717 -0.186813 0.00817 12.845295 129.0
188 15675.0 0.28338 0.548817 0.0 0.092042 1.823715 -14.300717 -0.186813 0.00817 12.845295 129.0
189 15675.0 0.333743 0.537743 0.0 0.12233 1.823715 -14.300717 -0.186813 0.00817 12.845295 129.0
190 15675.0 0.343868 0.549348 0.0 0.135907 1.823715 -14.300717 -0.186813 0.00817 12.845295 129.0
191 15675.0 0.336508 0.540039 0.0 0.125565 1.823715 -14.300717 -0.186813 0.00817 12.845295 129.0
192 15675.0 0.349389 0.540481 0.0 0.135085 1.823715 -14.300717 -0.186813 0.00817 12.845295 129.0
193 15675.0 0.371747 0.54155 0.0 0.151771 1.823715 -14.300717 -0.186813 0.00817 12.845295 129.0
194 15675.0 0.408348 0.547382 0.0 0.18142 1.823715 -14.300717 -0.186813 0.00817 12.845295 129.0
195 15675.0 0.405676 0.554178 0.0 0.183569 1.823715 -14.300717 -0.186813 0.00817 12.845295 129.0
196 15675.0 0.423852 0.562247 0.0 0.204804 1.823715 -14.300717 -0.186813 0.00817 12.845295 129.0
197 15675.0 0.410227 0.55544 0.0 0.188347 1.823715 -14.300717 -0.186813 0.00817 12.845295 129.0
198 15675.0 0.42323 0.529705 0.0 0.184072 1.823715 -14.300717 -0.186813 0.00817 12.845295 129.0
199 15675.0 0.4421 0.479339 0.0 0.177674 1.823715 -14.300717 -0.186813 0.00817 12.845295 129.0
200 15675.0 0.428811 0.493186 0.0 0.173416 1.823715 -14.300717 -0.186813 0.00817 12.845295 129.0
201 15675.0 0.411477 0.511891 0.0 0.168123 1.823715 -14.300717 -0.186813 0.00817 12.845295 129.0
202 15675.0 0.41912 0.528025 0.0 0.18034 1.823715 -14.300717 -0.186813 0.00817 12.845295 129.0
203 15675.0 0.415689 0.512659 0.0 0.171562 1.823715 -14.300717 -0.186813 0.00817 12.845295 129.0
204 15675.0 0.432987 0.51896 0.0 0.186964 1.823715 -14.300717 -0.186813 0.00817 12.845295 129.0
205 15675.0 0.4321 0.517653 0.0 0.185775 1.823715 -14.300717 -0.186813 0.00817 12.845295 129.0
206 15675.0 0.424443 0.524236 0.0 0.182757 1.823715 -14.300717 -0.186813 0.00817 12.845295 129.0
207 15675.0 0.419575 0.514364 0.0 0.17514 1.823715 -14.300717 -0.186813 0.00817 12.845295 129.0
208 15675.0 0.404936 0.54758 0.0 0.179062 1.823715 -14.300717 -0.186813 0.00817 12.845295 129.0
209 15675.0 0.414319 0.544594 0.0 0.184188 1.823715 -14.300717 -0.186813 0.00817 12.845295 129.0
210 15675.0 0.399658 0.541134 0.0 0.171665 1.823715 -14.300717 -0.186813 0.00817 12.845295 129.0
211 15675.0 0.397971 0.545621 0.0 0.172939 1.823715 -14.300717 -0.186813 0.00817 12.845295 129.0
212 15675.0 0.394663 0.534357 0.0 0.164741 1.823715 -14.300717 -0.186813 0.00817 12.845295 129.0
213 15675.0 0.395278 0.531126 0.0 0.163889 1.823715 -14.300717 -0.186813 0.00817 12.845295 129.0
214 15675.0 0.383616 0.523863 0.0 0.152283 1.823715 -14.300717 -0.186813 0.00817 12.845295 129.0
215 15675.0 0.407957 0.521333 0.0 0.169336 1.823715 -14.300717 -0.186813 0.00817 12.845295 129.0
216 15675.0 0.410318 0.540709 0.0 0.179138 1.823715 -14.300717 -0.186813 0.00817 12.845295 129.0
217 15675.0 0.420603 0.539616 0.0 0.186184 1.823715 -14.300717 -0.186813 0.00817 12.845295 129.0
218 15675.0 0.420121 0.526865 0.0 0.180612 1.823715 -14.300717 -0.186813 0.00817 12.845295 129.0
219 15675.0 0.422653 0.544943 0.0 0.19147 1.823715 -14.300717 -0.186813 0.00817 12.845295 129.0
220 15675.0 0.456408 0.53151 0.0 0.2128 1.823715 -14.300717 -0.186813 0.00817 12.845295 129.0
221 15675.0 0.443801 0.518841 0.0 0.194948 1.823715 -14.300717 -0.186813 0.00817 12.845295 129.0
222 15675.0 0.450084 0.52239 0.0 0.202141 1.823715 -14.300717 -0.186813 0.00817 12.845295 129.0
223 15675.0 0.473794 0.511198 0.0 0.216533 1.823715 -14.300717 -0.186813 0.00817 12.845295 129.0
224 15675.0 0.481953 0.529003 0.0 0.233702 1.823715 -14.300717 -0.186813 0.00817 12.845295 129.0
225 15675.0 0.489167 0.521121 0.0 0.23551 1.823715 -14.300717 -0.186813 0.00817 12.845295 129.0
226 15675.0 0.467814 0.528007 0.0 0.220761 1.823715 -14.300717 -0.186813 0.00817 12.845295 129.0
227 15675.0 0.463994 0.561223 0.0 0.238292 1.823715 -14.300717 -0.186813 0.00817 12.845295 129.0
228 15675.0 0.48059 0.555809 0.0 0.248586 1.823715 -14.300717 -0.186813 0.00817 12.845295 129.0
229 15675.0 0.474503 0.548858 0.0 0.238611 1.823715 -14.300717 -0.186813 0.00817 12.845295 129.0
230 15675.0 0.485328 0.541047 0.0 0.243584 1.823715 -14.300717 -0.186813 0.00817 12.845295 129.0
231 15675.0 0.481709 0.546278 0.0 0.243429 1.823715 -14.300717 -0.186813 0.00817 12.845295 129.0
232 15675.0 0.479699 0.573096 0.0 0.260127 1.823715 -14.300717 -0.186813 0.00817 12.845295 129.0
233 15675.0 0.487407 0.5538 0.0 0.252968 1.823715 -14.300717 -0.186813 0.00817 12.845295 129.0
234 15675.0 0.465188 0.566231 0.0 0.242873 1.823715 -14.300717 -0.186813 0.00817 12.845295 129.0
235 15675.0 0.489888 0.565432 0.0 0.263359 1.823715 -14.300717 -0.186813 0.00817 12.845295 129.0
236 15675.0 0.507022 0.57141 0.0 0.282218 1.823715 -14.300717 -0.186813 0.00817 12.845295 129.0
237 15675.0 0.526036 0.572715 0.0 0.299354 1.823715 -14.300717 -0.186813 0.00817 12.845295 129.0
238 15675.0 0.524543 0.56811 0.0 0.294805 1.823715 -14.300717 -0.186813 0.00817 12.845295 129.0
239 15675.0 0.529143 0.560309 0.0 0.293176 1.823715 -14.300717 -0.186813 0.00817 12.845295 129.0
240 15675.0 0.566357 0.572945 0.0 0.333887 1.823715 -14.300717 -0.186813 0.00817 12.845295 129.0
241 15675.0 0.556559 0.58181 0.0 0.331844 1.823715 -14.300717 -0.186813 0.00817 12.845295 129.0
242 15675.0 0.561103 0.562459 0.0 0.322183 1.823715 -14.300717 -0.186813 0.00817 12.845295 129.0
243 15675.0 0.564931 0.553871 0.0 0.320589 1.823715 -14.300717 -0.186813 0.00817 12.845295 129.0
244 15675.0 0.578632 0.559297 0.0 0.335696 1.823715 -14.300717 -0.186813 0.00817 12.845295 129.0
245 15675.0 0.576758 0.552005 0.0 0.32986 1.823715 -14.300717 -0.186813 0.00817 12.845295 129.0
246 15675.0 0.592052 0.542392 0.0 0.337706 1.823715 -14.300717 -0.186813 0.00817 12.845295 129.0
247 15675.0 0.6028 0.562809 0.0 0.358855 1.823715 -14.300717 -0.186813 0.00817 12.845295 129.0
248 15675.0 0.618503 0.579339 0.0 0.382886 1.823715 -14.300717 -0.186813 0.00817 12.845295 129.0
249 15675.0 0.610588 0.577388 0.0 0.374752 1.823715 -14.300717 -0.186813 0.00817 12.845295 129.0
250 15675.0 0.628045 0.575248 0.0 0.388109 1.823715 -14.300717 -0.186813 0.00817 12.845295 129.0
251 15675.0 0.620095 0.568998 0.0 0.377544 1.823715 -14.300717 -0.186813 0.00817 12.845295 129.0
252 15675.0 0.623565 0.571233 0.0 0.381865 1.823715 -14.300717 -0.186813 0.00817 12.845295 129.0
253 15675.0 0.633917 0.592255 0.0 0.405216 1.823715 -14.300717 -0.186813 0.00817 12.845295 129.0
254 15675.0 0.654717 0.628917 0.0 0.449031 1.823715 -14.300717 -0.186813 0.00817 12.845295 129.0
255 15675.0 0.672115 0.640403 0.0 0.472033 1.823715 -14.300717 -0.186813 0.00817 12.845295 129.0
256 15675.0 0.686255 0.654487 0.0 0.494107 1.823715 -14.300717 -0.186813 0.00817 12.845295 129.0
257 15675.0 0.686295 0.675639 0.0 0.509192 1.823715 -14.300717 -0.186813 0.00817 12.845295 129.0
258 15675.0 0.702229 0.654243 0.0 0.507551 1.823715 -14.300717 -0.186813 0.00817 12.845295 129.0
259 15675.0 0.697788 0.696416 0.0 0.533771 1.823715 -14.300717 -0.186813 0.00817 12.845295 129.0
260 15675.0 0.680017 0.712685 0.0 0.530199 1.823715 -14.300717 -0.186813 0.00817 12.845295 129.0
261 15675.0 0.69006 0.71064 0.0 0.537304 1.823715 -14.300717 -0.186813 0.00817 12.845295 129.0
262 15675.0 0.703059 0.73791 0.0 0.567788 1.823715 -14.300717 -0.186813 0.00817 12.845295 129.0
263 15675.0 0.70147 0.760013 0.0 0.58216 1.823715 -14.300717 -0.186813 0.00817 12.845295 129.0
264 15675.0 0.717441 0.758469 0.0 0.594676 1.823715 -14.300717 -0.186813 0.00817 12.845295 129.0
265 15675.0 0.737232 0.746864 0.0 0.603288 1.823715 -14.300717 -0.186813 0.00817 12.845295 129.0
266 15675.0 0.718395 0.755863 0.0 0.593634 1.823715 -14.300717 -0.186813 0.00817 12.845295 129.0
267 15675.0 0.747319 0.738274 0.0 0.605774 1.823715 -14.300717 -0.186813 0.00817 12.845295 129.0
268 15675.0 0.780873 0.77429 0.0 0.661061 1.823715 -14.300717 -0.186813 0.00817 12.845295 129.0
269 15675.0 0.781829 0.777567 0.0 0.664297 1.823715 -14.300717 -0.186813 0.00817 12.845295 129.0
270 15675.0 0.796569 0.792261 0.0 0.6879 1.823715 -14.300717 -0.186813 0.00817 12.845295 129.0
271 15675.0 0.787904 0.817065 0.0 0.698562 1.823715 -14.300717 -0.186813 0.00817 12.845295 129.0
272 15675.0 0.813191 0.819292 0.0 0.722192 1.823715 -14.300717 -0.186813 0.00817 12.845295 129.0
273 15675.0 0.859196 0.829927 0.0 0.770012 1.823715 -14.300717 -0.186813 0.00817 12.845295 129.0
274 15675.0 0.848332 0.869796 0.0 0.789815 1.823715 -14.300717 -0.186813 0.00817 12.845295 129.0
275 15675.0 0.867875 0.864897 0.0 0.80322 1.823715 -14.300717 -0.186813 0.00817 12.845295 129.0
276 15675.0 0.875222 0.874233 0.0 0.816461 1.823715 -14.300717 -0.186813 0.00817 12.845295 129.0
277 15675.0 0.886871 0.900193 0.0 0.845642 1.823715 -14.300717 -0.186813 0.00817 12.845295 129.0
278 15675.0 0.893724 0.926008 0.0 0.870425 1.823715 -14.300717 -0.186813 0.00817 12.845295 129.0
279 15675.0 0.892591 0.966672 0.0 0.898527 1.823715 -14.300717 -0.186813 0.00817 12.845295 129.0
280 15675.0 0.902395 1.00208 0.0 0.923282 1.823715 -14.300717 -0.186813 0.00817 12.845295 129.0
281 15675.0 0.911203 1.026813 0.0 0.930767 1.823715 -14.300717 -0.186813 0.00817 12.845295 129.0
282 15675.0 0.914901 1.02953 0.0 0.933953 1.823715 -14.300717 -0.186813 0.00817 12.845295 129.0
283 15675.0 0.902554 1.053049 0.0 0.923818 1.823715 -14.300717 -0.186813 0.00817 12.845295 129.0
284 15675.0 0.908216 1.065515 0.0 0.928827 1.823715 -14.300717 -0.186813 0.00817 12.845295 129.0
285 15675.0 0.903393 1.070685 0.0 0.924805 1.823715 -14.300717 -0.186813 0.00817 12.845295 129.0
286 15675.0 0.928217 1.102542 0.0 0.941566 1.823715 -14.300717 -0.186813 0.00817 12.845295 129.0
287 15675.0 0.931236 1.109092 0.0 0.942993 1.823715 -14.300717 -0.186813 0.00817 12.845295 129.0
