 time p.x p.y p.z deep.node-0 CV opes.bias opes.rct opes.zed opes.neff opes.nker
0 9785.0 -0.86846 0.991357 0.0 -0.800604 1.690269 -17.367056 -0.139537 0.009494 12.845295 111.0
1 9785.0 -0.850066 0.989044 0.0 -0.794082 1.690269 -17.367056 -0.139537 0.009494 12.845295 111.0
2 9785.0 -0.851582 0.948145 0.0 -0.767435 1.690269 -17.367056 -0.139537 0.009494 12.845295 111.0
3 9785.0 -0.814048 0.909906 0.0 -0.721595 1.690269 -17.367056 -0.139537 0.009494 12.845295 111.0
4 9785.0 -0.793829 0.896497 0.0 -0.703083 1.690269 -17.367056 -0.139537 0.009494 12.845295 111.0
5 9785.0 -0.784057 0.859857 0.0 -0.667835 1.690269 -17.367056 -0.139537 0.009494 12.845295 111.0
6 9785.0 -0.768514 0.849399 0.0 -0.653474 1.690269 -17.367056 -0.139537 0.009494 12.845295 111.0
7 9785.0 -0.77877 0.831606 0.0 -0.641416 1.690269 -17.367056 -0.139537 0.009494 12.845295 111.0
8 9785.0 -0.762439 0.82883 0.0 -0.633487 1.690269 -17.367056 -0.139537 0.009494 12.845295 111.0
9 9785.0 -0.761119 0.80486 0.0 -0.612139 1.690269 -17.367056 -0.139537 0.009494 12.845295 111.0
10 9785.0 -0.731847 0.781928 0.0 -0.581603 1.690269 -17.367056 -0.139537 0.009494 12.845295 111.0
11 9785.0 -0.738182 0.77537 0.0 -0.578077 1.690269 -17.367056 -0.139537 0.009494 12.845295 111.0
12 9785.0 -0.728983 0.743237 0.0 -0.545669 1.690269 -17.367056 -0.139537 0.009494 12.845295 111.0
13 9785.0 -0.731868 0.710601 0.0 -0.510371 1.690269 -17.367056 -0.139537 0.009494 12.845295 111.0
14 9785.0 -0.719024 0.7048 0.0 -0.49857 1.690269 -17.367056 -0.139537 0.009494 12.845295 111.0
15 9785.0 -0.726123 0.692036 0.0 -0.487236 1.690269 -17.367056 -0.139537 0.009494 12.845295 111.0
16 9785.0 -0.702086 0.680701 0.0 -0.464615 1.690269 -17.367056 -0.139537 0.009494 12.845295 111.0
17 9785.0 -0.684808 0.665515 0.0 -0.440486 1.690269 -17.367056 -0.139537 0.009494 12.845295 111.0
18 9785.0 -0.637704 0.649813 0.0 -0.403439 1.690269 -17.367056 -0.139537 0.009494 12.845295 111.0
19 9785.0 -0.619289 0.643503 0.0 -0.388763 1.690269 -17.367056 -0.139537 0.009494 12.845295 111.0
20 9785.0 -0.604264 0.606519 0.0 -0.341193 1.690269 -17.367056 -0.139537 0.009494 12.845295 111.0
21 9785.0 -0.617312 0.584129 0.0 -0.320249 1.690269 -17.367056 -0.139537 0.009494 12.845295 111.0
22 9785.0 -0.591389 0.613646 0.0 -0.343836 1.690269 -17.367056 -0.139537 0.009494 12.845295 111.0
23 9785.0 -0.589055 0.612957 0.0 -0.3421 1.690269 -17.367056 -0.139537 0.009494 12.845295 111.0
24 9785.0 -0.579499 0.602176 0.0 -0.32404 1.690269 -17.367056 -0.139537 0.009494 12.845295 111.0
25 9785.0 -0.573786 0.593484 0.0 -0.309149 1.690269 -17.367056 -0.139537 0.009494 12.845295 111.0
26 9785.0 -0.569398 0.577045 0.0 -0.28196 1.690269 -17.367056 -0.139537 0.009494 12.845295 111.0
27 9785.0 -0.562798 0.564807 0.0 -0.254844 1.690269 -17.367056 -0.139537 0.009494 12.845295 111.0
28 9785.0 -0.57739 0.553677 0.0 -0.249036 1.690269 -17.367056 -0.139537 0.009494 12.845295 111.0
29 9785.0 -0.571064 0.559989 0.0 -0.254182 1.690269 -17.367056 -0.139537 0.009494 12.845295 111.0
30 9785.0 -0.55325 0.541901 0.0 -0.205308 1.690269 -17.367056 -0.139537 0.009494 12.845295 111.0
31 9785.0 -0.550699 0.513434 0.0 -0.162502 1.690269 -17.367056 -0.139537 0.009494 12.845295 111.0
32 9785.0 -0.541005 0.504617 0.0 -0.144025 1.690269 -17.367056 -0.139537 0.009494 12.845295 111.0
33 9785.0 -0.519378 0.492486 0.0 -0.11442 1.690269 -17.367056 -0.139537 0.009494 12.845295 111.0
34 9785.0 -0.498865 0.480664 0.0 -0.095275 1.690269 -17.367056 -0.139537 0.009494 12.845295 111.0
35 9785.0 -0.473948 0.50215 0.0 -0.105587 1.690269 -17.367056 -0.139537 0.009494 12.845295 111.0
36 9785.0 -0.439781 0.501677 0.0 -0.091881 1.690269 -17.367056 -0.139537 0.009494 12.845295 111.0
37 9785.0 -0.455075 0.506458 0.0 -0.102372 1.690269 -17.367056 -0.139537 0.009494 12.845295 111.0
38 9785.0 -0.431499 0.49891 0.0 -0.086031 1.690269 -17.367056 -0.139537 0.009494 12.845295 111.0
39 9785.0 -0.393188 0.529618 0.0 -0.100437 1.690269 -17.367056 -0.139537 0.009494 12.845295 111.0
40 9785.0 -0.413888 0.53729 0.0 -0.11578 1.690269 -17.367056 -0.139537 0.009494 12.845295 111.0
41 9785.0 -0.396777 0.527089 0.0 -0.099419 1.690269 -17.367056 -0.139537 0.009494 12.845295 111.0
42 9785.0 -0.369357 0.532782 0.0 -0.094208 1.690269 -17.367056 -0.139537 0.009494 12.845295 111.0
43 9785.0 -0.353712 0.533061 0.0 -0.088404 1.690269 -17.367056 -0.139537 0.009494 12.845295 111.0
44 9785.0 -0.333814 0.5299 0.0 -0.077672 1.690269 -17.367056 -0.139537 0.009494 12.845295 111.0
45 9785.0 -0.322904 0.507643 0.0 -0.052226 1.690269 -17.367056 -0.139537 0.009494 12.845295 111.0
46 9785.0 -0.327533 0.511758 0.0 -0.057944 1.690269 -17.367056 -0.139537 0.009494 12.845295 111.0
47 9785.0 -0.322909 0.500845 0.0 -0.045749 1.690269 -17.367056 -0.139537 0.009494 12.845295 111.0
48 9785.0 -0.323253 0.520554 0.0 -0.064667 1.690269 -17.367056 -0.139537 0.009494 12.845295 111.0
49 9785.0 -0.337962 0.498944 0.0 -0.049776 1.690269 -17.367056 -0.139537 0.009494 12.845295 111.0
50 9785.0 -0.321113 0.508397 0.0 -0.05225 1.690269 -17.367056 -0.139537 0.009494 12.845295 111.0
51 9785.0 -0.33892 0.493471 0.0 -0.044931 1.690269 -17.367056 -0.139537 0.009494 12.845295 111.0
52 9785.0 -0.3436 0.490132 0.0 -0.043564 1.690269 -17.367056 -0.139537 0.009494 12.845295 111.0
53 9785.0 -0.329785 0.478276 0.0 -0.028172 1.690269 -17.367056 -0.139537 0.009494 12.845295 111.0
54 9785.0 -0.337397 0.484386 0.0 -0.035681 1.690269 -17.367056 -0.139537 0.009494 12.845295 111.0
55 9785.0 -0.344376 0.481895 0.0 -0.036014 1.690269 -17.367056 -0.139537 0.009494 12.845295 111.0
56 9785.0 -0.326376 0.489491 0.0 -0.036271 1.690269 -17.367056 -0.139537 0.009494 12.845295 111.0
57 9785.0 -0.319759 0.496606 0.0 -0.040486 1.690269 -17.367056 -0.139537 0.009494 12.845295 111.0
58 9785.0 -0.326846 0.506178 0.0 -0.052359 1.690269 -17.367056 -0.139537 0.009494 12.845295 111.0
59 9785.0 -0.334263 0.49969 0.0 -0.049052 1.690269 -17.367056 -0.139537 0.009494 12.845295 111.0
60 9785.0 -0.32507 0.497893 0.0 -0.043773 1.690269 -17.367056 -0.139537 0.009494 12.845295 111.0
61 9785.0 -0.302745 0.496971 0.0 -0.03486 1.690269 -17.367056 -0.139537 0.009494 12.845295 111.0
62 9785.0 -0.277871 0.48494 0.0 -0.017486 1.690269 -17.367056 -0.139537 0.009494 12.845295 111.0
63 9785.0 -0.2606 0.499547 0.0 -0.023905 1.690269 -17.367056 -0.139537 0.009494 12.845295 111.0
64 9785.0 -0.224859 0.492894 0.0 -0.007499 1.690269 -17.367056 -0.139537 0.009494 12.845295 111.0
65 9785.0 -0.226123 0.511785 0.0 -0.023096 1.690269 -17.367056 -0.139537 0.009494 12.845295 111.0
66 9785.0 -0.196426 0.513638 0.0 -0.015406 1.690269 -17.367056 -0.139537 0.009494 12.845295 111.0
67 9785.0 -0.191748 0.502847 0.0 -0.005273 1.690269 -17.367056 -0.139537 0.009494 12.845295 111.0
68 9785.0 -0.153392 0.507881 0.0 0.002533 1.690269 -17.367056 -0.139537 0.009494 12.845295 111.0
69 9785.0 -0.121439 0.503291 0.0 0.012611 1.690269 -17.367056 -0.139537 0.009494 12.845295 111.0
70 9785.0 -0.102362 0.472302 0.0 0.025498 1.690269 -17.367056 -0.139537 0.009494 12.845295 111.0
71 9785.0 -0.10465 0.498532 0.0 0.015412 1.690269 -17.367056 -0.139537 0.009494 12.845295 111.0
72 9785.0 -0.113384 0.480757 0.0 0.02288 1.690269 -17.367056 -0.139537 0.009494 12.845295 111.0
73 9785.0 -0.111944 0.486445 0.0 0.020573 1.690269 -17.367056 -0.139537 0.009494 12.845295 111.0
74 9785.0 -0.1043 0.505975 0.0 0.012488 1.690269 -17.367056 -0.139537 0.009494 12.845295 111.0
75 9785.0 -0.080315 0.489319 0.0 0.017505 1.690269 -17.367056 -0.139537 0.009494 12.845295 111.0
76 9785.0 -0.07641 0.492234 0.0 0.016127 1.690269 -17.367056 -0.139537 0.009494 12.845295 111.0
77 9785.0 -0.073226 0.497187 0.0 0.014 1.690269 -17.367056 -0.139537 0.009494 12.845295 111.0
78 9785.0 -0.066856 0.481302 0.0 0.019801 1.690269 -17.367056 -0.139537 0.009494 12.845295 111.0
79 9785.0 -0.06907 0.486219 0.0 0.018021 1.690269 -17.367056 -0.139537 0.009494 12.845295 111.0
80 9785.0 -0.079792 0.503441 0.0 0.011966 1.690269 -17.367056 -0.139537 0.009494 12.845295 111.0
81 9785.0 -0.070723 0.492593 0.0 0.015637 1.690269 -17.367056 -0.139537 0.009494 12.845295 111.0
82 9785.0 -0.075858 0.484769 0.0 0.019004 1.690269 -17.367056 -0.139537 0.009494 12.845295 111.0
83 9785.0 -0.079261 0.490813 0.0 0.016857 1.690269 -17.367056 -0.139537 0.009494 12.845295 111.0
84 9785.0 -0.050733 0.521084 0.0 0.003297 1.690269 -17.367056 -0.139537 0.009494 12.845295 111.0
85 9785.0 -0.052113 0.527615 0.0 0.000836 1.690269 -17.367056 -0.139537 0.009494 12.845295 111.0
86 9785.0 -0.070668 0.521113 0.0 0.004514 1.690269 -17.367056 -0.139537 0.009494 12.845295 111.0
87 9785.0 -0.061463 0.490271 0.0 0.015972 1.690269 -17.367056 -0.139537 0.009494 12.845295 111.0
88 9785.0 -0.075406 0.483155 0.0 0.019606 1.690269 -17.367056 -0.139537 0.009494 12.845295 111.0
89 9785.0 -0.094489 0.505313 0.0 0.012142 1.690269 -17.367056 -0.139537 0.009494 12.845295 111.0
90 9785.0 -0.076017 0.505001 0.0 0.011125 1.690269 -17.367056 -0.139537 0.009494 12.845295 111.0
91 9785.0 -0.049446 0.515542 0.0 0.005379 1.690269 -17.367056 -0.139537 0.009494 12.845295 111.0
92 9785.0 -0.068544 0.513193 0.0 0.007471 1.690269 -17.367056 -0.139537 0.009494 12.845295 111.0
93 9785.0 -0.047651 0.511865 0.0 0.006702 1.690269 -17.367056 -0.139537 0.009494 12.845295 111.0
94 9785.0 -0.027005 0.491598 0.0 0.013332 1.690269 -17.367056 -0.139537 0.009494 12.845295 111.0
95 9785.0 -0.026059 0.477125 0.0 0.018917 1.690269 -17.367056 -0.139537 0.009494 12.845295 111.0
96 9785.0 -0.041613 0.474838 0.0 0.020767 1.690269 -17.367056 -0.139537 0.009494 12.845295 111.0
97 9785.0 -0.015752 0.456658 0.0 0.027032 1.690269 -17.367056 -0.139537 0.009494 12.845295 111.0
98 9785.0 -0.027409 0.490801 0.0 0.013668 1.690269 -17.367056 -0.139537 0.009494 12.845295 111.0
99 9785.0 -0.035346 0.491647 0.0 0.013827 1.690269 -17.367056 -0.139537 0.009494 12.845295 111.0
100 9785.0 -0.009245 0.50057 0.0 0.00874 1.690269 -17.367056 -0.139537 0.009494 12.845295 111.0
101 9785.0 0.00728 0.479862 0.0 0.015796 1.690269 -17.367056 -0.139537 0.009494 12.845295 111.0
102 9785.0 0.025298 0.477208 0.0 0.015721 1.690269 -17.367056 -0.139537 0.009494 12.845295 111.0
103 9785.0 0.052619 0.477097 0.0 0.01431 1.690269 -17.367056 -0.139537 0.009494 12.845295 111.0
104 9785.0 0.038837 0.484204 0.0 0.012159 1.690269 -17.367056 -0.139537 0.009494 12.845295 111.0
105 9785.0 0.064279 0.481772 0.0 0.011607 1.690269 -17.367056 -0.139537 0.009494 12.845295 111.0
106 9785.0 0.064779 0.497338 0.0 0.006744 1.690269 -17.367056 -0.139537 0.009494 12.845295 111.0
107 9785.0 0.063718 0.473475 0.0 0.015357 1.690269 -17.367056 -0.139537 0.009494 12.845295 111.0
108 9785.0 0.064548 0.491978 0.0 0.008396 1.690269 -17.367056 -0.139537 0.009494 12.845295 111.0
109 9785.0 0.052547 0.505297 0.0 0.004551 1.690269 -17.367056 -0.139537 0.009494 12.845295 111.0
110 9785.0 0.080946 0.501437 0.0 0.005149 1.690269 -17.367056 -0.139537 0.009494 12.845295 111.0
111 9785.0 0.084896 0.497262 0.0 0.006351 1.690269 -17.367056 -0.139537 0.009494 12.845295 111.0
112 9785.0 0.107922 0.493048 0.0 0.007169 1.690269 -17.367056 -0.139537 0.009494 12.845295 111.0
113 9785.0 0.088577 0.519985 0.0 -0.00071 1.690269 -17.367056 -0.139537 0.009494 12.845295 111.0
114 9785.0 0.107847 0.555347 0.0 0.001895 1.690269 -17.367056 -0.139537 0.009494 12.845295 111.0
115 9785.0 0.080731 0.54654 0.0 -0.002717 1.690269 -17.367056 -0.139537 0.009494 12.845295 111.0
116 9785.0 0.097773 0.534765 0.0 -0.000372 1.690269 -17.367056 -0.139537 0.009494 12.845295 111.0
117 9785.0 0.113596 0.536598 0.0 0.002214 1.690269 -17.367056 -0.139537 0.009494 12.845295 111.0
118 9785.0 0.115596 0.556388 0.0 0.003166 1.690269 -17.367056 -0.139537 0.009494 12.845295 111.0
119 9785.0 0.120407 0.543981 0.0 0.003538 1.690269 -17.367056 -0.139537 0.009494 12.845295 111.0
120 9785.0 0.125963 0.538528 0.0 0.00425 1.690269 -17.367056 -0.139537 0.009494 12.845295 111.0
121 9785.0 0.122443 0.524805 0.0 0.003249 1.690269 -17.367056 -0.139537 0.009494 12.845295 111.0
122 9785.0 0.103529 0.528023 0.0 0.000332 1.690269 -17.367056 -0.139537 0.009494 12.845295 111.0
123 9785.0 0.119379 0.50541 0.0 0.003132 1.690269 -17.367056 -0.139537 0.009494 12.845295 111.0
124 9785.0 0.101036 0.509508 0.0 0.002252 1.690269 -17.367056 -0.139537 0.009494 12.845295 111.0
125 9785.0 0.121535 0.52564 0.0 0.003131 1.690269 -17.367056 -0.139537 0.009494 12.845295 111.0
126 9785.0 0.112782 0.505113 0.0 0.00336 1.690269 -17.367056 -0.139537 0.009494 12.845295 111.0
127 9785.0 0.106009 0.532548 0.0 0.000872 1.690269 -17.367056 -0.139537 0.009494 12.845295 111.0
128 9785.0 0.103983 0.55491 0.0 0.001264 1.690269 -17.367056 -0.139537 0.009494 12.845295 111.0
129 9785.0 0.095205 0.525141 0.0 -0.00109 1.690269 -17.367056 -0.139537 0.009494 12.845295 111.0
130 9785.0 0.083089 0.557761 0.0 -0.001982 1.690269 -17.367056 -0.139537 0.009494 12.845295 111.0
131 9785.0 0.098087 0.551797 0.0 0.000223 1.690269 -17.367056 -0.139537 0.009494 12.845295 111.0
132 9785.0 0.102128 0.53674 0.0 0.000387 1.690269 -17.367056 -0.139537 0.009494 12.845295 111.0
133 9785.0 0.108539 0.523952 0.0 0.001001 1.690269 -17.367056 -0.139537 0.009494 12.845295 111.0
134 9785.0 0.105705 0.518011 0.0 0.000359 1.690269 -17.367056 -0.139537 0.009494 12.845295 111.0
135 9785.0 0.098644 0.514925 0.0 0.000637 1.690269 -17.367056 -0.139537 0.009494 12.845295 111.0
136 9785.0 0.085414 0.519986 0.0 -0.000645 1.690269 -17.367056 -0.139537 0.009494 12.845295 111.0
137 9785.0 0.097169 0.541901 0.0 -0.00024 1.690269 -17.367056 -0.139537 0.009494 12.845295 111.0
138 9785.0 0.09028 0.545502 0.0 -0.001225 1.690269 -17.367056 -0.139537 0.009494 12.845295 111.0
139 9785.0 0.113563 0.526549 0.0 0.001887 1.690269 -17.367056 -0.139537 0.009494 12.845295 111.0
140 9785.0 0.110772 0.508742 0.0 0.002286 1.690269 -17.367056 -0.139537 0.009494 12.845295 111.0
141 9785.0 0.138184 0.494792 0.0 0.006019 1.690269 -17.367056 -0.139537 0.009494 12.845295 111.0
142 9785.0 0.153878 0.494554 0.0 0.007714 1.690269 -17.367056 -0.139537 0.009494 12.845295 111.0
143 9785.0 0.147575 0.488995 0.0 0.008036 1.690269 -17.367056 -0.139537 0.009494 12.845295 111.0
144 9785.0 0.14882 0.527699 0.0 0.007555 1.690269 -17.367056 -0.139537 0.009494 12.845295 111.0
145 9785.0 0.14289 0.512628 0.0 0.006126 1.690269 -17.367056 -0.139537 0.009494 12.845295 111.0
146 9785.0 0.164949 0.497158 0.0 0.009457 1.690269 -17.367056 -0.139537 0.009494 12.845295 111.0
147 9785.0 0.202188 0.515184 0.0 0.015678 1.690269 -17.367056 -0.139537 0.009494 12.845295 111.0
148 9785.0 0.202861 0.512101 0.0 0.015687 1.690269 -17.367056 -0.139537 0.009494 12.845295 111.0
149 9785.0 0.196344 0.510689 0.0 0.014601 1.690269 -17.367056 -0.139537 0.009494 12.845295 111.0
150 9785.0 0.186227 0.517501 0.0 0.013203 1.690269 -17.367056 -0.139537 0.009494 12.845295 111.0
151 9785.0 0.175033 0.519992 0.0 0.011495 1.690269 -17.367056 -0.139537 0.009494 12.845295 111.0
152 9785.0 0.181066 0.513046 0.0 0.012236 1.690269 -17.367056 -0.139537 0.009494 12.845295 111.0
153 9785.0 0.181153 0.539096 0.0 0.013129 1.690269 -17.367056 -0.139537 0.009494 12.845295 111.0
154 9785.0 0.167033 0.529926 0.0 0.010535 1.690269 -17.367056 -0.139537 0.009494 12.845295 111.0
155 9785.0 0.172753 0.514695 0.0 0.010961 1.690269 -17.367056 -0.139537 0.009494 12.845295 111.0
156 9785.0 0.168831 0.503052 0.0 0.009962 1.690269 -17.367056 -0.139537 0.009494 12.845295 111.0
157 9785.0 0.179814 0.489366 0.0 0.012973 1.690269 -17.367056 -0.139537 0.009494 12.845295 111.0
158 9785.0 0.188131 0.4911 0.0 0.014306 1.690269 -17.367056 -0.139537 0.009494 12.845295 111.0
159 9785.0 0.19974 0.470158 0.0 0.018598 1.690269 -17.367056 -0.139537 0.009494 12.845295 111.0
160 9785.0 0.208424 0.477755 0.0 0.019387 1.690269 -17.367056 -0.139537 0.009494 12.845295 111.0
161 9785.0 0.193848 0.496768 0.0 0.014756 1.690269 -17.367056 -0.139537 0.009494 12.845295 111.0
162 9785.0 0.202576 0.50366 0.0 0.015627 1.690269 -17.367056 -0.139537 0.009494 12.845295 111.0
163 9785.0 0.214336 0.508908 0.0 0.020693 1.690269 -17.367056 -0.139537 0.009494 12.845295 111.0
164 9785.0 0.234414 0.512957 0.0 0.03735 1.690269 -17.367056 -0.139537 0.009494 12.845295 111.0
165 9785.0 0.226382 0.536064 0.0 0.044073 1.690269 -17.367056 -0.139537 0.009494 12.845295 111.0
166 9785.0 0.232673 0.537864 0.0 0.04958 1.690269 -17.367056 -0.139537 0.009494 12.845295 111.0
167 9785.0 0.21921 0.557556 0.0 0.050542 1.690269 -17.367056 -0.139537 0.009494 12.845295 111.0
168 9785.0 0.211701 0.512805 0.0 0.020905 1.690269 -17.367056 -0.139537 0.009494 12.845295 111.0
169 9785.0 0.223568 0.519702 0.0 0.033188 1.690269 -17.367056 -0.139537 0.009494 12.845295 111.0
170 9785.0 0.225185 0.513098 0.0 0.030777 1.690269 -17.367056 -0.139537 0.009494 12.845295 111.0
171 9785.0 0.235759 0.484197 0.0 0.026392 1.690269 -17.367056 -0.139537 0.009494 12.845295 111.0
172 9785.0 0.280637 0.471057 0.0 0.054397 1.690269 -17.367056 -0.139537 0.009494 12.845295 111.0
173 9785.0 0.28472 0.469577 0.0 0.05683 1.690269 -17.367056 -0.139537 0.009494 12.845295 111.0
174 9785.0 0.256496 0.502838 0.0 0.049349 1.690269 -17.367056 -0.139537 0.009494 12.845295 111.0
175 9785.0 0.268626 0.516767 0.0 0.064061 1.690269 -17.367056 -0.139537 0.009494 12.845295 111.0
176 9785.0 0.259969 0.526799 0.0 0.063255 1.690269 -17.367056 -0.139537 0.009494 12.845295 111.0
177 9785.0 0.267579 0.512426 0.0 0.061467 1.690269 -17.367056 -0.139537 0.009494 12.845295 111.0
178 9785.0 0.26906 0.519972 0.0 0.066108 1.690269 -17.367056 -0.139537 0.009494 12.845295 111.0
179 9785.0 0.266581 0.50068 0.0 0.055965 1.690269 -17.367056 -0.139537 0.009494 12.845295 111.0
180 9785.0 0.301824 0.505512 0.0 0.084098 1.690269 -17.367056 -0.139537 0.009494 12.845295 111.0
181 9785.0 0.323515 0.492381 0.0 0.094886 1.690269 -17.367056 -0.139537 0.009494 12.845295 111.0
182 9785.0 0.326549 0.499953 0.0 0.100208 1.690269 -17.367056 -0.139537 0.009494 12.845295 111.0
183 9785.0 0.312894 0.489291 0.0 0.085746 1.690269 -17.367056 -0.139537 0.009494 12.845295 111.0
184 9785.0 0.326473 0.525804 0.0 0.11063 1.690269 -17.367056 -0.139537 0.009494 12.845295 111.0
185 9785.0 0.322369 0.506894 0.0 0.099918 1.690269 -17.367056 -0.139537 0.009494 12.845295 111.0
186 9785.0 0.348713 0.511148 0.0 0.121207 1.690269 -17.367056 -0.139537 0.009494 12.845295 111.0
187 9785.0 0.35021 0.488518 0.0 0.113147 1.690269 -17.367056 -0.139537 0.009494 12.845295 111.0
188 9785.0 0.345702 0.4733 0.0 0.103631 1.690269 -17.367056 -0.139537 0.009494 12.845295 111.0
189 9785.0 0.360034 0.482767 0.0 0.118112 1.690269 -17.367056 -0.139537 0.009494 12.845295 111.0
190 9785.0 0.37836 0.47078 0.0 0.126864 1.690269 -17.367056 -0.139537 0.009494 12.845295 111.0
191 9785.0 0.380164 0.483443 0.0 0.133337 1.690269 -17.367056 -0.139537 0.009494 12.845295 111.0
192 9785.0 0.401981 0.503353 0.0 0.15761 1.690269 -17.367056 -0.139537 0.009494 12.845295 111.0
193 9785.0 0.409825 0.488387 0.0 0.15737 1.690269 -17.367056 -0.139537 0.009494 12.845295 111.0
194 9785.0 0.433803 0.506496 0.0 0.182518 1.690269 -17.367056 -0.139537 0.009494 12.845295 111.0
195 9785.0 0.464025 0.510828 0.0 0.207807 1.690269 -17.367056 -0.139537 0.009494 12.845295 111.0
196 9785.0 0.485536 0.495563 0.0 0.217995 1.690269 -17.367056 -0.139537 0.009494 12.845295 111.0
197 9785.0 0.488069 0.507796 0.0 0.227071 1.690269 -17.367056 -0.139537 0.009494 12.845295 111.0
198 9785.0 0.500951 0.532298 0.0 0.252214 1.690269 -17.367056 -0.139537 0.009494 12.845295 111.0
199 9785.0 0.481057 0.551083 0.0 0.245624 1.690269 -17.367056 -0.139537 0.009494 12.845295 111.0
200 9785.0 0.488801 0.545979 0.0 0.24946 1.690269 -17.367056 -0.139537 0.009494 12.845295 111.0
201 9785.0 0.502284 0.541195 0.0 0.2585 1.690269 -17.367056 -0.139537 0.009494 12.845295 111.0
202 9785.0 0.501859 0.548547 0.0 0.262358 1.690269 -17.367056 -0.139537 0.009494 12.845295 111.0
203 9785.0 0.519081 0.547007 0.0 0.276536 1.690269 -17.367056 -0.139537 0.009494 12.845295 111.0
204 9785.0 0.527703 0.538716 0.0 0.279306 1.690269 -17.367056 -0.139537 0.009494 12.845295 111.0
205 9785.0 0.51082 0.564333 0.0 0.28042 1.690269 -17.367056 -0.139537 0.009494 12.845295 111.0
206 9785.0 0.525532 0.569349 0.0 0.29653 1.690269 -17.367056 -0.139537 0.009494 12.845295 111.0
207 9785.0 0.556205 0.562033 0.0 0.317654 1.690269 -17.367056 -0.139537 0.009494 12.845295 111.0
208 9785.0 0.559736 0.570414 0.0 0.326443 1.690269 -17.367056 -0.139537 0.009494 12.845295 111.0
209 9785.0 0.558839 0.552548 0.0 0.314499 1.690269 -17.367056 -0.139537 0.009494 12.845295 111.0
210 9785.0 0.575465 0.551291 0.0 0.328318 1.690269 -17.367056 -0.139537 0.009494 12.845295 111.0
211 9785.0 0.555771 0.528548 0.0 0.298005 1.690269 -17.367056 -0.139537 0.009494 12.845295 111.0
212 9785.0 0.570694 0.536691 0.0 0.315744 1.690269 -17.367056 -0.139537 0.009494 12.845295 111.0
213 9785.0 0.561847 0.5376 0.0 0.308528 1.690269 -17.367056 -0.139537 0.009494 12.845295 111.0
214 9785.0 0.593589 0.536811 0.0 0.335838 1.690269 -17.367056 -0.139537 0.009494 12.845295 111.0
215 9785.0 0.58738 0.528094 0.0 0.325391 1.690269 -17.367056 -0.139537 0.009494 12.845295 111.0
216 9785.0 0.569217 0.537446 0.0 0.314886 1.690269 -17.367056 -0.139537 0.009494 12.845295 111.0
217 9785.0 0.584467 0.548121 0.0 0.334368 1.690269 -17.367056 -0.139537 0.009494 12.845295 111.0
218 9785.0 0.587082 0.528 0.0 0.325076 1.690269 -17.367056 -0.139537 0.009494 12.845295 111.0
219 9785.0 0.584143 0.547196 0.0 0.333552 1.690269 -17.367056 -0.139537 0.009494 12.845295 111.0
220 9785.0 0.599498 0.539096 0.0 0.342322 1.690269 -17.367056 -0.139537 0.009494 12.845295 111.0
221 9785.0 0.611678 0.544509 0.0 0.35609 1.690269 -17.367056 -0.139537 0.009494 12.845295 111.0
222 9785.0 0.641747 0.545931 0.0 0.383208 1.690269 -17.367056 -0.139537 0.009494 12.845295 111.0
223 9785.0 0.647527 0.538702 0.0 0.384103 1.690269 -17.367056 -0.139537 0.009494 12.845295 111.0
224 9785.0 0.641266 0.554891 0.0 0.387943 1.690269 -17.367056 -0.139537 0.009494 12.845295 111.0
225 9785.0 0.635498 0.543018 0.0 0.376066 1.690269 -17.367056 -0.139537 0.009494 12.845295 111.0
226 9785.0 0.640586 0.562226 0.0 0.39157 1.690269 -17.367056 -0.139537 0.009494 12.845295 111.0
227 9785.0 0.658262 0.550346 0.0 0.400193 1.690269 -17.367056 -0.139537 0.009494 12.845295 111.0
228 9785.0 0.648713 0.584856 0.0 0.412563 1.690269 -17.367056 -0.139537 0.009494 12.845295 111.0
229 9785.0 0.629353 0.565365 0.0 0.383551 1.690269 -17.367056 -0.139537 0.009494 12.845295 111.0
230 9785.0 0.636186 0.565445 0.0 0.389574 1.690269 -17.367056 -0.139537 0.009494 12.845295 111.0
231 9785.0 0.630164 0.566483 0.0 0.384904 1.690269 -17.367056 -0.139537 0.009494 12.845295 111.0
232 9785.0 0.631195 0.585149 0.0 0.397839 1.690269 -17.367056 -0.139537 0.009494 12.845295 111.0
233 9785.0 0.661692 0.564441 0.0 0.411305 1.690269 -17.367056 -0.139537 0.009494 12.845295 111.0
234 9785.0 0.665107 0.575377 0.0 0.420586 1.690269 -17.367056 -0.139537 0.009494 12.845295 111.0
235 9785.0 0.659748 0.562932 0.0 0.408736 1.690269 -17.367056 -0.139537 0.009494 12.845295 111.0
236 9785.0 0.654079 0.56551 0.0 0.405261 1.690269 -17.367056 -0.139537 0.009494 12.845295 111.0
237 9785.0 0.663874 0.571412 0.0 0.417225 1.690269 -17.367056 -0.139537 0.009494 12.845295 111.0
238 9785.0 0.668391 0.587334 0.0 0.4311 1.690269 -17.367056 -0.139537 0.009494 12.845295 111.0
239 9785.0 0.690206 0.584144 0.0 0.447583 1.690269 -17.367056 -0.139537 0.009494 12.845295 111.0
240 9785.0 0.683875 0.563339 0.0 0.430073 1.690269 -17.367056 -0.139537 0.009494 12.845295 111.0
241 9785.0 0.712245 0.56702 0.0 0.457006 1.690269 -17.367056 -0.139537 0.009494 12.845295 111.0
242 9785.0 0.693855 0.579667 0.0 0.448198 1.690269 -17.367056 -0.139537 0.009494 12.845295 111.0
243 9785.0 0.689725 0.591741 0.0 0.452421 1.690269 -17.367056 -0.139537 0.009494 12.845295 111.0
244 9785.0 0.718862 0.595435 0.0 0.479886 1.690269 -17.367056 -0.139537 0.009494 12.845295 111.0
245 9785.0 0.69532 0.587808 0.0 0.454392 1.690269 -17.367056 -0.139537 0.009494 12.845295 111.0
246 9785.0 0.676383 0.592739 0.0 0.441758 1.690269 -17.367056 -0.139537 0.009494 12.845295 111.0
247 9785.0 0.708621 0.603451 0.0 0.47686 1.690269 -17.367056 -0.139537 0.009494 12.845295 111.0
248 9785.0 0.698803 0.612048 0.0 0.474607 1.690269 -17.367056 -0.139537 0.009494 12.845295 111.0
249 9785.0 0.712306 0.627512 0.0 0.497121 1.690269 -17.367056 -0.139537 0.009494 12.845295 111.0
250 9785.0 0.725057 0.649103 0.0 0.523352 1.690269 -17.367056 -0.139537 0.009494 12.845295 111.0
251 9785.0 0.71681 0.641754 0.0 0.511094 1.690269 -17.367056 -0.139537 0.009494 12.845295 111.0
252 9785.0 0.725635 0.640948 0.0 0.518042 1.690269 -17.367056 -0.139537 0.009494 12.845295 111.0
253 9785.0 0.734619 0.648999 0.0 0.531428 1.690269 -17.367056 -0.139537 0.009494 12.845295 111.0
254 9785.0 0.751975 0.66044 0.0 0.554364 1.690269 -17.367056 -0.139537 0.009494 12.845295 111.0
255 9785.0 0.760719 0.651996 0.0 0.555809 1.690269 -17.367056 -0.139537 0.009494 12.845295 111.0
256 9785.0 0.778102 0.661086 0.0 0.577094 1.690269 -17.367056 -0.139537 0.009494 12.845295 111.0
257 9785.0 0.762522 0.664161 0.0 0.566002 1.690269 -17.367056 -0.139537 0.009494 12.845295 111.0
258 9785.0 0.753037 0.652566 0.0 0.549666 1.690269 -17.367056 -0.139537 0.009494 12.845295 111.0
259 9785.0 0.748253 0.657111 0.0 0.548823 1.690269 -17.367056 -0.139537 0.009494 12.845295 111.0
260 9785.0 0.757724 0.658468 0.0 0.557861 1.690269 -17.367056 -0.139537 0.009494 12.845295 111.0
261 9785.0 0.767465 0.678672 0.0 0.580539 1.690269 -17.367056 -0.139537 0.009494 12.845295 111.0
262 9785.0 0.767008 0.667415 0.0 0.57214 1.690269 -17.367056 -0.139537 0.009494 12.845295 111.0
263 9785.0 0.780121 0.656478 0.0 0.575536 1.690269 -17.367056 -0.139537 0.009494 12.845295 111.0
264 9785.0 0.786884 0.657602 0.0 0.5821 1.690269 -17.367056 -0.139537 0.009494 12.845295 111.0
265 9785.0 0.784389 0.687392 0.0 0.60117 1.690269 -17.367056 -0.139537 0.009494 12.845295 111.0
266 9785.0 0.784725 0.697384 0.0 0.608566 1.690269 -17.367056 -0.139537 0.009494 12.845295 111.0
267 9785.0 0.806656 0.694786 0.0 0.625411 1.690269 -17.367056 -0.139537 0.009494 12.845295 111.0
268 9785.0 0.811852 0.723498 0.0 0.650741 1.690269 -17.367056 -0.139537 0.009494 12.845295 111.0
269 9785.0 0.816667 0.745225 0.0 0.670872 1.690269 -17.367056 -0.139537 0.009494 12.845295 111.0
270 9785.0 0.82109 0.735863 0.0 0.667849 1.690269 -17.367056 -0.139537 0.009494 12.845295 111.0
271 9785.0 0.821179 0.760751 0.0 0.686187 1.690269 -17.367056 -0.139537 0.009494 12.845295 111.0
272 9785.0 0.833717 0.782806 0.0 0.713276 1.690269 -17.367056 -0.139537 0.009494 12.845295 111.0
273 9785.0 0.816817 0.789005 0.0 0.703124 1.690269 -17.367056 -0.139537 0.009494 12.845295 111.0
274 9785.0 0.798024 0.808572 0.0 0.701133 1.690269 -17.367056 -0.139537 0.009494 12.845295 111.0
275 9785.0 0.800074 0.797792 0.0 0.695007 1.690269 -17.367056 -0.139537 0.009494 12.845295 111.0
276 9785.0 0.812539 0.814752 0.0 0.718294 1.690269 -17.367056 -0.139537 0.009494 12.845295 111.0
277 9785.0 0.832447 0.816977 0.0 0.737244 1.690269 -17.367056 -0.139537 0.009494 12.845295 111.0
278 9785.0 0.832197 0.84068 0.0 0.754417 1.690269 -17.367056 -0.139537 0.009494 12.845295 111.0
279 9785.0 0.817907 0.845962 0.0 0.745863 1.690269 -17.367056 -0.139537 0.009494 12.845295 111.0
280 9785.0 0.800182 0.838487 0.0 0.72496 1.690269 -17.367056 -0.139537 0.009494 12.845295 111.0
281 9785.0 0.822036 0.838106 0.0 0.74369 1.690269 -17.367056 -0.139537 0.009494 12.845295 111.0
282 9785.0 0.812402 0.851906 0.0 0.745435 1.690269 -17.367056 -0.139537 0.009494 12.845295 111.0
283 9785.0 0.828644 0.879524 0.0 0.779827 1.690269 -17.367056 -0.139537 0.009494 12.845295 111.0
284 9785.0 0.826568 0.917657 0.0 0.806 1.690269 -17.367056 -0.139537 0.009494 12.845295 111.0
285 9785.0 0.829725 0.939893 0.0 0.825062 1.690269 -17.367056 -0.139537 0.009494 12.845295 111.0
286 9785.0 0.86515 0.956202 0.0 0.867545 1.690269 -17.367056 -0.139537 0.009494 12.845295 111.0
287 9785.0 0.8726 0.97822 0.0 0.889665 1.690269 -17.367056 -0.139537 0.009494 12.845295 111.0
