 time p.x p.y p.z deep.node-0 CV opes.bias opes.rct opes.zed opes.neff opes.nker
0 1800.0 0.755428 0.67514 0.0 0.567767 -0.558348 -2.457005 -0.081277 0.01192 8.642242 53.0
1 1800.0 0.774816 0.658061 0.0 0.572141 -0.558348 -2.457005 -0.081277 0.01192 8.642242 53.0
2 1800.0 0.773609 0.673084 0.0 0.581801 -0.558348 -2.457005 -0.081277 0.01192 8.642242 53.0
3 1800.0 0.760585 0.6607 0.0 0.561888 -0.558348 -2.457005 -0.081277 0.01192 8.642242 53.0
4 1800.0 0.753107 0.67714 0.0 0.567211 -0.558348 -2.457005 -0.081277 0.01192 8.642242 53.0
5 1800.0 0.754373 0.690955 0.0 0.57812 -0.558348 -2.457005 -0.081277 0.01192 8.642242 53.0
6 1800.0 0.752056 0.689663 0.0 0.575225 -0.558348 -2.457005 -0.081277 0.01192 8.642242 53.0
7 1800.0 0.732484 0.671703 0.0 0.545763 -0.558348 -2.457005 -0.081277 0.01192 8.642242 53.0
8 1800.0 0.73969 0.657966 0.0 0.542131 -0.558348 -2.457005 -0.081277 0.01192 8.642242 53.0
9 1800.0 0.732342 0.659742 0.0 0.537132 -0.558348 -2.457005 -0.081277 0.01192 8.642242 53.0
10 1800.0 0.740305 0.63937 0.0 0.529424 -0.558348 -2.457005 -0.081277 0.01192 8.642242 53.0
11 1800.0 0.730164 0.631717 0.0 0.515335 -0.558348 -2.457005 -0.081277 0.01192 8.642242 53.0
12 1800.0 0.759797 0.643888 0.0 0.549254 -0.558348 -2.457005 -0.081277 0.01192 8.642242 53.0
13 1800.0 0.765883 0.630386 0.0 0.544835 -0.558348 -2.457005 -0.081277 0.01192 8.642242 53.0
14 1800.0 0.734299 0.644677 0.0 0.528081 -0.558348 -2.457005 -0.081277 0.01192 8.642242 53.0
15 1800.0 0.710729 0.662455 0.0 0.520639 -0.558348 -2.457005 -0.081277 0.01192 8.642242 53.0
16 1800.0 0.714585 0.645503 0.0 0.511864 -0.558348 -2.457005 -0.081277 0.01192 8.642242 53.0
17 1800.0 0.713499 0.620115 0.0 0.492875 -0.558348 -2.457005 -0.081277 0.01192 8.642242 53.0
18 1800.0 0.713728 0.615893 0.0 0.490066 -0.558348 -2.457005 -0.081277 0.01192 8.642242 53.0
19 1800.0 0.704645 0.611543 0.0 0.479228 -0.558348 -2.457005 -0.081277 0.01192 8.642242 53.0
20 1800.0 0.695777 0.613753 0.0 0.473241 -0.558348 -2.457005 -0.081277 0.01192 8.642242 53.0
21 1800.0 0.681842 0.620454 0.0 0.466131 -0.558348 -2.457005 -0.081277 0.01192 8.642242 53.0
22 1800.0 0.690758 0.630848 0.0 0.481126 -0.558348 -2.457005 -0.081277 0.01192 8.642242 53.0
23 1800.0 0.692851 0.615255 0.0 0.471816 -0.558348 -2.457005 -0.081277 0.01192 8.642242 53.0
24 1800.0 0.699383 0.632486 0.0 0.489644 -0.558348 -2.457005 -0.081277 0.01192 8.642242 53.0
25 1800.0 0.688841 0.631087 0.0 0.479663 -0.558348 -2.457005 -0.081277 0.01192 8.642242 53.0
26 1800.0 0.678653 0.612076 0.0 0.457452 -0.558348 -2.457005 -0.081277 0.01192 8.642242 53.0
27 1800.0 0.668781 0.602907 0.0 0.442513 -0.558348 -2.457005 -0.081277 0.01192 8.642242 53.0
28 1800.0 0.640414 0.605568 0.0 0.420226 -0.558348 -2.457005 -0.081277 0.01192 8.642242 53.0
29 1800.0 0.647461 0.634485 0.0 0.446808 -0.558348 -2.457005 -0.081277 0.01192 8.642242 53.0
30 1800.0 0.632526 0.622275 0.0 0.425389 -0.558348 -2.457005 -0.081277 0.01192 8.642242 53.0
31 1800.0 0.631075 0.632502 0.0 0.431429 -0.558348 -2.457005 -0.081277 0.01192 8.642242 53.0
32 1800.0 0.627142 0.61006 0.0 0.412109 -0.558348 -2.457005 -0.081277 0.01192 8.642242 53.0
33 1800.0 0.6134 0.606908 0.0 0.398152 -0.558348 -2.457005 -0.081277 0.01192 8.642242 53.0
34 1800.0 0.582556 0.601483 0.0 0.368001 -0.558348 -2.457005 -0.081277 0.01192 8.642242 53.0
35 1800.0 0.588386 0.594419 0.0 0.367945 -0.558348 -2.457005 -0.081277 0.01192 8.642242 53.0
36 1800.0 0.578581 0.570172 0.0 0.342335 -0.558348 -2.457005 -0.081277 0.01192 8.642242 53.0
37 1800.0 0.597329 0.561123 0.0 0.3531 -0.558348 -2.457005 -0.081277 0.01192 8.642242 53.0
38 1800.0 0.606495 0.557394 0.0 0.358971 -0.558348 -2.457005 -0.081277 0.01192 8.642242 53.0
39 1800.0 0.629031 0.510335 0.0 0.351601 -0.558348 -2.457005 -0.081277 0.01192 8.642242 53.0
40 1800.0 0.63298 0.519946 0.0 0.360587 -0.558348 -2.457005 -0.081277 0.01192 8.642242 53.0
41 1800.0 0.644632 0.523397 0.0 0.372764 -0.558348 -2.457005 -0.081277 0.01192 8.642242 53.0
42 1800.0 0.65925 0.55876 0.0 0.4059 -0.558348 -2.457005 -0.081277 0.01192 8.642242 53.0
43 1800.0 0.67013 0.567363 0.0 0.420366 -0.558348 -2.457005 -0.081277 0.01192 8.642242 53.0
44 1800.0 0.637081 0.581765 0.0 0.400449 -0.558348 -2.457005 -0.081277 0.01192 8.642242 53.0
45 1800.0 0.632755 0.589548 0.0 0.402299 -0.558348 -2.457005 -0.081277 0.01192 8.642242 53.0
46 1800.0 0.617085 0.600523 0.0 0.396751 -0.558348 -2.457005 -0.081277 0.01192 8.642242 53.0
47 1800.0 0.615695 0.58513 0.0 0.384613 -0.558348 -2.457005 -0.081277 0.01192 8.642242 53.0
48 1800.0 0.632061 0.580876 0.0 0.395537 -0.558348 -2.457005 -0.081277 0.01192 8.642242 53.0
49 1800.0 0.632197 0.591144 0.0 0.402959 -0.558348 -2.457005 -0.081277 0.01192 8.642242 53.0
50 1800.0 0.651269 0.578403 0.0 0.410223 -0.558348 -2.457005 -0.081277 0.01192 8.642242 53.0
51 1800.0 0.623164 0.570565 0.0 0.38113 -0.558348 -2.457005 -0.081277 0.01192 8.642242 53.0
52 1800.0 0.628723 0.553569 0.0 0.376212 -0.558348 -2.457005 -0.081277 0.01192 8.642242 53.0
53 1800.0 0.637984 0.590122 0.0 0.407164 -0.558348 -2.457005 -0.081277 0.01192 8.642242 53.0
54 1800.0 0.618858 0.608308 0.0 0.403801 -0.558348 -2.457005 -0.081277 0.01192 8.642242 53.0
55 1800.0 0.612185 0.571535 0.0 0.372085 -0.558348 -2.457005 -0.081277 0.01192 8.642242 53.0
56 1800.0 0.59343 0.585968 0.0 0.366231 -0.558348 -2.457005 -0.081277 0.01192 8.642242 53.0
57 1800.0 0.584427 0.596886 0.0 0.366325 -0.558348 -2.457005 -0.081277 0.01192 8.642242 53.0
58 1800.0 0.58205 0.590615 0.0 0.359837 -0.558348 -2.457005 -0.081277 0.01192 8.642242 53.0
59 1800.0 0.546737 0.602627 0.0 0.338282 -0.558348 -2.457005 -0.081277 0.01192 8.642242 53.0
60 1800.0 0.558543 0.588844 0.0 0.338539 -0.558348 -2.457005 -0.081277 0.01192 8.642242 53.0
61 1800.0 0.54997 0.598624 0.0 0.33819 -0.558348 -2.457005 -0.081277 0.01192 8.642242 53.0
62 1800.0 0.573551 0.635119 0.0 0.384257 -0.558348 -2.457005 -0.081277 0.01192 8.642242 53.0
63 1800.0 0.578199 0.600662 0.0 0.363703 -0.558348 -2.457005 -0.081277 0.01192 8.642242 53.0
64 1800.0 0.579308 0.576925 0.0 0.347759 -0.558348 -2.457005 -0.081277 0.01192 8.642242 53.0
65 1800.0 0.572925 0.568388 0.0 0.336243 -0.558348 -2.457005 -0.081277 0.01192 8.642242 53.0
66 1800.0 0.601377 0.559386 0.0 0.355641 -0.558348 -2.457005 -0.081277 0.01192 8.642242 53.0
67 1800.0 0.593381 0.552326 0.0 0.344584 -0.558348 -2.457005 -0.081277 0.01192 8.642242 53.0
68 1800.0 0.598153 0.550228 0.0 0.347551 -0.558348 -2.457005 -0.081277 0.01192 8.642242 53.0
69 1800.0 0.588598 0.538523 0.0 0.332458 -0.558348 -2.457005 -0.081277 0.01192 8.642242 53.0
70 1800.0 0.589859 0.52093 0.0 0.323436 -0.558348 -2.457005 -0.081277 0.01192 8.642242 53.0
71 1800.0 0.584276 0.536884 0.0 0.327734 -0.558348 -2.457005 -0.081277 0.01192 8.642242 53.0
72 1800.0 0.546256 0.536263 0.0 0.294122 -0.558348 -2.457005 -0.081277 0.01192 8.642242 53.0
73 1800.0 0.557148 0.539975 0.0 0.305786 -0.558348 -2.457005 -0.081277 0.01192 8.642242 53.0
74 1800.0 0.53262 0.57031 0.0 0.303255 -0.558348 -2.457005 -0.081277 0.01192 8.642242 53.0
75 1800.0 0.529637 0.55554 0.0 0.290679 -0.558348 -2.457005 -0.081277 0.01192 8.642242 53.0
76 1800.0 0.514625 0.558921 0.0 0.279812 -0.558348 -2.457005 -0.081277 0.01192 8.642242 53.0
77 1800.0 0.52251 0.574625 0.0 0.297708 -0.558348 -2.457005 -0.081277 0.01192 8.642242 53.0
78 1800.0 0.51309 0.533326 0.0 0.263424 -0.558348 -2.457005 -0.081277 0.01192 8.642242 53.0
79 1800.0 0.509639 0.542606 0.0 0.265745 -0.558348 -2.457005 -0.081277 0.01192 8.642242 53.0
80 1800.0 0.512445 0.542982 0.0 0.268416 -0.558348 -2.457005 -0.081277 0.01192 8.642242 53.0
81 1800.0 0.516361 0.558691 0.0 0.281129 -0.558348 -2.457005 -0.081277 0.01192 8.642242 53.0
82 1800.0 0.545589 0.539377 0.0 0.295331 -0.558348 -2.457005 -0.081277 0.01192 8.642242 53.0
83 1800.0 0.548158 0.527297 0.0 0.290626 -0.558348 -2.457005 -0.081277 0.01192 8.642242 53.0
84 1800.0 0.536609 0.523014 0.0 0.27806 -0.558348 -2.457005 -0.081277 0.01192 8.642242 53.0
85 1800.0 0.51521 0.517011 0.0 0.255914 -0.558348 -2.457005 -0.081277 0.01192 8.642242 53.0
86 1800.0 0.537301 0.516345 0.0 0.274828 -0.558348 -2.457005 -0.081277 0.01192 8.642242 53.0
87 1800.0 0.528491 0.54338 0.0 0.282679 -0.558348 -2.457005 -0.081277 0.01192 8.642242 53.0
88 1800.0 0.540725 0.544451 0.0 0.293996 -0.558348 -2.457005 -0.081277 0.01192 8.642242 53.0
89 1800.0 0.538811 0.568026 0.0 0.306907 -0.558348 -2.457005 -0.081277 0.01192 8.642242 53.0
90 1800.0 0.512392 0.552914 0.0 0.274084 -0.558348 -2.457005 -0.081277 0.01192 8.642242 53.0
91 1800.0 0.498555 0.53351 0.0 0.250816 -0.558348 -2.457005 -0.081277 0.01192 8.642242 53.0
92 1800.0 0.488654 0.536554 0.0 0.243908 -0.558348 -2.457005 -0.081277 0.01192 8.642242 53.0
93 1800.0 0.482309 0.540969 0.0 0.240898 -0.558348 -2.457005 -0.081277 0.01192 8.642242 53.0
94 1800.0 0.443431 0.541881 0.0 0.207418 -0.558348 -2.457005 -0.081277 0.01192 8.642242 53.0
95 1800.0 0.423074 0.539905 0.0 0.188475 -0.558348 -2.457005 -0.081277 0.01192 8.642242 53.0
96 1800.0 0.405745 0.516611 0.0 0.165779 -0.558348 -2.457005 -0.081277 0.01192 8.642242 53.0
97 1800.0 0.404217 0.536503 0.0 0.172707 -0.558348 -2.457005 -0.081277 0.01192 8.642242 53.0
98 1800.0 0.37949 0.536484 0.0 0.154607 -0.558348 -2.457005 -0.081277 0.01192 8.642242 53.0
99 1800.0 0.366838 0.523951 0.0 0.139858 -0.558348 -2.457005 -0.081277 0.01192 8.642242 53.0
100 1800.0 0.341314 0.516349 0.0 0.11782 -0.558348 -2.457005 -0.081277 0.01192 8.642242 53.0
101 1800.0 0.345744 0.5295 0.0 0.126514 -0.558348 -2.457005 -0.081277 0.01192 8.642242 53.0
102 1800.0 0.353113 0.509033 0.0 0.123618 -0.558348 -2.457005 -0.081277 0.01192 8.642242 53.0
103 1800.0 0.372352 0.508366 0.0 0.137636 -0.558348 -2.457005 -0.081277 0.01192 8.642242 53.0
104 1800.0 0.395903 0.514753 0.0 0.157716 -0.558348 -2.457005 -0.081277 0.01192 8.642242 53.0
105 1800.0 0.368265 0.498866 0.0 0.13075 -0.558348 -2.457005 -0.081277 0.01192 8.642242 53.0
106 1800.0 0.383913 0.488438 0.0 0.138145 -0.558348 -2.457005 -0.081277 0.01192 8.642242 53.0
107 1800.0 0.366915 0.521855 0.0 0.139065 -0.558348 -2.457005 -0.081277 0.01192 8.642242 53.0
108 1800.0 0.372786 0.512139 0.0 0.139488 -0.558348 -2.457005 -0.081277 0.01192 8.642242 53.0
109 1800.0 0.358468 0.523129 0.0 0.133308 -0.558348 -2.457005 -0.081277 0.01192 8.642242 53.0
110 1800.0 0.379417 0.524706 0.0 0.149507 -0.558348 -2.457005 -0.081277 0.01192 8.642242 53.0
111 1800.0 0.363589 0.526044 0.0 0.138293 -0.558348 -2.457005 -0.081277 0.01192 8.642242 53.0
112 1800.0 0.362434 0.528533 0.0 0.138444 -0.558348 -2.457005 -0.081277 0.01192 8.642242 53.0
113 1800.0 0.355578 0.526517 0.0 0.132535 -0.558348 -2.457005 -0.081277 0.01192 8.642242 53.0
114 1800.0 0.366952 0.554967 0.0 0.1557 -0.558348 -2.457005 -0.081277 0.01192 8.642242 53.0
115 1800.0 0.362817 0.556862 0.0 0.153763 -0.558348 -2.457005 -0.081277 0.01192 8.642242 53.0
116 1800.0 0.360043 0.53452 0.0 0.139533 -0.558348 -2.457005 -0.081277 0.01192 8.642242 53.0
117 1800.0 0.348614 0.561644 0.0 0.146149 -0.558348 -2.457005 -0.081277 0.01192 8.642242 53.0
118 1800.0 0.350411 0.552713 0.0 0.142488 -0.558348 -2.457005 -0.081277 0.01192 8.642242 53.0
119 1800.0 0.339625 0.568052 0.0 0.143209 -0.558348 -2.457005 -0.081277 0.01192 8.642242 53.0
120 1800.0 0.31915 0.547668 0.0 0.11719 -0.558348 -2.457005 -0.081277 0.01192 8.642242 53.0
121 1800.0 0.340509 0.555298 0.0 0.136764 -0.558348 -2.457005 -0.081277 0.01192 8.642242 53.0
122 1800.0 0.331877 0.567703 0.0 0.137412 -0.558348 -2.457005 -0.081277 0.01192 8.642242 53.0
123 1800.0 0.341922 0.558786 0.0 0.139723 -0.558348 -2.457005 -0.081277 0.01192 8.642242 53.0
124 1800.0 0.342238 0.523933 0.0 0.12158 -0.558348 -2.457005 -0.081277 0.01192 8.642242 53.0
125 1800.0 0.351263 0.500949 0.0 0.118968 -0.558348 -2.457005 -0.081277 0.01192 8.642242 53.0
126 1800.0 0.320188 0.506358 0.0 0.09808 -0.558348 -2.457005 -0.081277 0.01192 8.642242 53.0
127 1800.0 0.293164 0.505357 0.0 0.077604 -0.558348 -2.457005 -0.081277 0.01192 8.642242 53.0
128 1800.0 0.282055 0.516359 0.0 0.073812 -0.558348 -2.457005 -0.081277 0.01192 8.642242 53.0
129 1800.0 0.281902 0.526902 0.0 0.079113 -0.558348 -2.457005 -0.081277 0.01192 8.642242 53.0
130 1800.0 0.284558 0.530581 0.0 0.083018 -0.558348 -2.457005 -0.081277 0.01192 8.642242 53.0
131 1800.0 0.300175 0.515145 0.0 0.086778 -0.558348 -2.457005 -0.081277 0.01192 8.642242 53.0
132 1800.0 0.305059 0.502939 0.0 0.085458 -0.558348 -2.457005 -0.081277 0.01192 8.642242 53.0
133 1800.0 0.269293 0.496523 0.0 0.056294 -0.558348 -2.457005 -0.081277 0.01192 8.642242 53.0
134 1800.0 0.279783 0.512095 0.0 0.070397 -0.558348 -2.457005 -0.081277 0.01192 8.642242 53.0
135 1800.0 0.282676 0.494859 0.0 0.065559 -0.558348 -2.457005 -0.081277 0.01192 8.642242 53.0
136 1800.0 0.262043 0.497717 0.0 0.051394 -0.558348 -2.457005 -0.081277 0.01192 8.642242 53.0
137 1800.0 0.262073 0.487784 0.0 0.04739 -0.558348 -2.457005 -0.081277 0.01192 8.642242 53.0
138 1800.0 0.271465 0.477248 0.0 0.050095 -0.558348 -2.457005 -0.081277 0.01192 8.642242 53.0
139 1800.0 0.272615 0.469323 0.0 0.047737 -0.558348 -2.457005 -0.081277 0.01192 8.642242 53.0
140 1800.0 0.274565 0.482483 0.0 0.05452 -0.558348 -2.457005 -0.081277 0.01192 8.642242 53.0
141 1800.0 0.265941 0.475053 0.0 0.045103 -0.558348 -2.457005 -0.081277 0.01192 8.642242 53.0
142 1800.0 0.243389 0.501142 0.0 0.038928 -0.558348 -2.457005 -0.081277 0.01192 8.642242 53.0
143 1800.0 0.231566 0.511577 0.0 0.034551 -0.558348 -2.457005 -0.081277 0.01192 8.642242 53.0
144 1800.0 0.255033 0.497393 0.0 0.046056 -0.558348 -2.457005 -0.081277 0.01192 8.642242 53.0
145 1800.0 0.251569 0.513782 0.0 0.050157 -0.558348 -2.457005 -0.081277 0.01192 8.642242 53.0
146 1800.0 0.238736 0.538937 0.0 0.054529 -0.558348 -2.457005 -0.081277 0.01192 8.642242 53.0
147 1800.0 0.258553 0.525709 0.0 0.061645 -0.558348 -2.457005 -0.081277 0.01192 8.642242 53.0
148 1800.0 0.26273 0.50681 0.0 0.055589 -0.558348 -2.457005 -0.081277 0.01192 8.642242 53.0
149 1800.0 0.273114 0.493018 0.0 0.057711 -0.558348 -2.457005 -0.081277 0.01192 8.642242 53.0
150 1800.0 0.266 0.493233 0.0 0.052515 -0.558348 -2.457005 -0.081277 0.01192 8.642242 53.0
151 1800.0 0.27057 0.511213 0.0 0.063197 -0.558348 -2.457005 -0.081277 0.01192 8.642242 53.0
152 1800.0 0.271985 0.509256 0.0 0.063454 -0.558348 -2.457005 -0.081277 0.01192 8.642242 53.0
153 1800.0 0.288023 0.515057 0.0 0.077717 -0.558348 -2.457005 -0.081277 0.01192 8.642242 53.0
154 1800.0 0.279843 0.516524 0.0 0.072237 -0.558348 -2.457005 -0.081277 0.01192 8.642242 53.0
155 1800.0 0.260169 0.525801 0.0 0.062859 -0.558348 -2.457005 -0.081277 0.01192 8.642242 53.0
156 1800.0 0.247138 0.526209 0.0 0.053691 -0.558348 -2.457005 -0.081277 0.01192 8.642242 53.0
157 1800.0 0.277244 0.529372 0.0 0.077094 -0.558348 -2.457005 -0.081277 0.01192 8.642242 53.0
158 1800.0 0.258307 0.542831 0.0 0.070736 -0.558348 -2.457005 -0.081277 0.01192 8.642242 53.0
159 1800.0 0.27586 0.537977 0.0 0.080755 -0.558348 -2.457005 -0.081277 0.01192 8.642242 53.0
160 1800.0 0.277545 0.557291 0.0 0.092426 -0.558348 -2.457005 -0.081277 0.01192 8.642242 53.0
161 1800.0 0.266244 0.535435 0.0 0.072451 -0.558348 -2.457005 -0.081277 0.01192 8.642242 53.0
162 1800.0 0.261042 0.545904 0.0 0.074371 -0.558348 -2.457005 -0.081277 0.01192 8.642242 53.0
163 1800.0 0.258612 0.55098 0.0 0.075368 -0.558348 -2.457005 -0.081277 0.01192 8.642242 53.0
164 1800.0 0.248203 0.534248 0.0 0.058811 -0.558348 -2.457005 -0.081277 0.01192 8.642242 53.0
165 1800.0 0.265922 0.536517 0.0 0.072805 -0.558348 -2.457005 -0.081277 0.01192 8.642242 53.0
166 1800.0 0.279476 0.536088 0.0 0.082337 -0.558348 -2.457005 -0.081277 0.01192 8.642242 53.0
167 1800.0 0.26506 0.531026 0.0 0.069211 -0.558348 -2.457005 -0.081277 0.01192 8.642242 53.0
168 1800.0 0.239705 0.505521 0.0 0.037966 -0.558348 -2.457005 -0.081277 0.01192 8.642242 53.0
169 1800.0 0.229433 0.523143 0.0 0.039276 -0.558348 -2.457005 -0.081277 0.01192 8.642242 53.0
170 1800.0 0.219286 0.518488 0.0 0.029446 -0.558348 -2.457005 -0.081277 0.01192 8.642242 53.0
171 1800.0 0.176127 0.501856 0.0 0.011089 -0.558348 -2.457005 -0.081277 0.01192 8.642242 53.0
172 1800.0 0.172064 0.497527 0.0 0.010714 -0.558348 -2.457005 -0.081277 0.01192 8.642242 53.0
173 1800.0 0.181504 0.498867 0.0 0.012292 -0.558348 -2.457005 -0.081277 0.01192 8.642242 53.0
174 1800.0 0.179639 0.515208 0.0 0.012077 -0.558348 -2.457005 -0.081277 0.01192 8.642242 53.0
175 1800.0 0.16277 0.5031 0.0 0.008996 -0.558348 -2.457005 -0.081277 0.01192 8.642242 53.0
176 1800.0 0.196577 0.50127 0.0 0.014785 -0.558348 -2.457005 -0.081277 0.01192 8.642242 53.0
177 1800.0 0.163972 0.507338 0.0 0.009323 -0.558348 -2.457005 -0.081277 0.01192 8.642242 53.0
178 1800.0 0.182809 0.533863 0.0 0.01318 -0.558348 -2.457005 -0.081277 0.01192 8.642242 53.0
179 1800.0 0.161162 0.548568 0.0 0.010193 -0.558348 -2.457005 -0.081277 0.01192 8.642242 53.0
180 1800.0 0.156347 0.535969 0.0 0.009021 -0.558348 -2.457005 -0.081277 0.01192 8.642242 53.0
181 1800.0 0.160912 0.544198 0.0 0.010014 -0.558348 -2.457005 -0.081277 0.01192 8.642242 53.0
182 1800.0 0.16851 0.534794 0.0 0.010926 -0.558348 -2.457005 -0.081277 0.01192 8.642242 53.0
183 1800.0 0.152418 0.545547 0.0 0.0087 -0.558348 -2.457005 -0.081277 0.01192 8.642242 53.0
184 1800.0 0.173738 0.525727 0.0 0.011471 -0.558348 -2.457005 -0.081277 0.01192 8.642242 53.0
185 1800.0 0.176438 0.53294 0.0 0.012133 -0.558348 -2.457005 -0.081277 0.01192 8.642242 53.0
186 1800.0 0.175887 0.545794 0.0 0.012962 -0.558348 -2.457005 -0.081277 0.01192 8.642242 53.0
187 1800.0 0.165735 0.543282 0.0 0.010755 -0.558348 -2.457005 -0.081277 0.01192 8.642242 53.0
188 1800.0 0.145834 0.528505 0.0 0.007103 -0.558348 -2.457005 -0.081277 0.01192 8.642242 53.0
189 1800.0 0.172543 0.533923 0.0 0.011543 -0.558348 -2.457005 -0.081277 0.01192 8.642242 53.0
190 1800.0 0.17444 0.520331 0.0 0.011411 -0.558348 -2.457005 -0.081277 0.01192 8.642242 53.0
191 1800.0 0.168037 0.517074 0.0 0.010284 -0.558348 -2.457005 -0.081277 0.01192 8.642242 53.0
192 1800.0 0.132965 0.551095 0.0 0.005771 -0.558348 -2.457005 -0.081277 0.01192 8.642242 53.0
193 1800.0 0.1207 0.545745 0.0 0.003641 -0.558348 -2.457005 -0.081277 0.01192 8.642242 53.0
194 1800.0 0.115766 0.542567 0.0 0.002751 -0.558348 -2.457005 -0.081277 0.01192 8.642242 53.0
195 1800.0 0.12457 0.526271 0.0 0.003636 -0.558348 -2.457005 -0.081277 0.01192 8.642242 53.0
196 1800.0 0.127642 0.537252 0.0 0.004478 -0.558348 -2.457005 -0.081277 0.01192 8.642242 53.0
197 1800.0 0.133923 0.525785 0.0 0.005114 -0.558348 -2.457005 -0.081277 0.01192 8.642242 53.0
198 1800.0 0.151231 0.530594 0.0 0.008032 -0.558348 -2.457005 -0.081277 0.01192 8.642242 53.0
199 1800.0 0.170447 0.527421 0.0 0.011 -0.558348 -2.457005 -0.081277 0.01192 8.642242 53.0
200 1800.0 0.150699 0.523978 0.0 0.007736 -0.558348 -2.457005 -0.081277 0.01192 8.642242 53.0
201 1800.0 0.139391 0.505748 0.0 0.005347 -0.558348 -2.457005 -0.081277 0.01192 8.642242 53.0
202 1800.0 0.159494 0.492794 0.0 0.008919 -0.558348 -2.457005 -0.081277 0.01192 8.642242 53.0
203 1800.0 0.149599 0.501096 0.0 0.006828 -0.558348 -2.457005 -0.081277 0.01192 8.642242 53.0
204 1800.0 0.129608 0.510329 0.0 0.003931 -0.558348 -2.457005 -0.081277 0.01192 8.642242 53.0
205 1800.0 0.127449 0.510535 0.0 0.003592 -0.558348 -2.457005 -0.081277 0.01192 8.642242 53.0
206 1800.0 0.100536 0.506728 0.0 0.003117 -0.558348 -2.457005 -0.081277 0.01192 8.642242 53.0
207 1800.0 0.109933 0.520834 0.0 0.001124 -0.558348 -2.457005 -0.081277 0.01192 8.642242 53.0
208 1800.0 0.108077 0.537563 0.0 0.001363 -0.558348 -2.457005 -0.081277 0.01192 8.642242 53.0
209 1800.0 0.105748 0.528215 0.0 0.000692 -0.558348 -2.457005 -0.081277 0.01192 8.642242 53.0
210 1800.0 0.097892 0.527055 0.0 -0.0006 -0.558348 -2.457005 -0.081277 0.01192 8.642242 53.0
211 1800.0 0.059667 0.507836 0.0 0.003623 -0.558348 -2.457005 -0.081277 0.01192 8.642242 53.0
212 1800.0 0.056981 0.52066 0.0 -0.000263 -0.558348 -2.457005 -0.081277 0.01192 8.642242 53.0
213 1800.0 0.076015 0.508618 0.0 0.003044 -0.558348 -2.457005 -0.081277 0.01192 8.642242 53.0
214 1800.0 0.066641 0.503965 0.0 0.004668 -0.558348 -2.457005 -0.081277 0.01192 8.642242 53.0
215 1800.0 0.061018 0.484428 0.0 0.01079 -0.558348 -2.457005 -0.081277 0.01192 8.642242 53.0
216 1800.0 0.069267 0.488259 0.0 0.009442 -0.558348 -2.457005 -0.081277 0.01192 8.642242 53.0
217 1800.0 0.047759 0.50044 0.0 0.006143 -0.558348 -2.457005 -0.081277 0.01192 8.642242 53.0
218 1800.0 0.034203 0.508061 0.0 0.004081 -0.558348 -2.457005 -0.081277 0.01192 8.642242 53.0
219 1800.0 0.028614 0.522312 0.0 -0.000183 -0.558348 -2.457005 -0.081277 0.01192 8.642242 53.0
220 1800.0 0.023385 0.499065 0.0 0.007317 -0.558348 -2.457005 -0.081277 0.01192 8.642242 53.0
221 1800.0 0.043026 0.499853 0.0 0.006422 -0.558348 -2.457005 -0.081277 0.01192 8.642242 53.0
222 1800.0 0.028659 0.487376 0.0 0.011549 -0.558348 -2.457005 -0.081277 0.01192 8.642242 53.0
223 1800.0 0.03836 0.490609 0.0 0.009691 -0.558348 -2.457005 -0.081277 0.01192 8.642242 53.0
224 1800.0 0.038868 0.503682 0.0 0.005331 -0.558348 -2.457005 -0.081277 0.01192 8.642242 53.0
225 1800.0 0.048276 0.4982 0.0 0.006821 -0.558348 -2.457005 -0.081277 0.01192 8.642242 53.0
226 1800.0 0.037178 0.501259 0.0 0.006111 -0.558348 -2.457005 -0.081277 0.01192 8.642242 53.0
227 1800.0 0.057416 0.492733 0.0 0.008312 -0.558348 -2.457005 -0.081277 0.01192 8.642242 53.0
228 1800.0 0.067389 0.49261 0.0 0.008143 -0.558348 -2.457005 -0.081277 0.01192 8.642242 53.0
229 1800.0 0.067268 0.504935 0.0 0.004357 -0.558348 -2.457005 -0.081277 0.01192 8.642242 53.0
230 1800.0 0.077379 0.514039 0.0 0.00135 -0.558348 -2.457005 -0.081277 0.01192 8.642242 53.0
231 1800.0 0.090009 0.512385 0.0 0.001597 -0.558348 -2.457005 -0.081277 0.01192 8.642242 53.0
232 1800.0 0.07984 0.513776 0.0 0.001379 -0.558348 -2.457005 -0.081277 0.01192 8.642242 53.0
233 1800.0 0.063831 0.519502 0.0 -4.9e-05 -0.558348 -2.457005 -0.081277 0.01192 8.642242 53.0
234 1800.0 0.06625 0.510555 0.0 0.002651 -0.558348 -2.457005 -0.081277 0.01192 8.642242 53.0
235 1800.0 0.03868 0.481182 0.0 0.013347 -0.558348 -2.457005 -0.081277 0.01192 8.642242 53.0
236 1800.0 0.018322 0.487813 0.0 0.012016 -0.558348 -2.457005 -0.081277 0.01192 8.642242 53.0
237 1800.0 0.012894 0.479427 0.0 0.015619 -0.558348 -2.457005 -0.081277 0.01192 8.642242 53.0
238 1800.0 0.019657 0.476596 0.0 0.016307 -0.558348 -2.457005 -0.081277 0.01192 8.642242 53.0
239 1800.0 0.009749 0.491903 0.0 0.010949 -0.558348 -2.457005 -0.081277 0.01192 8.642242 53.0
240 1800.0 0.008731 0.517918 0.0 0.001579 -0.558348 -2.457005 -0.081277 0.01192 8.642242 53.0
241 1800.0 0.019794 0.520361 0.0 0.000599 -0.558348 -2.457005 -0.081277 0.01192 8.642242 53.0
242 1800.0 0.028818 0.512802 0.0 0.002736 -0.558348 -2.457005 -0.081277 0.01192 8.642242 53.0
243 1800.0 0.022494 0.525984 0.0 -0.001185 -0.558348 -2.457005 -0.081277 0.01192 8.642242 53.0
244 1800.0 0.040527 0.526441 0.0 -0.001699 -0.558348 -2.457005 -0.081277 0.01192 8.642242 53.0
245 1800.0 0.048024 0.541341 0.0 -0.006434 -0.558348 -2.457005 -0.081277 0.01192 8.642242 53.0
246 1800.0 0.056818 0.543082 0.0 -0.006647 -0.558348 -2.457005 -0.081277 0.01192 8.642242 53.0
247 1800.0 0.0513 0.534106 0.0 -0.004278 -0.558348 -2.457005 -0.081277 0.01192 8.642242 53.0
248 1800.0 0.04626 0.50732 0.0 0.004059 -0.558348 -2.457005 -0.081277 0.01192 8.642242 53.0
249 1800.0 0.049893 0.506487 0.0 0.00424 -0.558348 -2.457005 -0.081277 0.01192 8.642242 53.0
250 1800.0 0.014763 0.49689 0.0 0.008696 -0.558348 -2.457005 -0.081277 0.01192 8.642242 53.0
251 1800.0 0.02379 0.510163 0.0 0.003651 -0.558348 -2.457005 -0.081277 0.01192 8.642242 53.0
252 1800.0 0.044803 0.507569 0.0 0.004013 -0.558348 -2.457005 -0.081277 0.01192 8.642242 53.0
253 1800.0 0.041809 0.488384 0.0 0.010346 -0.558348 -2.457005 -0.081277 0.01192 8.642242 53.0
254 1800.0 0.051295 0.482521 0.0 0.012048 -0.558348 -2.457005 -0.081277 0.01192 8.642242 53.0
255 1800.0 0.041654 0.486534 0.0 0.011077 -0.558348 -2.457005 -0.081277 0.01192 8.642242 53.0
256 1800.0 0.038091 0.488522 0.0 0.010521 -0.558348 -2.457005 -0.081277 0.01192 8.642242 53.0
257 1800.0 0.035267 0.50875 0.0 0.003848 -0.558348 -2.457005 -0.081277 0.01192 8.642242 53.0
258 1800.0 0.034408 0.517254 0.0 0.001251 -0.558348 -2.457005 -0.081277 0.01192 8.642242 53.0
259 1800.0 0.025886 0.502928 0.0 0.005831 -0.558348 -2.457005 -0.081277 0.01192 8.642242 53.0
260 1800.0 0.010515 0.4974 0.0 0.008759 -0.558348 -2.457005 -0.081277 0.01192 8.642242 53.0
261 1800.0 -0.002011 0.500783 0.0 0.008211 -0.558348 -2.457005 -0.081277 0.01192 8.642242 53.0
262 1800.0 -0.012141 0.489338 0.0 0.013298 -0.558348 -2.457005 -0.081277 0.01192 8.642242 53.0
263 1800.0 -0.017871 0.496208 0.0 0.010972 -0.558348 -2.457005 -0.081277 0.01192 8.642242 53.0
264 1800.0 -0.038237 0.518146 0.0 0.003673 -0.558348 -2.457005 -0.081277 0.01192 8.642242 53.0
265 1800.0 -0.027145 0.524261 0.0 0.000606 -0.558348 -2.457005 -0.081277 0.01192 8.642242 53.0
266 1800.0 -0.000822 0.538356 0.0 -0.004505 -0.558348 -2.457005 -0.081277 0.01192 8.642242 53.0
267 1800.0 0.001161 0.533328 0.0 -0.003001 -0.558348 -2.457005 -0.081277 0.01192 8.642242 53.0
268 1800.0 0.04097 0.535882 0.0 -0.00461 -0.558348 -2.457005 -0.081277 0.01192 8.642242 53.0
269 1800.0 0.032322 0.521581 0.0 -3.5e-05 -0.558348 -2.457005 -0.081277 0.01192 8.642242 53.0
270 1800.0 0.026502 0.525194 0.0 -0.001025 -0.558348 -2.457005 -0.081277 0.01192 8.642242 53.0
271 1800.0 0.020486 0.537732 0.0 -0.004755 -0.558348 -2.457005 -0.081277 0.01192 8.642242 53.0
272 1800.0 0.041285 0.498855 0.0 0.006764 -0.558348 -2.457005 -0.081277 0.01192 8.642242 53.0
273 1800.0 0.026119 0.470301 0.0 0.018736 -0.558348 -2.457005 -0.081277 0.01192 8.642242 53.0
274 1800.0 0.051696 0.482405 0.0 0.012068 -0.558348 -2.457005 -0.081277 0.01192 8.642242 53.0
275 1800.0 0.022728 0.510631 0.0 0.003529 -0.558348 -2.457005 -0.081277 0.01192 8.642242 53.0
276 1800.0 0.033637 0.488024 0.0 0.01099 -0.558348 -2.457005 -0.081277 0.01192 8.642242 53.0
277 1800.0 0.035568 0.47127 0.0 0.01781 -0.558348 -2.457005 -0.081277 0.01192 8.642242 53.0
278 1800.0 0.040093 0.472562 0.0 0.016996 -0.558348 -2.457005 -0.081277 0.01192 8.642242 53.0
279 1800.0 0.030492 0.462688 0.0 0.021922 -0.558348 -2.457005 -0.081277 0.01192 8.642242 53.0
280 1800.0 0.011292 0.475054 0.0 0.017423 -0.558348 -2.457005 -0.081277 0.01192 8.642242 53.0
281 1800.0 0.014755 0.486634 0.0 0.012695 -0.558348 -2.457005 -0.081277 0.01192 8.642242 53.0
282 1800.0 0.016589 0.481109 0.0 0.014736 -0.558348 -2.457005 -0.081277 0.01192 8.642242 53.0
283 1800.0 0.035642 0.484772 0.0 0.012134 -0.558348 -2.457005 -0.081277 0.01192 8.642242 53.0
284 1800.0 0.025035 0.475971 0.0 0.01625 -0.558348 -2.457005 -0.081277 0.01192 8.642242 53.0
285 1800.0 0.002007 0.489878 0.0 0.012216 -0.558348 -2.457005 -0.081277 0.01192 8.642242 53.0
286 1800.0 -0.009729 0.490246 0.0 0.012795 -0.558348 -2.457005 -0.081277 0.01192 8.642242 53.0
287 1800.0 0.007665 0.496157 0.0 0.009419 -0.558348 -2.457005 -0.081277 0.01192 8.642242 53.0
