 time p.x p.y p.z deep.node-0 CV opes.bias opes.rct opes.zed opes.neff opes.nker
0 16035.0 -0.720842 1.249337 0.0 -0.912632 1.563549 -14.075796 -0.189089 0.008045 12.845295 131.0
1 16035.0 -0.749488 1.252945 0.0 -0.922301 1.563549 -14.075796 -0.189089 0.008045 12.845295 131.0
2 16035.0 -0.759621 1.248654 0.0 -0.922521 1.563549 -14.075796 -0.189089 0.008045 12.845295 131.0
3 16035.0 -0.775784 1.250718 0.0 -0.927993 1.563549 -14.075796 -0.189089 0.008045 12.845295 131.0
4 16035.0 -0.766487 1.216949 0.0 -0.906117 1.563549 -14.075796 -0.189089 0.008045 12.845295 131.0
5 16035.0 -0.787266 1.190122 0.0 -0.896055 1.563549 -14.075796 -0.189089 0.008045 12.845295 131.0
6 16035.0 -0.786015 1.177063 0.0 -0.888033 1.563549 -14.075796 -0.189089 0.008045 12.845295 131.0
7 16035.0 -0.783177 1.193989 0.0 -0.897225 1.563549 -14.075796 -0.189089 0.008045 12.845295 131.0
8 16035.0 -0.786255 1.19438 0.0 -0.898288 1.563549 -14.075796 -0.189089 0.008045 12.845295 131.0
9 16035.0 -0.800503 1.183959 0.0 -0.896004 1.563549 -14.075796 -0.189089 0.008045 12.845295 131.0
10 16035.0 -0.837631 1.171153 0.0 -0.898499 1.563549 -14.075796 -0.189089 0.008045 12.845295 131.0
11 16035.0 -0.845345 1.183003 0.0 -0.907511 1.563549 -14.075796 -0.189089 0.008045 12.845295 131.0
12 16035.0 -0.840267 1.161224 0.0 -0.893368 1.563549 -14.075796 -0.189089 0.008045 12.845295 131.0
13 16035.0 -0.830601 1.164812 0.0 -0.892868 1.563549 -14.075796 -0.189089 0.008045 12.845295 131.0
14 16035.0 -0.827497 1.167148 0.0 -0.893404 1.563549 -14.075796 -0.189089 0.008045 12.845295 131.0
15 16035.0 -0.822667 1.136383 0.0 -0.873997 1.563549 -14.075796 -0.189089 0.008045 12.845295 131.0
16 16035.0 -0.828545 1.130084 0.0 -0.871878 1.563549 -14.075796 -0.189089 0.008045 12.845295 131.0
17 16035.0 -0.83394 1.122033 0.0 -0.868598 1.563549 -14.075796 -0.189089 0.008045 12.845295 131.0
18 16035.0 -0.853382 1.115801 0.0 -0.870183 1.563549 -14.075796 -0.189089 0.008045 12.845295 131.0
19 16035.0 -0.877328 1.101331 0.0 -0.868137 1.563549 -14.075796 -0.189089 0.008045 12.845295 131.0
20 16035.0 -0.860959 1.087671 0.0 -0.855677 1.563549 -14.075796 -0.189089 0.008045 12.845295 131.0
21 16035.0 -0.873882 1.069883 0.0 -0.848702 1.563549 -14.075796 -0.189089 0.008045 12.845295 131.0
22 16035.0 -0.911578 1.043904 0.0 -0.843598 1.563549 -14.075796 -0.189089 0.008045 12.845295 131.0
23 16035.0 -0.944888 1.030827 0.0 -0.844927 1.563549 -14.075796 -0.189089 0.008045 12.845295 131.0
24 16035.0 -0.956774 1.003199 0.0 -0.831985 1.563549 -14.075796 -0.189089 0.008045 12.845295 131.0
25 16035.0 -0.943541 0.980991 0.0 -0.815414 1.563549 -14.075796 -0.189089 0.008045 12.845295 131.0
26 16035.0 -0.920694 0.946949 0.0 -0.788526 1.563549 -14.075796 -0.189089 0.008045 12.845295 131.0
27 16035.0 -0.917694 0.921542 0.0 -0.766049 1.563549 -14.075796 -0.189089 0.008045 12.845295 131.0
28 16035.0 -0.896129 0.907607 0.0 -0.747269 1.563549 -14.075796 -0.189089 0.008045 12.845295 131.0
29 16035.0 -0.887919 0.916692 0.0 -0.752423 1.563549 -14.075796 -0.189089 0.008045 12.845295 131.0
30 16035.0 -0.891647 0.912819 0.0 -0.750303 1.563549 -14.075796 -0.189089 0.008045 12.845295 131.0
31 16035.0 -0.887425 0.876909 0.0 -0.717563 1.563549 -14.075796 -0.189089 0.008045 12.845295 131.0
32 16035.0 -0.879874 0.859054 0.0 -0.699446 1.563549 -14.075796 -0.189089 0.008045 12.845295 131.0
33 16035.0 -0.887069 0.855194 0.0 -0.698506 1.563549 -14.075796 -0.189089 0.008045 12.845295 131.0
34 16035.0 -0.897597 0.836279 0.0 -0.68556 1.563549 -14.075796 -0.189089 0.008045 12.845295 131.0
35 16035.0 -0.900089 0.838456 0.0 -0.688299 1.563549 -14.075796 -0.189089 0.008045 12.845295 131.0
36 16035.0 -0.879572 0.820136 0.0 -0.665404 1.563549 -14.075796 -0.189089 0.008045 12.845295 131.0
37 16035.0 -0.877463 0.800884 0.0 -0.647904 1.563549 -14.075796 -0.189089 0.008045 12.845295 131.0
38 16035.0 -0.868485 0.802089 0.0 -0.645927 1.563549 -14.075796 -0.189089 0.008045 12.845295 131.0
39 16035.0 -0.860713 0.793287 0.0 -0.635631 1.563549 -14.075796 -0.189089 0.008045 12.845295 131.0
40 16035.0 -0.857385 0.787775 0.0 -0.629702 1.563549 -14.075796 -0.189089 0.008045 12.845295 131.0
41 16035.0 -0.864845 0.784478 0.0 -0.629342 1.563549 -14.075796 -0.189089 0.008045 12.845295 131.0
42 16035.0 -0.867056 0.763327 0.0 -0.61168 1.563549 -14.075796 -0.189089 0.008045 12.845295 131.0
43 16035.0 -0.87282 0.76172 0.0 -0.612229 1.563549 -14.075796 -0.189089 0.008045 12.845295 131.0
44 16035.0 -0.880188 0.739967 0.0 -0.595811 1.563549 -14.075796 -0.189089 0.008045 12.845295 131.0
45 16035.0 -0.864985 0.734836 0.0 -0.586216 1.563549 -14.075796 -0.189089 0.008045 12.845295 131.0
46 16035.0 -0.905007 0.735313 0.0 -0.600148 1.563549 -14.075796 -0.189089 0.008045 12.845295 131.0
47 16035.0 -0.888464 0.718347 0.0 -0.579815 1.563549 -14.075796 -0.189089 0.008045 12.845295 131.0
48 16035.0 -0.885362 0.695754 0.0 -0.554968 1.563549 -14.075796 -0.189089 0.008045 12.845295 131.0
49 16035.0 -0.889676 0.681987 0.0 -0.541497 1.563549 -14.075796 -0.189089 0.008045 12.845295 131.0
50 16035.0 -0.855297 0.680051 0.0 -0.526228 1.563549 -14.075796 -0.189089 0.008045 12.845295 131.0
51 16035.0 -0.836858 0.671698 0.0 -0.510006 1.563549 -14.075796 -0.189089 0.008045 12.845295 131.0
52 16035.0 -0.813036 0.669992 0.0 -0.498549 1.563549 -14.075796 -0.189089 0.008045 12.845295 131.0
53 16035.0 -0.819395 0.649813 0.0 -0.478617 1.563549 -14.075796 -0.189089 0.008045 12.845295 131.0
54 16035.0 -0.800343 0.665993 0.0 -0.488826 1.563549 -14.075796 -0.189089 0.008045 12.845295 131.0
55 16035.0 -0.80972 0.669862 0.0 -0.497032 1.563549 -14.075796 -0.189089 0.008045 12.845295 131.0
56 16035.0 -0.79398 0.689569 0.0 -0.512554 1.563549 -14.075796 -0.189089 0.008045 12.845295 131.0
57 16035.0 -0.776489 0.681487 0.0 -0.49628 1.563549 -14.075796 -0.189089 0.008045 12.845295 131.0
58 16035.0 -0.792202 0.671114 0.0 -0.491183 1.563549 -14.075796 -0.189089 0.008045 12.845295 131.0
59 16035.0 -0.783342 0.674131 0.0 -0.490891 1.563549 -14.075796 -0.189089 0.008045 12.845295 131.0
60 16035.0 -0.776158 0.67433 0.0 -0.48814 1.563549 -14.075796 -0.189089 0.008045 12.845295 131.0
61 16035.0 -0.79379 0.66278 0.0 -0.482522 1.563549 -14.075796 -0.189089 0.008045 12.845295 131.0
62 16035.0 -0.773971 0.655917 0.0 -0.466647 1.563549 -14.075796 -0.189089 0.008045 12.845295 131.0
63 16035.0 -0.78091 0.648116 0.0 -0.460795 1.563549 -14.075796 -0.189089 0.008045 12.845295 131.0
64 16035.0 -0.781889 0.627828 0.0 -0.438516 1.563549 -14.075796 -0.189089 0.008045 12.845295 131.0
65 16035.0 -0.795967 0.606796 0.0 -0.424079 1.563549 -14.075796 -0.189089 0.008045 12.845295 131.0
66 16035.0 -0.78716 0.634857 0.0 -0.448557 1.563549 -14.075796 -0.189089 0.008045 12.845295 131.0
67 16035.0 -0.787452 0.633044 0.0 -0.446651 1.563549 -14.075796 -0.189089 0.008045 12.845295 131.0
68 16035.0 -0.767874 0.617062 0.0 -0.420679 1.563549 -14.075796 -0.189089 0.008045 12.845295 131.0
69 16035.0 -0.784629 0.586433 0.0 -0.398905 1.563549 -14.075796 -0.189089 0.008045 12.845295 131.0
70 16035.0 -0.746466 0.6012 0.0 -0.394934 1.563549 -14.075796 -0.189089 0.008045 12.845295 131.0
71 16035.0 -0.759121 0.587158 0.0 -0.387386 1.563549 -14.075796 -0.189089 0.008045 12.845295 131.0
72 16035.0 -0.766524 0.580533 0.0 -0.38451 1.563549 -14.075796 -0.189089 0.008045 12.845295 131.0
73 16035.0 -0.775712 0.568992 0.0 -0.377725 1.563549 -14.075796 -0.189089 0.008045 12.845295 131.0
74 16035.0 -0.784534 0.576058 0.0 -0.388802 1.563549 -14.075796 -0.189089 0.008045 12.845295 131.0
75 16035.0 -0.759982 0.568356 0.0 -0.369572 1.563549 -14.075796 -0.189089 0.008045 12.845295 131.0
76 16035.0 -0.74691 0.560554 0.0 -0.355743 1.563549 -14.075796 -0.189089 0.008045 12.845295 131.0
77 16035.0 -0.729753 0.542145 0.0 -0.329676 1.563549 -14.075796 -0.189089 0.008045 12.845295 131.0
78 16035.0 -0.700203 0.537018 0.0 -0.308675 1.563549 -14.075796 -0.189089 0.008045 12.845295 131.0
79 16035.0 -0.682112 0.577914 0.0 -0.341523 1.563549 -14.075796 -0.189089 0.008045 12.845295 131.0
80 16035.0 -0.68904 0.580653 0.0 -0.347499 1.563549 -14.075796 -0.189089 0.008045 12.845295 131.0
81 16035.0 -0.710267 0.543229 0.0 -0.32139 1.563549 -14.075796 -0.189089 0.008045 12.845295 131.0
82 16035.0 -0.688019 0.543686 0.0 -0.309362 1.563549 -14.075796 -0.189089 0.008045 12.845295 131.0
83 16035.0 -0.686314 0.541885 0.0 -0.30614 1.563549 -14.075796 -0.189089 0.008045 12.845295 131.0
84 16035.0 -0.664262 0.526605 0.0 -0.274189 1.563549 -14.075796 -0.189089 0.008045 12.845295 131.0
85 16035.0 -0.628892 0.53723 0.0 -0.265583 1.563549 -14.075796 -0.189089 0.008045 12.845295 131.0
86 16035.0 -0.608624 0.548412 0.0 -0.2668 1.563549 -14.075796 -0.189089 0.008045 12.845295 131.0
87 16035.0 -0.591945 0.541511 0.0 -0.241362 1.563549 -14.075796 -0.189089 0.008045 12.845295 131.0
88 16035.0 -0.599904 0.534422 0.0 -0.236875 1.563549 -14.075796 -0.189089 0.008045 12.845295 131.0
89 16035.0 -0.592744 0.543202 0.0 -0.245109 1.563549 -14.075796 -0.189089 0.008045 12.845295 131.0
90 16035.0 -0.578375 0.53801 0.0 -0.222293 1.563549 -14.075796 -0.189089 0.008045 12.845295 131.0
91 16035.0 -0.577805 0.5378 0.0 -0.22138 1.563549 -14.075796 -0.189089 0.008045 12.845295 131.0
92 16035.0 -0.561613 0.543565 0.0 -0.216188 1.563549 -14.075796 -0.189089 0.008045 12.845295 131.0
93 16035.0 -0.5729 0.553521 0.0 -0.244497 1.563549 -14.075796 -0.189089 0.008045 12.845295 131.0
94 16035.0 -0.568645 0.52255 0.0 -0.187132 1.563549 -14.075796 -0.189089 0.008045 12.845295 131.0
95 16035.0 -0.539864 0.50805 0.0 -0.147791 1.563549 -14.075796 -0.189089 0.008045 12.845295 131.0
96 16035.0 -0.519031 0.495736 0.0 -0.117285 1.563549 -14.075796 -0.189089 0.008045 12.845295 131.0
97 16035.0 -0.464307 0.51467 0.0 -0.11378 1.563549 -14.075796 -0.189089 0.008045 12.845295 131.0
98 16035.0 -0.446247 0.524974 0.0 -0.116595 1.563549 -14.075796 -0.189089 0.008045 12.845295 131.0
99 16035.0 -0.446976 0.513694 0.0 -0.106126 1.563549 -14.075796 -0.189089 0.008045 12.845295 131.0
100 16035.0 -0.452451 0.510575 0.0 -0.105278 1.563549 -14.075796 -0.189089 0.008045 12.845295 131.0
101 16035.0 -0.424744 0.524876 0.0 -0.108159 1.563549 -14.075796 -0.189089 0.008045 12.845295 131.0
102 16035.0 -0.415607 0.513614 0.0 -0.09388 1.563549 -14.075796 -0.189089 0.008045 12.845295 131.0
103 16035.0 -0.418908 0.51766 0.0 -0.099018 1.563549 -14.075796 -0.189089 0.008045 12.845295 131.0
104 16035.0 -0.391927 0.531479 0.0 -0.101722 1.563549 -14.075796 -0.189089 0.008045 12.845295 131.0
105 16035.0 -0.375432 0.528457 0.0 -0.092443 1.563549 -14.075796 -0.189089 0.008045 12.845295 131.0
106 16035.0 -0.365355 0.541085 0.0 -0.10057 1.563549 -14.075796 -0.189089 0.008045 12.845295 131.0
107 16035.0 -0.3689 0.564925 0.0 -0.124667 1.563549 -14.075796 -0.189089 0.008045 12.845295 131.0
108 16035.0 -0.395454 0.567784 0.0 -0.137693 1.563549 -14.075796 -0.189089 0.008045 12.845295 131.0
109 16035.0 -0.383461 0.553609 0.0 -0.119531 1.563549 -14.075796 -0.189089 0.008045 12.845295 131.0
110 16035.0 -0.356554 0.525513 0.0 -0.082312 1.563549 -14.075796 -0.189089 0.008045 12.845295 131.0
111 16035.0 -0.357337 0.542374 0.0 -0.098688 1.563549 -14.075796 -0.189089 0.008045 12.845295 131.0
112 16035.0 -0.340924 0.512514 0.0 -0.06386 1.563549 -14.075796 -0.189089 0.008045 12.845295 131.0
113 16035.0 -0.319224 0.534248 0.0 -0.076157 1.563549 -14.075796 -0.189089 0.008045 12.845295 131.0
114 16035.0 -0.325661 0.543768 0.0 -0.087727 1.563549 -14.075796 -0.189089 0.008045 12.845295 131.0
115 16035.0 -0.296276 0.560696 0.0 -0.092462 1.563549 -14.075796 -0.189089 0.008045 12.845295 131.0
116 16035.0 -0.309508 0.568284 0.0 -0.104828 1.563549 -14.075796 -0.189089 0.008045 12.845295 131.0
117 16035.0 -0.292921 0.58462 0.0 -0.113963 1.563549 -14.075796 -0.189089 0.008045 12.845295 131.0
118 16035.0 -0.285913 0.566101 0.0 -0.093594 1.563549 -14.075796 -0.189089 0.008045 12.845295 131.0
119 16035.0 -0.289307 0.553347 0.0 -0.082755 1.563549 -14.075796 -0.189089 0.008045 12.845295 131.0
120 16035.0 -0.261499 0.550199 0.0 -0.068966 1.563549 -14.075796 -0.189089 0.008045 12.845295 131.0
121 16035.0 -0.238359 0.558365 0.0 -0.067772 1.563549 -14.075796 -0.189089 0.008045 12.845295 131.0
122 16035.0 -0.233665 0.55318 0.0 -0.061009 1.563549 -14.075796 -0.189089 0.008045 12.845295 131.0
123 16035.0 -0.241811 0.537115 0.0 -0.048858 1.563549 -14.075796 -0.189089 0.008045 12.845295 131.0
124 16035.0 -0.222186 0.541713 0.0 -0.045969 1.563549 -14.075796 -0.189089 0.008045 12.845295 131.0
125 16035.0 -0.218192 0.509909 0.0 -0.019134 1.563549 -14.075796 -0.189089 0.008045 12.845295 131.0
126 16035.0 -0.245584 0.519044 0.0 -0.034956 1.563549 -14.075796 -0.189089 0.008045 12.845295 131.0
127 16035.0 -0.257011 0.538958 0.0 -0.05651 1.563549 -14.075796 -0.189089 0.008045 12.845295 131.0
128 16035.0 -0.229627 0.533932 0.0 -0.042006 1.563549 -14.075796 -0.189089 0.008045 12.845295 131.0
129 16035.0 -0.215502 0.531995 0.0 -0.03608 1.563549 -14.075796 -0.189089 0.008045 12.845295 131.0
130 16035.0 -0.220363 0.510371 0.0 -0.020177 1.563549 -14.075796 -0.189089 0.008045 12.845295 131.0
131 16035.0 -0.223052 0.514805 0.0 -0.024578 1.563549 -14.075796 -0.189089 0.008045 12.845295 131.0
132 16035.0 -0.190629 0.507014 0.0 -0.008282 1.563549 -14.075796 -0.189089 0.008045 12.845295 131.0
133 16035.0 -0.195303 0.500438 0.0 -0.004434 1.563549 -14.075796 -0.189089 0.008045 12.845295 131.0
134 16035.0 -0.175154 0.478287 0.0 0.018955 1.563549 -14.075796 -0.189089 0.008045 12.845295 131.0
135 16035.0 -0.13375 0.495114 0.0 0.015724 1.563549 -14.075796 -0.189089 0.008045 12.845295 131.0
136 16035.0 -0.117595 0.478924 0.0 0.023854 1.563549 -14.075796 -0.189089 0.008045 12.845295 131.0
137 16035.0 -0.114431 0.487583 0.0 0.020283 1.563549 -14.075796 -0.189089 0.008045 12.845295 131.0
138 16035.0 -0.102695 0.513872 0.0 0.008738 1.563549 -14.075796 -0.189089 0.008045 12.845295 131.0
139 16035.0 -0.103362 0.527084 0.0 4.8e-05 1.563549 -14.075796 -0.189089 0.008045 12.845295 131.0
140 16035.0 -0.090016 0.510255 0.0 0.009939 1.563549 -14.075796 -0.189089 0.008045 12.845295 131.0
141 16035.0 -0.070691 0.516146 0.0 0.006452 1.563549 -14.075796 -0.189089 0.008045 12.845295 131.0
142 16035.0 -0.045379 0.494934 0.0 0.013163 1.563549 -14.075796 -0.189089 0.008045 12.845295 131.0
143 16035.0 -0.044492 0.496738 0.0 0.012405 1.563549 -14.075796 -0.189089 0.008045 12.845295 131.0
144 16035.0 -0.043 0.492015 0.0 0.014155 1.563549 -14.075796 -0.189089 0.008045 12.845295 131.0
145 16035.0 -0.010436 0.492939 0.0 0.011788 1.563549 -14.075796 -0.189089 0.008045 12.845295 131.0
146 16035.0 -0.006324 0.497524 0.0 0.009748 1.563549 -14.075796 -0.189089 0.008045 12.845295 131.0
147 16035.0 -0.001057 0.486918 0.0 0.013558 1.563549 -14.075796 -0.189089 0.008045 12.845295 131.0
148 16035.0 -0.001737 0.515944 0.0 0.002402 1.563549 -14.075796 -0.189089 0.008045 12.845295 131.0
149 16035.0 5.4e-05 0.525942 0.0 -0.000707 1.563549 -14.075796 -0.189089 0.008045 12.845295 131.0
150 16035.0 0.012763 0.521763 0.0 0.000314 1.563549 -14.075796 -0.189089 0.008045 12.845295 131.0
151 16035.0 0.01517 0.519283 0.0 0.001026 1.563549 -14.075796 -0.189089 0.008045 12.845295 131.0
152 16035.0 0.019059 0.520694 0.0 0.000512 1.563549 -14.075796 -0.189089 0.008045 12.845295 131.0
153 16035.0 0.038205 0.52894 0.0 -0.002419 1.563549 -14.075796 -0.189089 0.008045 12.845295 131.0
154 16035.0 0.028122 0.518204 0.0 0.001089 1.563549 -14.075796 -0.189089 0.008045 12.845295 131.0
155 16035.0 0.034121 0.553264 0.0 -0.009811 1.563549 -14.075796 -0.189089 0.008045 12.845295 131.0
156 16035.0 0.007059 0.54336 0.0 -0.006206 1.563549 -14.075796 -0.189089 0.008045 12.845295 131.0
157 16035.0 -0.016267 0.549728 0.0 -0.007681 1.563549 -14.075796 -0.189089 0.008045 12.845295 131.0
158 16035.0 -0.00753 0.549023 0.0 -0.007645 1.563549 -14.075796 -0.189089 0.008045 12.845295 131.0
159 16035.0 -0.01996 0.538791 0.0 -0.004243 1.563549 -14.075796 -0.189089 0.008045 12.845295 131.0
160 16035.0 -0.004157 0.538108 0.0 -0.00436 1.563549 -14.075796 -0.189089 0.008045 12.845295 131.0
161 16035.0 0.001932 0.540691 0.0 -0.00528 1.563549 -14.075796 -0.189089 0.008045 12.845295 131.0
162 16035.0 0.024305 0.542669 0.0 -0.006351 1.563549 -14.075796 -0.189089 0.008045 12.845295 131.0
163 16035.0 0.04499 0.534998 0.0 -0.004422 1.563549 -14.075796 -0.189089 0.008045 12.845295 131.0
164 16035.0 0.057076 0.537436 0.0 -0.005422 1.563549 -14.075796 -0.189089 0.008045 12.845295 131.0
165 16035.0 0.052746 0.523237 0.0 -0.000968 1.563549 -14.075796 -0.189089 0.008045 12.845295 131.0
166 16035.0 0.021445 0.535633 0.0 -0.004129 1.563549 -14.075796 -0.189089 0.008045 12.845295 131.0
167 16035.0 0.026747 0.543548 0.0 -0.006672 1.563549 -14.075796 -0.189089 0.008045 12.845295 131.0
168 16035.0 0.017018 0.538059 0.0 -0.004783 1.563549 -14.075796 -0.189089 0.008045 12.845295 131.0
169 16035.0 0.038348 0.52386 0.0 -0.000861 1.563549 -14.075796 -0.189089 0.008045 12.845295 131.0
170 16035.0 0.069753 0.506478 0.0 0.003832 1.563549 -14.075796 -0.189089 0.008045 12.845295 131.0
171 16035.0 0.072368 0.517345 0.0 0.000437 1.563549 -14.075796 -0.189089 0.008045 12.845295 131.0
172 16035.0 0.087761 0.47867 0.0 0.012479 1.563549 -14.075796 -0.189089 0.008045 12.845295 131.0
173 16035.0 0.1169 0.487844 0.0 0.008798 1.563549 -14.075796 -0.189089 0.008045 12.845295 131.0
174 16035.0 0.113827 0.512667 0.0 0.001485 1.563549 -14.075796 -0.189089 0.008045 12.845295 131.0
175 16035.0 0.10116 0.529188 0.0 -1e-05 1.563549 -14.075796 -0.189089 0.008045 12.845295 131.0
176 16035.0 0.107323 0.52882 0.0 0.000963 1.563549 -14.075796 -0.189089 0.008045 12.845295 131.0
177 16035.0 0.120902 0.536048 0.0 0.003363 1.563549 -14.075796 -0.189089 0.008045 12.845295 131.0
178 16035.0 0.104608 0.525795 0.0 0.000433 1.563549 -14.075796 -0.189089 0.008045 12.845295 131.0
179 16035.0 0.107801 0.512687 0.0 0.001135 1.563549 -14.075796 -0.189089 0.008045 12.845295 131.0
180 16035.0 0.126656 0.487141 0.0 0.008947 1.563549 -14.075796 -0.189089 0.008045 12.845295 131.0
181 16035.0 0.135407 0.490424 0.0 0.007648 1.563549 -14.075796 -0.189089 0.008045 12.845295 131.0
182 16035.0 0.137319 0.471507 0.0 0.014548 1.563549 -14.075796 -0.189089 0.008045 12.845295 131.0
183 16035.0 0.147 0.48289 0.0 0.010275 1.563549 -14.075796 -0.189089 0.008045 12.845295 131.0
184 16035.0 0.147177 0.478335 0.0 0.01194 1.563549 -14.075796 -0.189089 0.008045 12.845295 131.0
185 16035.0 0.170819 0.493704 0.0 0.010885 1.563549 -14.075796 -0.189089 0.008045 12.845295 131.0
186 16035.0 0.177834 0.476409 0.0 0.013961 1.563549 -14.075796 -0.189089 0.008045 12.845295 131.0
187 16035.0 0.184101 0.497567 0.0 0.0129 1.563549 -14.075796 -0.189089 0.008045 12.845295 131.0
188 16035.0 0.20486 0.511261 0.0 0.015979 1.563549 -14.075796 -0.189089 0.008045 12.845295 131.0
189 16035.0 0.231792 0.489952 0.0 0.025779 1.563549 -14.075796 -0.189089 0.008045 12.845295 131.0
190 16035.0 0.232865 0.510844 0.0 0.035091 1.563549 -14.075796 -0.189089 0.008045 12.845295 131.0
191 16035.0 0.240913 0.527548 0.0 0.049931 1.563549 -14.075796 -0.189089 0.008045 12.845295 131.0
192 16035.0 0.240949 0.529728 0.0 0.051138 1.563549 -14.075796 -0.189089 0.008045 12.845295 131.0
193 16035.0 0.25255 0.538945 0.0 0.064486 1.563549 -14.075796 -0.189089 0.008045 12.845295 131.0
194 16035.0 0.261139 0.548728 0.0 0.075969 1.563549 -14.075796 -0.189089 0.008045 12.845295 131.0
195 16035.0 0.26191 0.501916 0.0 0.052997 1.563549 -14.075796 -0.189089 0.008045 12.845295 131.0
196 16035.0 0.255392 0.493274 0.0 0.044653 1.563549 -14.075796 -0.189089 0.008045 12.845295 131.0
197 16035.0 0.251426 0.501415 0.0 0.045007 1.563549 -14.075796 -0.189089 0.008045 12.845295 131.0
198 16035.0 0.274747 0.520599 0.0 0.070546 1.563549 -14.075796 -0.189089 0.008045 12.845295 131.0
199 16035.0 0.260588 0.52973 0.0 0.065288 1.563549 -14.075796 -0.189089 0.008045 12.845295 131.0
200 16035.0 0.26247 0.509244 0.0 0.056383 1.563549 -14.075796 -0.189089 0.008045 12.845295 131.0
201 16035.0 0.268599 0.516631 0.0 0.063968 1.563549 -14.075796 -0.189089 0.008045 12.845295 131.0
202 16035.0 0.27903 0.510982 0.0 0.069386 1.563549 -14.075796 -0.189089 0.008045 12.845295 131.0
203 16035.0 0.241062 0.512993 0.0 0.042159 1.563549 -14.075796 -0.189089 0.008045 12.845295 131.0
204 16035.0 0.243018 0.509394 0.0 0.041997 1.563549 -14.075796 -0.189089 0.008045 12.845295 131.0
205 16035.0 0.239772 0.503525 0.0 0.037207 1.563549 -14.075796 -0.189089 0.008045 12.845295 131.0
206 16035.0 0.249392 0.500941 0.0 0.043304 1.563549 -14.075796 -0.189089 0.008045 12.845295 131.0
207 16035.0 0.245045 0.512527 0.0 0.044777 1.563549 -14.075796 -0.189089 0.008045 12.845295 131.0
208 16035.0 0.244139 0.503761 0.0 0.040546 1.563549 -14.075796 -0.189089 0.008045 12.845295 131.0
209 16035.0 0.245657 0.503377 0.0 0.041518 1.563549 -14.075796 -0.189089 0.008045 12.845295 131.0
210 16035.0 0.261546 0.511516 0.0 0.056617 1.563549 -14.075796 -0.189089 0.008045 12.845295 131.0
211 16035.0 0.256754 0.49354 0.0 0.045772 1.563549 -14.075796 -0.189089 0.008045 12.845295 131.0
212 16035.0 0.274308 0.485109 0.0 0.055393 1.563549 -14.075796 -0.189089 0.008045 12.845295 131.0
213 16035.0 0.294141 0.489464 0.0 0.071888 1.563549 -14.075796 -0.189089 0.008045 12.845295 131.0
214 16035.0 0.307942 0.483792 0.0 0.079839 1.563549 -14.075796 -0.189089 0.008045 12.845295 131.0
215 16035.0 0.294479 0.469396 0.0 0.064005 1.563549 -14.075796 -0.189089 0.008045 12.845295 131.0
216 16035.0 0.297944 0.484818 0.0 0.072829 1.563549 -14.075796 -0.189089 0.008045 12.845295 131.0
217 16035.0 0.322738 0.485303 0.0 0.09144 1.563549 -14.075796 -0.189089 0.008045 12.845295 131.0
218 16035.0 0.334349 0.468092 0.0 0.093088 1.563549 -14.075796 -0.189089 0.008045 12.845295 131.0
219 16035.0 0.348867 0.492241 0.0 0.113658 1.563549 -14.075796 -0.189089 0.008045 12.845295 131.0
220 16035.0 0.361983 0.512363 0.0 0.131555 1.563549 -14.075796 -0.189089 0.008045 12.845295 131.0
221 16035.0 0.374246 0.504766 0.0 0.137583 1.563549 -14.075796 -0.189089 0.008045 12.845295 131.0
222 16035.0 0.362162 0.524339 0.0 0.136542 1.563549 -14.075796 -0.189089 0.008045 12.845295 131.0
223 16035.0 0.39522 0.520831 0.0 0.159673 1.563549 -14.075796 -0.189089 0.008045 12.845295 131.0
224 16035.0 0.39111 0.523071 0.0 0.157528 1.563549 -14.075796 -0.189089 0.008045 12.845295 131.0
225 16035.0 0.39708 0.49985 0.0 0.15255 1.563549 -14.075796 -0.189089 0.008045 12.845295 131.0
226 16035.0 0.382782 0.501857 0.0 0.142744 1.563549 -14.075796 -0.189089 0.008045 12.845295 131.0
227 16035.0 0.394538 0.520474 0.0 0.159022 1.563549 -14.075796 -0.189089 0.008045 12.845295 131.0
228 16035.0 0.39831 0.495502 0.0 0.151701 1.563549 -14.075796 -0.189089 0.008045 12.845295 131.0
229 16035.0 0.378766 0.510834 0.0 0.1434 1.563549 -14.075796 -0.189089 0.008045 12.845295 131.0
230 16035.0 0.402979 0.525112 0.0 0.16717 1.563549 -14.075796 -0.189089 0.008045 12.845295 131.0
231 16035.0 0.415102 0.533727 0.0 0.179666 1.563549 -14.075796 -0.189089 0.008045 12.845295 131.0
232 16035.0 0.402923 0.520639 0.0 0.165316 1.563549 -14.075796 -0.189089 0.008045 12.845295 131.0
233 16035.0 0.413023 0.542316 0.0 0.181986 1.563549 -14.075796 -0.189089 0.008045 12.845295 131.0
234 16035.0 0.409586 0.541589 0.0 0.179097 1.563549 -14.075796 -0.189089 0.008045 12.845295 131.0
235 16035.0 0.425362 0.534069 0.0 0.187425 1.563549 -14.075796 -0.189089 0.008045 12.845295 131.0
236 16035.0 0.428912 0.541864 0.0 0.194709 1.563549 -14.075796 -0.189089 0.008045 12.845295 131.0
237 16035.0 0.445038 0.541308 0.0 0.208495 1.563549 -14.075796 -0.189089 0.008045 12.845295 131.0
238 16035.0 0.457943 0.522934 0.0 0.2093 1.563549 -14.075796 -0.189089 0.008045 12.845295 131.0
239 16035.0 0.448803 0.521907 0.0 0.200752 1.563549 -14.075796 -0.189089 0.008045 12.845295 131.0
240 16035.0 0.467357 0.523557 0.0 0.217858 1.563549 -14.075796 -0.189089 0.008045 12.845295 131.0
241 16035.0 0.472311 0.545051 0.0 0.234502 1.563549 -14.075796 -0.189089 0.008045 12.845295 131.0
242 16035.0 0.497473 0.527418 0.0 0.246364 1.563549 -14.075796 -0.189089 0.008045 12.845295 131.0
243 16035.0 0.497739 0.548285 0.0 0.258605 1.563549 -14.075796 -0.189089 0.008045 12.845295 131.0
244 16035.0 0.526703 0.552045 0.0 0.286102 1.563549 -14.075796 -0.189089 0.008045 12.845295 131.0
245 16035.0 0.536429 0.549835 0.0 0.293337 1.563549 -14.075796 -0.189089 0.008045 12.845295 131.0
246 16035.0 0.552669 0.538849 0.0 0.30122 1.563549 -14.075796 -0.189089 0.008045 12.845295 131.0
247 16035.0 0.535022 0.560755 0.0 0.298504 1.563549 -14.075796 -0.189089 0.008045 12.845295 131.0
248 16035.0 0.520785 0.549944 0.0 0.279717 1.563549 -14.075796 -0.189089 0.008045 12.845295 131.0
249 16035.0 0.561105 0.540772 0.0 0.309705 1.563549 -14.075796 -0.189089 0.008045 12.845295 131.0
250 16035.0 0.566218 0.547335 0.0 0.317954 1.563549 -14.075796 -0.189089 0.008045 12.845295 131.0
251 16035.0 0.573105 0.55605 0.0 0.328993 1.563549 -14.075796 -0.189089 0.008045 12.845295 131.0
252 16035.0 0.576281 0.553797 0.0 0.330474 1.563549 -14.075796 -0.189089 0.008045 12.845295 131.0
253 16035.0 0.594266 0.552215 0.0 0.345295 1.563549 -14.075796 -0.189089 0.008045 12.845295 131.0
254 16035.0 0.622407 0.535275 0.0 0.36016 1.563549 -14.075796 -0.189089 0.008045 12.845295 131.0
255 16035.0 0.628066 0.534568 0.0 0.364703 1.563549 -14.075796 -0.189089 0.008045 12.845295 131.0
256 16035.0 0.615498 0.550582 0.0 0.362926 1.563549 -14.075796 -0.189089 0.008045 12.845295 131.0
257 16035.0 0.616358 0.554968 0.0 0.366202 1.563549 -14.075796 -0.189089 0.008045 12.845295 131.0
258 16035.0 0.618988 0.588314 0.0 0.389685 1.563549 -14.075796 -0.189089 0.008045 12.845295 131.0
259 16035.0 0.615649 0.589662 0.0 0.387799 1.563549 -14.075796 -0.189089 0.008045 12.845295 131.0
260 16035.0 0.623342 0.602034 0.0 0.403159 1.563549 -14.075796 -0.189089 0.008045 12.845295 131.0
261 16035.0 0.617 0.594114 0.0 0.392118 1.563549 -14.075796 -0.189089 0.008045 12.845295 131.0
262 16035.0 0.618747 0.596555 0.0 0.395344 1.563549 -14.075796 -0.189089 0.008045 12.845295 131.0
263 16035.0 0.618027 0.619765 0.0 0.411245 1.563549 -14.075796 -0.189089 0.008045 12.845295 131.0
264 16035.0 0.59823 0.619343 0.0 0.39407 1.563549 -14.075796 -0.189089 0.008045 12.845295 131.0
265 16035.0 0.615744 0.629124 0.0 0.415957 1.563549 -14.075796 -0.189089 0.008045 12.845295 131.0
266 16035.0 0.651725 0.640277 0.0 0.454564 1.563549 -14.075796 -0.189089 0.008045 12.845295 131.0
267 16035.0 0.665907 0.646505 0.0 0.471083 1.563549 -14.075796 -0.189089 0.008045 12.845295 131.0
268 16035.0 0.682627 0.675881 0.0 0.506237 1.563549 -14.075796 -0.189089 0.008045 12.845295 131.0
269 16035.0 0.719925 0.662559 0.0 0.528551 1.563549 -14.075796 -0.189089 0.008045 12.845295 131.0
270 16035.0 0.718433 0.656968 0.0 0.523302 1.563549 -14.075796 -0.189089 0.008045 12.845295 131.0
271 16035.0 0.724722 0.653815 0.0 0.526419 1.563549 -14.075796 -0.189089 0.008045 12.845295 131.0
272 16035.0 0.730831 0.663517 0.0 0.53853 1.563549 -14.075796 -0.189089 0.008045 12.845295 131.0
273 16035.0 0.73809 0.683925 0.0 0.559238 1.563549 -14.075796 -0.189089 0.008045 12.845295 131.0
274 16035.0 0.764276 0.703492 0.0 0.595481 1.563549 -14.075796 -0.189089 0.008045 12.845295 131.0
275 16035.0 0.746472 0.725244 0.0 0.595782 1.563549 -14.075796 -0.189089 0.008045 12.845295 131.0
276 16035.0 0.737805 0.732138 0.0 0.593298 1.563549 -14.075796 -0.189089 0.008045 12.845295 131.0
277 16035.0 0.74611 0.749301 0.0 0.61259 1.563549 -14.075796 -0.189089 0.008045 12.845295 131.0
278 16035.0 0.746961 0.740711 0.0 0.607203 1.563549 -14.075796 -0.189089 0.008045 12.845295 131.0
279 16035.0 0.720003 0.737782 0.0 0.58214 1.563549 -14.075796 -0.189089 0.008045 12.845295 131.0
280 16035.0 0.73727 0.746605 0.0 0.603136 1.563549 -14.075796 -0.189089 0.008045 12.845295 131.0
281 16035.0 0.754182 0.736582 0.0 0.610421 1.563549 -14.075796 -0.189089 0.008045 12.845295 131.0
282 16035.0 0.743995 0.751034 0.0 0.61202 1.563549 -14.075796 -0.189089 0.008045 12.845295 131.0
283 16035.0 0.749914 0.744435 0.0 0.61237 1.563549 -14.075796 -0.189089 0.008045 12.845295 131.0
284 16035.0 0.724065 0.758586 0.0 0.600405 1.563549 -14.075796 -0.189089 0.008045 12.845295 131.0
285 16035.0 0.742218 0.766077 0.0 0.621411 1.563549 -14.075796 -0.189089 0.008045 12.845295 131.0
286 16035.0 0.761716 0.777798 0.0 0.646971 1.563549 -14.075796 -0.189089 0.008045 12.845295 131.0
287 16035.0 0.780418 0.761003 0.0 0.650916 1.563549 -14.075796 -0.189089 0.008045 12.845295 131.0
