 time p.x p.y p.z deep.node-0 CV opes.bias opes.rct opes.zed opes.neff opes.nker
0 3825.0 0.396355 0.555297 0.0 0.177144 0.789466 -8.220567 -0.044966 0.015498 12.845295 68.0
1 3825.0 0.382429 0.539288 0.0 0.158242 0.789466 -8.220567 -0.044966 0.015498 12.845295 68.0
2 3825.0 0.402984 0.510912 0.0 0.161419 0.789466 -8.220567 -0.044966 0.015498 12.845295 68.0
3 3825.0 0.403934 0.507411 0.0 0.160706 0.789466 -8.220567 -0.044966 0.015498 12.845295 68.0
4 3825.0 0.434893 0.504753 0.0 0.182621 0.789466 -8.220567 -0.044966 0.015498 12.845295 68.0
5 3825.0 0.442974 0.489269 0.0 0.182347 0.789466 -8.220567 -0.044966 0.015498 12.845295 68.0
6 3825.0 0.460789 0.510774 0.0 0.204954 0.789466 -8.220567 -0.044966 0.015498 12.845295 68.0
7 3825.0 0.463944 0.528 0.0 0.217377 0.789466 -8.220567 -0.044966 0.015498 12.845295 68.0
8 3825.0 0.453581 0.528795 0.0 0.208786 0.789466 -8.220567 -0.044966 0.015498 12.845295 68.0
9 3825.0 0.445973 0.54414 0.0 0.210942 0.789466 -8.220567 -0.044966 0.015498 12.845295 68.0
10 3825.0 0.461102 0.546096 0.0 0.2253 0.789466 -8.220567 -0.044966 0.015498 12.845295 68.0
11 3825.0 0.449361 0.529316 0.0 0.205399 0.789466 -8.220567 -0.044966 0.015498 12.845295 68.0
12 3825.0 0.407259 0.543 0.0 0.178198 0.789466 -8.220567 -0.044966 0.015498 12.845295 68.0
13 3825.0 0.43856 0.54101 0.0 0.202657 0.789466 -8.220567 -0.044966 0.015498 12.845295 68.0
14 3825.0 0.439083 0.550948 0.0 0.209747 0.789466 -8.220567 -0.044966 0.015498 12.845295 68.0
15 3825.0 0.445805 0.540761 0.0 0.208851 0.789466 -8.220567 -0.044966 0.015498 12.845295 68.0
16 3825.0 0.439964 0.550751 0.0 0.210358 0.789466 -8.220567 -0.044966 0.015498 12.845295 68.0
17 3825.0 0.480951 0.545922 0.0 0.242561 0.789466 -8.220567 -0.044966 0.015498 12.845295 68.0
18 3825.0 0.469979 0.525613 0.0 0.221299 0.789466 -8.220567 -0.044966 0.015498 12.845295 68.0
19 3825.0 0.469089 0.52499 0.0 0.220173 0.789466 -8.220567 -0.044966 0.015498 12.845295 68.0
20 3825.0 0.508369 0.554078 0.0 0.271236 0.789466 -8.220567 -0.044966 0.015498 12.845295 68.0
21 3825.0 0.530044 0.537616 0.0 0.280721 0.789466 -8.220567 -0.044966 0.015498 12.845295 68.0
22 3825.0 0.530963 0.548635 0.0 0.287866 0.789466 -8.220567 -0.044966 0.015498 12.845295 68.0
23 3825.0 0.545533 0.553158 0.0 0.303212 0.789466 -8.220567 -0.044966 0.015498 12.845295 68.0
24 3825.0 0.555678 0.543275 0.0 0.306399 0.789466 -8.220567 -0.044966 0.015498 12.845295 68.0
25 3825.0 0.573785 0.561632 0.0 0.3328 0.789466 -8.220567 -0.044966 0.015498 12.845295 68.0
26 3825.0 0.580979 0.580256 0.0 0.351554 0.789466 -8.220567 -0.044966 0.015498 12.845295 68.0
27 3825.0 0.582022 0.589526 0.0 0.359038 0.789466 -8.220567 -0.044966 0.015498 12.845295 68.0
28 3825.0 0.606513 0.571152 0.0 0.366904 0.789466 -8.220567 -0.044966 0.015498 12.845295 68.0
29 3825.0 0.61048 0.585428 0.0 0.38038 0.789466 -8.220567 -0.044966 0.015498 12.845295 68.0
30 3825.0 0.61802 0.586828 0.0 0.387804 0.789466 -8.220567 -0.044966 0.015498 12.845295 68.0
31 3825.0 0.617491 0.576585 0.0 0.380065 0.789466 -8.220567 -0.044966 0.015498 12.845295 68.0
32 3825.0 0.617664 0.585687 0.0 0.386689 0.789466 -8.220567 -0.044966 0.015498 12.845295 68.0
33 3825.0 0.619273 0.602387 0.0 0.399941 0.789466 -8.220567 -0.044966 0.015498 12.845295 68.0
34 3825.0 0.617742 0.601264 0.0 0.397838 0.789466 -8.220567 -0.044966 0.015498 12.845295 68.0
35 3825.0 0.611545 0.589439 0.0 0.384142 0.789466 -8.220567 -0.044966 0.015498 12.845295 68.0
36 3825.0 0.590966 0.576655 0.0 0.357504 0.789466 -8.220567 -0.044966 0.015498 12.845295 68.0
37 3825.0 0.604388 0.571635 0.0 0.365374 0.789466 -8.220567 -0.044966 0.015498 12.845295 68.0
38 3825.0 0.61192 0.543337 0.0 0.355627 0.789466 -8.220567 -0.044966 0.015498 12.845295 68.0
39 3825.0 0.601257 0.559277 0.0 0.355473 0.789466 -8.220567 -0.044966 0.015498 12.845295 68.0
40 3825.0 0.60096 0.579444 0.0 0.368008 0.789466 -8.220567 -0.044966 0.015498 12.845295 68.0
41 3825.0 0.616019 0.570002 0.0 0.374557 0.789466 -8.220567 -0.044966 0.015498 12.845295 68.0
42 3825.0 0.609442 0.576972 0.0 0.373479 0.789466 -8.220567 -0.044966 0.015498 12.845295 68.0
43 3825.0 0.613766 0.570619 0.0 0.372941 0.789466 -8.220567 -0.044966 0.015498 12.845295 68.0
44 3825.0 0.636376 0.581745 0.0 0.399834 0.789466 -8.220567 -0.044966 0.015498 12.845295 68.0
45 3825.0 0.649923 0.592334 0.0 0.418915 0.789466 -8.220567 -0.044966 0.015498 12.845295 68.0
46 3825.0 0.669051 0.59021 0.0 0.433709 0.789466 -8.220567 -0.044966 0.015498 12.845295 68.0
47 3825.0 0.648455 0.596431 0.0 0.420579 0.789466 -8.220567 -0.044966 0.015498 12.845295 68.0
48 3825.0 0.648606 0.607545 0.0 0.428616 0.789466 -8.220567 -0.044966 0.015498 12.845295 68.0
49 3825.0 0.661419 0.607378 0.0 0.439419 0.789466 -8.220567 -0.044966 0.015498 12.845295 68.0
50 3825.0 0.682678 0.590906 0.0 0.44582 0.789466 -8.220567 -0.044966 0.015498 12.845295 68.0
51 3825.0 0.693348 0.601375 0.0 0.462364 0.789466 -8.220567 -0.044966 0.015498 12.845295 68.0
52 3825.0 0.685483 0.604524 0.0 0.457901 0.789466 -8.220567 -0.044966 0.015498 12.845295 68.0
53 3825.0 0.662948 0.60477 0.0 0.438867 0.789466 -8.220567 -0.044966 0.015498 12.845295 68.0
54 3825.0 0.672528 0.596565 0.0 0.441194 0.789466 -8.220567 -0.044966 0.015498 12.845295 68.0
55 3825.0 0.672424 0.580278 0.0 0.429805 0.789466 -8.220567 -0.044966 0.015498 12.845295 68.0
56 3825.0 0.6845 0.608626 0.0 0.459981 0.789466 -8.220567 -0.044966 0.015498 12.845295 68.0
57 3825.0 0.686041 0.605642 0.0 0.459171 0.789466 -8.220567 -0.044966 0.015498 12.845295 68.0
58 3825.0 0.678684 0.597202 0.0 0.446895 0.789466 -8.220567 -0.044966 0.015498 12.845295 68.0
59 3825.0 0.675615 0.609065 0.0 0.45272 0.789466 -8.220567 -0.044966 0.015498 12.845295 68.0
60 3825.0 0.6912 0.602219 0.0 0.461134 0.789466 -8.220567 -0.044966 0.015498 12.845295 68.0
61 3825.0 0.663218 0.619391 0.0 0.449499 0.789466 -8.220567 -0.044966 0.015498 12.845295 68.0
62 3825.0 0.648624 0.598811 0.0 0.422417 0.789466 -8.220567 -0.044966 0.015498 12.845295 68.0
63 3825.0 0.648313 0.58754 0.0 0.414132 0.789466 -8.220567 -0.044966 0.015498 12.845295 68.0
64 3825.0 0.637054 0.576571 0.0 0.396735 0.789466 -8.220567 -0.044966 0.015498 12.845295 68.0
65 3825.0 0.639726 0.56029 0.0 0.389704 0.789466 -8.220567 -0.044966 0.015498 12.845295 68.0
66 3825.0 0.63793 0.564971 0.0 0.390826 0.789466 -8.220567 -0.044966 0.015498 12.845295 68.0
67 3825.0 0.646028 0.539979 0.0 0.383528 0.789466 -8.220567 -0.044966 0.015498 12.845295 68.0
68 3825.0 0.636249 0.525245 0.0 0.366495 0.789466 -8.220567 -0.044966 0.015498 12.845295 68.0
69 3825.0 0.631104 0.514219 0.0 0.35565 0.789466 -8.220567 -0.044966 0.015498 12.845295 68.0
70 3825.0 0.609451 0.544044 0.0 0.353874 0.789466 -8.220567 -0.044966 0.015498 12.845295 68.0
71 3825.0 0.634252 0.551185 0.0 0.379676 0.789466 -8.220567 -0.044966 0.015498 12.845295 68.0
72 3825.0 0.62874 0.548458 0.0 0.373285 0.789466 -8.220567 -0.044966 0.015498 12.845295 68.0
73 3825.0 0.637763 0.535059 0.0 0.373467 0.789466 -8.220567 -0.044966 0.015498 12.845295 68.0
74 3825.0 0.64316 0.525696 0.0 0.3728 0.789466 -8.220567 -0.044966 0.015498 12.845295 68.0
75 3825.0 0.66715 0.510261 0.0 0.384901 0.789466 -8.220567 -0.044966 0.015498 12.845295 68.0
76 3825.0 0.656783 0.52206 0.0 0.382623 0.789466 -8.220567 -0.044966 0.015498 12.845295 68.0
77 3825.0 0.634679 0.492422 0.0 0.346291 0.789466 -8.220567 -0.044966 0.015498 12.845295 68.0
78 3825.0 0.642274 0.509706 0.0 0.362823 0.789466 -8.220567 -0.044966 0.015498 12.845295 68.0
79 3825.0 0.663976 0.532715 0.0 0.395046 0.789466 -8.220567 -0.044966 0.015498 12.845295 68.0
80 3825.0 0.663102 0.54744 0.0 0.402755 0.789466 -8.220567 -0.044966 0.015498 12.845295 68.0
81 3825.0 0.660563 0.554568 0.0 0.404636 0.789466 -8.220567 -0.044966 0.015498 12.845295 68.0
82 3825.0 0.651313 0.570437 0.0 0.405677 0.789466 -8.220567 -0.044966 0.015498 12.845295 68.0
83 3825.0 0.65002 0.597648 0.0 0.422779 0.789466 -8.220567 -0.044966 0.015498 12.845295 68.0
84 3825.0 0.642675 0.585437 0.0 0.40783 0.789466 -8.220567 -0.044966 0.015498 12.845295 68.0
85 3825.0 0.647111 0.595429 0.0 0.41872 0.789466 -8.220567 -0.044966 0.015498 12.845295 68.0
86 3825.0 0.645716 0.597792 0.0 0.419213 0.789466 -8.220567 -0.044966 0.015498 12.845295 68.0
87 3825.0 0.651275 0.597541 0.0 0.423773 0.789466 -8.220567 -0.044966 0.015498 12.845295 68.0
88 3825.0 0.670023 0.584251 0.0 0.430297 0.789466 -8.220567 -0.044966 0.015498 12.845295 68.0
89 3825.0 0.664324 0.583525 0.0 0.424923 0.789466 -8.220567 -0.044966 0.015498 12.845295 68.0
90 3825.0 0.672194 0.593562 0.0 0.438773 0.789466 -8.220567 -0.044966 0.015498 12.845295 68.0
91 3825.0 0.671812 0.600073 0.0 0.44308 0.789466 -8.220567 -0.044966 0.015498 12.845295 68.0
92 3825.0 0.681943 0.614735 0.0 0.462149 0.789466 -8.220567 -0.044966 0.015498 12.845295 68.0
93 3825.0 0.68078 0.629671 0.0 0.471784 0.789466 -8.220567 -0.044966 0.015498 12.845295 68.0
94 3825.0 0.677655 0.62351 0.0 0.464737 0.789466 -8.220567 -0.044966 0.015498 12.845295 68.0
95 3825.0 0.670785 0.616087 0.0 0.453599 0.789466 -8.220567 -0.044966 0.015498 12.845295 68.0
96 3825.0 0.660543 0.628474 0.0 0.453682 0.789466 -8.220567 -0.044966 0.015498 12.845295 68.0
97 3825.0 0.653314 0.653729 0.0 0.46549 0.789466 -8.220567 -0.044966 0.015498 12.845295 68.0
98 3825.0 0.659836 0.655473 0.0 0.47229 0.789466 -8.220567 -0.044966 0.015498 12.845295 68.0
99 3825.0 0.65113 0.64967 0.0 0.46074 0.789466 -8.220567 -0.044966 0.015498 12.845295 68.0
100 3825.0 0.646721 0.656685 0.0 0.461972 0.789466 -8.220567 -0.044966 0.015498 12.845295 68.0
101 3825.0 0.668781 0.661549 0.0 0.484237 0.789466 -8.220567 -0.044966 0.015498 12.845295 68.0
102 3825.0 0.674678 0.6787 0.0 0.501467 0.789466 -8.220567 -0.044966 0.015498 12.845295 68.0
103 3825.0 0.690219 0.671168 0.0 0.509356 0.789466 -8.220567 -0.044966 0.015498 12.845295 68.0
104 3825.0 0.693504 0.688433 0.0 0.52444 0.789466 -8.220567 -0.044966 0.015498 12.845295 68.0
105 3825.0 0.67201 0.66733 0.0 0.491103 0.789466 -8.220567 -0.044966 0.015498 12.845295 68.0
106 3825.0 0.673 0.679686 0.0 0.500739 0.789466 -8.220567 -0.044966 0.015498 12.845295 68.0
107 3825.0 0.676426 0.632084 0.0 0.469789 0.789466 -8.220567 -0.044966 0.015498 12.845295 68.0
108 3825.0 0.624247 0.634692 0.0 0.427167 0.789466 -8.220567 -0.044966 0.015498 12.845295 68.0
109 3825.0 0.627491 0.609815 0.0 0.412232 0.789466 -8.220567 -0.044966 0.015498 12.845295 68.0
110 3825.0 0.650166 0.605879 0.0 0.42876 0.789466 -8.220567 -0.044966 0.015498 12.845295 68.0
111 3825.0 0.626066 0.602365 0.0 0.405716 0.789466 -8.220567 -0.044966 0.015498 12.845295 68.0
112 3825.0 0.623701 0.584279 0.0 0.390832 0.789466 -8.220567 -0.044966 0.015498 12.845295 68.0
113 3825.0 0.613749 0.574764 0.0 0.375579 0.789466 -8.220567 -0.044966 0.015498 12.845295 68.0
114 3825.0 0.614334 0.575528 0.0 0.376621 0.789466 -8.220567 -0.044966 0.015498 12.845295 68.0
115 3825.0 0.6208 0.593638 0.0 0.395019 0.789466 -8.220567 -0.044966 0.015498 12.845295 68.0
116 3825.0 0.641304 0.582242 0.0 0.404387 0.789466 -8.220567 -0.044966 0.015498 12.845295 68.0
117 3825.0 0.61506 0.564301 0.0 0.370437 0.789466 -8.220567 -0.044966 0.015498 12.845295 68.0
118 3825.0 0.612465 0.564426 0.0 0.368239 0.789466 -8.220567 -0.044966 0.015498 12.845295 68.0
119 3825.0 0.630722 0.585931 0.0 0.397992 0.789466 -8.220567 -0.044966 0.015498 12.845295 68.0
120 3825.0 0.632323 0.585845 0.0 0.399296 0.789466 -8.220567 -0.044966 0.015498 12.845295 68.0
121 3825.0 0.645985 0.577214 0.0 0.404917 0.789466 -8.220567 -0.044966 0.015498 12.845295 68.0
122 3825.0 0.65267 0.55608 0.0 0.398602 0.789466 -8.220567 -0.044966 0.015498 12.845295 68.0
123 3825.0 0.658455 0.584221 0.0 0.420416 0.789466 -8.220567 -0.044966 0.015498 12.845295 68.0
124 3825.0 0.635144 0.587178 0.0 0.402649 0.789466 -8.220567 -0.044966 0.015498 12.845295 68.0
125 3825.0 0.633267 0.61037 0.0 0.41755 0.789466 -8.220567 -0.044966 0.015498 12.845295 68.0
126 3825.0 0.630151 0.626922 0.0 0.426672 0.789466 -8.220567 -0.044966 0.015498 12.845295 68.0
127 3825.0 0.646804 0.61191 0.0 0.430186 0.789466 -8.220567 -0.044966 0.015498 12.845295 68.0
128 3825.0 0.646213 0.626531 0.0 0.440084 0.789466 -8.220567 -0.044966 0.015498 12.845295 68.0
129 3825.0 0.666051 0.626042 0.0 0.456646 0.789466 -8.220567 -0.044966 0.015498 12.845295 68.0
130 3825.0 0.672415 0.616379 0.0 0.455196 0.789466 -8.220567 -0.044966 0.015498 12.845295 68.0
131 3825.0 0.663308 0.63706 0.0 0.462148 0.789466 -8.220567 -0.044966 0.015498 12.845295 68.0
132 3825.0 0.662723 0.622474 0.0 0.451271 0.789466 -8.220567 -0.044966 0.015498 12.845295 68.0
133 3825.0 0.659344 0.617967 0.0 0.445184 0.789466 -8.220567 -0.044966 0.015498 12.845295 68.0
134 3825.0 0.662707 0.601644 0.0 0.436437 0.789466 -8.220567 -0.044966 0.015498 12.845295 68.0
135 3825.0 0.656558 0.615519 0.0 0.441067 0.789466 -8.220567 -0.044966 0.015498 12.845295 68.0
136 3825.0 0.656511 0.615825 0.0 0.441245 0.789466 -8.220567 -0.044966 0.015498 12.845295 68.0
137 3825.0 0.670085 0.599712 0.0 0.441351 0.789466 -8.220567 -0.044966 0.015498 12.845295 68.0
138 3825.0 0.685855 0.609734 0.0 0.461925 0.789466 -8.220567 -0.044966 0.015498 12.845295 68.0
139 3825.0 0.713724 0.620854 0.0 0.493592 0.789466 -8.220567 -0.044966 0.015498 12.845295 68.0
140 3825.0 0.682399 0.642552 0.0 0.48233 0.789466 -8.220567 -0.044966 0.015498 12.845295 68.0
141 3825.0 0.664776 0.649668 0.0 0.47237 0.789466 -8.220567 -0.044966 0.015498 12.845295 68.0
142 3825.0 0.689221 0.633087 0.0 0.48141 0.789466 -8.220567 -0.044966 0.015498 12.845295 68.0
143 3825.0 0.69038 0.648636 0.0 0.493461 0.789466 -8.220567 -0.044966 0.015498 12.845295 68.0
144 3825.0 0.698999 0.656581 0.0 0.506461 0.789466 -8.220567 -0.044966 0.015498 12.845295 68.0
145 3825.0 0.706456 0.658372 0.0 0.514092 0.789466 -8.220567 -0.044966 0.015498 12.845295 68.0
146 3825.0 0.709909 0.680952 0.0 0.5331 0.789466 -8.220567 -0.044966 0.015498 12.845295 68.0
147 3825.0 0.712997 0.681139 0.0 0.535866 0.789466 -8.220567 -0.044966 0.015498 12.845295 68.0
148 3825.0 0.734132 0.675968 0.0 0.550202 0.789466 -8.220567 -0.044966 0.015498 12.845295 68.0
149 3825.0 0.721329 0.667628 0.0 0.533355 0.789466 -8.220567 -0.044966 0.015498 12.845295 68.0
150 3825.0 0.732179 0.677168 0.0 0.549392 0.789466 -8.220567 -0.044966 0.015498 12.845295 68.0
151 3825.0 0.740038 0.680784 0.0 0.558663 0.789466 -8.220567 -0.044966 0.015498 12.845295 68.0
152 3825.0 0.753182 0.711595 0.0 0.591789 0.789466 -8.220567 -0.044966 0.015498 12.845295 68.0
153 3825.0 0.771825 0.739123 0.0 0.627388 0.789466 -8.220567 -0.044966 0.015498 12.845295 68.0
154 3825.0 0.780191 0.735049 0.0 0.631675 0.789466 -8.220567 -0.044966 0.015498 12.845295 68.0
155 3825.0 0.765866 0.735027 0.0 0.619274 0.789466 -8.220567 -0.044966 0.015498 12.845295 68.0
156 3825.0 0.768831 0.747025 0.0 0.630581 0.789466 -8.220567 -0.044966 0.015498 12.845295 68.0
157 3825.0 0.769742 0.758805 0.0 0.640016 0.789466 -8.220567 -0.044966 0.015498 12.845295 68.0
158 3825.0 0.785792 0.768156 0.0 0.660839 0.789466 -8.220567 -0.044966 0.015498 12.845295 68.0
159 3825.0 0.769105 0.797109 0.0 0.667568 0.789466 -8.220567 -0.044966 0.015498 12.845295 68.0
160 3825.0 0.788996 0.784516 0.0 0.67563 0.789466 -8.220567 -0.044966 0.015498 12.845295 68.0
161 3825.0 0.777926 0.790374 0.0 0.670299 0.789466 -8.220567 -0.044966 0.015498 12.845295 68.0
162 3825.0 0.785373 0.790173 0.0 0.676629 0.789466 -8.220567 -0.044966 0.015498 12.845295 68.0
163 3825.0 0.798484 0.801594 0.0 0.696414 0.789466 -8.220567 -0.044966 0.015498 12.845295 68.0
164 3825.0 0.809413 0.824658 0.0 0.722843 0.789466 -8.220567 -0.044966 0.015498 12.845295 68.0
165 3825.0 0.831987 0.816648 0.0 0.736602 0.789466 -8.220567 -0.044966 0.015498 12.845295 68.0
166 3825.0 0.859992 0.827393 0.0 0.768846 0.789466 -8.220567 -0.044966 0.015498 12.845295 68.0
167 3825.0 0.866993 0.845556 0.0 0.788262 0.789466 -8.220567 -0.044966 0.015498 12.845295 68.0
168 3825.0 0.874253 0.846431 0.0 0.795219 0.789466 -8.220567 -0.044966 0.015498 12.845295 68.0
169 3825.0 0.886106 0.860148 0.0 0.815594 0.789466 -8.220567 -0.044966 0.015498 12.845295 68.0
170 3825.0 0.900844 0.888174 0.0 0.848977 0.789466 -8.220567 -0.044966 0.015498 12.845295 68.0
171 3825.0 0.887569 0.901751 0.0 0.847391 0.789466 -8.220567 -0.044966 0.015498 12.845295 68.0
172 3825.0 0.878925 0.890211 0.0 0.831405 0.789466 -8.220567 -0.044966 0.015498 12.845295 68.0
173 3825.0 0.885181 0.913774 0.0 0.854136 0.789466 -8.220567 -0.044966 0.015498 12.845295 68.0
174 3825.0 0.884692 0.932016 0.0 0.866986 0.789466 -8.220567 -0.044966 0.015498 12.845295 68.0
175 3825.0 0.900063 0.933723 0.0 0.881368 0.789466 -8.220567 -0.044966 0.015498 12.845295 68.0
176 3825.0 0.900869 0.946221 0.0 0.890994 0.789466 -8.220567 -0.044966 0.015498 12.845295 68.0
177 3825.0 0.916328 0.945279 0.0 0.902711 0.789466 -8.220567 -0.044966 0.015498 12.845295 68.0
178 3825.0 0.912085 0.941365 0.0 0.897126 0.789466 -8.220567 -0.044966 0.015498 12.845295 68.0
179 3825.0 0.912036 0.963229 0.0 0.912716 0.789466 -8.220567 -0.044966 0.015498 12.845295 68.0
180 3825.0 0.928575 1.020561 0.0 0.939969 0.789466 -8.220567 -0.044966 0.015498 12.845295 68.0
181 3825.0 0.922571 1.051455 0.0 0.938032 0.789466 -8.220567 -0.044966 0.015498 12.845295 68.0
182 3825.0 0.960873 1.081036 0.0 0.954937 0.789466 -8.220567 -0.044966 0.015498 12.845295 68.0
183 3825.0 0.963395 1.087562 0.0 0.956152 0.789466 -8.220567 -0.044966 0.015498 12.845295 68.0
184 3825.0 0.970378 1.097773 0.0 0.959341 0.789466 -8.220567 -0.044966 0.015498 12.845295 68.0
185 3825.0 0.968481 1.119125 0.0 0.959013 0.789466 -8.220567 -0.044966 0.015498 12.845295 68.0
186 3825.0 0.979076 1.107495 0.0 0.963247 0.789466 -8.220567 -0.044966 0.015498 12.845295 68.0
187 3825.0 0.975533 1.111872 0.0 0.961842 0.789466 -8.220567 -0.044966 0.015498 12.845295 68.0
188 3825.0 0.981123 1.110206 0.0 0.964176 0.789466 -8.220567 -0.044966 0.015498 12.845295 68.0
189 3825.0 0.977123 1.115837 0.0 0.962605 0.789466 -8.220567 -0.044966 0.015498 12.845295 68.0
190 3825.0 0.973806 1.120418 0.0 0.9613 0.789466 -8.220567 -0.044966 0.015498 12.845295 68.0
191 3825.0 0.990009 1.118064 0.0 0.96812 0.789466 -8.220567 -0.044966 0.015498 12.845295 68.0
192 3825.0 0.975831 1.116182 0.0 0.962065 0.789466 -8.220567 -0.044966 0.015498 12.845295 68.0
193 3825.0 0.986641 1.143009 0.0 0.967248 0.789466 -8.220567 -0.044966 0.015498 12.845295 68.0
194 3825.0 0.9685 1.157779 0.0 0.959884 0.789466 -8.220567 -0.044966 0.015498 12.845295 68.0
195 3825.0 0.962384 1.150232 0.0 0.957121 0.789466 -8.220567 -0.044966 0.015498 12.845295 68.0
196 3825.0 0.982912 1.17512 0.0 0.966383 0.789466 -8.220567 -0.044966 0.015498 12.845295 68.0
197 3825.0 0.988666 1.166291 0.0 0.968626 0.789466 -8.220567 -0.044966 0.015498 12.845295 68.0
198 3825.0 0.994031 1.197141 0.0 0.969346 0.789466 -8.220567 -0.044966 0.015498 12.845295 68.0
199 3825.0 0.991609 1.210338 0.0 0.963664 0.789466 -8.220567 -0.044966 0.015498 12.845295 68.0
200 3825.0 0.973402 1.202234 0.0 0.955223 0.789466 -8.220567 -0.044966 0.015498 12.845295 68.0
201 3825.0 0.990947 1.1861 0.0 0.970036 0.789466 -8.220567 -0.044966 0.015498 12.845295 68.0
202 3825.0 0.969549 1.196742 0.0 0.954643 0.789466 -8.220567 -0.044966 0.015498 12.845295 68.0
203 3825.0 0.956879 1.19799 0.0 0.946569 0.789466 -8.220567 -0.044966 0.015498 12.845295 68.0
204 3825.0 0.970881 1.186996 0.0 0.958563 0.789466 -8.220567 -0.044966 0.015498 12.845295 68.0
205 3825.0 1.007189 1.176404 0.0 0.976708 0.789466 -8.220567 -0.044966 0.015498 12.845295 68.0
206 3825.0 0.990643 1.170183 0.0 0.969552 0.789466 -8.220567 -0.044966 0.015498 12.845295 68.0
207 3825.0 0.987633 1.183206 0.0 0.968566 0.789466 -8.220567 -0.044966 0.015498 12.845295 68.0
208 3825.0 0.979431 1.181403 0.0 0.965047 0.789466 -8.220567 -0.044966 0.015498 12.845295 68.0
209 3825.0 0.992264 1.194568 0.0 0.969097 0.789466 -8.220567 -0.044966 0.015498 12.845295 68.0
210 3825.0 1.001307 1.198019 0.0 0.973473 0.789466 -8.220567 -0.044966 0.015498 12.845295 68.0
211 3825.0 0.978528 1.21821 0.0 0.953226 0.789466 -8.220567 -0.044966 0.015498 12.845295 68.0
212 3825.0 0.971852 1.195478 0.0 0.956442 0.789466 -8.220567 -0.044966 0.015498 12.845295 68.0
213 3825.0 0.969103 1.160008 0.0 0.960189 0.789466 -8.220567 -0.044966 0.015498 12.845295 68.0
214 3825.0 1.009699 1.128736 0.0 0.976709 0.789466 -8.220567 -0.044966 0.015498 12.845295 68.0
215 3825.0 1.014528 1.135296 0.0 0.978904 0.789466 -8.220567 -0.044966 0.015498 12.845295 68.0
216 3825.0 1.00695 1.138403 0.0 0.975759 0.789466 -8.220567 -0.044966 0.015498 12.845295 68.0
217 3825.0 1.012618 1.157868 0.0 0.978597 0.789466 -8.220567 -0.044966 0.015498 12.845295 68.0
218 3825.0 1.014641 1.160815 0.0 0.979521 0.789466 -8.220567 -0.044966 0.015498 12.845295 68.0
219 3825.0 1.019525 1.172076 0.0 0.981844 0.789466 -8.220567 -0.044966 0.015498 12.845295 68.0
220 3825.0 0.995025 1.160855 0.0 0.971202 0.789466 -8.220567 -0.044966 0.015498 12.845295 68.0
221 3825.0 1.005225 1.15544 0.0 0.975408 0.789466 -8.220567 -0.044966 0.015498 12.845295 68.0
222 3825.0 0.983138 1.160704 0.0 0.966157 0.789466 -8.220567 -0.044966 0.015498 12.845295 68.0
223 3825.0 0.96974 1.142697 0.0 0.960073 0.789466 -8.220567 -0.044966 0.015498 12.845295 68.0
224 3825.0 0.947975 1.140552 0.0 0.950794 0.789466 -8.220567 -0.044966 0.015498 12.845295 68.0
225 3825.0 0.967347 1.14713 0.0 0.959157 0.789466 -8.220567 -0.044966 0.015498 12.845295 68.0
226 3825.0 0.962044 1.167802 0.0 0.957369 0.789466 -8.220567 -0.044966 0.015498 12.845295 68.0
227 3825.0 0.990905 1.185719 0.0 0.970009 0.789466 -8.220567 -0.044966 0.015498 12.845295 68.0
228 3825.0 1.021094 1.188818 0.0 0.982883 0.789466 -8.220567 -0.044966 0.015498 12.845295 68.0
229 3825.0 0.989678 1.226664 0.0 0.95728 0.789466 -8.220567 -0.044966 0.015498 12.845295 68.0
230 3825.0 0.978372 1.206007 0.0 0.957029 0.789466 -8.220567 -0.044966 0.015498 12.845295 68.0
231 3825.0 0.969326 1.2067 0.0 0.951327 0.789466 -8.220567 -0.044966 0.015498 12.845295 68.0
232 3825.0 0.988391 1.230511 0.0 0.955273 0.789466 -8.220567 -0.044966 0.015498 12.845295 68.0
233 3825.0 0.97488 1.242893 0.0 0.942342 0.789466 -8.220567 -0.044966 0.015498 12.845295 68.0
234 3825.0 0.971602 1.23595 0.0 0.943365 0.789466 -8.220567 -0.044966 0.015498 12.845295 68.0
235 3825.0 0.994118 1.251092 0.0 0.952168 0.789466 -8.220567 -0.044966 0.015498 12.845295 68.0
236 3825.0 1.008722 1.234887 0.0 0.96619 0.789466 -8.220567 -0.044966 0.015498 12.845295 68.0
237 3825.0 1.024661 1.202768 0.0 0.984707 0.789466 -8.220567 -0.044966 0.015498 12.845295 68.0
238 3825.0 0.999924 1.191061 0.0 0.973954 0.789466 -8.220567 -0.044966 0.015498 12.845295 68.0
239 3825.0 0.981743 1.199135 0.0 0.961266 0.789466 -8.220567 -0.044966 0.015498 12.845295 68.0
240 3825.0 0.990869 1.187355 0.0 0.970031 0.789466 -8.220567 -0.044966 0.015498 12.845295 68.0
241 3825.0 0.975558 1.206913 0.0 0.955035 0.789466 -8.220567 -0.044966 0.015498 12.845295 68.0
242 3825.0 0.969027 1.210982 0.0 0.949779 0.789466 -8.220567 -0.044966 0.015498 12.845295 68.0
243 3825.0 0.994969 1.198049 0.0 0.969624 0.789466 -8.220567 -0.044966 0.015498 12.845295 68.0
244 3825.0 0.996072 1.183818 0.0 0.972158 0.789466 -8.220567 -0.044966 0.015498 12.845295 68.0
245 3825.0 0.979855 1.199777 0.0 0.959916 0.789466 -8.220567 -0.044966 0.015498 12.845295 68.0
246 3825.0 0.982205 1.202003 0.0 0.960629 0.789466 -8.220567 -0.044966 0.015498 12.845295 68.0
247 3825.0 0.98887 1.195897 0.0 0.966617 0.789466 -8.220567 -0.044966 0.015498 12.845295 68.0
248 3825.0 0.98974 1.200536 0.0 0.965663 0.789466 -8.220567 -0.044966 0.015498 12.845295 68.0
249 3825.0 1.004411 1.208282 0.0 0.972076 0.789466 -8.220567 -0.044966 0.015498 12.845295 68.0
250 3825.0 0.988794 1.207638 0.0 0.962821 0.789466 -8.220567 -0.044966 0.015498 12.845295 68.0
251 3825.0 0.976196 1.206186 0.0 0.955654 0.789466 -8.220567 -0.044966 0.015498 12.845295 68.0
252 3825.0 0.967538 1.205342 0.0 0.950678 0.789466 -8.220567 -0.044966 0.015498 12.845295 68.0
253 3825.0 0.970751 1.194373 0.0 0.956128 0.789466 -8.220567 -0.044966 0.015498 12.845295 68.0
254 3825.0 0.964346 1.185624 0.0 0.955042 0.789466 -8.220567 -0.044966 0.015498 12.845295 68.0
255 3825.0 0.983242 1.195957 0.0 0.963189 0.789466 -8.220567 -0.044966 0.015498 12.845295 68.0
256 3825.0 0.981191 1.204443 0.0 0.959236 0.789466 -8.220567 -0.044966 0.015498 12.845295 68.0
257 3825.0 0.992259 1.207568 0.0 0.964942 0.789466 -8.220567 -0.044966 0.015498 12.845295 68.0
258 3825.0 0.997002 1.173231 0.0 0.972317 0.789466 -8.220567 -0.044966 0.015498 12.845295 68.0
259 3825.0 0.987705 1.188254 0.0 0.968352 0.789466 -8.220567 -0.044966 0.015498 12.845295 68.0
260 3825.0 0.990002 1.190713 0.0 0.968958 0.789466 -8.220567 -0.044966 0.015498 12.845295 68.0
261 3825.0 0.99953 1.174258 0.0 0.973412 0.789466 -8.220567 -0.044966 0.015498 12.845295 68.0
262 3825.0 0.990493 1.176847 0.0 0.969637 0.789466 -8.220567 -0.044966 0.015498 12.845295 68.0
263 3825.0 0.969461 1.16212 0.0 0.960388 0.789466 -8.220567 -0.044966 0.015498 12.845295 68.0
264 3825.0 0.971305 1.148814 0.0 0.960873 0.789466 -8.220567 -0.044966 0.015498 12.845295 68.0
265 3825.0 0.968221 1.130551 0.0 0.959158 0.789466 -8.220567 -0.044966 0.015498 12.845295 68.0
266 3825.0 0.98364 1.156252 0.0 0.966271 0.789466 -8.220567 -0.044966 0.015498 12.845295 68.0
267 3825.0 0.966949 1.152974 0.0 0.959119 0.789466 -8.220567 -0.044966 0.015498 12.845295 68.0
268 3825.0 0.985822 1.163036 0.0 0.967348 0.789466 -8.220567 -0.044966 0.015498 12.845295 68.0
269 3825.0 0.995357 1.204024 0.0 0.967951 0.789466 -8.220567 -0.044966 0.015498 12.845295 68.0
270 3825.0 0.991109 1.197014 0.0 0.967616 0.789466 -8.220567 -0.044966 0.015498 12.845295 68.0
271 3825.0 0.978169 1.185228 0.0 0.963542 0.789466 -8.220567 -0.044966 0.015498 12.845295 68.0
272 3825.0 0.99984 1.178975 0.0 0.973649 0.789466 -8.220567 -0.044966 0.015498 12.845295 68.0
273 3825.0 0.995445 1.181601 0.0 0.971843 0.789466 -8.220567 -0.044966 0.015498 12.845295 68.0
274 3825.0 0.972705 1.162541 0.0 0.961773 0.789466 -8.220567 -0.044966 0.015498 12.845295 68.0
275 3825.0 0.9857 1.15887 0.0 0.967203 0.789466 -8.220567 -0.044966 0.015498 12.845295 68.0
276 3825.0 0.971878 1.175325 0.0 0.961708 0.789466 -8.220567 -0.044966 0.015498 12.845295 68.0
277 3825.0 0.965252 1.159267 0.0 0.958539 0.789466 -8.220567 -0.044966 0.015498 12.845295 68.0
278 3825.0 0.971162 1.158732 0.0 0.961034 0.789466 -8.220567 -0.044966 0.015498 12.845295 68.0
279 3825.0 0.951819 1.164018 0.0 0.952948 0.789466 -8.220567 -0.044966 0.015498 12.845295 68.0
280 3825.0 0.963564 1.157295 0.0 0.957779 0.789466 -8.220567 -0.044966 0.015498 12.845295 68.0
281 3825.0 0.969758 1.148687 0.0 0.960214 0.789466 -8.220567 -0.044966 0.015498 12.845295 68.0
282 3825.0 0.960547 1.107525 0.0 0.955389 0.789466 -8.220567 -0.044966 0.015498 12.845295 68.0
283 3825.0 0.940609 1.106983 0.0 0.946921 0.789466 -8.220567 -0.044966 0.015498 12.845295 68.0
284 3825.0 0.967681 1.111432 0.0 0.958502 0.789466 -8.220567 -0.044966 0.015498 12.845295 68.0
285 3825.0 0.96843 1.14563 0.0 0.959583 0.789466 -8.220567 -0.044966 0.015498 12.845295 68.0
286 3825.0 0.960485 1.149743 0.0 0.956305 0.789466 -8.220567 -0.044966 0.015498 12.845295 68.0
287 3825.0 0.984385 1.157273 0.0 0.96661 0.789466 -8.220567 -0.044966 0.015498 12.845295 68.0
