 time p.x p.y p.z deep.node-0 CV opes.bias opes.rct opes.zed opes.neff opes.nker
0 19520.0 -0.88308 1.077808 0.0 -0.85585 1.813123 -12.895076 -0.2088 0.007637 12.845295 138.0
1 19520.0 -0.896465 1.083456 0.0 -0.862789 1.813123 -12.895076 -0.2088 0.007637 12.845295 138.0
2 19520.0 -0.904921 1.075816 0.0 -0.860578 1.813123 -12.895076 -0.2088 0.007637 12.845295 138.0
3 19520.0 -0.909826 1.038635 0.0 -0.840025 1.813123 -12.895076 -0.2088 0.007637 12.845295 138.0
4 19520.0 -0.931254 1.026949 0.0 -0.838976 1.813123 -12.895076 -0.2088 0.007637 12.845295 138.0
5 19520.0 -0.939778 1.038684 0.0 -0.848144 1.813123 -12.895076 -0.2088 0.007637 12.845295 138.0
6 19520.0 -0.955917 1.01332 0.0 -0.837671 1.813123 -12.895076 -0.2088 0.007637 12.845295 138.0
7 19520.0 -0.945057 0.952661 0.0 -0.798843 1.813123 -12.895076 -0.2088 0.007637 12.845295 138.0
8 19520.0 -0.939162 0.939575 0.0 -0.787951 1.813123 -12.895076 -0.2088 0.007637 12.845295 138.0
9 19520.0 -0.917386 0.893849 0.0 -0.742439 1.813123 -12.895076 -0.2088 0.007637 12.845295 138.0
10 19520.0 -0.902762 0.865776 0.0 -0.713026 1.813123 -12.895076 -0.2088 0.007637 12.845295 138.0
11 19520.0 -0.924787 0.839354 0.0 -0.697411 1.813123 -12.895076 -0.2088 0.007637 12.845295 138.0
12 19520.0 -0.9286 0.806735 0.0 -0.670251 1.813123 -12.895076 -0.2088 0.007637 12.845295 138.0
13 19520.0 -0.910982 0.798945 0.0 -0.657515 1.813123 -12.895076 -0.2088 0.007637 12.845295 138.0
14 19520.0 -0.893549 0.788412 0.0 -0.642451 1.813123 -12.895076 -0.2088 0.007637 12.845295 138.0
15 19520.0 -0.860514 0.768754 0.0 -0.614187 1.813123 -12.895076 -0.2088 0.007637 12.845295 138.0
16 19520.0 -0.882548 0.758225 0.0 -0.612477 1.813123 -12.895076 -0.2088 0.007637 12.845295 138.0
17 19520.0 -0.901073 0.757997 0.0 -0.618536 1.813123 -12.895076 -0.2088 0.007637 12.845295 138.0
18 19520.0 -0.885017 0.739371 0.0 -0.596924 1.813123 -12.895076 -0.2088 0.007637 12.845295 138.0
19 19520.0 -0.885196 0.729622 0.0 -0.588511 1.813123 -12.895076 -0.2088 0.007637 12.845295 138.0
20 19520.0 -0.860845 0.712284 0.0 -0.563748 1.813123 -12.895076 -0.2088 0.007637 12.845295 138.0
21 19520.0 -0.838731 0.721528 0.0 -0.565448 1.813123 -12.895076 -0.2088 0.007637 12.845295 138.0
22 19520.0 -0.833067 0.712152 0.0 -0.552985 1.813123 -12.895076 -0.2088 0.007637 12.845295 138.0
23 19520.0 -0.866064 0.709521 0.0 -0.56271 1.813123 -12.895076 -0.2088 0.007637 12.845295 138.0
24 19520.0 -0.851525 0.704825 0.0 -0.551993 1.813123 -12.895076 -0.2088 0.007637 12.845295 138.0
25 19520.0 -0.855035 0.704988 0.0 -0.553515 1.813123 -12.895076 -0.2088 0.007637 12.845295 138.0
26 19520.0 -0.844994 0.71833 0.0 -0.564329 1.813123 -12.895076 -0.2088 0.007637 12.845295 138.0
27 19520.0 -0.841577 0.680689 0.0 -0.521684 1.813123 -12.895076 -0.2088 0.007637 12.845295 138.0
28 19520.0 -0.827298 0.669908 0.0 -0.504356 1.813123 -12.895076 -0.2088 0.007637 12.845295 138.0
29 19520.0 -0.816697 0.667409 0.0 -0.497176 1.813123 -12.895076 -0.2088 0.007637 12.845295 138.0
30 19520.0 -0.825411 0.669065 0.0 -0.502633 1.813123 -12.895076 -0.2088 0.007637 12.845295 138.0
31 19520.0 -0.81422 0.66802 0.0 -0.496834 1.813123 -12.895076 -0.2088 0.007637 12.845295 138.0
32 19520.0 -0.81475 0.658553 0.0 -0.486469 1.813123 -12.895076 -0.2088 0.007637 12.845295 138.0
33 19520.0 -0.81054 0.670001 0.0 -0.497526 1.813123 -12.895076 -0.2088 0.007637 12.845295 138.0
34 19520.0 -0.802596 0.65368 0.0 -0.47599 1.813123 -12.895076 -0.2088 0.007637 12.845295 138.0
35 19520.0 -0.809016 0.66363 0.0 -0.489772 1.813123 -12.895076 -0.2088 0.007637 12.845295 138.0
36 19520.0 -0.812548 0.667954 0.0 -0.496068 1.813123 -12.895076 -0.2088 0.007637 12.845295 138.0
37 19520.0 -0.838597 0.649667 0.0 -0.4864 1.813123 -12.895076 -0.2088 0.007637 12.845295 138.0
38 19520.0 -0.823556 0.663126 0.0 -0.495224 1.813123 -12.895076 -0.2088 0.007637 12.845295 138.0
39 19520.0 -0.81225 0.666498 0.0 -0.494317 1.813123 -12.895076 -0.2088 0.007637 12.845295 138.0
40 19520.0 -0.788565 0.639424 0.0 -0.454244 1.813123 -12.895076 -0.2088 0.007637 12.845295 138.0
41 19520.0 -0.790445 0.643657 0.0 -0.459755 1.813123 -12.895076 -0.2088 0.007637 12.845295 138.0
42 19520.0 -0.753288 0.660859 0.0 -0.463614 1.813123 -12.895076 -0.2088 0.007637 12.845295 138.0
43 19520.0 -0.740694 0.666525 0.0 -0.46474 1.813123 -12.895076 -0.2088 0.007637 12.845295 138.0
44 19520.0 -0.749867 0.658673 0.0 -0.459755 1.813123 -12.895076 -0.2088 0.007637 12.845295 138.0
45 19520.0 -0.760137 0.663796 0.0 -0.469733 1.813123 -12.895076 -0.2088 0.007637 12.845295 138.0
46 19520.0 -0.747743 0.657646 0.0 -0.457728 1.813123 -12.895076 -0.2088 0.007637 12.845295 138.0
47 19520.0 -0.718121 0.628982 0.0 -0.413421 1.813123 -12.895076 -0.2088 0.007637 12.845295 138.0
48 19520.0 -0.731271 0.612671 0.0 -0.400624 1.813123 -12.895076 -0.2088 0.007637 12.845295 138.0
49 19520.0 -0.715534 0.621671 0.0 -0.404176 1.813123 -12.895076 -0.2088 0.007637 12.845295 138.0
50 19520.0 -0.729196 0.631045 0.0 -0.42031 1.813123 -12.895076 -0.2088 0.007637 12.845295 138.0
51 19520.0 -0.702942 0.629664 0.0 -0.407903 1.813123 -12.895076 -0.2088 0.007637 12.845295 138.0
52 19520.0 -0.702853 0.609522 0.0 -0.385344 1.813123 -12.895076 -0.2088 0.007637 12.845295 138.0
53 19520.0 -0.695356 0.631364 0.0 -0.406666 1.813123 -12.895076 -0.2088 0.007637 12.845295 138.0
54 19520.0 -0.682065 0.610476 0.0 -0.377809 1.813123 -12.895076 -0.2088 0.007637 12.845295 138.0
55 19520.0 -0.671096 0.625153 0.0 -0.389682 1.813123 -12.895076 -0.2088 0.007637 12.845295 138.0
56 19520.0 -0.662101 0.600435 0.0 -0.358322 1.813123 -12.895076 -0.2088 0.007637 12.845295 138.0
57 19520.0 -0.684648 0.59318 0.0 -0.359539 1.813123 -12.895076 -0.2088 0.007637 12.845295 138.0
58 19520.0 -0.675196 0.583536 0.0 -0.344844 1.813123 -12.895076 -0.2088 0.007637 12.845295 138.0
59 19520.0 -0.629916 0.564551 0.0 -0.300616 1.813123 -12.895076 -0.2088 0.007637 12.845295 138.0
60 19520.0 -0.602388 0.574101 0.0 -0.298517 1.813123 -12.895076 -0.2088 0.007637 12.845295 138.0
61 19520.0 -0.576614 0.57205 0.0 -0.279784 1.813123 -12.895076 -0.2088 0.007637 12.845295 138.0
62 19520.0 -0.535344 0.597338 0.0 -0.286249 1.813123 -12.895076 -0.2088 0.007637 12.845295 138.0
63 19520.0 -0.514793 0.609457 0.0 -0.288147 1.813123 -12.895076 -0.2088 0.007637 12.845295 138.0
64 19520.0 -0.506865 0.600795 0.0 -0.265315 1.813123 -12.895076 -0.2088 0.007637 12.845295 138.0
65 19520.0 -0.515748 0.599347 0.0 -0.271191 1.813123 -12.895076 -0.2088 0.007637 12.845295 138.0
66 19520.0 -0.501222 0.590527 0.0 -0.241816 1.813123 -12.895076 -0.2088 0.007637 12.845295 138.0
67 19520.0 -0.500527 0.58105 0.0 -0.22441 1.813123 -12.895076 -0.2088 0.007637 12.845295 138.0
68 19520.0 -0.501391 0.593831 0.0 -0.247813 1.813123 -12.895076 -0.2088 0.007637 12.845295 138.0
69 19520.0 -0.501888 0.584726 0.0 -0.232199 1.813123 -12.895076 -0.2088 0.007637 12.845295 138.0
70 19520.0 -0.485363 0.575468 0.0 -0.202301 1.813123 -12.895076 -0.2088 0.007637 12.845295 138.0
71 19520.0 -0.459068 0.56297 0.0 -0.16732 1.813123 -12.895076 -0.2088 0.007637 12.845295 138.0
72 19520.0 -0.429529 0.569942 0.0 -0.156685 1.813123 -12.895076 -0.2088 0.007637 12.845295 138.0
73 19520.0 -0.380231 0.540752 0.0 -0.106023 1.813123 -12.895076 -0.2088 0.007637 12.845295 138.0
74 19520.0 -0.375046 0.525227 0.0 -0.089214 1.813123 -12.895076 -0.2088 0.007637 12.845295 138.0
75 19520.0 -0.376889 0.548452 0.0 -0.112065 1.813123 -12.895076 -0.2088 0.007637 12.845295 138.0
76 19520.0 -0.378343 0.538749 0.0 -0.103381 1.813123 -12.895076 -0.2088 0.007637 12.845295 138.0
77 19520.0 -0.373387 0.538319 0.0 -0.101048 1.813123 -12.895076 -0.2088 0.007637 12.845295 138.0
78 19520.0 -0.338508 0.522118 0.0 -0.072076 1.813123 -12.895076 -0.2088 0.007637 12.845295 138.0
79 19520.0 -0.329013 0.517685 0.0 -0.064168 1.813123 -12.895076 -0.2088 0.007637 12.845295 138.0
80 19520.0 -0.328344 0.536715 0.0 -0.082046 1.813123 -12.895076 -0.2088 0.007637 12.845295 138.0
81 19520.0 -0.300863 0.519976 0.0 -0.055431 1.813123 -12.895076 -0.2088 0.007637 12.845295 138.0
82 19520.0 -0.287932 0.527651 0.0 -0.057729 1.813123 -12.895076 -0.2088 0.007637 12.845295 138.0
83 19520.0 -0.270233 0.535766 0.0 -0.058597 1.813123 -12.895076 -0.2088 0.007637 12.845295 138.0
84 19520.0 -0.282958 0.488033 0.0 -0.021548 1.813123 -12.895076 -0.2088 0.007637 12.845295 138.0
85 19520.0 -0.267631 0.471399 0.0 -0.003421 1.813123 -12.895076 -0.2088 0.007637 12.845295 138.0
86 19520.0 -0.286915 0.489242 0.0 -0.023745 1.813123 -12.895076 -0.2088 0.007637 12.845295 138.0
87 19520.0 -0.280085 0.497712 0.0 -0.028451 1.813123 -12.895076 -0.2088 0.007637 12.845295 138.0
88 19520.0 -0.247086 0.492994 0.0 -0.014452 1.813123 -12.895076 -0.2088 0.007637 12.845295 138.0
89 19520.0 -0.251128 0.481455 0.0 -0.006413 1.813123 -12.895076 -0.2088 0.007637 12.845295 138.0
90 19520.0 -0.241817 0.48778 0.0 -0.008626 1.813123 -12.895076 -0.2088 0.007637 12.845295 138.0
91 19520.0 -0.225591 0.505714 0.0 -0.018045 1.813123 -12.895076 -0.2088 0.007637 12.845295 138.0
92 19520.0 -0.203269 0.505642 0.0 -0.011086 1.813123 -12.895076 -0.2088 0.007637 12.845295 138.0
93 19520.0 -0.16742 0.516541 0.0 -0.008775 1.813123 -12.895076 -0.2088 0.007637 12.845295 138.0
94 19520.0 -0.164449 0.539844 0.0 -0.026614 1.813123 -12.895076 -0.2088 0.007637 12.845295 138.0
95 19520.0 -0.165739 0.537759 0.0 -0.025335 1.813123 -12.895076 -0.2088 0.007637 12.845295 138.0
96 19520.0 -0.143024 0.524915 0.0 -0.007974 1.813123 -12.895076 -0.2088 0.007637 12.845295 138.0
97 19520.0 -0.148151 0.534202 0.0 -0.017034 1.813123 -12.895076 -0.2088 0.007637 12.845295 138.0
98 19520.0 -0.121405 0.517378 0.0 0.003066 1.813123 -12.895076 -0.2088 0.007637 12.845295 138.0
99 19520.0 -0.127344 0.522222 0.0 -0.001392 1.813123 -12.895076 -0.2088 0.007637 12.845295 138.0
100 19520.0 -0.123989 0.507909 0.0 0.008976 1.813123 -12.895076 -0.2088 0.007637 12.845295 138.0
101 19520.0 -0.129363 0.50698 0.0 0.008544 1.813123 -12.895076 -0.2088 0.007637 12.845295 138.0
102 19520.0 -0.103409 0.497642 0.0 0.015682 1.813123 -12.895076 -0.2088 0.007637 12.845295 138.0
103 19520.0 -0.099987 0.509718 0.0 0.010763 1.813123 -12.895076 -0.2088 0.007637 12.845295 138.0
104 19520.0 -0.080535 0.504148 0.0 0.011736 1.813123 -12.895076 -0.2088 0.007637 12.845295 138.0
105 19520.0 -0.078418 0.484264 0.0 0.019359 1.813123 -12.895076 -0.2088 0.007637 12.845295 138.0
106 19520.0 -0.07247 0.463651 0.0 0.027029 1.813123 -12.895076 -0.2088 0.007637 12.845295 138.0
107 19520.0 -0.067749 0.449152 0.0 0.033104 1.813123 -12.895076 -0.2088 0.007637 12.845295 138.0
108 19520.0 -0.086806 0.469137 0.0 0.025773 1.813123 -12.895076 -0.2088 0.007637 12.845295 138.0
109 19520.0 -0.076027 0.499259 0.0 0.013365 1.813123 -12.895076 -0.2088 0.007637 12.845295 138.0
110 19520.0 -0.079002 0.493745 0.0 0.015698 1.813123 -12.895076 -0.2088 0.007637 12.845295 138.0
111 19520.0 -0.084234 0.504107 0.0 0.01198 1.813123 -12.895076 -0.2088 0.007637 12.845295 138.0
112 19520.0 -0.083892 0.473948 0.0 0.023718 1.813123 -12.895076 -0.2088 0.007637 12.845295 138.0
113 19520.0 -0.058737 0.46479 0.0 0.025739 1.813123 -12.895076 -0.2088 0.007637 12.845295 138.0
114 19520.0 -0.06521 0.478864 0.0 0.020651 1.813123 -12.895076 -0.2088 0.007637 12.845295 138.0
115 19520.0 -0.083773 0.504407 0.0 0.011835 1.813123 -12.895076 -0.2088 0.007637 12.845295 138.0
116 19520.0 -0.074038 0.49054 0.0 0.016642 1.813123 -12.895076 -0.2088 0.007637 12.845295 138.0
117 19520.0 -0.06435 0.521359 0.0 0.004029 1.813123 -12.895076 -0.2088 0.007637 12.845295 138.0
118 19520.0 -0.045715 0.518217 0.0 0.004106 1.813123 -12.895076 -0.2088 0.007637 12.845295 138.0
119 19520.0 -0.042578 0.523128 0.0 0.001998 1.813123 -12.895076 -0.2088 0.007637 12.845295 138.0
120 19520.0 -0.038136 0.516805 0.0 0.00419 1.813123 -12.895076 -0.2088 0.007637 12.845295 138.0
121 19520.0 -0.015195 0.541822 0.0 -0.005273 1.813123 -12.895076 -0.2088 0.007637 12.845295 138.0
122 19520.0 -0.025637 0.544476 0.0 -0.005872 1.813123 -12.895076 -0.2088 0.007637 12.845295 138.0
123 19520.0 -0.028213 0.554656 0.0 -0.008948 1.813123 -12.895076 -0.2088 0.007637 12.845295 138.0
124 19520.0 -0.029387 0.567447 0.0 -0.014123 1.813123 -12.895076 -0.2088 0.007637 12.845295 138.0
125 19520.0 -0.014488 0.567338 0.0 -0.01313 1.813123 -12.895076 -0.2088 0.007637 12.845295 138.0
126 19520.0 -0.020563 0.546509 0.0 -0.006602 1.813123 -12.895076 -0.2088 0.007637 12.845295 138.0
127 19520.0 -0.024965 0.511502 0.0 0.005446 1.813123 -12.895076 -0.2088 0.007637 12.845295 138.0
128 19520.0 -0.009949 0.529575 0.0 -0.001617 1.813123 -12.895076 -0.2088 0.007637 12.845295 138.0
129 19520.0 0.005515 0.532093 0.0 -0.002711 1.813123 -12.895076 -0.2088 0.007637 12.845295 138.0
130 19520.0 0.003687 0.534158 0.0 -0.003308 1.813123 -12.895076 -0.2088 0.007637 12.845295 138.0
131 19520.0 0.012846 0.520475 0.0 0.000708 1.813123 -12.895076 -0.2088 0.007637 12.845295 138.0
132 19520.0 0.035171 0.529384 0.0 -0.002493 1.813123 -12.895076 -0.2088 0.007637 12.845295 138.0
133 19520.0 0.040282 0.530344 0.0 -0.002894 1.813123 -12.895076 -0.2088 0.007637 12.845295 138.0
134 19520.0 0.057443 0.522052 0.0 -0.000701 1.813123 -12.895076 -0.2088 0.007637 12.845295 138.0
135 19520.0 0.068729 0.536245 0.0 -0.004963 1.813123 -12.895076 -0.2088 0.007637 12.845295 138.0
136 19520.0 0.079506 0.546096 0.0 -0.002927 1.813123 -12.895076 -0.2088 0.007637 12.845295 138.0
137 19520.0 0.077937 0.536253 0.0 -0.003493 1.813123 -12.895076 -0.2088 0.007637 12.845295 138.0
138 19520.0 0.064071 0.539786 0.0 -0.005594 1.813123 -12.895076 -0.2088 0.007637 12.845295 138.0
139 19520.0 0.089459 0.51257 0.0 0.001551 1.813123 -12.895076 -0.2088 0.007637 12.845295 138.0
140 19520.0 0.097836 0.52171 0.0 -0.00078 1.813123 -12.895076 -0.2088 0.007637 12.845295 138.0
141 19520.0 0.092754 0.523807 0.0 -0.001524 1.813123 -12.895076 -0.2088 0.007637 12.845295 138.0
142 19520.0 0.124059 0.524947 0.0 0.003512 1.813123 -12.895076 -0.2088 0.007637 12.845295 138.0
143 19520.0 0.146479 0.523484 0.0 0.007046 1.813123 -12.895076 -0.2088 0.007637 12.845295 138.0
144 19520.0 0.178841 0.511744 0.0 0.011839 1.813123 -12.895076 -0.2088 0.007637 12.845295 138.0
145 19520.0 0.150888 0.541117 0.0 0.008314 1.813123 -12.895076 -0.2088 0.007637 12.845295 138.0
146 19520.0 0.150002 0.524012 0.0 0.007626 1.813123 -12.895076 -0.2088 0.007637 12.845295 138.0
147 19520.0 0.157082 0.525465 0.0 0.008803 1.813123 -12.895076 -0.2088 0.007637 12.845295 138.0
148 19520.0 0.156154 0.485445 0.0 0.009239 1.813123 -12.895076 -0.2088 0.007637 12.845295 138.0
149 19520.0 0.150936 0.479378 0.0 0.011517 1.813123 -12.895076 -0.2088 0.007637 12.845295 138.0
150 19520.0 0.150569 0.477234 0.0 0.012305 1.813123 -12.895076 -0.2088 0.007637 12.845295 138.0
151 19520.0 0.144361 0.506903 0.0 0.006177 1.813123 -12.895076 -0.2088 0.007637 12.845295 138.0
152 19520.0 0.153986 0.481832 0.0 0.010585 1.813123 -12.895076 -0.2088 0.007637 12.845295 138.0
153 19520.0 0.180018 0.490608 0.0 0.012881 1.813123 -12.895076 -0.2088 0.007637 12.845295 138.0
154 19520.0 0.19042 0.504108 0.0 0.013444 1.813123 -12.895076 -0.2088 0.007637 12.845295 138.0
155 19520.0 0.172146 0.508596 0.0 0.010669 1.813123 -12.895076 -0.2088 0.007637 12.845295 138.0
156 19520.0 0.184757 0.508533 0.0 0.012681 1.813123 -12.895076 -0.2088 0.007637 12.845295 138.0
157 19520.0 0.212599 0.505687 0.0 0.017902 1.813123 -12.895076 -0.2088 0.007637 12.845295 138.0
158 19520.0 0.219653 0.528076 0.0 0.034901 1.813123 -12.895076 -0.2088 0.007637 12.845295 138.0
159 19520.0 0.220829 0.518263 0.0 0.030436 1.813123 -12.895076 -0.2088 0.007637 12.845295 138.0
160 19520.0 0.229853 0.5253 0.0 0.040747 1.813123 -12.895076 -0.2088 0.007637 12.845295 138.0
161 19520.0 0.261172 0.529379 0.0 0.065518 1.813123 -12.895076 -0.2088 0.007637 12.845295 138.0
162 19520.0 0.258273 0.544914 0.0 0.07184 1.813123 -12.895076 -0.2088 0.007637 12.845295 138.0
163 19520.0 0.267271 0.535383 0.0 0.073163 1.813123 -12.895076 -0.2088 0.007637 12.845295 138.0
164 19520.0 0.255559 0.548008 0.0 0.07156 1.813123 -12.895076 -0.2088 0.007637 12.845295 138.0
165 19520.0 0.267587 0.524982 0.0 0.06776 1.813123 -12.895076 -0.2088 0.007637 12.845295 138.0
166 19520.0 0.293291 0.53097 0.0 0.08952 1.813123 -12.895076 -0.2088 0.007637 12.845295 138.0
167 19520.0 0.324589 0.493222 0.0 0.096025 1.813123 -12.895076 -0.2088 0.007637 12.845295 138.0
168 19520.0 0.332955 0.510312 0.0 0.109165 1.813123 -12.895076 -0.2088 0.007637 12.845295 138.0
169 19520.0 0.325751 0.498825 0.0 0.099159 1.813123 -12.895076 -0.2088 0.007637 12.845295 138.0
170 19520.0 0.32543 0.510452 0.0 0.103633 1.813123 -12.895076 -0.2088 0.007637 12.845295 138.0
171 19520.0 0.313279 0.534541 0.0 0.105853 1.813123 -12.895076 -0.2088 0.007637 12.845295 138.0
172 19520.0 0.327561 0.529023 0.0 0.113156 1.813123 -12.895076 -0.2088 0.007637 12.845295 138.0
173 19520.0 0.327592 0.518611 0.0 0.108546 1.813123 -12.895076 -0.2088 0.007637 12.845295 138.0
174 19520.0 0.34876 0.540523 0.0 0.134654 1.813123 -12.895076 -0.2088 0.007637 12.845295 138.0
175 19520.0 0.366507 0.546165 0.0 0.150494 1.813123 -12.895076 -0.2088 0.007637 12.845295 138.0
176 19520.0 0.388401 0.544387 0.0 0.165333 1.813123 -12.895076 -0.2088 0.007637 12.845295 138.0
177 19520.0 0.404254 0.539927 0.0 0.174319 1.813123 -12.895076 -0.2088 0.007637 12.845295 138.0
178 19520.0 0.397319 0.552451 0.0 0.17626 1.813123 -12.895076 -0.2088 0.007637 12.845295 138.0
179 19520.0 0.405623 0.533404 0.0 0.172495 1.813123 -12.895076 -0.2088 0.007637 12.845295 138.0
180 19520.0 0.408709 0.53369 0.0 0.174903 1.813123 -12.895076 -0.2088 0.007637 12.845295 138.0
181 19520.0 0.413249 0.537961 0.0 0.180008 1.813123 -12.895076 -0.2088 0.007637 12.845295 138.0
182 19520.0 0.419048 0.54577 0.0 0.188985 1.813123 -12.895076 -0.2088 0.007637 12.845295 138.0
183 19520.0 0.425738 0.541579 0.0 0.191769 1.813123 -12.895076 -0.2088 0.007637 12.845295 138.0
184 19520.0 0.416301 0.531331 0.0 0.179586 1.813123 -12.895076 -0.2088 0.007637 12.845295 138.0
185 19520.0 0.450348 0.527704 0.0 0.205355 1.813123 -12.895076 -0.2088 0.007637 12.845295 138.0
186 19520.0 0.479435 0.543625 0.0 0.239913 1.813123 -12.895076 -0.2088 0.007637 12.845295 138.0
187 19520.0 0.469916 0.535337 0.0 0.226818 1.813123 -12.895076 -0.2088 0.007637 12.845295 138.0
188 19520.0 0.483958 0.549253 0.0 0.247108 1.813123 -12.895076 -0.2088 0.007637 12.845295 138.0
189 19520.0 0.506831 0.531017 0.0 0.256619 1.813123 -12.895076 -0.2088 0.007637 12.845295 138.0
190 19520.0 0.533159 0.542742 0.0 0.286396 1.813123 -12.895076 -0.2088 0.007637 12.845295 138.0
191 19520.0 0.503908 0.556852 0.0 0.269205 1.813123 -12.895076 -0.2088 0.007637 12.845295 138.0
192 19520.0 0.50633 0.557327 0.0 0.271608 1.813123 -12.895076 -0.2088 0.007637 12.845295 138.0
193 19520.0 0.518169 0.533941 0.0 0.268219 1.813123 -12.895076 -0.2088 0.007637 12.845295 138.0
194 19520.0 0.524941 0.505064 0.0 0.257692 1.813123 -12.895076 -0.2088 0.007637 12.845295 138.0
195 19520.0 0.513488 0.508802 0.0 0.249803 1.813123 -12.895076 -0.2088 0.007637 12.845295 138.0
196 19520.0 0.54007 0.533544 0.0 0.287147 1.813123 -12.895076 -0.2088 0.007637 12.845295 138.0
197 19520.0 0.574313 0.553627 0.0 0.328655 1.813123 -12.895076 -0.2088 0.007637 12.845295 138.0
198 19520.0 0.595025 0.562831 0.0 0.352067 1.813123 -12.895076 -0.2088 0.007637 12.845295 138.0
199 19520.0 0.637258 0.560445 0.0 0.387634 1.813123 -12.895076 -0.2088 0.007637 12.845295 138.0
200 19520.0 0.649627 0.574997 0.0 0.406826 1.813123 -12.895076 -0.2088 0.007637 12.845295 138.0
201 19520.0 0.634458 0.596945 0.0 0.409014 1.813123 -12.895076 -0.2088 0.007637 12.845295 138.0
202 19520.0 0.645044 0.60141 0.0 0.421214 1.813123 -12.895076 -0.2088 0.007637 12.845295 138.0
203 19520.0 0.670782 0.629928 0.0 0.463444 1.813123 -12.895076 -0.2088 0.007637 12.845295 138.0
204 19520.0 0.67821 0.644076 0.0 0.479843 1.813123 -12.895076 -0.2088 0.007637 12.845295 138.0
205 19520.0 0.652048 0.652292 0.0 0.463387 1.813123 -12.895076 -0.2088 0.007637 12.845295 138.0
206 19520.0 0.658079 0.635182 0.0 0.456355 1.813123 -12.895076 -0.2088 0.007637 12.845295 138.0
207 19520.0 0.656754 0.636746 0.0 0.456338 1.813123 -12.895076 -0.2088 0.007637 12.845295 138.0
208 19520.0 0.648817 0.630297 0.0 0.444984 1.813123 -12.895076 -0.2088 0.007637 12.845295 138.0
209 19520.0 0.656424 0.623494 0.0 0.446627 1.813123 -12.895076 -0.2088 0.007637 12.845295 138.0
210 19520.0 0.667271 0.626358 0.0 0.457911 1.813123 -12.895076 -0.2088 0.007637 12.845295 138.0
211 19520.0 0.692671 0.6364 0.0 0.486707 1.813123 -12.895076 -0.2088 0.007637 12.845295 138.0
212 19520.0 0.701446 0.637178 0.0 0.494741 1.813123 -12.895076 -0.2088 0.007637 12.845295 138.0
213 19520.0 0.702483 0.624459 0.0 0.486576 1.813123 -12.895076 -0.2088 0.007637 12.845295 138.0
214 19520.0 0.721658 0.626807 0.0 0.504591 1.813123 -12.895076 -0.2088 0.007637 12.845295 138.0
215 19520.0 0.731415 0.662595 0.0 0.538372 1.813123 -12.895076 -0.2088 0.007637 12.845295 138.0
216 19520.0 0.719428 0.6522 0.0 0.520757 1.813123 -12.895076 -0.2088 0.007637 12.845295 138.0
217 19520.0 0.735262 0.655142 0.0 0.536348 1.813123 -12.895076 -0.2088 0.007637 12.845295 138.0
218 19520.0 0.733327 0.661548 0.0 0.539256 1.813123 -12.895076 -0.2088 0.007637 12.845295 138.0
219 19520.0 0.737616 0.683309 0.0 0.558396 1.813123 -12.895076 -0.2088 0.007637 12.845295 138.0
220 19520.0 0.76653 0.686303 0.0 0.585172 1.813123 -12.895076 -0.2088 0.007637 12.845295 138.0
221 19520.0 0.769152 0.661868 0.0 0.570021 1.813123 -12.895076 -0.2088 0.007637 12.845295 138.0
222 19520.0 0.769605 0.66884 0.0 0.575368 1.813123 -12.895076 -0.2088 0.007637 12.845295 138.0
223 19520.0 0.771286 0.655881 0.0 0.567581 1.813123 -12.895076 -0.2088 0.007637 12.845295 138.0
224 19520.0 0.762404 0.657986 0.0 0.561507 1.813123 -12.895076 -0.2088 0.007637 12.845295 138.0
225 19520.0 0.760445 0.661267 0.0 0.562171 1.813123 -12.895076 -0.2088 0.007637 12.845295 138.0
226 19520.0 0.777222 0.685127 0.0 0.593449 1.813123 -12.895076 -0.2088 0.007637 12.845295 138.0
227 19520.0 0.789065 0.691873 0.0 0.608344 1.813123 -12.895076 -0.2088 0.007637 12.845295 138.0
228 19520.0 0.762811 0.711404 0.0 0.599862 1.813123 -12.895076 -0.2088 0.007637 12.845295 138.0
229 19520.0 0.780252 0.702104 0.0 0.608112 1.813123 -12.895076 -0.2088 0.007637 12.845295 138.0
230 19520.0 0.779058 0.693706 0.0 0.601119 1.813123 -12.895076 -0.2088 0.007637 12.845295 138.0
231 19520.0 0.756003 0.717394 0.0 0.59832 1.813123 -12.895076 -0.2088 0.007637 12.845295 138.0
232 19520.0 0.754739 0.712949 0.0 0.59408 1.813123 -12.895076 -0.2088 0.007637 12.845295 138.0
233 19520.0 0.775626 0.717814 0.0 0.615346 1.813123 -12.895076 -0.2088 0.007637 12.845295 138.0
234 19520.0 0.800691 0.726549 0.0 0.643271 1.813123 -12.895076 -0.2088 0.007637 12.845295 138.0
235 19520.0 0.811323 0.738157 0.0 0.661036 1.813123 -12.895076 -0.2088 0.007637 12.845295 138.0
236 19520.0 0.809402 0.737832 0.0 0.659127 1.813123 -12.895076 -0.2088 0.007637 12.845295 138.0
237 19520.0 0.786716 0.745103 0.0 0.644729 1.813123 -12.895076 -0.2088 0.007637 12.845295 138.0
238 19520.0 0.81022 0.754683 0.0 0.672203 1.813123 -12.895076 -0.2088 0.007637 12.845295 138.0
239 19520.0 0.801743 0.737756 0.0 0.652409 1.813123 -12.895076 -0.2088 0.007637 12.845295 138.0
240 19520.0 0.808578 0.739324 0.0 0.659505 1.813123 -12.895076 -0.2088 0.007637 12.845295 138.0
241 19520.0 0.803866 0.723504 0.0 0.643799 1.813123 -12.895076 -0.2088 0.007637 12.845295 138.0
242 19520.0 0.780813 0.74612 0.0 0.640339 1.813123 -12.895076 -0.2088 0.007637 12.845295 138.0
243 19520.0 0.788824 0.768103 0.0 0.663438 1.813123 -12.895076 -0.2088 0.007637 12.845295 138.0
244 19520.0 0.801541 0.788817 0.0 0.689698 1.813123 -12.895076 -0.2088 0.007637 12.845295 138.0
245 19520.0 0.806964 0.804042 0.0 0.705586 1.813123 -12.895076 -0.2088 0.007637 12.845295 138.0
246 19520.0 0.813905 0.824015 0.0 0.726278 1.813123 -12.895076 -0.2088 0.007637 12.845295 138.0
247 19520.0 0.832918 0.815928 0.0 0.736883 1.813123 -12.895076 -0.2088 0.007637 12.845295 138.0
248 19520.0 0.849514 0.81875 0.0 0.75339 1.813123 -12.895076 -0.2088 0.007637 12.845295 138.0
249 19520.0 0.835906 0.842342 0.0 0.758863 1.813123 -12.895076 -0.2088 0.007637 12.845295 138.0
250 19520.0 0.859135 0.864739 0.0 0.795503 1.813123 -12.895076 -0.2088 0.007637 12.845295 138.0
251 19520.0 0.875835 0.877396 0.0 0.819316 1.813123 -12.895076 -0.2088 0.007637 12.845295 138.0
252 19520.0 0.880896 0.873015 0.0 0.820503 1.813123 -12.895076 -0.2088 0.007637 12.845295 138.0
253 19520.0 0.896728 0.877038 0.0 0.837226 1.813123 -12.895076 -0.2088 0.007637 12.845295 138.0
254 19520.0 0.873335 0.887955 0.0 0.824888 1.813123 -12.895076 -0.2088 0.007637 12.845295 138.0
255 19520.0 0.880432 0.897081 0.0 0.837758 1.813123 -12.895076 -0.2088 0.007637 12.845295 138.0
256 19520.0 0.883816 0.910119 0.0 0.850268 1.813123 -12.895076 -0.2088 0.007637 12.845295 138.0
257 19520.0 0.891306 0.912195 0.0 0.858306 1.813123 -12.895076 -0.2088 0.007637 12.845295 138.0
258 19520.0 0.888346 0.933074 0.0 0.870871 1.813123 -12.895076 -0.2088 0.007637 12.845295 138.0
259 19520.0 0.891993 0.952268 0.0 0.887717 1.813123 -12.895076 -0.2088 0.007637 12.845295 138.0
260 19520.0 0.891731 0.946536 0.0 0.883394 1.813123 -12.895076 -0.2088 0.007637 12.845295 138.0
261 19520.0 0.912275 0.967165 0.0 0.915734 1.813123 -12.895076 -0.2088 0.007637 12.845295 138.0
262 19520.0 0.903522 0.989439 0.0 0.920512 1.813123 -12.895076 -0.2088 0.007637 12.845295 138.0
263 19520.0 0.92893 1.021398 0.0 0.940125 1.813123 -12.895076 -0.2088 0.007637 12.845295 138.0
264 19520.0 0.934127 1.04788 0.0 0.942853 1.813123 -12.895076 -0.2088 0.007637 12.845295 138.0
265 19520.0 0.947925 1.083204 0.0 0.949493 1.813123 -12.895076 -0.2088 0.007637 12.845295 138.0
266 19520.0 0.978964 1.094224 0.0 0.962904 1.813123 -12.895076 -0.2088 0.007637 12.845295 138.0
267 19520.0 0.991002 1.088606 0.0 0.967884 1.813123 -12.895076 -0.2088 0.007637 12.845295 138.0
268 19520.0 0.969272 1.125564 0.0 0.959492 1.813123 -12.895076 -0.2088 0.007637 12.845295 138.0
269 19520.0 0.963232 1.140998 0.0 0.957275 1.813123 -12.895076 -0.2088 0.007637 12.845295 138.0
270 19520.0 0.935801 1.125076 0.0 0.945285 1.813123 -12.895076 -0.2088 0.007637 12.845295 138.0
271 19520.0 0.947285 1.130755 0.0 0.950283 1.813123 -12.895076 -0.2088 0.007637 12.845295 138.0
272 19520.0 0.968402 1.122818 0.0 0.959062 1.813123 -12.895076 -0.2088 0.007637 12.845295 138.0
273 19520.0 0.950645 1.139507 0.0 0.951903 1.813123 -12.895076 -0.2088 0.007637 12.845295 138.0
274 19520.0 0.951628 1.157383 0.0 0.952719 1.813123 -12.895076 -0.2088 0.007637 12.845295 138.0
275 19520.0 0.948626 1.143847 0.0 0.951144 1.813123 -12.895076 -0.2088 0.007637 12.845295 138.0
276 19520.0 0.980678 1.188354 0.0 0.964064 1.813123 -12.895076 -0.2088 0.007637 12.845295 138.0
277 19520.0 0.990788 1.203585 0.0 0.965324 1.813123 -12.895076 -0.2088 0.007637 12.845295 138.0
278 19520.0 1.021739 1.205508 0.0 0.983458 1.813123 -12.895076 -0.2088 0.007637 12.845295 138.0
279 19520.0 1.008535 1.195431 0.0 0.977704 1.813123 -12.895076 -0.2088 0.007637 12.845295 138.0
280 19520.0 1.009753 1.187855 0.0 0.978051 1.813123 -12.895076 -0.2088 0.007637 12.845295 138.0
281 19520.0 1.001793 1.19055 0.0 0.974735 1.813123 -12.895076 -0.2088 0.007637 12.845295 138.0
282 19520.0 0.985162 1.161054 0.0 0.967024 1.813123 -12.895076 -0.2088 0.007637 12.845295 138.0
283 19520.0 0.987438 1.148501 0.0 0.967709 1.813123 -12.895076 -0.2088 0.007637 12.845295 138.0
284 19520.0 0.981492 1.155332 0.0 0.965339 1.813123 -12.895076 -0.2088 0.007637 12.845295 138.0
285 19520.0 0.9804 1.170179 0.0 0.965207 1.813123 -12.895076 -0.2088 0.007637 12.845295 138.0
286 19520.0 0.976778 1.191843 0.0 0.960586 1.813123 -12.895076 -0.2088 0.007637 12.845295 138.0
287 19520.0 0.980151 1.208615 0.0 0.957273 1.813123 -12.895076 -0.2088 0.007637 12.845295 138.0
