 time p.x p.y p.z deep.node-0 CV opes.bias opes.rct opes.zed opes.neff opes.nker
0 5705.0 0.050213 0.498756 0.0 0.00661 0.960877 -6.915536 -0.085292 0.014052 12.845295 75.0
1 5705.0 0.054652 0.509228 0.0 0.003299 0.960877 -6.915536 -0.085292 0.014052 12.845295 75.0
2 5705.0 0.062678 0.518932 0.0 0.00015 0.960877 -6.915536 -0.085292 0.014052 12.845295 75.0
3 5705.0 0.101578 0.522672 0.0 -0.000151 0.960877 -6.915536 -0.085292 0.014052 12.845295 75.0
4 5705.0 0.098935 0.530142 0.0 -0.000334 0.960877 -6.915536 -0.085292 0.014052 12.845295 75.0
5 5705.0 0.100392 0.511755 0.0 0.001575 0.960877 -6.915536 -0.085292 0.014052 12.845295 75.0
6 5705.0 0.074312 0.501709 0.0 0.005203 0.960877 -6.915536 -0.085292 0.014052 12.845295 75.0
7 5705.0 0.048529 0.513675 0.0 0.002059 0.960877 -6.915536 -0.085292 0.014052 12.845295 75.0
8 5705.0 0.072132 0.516637 0.0 0.00066 0.960877 -6.915536 -0.085292 0.014052 12.845295 75.0
9 5705.0 0.076651 0.531564 0.0 -0.003848 0.960877 -6.915536 -0.085292 0.014052 12.845295 75.0
10 5705.0 0.052832 0.531254 0.0 -0.003434 0.960877 -6.915536 -0.085292 0.014052 12.845295 75.0
11 5705.0 0.050064 0.527085 0.0 -0.002095 0.960877 -6.915536 -0.085292 0.014052 12.845295 75.0
12 5705.0 0.082889 0.524154 0.0 -0.001874 0.960877 -6.915536 -0.085292 0.014052 12.845295 75.0
13 5705.0 0.072885 0.516319 0.0 0.000742 0.960877 -6.915536 -0.085292 0.014052 12.845295 75.0
14 5705.0 0.059481 0.532845 0.0 -0.00406 0.960877 -6.915536 -0.085292 0.014052 12.845295 75.0
15 5705.0 0.061504 0.541996 0.0 -0.005933 0.960877 -6.915536 -0.085292 0.014052 12.845295 75.0
16 5705.0 0.046134 0.553242 0.0 -0.008028 0.960877 -6.915536 -0.085292 0.014052 12.845295 75.0
17 5705.0 0.053372 0.514595 0.0 0.001676 0.960877 -6.915536 -0.085292 0.014052 12.845295 75.0
18 5705.0 0.066208 0.518798 0.0 0.000118 0.960877 -6.915536 -0.085292 0.014052 12.845295 75.0
19 5705.0 0.074488 0.525431 0.0 -0.002092 0.960877 -6.915536 -0.085292 0.014052 12.845295 75.0
20 5705.0 0.078202 0.536415 0.0 -0.003445 0.960877 -6.915536 -0.085292 0.014052 12.845295 75.0
21 5705.0 0.071704 0.523518 0.0 -0.001446 0.960877 -6.915536 -0.085292 0.014052 12.845295 75.0
22 5705.0 0.064322 0.497656 0.0 0.006656 0.960877 -6.915536 -0.085292 0.014052 12.845295 75.0
23 5705.0 0.065604 0.466836 0.0 0.018236 0.960877 -6.915536 -0.085292 0.014052 12.845295 75.0
24 5705.0 0.057673 0.503011 0.0 0.005147 0.960877 -6.915536 -0.085292 0.014052 12.845295 75.0
25 5705.0 0.031867 0.508879 0.0 0.003878 0.960877 -6.915536 -0.085292 0.014052 12.845295 75.0
26 5705.0 0.048293 0.513221 0.0 0.002203 0.960877 -6.915536 -0.085292 0.014052 12.845295 75.0
27 5705.0 0.023346 0.515638 0.0 0.001977 0.960877 -6.915536 -0.085292 0.014052 12.845295 75.0
28 5705.0 0.036332 0.536631 0.0 -0.004744 0.960877 -6.915536 -0.085292 0.014052 12.845295 75.0
29 5705.0 0.031411 0.542611 0.0 -0.00648 0.960877 -6.915536 -0.085292 0.014052 12.845295 75.0
30 5705.0 0.027458 0.529976 0.0 -0.002515 0.960877 -6.915536 -0.085292 0.014052 12.845295 75.0
31 5705.0 0.036771 0.508956 0.0 0.003753 0.960877 -6.915536 -0.085292 0.014052 12.845295 75.0
32 5705.0 0.033263 0.498684 0.0 0.006983 0.960877 -6.915536 -0.085292 0.014052 12.845295 75.0
33 5705.0 0.000385 0.481721 0.0 0.015496 0.960877 -6.915536 -0.085292 0.014052 12.845295 75.0
34 5705.0 0.010788 0.510344 0.0 0.003865 0.960877 -6.915536 -0.085292 0.014052 12.845295 75.0
35 5705.0 -0.002201 0.509964 0.0 0.004643 0.960877 -6.915536 -0.085292 0.014052 12.845295 75.0
36 5705.0 -0.014948 0.525755 0.0 -0.000339 0.960877 -6.915536 -0.085292 0.014052 12.845295 75.0
37 5705.0 0.009106 0.514433 0.0 0.002643 0.960877 -6.915536 -0.085292 0.014052 12.845295 75.0
38 5705.0 0.000553 0.501432 0.0 0.0078 0.960877 -6.915536 -0.085292 0.014052 12.845295 75.0
39 5705.0 0.009991 0.509657 0.0 0.004092 0.960877 -6.915536 -0.085292 0.014052 12.845295 75.0
40 5705.0 0.034184 0.499143 0.0 0.006823 0.960877 -6.915536 -0.085292 0.014052 12.845295 75.0
41 5705.0 0.024553 0.510244 0.0 0.00361 0.960877 -6.915536 -0.085292 0.014052 12.845295 75.0
42 5705.0 0.029494 0.520589 0.0 0.000328 0.960877 -6.915536 -0.085292 0.014052 12.845295 75.0
43 5705.0 0.025472 0.50952 0.0 0.003814 0.960877 -6.915536 -0.085292 0.014052 12.845295 75.0
44 5705.0 0.028858 0.504599 0.0 0.005256 0.960877 -6.915536 -0.085292 0.014052 12.845295 75.0
45 5705.0 0.035568 0.482994 0.0 0.012832 0.960877 -6.915536 -0.085292 0.014052 12.845295 75.0
46 5705.0 0.035454 0.495863 0.0 0.007821 0.960877 -6.915536 -0.085292 0.014052 12.845295 75.0
47 5705.0 0.046614 0.502639 0.0 0.005491 0.960877 -6.915536 -0.085292 0.014052 12.845295 75.0
48 5705.0 0.060697 0.491355 0.0 0.008668 0.960877 -6.915536 -0.085292 0.014052 12.845295 75.0
49 5705.0 0.044876 0.495595 0.0 0.007692 0.960877 -6.915536 -0.085292 0.014052 12.845295 75.0
50 5705.0 0.059864 0.495879 0.0 0.007294 0.960877 -6.915536 -0.085292 0.014052 12.845295 75.0
51 5705.0 0.058804 0.474261 0.0 0.01526 0.960877 -6.915536 -0.085292 0.014052 12.845295 75.0
52 5705.0 0.061696 0.466544 0.0 0.01857 0.960877 -6.915536 -0.085292 0.014052 12.845295 75.0
53 5705.0 0.052845 0.472914 0.0 0.016174 0.960877 -6.915536 -0.085292 0.014052 12.845295 75.0
54 5705.0 0.058779 0.492919 0.0 0.008227 0.960877 -6.915536 -0.085292 0.014052 12.845295 75.0
55 5705.0 0.05055 0.496024 0.0 0.007442 0.960877 -6.915536 -0.085292 0.014052 12.845295 75.0
56 5705.0 0.037389 0.496219 0.0 0.007655 0.960877 -6.915536 -0.085292 0.014052 12.845295 75.0
57 5705.0 0.026013 0.50278 0.0 0.005874 0.960877 -6.915536 -0.085292 0.014052 12.845295 75.0
58 5705.0 0.037583 0.483532 0.0 0.012498 0.960877 -6.915536 -0.085292 0.014052 12.845295 75.0
59 5705.0 0.055305 0.487508 0.0 0.009962 0.960877 -6.915536 -0.085292 0.014052 12.845295 75.0
60 5705.0 0.053105 0.491173 0.0 0.008881 0.960877 -6.915536 -0.085292 0.014052 12.845295 75.0
61 5705.0 0.058565 0.519131 0.0 0.000174 0.960877 -6.915536 -0.085292 0.014052 12.845295 75.0
62 5705.0 0.069271 0.517083 0.0 0.000582 0.960877 -6.915536 -0.085292 0.014052 12.845295 75.0
63 5705.0 0.078757 0.50098 0.0 0.005335 0.960877 -6.915536 -0.085292 0.014052 12.845295 75.0
64 5705.0 0.082826 0.528842 0.0 -0.002949 0.960877 -6.915536 -0.085292 0.014052 12.845295 75.0
65 5705.0 0.095327 0.49721 0.0 0.006151 0.960877 -6.915536 -0.085292 0.014052 12.845295 75.0
66 5705.0 0.101372 0.478825 0.0 0.012271 0.960877 -6.915536 -0.085292 0.014052 12.845295 75.0
67 5705.0 0.10062 0.470391 0.0 0.015365 0.960877 -6.915536 -0.085292 0.014052 12.845295 75.0
68 5705.0 0.103482 0.477612 0.0 0.012691 0.960877 -6.915536 -0.085292 0.014052 12.845295 75.0
69 5705.0 0.132072 0.484024 0.0 0.010027 0.960877 -6.915536 -0.085292 0.014052 12.845295 75.0
70 5705.0 0.124522 0.480633 0.0 0.011352 0.960877 -6.915536 -0.085292 0.014052 12.845295 75.0
71 5705.0 0.107922 0.496671 0.0 0.006055 0.960877 -6.915536 -0.085292 0.014052 12.845295 75.0
72 5705.0 0.106109 0.529751 0.0 0.000799 0.960877 -6.915536 -0.085292 0.014052 12.845295 75.0
73 5705.0 0.101523 0.51757 0.0 -0.000236 0.960877 -6.915536 -0.085292 0.014052 12.845295 75.0
74 5705.0 0.088067 0.534305 0.0 -0.001937 0.960877 -6.915536 -0.085292 0.014052 12.845295 75.0
75 5705.0 0.090185 0.526738 0.0 -0.001841 0.960877 -6.915536 -0.085292 0.014052 12.845295 75.0
76 5705.0 0.095362 0.534678 0.0 -0.00076 0.960877 -6.915536 -0.085292 0.014052 12.845295 75.0
77 5705.0 0.088426 0.512387 0.0 0.001629 0.960877 -6.915536 -0.085292 0.014052 12.845295 75.0
78 5705.0 0.065794 0.510977 0.0 0.002531 0.960877 -6.915536 -0.085292 0.014052 12.845295 75.0
79 5705.0 0.075423 0.520767 0.0 -0.000678 0.960877 -6.915536 -0.085292 0.014052 12.845295 75.0
80 5705.0 0.081812 0.503363 0.0 0.004539 0.960877 -6.915536 -0.085292 0.014052 12.845295 75.0
81 5705.0 0.078573 0.492184 0.0 0.008042 0.960877 -6.915536 -0.085292 0.014052 12.845295 75.0
82 5705.0 0.060664 0.528845 0.0 -0.002855 0.960877 -6.915536 -0.085292 0.014052 12.845295 75.0
83 5705.0 0.042991 0.532176 0.0 -0.003513 0.960877 -6.915536 -0.085292 0.014052 12.845295 75.0
84 5705.0 0.036374 0.522016 0.0 -0.000253 0.960877 -6.915536 -0.085292 0.014052 12.845295 75.0
85 5705.0 0.049988 0.515738 0.0 0.001395 0.960877 -6.915536 -0.085292 0.014052 12.845295 75.0
86 5705.0 0.073624 0.519402 0.0 -0.000221 0.960877 -6.915536 -0.085292 0.014052 12.845295 75.0
87 5705.0 0.095789 0.510671 0.0 0.002004 0.960877 -6.915536 -0.085292 0.014052 12.845295 75.0
88 5705.0 0.124836 0.503569 0.0 0.003585 0.960877 -6.915536 -0.085292 0.014052 12.845295 75.0
89 5705.0 0.115445 0.494238 0.0 0.006647 0.960877 -6.915536 -0.085292 0.014052 12.845295 75.0
90 5705.0 0.134729 0.496662 0.0 0.005503 0.960877 -6.915536 -0.085292 0.014052 12.845295 75.0
91 5705.0 0.127271 0.481076 0.0 0.011159 0.960877 -6.915536 -0.085292 0.014052 12.845295 75.0
92 5705.0 0.137026 0.464331 0.0 0.017177 0.960877 -6.915536 -0.085292 0.014052 12.845295 75.0
93 5705.0 0.142969 0.478247 0.0 0.012019 0.960877 -6.915536 -0.085292 0.014052 12.845295 75.0
94 5705.0 0.150093 0.486149 0.0 0.009049 0.960877 -6.915536 -0.085292 0.014052 12.845295 75.0
95 5705.0 0.140992 0.502618 0.0 0.005502 0.960877 -6.915536 -0.085292 0.014052 12.845295 75.0
96 5705.0 0.182436 0.494252 0.0 0.012942 0.960877 -6.915536 -0.085292 0.014052 12.845295 75.0
97 5705.0 0.209694 0.501544 0.0 0.017143 0.960877 -6.915536 -0.085292 0.014052 12.845295 75.0
98 5705.0 0.202441 0.506474 0.0 0.01544 0.960877 -6.915536 -0.085292 0.014052 12.845295 75.0
99 5705.0 0.213663 0.520243 0.0 0.026344 0.960877 -6.915536 -0.085292 0.014052 12.845295 75.0
100 5705.0 0.223124 0.519247 0.0 0.032622 0.960877 -6.915536 -0.085292 0.014052 12.845295 75.0
101 5705.0 0.234744 0.501307 0.0 0.032574 0.960877 -6.915536 -0.085292 0.014052 12.845295 75.0
102 5705.0 0.253909 0.486171 0.0 0.040673 0.960877 -6.915536 -0.085292 0.014052 12.845295 75.0
103 5705.0 0.264353 0.480777 0.0 0.046244 0.960877 -6.915536 -0.085292 0.014052 12.845295 75.0
104 5705.0 0.261366 0.508083 0.0 0.055093 0.960877 -6.915536 -0.085292 0.014052 12.845295 75.0
105 5705.0 0.251787 0.520207 0.0 0.053792 0.960877 -6.915536 -0.085292 0.014052 12.845295 75.0
106 5705.0 0.257939 0.514988 0.0 0.055398 0.960877 -6.915536 -0.085292 0.014052 12.845295 75.0
107 5705.0 0.267126 0.499214 0.0 0.055776 0.960877 -6.915536 -0.085292 0.014052 12.845295 75.0
108 5705.0 0.290337 0.500679 0.0 0.073608 0.960877 -6.915536 -0.085292 0.014052 12.845295 75.0
109 5705.0 0.292736 0.510665 0.0 0.079437 0.960877 -6.915536 -0.085292 0.014052 12.845295 75.0
110 5705.0 0.306679 0.542222 0.0 0.105257 0.960877 -6.915536 -0.085292 0.014052 12.845295 75.0
111 5705.0 0.316662 0.510286 0.0 0.097054 0.960877 -6.915536 -0.085292 0.014052 12.845295 75.0
112 5705.0 0.318006 0.524226 0.0 0.103702 0.960877 -6.915536 -0.085292 0.014052 12.845295 75.0
113 5705.0 0.319803 0.508899 0.0 0.098824 0.960877 -6.915536 -0.085292 0.014052 12.845295 75.0
114 5705.0 0.334432 0.497113 0.0 0.104912 0.960877 -6.915536 -0.085292 0.014052 12.845295 75.0
115 5705.0 0.336856 0.48625 0.0 0.10231 0.960877 -6.915536 -0.085292 0.014052 12.845295 75.0
116 5705.0 0.33982 0.488316 0.0 0.105348 0.960877 -6.915536 -0.085292 0.014052 12.845295 75.0
117 5705.0 0.337676 0.485089 0.0 0.102448 0.960877 -6.915536 -0.085292 0.014052 12.845295 75.0
118 5705.0 0.341248 0.500138 0.0 0.111201 0.960877 -6.915536 -0.085292 0.014052 12.845295 75.0
119 5705.0 0.342446 0.523531 0.0 0.121572 0.960877 -6.915536 -0.085292 0.014052 12.845295 75.0
120 5705.0 0.334965 0.526497 0.0 0.117218 0.960877 -6.915536 -0.085292 0.014052 12.845295 75.0
121 5705.0 0.321231 0.541906 0.0 0.115569 0.960877 -6.915536 -0.085292 0.014052 12.845295 75.0
122 5705.0 0.324114 0.52233 0.0 0.10747 0.960877 -6.915536 -0.085292 0.014052 12.845295 75.0
123 5705.0 0.325988 0.531838 0.0 0.113546 0.960877 -6.915536 -0.085292 0.014052 12.845295 75.0
124 5705.0 0.340977 0.525583 0.0 0.121312 0.960877 -6.915536 -0.085292 0.014052 12.845295 75.0
125 5705.0 0.331843 0.54564 0.0 0.125237 0.960877 -6.915536 -0.085292 0.014052 12.845295 75.0
126 5705.0 0.351999 0.551934 0.0 0.143204 0.960877 -6.915536 -0.085292 0.014052 12.845295 75.0
127 5705.0 0.362455 0.553614 0.0 0.151697 0.960877 -6.915536 -0.085292 0.014052 12.845295 75.0
128 5705.0 0.36773 0.557063 0.0 0.157426 0.960877 -6.915536 -0.085292 0.014052 12.845295 75.0
129 5705.0 0.370487 0.53683 0.0 0.148308 0.960877 -6.915536 -0.085292 0.014052 12.845295 75.0
130 5705.0 0.38694 0.540869 0.0 0.162348 0.960877 -6.915536 -0.085292 0.014052 12.845295 75.0
131 5705.0 0.408885 0.529482 0.0 0.173328 0.960877 -6.915536 -0.085292 0.014052 12.845295 75.0
132 5705.0 0.411301 0.52527 0.0 0.173415 0.960877 -6.915536 -0.085292 0.014052 12.845295 75.0
133 5705.0 0.408046 0.522881 0.0 0.17003 0.960877 -6.915536 -0.085292 0.014052 12.845295 75.0
134 5705.0 0.421483 0.511689 0.0 0.175472 0.960877 -6.915536 -0.085292 0.014052 12.845295 75.0
135 5705.0 0.405912 0.506755 0.0 0.161909 0.960877 -6.915536 -0.085292 0.014052 12.845295 75.0
136 5705.0 0.426721 0.532351 0.0 0.187737 0.960877 -6.915536 -0.085292 0.014052 12.845295 75.0
137 5705.0 0.40342 0.508619 0.0 0.160813 0.960877 -6.915536 -0.085292 0.014052 12.845295 75.0
138 5705.0 0.386713 0.522417 0.0 0.153998 0.960877 -6.915536 -0.085292 0.014052 12.845295 75.0
139 5705.0 0.419853 0.499951 0.0 0.169505 0.960877 -6.915536 -0.085292 0.014052 12.845295 75.0
140 5705.0 0.440616 0.527267 0.0 0.196622 0.960877 -6.915536 -0.085292 0.014052 12.845295 75.0
141 5705.0 0.455391 0.528549 0.0 0.210227 0.960877 -6.915536 -0.085292 0.014052 12.845295 75.0
142 5705.0 0.450985 0.538189 0.0 0.211901 0.960877 -6.915536 -0.085292 0.014052 12.845295 75.0
143 5705.0 0.453344 0.545208 0.0 0.218003 0.960877 -6.915536 -0.085292 0.014052 12.845295 75.0
144 5705.0 0.480654 0.54084 0.0 0.239377 0.960877 -6.915536 -0.085292 0.014052 12.845295 75.0
145 5705.0 0.4897 0.549203 0.0 0.252101 0.960877 -6.915536 -0.085292 0.014052 12.845295 75.0
146 5705.0 0.509203 0.558851 0.0 0.275141 0.960877 -6.915536 -0.085292 0.014052 12.845295 75.0
147 5705.0 0.512496 0.565878 0.0 0.282948 0.960877 -6.915536 -0.085292 0.014052 12.845295 75.0
148 5705.0 0.529406 0.580518 0.0 0.307779 0.960877 -6.915536 -0.085292 0.014052 12.845295 75.0
149 5705.0 0.519759 0.576141 0.0 0.296441 0.960877 -6.915536 -0.085292 0.014052 12.845295 75.0
150 5705.0 0.53301 0.56358 0.0 0.298799 0.960877 -6.915536 -0.085292 0.014052 12.845295 75.0
151 5705.0 0.548222 0.564673 0.0 0.312544 0.960877 -6.915536 -0.085292 0.014052 12.845295 75.0
152 5705.0 0.575004 0.544569 0.0 0.324046 0.960877 -6.915536 -0.085292 0.014052 12.845295 75.0
153 5705.0 0.574193 0.564357 0.0 0.334724 0.960877 -6.915536 -0.085292 0.014052 12.845295 75.0
154 5705.0 0.577275 0.555192 0.0 0.332146 0.960877 -6.915536 -0.085292 0.014052 12.845295 75.0
155 5705.0 0.601537 0.575293 0.0 0.365546 0.960877 -6.915536 -0.085292 0.014052 12.845295 75.0
156 5705.0 0.627118 0.550953 0.0 0.373303 0.960877 -6.915536 -0.085292 0.014052 12.845295 75.0
157 5705.0 0.616163 0.553308 0.0 0.365076 0.960877 -6.915536 -0.085292 0.014052 12.845295 75.0
158 5705.0 0.629664 0.531492 0.0 0.36433 0.960877 -6.915536 -0.085292 0.014052 12.845295 75.0
159 5705.0 0.623792 0.523936 0.0 0.354847 0.960877 -6.915536 -0.085292 0.014052 12.845295 75.0
160 5705.0 0.610918 0.507246 0.0 0.333982 0.960877 -6.915536 -0.085292 0.014052 12.845295 75.0
161 5705.0 0.602498 0.496312 0.0 0.320412 0.960877 -6.915536 -0.085292 0.014052 12.845295 75.0
162 5705.0 0.588305 0.501 0.0 0.310667 0.960877 -6.915536 -0.085292 0.014052 12.845295 75.0
163 5705.0 0.585841 0.5153 0.0 0.316683 0.960877 -6.915536 -0.085292 0.014052 12.845295 75.0
164 5705.0 0.593474 0.54824 0.0 0.342314 0.960877 -6.915536 -0.085292 0.014052 12.845295 75.0
165 5705.0 0.605952 0.571111 0.0 0.36639 0.960877 -6.915536 -0.085292 0.014052 12.845295 75.0
166 5705.0 0.595556 0.594081 0.0 0.373815 0.960877 -6.915536 -0.085292 0.014052 12.845295 75.0
167 5705.0 0.575871 0.620825 0.0 0.376065 0.960877 -6.915536 -0.085292 0.014052 12.845295 75.0
168 5705.0 0.59331 0.631482 0.0 0.398512 0.960877 -6.915536 -0.085292 0.014052 12.845295 75.0
169 5705.0 0.617048 0.624953 0.0 0.414101 0.960877 -6.915536 -0.085292 0.014052 12.845295 75.0
170 5705.0 0.624728 0.628771 0.0 0.423364 0.960877 -6.915536 -0.085292 0.014052 12.845295 75.0
171 5705.0 0.606449 0.61991 0.0 0.401479 0.960877 -6.915536 -0.085292 0.014052 12.845295 75.0
172 5705.0 0.597494 0.587686 0.0 0.370917 0.960877 -6.915536 -0.085292 0.014052 12.845295 75.0
173 5705.0 0.606884 0.596319 0.0 0.385064 0.960877 -6.915536 -0.085292 0.014052 12.845295 75.0
174 5705.0 0.607192 0.603972 0.0 0.390772 0.960877 -6.915536 -0.085292 0.014052 12.845295 75.0
175 5705.0 0.622866 0.602334 0.0 0.402967 0.960877 -6.915536 -0.085292 0.014052 12.845295 75.0
176 5705.0 0.636895 0.609777 0.0 0.420221 0.960877 -6.915536 -0.085292 0.014052 12.845295 75.0
177 5705.0 0.644921 0.634873 0.0 0.444919 0.960877 -6.915536 -0.085292 0.014052 12.845295 75.0
178 5705.0 0.641051 0.632963 0.0 0.440261 0.960877 -6.915536 -0.085292 0.014052 12.845295 75.0
179 5705.0 0.65422 0.637085 0.0 0.454419 0.960877 -6.915536 -0.085292 0.014052 12.845295 75.0
180 5705.0 0.650517 0.623204 0.0 0.441387 0.960877 -6.915536 -0.085292 0.014052 12.845295 75.0
181 5705.0 0.636701 0.624417 0.0 0.430472 0.960877 -6.915536 -0.085292 0.014052 12.845295 75.0
182 5705.0 0.61375 0.605582 0.0 0.397507 0.960877 -6.915536 -0.085292 0.014052 12.845295 75.0
183 5705.0 0.608117 0.595684 0.0 0.385663 0.960877 -6.915536 -0.085292 0.014052 12.845295 75.0
184 5705.0 0.60386 0.580822 0.0 0.37146 0.960877 -6.915536 -0.085292 0.014052 12.845295 75.0
185 5705.0 0.606522 0.566988 0.0 0.364515 0.960877 -6.915536 -0.085292 0.014052 12.845295 75.0
186 5705.0 0.624489 0.550211 0.0 0.370577 0.960877 -6.915536 -0.085292 0.014052 12.845295 75.0
187 5705.0 0.613968 0.540152 0.0 0.355585 0.960877 -6.915536 -0.085292 0.014052 12.845295 75.0
188 5705.0 0.623678 0.55428 0.0 0.372208 0.960877 -6.915536 -0.085292 0.014052 12.845295 75.0
189 5705.0 0.639508 0.565161 0.0 0.392316 0.960877 -6.915536 -0.085292 0.014052 12.845295 75.0
190 5705.0 0.629695 0.590076 0.0 0.400066 0.960877 -6.915536 -0.085292 0.014052 12.845295 75.0
191 5705.0 0.663187 0.59333 0.0 0.43093 0.960877 -6.915536 -0.085292 0.014052 12.845295 75.0
192 5705.0 0.674094 0.620287 0.0 0.459408 0.960877 -6.915536 -0.085292 0.014052 12.845295 75.0
193 5705.0 0.660076 0.609516 0.0 0.439795 0.960877 -6.915536 -0.085292 0.014052 12.845295 75.0
194 5705.0 0.691955 0.612431 0.0 0.469044 0.960877 -6.915536 -0.085292 0.014052 12.845295 75.0
195 5705.0 0.696765 0.632469 0.0 0.4874 0.960877 -6.915536 -0.085292 0.014052 12.845295 75.0
196 5705.0 0.699262 0.627118 0.0 0.485721 0.960877 -6.915536 -0.085292 0.014052 12.845295 75.0
197 5705.0 0.718382 0.643114 0.0 0.513401 0.960877 -6.915536 -0.085292 0.014052 12.845295 75.0
198 5705.0 0.710916 0.642936 0.0 0.506911 0.960877 -6.915536 -0.085292 0.014052 12.845295 75.0
199 5705.0 0.725375 0.637671 0.0 0.515489 0.960877 -6.915536 -0.085292 0.014052 12.845295 75.0
200 5705.0 0.717067 0.611506 0.0 0.48979 0.960877 -6.915536 -0.085292 0.014052 12.845295 75.0
201 5705.0 0.712022 0.612226 0.0 0.486002 0.960877 -6.915536 -0.085292 0.014052 12.845295 75.0
202 5705.0 0.711012 0.62111 0.0 0.491462 0.960877 -6.915536 -0.085292 0.014052 12.845295 75.0
203 5705.0 0.711119 0.612402 0.0 0.485358 0.960877 -6.915536 -0.085292 0.014052 12.845295 75.0
204 5705.0 0.715493 0.607575 0.0 0.485651 0.960877 -6.915536 -0.085292 0.014052 12.845295 75.0
205 5705.0 0.700223 0.591228 0.0 0.461005 0.960877 -6.915536 -0.085292 0.014052 12.845295 75.0
206 5705.0 0.688308 0.610497 0.0 0.464558 0.960877 -6.915536 -0.085292 0.014052 12.845295 75.0
207 5705.0 0.679192 0.617653 0.0 0.461879 0.960877 -6.915536 -0.085292 0.014052 12.845295 75.0
208 5705.0 0.686908 0.632306 0.0 0.478882 0.960877 -6.915536 -0.085292 0.014052 12.845295 75.0
209 5705.0 0.682424 0.632679 0.0 0.475325 0.960877 -6.915536 -0.085292 0.014052 12.845295 75.0
210 5705.0 0.687665 0.622096 0.0 0.472263 0.960877 -6.915536 -0.085292 0.014052 12.845295 75.0
211 5705.0 0.678443 0.62864 0.0 0.469059 0.960877 -6.915536 -0.085292 0.014052 12.845295 75.0
212 5705.0 0.708568 0.658223 0.0 0.515786 0.960877 -6.915536 -0.085292 0.014052 12.845295 75.0
213 5705.0 0.724242 0.642291 0.0 0.51781 0.960877 -6.915536 -0.085292 0.014052 12.845295 75.0
214 5705.0 0.725351 0.645675 0.0 0.521163 0.960877 -6.915536 -0.085292 0.014052 12.845295 75.0
215 5705.0 0.705487 0.616774 0.0 0.483668 0.960877 -6.915536 -0.085292 0.014052 12.845295 75.0
216 5705.0 0.706371 0.624911 0.0 0.490211 0.960877 -6.915536 -0.085292 0.014052 12.845295 75.0
217 5705.0 0.69202 0.610381 0.0 0.46764 0.960877 -6.915536 -0.085292 0.014052 12.845295 75.0
218 5705.0 0.694741 0.615064 0.0 0.473291 0.960877 -6.915536 -0.085292 0.014052 12.845295 75.0
219 5705.0 0.703794 0.608263 0.0 0.47617 0.960877 -6.915536 -0.085292 0.014052 12.845295 75.0
220 5705.0 0.71871 0.606558 0.0 0.48767 0.960877 -6.915536 -0.085292 0.014052 12.845295 75.0
221 5705.0 0.729898 0.639653 0.0 0.520755 0.960877 -6.915536 -0.085292 0.014052 12.845295 75.0
222 5705.0 0.709257 0.625198 0.0 0.492876 0.960877 -6.915536 -0.085292 0.014052 12.845295 75.0
223 5705.0 0.706933 0.639584 0.0 0.50113 0.960877 -6.915536 -0.085292 0.014052 12.845295 75.0
224 5705.0 0.675325 0.643078 0.0 0.476674 0.960877 -6.915536 -0.085292 0.014052 12.845295 75.0
225 5705.0 0.666025 0.667779 0.0 0.486321 0.960877 -6.915536 -0.085292 0.014052 12.845295 75.0
226 5705.0 0.698191 0.677522 0.0 0.520672 0.960877 -6.915536 -0.085292 0.014052 12.845295 75.0
227 5705.0 0.724851 0.697536 0.0 0.557637 0.960877 -6.915536 -0.085292 0.014052 12.845295 75.0
228 5705.0 0.722632 0.694514 0.0 0.553595 0.960877 -6.915536 -0.085292 0.014052 12.845295 75.0
229 5705.0 0.715625 0.687529 0.0 0.542653 0.960877 -6.915536 -0.085292 0.014052 12.845295 75.0
230 5705.0 0.737123 0.68138 0.0 0.556602 0.960877 -6.915536 -0.085292 0.014052 12.845295 75.0
231 5705.0 0.743416 0.678504 0.0 0.55992 0.960877 -6.915536 -0.085292 0.014052 12.845295 75.0
232 5705.0 0.771116 0.662659 0.0 0.572259 0.960877 -6.915536 -0.085292 0.014052 12.845295 75.0
233 5705.0 0.785751 0.676438 0.0 0.594537 0.960877 -6.915536 -0.085292 0.014052 12.845295 75.0
234 5705.0 0.783225 0.70341 0.0 0.611575 0.960877 -6.915536 -0.085292 0.014052 12.845295 75.0
235 5705.0 0.778109 0.695622 0.0 0.601673 0.960877 -6.915536 -0.085292 0.014052 12.845295 75.0
236 5705.0 0.773228 0.713489 0.0 0.610225 0.960877 -6.915536 -0.085292 0.014052 12.845295 75.0
237 5705.0 0.75141 0.730989 0.0 0.604078 0.960877 -6.915536 -0.085292 0.014052 12.845295 75.0
238 5705.0 0.766582 0.737755 0.0 0.621826 0.960877 -6.915536 -0.085292 0.014052 12.845295 75.0
239 5705.0 0.771762 0.743557 0.0 0.630587 0.960877 -6.915536 -0.085292 0.014052 12.845295 75.0
240 5705.0 0.766305 0.77812 0.0 0.651199 0.960877 -6.915536 -0.085292 0.014052 12.845295 75.0
241 5705.0 0.769817 0.778687 0.0 0.65467 0.960877 -6.915536 -0.085292 0.014052 12.845295 75.0
242 5705.0 0.804292 0.765152 0.0 0.674728 0.960877 -6.915536 -0.085292 0.014052 12.845295 75.0
243 5705.0 0.81164 0.770428 0.0 0.68499 0.960877 -6.915536 -0.085292 0.014052 12.845295 75.0
244 5705.0 0.810952 0.780058 0.0 0.691458 0.960877 -6.915536 -0.085292 0.014052 12.845295 75.0
245 5705.0 0.806416 0.792399 0.0 0.696567 0.960877 -6.915536 -0.085292 0.014052 12.845295 75.0
246 5705.0 0.810919 0.800013 0.0 0.70607 0.960877 -6.915536 -0.085292 0.014052 12.845295 75.0
247 5705.0 0.809348 0.835632 0.0 0.730838 0.960877 -6.915536 -0.085292 0.014052 12.845295 75.0
248 5705.0 0.821382 0.835175 0.0 0.740971 0.960877 -6.915536 -0.085292 0.014052 12.845295 75.0
249 5705.0 0.829578 0.835961 0.0 0.748677 0.960877 -6.915536 -0.085292 0.014052 12.845295 75.0
250 5705.0 0.831528 0.825285 0.0 0.74254 0.960877 -6.915536 -0.085292 0.014052 12.845295 75.0
251 5705.0 0.865057 0.819204 0.0 0.767244 0.960877 -6.915536 -0.085292 0.014052 12.845295 75.0
252 5705.0 0.860192 0.815616 0.0 0.760379 0.960877 -6.915536 -0.085292 0.014052 12.845295 75.0
253 5705.0 0.869633 0.812842 0.0 0.766556 0.960877 -6.915536 -0.085292 0.014052 12.845295 75.0
254 5705.0 0.875943 0.816826 0.0 0.774967 0.960877 -6.915536 -0.085292 0.014052 12.845295 75.0
255 5705.0 0.881454 0.833404 0.0 0.791925 0.960877 -6.915536 -0.085292 0.014052 12.845295 75.0
256 5705.0 0.903533 0.858081 0.0 0.829236 0.960877 -6.915536 -0.085292 0.014052 12.845295 75.0
257 5705.0 0.891217 0.874288 0.0 0.830415 0.960877 -6.915536 -0.085292 0.014052 12.845295 75.0
258 5705.0 0.900917 0.91367 0.0 0.867748 0.960877 -6.915536 -0.085292 0.014052 12.845295 75.0
259 5705.0 0.885767 0.928137 0.0 0.865133 0.960877 -6.915536 -0.085292 0.014052 12.845295 75.0
260 5705.0 0.89803 0.918984 0.0 0.869089 0.960877 -6.915536 -0.085292 0.014052 12.845295 75.0
261 5705.0 0.935323 0.914173 0.0 0.888428 0.960877 -6.915536 -0.085292 0.014052 12.845295 75.0
262 5705.0 0.932954 0.932624 0.0 0.900726 0.960877 -6.915536 -0.085292 0.014052 12.845295 75.0
263 5705.0 0.953384 0.950181 0.0 0.922183 0.960877 -6.915536 -0.085292 0.014052 12.845295 75.0
264 5705.0 0.920684 0.97521 0.0 0.926187 0.960877 -6.915536 -0.085292 0.014052 12.845295 75.0
265 5705.0 0.926628 0.987397 0.0 0.934539 0.960877 -6.915536 -0.085292 0.014052 12.845295 75.0
266 5705.0 0.938686 0.984573 0.0 0.938661 0.960877 -6.915536 -0.085292 0.014052 12.845295 75.0
267 5705.0 0.928952 0.99528 0.0 0.938371 0.960877 -6.915536 -0.085292 0.014052 12.845295 75.0
268 5705.0 0.940326 1.024542 0.0 0.944975 0.960877 -6.915536 -0.085292 0.014052 12.845295 75.0
269 5705.0 0.972243 1.029081 0.0 0.9586 0.960877 -6.915536 -0.085292 0.014052 12.845295 75.0
270 5705.0 0.976463 1.069582 0.0 0.961293 0.960877 -6.915536 -0.085292 0.014052 12.845295 75.0
271 5705.0 0.975887 1.088469 0.0 0.96147 0.960877 -6.915536 -0.085292 0.014052 12.845295 75.0
272 5705.0 0.941545 1.098167 0.0 0.947121 0.960877 -6.915536 -0.085292 0.014052 12.845295 75.0
273 5705.0 0.960433 1.119668 0.0 0.955612 0.960877 -6.915536 -0.085292 0.014052 12.845295 75.0
274 5705.0 0.975897 1.132107 0.0 0.962448 0.960877 -6.915536 -0.085292 0.014052 12.845295 75.0
275 5705.0 0.977512 1.11775 0.0 0.962813 0.960877 -6.915536 -0.085292 0.014052 12.845295 75.0
276 5705.0 0.983377 1.126305 0.0 0.965491 0.960877 -6.915536 -0.085292 0.014052 12.845295 75.0
277 5705.0 0.958911 1.131572 0.0 0.955232 0.960877 -6.915536 -0.085292 0.014052 12.845295 75.0
278 5705.0 0.947857 1.133331 0.0 0.950583 0.960877 -6.915536 -0.085292 0.014052 12.845295 75.0
279 5705.0 0.947499 1.160339 0.0 0.951034 0.960877 -6.915536 -0.085292 0.014052 12.845295 75.0
280 5705.0 0.94918 1.173113 0.0 0.94985 0.960877 -6.915536 -0.085292 0.014052 12.845295 75.0
281 5705.0 0.966923 1.18083 0.0 0.958134 0.960877 -6.915536 -0.085292 0.014052 12.845295 75.0
282 5705.0 0.965952 1.179106 0.0 0.958096 0.960877 -6.915536 -0.085292 0.014052 12.845295 75.0
283 5705.0 0.979191 1.188717 0.0 0.963046 0.960877 -6.915536 -0.085292 0.014052 12.845295 75.0
284 5705.0 0.97809 1.169301 0.0 0.964208 0.960877 -6.915536 -0.085292 0.014052 12.845295 75.0
285 5705.0 0.983786 1.177148 0.0 0.966799 0.960877 -6.915536 -0.085292 0.014052 12.845295 75.0
286 5705.0 1.002779 1.174635 0.0 0.974798 0.960877 -6.915536 -0.085292 0.014052 12.845295 75.0
287 5705.0 0.985679 1.172003 0.0 0.967487 0.960877 -6.915536 -0.085292 0.014052 12.845295 75.0
