 time p.x p.y p.z deep.node-0 CV opes.bias opes.rct opes.zed opes.neff opes.nker
0 16125.0 -0.764215 0.682458 0.0 -0.492287 1.437922 -13.620487 -0.18965 0.008233 12.845295 128.0
1 16125.0 -0.769318 0.663135 0.0 -0.472793 1.437922 -13.620487 -0.18965 0.008233 12.845295 128.0
2 16125.0 -0.74933 0.65886 0.0 -0.459742 1.437922 -13.620487 -0.18965 0.008233 12.845295 128.0
3 16125.0 -0.757235 0.651035 0.0 -0.454264 1.437922 -13.620487 -0.18965 0.008233 12.845295 128.0
4 16125.0 -0.747441 0.637934 0.0 -0.435562 1.437922 -13.620487 -0.18965 0.008233 12.845295 128.0
5 16125.0 -0.733504 0.644869 0.0 -0.43755 1.437922 -13.620487 -0.18965 0.008233 12.845295 128.0
6 16125.0 -0.726122 0.644353 0.0 -0.433918 1.437922 -13.620487 -0.18965 0.008233 12.845295 128.0
7 16125.0 -0.726233 0.629084 0.0 -0.416892 1.437922 -13.620487 -0.18965 0.008233 12.845295 128.0
8 16125.0 -0.747507 0.628968 0.0 -0.425565 1.437922 -13.620487 -0.18965 0.008233 12.845295 128.0
9 16125.0 -0.751312 0.656099 0.0 -0.457475 1.437922 -13.620487 -0.18965 0.008233 12.845295 128.0
10 16125.0 -0.779474 0.634787 0.0 -0.445298 1.437922 -13.620487 -0.18965 0.008233 12.845295 128.0
11 16125.0 -0.770236 0.634979 0.0 -0.44169 1.437922 -13.620487 -0.18965 0.008233 12.845295 128.0
12 16125.0 -0.750041 0.6277 0.0 -0.425195 1.437922 -13.620487 -0.18965 0.008233 12.845295 128.0
13 16125.0 -0.74542 0.60175 0.0 -0.394966 1.437922 -13.620487 -0.18965 0.008233 12.845295 128.0
14 16125.0 -0.741313 0.61089 0.0 -0.402788 1.437922 -13.620487 -0.18965 0.008233 12.845295 128.0
15 16125.0 -0.736785 0.604957 0.0 -0.39428 1.437922 -13.620487 -0.18965 0.008233 12.845295 128.0
16 16125.0 -0.741241 0.588024 0.0 -0.379658 1.437922 -13.620487 -0.18965 0.008233 12.845295 128.0
17 16125.0 -0.730954 0.561555 0.0 -0.349069 1.437922 -13.620487 -0.18965 0.008233 12.845295 128.0
18 16125.0 -0.702402 0.5526 0.0 -0.326705 1.437922 -13.620487 -0.18965 0.008233 12.845295 128.0
19 16125.0 -0.70594 0.541421 0.0 -0.317507 1.437922 -13.620487 -0.18965 0.008233 12.845295 128.0
20 16125.0 -0.709257 0.556845 0.0 -0.334105 1.437922 -13.620487 -0.18965 0.008233 12.845295 128.0
21 16125.0 -0.677055 0.587791 0.0 -0.350372 1.437922 -13.620487 -0.18965 0.008233 12.845295 128.0
22 16125.0 -0.659508 0.576015 0.0 -0.329944 1.437922 -13.620487 -0.18965 0.008233 12.845295 128.0
23 16125.0 -0.656447 0.579716 0.0 -0.332816 1.437922 -13.620487 -0.18965 0.008233 12.845295 128.0
24 16125.0 -0.653039 0.567937 0.0 -0.317829 1.437922 -13.620487 -0.18965 0.008233 12.845295 128.0
25 16125.0 -0.644359 0.570797 0.0 -0.316963 1.437922 -13.620487 -0.18965 0.008233 12.845295 128.0
26 16125.0 -0.628402 0.567773 0.0 -0.304154 1.437922 -13.620487 -0.18965 0.008233 12.845295 128.0
27 16125.0 -0.612188 0.563026 0.0 -0.28887 1.437922 -13.620487 -0.18965 0.008233 12.845295 128.0
28 16125.0 -0.597815 0.583592 0.0 -0.308874 1.437922 -13.620487 -0.18965 0.008233 12.845295 128.0
29 16125.0 -0.578587 0.565089 0.0 -0.270336 1.437922 -13.620487 -0.18965 0.008233 12.845295 128.0
30 16125.0 -0.568958 0.559144 0.0 -0.250688 1.437922 -13.620487 -0.18965 0.008233 12.845295 128.0
31 16125.0 -0.538245 0.576111 0.0 -0.251501 1.437922 -13.620487 -0.18965 0.008233 12.845295 128.0
32 16125.0 -0.552198 0.572929 0.0 -0.259129 1.437922 -13.620487 -0.18965 0.008233 12.845295 128.0
33 16125.0 -0.52744 0.566883 0.0 -0.224937 1.437922 -13.620487 -0.18965 0.008233 12.845295 128.0
34 16125.0 -0.518076 0.563695 0.0 -0.210413 1.437922 -13.620487 -0.18965 0.008233 12.845295 128.0
35 16125.0 -0.502596 0.565362 0.0 -0.200268 1.437922 -13.620487 -0.18965 0.008233 12.845295 128.0
36 16125.0 -0.491302 0.558869 0.0 -0.183708 1.437922 -13.620487 -0.18965 0.008233 12.845295 128.0
37 16125.0 -0.469957 0.531616 0.0 -0.132123 1.437922 -13.620487 -0.18965 0.008233 12.845295 128.0
38 16125.0 -0.479382 0.528743 0.0 -0.134486 1.437922 -13.620487 -0.18965 0.008233 12.845295 128.0
39 16125.0 -0.44463 0.525841 0.0 -0.116794 1.437922 -13.620487 -0.18965 0.008233 12.845295 128.0
40 16125.0 -0.441625 0.512319 0.0 -0.102739 1.437922 -13.620487 -0.18965 0.008233 12.845295 128.0
41 16125.0 -0.43116 0.491188 0.0 -0.078539 1.437922 -13.620487 -0.18965 0.008233 12.845295 128.0
42 16125.0 -0.442763 0.501111 0.0 -0.092498 1.437922 -13.620487 -0.18965 0.008233 12.845295 128.0
43 16125.0 -0.433782 0.483414 0.0 -0.072147 1.437922 -13.620487 -0.18965 0.008233 12.845295 128.0
44 16125.0 -0.416849 0.482242 0.0 -0.064461 1.437922 -13.620487 -0.18965 0.008233 12.845295 128.0
45 16125.0 -0.410233 0.504489 0.0 -0.083099 1.437922 -13.620487 -0.18965 0.008233 12.845295 128.0
46 16125.0 -0.406059 0.512957 0.0 -0.08955 1.437922 -13.620487 -0.18965 0.008233 12.845295 128.0
47 16125.0 -0.41103 0.512421 0.0 -0.090968 1.437922 -13.620487 -0.18965 0.008233 12.845295 128.0
48 16125.0 -0.39579 0.496791 0.0 -0.070158 1.437922 -13.620487 -0.18965 0.008233 12.845295 128.0
49 16125.0 -0.384193 0.477254 0.0 -0.047038 1.437922 -13.620487 -0.18965 0.008233 12.845295 128.0
50 16125.0 -0.363694 0.500762 0.0 -0.061492 1.437922 -13.620487 -0.18965 0.008233 12.845295 128.0
51 16125.0 -0.362247 0.501928 0.0 -0.062041 1.437922 -13.620487 -0.18965 0.008233 12.845295 128.0
52 16125.0 -0.364567 0.516551 0.0 -0.076879 1.437922 -13.620487 -0.18965 0.008233 12.845295 128.0
53 16125.0 -0.355214 0.505792 0.0 -0.062997 1.437922 -13.620487 -0.18965 0.008233 12.845295 128.0
54 16125.0 -0.341475 0.506784 0.0 -0.058611 1.437922 -13.620487 -0.18965 0.008233 12.845295 128.0
55 16125.0 -0.325057 0.489499 0.0 -0.035767 1.437922 -13.620487 -0.18965 0.008233 12.845295 128.0
56 16125.0 -0.334476 0.462221 0.0 -0.016699 1.437922 -13.620487 -0.18965 0.008233 12.845295 128.0
57 16125.0 -0.301636 0.458521 0.0 -0.003567 1.437922 -13.620487 -0.18965 0.008233 12.845295 128.0
58 16125.0 -0.295885 0.44806 0.0 0.006631 1.437922 -13.620487 -0.18965 0.008233 12.845295 128.0
59 16125.0 -0.28406 0.444419 0.0 0.013218 1.437922 -13.620487 -0.18965 0.008233 12.845295 128.0
60 16125.0 -0.299641 0.458418 0.0 -0.002868 1.437922 -13.620487 -0.18965 0.008233 12.845295 128.0
61 16125.0 -0.290773 0.455804 0.0 0.001978 1.437922 -13.620487 -0.18965 0.008233 12.845295 128.0
62 16125.0 -0.278173 0.475889 0.0 -0.010294 1.437922 -13.620487 -0.18965 0.008233 12.845295 128.0
63 16125.0 -0.262074 0.48131 0.0 -0.00968 1.437922 -13.620487 -0.18965 0.008233 12.845295 128.0
64 16125.0 -0.262774 0.494778 0.0 -0.020738 1.437922 -13.620487 -0.18965 0.008233 12.845295 128.0
65 16125.0 -0.25749 0.530618 0.0 -0.048747 1.437922 -13.620487 -0.18965 0.008233 12.845295 128.0
66 16125.0 -0.273058 0.536741 0.0 -0.060623 1.437922 -13.620487 -0.18965 0.008233 12.845295 128.0
67 16125.0 -0.28738 0.559821 0.0 -0.088177 1.437922 -13.620487 -0.18965 0.008233 12.845295 128.0
68 16125.0 -0.247278 0.549439 0.0 -0.062724 1.437922 -13.620487 -0.18965 0.008233 12.845295 128.0
69 16125.0 -0.260197 0.544058 0.0 -0.062608 1.437922 -13.620487 -0.18965 0.008233 12.845295 128.0
70 16125.0 -0.274577 0.532833 0.0 -0.057487 1.437922 -13.620487 -0.18965 0.008233 12.845295 128.0
71 16125.0 -0.272411 0.517871 0.0 -0.042386 1.437922 -13.620487 -0.18965 0.008233 12.845295 128.0
72 16125.0 -0.244563 0.501396 0.0 -0.020434 1.437922 -13.620487 -0.18965 0.008233 12.845295 128.0
73 16125.0 -0.233853 0.522897 0.0 -0.034431 1.437922 -13.620487 -0.18965 0.008233 12.845295 128.0
74 16125.0 -0.234881 0.532359 0.0 -0.042364 1.437922 -13.620487 -0.18965 0.008233 12.845295 128.0
75 16125.0 -0.217113 0.549212 0.0 -0.050806 1.437922 -13.620487 -0.18965 0.008233 12.845295 128.0
76 16125.0 -0.223999 0.567051 0.0 -0.07048 1.437922 -13.620487 -0.18965 0.008233 12.845295 128.0
77 16125.0 -0.204871 0.572079 0.0 -0.067851 1.437922 -13.620487 -0.18965 0.008233 12.845295 128.0
78 16125.0 -0.199489 0.584948 0.0 -0.07803 1.437922 -13.620487 -0.18965 0.008233 12.845295 128.0
79 16125.0 -0.191239 0.576111 0.0 -0.066406 1.437922 -13.620487 -0.18965 0.008233 12.845295 128.0
80 16125.0 -0.191028 0.548837 0.0 -0.042071 1.437922 -13.620487 -0.18965 0.008233 12.845295 128.0
81 16125.0 -0.176649 0.537395 0.0 -0.028415 1.437922 -13.620487 -0.18965 0.008233 12.845295 128.0
82 16125.0 -0.170676 0.526271 0.0 -0.017614 1.437922 -13.620487 -0.18965 0.008233 12.845295 128.0
83 16125.0 -0.185191 0.525022 0.0 -0.021096 1.437922 -13.620487 -0.18965 0.008233 12.845295 128.0
84 16125.0 -0.178736 0.506454 0.0 -0.004154 1.437922 -13.620487 -0.18965 0.008233 12.845295 128.0
85 16125.0 -0.13 0.48567 0.0 0.021717 1.437922 -13.620487 -0.18965 0.008233 12.845295 128.0
86 16125.0 -0.107905 0.499495 0.0 0.015236 1.437922 -13.620487 -0.18965 0.008233 12.845295 128.0
87 16125.0 -0.109566 0.503138 0.0 0.013919 1.437922 -13.620487 -0.18965 0.008233 12.845295 128.0
88 16125.0 -0.094322 0.507121 0.0 0.011426 1.437922 -13.620487 -0.18965 0.008233 12.845295 128.0
89 16125.0 -0.093958 0.509728 0.0 0.010388 1.437922 -13.620487 -0.18965 0.008233 12.845295 128.0
90 16125.0 -0.082019 0.518324 0.0 0.006301 1.437922 -13.620487 -0.18965 0.008233 12.845295 128.0
91 16125.0 -0.089202 0.514183 0.0 0.008358 1.437922 -13.620487 -0.18965 0.008233 12.845295 128.0
92 16125.0 -0.068619 0.545825 0.0 -0.007396 1.437922 -13.620487 -0.18965 0.008233 12.845295 128.0
93 16125.0 -0.061139 0.540798 0.0 -0.004103 1.437922 -13.620487 -0.18965 0.008233 12.845295 128.0
94 16125.0 -0.071377 0.512828 0.0 0.007788 1.437922 -13.620487 -0.18965 0.008233 12.845295 128.0
95 16125.0 -0.07618 0.526497 0.0 0.002754 1.437922 -13.620487 -0.18965 0.008233 12.845295 128.0
96 16125.0 -0.065131 0.525852 0.0 0.002325 1.437922 -13.620487 -0.18965 0.008233 12.845295 128.0
97 16125.0 -0.047004 0.525657 0.0 0.001285 1.437922 -13.620487 -0.18965 0.008233 12.845295 128.0
98 16125.0 -0.05978 0.504401 0.0 0.010359 1.437922 -13.620487 -0.18965 0.008233 12.845295 128.0
99 16125.0 -0.048593 0.495637 0.0 0.013087 1.437922 -13.620487 -0.18965 0.008233 12.845295 128.0
100 16125.0 -0.041012 0.528079 0.0 -2.9e-05 1.437922 -13.620487 -0.18965 0.008233 12.845295 128.0
101 16125.0 -0.036755 0.531166 0.0 -0.001495 1.437922 -13.620487 -0.18965 0.008233 12.845295 128.0
102 16125.0 -0.053434 0.539153 0.0 -0.003582 1.437922 -13.620487 -0.18965 0.008233 12.845295 128.0
103 16125.0 -0.056784 0.520422 0.0 0.003928 1.437922 -13.620487 -0.18965 0.008233 12.845295 128.0
104 16125.0 -0.044126 0.511572 0.0 0.006599 1.437922 -13.620487 -0.18965 0.008233 12.845295 128.0
105 16125.0 -0.052819 0.4998 0.0 0.011724 1.437922 -13.620487 -0.18965 0.008233 12.845295 128.0
106 16125.0 -0.042618 0.500348 0.0 0.010882 1.437922 -13.620487 -0.18965 0.008233 12.845295 128.0
107 16125.0 -0.050186 0.534636 0.0 -0.00202 1.437922 -13.620487 -0.18965 0.008233 12.845295 128.0
108 16125.0 -0.065033 0.514252 0.0 0.006842 1.437922 -13.620487 -0.18965 0.008233 12.845295 128.0
109 16125.0 -0.048916 0.507351 0.0 0.00854 1.437922 -13.620487 -0.18965 0.008233 12.845295 128.0
110 16125.0 -0.057717 0.491692 0.0 0.015187 1.437922 -13.620487 -0.18965 0.008233 12.845295 128.0
111 16125.0 -0.060551 0.500472 0.0 0.011939 1.437922 -13.620487 -0.18965 0.008233 12.845295 128.0
112 16125.0 -0.032944 0.505558 0.0 0.008255 1.437922 -13.620487 -0.18965 0.008233 12.845295 128.0
113 16125.0 -0.025722 0.49963 0.0 0.010121 1.437922 -13.620487 -0.18965 0.008233 12.845295 128.0
114 16125.0 -0.005697 0.481043 0.0 0.016135 1.437922 -13.620487 -0.18965 0.008233 12.845295 128.0
115 16125.0 0.022781 0.469299 0.0 0.019359 1.437922 -13.620487 -0.18965 0.008233 12.845295 128.0
116 16125.0 0.034954 0.507322 0.0 0.004293 1.437922 -13.620487 -0.18965 0.008233 12.845295 128.0
117 16125.0 0.022461 0.52071 0.0 0.000437 1.437922 -13.620487 -0.18965 0.008233 12.845295 128.0
118 16125.0 0.016193 0.510282 0.0 0.003772 1.437922 -13.620487 -0.18965 0.008233 12.845295 128.0
119 16125.0 0.025243 0.511311 0.0 0.003268 1.437922 -13.620487 -0.18965 0.008233 12.845295 128.0
120 16125.0 0.024511 0.544693 0.0 -0.006978 1.437922 -13.620487 -0.18965 0.008233 12.845295 128.0
121 16125.0 0.0198 0.567832 0.0 -0.011768 1.437922 -13.620487 -0.18965 0.008233 12.845295 128.0
122 16125.0 0.051164 0.563144 0.0 -0.006908 1.437922 -13.620487 -0.18965 0.008233 12.845295 128.0
123 16125.0 0.06917 0.549546 0.0 -0.004468 1.437922 -13.620487 -0.18965 0.008233 12.845295 128.0
124 16125.0 0.060769 0.541032 0.0 -0.006082 1.437922 -13.620487 -0.18965 0.008233 12.845295 128.0
125 16125.0 0.061848 0.542257 0.0 -0.00587 1.437922 -13.620487 -0.18965 0.008233 12.845295 128.0
126 16125.0 0.050973 0.519707 0.0 0.000154 1.437922 -13.620487 -0.18965 0.008233 12.845295 128.0
127 16125.0 0.082514 0.540364 0.0 -0.00263 1.437922 -13.620487 -0.18965 0.008233 12.845295 128.0
128 16125.0 0.092175 0.528696 0.0 -0.00146 1.437922 -13.620487 -0.18965 0.008233 12.845295 128.0
129 16125.0 0.10059 0.523386 0.0 -0.000286 1.437922 -13.620487 -0.18965 0.008233 12.845295 128.0
130 16125.0 0.095871 0.510188 0.0 0.00215 1.437922 -13.620487 -0.18965 0.008233 12.845295 128.0
131 16125.0 0.080549 0.506863 0.0 0.00349 1.437922 -13.620487 -0.18965 0.008233 12.845295 128.0
132 16125.0 0.100221 0.512333 0.0 0.001401 1.437922 -13.620487 -0.18965 0.008233 12.845295 128.0
133 16125.0 0.102184 0.501141 0.0 0.0048 1.437922 -13.620487 -0.18965 0.008233 12.845295 128.0
134 16125.0 0.10197 0.512431 0.0 0.001335 1.437922 -13.620487 -0.18965 0.008233 12.845295 128.0
135 16125.0 0.104793 0.522389 0.0 0.000353 1.437922 -13.620487 -0.18965 0.008233 12.845295 128.0
136 16125.0 0.106912 0.52008 0.0 0.000618 1.437922 -13.620487 -0.18965 0.008233 12.845295 128.0
137 16125.0 0.11582 0.50389 0.0 0.003673 1.437922 -13.620487 -0.18965 0.008233 12.845295 128.0
138 16125.0 0.100585 0.495422 0.0 0.006591 1.437922 -13.620487 -0.18965 0.008233 12.845295 128.0
139 16125.0 0.071014 0.491027 0.0 0.008555 1.437922 -13.620487 -0.18965 0.008233 12.845295 128.0
140 16125.0 0.061815 0.479187 0.0 0.012894 1.437922 -13.620487 -0.18965 0.008233 12.845295 128.0
141 16125.0 0.057911 0.479872 0.0 0.012791 1.437922 -13.620487 -0.18965 0.008233 12.845295 128.0
142 16125.0 0.059518 0.474705 0.0 0.015024 1.437922 -13.620487 -0.18965 0.008233 12.845295 128.0
143 16125.0 0.090295 0.47446 0.0 0.013992 1.437922 -13.620487 -0.18965 0.008233 12.845295 128.0
144 16125.0 0.075337 0.478863 0.0 0.012547 1.437922 -13.620487 -0.18965 0.008233 12.845295 128.0
145 16125.0 0.110845 0.511721 0.0 0.001369 1.437922 -13.620487 -0.18965 0.008233 12.845295 128.0
146 16125.0 0.126919 0.500445 0.0 0.004502 1.437922 -13.620487 -0.18965 0.008233 12.845295 128.0
147 16125.0 0.13714 0.488412 0.0 0.008365 1.437922 -13.620487 -0.18965 0.008233 12.845295 128.0
148 16125.0 0.138932 0.48149 0.0 0.010877 1.437922 -13.620487 -0.18965 0.008233 12.845295 128.0
149 16125.0 0.133745 0.474914 0.0 0.013341 1.437922 -13.620487 -0.18965 0.008233 12.845295 128.0
150 16125.0 0.163717 0.477923 0.0 0.011907 1.437922 -13.620487 -0.18965 0.008233 12.845295 128.0
151 16125.0 0.187027 0.477715 0.0 0.015498 1.437922 -13.620487 -0.18965 0.008233 12.845295 128.0
152 16125.0 0.199546 0.487089 0.0 0.016801 1.437922 -13.620487 -0.18965 0.008233 12.845295 128.0
153 16125.0 0.214375 0.467643 0.0 0.021523 1.437922 -13.620487 -0.18965 0.008233 12.845295 128.0
154 16125.0 0.199783 0.461361 0.0 0.019521 1.437922 -13.620487 -0.18965 0.008233 12.845295 128.0
155 16125.0 0.205052 0.488549 0.0 0.017651 1.437922 -13.620487 -0.18965 0.008233 12.845295 128.0
156 16125.0 0.231859 0.510277 0.0 0.034067 1.437922 -13.620487 -0.18965 0.008233 12.845295 128.0
157 16125.0 0.259276 0.503265 0.0 0.051587 1.437922 -13.620487 -0.18965 0.008233 12.845295 128.0
158 16125.0 0.25955 0.512247 0.0 0.055431 1.437922 -13.620487 -0.18965 0.008233 12.845295 128.0
159 16125.0 0.274932 0.496953 0.0 0.060656 1.437922 -13.620487 -0.18965 0.008233 12.845295 128.0
160 16125.0 0.299331 0.479282 0.0 0.071615 1.437922 -13.620487 -0.18965 0.008233 12.845295 128.0
161 16125.0 0.296364 0.4748 0.0 0.067595 1.437922 -13.620487 -0.18965 0.008233 12.845295 128.0
162 16125.0 0.284844 0.483944 0.0 0.062746 1.437922 -13.620487 -0.18965 0.008233 12.845295 128.0
163 16125.0 0.290865 0.482383 0.0 0.066585 1.437922 -13.620487 -0.18965 0.008233 12.845295 128.0
164 16125.0 0.313761 0.485508 0.0 0.084856 1.437922 -13.620487 -0.18965 0.008233 12.845295 128.0
165 16125.0 0.324678 0.489984 0.0 0.094778 1.437922 -13.620487 -0.18965 0.008233 12.845295 128.0
166 16125.0 0.33962 0.511003 0.0 0.114395 1.437922 -13.620487 -0.18965 0.008233 12.845295 128.0
167 16125.0 0.344108 0.525135 0.0 0.123456 1.437922 -13.620487 -0.18965 0.008233 12.845295 128.0
168 16125.0 0.35281 0.527476 0.0 0.130868 1.437922 -13.620487 -0.18965 0.008233 12.845295 128.0
169 16125.0 0.343692 0.497257 0.0 0.111848 1.437922 -13.620487 -0.18965 0.008233 12.845295 128.0
170 16125.0 0.344845 0.518106 0.0 0.121154 1.437922 -13.620487 -0.18965 0.008233 12.845295 128.0
171 16125.0 0.346477 0.541336 0.0 0.13345 1.437922 -13.620487 -0.18965 0.008233 12.845295 128.0
172 16125.0 0.341301 0.545463 0.0 0.131955 1.437922 -13.620487 -0.18965 0.008233 12.845295 128.0
173 16125.0 0.323991 0.520407 0.0 0.106599 1.437922 -13.620487 -0.18965 0.008233 12.845295 128.0
174 16125.0 0.351131 0.540495 0.0 0.136347 1.437922 -13.620487 -0.18965 0.008233 12.845295 128.0
175 16125.0 0.360363 0.521114 0.0 0.133899 1.437922 -13.620487 -0.18965 0.008233 12.845295 128.0
176 16125.0 0.368302 0.526046 0.0 0.141794 1.437922 -13.620487 -0.18965 0.008233 12.845295 128.0
177 16125.0 0.387225 0.520291 0.0 0.153516 1.437922 -13.620487 -0.18965 0.008233 12.845295 128.0
178 16125.0 0.396929 0.542133 0.0 0.170248 1.437922 -13.620487 -0.18965 0.008233 12.845295 128.0
179 16125.0 0.405695 0.52526 0.0 0.169248 1.437922 -13.620487 -0.18965 0.008233 12.845295 128.0
180 16125.0 0.420247 0.560575 0.0 0.200541 1.437922 -13.620487 -0.18965 0.008233 12.845295 128.0
181 16125.0 0.452436 0.552506 0.0 0.222237 1.437922 -13.620487 -0.18965 0.008233 12.845295 128.0
182 16125.0 0.463891 0.549371 0.0 0.229772 1.437922 -13.620487 -0.18965 0.008233 12.845295 128.0
183 16125.0 0.48217 0.580823 0.0 0.267731 1.437922 -13.620487 -0.18965 0.008233 12.845295 128.0
184 16125.0 0.479123 0.602441 0.0 0.280516 1.437922 -13.620487 -0.18965 0.008233 12.845295 128.0
185 16125.0 0.475593 0.609837 0.0 0.282769 1.437922 -13.620487 -0.18965 0.008233 12.845295 128.0
186 16125.0 0.47226 0.605352 0.0 0.276737 1.437922 -13.620487 -0.18965 0.008233 12.845295 128.0
187 16125.0 0.49548 0.600312 0.0 0.292943 1.437922 -13.620487 -0.18965 0.008233 12.845295 128.0
188 16125.0 0.507489 0.58461 0.0 0.292008 1.437922 -13.620487 -0.18965 0.008233 12.845295 128.0
189 16125.0 0.518084 0.606282 0.0 0.316459 1.437922 -13.620487 -0.18965 0.008233 12.845295 128.0
190 16125.0 0.528998 0.581796 0.0 0.30834 1.437922 -13.620487 -0.18965 0.008233 12.845295 128.0
191 16125.0 0.544505 0.583628 0.0 0.322861 1.437922 -13.620487 -0.18965 0.008233 12.845295 128.0
192 16125.0 0.534618 0.580883 0.0 0.312481 1.437922 -13.620487 -0.18965 0.008233 12.845295 128.0
193 16125.0 0.556169 0.593966 0.0 0.34016 1.437922 -13.620487 -0.18965 0.008233 12.845295 128.0
194 16125.0 0.567681 0.606335 0.0 0.358774 1.437922 -13.620487 -0.18965 0.008233 12.845295 128.0
195 16125.0 0.57802 0.601319 0.0 0.364018 1.437922 -13.620487 -0.18965 0.008233 12.845295 128.0
196 16125.0 0.554948 0.598968 0.0 0.342678 1.437922 -13.620487 -0.18965 0.008233 12.845295 128.0
197 16125.0 0.551751 0.583229 0.0 0.328754 1.437922 -13.620487 -0.18965 0.008233 12.845295 128.0
198 16125.0 0.548358 0.587913 0.0 0.329195 1.437922 -13.620487 -0.18965 0.008233 12.845295 128.0
199 16125.0 0.559036 0.593825 0.0 0.342504 1.437922 -13.620487 -0.18965 0.008233 12.845295 128.0
200 16125.0 0.563917 0.598654 0.0 0.350101 1.437922 -13.620487 -0.18965 0.008233 12.845295 128.0
201 16125.0 0.593605 0.584253 0.0 0.36516 1.437922 -13.620487 -0.18965 0.008233 12.845295 128.0
202 16125.0 0.606515 0.593825 0.0 0.382975 1.437922 -13.620487 -0.18965 0.008233 12.845295 128.0
203 16125.0 0.614731 0.629797 0.0 0.415573 1.437922 -13.620487 -0.18965 0.008233 12.845295 128.0
204 16125.0 0.620205 0.589922 0.0 0.391867 1.437922 -13.620487 -0.18965 0.008233 12.845295 128.0
205 16125.0 0.638973 0.581644 0.0 0.401976 1.437922 -13.620487 -0.18965 0.008233 12.845295 128.0
206 16125.0 0.672153 0.583938 0.0 0.431891 1.437922 -13.620487 -0.18965 0.008233 12.845295 128.0
207 16125.0 0.672892 0.576135 0.0 0.427831 1.437922 -13.620487 -0.18965 0.008233 12.845295 128.0
208 16125.0 0.661052 0.553865 0.0 0.404659 1.437922 -13.620487 -0.18965 0.008233 12.845295 128.0
209 16125.0 0.685704 0.58182 0.0 0.442308 1.437922 -13.620487 -0.18965 0.008233 12.845295 128.0
210 16125.0 0.690271 0.586778 0.0 0.449355 1.437922 -13.620487 -0.18965 0.008233 12.845295 128.0
211 16125.0 0.690566 0.604095 0.0 0.461928 1.437922 -13.620487 -0.18965 0.008233 12.845295 128.0
212 16125.0 0.692449 0.622948 0.0 0.476947 1.437922 -13.620487 -0.18965 0.008233 12.845295 128.0
213 16125.0 0.688718 0.588132 0.0 0.448995 1.437922 -13.620487 -0.18965 0.008233 12.845295 128.0
214 16125.0 0.68857 0.591812 0.0 0.451487 1.437922 -13.620487 -0.18965 0.008233 12.845295 128.0
215 16125.0 0.695054 0.603422 0.0 0.465275 1.437922 -13.620487 -0.18965 0.008233 12.845295 128.0
216 16125.0 0.697965 0.613747 0.0 0.475102 1.437922 -13.620487 -0.18965 0.008233 12.845295 128.0
217 16125.0 0.739771 0.624419 0.0 0.518331 1.437922 -13.620487 -0.18965 0.008233 12.845295 128.0
218 16125.0 0.746301 0.62322 0.0 0.523045 1.437922 -13.620487 -0.18965 0.008233 12.845295 128.0
219 16125.0 0.721769 0.638286 0.0 0.512853 1.437922 -13.620487 -0.18965 0.008233 12.845295 128.0
220 16125.0 0.755668 0.637413 0.0 0.541128 1.437922 -13.620487 -0.18965 0.008233 12.845295 128.0
221 16125.0 0.77853 0.655114 0.0 0.57321 1.437922 -13.620487 -0.18965 0.008233 12.845295 128.0
222 16125.0 0.776354 0.661468 0.0 0.575875 1.437922 -13.620487 -0.18965 0.008233 12.845295 128.0
223 16125.0 0.787678 0.64001 0.0 0.57026 1.437922 -13.620487 -0.18965 0.008233 12.845295 128.0
224 16125.0 0.801176 0.6589 0.0 0.595207 1.437922 -13.620487 -0.18965 0.008233 12.845295 128.0
225 16125.0 0.78844 0.655312 0.0 0.581798 1.437922 -13.620487 -0.18965 0.008233 12.845295 128.0
226 16125.0 0.770921 0.652156 0.0 0.564619 1.437922 -13.620487 -0.18965 0.008233 12.845295 128.0
227 16125.0 0.746105 0.638729 0.0 0.533913 1.437922 -13.620487 -0.18965 0.008233 12.845295 128.0
228 16125.0 0.751087 0.632738 0.0 0.533896 1.437922 -13.620487 -0.18965 0.008233 12.845295 128.0
229 16125.0 0.747766 0.630471 0.0 0.529452 1.437922 -13.620487 -0.18965 0.008233 12.845295 128.0
230 16125.0 0.710264 0.621088 0.0 0.49081 1.437922 -13.620487 -0.18965 0.008233 12.845295 128.0
231 16125.0 0.724313 0.617277 0.0 0.500074 1.437922 -13.620487 -0.18965 0.008233 12.845295 128.0
232 16125.0 0.727302 0.640583 0.0 0.519204 1.437922 -13.620487 -0.18965 0.008233 12.845295 128.0
233 16125.0 0.727352 0.646651 0.0 0.523564 1.437922 -13.620487 -0.18965 0.008233 12.845295 128.0
234 16125.0 0.72433 0.658273 0.0 0.529257 1.437922 -13.620487 -0.18965 0.008233 12.845295 128.0
235 16125.0 0.711576 0.677294 0.0 0.531919 1.437922 -13.620487 -0.18965 0.008233 12.845295 128.0
236 16125.0 0.719185 0.678141 0.0 0.539008 1.437922 -13.620487 -0.18965 0.008233 12.845295 128.0
237 16125.0 0.730299 0.665356 0.0 0.539385 1.437922 -13.620487 -0.18965 0.008233 12.845295 128.0
238 16125.0 0.734685 0.649683 0.0 0.531972 1.437922 -13.620487 -0.18965 0.008233 12.845295 128.0
239 16125.0 0.748322 0.625543 0.0 0.52642 1.437922 -13.620487 -0.18965 0.008233 12.845295 128.0
240 16125.0 0.782585 0.606889 0.0 0.542354 1.437922 -13.620487 -0.18965 0.008233 12.845295 128.0
241 16125.0 0.785405 0.681005 0.0 0.597491 1.437922 -13.620487 -0.18965 0.008233 12.845295 128.0
242 16125.0 0.760088 0.676473 0.0 0.572687 1.437922 -13.620487 -0.18965 0.008233 12.845295 128.0
243 16125.0 0.773728 0.671449 0.0 0.580739 1.437922 -13.620487 -0.18965 0.008233 12.845295 128.0
244 16125.0 0.752077 0.692795 0.0 0.577471 1.437922 -13.620487 -0.18965 0.008233 12.845295 128.0
245 16125.0 0.761059 0.713648 0.0 0.599965 1.437922 -13.620487 -0.18965 0.008233 12.845295 128.0
246 16125.0 0.773242 0.723166 0.0 0.617122 1.437922 -13.620487 -0.18965 0.008233 12.845295 128.0
247 16125.0 0.759747 0.706149 0.0 0.593511 1.437922 -13.620487 -0.18965 0.008233 12.845295 128.0
248 16125.0 0.761324 0.711962 0.0 0.598991 1.437922 -13.620487 -0.18965 0.008233 12.845295 128.0
249 16125.0 0.729637 0.713393 0.0 0.572999 1.437922 -13.620487 -0.18965 0.008233 12.845295 128.0
250 16125.0 0.7401 0.711716 0.0 0.580724 1.437922 -13.620487 -0.18965 0.008233 12.845295 128.0
251 16125.0 0.759578 0.713501 0.0 0.598598 1.437922 -13.620487 -0.18965 0.008233 12.845295 128.0
252 16125.0 0.770599 0.720545 0.0 0.613004 1.437922 -13.620487 -0.18965 0.008233 12.845295 128.0
253 16125.0 0.77808 0.711595 0.0 0.613013 1.437922 -13.620487 -0.18965 0.008233 12.845295 128.0
254 16125.0 0.811502 0.718718 0.0 0.646929 1.437922 -13.620487 -0.18965 0.008233 12.845295 128.0
255 16125.0 0.818204 0.757879 0.0 0.681493 1.437922 -13.620487 -0.18965 0.008233 12.845295 128.0
256 16125.0 0.813082 0.77557 0.0 0.690017 1.437922 -13.620487 -0.18965 0.008233 12.845295 128.0
257 16125.0 0.794261 0.802399 0.0 0.693331 1.437922 -13.620487 -0.18965 0.008233 12.845295 128.0
258 16125.0 0.800305 0.831515 0.0 0.719951 1.437922 -13.620487 -0.18965 0.008233 12.845295 128.0
259 16125.0 0.822051 0.859741 0.0 0.759577 1.437922 -13.620487 -0.18965 0.008233 12.845295 128.0
260 16125.0 0.842451 0.886069 0.0 0.79664 1.437922 -13.620487 -0.18965 0.008233 12.845295 128.0
261 16125.0 0.863095 0.876641 0.0 0.807679 1.437922 -13.620487 -0.18965 0.008233 12.845295 128.0
262 16125.0 0.877692 0.886152 0.0 0.827355 1.437922 -13.620487 -0.18965 0.008233 12.845295 128.0
263 16125.0 0.892076 0.903863 0.0 0.852862 1.437922 -13.620487 -0.18965 0.008233 12.845295 128.0
264 16125.0 0.896354 0.890925 0.0 0.84709 1.437922 -13.620487 -0.18965 0.008233 12.845295 128.0
265 16125.0 0.884437 0.908141 0.0 0.849356 1.437922 -13.620487 -0.18965 0.008233 12.845295 128.0
266 16125.0 0.911557 0.9321 0.0 0.89005 1.437922 -13.620487 -0.18965 0.008233 12.845295 128.0
267 16125.0 0.922308 0.948152 0.0 0.907356 1.437922 -13.620487 -0.18965 0.008233 12.845295 128.0
268 16125.0 0.917623 0.959834 0.0 0.913774 1.437922 -13.620487 -0.18965 0.008233 12.845295 128.0
269 16125.0 0.913401 0.982664 0.0 0.926538 1.437922 -13.620487 -0.18965 0.008233 12.845295 128.0
270 16125.0 0.938497 1.003276 0.0 0.944077 1.437922 -13.620487 -0.18965 0.008233 12.845295 128.0
271 16125.0 0.925012 1.040325 0.0 0.938819 1.437922 -13.620487 -0.18965 0.008233 12.845295 128.0
272 16125.0 0.959397 1.062982 0.0 0.953908 1.437922 -13.620487 -0.18965 0.008233 12.845295 128.0
273 16125.0 0.974879 1.063494 0.0 0.960486 1.437922 -13.620487 -0.18965 0.008233 12.845295 128.0
274 16125.0 0.988876 1.089428 0.0 0.967001 1.437922 -13.620487 -0.18965 0.008233 12.845295 128.0
275 16125.0 0.979288 1.094022 0.0 0.963037 1.437922 -13.620487 -0.18965 0.008233 12.845295 128.0
276 16125.0 0.967081 1.104529 0.0 0.958094 1.437922 -13.620487 -0.18965 0.008233 12.845295 128.0
277 16125.0 0.98079 1.10544 0.0 0.963928 1.437922 -13.620487 -0.18965 0.008233 12.845295 128.0
278 16125.0 0.971129 1.115259 0.0 0.96005 1.437922 -13.620487 -0.18965 0.008233 12.845295 128.0
279 16125.0 0.947208 1.143273 0.0 0.95053 1.437922 -13.620487 -0.18965 0.008233 12.845295 128.0
280 16125.0 0.944861 1.149899 0.0 0.949682 1.437922 -13.620487 -0.18965 0.008233 12.845295 128.0
281 16125.0 0.97652 1.159736 0.0 0.963329 1.437922 -13.620487 -0.18965 0.008233 12.845295 128.0
282 16125.0 0.958233 1.172603 0.0 0.955498 1.437922 -13.620487 -0.18965 0.008233 12.845295 128.0
283 16125.0 0.97361 1.172737 0.0 0.962385 1.437922 -13.620487 -0.18965 0.008233 12.845295 128.0
284 16125.0 0.971459 1.158542 0.0 0.961155 1.437922 -13.620487 -0.18965 0.008233 12.845295 128.0
285 16125.0 0.968762 1.160941 0.0 0.960065 1.437922 -13.620487 -0.18965 0.008233 12.845295 128.0
286 16125.0 0.950783 1.137348 0.0 0.951914 1.437922 -13.620487 -0.18965 0.008233 12.845295 128.0
287 16125.0 0.936024 1.136503 0.0 0.945635 1.437922 -13.620487 -0.18965 0.008233 12.845295 128.0
