 time p.x p.y p.z deep.node-0 CV opes.bias opes.rct opes.zed opes.neff opes.nker
0 11885.0 -0.870211 1.081343 0.0 -0.854453 1.589552 -16.012638 -0.159052 0.009007 12.845295 117.0
1 11885.0 -0.853728 1.058709 0.0 -0.836683 1.589552 -16.012638 -0.159052 0.009007 12.845295 117.0
2 11885.0 -0.837514 1.037325 0.0 -0.819358 1.589552 -16.012638 -0.159052 0.009007 12.845295 117.0
3 11885.0 -0.836641 1.017595 0.0 -0.80735 1.589552 -16.012638 -0.159052 0.009007 12.845295 117.0
4 11885.0 -0.845362 0.999945 0.0 -0.799266 1.589552 -16.012638 -0.159052 0.009007 12.845295 117.0
5 11885.0 -0.845595 0.96166 0.0 -0.776117 1.589552 -16.012638 -0.159052 0.009007 12.845295 117.0
6 11885.0 -0.818301 0.943193 0.0 -0.751742 1.589552 -16.012638 -0.159052 0.009007 12.845295 117.0
7 11885.0 -0.801814 0.911126 0.0 -0.718531 1.589552 -16.012638 -0.159052 0.009007 12.845295 117.0
8 11885.0 -0.783294 0.904506 0.0 -0.706479 1.589552 -16.012638 -0.159052 0.009007 12.845295 117.0
9 11885.0 -0.770743 0.885736 0.0 -0.685914 1.589552 -16.012638 -0.159052 0.009007 12.845295 117.0
10 11885.0 -0.74301 0.890327 0.0 -0.680454 1.589552 -16.012638 -0.159052 0.009007 12.845295 117.0
11 11885.0 -0.722369 0.871937 0.0 -0.657563 1.589552 -16.012638 -0.159052 0.009007 12.845295 117.0
12 11885.0 -0.709161 0.859147 0.0 -0.64196 1.589552 -16.012638 -0.159052 0.009007 12.845295 117.0
13 11885.0 -0.686221 0.837894 0.0 -0.614757 1.589552 -16.012638 -0.159052 0.009007 12.845295 117.0
14 11885.0 -0.687778 0.881657 0.0 -0.65385 1.589552 -16.012638 -0.159052 0.009007 12.845295 117.0
15 11885.0 -0.66422 0.831075 0.0 -0.600707 1.589552 -16.012638 -0.159052 0.009007 12.845295 117.0
16 11885.0 -0.66427 0.799321 0.0 -0.572511 1.589552 -16.012638 -0.159052 0.009007 12.845295 117.0
17 11885.0 -0.648539 0.779498 0.0 -0.549184 1.589552 -16.012638 -0.159052 0.009007 12.845295 117.0
18 11885.0 -0.650334 0.772356 0.0 -0.543491 1.589552 -16.012638 -0.159052 0.009007 12.845295 117.0
19 11885.0 -0.643249 0.749092 0.0 -0.516617 1.589552 -16.012638 -0.159052 0.009007 12.845295 117.0
20 11885.0 -0.638619 0.741687 0.0 -0.506478 1.589552 -16.012638 -0.159052 0.009007 12.845295 117.0
21 11885.0 -0.644653 0.74431 0.0 -0.511894 1.589552 -16.012638 -0.159052 0.009007 12.845295 117.0
22 11885.0 -0.650594 0.734562 0.0 -0.503534 1.589552 -16.012638 -0.159052 0.009007 12.845295 117.0
23 11885.0 -0.660758 0.73411 0.0 -0.507234 1.589552 -16.012638 -0.159052 0.009007 12.845295 117.0
24 11885.0 -0.667 0.729859 0.0 -0.505063 1.589552 -16.012638 -0.159052 0.009007 12.845295 117.0
25 11885.0 -0.694261 0.712226 0.0 -0.496627 1.589552 -16.012638 -0.159052 0.009007 12.845295 117.0
26 11885.0 -0.691372 0.706312 0.0 -0.488819 1.589552 -16.012638 -0.159052 0.009007 12.845295 117.0
27 11885.0 -0.660173 0.687987 0.0 -0.45542 1.589552 -16.012638 -0.159052 0.009007 12.845295 117.0
28 11885.0 -0.666014 0.671314 0.0 -0.439194 1.589552 -16.012638 -0.159052 0.009007 12.845295 117.0
29 11885.0 -0.663425 0.660365 0.0 -0.425881 1.589552 -16.012638 -0.159052 0.009007 12.845295 117.0
30 11885.0 -0.665794 0.651124 0.0 -0.416528 1.589552 -16.012638 -0.159052 0.009007 12.845295 117.0
31 11885.0 -0.65004 0.658934 0.0 -0.418742 1.589552 -16.012638 -0.159052 0.009007 12.845295 117.0
32 11885.0 -0.625307 0.673622 0.0 -0.42493 1.589552 -16.012638 -0.159052 0.009007 12.845295 117.0
33 11885.0 -0.594539 0.651171 0.0 -0.387097 1.589552 -16.012638 -0.159052 0.009007 12.845295 117.0
34 11885.0 -0.593754 0.656654 0.0 -0.392902 1.589552 -16.012638 -0.159052 0.009007 12.845295 117.0
35 11885.0 -0.599815 0.654828 0.0 -0.393368 1.589552 -16.012638 -0.159052 0.009007 12.845295 117.0
36 11885.0 -0.589295 0.630139 0.0 -0.36141 1.589552 -16.012638 -0.159052 0.009007 12.845295 117.0
37 11885.0 -0.568802 0.625558 0.0 -0.347808 1.589552 -16.012638 -0.159052 0.009007 12.845295 117.0
38 11885.0 -0.594486 0.621121 0.0 -0.353474 1.589552 -16.012638 -0.159052 0.009007 12.845295 117.0
39 11885.0 -0.578216 0.600785 0.0 -0.321456 1.589552 -16.012638 -0.159052 0.009007 12.845295 117.0
40 11885.0 -0.581307 0.581537 0.0 -0.296887 1.589552 -16.012638 -0.159052 0.009007 12.845295 117.0
41 11885.0 -0.565201 0.564168 0.0 -0.255997 1.589552 -16.012638 -0.159052 0.009007 12.845295 117.0
42 11885.0 -0.540217 0.544869 0.0 -0.198176 1.589552 -16.012638 -0.159052 0.009007 12.845295 117.0
43 11885.0 -0.544543 0.52482 0.0 -0.173574 1.589552 -16.012638 -0.159052 0.009007 12.845295 117.0
44 11885.0 -0.536851 0.535837 0.0 -0.183355 1.589552 -16.012638 -0.159052 0.009007 12.845295 117.0
45 11885.0 -0.541644 0.521 0.0 -0.166385 1.589552 -16.012638 -0.159052 0.009007 12.845295 117.0
46 11885.0 -0.521339 0.522032 0.0 -0.153945 1.589552 -16.012638 -0.159052 0.009007 12.845295 117.0
47 11885.0 -0.531957 0.531383 0.0 -0.173942 1.589552 -16.012638 -0.159052 0.009007 12.845295 117.0
48 11885.0 -0.511774 0.504352 0.0 -0.123305 1.589552 -16.012638 -0.159052 0.009007 12.845295 117.0
49 11885.0 -0.479101 0.489954 0.0 -0.095962 1.589552 -16.012638 -0.159052 0.009007 12.845295 117.0
50 11885.0 -0.468095 0.49672 0.0 -0.098141 1.589552 -16.012638 -0.159052 0.009007 12.845295 117.0
51 11885.0 -0.457718 0.496719 0.0 -0.094114 1.589552 -16.012638 -0.159052 0.009007 12.845295 117.0
52 11885.0 -0.471389 0.497085 0.0 -0.099766 1.589552 -16.012638 -0.159052 0.009007 12.845295 117.0
53 11885.0 -0.473112 0.491701 0.0 -0.095304 1.589552 -16.012638 -0.159052 0.009007 12.845295 117.0
54 11885.0 -0.437958 0.497972 0.0 -0.087643 1.589552 -16.012638 -0.159052 0.009007 12.845295 117.0
55 11885.0 -0.443232 0.511268 0.0 -0.102362 1.589552 -16.012638 -0.159052 0.009007 12.845295 117.0
56 11885.0 -0.436166 0.504468 0.0 -0.093139 1.589552 -16.012638 -0.159052 0.009007 12.845295 117.0
57 11885.0 -0.4379 0.498134 0.0 -0.087774 1.589552 -16.012638 -0.159052 0.009007 12.845295 117.0
58 11885.0 -0.424748 0.485656 0.0 -0.070779 1.589552 -16.012638 -0.159052 0.009007 12.845295 117.0
59 11885.0 -0.434213 0.490681 0.0 -0.079241 1.589552 -16.012638 -0.159052 0.009007 12.845295 117.0
60 11885.0 -0.439087 0.476254 0.0 -0.067381 1.589552 -16.012638 -0.159052 0.009007 12.845295 117.0
61 11885.0 -0.413246 0.468512 0.0 -0.049976 1.589552 -16.012638 -0.159052 0.009007 12.845295 117.0
62 11885.0 -0.392719 0.474571 0.0 -0.047789 1.589552 -16.012638 -0.159052 0.009007 12.845295 117.0
63 11885.0 -0.405409 0.495055 0.0 -0.072235 1.589552 -16.012638 -0.159052 0.009007 12.845295 117.0
64 11885.0 -0.390508 0.49663 0.0 -0.067956 1.589552 -16.012638 -0.159052 0.009007 12.845295 117.0
65 11885.0 -0.383318 0.500613 0.0 -0.068963 1.589552 -16.012638 -0.159052 0.009007 12.845295 117.0
66 11885.0 -0.394393 0.502649 0.0 -0.0752 1.589552 -16.012638 -0.159052 0.009007 12.845295 117.0
67 11885.0 -0.402246 0.506313 0.0 -0.081739 1.589552 -16.012638 -0.159052 0.009007 12.845295 117.0
68 11885.0 -0.387711 0.478964 0.0 -0.050033 1.589552 -16.012638 -0.159052 0.009007 12.845295 117.0
69 11885.0 -0.356089 0.472861 0.0 -0.031948 1.589552 -16.012638 -0.159052 0.009007 12.845295 117.0
70 11885.0 -0.360504 0.47016 0.0 -0.031137 1.589552 -16.012638 -0.159052 0.009007 12.845295 117.0
71 11885.0 -0.349196 0.459595 0.0 -0.019136 1.589552 -16.012638 -0.159052 0.009007 12.845295 117.0
72 11885.0 -0.360048 0.495555 0.0 -0.055114 1.589552 -16.012638 -0.159052 0.009007 12.845295 117.0
73 11885.0 -0.346938 0.520089 0.0 -0.073412 1.589552 -16.012638 -0.159052 0.009007 12.845295 117.0
74 11885.0 -0.344848 0.512384 0.0 -0.065258 1.589552 -16.012638 -0.159052 0.009007 12.845295 117.0
75 11885.0 -0.318049 0.52002 0.0 -0.06214 1.589552 -16.012638 -0.159052 0.009007 12.845295 117.0
76 11885.0 -0.303768 0.492351 0.0 -0.031458 1.589552 -16.012638 -0.159052 0.009007 12.845295 117.0
77 11885.0 -0.280743 0.471135 0.0 -0.007262 1.589552 -16.012638 -0.159052 0.009007 12.845295 117.0
78 11885.0 -0.274066 0.487673 0.0 -0.018509 1.589552 -16.012638 -0.159052 0.009007 12.845295 117.0
79 11885.0 -0.263358 0.483279 0.0 -0.011662 1.589552 -16.012638 -0.159052 0.009007 12.845295 117.0
80 11885.0 -0.262728 0.496627 0.0 -0.022212 1.589552 -16.012638 -0.159052 0.009007 12.845295 117.0
81 11885.0 -0.26095 0.532102 0.0 -0.051504 1.589552 -16.012638 -0.159052 0.009007 12.845295 117.0
82 11885.0 -0.272363 0.530799 0.0 -0.05469 1.589552 -16.012638 -0.159052 0.009007 12.845295 117.0
83 11885.0 -0.260341 0.535421 0.0 -0.054431 1.589552 -16.012638 -0.159052 0.009007 12.845295 117.0
84 11885.0 -0.244641 0.507889 0.0 -0.025685 1.589552 -16.012638 -0.159052 0.009007 12.845295 117.0
85 11885.0 -0.226223 0.500209 0.0 -0.013808 1.589552 -16.012638 -0.159052 0.009007 12.845295 117.0
86 11885.0 -0.223697 0.51445 0.0 -0.024491 1.589552 -16.012638 -0.159052 0.009007 12.845295 117.0
87 11885.0 -0.205991 0.529874 0.0 -0.031433 1.589552 -16.012638 -0.159052 0.009007 12.845295 117.0
88 11885.0 -0.210985 0.544703 0.0 -0.044914 1.589552 -16.012638 -0.159052 0.009007 12.845295 117.0
89 11885.0 -0.2046 0.547368 0.0 -0.045085 1.589552 -16.012638 -0.159052 0.009007 12.845295 117.0
90 11885.0 -0.205624 0.518676 0.0 -0.022305 1.589552 -16.012638 -0.159052 0.009007 12.845295 117.0
91 11885.0 -0.219151 0.498771 0.0 -0.010465 1.589552 -16.012638 -0.159052 0.009007 12.845295 117.0
92 11885.0 -0.206537 0.50187 0.0 -0.009059 1.589552 -16.012638 -0.159052 0.009007 12.845295 117.0
93 11885.0 -0.207154 0.503337 0.0 -0.010432 1.589552 -16.012638 -0.159052 0.009007 12.845295 117.0
94 11885.0 -0.20688 0.511348 0.0 -0.016795 1.589552 -16.012638 -0.159052 0.009007 12.845295 117.0
95 11885.0 -0.19625 0.516374 0.0 -0.017554 1.589552 -16.012638 -0.159052 0.009007 12.845295 117.0
96 11885.0 -0.180343 0.539074 0.0 -0.030908 1.589552 -16.012638 -0.159052 0.009007 12.845295 117.0
97 11885.0 -0.1483 0.53097 0.0 -0.014479 1.589552 -16.012638 -0.159052 0.009007 12.845295 117.0
98 11885.0 -0.112415 0.538186 0.0 -0.009268 1.589552 -16.012638 -0.159052 0.009007 12.845295 117.0
99 11885.0 -0.108854 0.530817 0.0 -0.003567 1.589552 -16.012638 -0.159052 0.009007 12.845295 117.0
100 11885.0 -0.086232 0.515595 0.0 0.007624 1.589552 -16.012638 -0.159052 0.009007 12.845295 117.0
101 11885.0 -0.066172 0.537464 0.0 -0.002506 1.589552 -16.012638 -0.159052 0.009007 12.845295 117.0
102 11885.0 -0.06459 0.541846 0.0 -0.004901 1.589552 -16.012638 -0.159052 0.009007 12.845295 117.0
103 11885.0 -0.074704 0.553902 0.0 -0.012207 1.589552 -16.012638 -0.159052 0.009007 12.845295 117.0
104 11885.0 -0.076259 0.537886 0.0 -0.003339 1.589552 -16.012638 -0.159052 0.009007 12.845295 117.0
105 11885.0 -0.032947 0.523424 0.0 0.001289 1.589552 -16.012638 -0.159052 0.009007 12.845295 117.0
106 11885.0 -0.035647 0.530349 0.0 -0.001245 1.589552 -16.012638 -0.159052 0.009007 12.845295 117.0
107 11885.0 -0.011994 0.526078 0.0 -0.0005 1.589552 -16.012638 -0.159052 0.009007 12.845295 117.0
108 11885.0 0.010586 0.521305 0.0 0.0005 1.589552 -16.012638 -0.159052 0.009007 12.845295 117.0
109 11885.0 0.018188 0.502315 0.0 0.00637 1.589552 -16.012638 -0.159052 0.009007 12.845295 117.0
110 11885.0 -0.007341 0.527281 0.0 -0.000966 1.589552 -16.012638 -0.159052 0.009007 12.845295 117.0
111 11885.0 0.015496 0.520611 0.0 0.000611 1.589552 -16.012638 -0.159052 0.009007 12.845295 117.0
112 11885.0 0.013057 0.516294 0.0 0.001989 1.589552 -16.012638 -0.159052 0.009007 12.845295 117.0
113 11885.0 0.035445 0.517655 0.0 0.001107 1.589552 -16.012638 -0.159052 0.009007 12.845295 117.0
114 11885.0 0.015983 0.507976 0.0 0.004485 1.589552 -16.012638 -0.159052 0.009007 12.845295 117.0
115 11885.0 0.026814 0.507046 0.0 0.004546 1.589552 -16.012638 -0.159052 0.009007 12.845295 117.0
116 11885.0 0.04099 0.500957 0.0 0.006124 1.589552 -16.012638 -0.159052 0.009007 12.845295 117.0
117 11885.0 0.049159 0.503813 0.0 0.005077 1.589552 -16.012638 -0.159052 0.009007 12.845295 117.0
118 11885.0 0.040765 0.513287 0.0 0.002339 1.589552 -16.012638 -0.159052 0.009007 12.845295 117.0
119 11885.0 0.050773 0.520098 0.0 3.8e-05 1.589552 -16.012638 -0.159052 0.009007 12.845295 117.0
120 11885.0 0.041916 0.522322 0.0 -0.000462 1.589552 -16.012638 -0.159052 0.009007 12.845295 117.0
121 11885.0 0.048393 0.514417 0.0 0.001834 1.589552 -16.012638 -0.159052 0.009007 12.845295 117.0
122 11885.0 0.041723 0.497135 0.0 0.007284 1.589552 -16.012638 -0.159052 0.009007 12.845295 117.0
123 11885.0 0.084155 0.494154 0.0 0.007321 1.589552 -16.012638 -0.159052 0.009007 12.845295 117.0
124 11885.0 0.096546 0.48721 0.0 0.009257 1.589552 -16.012638 -0.159052 0.009007 12.845295 117.0
125 11885.0 0.084497 0.484773 0.0 0.010283 1.589552 -16.012638 -0.159052 0.009007 12.845295 117.0
126 11885.0 0.095104 0.500876 0.0 0.005028 1.589552 -16.012638 -0.159052 0.009007 12.845295 117.0
127 11885.0 0.113454 0.510955 0.0 0.00155 1.589552 -16.012638 -0.159052 0.009007 12.845295 117.0
128 11885.0 0.116414 0.531172 0.0 0.00249 1.589552 -16.012638 -0.159052 0.009007 12.845295 117.0
129 11885.0 0.112937 0.506114 0.0 0.003049 1.589552 -16.012638 -0.159052 0.009007 12.845295 117.0
130 11885.0 0.128825 0.519948 0.0 0.004113 1.589552 -16.012638 -0.159052 0.009007 12.845295 117.0
131 11885.0 0.140008 0.521945 0.0 0.005963 1.589552 -16.012638 -0.159052 0.009007 12.845295 117.0
132 11885.0 0.144721 0.501474 0.0 0.006061 1.589552 -16.012638 -0.159052 0.009007 12.845295 117.0
133 11885.0 0.15817 0.501974 0.0 0.008225 1.589552 -16.012638 -0.159052 0.009007 12.845295 117.0
134 11885.0 0.157939 0.500337 0.0 0.008136 1.589552 -16.012638 -0.159052 0.009007 12.845295 117.0
135 11885.0 0.163699 0.501274 0.0 0.009086 1.589552 -16.012638 -0.159052 0.009007 12.845295 117.0
136 11885.0 0.156732 0.481199 0.0 0.010786 1.589552 -16.012638 -0.159052 0.009007 12.845295 117.0
137 11885.0 0.129433 0.474168 0.0 0.013662 1.589552 -16.012638 -0.159052 0.009007 12.845295 117.0
138 11885.0 0.170381 0.484968 0.0 0.011714 1.589552 -16.012638 -0.159052 0.009007 12.845295 117.0
139 11885.0 0.171952 0.489708 0.0 0.011507 1.589552 -16.012638 -0.159052 0.009007 12.845295 117.0
140 11885.0 0.212029 0.497697 0.0 0.017968 1.589552 -16.012638 -0.159052 0.009007 12.845295 117.0
141 11885.0 0.224432 0.491722 0.0 0.02103 1.589552 -16.012638 -0.159052 0.009007 12.845295 117.0
142 11885.0 0.186509 0.480497 0.0 0.015114 1.589552 -16.012638 -0.159052 0.009007 12.845295 117.0
143 11885.0 0.171508 0.494964 0.0 0.010879 1.589552 -16.012638 -0.159052 0.009007 12.845295 117.0
144 11885.0 0.161546 0.514283 0.0 0.009158 1.589552 -16.012638 -0.159052 0.009007 12.845295 117.0
145 11885.0 0.143792 0.488881 0.0 0.008119 1.589552 -16.012638 -0.159052 0.009007 12.845295 117.0
146 11885.0 0.150382 0.514422 0.0 0.007379 1.589552 -16.012638 -0.159052 0.009007 12.845295 117.0
147 11885.0 0.163925 0.528354 0.0 0.009988 1.589552 -16.012638 -0.159052 0.009007 12.845295 117.0
148 11885.0 0.158779 0.528779 0.0 0.00918 1.589552 -16.012638 -0.159052 0.009007 12.845295 117.0
149 11885.0 0.154267 0.512567 0.0 0.007941 1.589552 -16.012638 -0.159052 0.009007 12.845295 117.0
150 11885.0 0.165711 0.529086 0.0 0.010297 1.589552 -16.012638 -0.159052 0.009007 12.845295 117.0
151 11885.0 0.161804 0.551607 0.0 0.010393 1.589552 -16.012638 -0.159052 0.009007 12.845295 117.0
152 11885.0 0.168725 0.561767 0.0 0.01645 1.589552 -16.012638 -0.159052 0.009007 12.845295 117.0
153 11885.0 0.19092 0.551589 0.0 0.02693 1.589552 -16.012638 -0.159052 0.009007 12.845295 117.0
154 11885.0 0.203132 0.543772 0.0 0.031495 1.589552 -16.012638 -0.159052 0.009007 12.845295 117.0
155 11885.0 0.23312 0.561209 0.0 0.06254 1.589552 -16.012638 -0.159052 0.009007 12.845295 117.0
156 11885.0 0.229269 0.574325 0.0 0.066899 1.589552 -16.012638 -0.159052 0.009007 12.845295 117.0
157 11885.0 0.26011 0.560341 0.0 0.081515 1.589552 -16.012638 -0.159052 0.009007 12.845295 117.0
158 11885.0 0.286763 0.554553 0.0 0.097584 1.589552 -16.012638 -0.159052 0.009007 12.845295 117.0
159 11885.0 0.287924 0.574388 0.0 0.109344 1.589552 -16.012638 -0.159052 0.009007 12.845295 117.0
160 11885.0 0.282587 0.578405 0.0 0.107716 1.589552 -16.012638 -0.159052 0.009007 12.845295 117.0
161 11885.0 0.289943 0.571283 0.0 0.10908 1.589552 -16.012638 -0.159052 0.009007 12.845295 117.0
162 11885.0 0.276501 0.550738 0.0 0.088126 1.589552 -16.012638 -0.159052 0.009007 12.845295 117.0
163 11885.0 0.263638 0.534938 0.0 0.070305 1.589552 -16.012638 -0.159052 0.009007 12.845295 117.0
164 11885.0 0.280208 0.543864 0.0 0.087074 1.589552 -16.012638 -0.159052 0.009007 12.845295 117.0
165 11885.0 0.279578 0.559345 0.0 0.095002 1.589552 -16.012638 -0.159052 0.009007 12.845295 117.0
166 11885.0 0.270946 0.556759 0.0 0.087383 1.589552 -16.012638 -0.159052 0.009007 12.845295 117.0
167 11885.0 0.310564 0.544688 0.0 0.109391 1.589552 -16.012638 -0.159052 0.009007 12.845295 117.0
168 11885.0 0.294222 0.523022 0.0 0.085888 1.589552 -16.012638 -0.159052 0.009007 12.845295 117.0
169 11885.0 0.293281 0.525584 0.0 0.086597 1.589552 -16.012638 -0.159052 0.009007 12.845295 117.0
170 11885.0 0.296749 0.53192 0.0 0.092526 1.589552 -16.012638 -0.159052 0.009007 12.845295 117.0
171 11885.0 0.304539 0.546394 0.0 0.105974 1.589552 -16.012638 -0.159052 0.009007 12.845295 117.0
172 11885.0 0.297172 0.551868 0.0 0.10363 1.589552 -16.012638 -0.159052 0.009007 12.845295 117.0
173 11885.0 0.312355 0.554068 0.0 0.115759 1.589552 -16.012638 -0.159052 0.009007 12.845295 117.0
174 11885.0 0.323811 0.540532 0.0 0.116684 1.589552 -16.012638 -0.159052 0.009007 12.845295 117.0
175 11885.0 0.33567 0.558913 0.0 0.135273 1.589552 -16.012638 -0.159052 0.009007 12.845295 117.0
176 11885.0 0.345636 0.566878 0.0 0.146903 1.589552 -16.012638 -0.159052 0.009007 12.845295 117.0
177 11885.0 0.355522 0.554105 0.0 0.146957 1.589552 -16.012638 -0.159052 0.009007 12.845295 117.0
178 11885.0 0.354558 0.549971 0.0 0.143964 1.589552 -16.012638 -0.159052 0.009007 12.845295 117.0
179 11885.0 0.33887 0.545079 0.0 0.129996 1.589552 -16.012638 -0.159052 0.009007 12.845295 117.0
180 11885.0 0.331895 0.540673 0.0 0.122585 1.589552 -16.012638 -0.159052 0.009007 12.845295 117.0
181 11885.0 0.298502 0.535971 0.0 0.095982 1.589552 -16.012638 -0.159052 0.009007 12.845295 117.0
182 11885.0 0.27763 0.534653 0.0 0.080231 1.589552 -16.012638 -0.159052 0.009007 12.845295 117.0
183 11885.0 0.314363 0.530303 0.0 0.10434 1.589552 -16.012638 -0.159052 0.009007 12.845295 117.0
184 11885.0 0.32168 0.545755 0.0 0.117976 1.589552 -16.012638 -0.159052 0.009007 12.845295 117.0
185 11885.0 0.321674 0.54165 0.0 0.115751 1.589552 -16.012638 -0.159052 0.009007 12.845295 117.0
186 11885.0 0.356009 0.544299 0.0 0.141921 1.589552 -16.012638 -0.159052 0.009007 12.845295 117.0
187 11885.0 0.368074 0.537142 0.0 0.146739 1.589552 -16.012638 -0.159052 0.009007 12.845295 117.0
188 11885.0 0.377868 0.555361 0.0 0.163812 1.589552 -16.012638 -0.159052 0.009007 12.845295 117.0
189 11885.0 0.393125 0.544407 0.0 0.16876 1.589552 -16.012638 -0.159052 0.009007 12.845295 117.0
190 11885.0 0.415119 0.534589 0.0 0.180028 1.589552 -16.012638 -0.159052 0.009007 12.845295 117.0
191 11885.0 0.426351 0.514107 0.0 0.180069 1.589552 -16.012638 -0.159052 0.009007 12.845295 117.0
192 11885.0 0.432114 0.535066 0.0 0.193598 1.589552 -16.012638 -0.159052 0.009007 12.845295 117.0
193 11885.0 0.435306 0.546931 0.0 0.20367 1.589552 -16.012638 -0.159052 0.009007 12.845295 117.0
194 11885.0 0.462292 0.547416 0.0 0.227101 1.589552 -16.012638 -0.159052 0.009007 12.845295 117.0
195 11885.0 0.453669 0.561987 0.0 0.230035 1.589552 -16.012638 -0.159052 0.009007 12.845295 117.0
196 11885.0 0.472776 0.553022 0.0 0.239943 1.589552 -16.012638 -0.159052 0.009007 12.845295 117.0
197 11885.0 0.470513 0.551467 0.0 0.236908 1.589552 -16.012638 -0.159052 0.009007 12.845295 117.0
198 11885.0 0.472303 0.530521 0.0 0.226134 1.589552 -16.012638 -0.159052 0.009007 12.845295 117.0
199 11885.0 0.452389 0.528147 0.0 0.207383 1.589552 -16.012638 -0.159052 0.009007 12.845295 117.0
200 11885.0 0.438214 0.519155 0.0 0.190925 1.589552 -16.012638 -0.159052 0.009007 12.845295 117.0
201 11885.0 0.464257 0.512575 0.0 0.20899 1.589552 -16.012638 -0.159052 0.009007 12.845295 117.0
202 11885.0 0.472986 0.534141 0.0 0.228815 1.589552 -16.012638 -0.159052 0.009007 12.845295 117.0
203 11885.0 0.489493 0.532946 0.0 0.242565 1.589552 -16.012638 -0.159052 0.009007 12.845295 117.0
204 11885.0 0.479915 0.54867 0.0 0.243236 1.589552 -16.012638 -0.159052 0.009007 12.845295 117.0
205 11885.0 0.482099 0.517375 0.0 0.227244 1.589552 -16.012638 -0.159052 0.009007 12.845295 117.0
206 11885.0 0.496917 0.565173 0.0 0.269166 1.589552 -16.012638 -0.159052 0.009007 12.845295 117.0
207 11885.0 0.509069 0.551122 0.0 0.270146 1.589552 -16.012638 -0.159052 0.009007 12.845295 117.0
208 11885.0 0.523457 0.567189 0.0 0.293224 1.589552 -16.012638 -0.159052 0.009007 12.845295 117.0
209 11885.0 0.540264 0.569432 0.0 0.309146 1.589552 -16.012638 -0.159052 0.009007 12.845295 117.0
210 11885.0 0.552505 0.588927 0.0 0.333451 1.589552 -16.012638 -0.159052 0.009007 12.845295 117.0
211 11885.0 0.579392 0.569216 0.0 0.342346 1.589552 -16.012638 -0.159052 0.009007 12.845295 117.0
212 11885.0 0.588978 0.558585 0.0 0.344335 1.589552 -16.012638 -0.159052 0.009007 12.845295 117.0
213 11885.0 0.582098 0.563193 0.0 0.340969 1.589552 -16.012638 -0.159052 0.009007 12.845295 117.0
214 11885.0 0.620494 0.575006 0.0 0.381501 1.589552 -16.012638 -0.159052 0.009007 12.845295 117.0
215 11885.0 0.626432 0.589911 0.0 0.397167 1.589552 -16.012638 -0.159052 0.009007 12.845295 117.0
216 11885.0 0.609354 0.593523 0.0 0.38518 1.589552 -16.012638 -0.159052 0.009007 12.845295 117.0
217 11885.0 0.603579 0.580347 0.0 0.370883 1.589552 -16.012638 -0.159052 0.009007 12.845295 117.0
218 11885.0 0.622955 0.592004 0.0 0.395692 1.589552 -16.012638 -0.159052 0.009007 12.845295 117.0
219 11885.0 0.609366 0.566148 0.0 0.36652 1.589552 -16.012638 -0.159052 0.009007 12.845295 117.0
220 11885.0 0.606998 0.565084 0.0 0.363837 1.589552 -16.012638 -0.159052 0.009007 12.845295 117.0
221 11885.0 0.639645 0.565742 0.0 0.39277 1.589552 -16.012638 -0.159052 0.009007 12.845295 117.0
222 11885.0 0.644593 0.576505 0.0 0.403292 1.589552 -16.012638 -0.159052 0.009007 12.845295 117.0
223 11885.0 0.660696 0.572565 0.0 0.415108 1.589552 -16.012638 -0.159052 0.009007 12.845295 117.0
224 11885.0 0.659401 0.588428 0.0 0.424215 1.589552 -16.012638 -0.159052 0.009007 12.845295 117.0
225 11885.0 0.668699 0.5643 0.0 0.417353 1.589552 -16.012638 -0.159052 0.009007 12.845295 117.0
226 11885.0 0.681364 0.569395 0.0 0.431362 1.589552 -16.012638 -0.159052 0.009007 12.845295 117.0
227 11885.0 0.675642 0.613404 0.0 0.45583 1.589552 -16.012638 -0.159052 0.009007 12.845295 117.0
228 11885.0 0.682199 0.609066 0.0 0.458333 1.589552 -16.012638 -0.159052 0.009007 12.845295 117.0
229 11885.0 0.690429 0.59161 0.0 0.452928 1.589552 -16.012638 -0.159052 0.009007 12.845295 117.0
230 11885.0 0.691866 0.58774 0.0 0.451399 1.589552 -16.012638 -0.159052 0.009007 12.845295 117.0
231 11885.0 0.70019 0.584871 0.0 0.456734 1.589552 -16.012638 -0.159052 0.009007 12.845295 117.0
232 11885.0 0.673433 0.58888 0.0 0.436498 1.589552 -16.012638 -0.159052 0.009007 12.845295 117.0
233 11885.0 0.688211 0.600841 0.0 0.457605 1.589552 -16.012638 -0.159052 0.009007 12.845295 117.0
234 11885.0 0.719245 0.601898 0.0 0.484811 1.589552 -16.012638 -0.159052 0.009007 12.845295 117.0
235 11885.0 0.724099 0.586902 0.0 0.478815 1.589552 -16.012638 -0.159052 0.009007 12.845295 117.0
236 11885.0 0.732845 0.590341 0.0 0.488444 1.589552 -16.012638 -0.159052 0.009007 12.845295 117.0
237 11885.0 0.713867 0.594038 0.0 0.474634 1.589552 -16.012638 -0.159052 0.009007 12.845295 117.0
238 11885.0 0.732262 0.595348 0.0 0.491247 1.589552 -16.012638 -0.159052 0.009007 12.845295 117.0
239 11885.0 0.714001 0.595701 0.0 0.475932 1.589552 -16.012638 -0.159052 0.009007 12.845295 117.0
240 11885.0 0.698504 0.598792 0.0 0.464921 1.589552 -16.012638 -0.159052 0.009007 12.845295 117.0
241 11885.0 0.707128 0.58815 0.0 0.4647 1.589552 -16.012638 -0.159052 0.009007 12.845295 117.0
242 11885.0 0.708663 0.565515 0.0 0.453006 1.589552 -16.012638 -0.159052 0.009007 12.845295 117.0
243 11885.0 0.679633 0.575315 0.0 0.433254 1.589552 -16.012638 -0.159052 0.009007 12.845295 117.0
244 11885.0 0.676747 0.565912 0.0 0.425319 1.589552 -16.012638 -0.159052 0.009007 12.845295 117.0
245 11885.0 0.667367 0.57565 0.0 0.422719 1.589552 -16.012638 -0.159052 0.009007 12.845295 117.0
246 11885.0 0.662953 0.599537 0.0 0.435147 1.589552 -16.012638 -0.159052 0.009007 12.845295 117.0
247 11885.0 0.669736 0.594268 0.0 0.43718 1.589552 -16.012638 -0.159052 0.009007 12.845295 117.0
248 11885.0 0.686513 0.59922 0.0 0.455004 1.589552 -16.012638 -0.159052 0.009007 12.845295 117.0
249 11885.0 0.685689 0.602818 0.0 0.456862 1.589552 -16.012638 -0.159052 0.009007 12.845295 117.0
250 11885.0 0.664908 0.605005 0.0 0.440704 1.589552 -16.012638 -0.159052 0.009007 12.845295 117.0
251 11885.0 0.649566 0.632827 0.0 0.447423 1.589552 -16.012638 -0.159052 0.009007 12.845295 117.0
252 11885.0 0.649855 0.622343 0.0 0.440209 1.589552 -16.012638 -0.159052 0.009007 12.845295 117.0
253 11885.0 0.644138 0.61649 0.0 0.431171 1.589552 -16.012638 -0.159052 0.009007 12.845295 117.0
254 11885.0 0.612255 0.60551 0.0 0.396182 1.589552 -16.012638 -0.159052 0.009007 12.845295 117.0
255 11885.0 0.630987 0.604559 0.0 0.411472 1.589552 -16.012638 -0.159052 0.009007 12.845295 117.0
256 11885.0 0.62098 0.616968 0.0 0.411772 1.589552 -16.012638 -0.159052 0.009007 12.845295 117.0
257 11885.0 0.588165 0.633514 0.0 0.395573 1.589552 -16.012638 -0.159052 0.009007 12.845295 117.0
258 11885.0 0.570676 0.639492 0.0 0.384918 1.589552 -16.012638 -0.159052 0.009007 12.845295 117.0
259 11885.0 0.57854 0.634174 0.0 0.387838 1.589552 -16.012638 -0.159052 0.009007 12.845295 117.0
260 11885.0 0.590967 0.639435 0.0 0.402174 1.589552 -16.012638 -0.159052 0.009007 12.845295 117.0
261 11885.0 0.616154 0.636558 0.0 0.421597 1.589552 -16.012638 -0.159052 0.009007 12.845295 117.0
262 11885.0 0.624169 0.633191 0.0 0.426033 1.589552 -16.012638 -0.159052 0.009007 12.845295 117.0
263 11885.0 0.627415 0.623931 0.0 0.422211 1.589552 -16.012638 -0.159052 0.009007 12.845295 117.0
264 11885.0 0.622108 0.618075 0.0 0.413521 1.589552 -16.012638 -0.159052 0.009007 12.845295 117.0
265 11885.0 0.637743 0.609817 0.0 0.420973 1.589552 -16.012638 -0.159052 0.009007 12.845295 117.0
266 11885.0 0.634456 0.596164 0.0 0.408456 1.589552 -16.012638 -0.159052 0.009007 12.845295 117.0
267 11885.0 0.653102 0.612488 0.0 0.435965 1.589552 -16.012638 -0.159052 0.009007 12.845295 117.0
268 11885.0 0.648951 0.627369 0.0 0.443014 1.589552 -16.012638 -0.159052 0.009007 12.845295 117.0
269 11885.0 0.65635 0.633508 0.0 0.45369 1.589552 -16.012638 -0.159052 0.009007 12.845295 117.0
270 11885.0 0.66836 0.648187 0.0 0.474372 1.589552 -16.012638 -0.159052 0.009007 12.845295 117.0
271 11885.0 0.673435 0.646765 0.0 0.477685 1.589552 -16.012638 -0.159052 0.009007 12.845295 117.0
272 11885.0 0.676476 0.652832 0.0 0.484594 1.589552 -16.012638 -0.159052 0.009007 12.845295 117.0
273 11885.0 0.688519 0.655541 0.0 0.496787 1.589552 -16.012638 -0.159052 0.009007 12.845295 117.0
274 11885.0 0.713323 0.655001 0.0 0.517547 1.589552 -16.012638 -0.159052 0.009007 12.845295 117.0
275 11885.0 0.692198 0.651619 0.0 0.497133 1.589552 -16.012638 -0.159052 0.009007 12.845295 117.0
276 11885.0 0.684709 0.634255 0.0 0.478395 1.589552 -16.012638 -0.159052 0.009007 12.845295 117.0
277 11885.0 0.728862 0.644425 0.0 0.523267 1.589552 -16.012638 -0.159052 0.009007 12.845295 117.0
278 11885.0 0.7273 0.652263 0.0 0.527512 1.589552 -16.012638 -0.159052 0.009007 12.845295 117.0
279 11885.0 0.732075 0.65067 0.0 0.530449 1.589552 -16.012638 -0.159052 0.009007 12.845295 117.0
280 11885.0 0.760322 0.632979 0.0 0.541939 1.589552 -16.012638 -0.159052 0.009007 12.845295 117.0
281 11885.0 0.78043 0.654855 0.0 0.574645 1.589552 -16.012638 -0.159052 0.009007 12.845295 117.0
282 11885.0 0.81397 0.682116 0.0 0.622631 1.589552 -16.012638 -0.159052 0.009007 12.845295 117.0
283 11885.0 0.819459 0.702512 0.0 0.641959 1.589552 -16.012638 -0.159052 0.009007 12.845295 117.0
284 11885.0 0.842841 0.689382 0.0 0.652665 1.589552 -16.012638 -0.159052 0.009007 12.845295 117.0
285 11885.0 0.857385 0.727125 0.0 0.693009 1.589552 -16.012638 -0.159052 0.009007 12.845295 117.0
286 11885.0 0.856276 0.740254 0.0 0.701677 1.589552 -16.012638 -0.159052 0.009007 12.845295 117.0
287 11885.0 0.867468 0.772535 0.0 0.735099 1.589552 -16.012638 -0.159052 0.009007 12.845295 117.0
