 time p.x p.y p.z deep.node-0 CV opes.bias opes.rct opes.zed opes.neff opes.nker
0 7740.0 -0.106668 0.500081 0.0 0.600007 -1.545843 -12.859415 -0.308329 0.038172 14.167834 129.0
1 7740.0 -0.102837 0.530891 0.0 0.570351 -1.545843 -12.859415 -0.308329 0.038172 14.167834 129.0
2 7740.0 -0.094589 0.534361 0.0 0.573738 -1.545843 -12.859415 -0.308329 0.038172 14.167834 129.0
3 7740.0 -0.116094 0.546057 0.0 0.542719 -1.545843 -12.859415 -0.308329 0.038172 14.167834 129.0
4 7740.0 -0.091982 0.5392 0.0 0.570805 -1.545843 -12.859415 -0.308329 0.038172 14.167834 129.0
5 7740.0 -0.07588 0.534175 0.0 0.59004 -1.545843 -12.859415 -0.308329 0.038172 14.167834 129.0
6 7740.0 -0.067628 0.517017 0.0 0.615493 -1.545843 -12.859415 -0.308329 0.038172 14.167834 129.0
7 7740.0 -0.076615 0.513477 0.0 0.611545 -1.545843 -12.859415 -0.308329 0.038172 14.167834 129.0
8 7740.0 -0.096647 0.506311 0.0 0.601968 -1.545843 -12.859415 -0.308329 0.038172 14.167834 129.0
9 7740.0 -0.075369 0.530573 0.0 0.594332 -1.545843 -12.859415 -0.308329 0.038172 14.167834 129.0
10 7740.0 -0.081717 0.542944 0.0 0.575636 -1.545843 -12.859415 -0.308329 0.038172 14.167834 129.0
11 7740.0 -0.091192 0.510816 0.0 0.601845 -1.545843 -12.859415 -0.308329 0.038172 14.167834 129.0
12 7740.0 -0.082293 0.505913 0.0 0.614749 -1.545843 -12.859415 -0.308329 0.038172 14.167834 129.0
13 7740.0 -0.121179 0.50622 0.0 0.580952 -1.545843 -12.859415 -0.308329 0.038172 14.167834 129.0
14 7740.0 -0.128941 0.501041 0.0 0.57981 -1.545843 -12.859415 -0.308329 0.038172 14.167834 129.0
15 7740.0 -0.13789 0.478906 0.0 0.595783 -1.545843 -12.859415 -0.308329 0.038172 14.167834 129.0
16 7740.0 -0.130526 0.475338 0.0 0.605938 -1.545843 -12.859415 -0.308329 0.038172 14.167834 129.0
17 7740.0 -0.124857 0.478467 0.0 0.607471 -1.545843 -12.859415 -0.308329 0.038172 14.167834 129.0
18 7740.0 -0.171995 0.498787 0.0 0.545165 -1.545843 -12.859415 -0.308329 0.038172 14.167834 129.0
19 7740.0 -0.178761 0.491863 0.0 0.546748 -1.545843 -12.859415 -0.308329 0.038172 14.167834 129.0
20 7740.0 -0.195607 0.485937 0.0 0.538588 -1.545843 -12.859415 -0.308329 0.038172 14.167834 129.0
21 7740.0 -0.192748 0.460288 0.0 0.568482 -1.545843 -12.859415 -0.308329 0.038172 14.167834 129.0
22 7740.0 -0.205638 0.470616 0.0 0.546342 -1.545843 -12.859415 -0.308329 0.038172 14.167834 129.0
23 7740.0 -0.214097 0.464834 0.0 0.545246 -1.545843 -12.859415 -0.308329 0.038172 14.167834 129.0
24 7740.0 -0.238556 0.468065 0.0 0.520085 -1.545843 -12.859415 -0.308329 0.038172 14.167834 129.0
25 7740.0 -0.250301 0.487243 0.0 0.48531 -1.545843 -12.859415 -0.308329 0.038172 14.167834 129.0
26 7740.0 -0.251007 0.497628 0.0 0.472133 -1.545843 -12.859415 -0.308329 0.038172 14.167834 129.0
27 7740.0 -0.281209 0.51328 0.0 0.423141 -1.545843 -12.859415 -0.308329 0.038172 14.167834 129.0
28 7740.0 -0.304277 0.497017 0.0 0.419611 -1.545843 -12.859415 -0.308329 0.038172 14.167834 129.0
29 7740.0 -0.308372 0.503967 0.0 0.407172 -1.545843 -12.859415 -0.308329 0.038172 14.167834 129.0
30 7740.0 -0.34069 0.493749 0.0 0.387134 -1.545843 -12.859415 -0.308329 0.038172 14.167834 129.0
31 7740.0 -0.349248 0.481848 0.0 0.392871 -1.545843 -12.859415 -0.308329 0.038172 14.167834 129.0
32 7740.0 -0.371814 0.468231 0.0 0.386665 -1.545843 -12.859415 -0.308329 0.038172 14.167834 129.0
33 7740.0 -0.395524 0.468267 0.0 0.362918 -1.545843 -12.859415 -0.308329 0.038172 14.167834 129.0
34 7740.0 -0.403402 0.471467 0.0 0.351199 -1.545843 -12.859415 -0.308329 0.038172 14.167834 129.0
35 7740.0 -0.387311 0.488917 0.0 0.346329 -1.545843 -12.859415 -0.308329 0.038172 14.167834 129.0
36 7740.0 -0.382345 0.49978 0.0 0.338248 -1.545843 -12.859415 -0.308329 0.038172 14.167834 129.0
37 7740.0 -0.374275 0.504826 0.0 0.340255 -1.545843 -12.859415 -0.308329 0.038172 14.167834 129.0
38 7740.0 -0.39214 0.512007 0.0 0.31377 -1.545843 -12.859415 -0.308329 0.038172 14.167834 129.0
39 7740.0 -0.400168 0.516256 0.0 0.300642 -1.545843 -12.859415 -0.308329 0.038172 14.167834 129.0
40 7740.0 -0.398991 0.518807 0.0 0.298755 -1.545843 -12.859415 -0.308329 0.038172 14.167834 129.0
41 7740.0 -0.409629 0.524184 0.0 0.281663 -1.545843 -12.859415 -0.308329 0.038172 14.167834 129.0
42 7740.0 -0.424614 0.521634 0.0 0.269744 -1.545843 -12.859415 -0.308329 0.038172 14.167834 129.0
43 7740.0 -0.440097 0.528612 0.0 0.245886 -1.545843 -12.859415 -0.308329 0.038172 14.167834 129.0
44 7740.0 -0.453414 0.507782 0.0 0.257589 -1.545843 -12.859415 -0.308329 0.038172 14.167834 129.0
45 7740.0 -0.431007 0.50927 0.0 0.278201 -1.545843 -12.859415 -0.308329 0.038172 14.167834 129.0
46 7740.0 -0.443533 0.520828 0.0 0.251798 -1.545843 -12.859415 -0.308329 0.038172 14.167834 129.0
47 7740.0 -0.443985 0.508685 0.0 0.26593 -1.545843 -12.859415 -0.308329 0.038172 14.167834 129.0
48 7740.0 -0.469032 0.526315 0.0 0.219717 -1.545843 -12.859415 -0.308329 0.038172 14.167834 129.0
49 7740.0 -0.480883 0.520889 0.0 0.214386 -1.545843 -12.859415 -0.308329 0.038172 14.167834 129.0
50 7740.0 -0.500062 0.537966 0.0 0.174704 -1.545843 -12.859415 -0.308329 0.038172 14.167834 129.0
51 7740.0 -0.543285 0.540304 0.0 0.128685 -1.545843 -12.859415 -0.308329 0.038172 14.167834 129.0
52 7740.0 -0.551611 0.539859 0.0 0.120895 -1.545843 -12.859415 -0.308329 0.038172 14.167834 129.0
53 7740.0 -0.558986 0.552423 0.0 0.098435 -1.545843 -12.859415 -0.308329 0.038172 14.167834 129.0
54 7740.0 -0.594498 0.56315 0.0 0.050049 -1.545843 -12.859415 -0.308329 0.038172 14.167834 129.0
55 7740.0 -0.63674 0.549607 0.0 0.024084 -1.545843 -12.859415 -0.308329 0.038172 14.167834 129.0
56 7740.0 -0.657933 0.555552 0.0 -0.004243 -1.545843 -12.859415 -0.308329 0.038172 14.167834 129.0
57 7740.0 -0.681387 0.549479 0.0 -0.020397 -1.545843 -12.859415 -0.308329 0.038172 14.167834 129.0
58 7740.0 -0.703433 0.570159 0.0 -0.067272 -1.545843 -12.859415 -0.308329 0.038172 14.167834 129.0
59 7740.0 -0.705423 0.572992 0.0 -0.072664 -1.545843 -12.859415 -0.308329 0.038172 14.167834 129.0
60 7740.0 -0.729744 0.572501 0.0 -0.096388 -1.545843 -12.859415 -0.308329 0.038172 14.167834 129.0
61 7740.0 -0.722306 0.579709 0.0 -0.097609 -1.545843 -12.859415 -0.308329 0.038172 14.167834 129.0
62 7740.0 -0.752684 0.573539 0.0 -0.12057 -1.545843 -12.859415 -0.308329 0.038172 14.167834 129.0
63 7740.0 -0.771407 0.545433 0.0 -0.105533 -1.545843 -12.859415 -0.308329 0.038172 14.167834 129.0
64 7740.0 -0.791149 0.518469 0.0 -0.092886 -1.545843 -12.859415 -0.308329 0.038172 14.167834 129.0
65 7740.0 -0.832883 0.498031 0.0 -0.110064 -1.545843 -12.859415 -0.308329 0.038172 14.167834 129.0
66 7740.0 -0.845964 0.496307 0.0 -0.12107 -1.545843 -12.859415 -0.308329 0.038172 14.167834 129.0
67 7740.0 -0.833861 0.533821 0.0 -0.154022 -1.545843 -12.859415 -0.308329 0.038172 14.167834 129.0
68 7740.0 -0.822277 0.549088 0.0 -0.160778 -1.545843 -12.859415 -0.308329 0.038172 14.167834 129.0
69 7740.0 -0.822118 0.570483 0.0 -0.186313 -1.545843 -12.859415 -0.308329 0.038172 14.167834 129.0
70 7740.0 -0.835241 0.584459 0.0 -0.214981 -1.545843 -12.859415 -0.308329 0.038172 14.167834 129.0
71 7740.0 -0.844862 0.602064 0.0 -0.24199 -1.545843 -12.859415 -0.308329 0.038172 14.167834 129.0
72 7740.0 -0.840548 0.595343 0.0 -0.231017 -1.545843 -12.859415 -0.308329 0.038172 14.167834 129.0
73 7740.0 -0.846387 0.605109 0.0 -0.246583 -1.545843 -12.859415 -0.308329 0.038172 14.167834 129.0
74 7740.0 -0.815263 0.615372 0.0 -0.230043 -1.545843 -12.859415 -0.308329 0.038172 14.167834 129.0
75 7740.0 -0.800897 0.618844 0.0 -0.22106 -1.545843 -12.859415 -0.308329 0.038172 14.167834 129.0
76 7740.0 -0.802827 0.631164 0.0 -0.235897 -1.545843 -12.859415 -0.308329 0.038172 14.167834 129.0
77 7740.0 -0.827969 0.609059 0.0 -0.234531 -1.545843 -12.859415 -0.308329 0.038172 14.167834 129.0
78 7740.0 -0.826488 0.629026 0.0 -0.25451 -1.545843 -12.859415 -0.308329 0.038172 14.167834 129.0
79 7740.0 -0.8292 0.627553 0.0 -0.255335 -1.545843 -12.859415 -0.308329 0.038172 14.167834 129.0
80 7740.0 -0.818415 0.653517 0.0 -0.27349 -1.545843 -12.859415 -0.308329 0.038172 14.167834 129.0
81 7740.0 -0.840955 0.654004 0.0 -0.29391 -1.545843 -12.859415 -0.308329 0.038172 14.167834 129.0
82 7740.0 -0.85488 0.648293 0.0 -0.300118 -1.545843 -12.859415 -0.308329 0.038172 14.167834 129.0
83 7740.0 -0.831332 0.673986 0.0 -0.306717 -1.545843 -12.859415 -0.308329 0.038172 14.167834 129.0
84 7740.0 -0.833802 0.681685 0.0 -0.317105 -1.545843 -12.859415 -0.308329 0.038172 14.167834 129.0
85 7740.0 -0.816045 0.691452 0.0 -0.311838 -1.545843 -12.859415 -0.308329 0.038172 14.167834 129.0
86 7740.0 -0.81928 0.668238 0.0 -0.289947 -1.545843 -12.859415 -0.308329 0.038172 14.167834 129.0
87 7740.0 -0.819154 0.672345 0.0 -0.294214 -1.545843 -12.859415 -0.308329 0.038172 14.167834 129.0
88 7740.0 -0.820972 0.672112 0.0 -0.295571 -1.545843 -12.859415 -0.308329 0.038172 14.167834 129.0
89 7740.0 -0.814067 0.654016 0.0 -0.270183 -1.545843 -12.859415 -0.308329 0.038172 14.167834 129.0
90 7740.0 -0.823963 0.658089 0.0 -0.283263 -1.545843 -12.859415 -0.308329 0.038172 14.167834 129.0
91 7740.0 -0.819008 0.682261 0.0 -0.304655 -1.545843 -12.859415 -0.308329 0.038172 14.167834 129.0
92 7740.0 -0.828263 0.696723 0.0 -0.328246 -1.545843 -12.859415 -0.308329 0.038172 14.167834 129.0
93 7740.0 -0.844979 0.707614 0.0 -0.358852 -1.545843 -12.859415 -0.308329 0.038172 14.167834 129.0
94 7740.0 -0.862719 0.705801 0.0 -0.373584 -1.545843 -12.859415 -0.308329 0.038172 14.167834 129.0
95 7740.0 -0.888644 0.701884 0.0 -0.393352 -1.545843 -12.859415 -0.308329 0.038172 14.167834 129.0
96 7740.0 -0.892681 0.708969 0.0 -0.407102 -1.545843 -12.859415 -0.308329 0.038172 14.167834 129.0
97 7740.0 -0.906592 0.725319 0.0 -0.442854 -1.545843 -12.859415 -0.308329 0.038172 14.167834 129.0
98 7740.0 -0.905235 0.745676 0.0 -0.46939 -1.545843 -12.859415 -0.308329 0.038172 14.167834 129.0
99 7740.0 -0.925706 0.742066 0.0 -0.483383 -1.545843 -12.859415 -0.308329 0.038172 14.167834 129.0
100 7740.0 -0.94021 0.750655 0.0 -0.508512 -1.545843 -12.859415 -0.308329 0.038172 14.167834 129.0
101 7740.0 -0.952035 0.784083 0.0 -0.565074 -1.545843 -12.859415 -0.308329 0.038172 14.167834 129.0
102 7740.0 -0.963943 0.767289 0.0 -0.553156 -1.545843 -12.859415 -0.308329 0.038172 14.167834 129.0
103 7740.0 -0.988304 0.776125 0.0 -0.587734 -1.545843 -12.859415 -0.308329 0.038172 14.167834 129.0
104 7740.0 -1.00801 0.798515 0.0 -0.640332 -1.545843 -12.859415 -0.308329 0.038172 14.167834 129.0
105 7740.0 -1.032338 0.825943 0.0 -0.702751 -1.545843 -12.859415 -0.308329 0.038172 14.167834 129.0
106 7740.0 -1.041756 0.8097 0.0 -0.68856 -1.545843 -12.859415 -0.308329 0.038172 14.167834 129.0
107 7740.0 -1.04293 0.837443 0.0 -0.727794 -1.545843 -12.859415 -0.308329 0.038172 14.167834 129.0
108 7740.0 -1.029993 0.849889 0.0 -0.733695 -1.545843 -12.859415 -0.308329 0.038172 14.167834 129.0
109 7740.0 -1.058129 0.87579 0.0 -0.79382 -1.545843 -12.859415 -0.308329 0.038172 14.167834 129.0
110 7740.0 -1.041585 0.868945 0.0 -0.770015 -1.545843 -12.859415 -0.308329 0.038172 14.167834 129.0
111 7740.0 -1.035004 0.8655 0.0 -0.759552 -1.545843 -12.859415 -0.308329 0.038172 14.167834 129.0
112 7740.0 -1.017586 0.879944 0.0 -0.764312 -1.545843 -12.859415 -0.308329 0.038172 14.167834 129.0
113 7740.0 -1.016257 0.880211 0.0 -0.763526 -1.545843 -12.859415 -0.308329 0.038172 14.167834 129.0
114 7740.0 -1.028249 0.907994 0.0 -0.812213 -1.545843 -12.859415 -0.308329 0.038172 14.167834 129.0
115 7740.0 -1.021909 0.911251 0.0 -0.811191 -1.545843 -12.859415 -0.308329 0.038172 14.167834 129.0
116 7740.0 -1.008785 0.939346 0.0 -0.831328 -1.545843 -12.859415 -0.308329 0.038172 14.167834 129.0
117 7740.0 -1.005219 0.945362 0.0 -0.834622 -1.545843 -12.859415 -0.308329 0.038172 14.167834 129.0
118 7740.0 -0.972852 0.971705 0.0 -0.836744 -1.545843 -12.859415 -0.308329 0.038172 14.167834 129.0
119 7740.0 -0.957041 1.006399 0.0 -0.859231 -1.545843 -12.859415 -0.308329 0.038172 14.167834 129.0
120 7740.0 -0.948954 1.033253 0.0 -0.879686 -1.545843 -12.859415 -0.308329 0.038172 14.167834 129.0
121 7740.0 -0.939367 1.044763 0.0 -0.883959 -1.545843 -12.859415 -0.308329 0.038172 14.167834 129.0
122 7740.0 -0.940049 1.039579 0.0 -0.879365 -1.545843 -12.859415 -0.308329 0.038172 14.167834 129.0
123 7740.0 -0.952734 1.050273 0.0 -0.899189 -1.545843 -12.859415 -0.308329 0.038172 14.167834 129.0
124 7740.0 -0.92226 1.036827 0.0 -0.863597 -1.545843 -12.859415 -0.308329 0.038172 14.167834 129.0
125 7740.0 -0.918087 1.036789 0.0 -0.860495 -1.545843 -12.859415 -0.308329 0.038172 14.167834 129.0
126 7740.0 -0.935143 1.061178 0.0 -0.896989 -1.545843 -12.859415 -0.308329 0.038172 14.167834 129.0
127 7740.0 -0.910693 1.068353 0.0 -0.886086 -1.545843 -12.859415 -0.308329 0.038172 14.167834 129.0
128 7740.0 -0.886271 1.087105 0.0 -0.886583 -1.545843 -12.859415 -0.308329 0.038172 14.167834 129.0
129 7740.0 -0.872162 1.082843 0.0 -0.872034 -1.545843 -12.859415 -0.308329 0.038172 14.167834 129.0
130 7740.0 -0.874165 1.096172 0.0 -0.886605 -1.545843 -12.859415 -0.308329 0.038172 14.167834 129.0
131 7740.0 -0.877917 1.078688 0.0 -0.872176 -1.545843 -12.859415 -0.308329 0.038172 14.167834 129.0
132 7740.0 -0.865827 1.101931 0.0 -0.886143 -1.545843 -12.859415 -0.308329 0.038172 14.167834 129.0
133 7740.0 -0.879517 1.111081 0.0 -0.905188 -1.545843 -12.859415 -0.308329 0.038172 14.167834 129.0
134 7740.0 -0.847173 1.096925 0.0 -0.867524 -1.545843 -12.859415 -0.308329 0.038172 14.167834 129.0
135 7740.0 -0.830158 1.120266 0.0 -0.87797 -1.545843 -12.859415 -0.308329 0.038172 14.167834 129.0
136 7740.0 -0.840193 1.171412 0.0 -0.935605 -1.545843 -12.859415 -0.308329 0.038172 14.167834 129.0
137 7740.0 -0.808255 1.167929 0.0 -0.90873 -1.545843 -12.859415 -0.308329 0.038172 14.167834 129.0
138 7740.0 -0.808388 1.164632 0.0 -0.905588 -1.545843 -12.859415 -0.308329 0.038172 14.167834 129.0
139 7740.0 -0.812921 1.181601 0.0 -0.925593 -1.545843 -12.859415 -0.308329 0.038172 14.167834 129.0
140 7740.0 -0.807341 1.205428 0.0 -0.944913 -1.545843 -12.859415 -0.308329 0.038172 14.167834 129.0
141 7740.0 -0.796482 1.221658 0.0 -0.95289 -1.545843 -12.859415 -0.308329 0.038172 14.167834 129.0
142 7740.0 -0.779065 1.235542 0.0 -0.953746 -1.545843 -12.859415 -0.308329 0.038172 14.167834 129.0
143 7740.0 -0.780382 1.243189 0.0 -0.962229 -1.545843 -12.859415 -0.308329 0.038172 14.167834 129.0
144 7740.0 -0.769978 1.222748 0.0 -0.934498 -1.545843 -12.859415 -0.308329 0.038172 14.167834 129.0
145 7740.0 -0.748917 1.239931 0.0 -0.935922 -1.545843 -12.859415 -0.308329 0.038172 14.167834 129.0
146 7740.0 -0.744179 1.258635 0.0 -0.949069 -1.545843 -12.859415 -0.308329 0.038172 14.167834 129.0
147 7740.0 -0.735016 1.293302 0.0 -0.965518 -1.545843 -12.859415 -0.308329 0.038172 14.167834 129.0
148 7740.0 -0.684187 1.275888 0.0 -0.920222 -1.545843 -12.859415 -0.308329 0.038172 14.167834 129.0
149 7740.0 -0.674244 1.274096 0.0 -0.912408 -1.545843 -12.859415 -0.308329 0.038172 14.167834 129.0
150 7740.0 -0.678403 1.284533 0.0 -0.92196 -1.545843 -12.859415 -0.308329 0.038172 14.167834 129.0
151 7740.0 -0.700892 1.307106 0.0 -0.951644 -1.545843 -12.859415 -0.308329 0.038172 14.167834 129.0
152 7740.0 -0.69045 1.291649 0.0 -0.934634 -1.545843 -12.859415 -0.308329 0.038172 14.167834 129.0
153 7740.0 -0.690088 1.29921 0.0 -0.939296 -1.545843 -12.859415 -0.308329 0.038172 14.167834 129.0
154 7740.0 -0.668454 1.294371 0.0 -0.921686 -1.545843 -12.859415 -0.308329 0.038172 14.167834 129.0
155 7740.0 -0.678003 1.307405 0.0 -0.936527 -1.545843 -12.859415 -0.308329 0.038172 14.167834 129.0
156 7740.0 -0.677249 1.327865 0.0 -0.949293 -1.545843 -12.859415 -0.308329 0.038172 14.167834 129.0
157 7740.0 -0.647367 1.355777 0.0 -0.948152 -1.545843 -12.859415 -0.308329 0.038172 14.167834 129.0
158 7740.0 -0.656712 1.350689 0.0 -0.950358 -1.545843 -12.859415 -0.308329 0.038172 14.167834 129.0
159 7740.0 -0.648431 1.353998 0.0 -0.947227 -1.545843 -12.859415 -0.308329 0.038172 14.167834 129.0
160 7740.0 -0.644537 1.374482 0.0 -0.963194 -1.545843 -12.859415 -0.308329 0.038172 14.167834 129.0
161 7740.0 -0.64378 1.351409 0.0 -0.942174 -1.545843 -12.859415 -0.308329 0.038172 14.167834 129.0
162 7740.0 -0.617766 1.348924 0.0 -0.923161 -1.545843 -12.859415 -0.308329 0.038172 14.167834 129.0
163 7740.0 -0.639491 1.368449 0.0 -0.954553 -1.545843 -12.859415 -0.308329 0.038172 14.167834 129.0
164 7740.0 -0.595986 1.373561 0.0 -0.931121 -1.545843 -12.859415 -0.308329 0.038172 14.167834 129.0
165 7740.0 -0.617975 1.37311 0.0 -0.945067 -1.545843 -12.859415 -0.308329 0.038172 14.167834 129.0
166 7740.0 -0.624409 1.37758 0.0 -0.953183 -1.545843 -12.859415 -0.308329 0.038172 14.167834 129.0
167 7740.0 -0.623101 1.375624 0.0 -0.950591 -1.545843 -12.859415 -0.308329 0.038172 14.167834 129.0
168 7740.0 -0.604344 1.380002 0.0 -0.942604 -1.545843 -12.859415 -0.308329 0.038172 14.167834 129.0
169 7740.0 -0.614436 1.384243 0.0 -0.95284 -1.545843 -12.859415 -0.308329 0.038172 14.167834 129.0
170 7740.0 -0.594857 1.39364 0.0 -0.94872 -1.545843 -12.859415 -0.308329 0.038172 14.167834 129.0
171 7740.0 -0.613 1.391778 0.0 -0.958702 -1.545843 -12.859415 -0.308329 0.038172 14.167834 129.0
172 7740.0 -0.58374 1.386108 0.0 -0.934243 -1.545843 -12.859415 -0.308329 0.038172 14.167834 129.0
173 7740.0 -0.595202 1.388732 0.0 -0.944519 -1.545843 -12.859415 -0.308329 0.038172 14.167834 129.0
174 7740.0 -0.599557 1.40271 0.0 -0.957558 -1.545843 -12.859415 -0.308329 0.038172 14.167834 129.0
175 7740.0 -0.585617 1.384916 0.0 -0.934454 -1.545843 -12.859415 -0.308329 0.038172 14.167834 129.0
176 7740.0 -0.585246 1.407235 0.0 -0.951712 -1.545843 -12.859415 -0.308329 0.038172 14.167834 129.0
177 7740.0 -0.574516 1.411305 0.0 -0.947413 -1.545843 -12.859415 -0.308329 0.038172 14.167834 129.0
178 7740.0 -0.571702 1.409373 0.0 -0.944483 -1.545843 -12.859415 -0.308329 0.038172 14.167834 129.0
179 7740.0 -0.564389 1.403435 0.0 -0.936323 -1.545843 -12.859415 -0.308329 0.038172 14.167834 129.0
180 7740.0 -0.570357 1.422378 0.0 -0.951383 -1.545843 -12.859415 -0.308329 0.038172 14.167834 129.0
181 7740.0 -0.585875 1.447398 0.0 -0.971068 -1.545843 -12.859415 -0.308329 0.038172 14.167834 129.0
182 7740.0 -0.57275 1.447708 0.0 -0.960295 -1.545843 -12.859415 -0.308329 0.038172 14.167834 129.0
183 7740.0 -0.544457 1.442602 0.0 -0.934859 -1.545843 -12.859415 -0.308329 0.038172 14.167834 129.0
184 7740.0 -0.523137 1.458759 0.0 -0.919073 -1.545843 -12.859415 -0.308329 0.038172 14.167834 129.0
185 7740.0 -0.534079 1.44909 0.0 -0.926935 -1.545843 -12.859415 -0.308329 0.038172 14.167834 129.0
186 7740.0 -0.539952 1.433756 0.0 -0.929393 -1.545843 -12.859415 -0.308329 0.038172 14.167834 129.0
187 7740.0 -0.549835 1.408916 0.0 -0.929856 -1.545843 -12.859415 -0.308329 0.038172 14.167834 129.0
188 7740.0 -0.539991 1.434703 0.0 -0.929592 -1.545843 -12.859415 -0.308329 0.038172 14.167834 129.0
189 7740.0 -0.528112 1.448822 0.0 -0.921685 -1.545843 -12.859415 -0.308329 0.038172 14.167834 129.0
190 7740.0 -0.51658 1.436876 0.0 -0.909551 -1.545843 -12.859415 -0.308329 0.038172 14.167834 129.0
191 7740.0 -0.538935 1.431629 0.0 -0.928137 -1.545843 -12.859415 -0.308329 0.038172 14.167834 129.0
192 7740.0 -0.550711 1.440873 0.0 -0.940013 -1.545843 -12.859415 -0.308329 0.038172 14.167834 129.0
193 7740.0 -0.537535 1.464208 0.0 -0.932577 -1.545843 -12.859415 -0.308329 0.038172 14.167834 129.0
194 7740.0 -0.525595 1.465031 0.0 -0.922306 -1.545843 -12.859415 -0.308329 0.038172 14.167834 129.0
195 7740.0 -0.523578 1.446359 0.0 -0.917303 -1.545843 -12.859415 -0.308329 0.038172 14.167834 129.0
196 7740.0 -0.538865 1.442858 0.0 -0.930027 -1.545843 -12.859415 -0.308329 0.038172 14.167834 129.0
197 7740.0 -0.536577 1.447504 0.0 -0.928838 -1.545843 -12.859415 -0.308329 0.038172 14.167834 129.0
198 7740.0 -0.538386 1.435766 0.0 -0.928376 -1.545843 -12.859415 -0.308329 0.038172 14.167834 129.0
199 7740.0 -0.549408 1.462857 0.0 -0.942696 -1.545843 -12.859415 -0.308329 0.038172 14.167834 129.0
200 7740.0 -0.533731 1.455379 0.0 -0.927725 -1.545843 -12.859415 -0.308329 0.038172 14.167834 129.0
201 7740.0 -0.550228 1.435074 0.0 -0.938585 -1.545843 -12.859415 -0.308329 0.038172 14.167834 129.0
202 7740.0 -0.54012 1.44141 0.0 -0.930869 -1.545843 -12.859415 -0.308329 0.038172 14.167834 129.0
203 7740.0 -0.537295 1.446334 0.0 -0.929261 -1.545843 -12.859415 -0.308329 0.038172 14.167834 129.0
204 7740.0 -0.531703 1.452512 0.0 -0.925458 -1.545843 -12.859415 -0.308329 0.038172 14.167834 129.0
205 7740.0 -0.550487 1.467996 0.0 -0.94453 -1.545843 -12.859415 -0.308329 0.038172 14.167834 129.0
206 7740.0 -0.547547 1.454734 0.0 -0.939662 -1.545843 -12.859415 -0.308329 0.038172 14.167834 129.0
207 7740.0 -0.532907 1.464767 0.0 -0.928637 -1.545843 -12.859415 -0.308329 0.038172 14.167834 129.0
208 7740.0 -0.551506 1.446582 0.0 -0.941698 -1.545843 -12.859415 -0.308329 0.038172 14.167834 129.0
209 7740.0 -0.5293 1.453968 0.0 -0.923615 -1.545843 -12.859415 -0.308329 0.038172 14.167834 129.0
210 7740.0 -0.53174 1.44083 0.0 -0.92346 -1.545843 -12.859415 -0.308329 0.038172 14.167834 129.0
211 7740.0 -0.535071 1.433588 0.0 -0.925107 -1.545843 -12.859415 -0.308329 0.038172 14.167834 129.0
212 7740.0 -0.546256 1.411536 0.0 -0.928403 -1.545843 -12.859415 -0.308329 0.038172 14.167834 129.0
213 7740.0 -0.54463 1.434148 0.0 -0.933541 -1.545843 -12.859415 -0.308329 0.038172 14.167834 129.0
214 7740.0 -0.53501 1.434005 0.0 -0.925126 -1.545843 -12.859415 -0.308329 0.038172 14.167834 129.0
215 7740.0 -0.54915 1.437869 0.0 -0.93813 -1.545843 -12.859415 -0.308329 0.038172 14.167834 129.0
216 7740.0 -0.554569 1.418774 0.0 -0.937772 -1.545843 -12.859415 -0.308329 0.038172 14.167834 129.0
217 7740.0 -0.568217 1.426284 0.0 -0.951464 -1.545843 -12.859415 -0.308329 0.038172 14.167834 129.0
218 7740.0 -0.580721 1.412876 0.0 -0.952255 -1.545843 -12.859415 -0.308329 0.038172 14.167834 129.0
219 7740.0 -0.564286 1.400291 0.0 -0.933705 -1.545843 -12.859415 -0.308329 0.038172 14.167834 129.0
220 7740.0 -0.582162 1.406198 0.0 -0.949153 -1.545843 -12.859415 -0.308329 0.038172 14.167834 129.0
221 7740.0 -0.580646 1.417133 0.0 -0.954763 -1.545843 -12.859415 -0.308329 0.038172 14.167834 129.0
222 7740.0 -0.599966 1.421544 0.0 -0.968692 -1.545843 -12.859415 -0.308329 0.038172 14.167834 129.0
223 7740.0 -0.596751 1.422487 0.0 -0.967371 -1.545843 -12.859415 -0.308329 0.038172 14.167834 129.0
224 7740.0 -0.568234 1.419832 0.0 -0.948529 -1.545843 -12.859415 -0.308329 0.038172 14.167834 129.0
225 7740.0 -0.565665 1.447588 0.0 -0.954222 -1.545843 -12.859415 -0.308329 0.038172 14.167834 129.0
226 7740.0 -0.552565 1.4565 0.0 -0.944345 -1.545843 -12.859415 -0.308329 0.038172 14.167834 129.0
227 7740.0 -0.56826 1.46508 0.0 -0.959237 -1.545843 -12.859415 -0.308329 0.038172 14.167834 129.0
228 7740.0 -0.555798 1.480817 0.0 -0.951358 -1.545843 -12.859415 -0.308329 0.038172 14.167834 129.0
229 7740.0 -0.559053 1.481387 0.0 -0.954127 -1.545843 -12.859415 -0.308329 0.038172 14.167834 129.0
230 7740.0 -0.558744 1.463534 0.0 -0.950957 -1.545843 -12.859415 -0.308329 0.038172 14.167834 129.0
231 7740.0 -0.563208 1.479426 0.0 -0.957254 -1.545843 -12.859415 -0.308329 0.038172 14.167834 129.0
232 7740.0 -0.567097 1.479479 0.0 -0.960469 -1.545843 -12.859415 -0.308329 0.038172 14.167834 129.0
233 7740.0 -0.524632 1.475585 0.0 -0.9233 -1.545843 -12.859415 -0.308329 0.038172 14.167834 129.0
234 7740.0 -0.515122 1.488506 0.0 -0.917251 -1.545843 -12.859415 -0.308329 0.038172 14.167834 129.0
235 7740.0 -0.508285 1.486118 0.0 -0.910873 -1.545843 -12.859415 -0.308329 0.038172 14.167834 129.0
236 7740.0 -0.484791 1.480326 0.0 -0.889377 -1.545843 -12.859415 -0.308329 0.038172 14.167834 129.0
237 7740.0 -0.495617 1.472031 0.0 -0.897377 -1.545843 -12.859415 -0.308329 0.038172 14.167834 129.0
238 7740.0 -0.497161 1.491366 0.0 -0.902084 -1.545843 -12.859415 -0.308329 0.038172 14.167834 129.0
239 7740.0 -0.488112 1.473465 0.0 -0.891081 -1.545843 -12.859415 -0.308329 0.038172 14.167834 129.0
240 7740.0 -0.506224 1.493267 0.0 -0.910318 -1.545843 -12.859415 -0.308329 0.038172 14.167834 129.0
241 7740.0 -0.503581 1.501568 0.0 -0.909455 -1.545843 -12.859415 -0.308329 0.038172 14.167834 129.0
242 7740.0 -0.482212 1.48247 0.0 -0.8875 -1.545843 -12.859415 -0.308329 0.038172 14.167834 129.0
243 7740.0 -0.475651 1.473032 0.0 -0.880138 -1.545843 -12.859415 -0.308329 0.038172 14.167834 129.0
244 7740.0 -0.515334 1.492585 0.0 -0.918145 -1.545843 -12.859415 -0.308329 0.038172 14.167834 129.0
245 7740.0 -0.517676 1.495219 0.0 -0.920645 -1.545843 -12.859415 -0.308329 0.038172 14.167834 129.0
246 7740.0 -0.534878 1.498928 0.0 -0.936292 -1.545843 -12.859415 -0.308329 0.038172 14.167834 129.0
247 7740.0 -0.501395 1.492053 0.0 -0.905896 -1.545843 -12.859415 -0.308329 0.038172 14.167834 129.0
248 7740.0 -0.497361 1.48163 0.0 -0.900566 -1.545843 -12.859415 -0.308329 0.038172 14.167834 129.0
249 7740.0 -0.49204 1.480221 0.0 -0.895681 -1.545843 -12.859415 -0.308329 0.038172 14.167834 129.0
250 7740.0 -0.516715 1.504648 0.0 -0.921445 -1.545843 -12.859415 -0.308329 0.038172 14.167834 129.0
251 7740.0 -0.521543 1.515165 0.0 -0.927483 -1.545843 -12.859415 -0.308329 0.038172 14.167834 129.0
252 7740.0 -0.48777 1.511094 0.0 -0.897321 -1.545843 -12.859415 -0.308329 0.038172 14.167834 129.0
253 7740.0 -0.464072 1.508473 0.0 -0.876197 -1.545843 -12.859415 -0.308329 0.038172 14.167834 129.0
254 7740.0 -0.466217 1.531386 0.0 -0.882049 -1.545843 -12.859415 -0.308329 0.038172 14.167834 129.0
255 7740.0 -0.487376 1.534848 0.0 -0.901105 -1.545843 -12.859415 -0.308329 0.038172 14.167834 129.0
256 7740.0 -0.471031 1.549981 0.0 -0.889479 -1.545843 -12.859415 -0.308329 0.038172 14.167834 129.0
257 7740.0 -0.447162 1.536313 0.0 -0.866287 -1.545843 -12.859415 -0.308329 0.038172 14.167834 129.0
258 7740.0 -0.458265 1.531238 0.0 -0.875089 -1.545843 -12.859415 -0.308329 0.038172 14.167834 129.0
259 7740.0 -0.462788 1.503449 0.0 -0.874205 -1.545843 -12.859415 -0.308329 0.038172 14.167834 129.0
260 7740.0 -0.468117 1.517674 0.0 -0.881324 -1.545843 -12.859415 -0.308329 0.038172 14.167834 129.0
261 7740.0 -0.470063 1.522585 0.0 -0.883875 -1.545843 -12.859415 -0.308329 0.038172 14.167834 129.0
262 7740.0 -0.468259 1.50261 0.0 -0.87883 -1.545843 -12.859415 -0.308329 0.038172 14.167834 129.0
263 7740.0 -0.454811 1.488456 0.0 -0.864643 -1.545843 -12.859415 -0.308329 0.038172 14.167834 129.0
264 7740.0 -0.456996 1.489968 0.0 -0.866811 -1.545843 -12.859415 -0.308329 0.038172 14.167834 129.0
265 7740.0 -0.507601 1.503682 0.0 -0.913329 -1.545843 -12.859415 -0.308329 0.038172 14.167834 129.0
266 7740.0 -0.509085 1.457609 0.0 -0.906618 -1.545843 -12.859415 -0.308329 0.038172 14.167834 129.0
267 7740.0 -0.516205 1.446891 0.0 -0.910965 -1.545843 -12.859415 -0.308329 0.038172 14.167834 129.0
268 7740.0 -0.52494 1.461514 0.0 -0.921123 -1.545843 -12.859415 -0.308329 0.038172 14.167834 129.0
269 7740.0 -0.529835 1.457973 0.0 -0.924777 -1.545843 -12.859415 -0.308329 0.038172 14.167834 129.0
270 7740.0 -0.519262 1.417227 0.0 -0.908476 -1.545843 -12.859415 -0.308329 0.038172 14.167834 129.0
271 7740.0 -0.56147 1.438362 0.0 -0.94896 -1.545843 -12.859415 -0.308329 0.038172 14.167834 129.0
272 7740.0 -0.581371 1.444856 0.0 -0.966968 -1.545843 -12.859415 -0.308329 0.038172 14.167834 129.0
273 7740.0 -0.583114 1.444183 0.0 -0.968303 -1.545843 -12.859415 -0.308329 0.038172 14.167834 129.0
274 7740.0 -0.58059 1.454554 0.0 -0.9678 -1.545843 -12.859415 -0.308329 0.038172 14.167834 129.0
275 7740.0 -0.582153 1.439938 0.0 -0.966865 -1.545843 -12.859415 -0.308329 0.038172 14.167834 129.0
276 7740.0 -0.571385 1.441257 0.0 -0.958111 -1.545843 -12.859415 -0.308329 0.038172 14.167834 129.0
277 7740.0 -0.590411 1.454171 0.0 -0.975837 -1.545843 -12.859415 -0.308329 0.038172 14.167834 129.0
278 7740.0 -0.582645 1.464252 0.0 -0.970969 -1.545843 -12.859415 -0.308329 0.038172 14.167834 129.0
279 7740.0 -0.582777 1.439148 0.0 -0.967259 -1.545843 -12.859415 -0.308329 0.038172 14.167834 129.0
280 7740.0 -0.569726 1.425252 0.0 -0.952258 -1.545843 -12.859415 -0.308329 0.038172 14.167834 129.0
281 7740.0 -0.578893 1.431762 0.0 -0.961866 -1.545843 -12.859415 -0.308329 0.038172 14.167834 129.0
282 7740.0 -0.58901 1.443845 0.0 -0.973112 -1.545843 -12.859415 -0.308329 0.038172 14.167834 129.0
283 7740.0 -0.595812 1.438741 0.0 -0.976068 -1.545843 -12.859415 -0.308329 0.038172 14.167834 129.0
284 7740.0 -0.586091 1.418057 0.0 -0.958617 -1.545843 -12.859415 -0.308329 0.038172 14.167834 129.0
285 7740.0 -0.594996 1.427773 0.0 -0.96941 -1.545843 -12.859415 -0.308329 0.038172 14.167834 129.0
286 7740.0 -0.598079 1.442481 0.0 -0.979256 -1.545843 -12.859415 -0.308329 0.038172 14.167834 129.0
287 7740.0 -0.555996 1.447858 0.0 -0.945836 -1.545843 -12.859415 -0.308329 0.038172 14.167834 129.0
