 time p.x p.y p.z deep.node-0 CV opes.bias opes.rct opes.zed opes.neff opes.nker
0 5205.0 -0.010162 0.484853 0.0 0.692018 -1.116841 -14.868423 -0.2685 0.03847 14.167834 128.0
1 5205.0 -0.015702 0.499702 0.0 0.673284 -1.116841 -14.868423 -0.2685 0.03847 14.167834 128.0
2 5205.0 -0.032679 0.503064 0.0 0.658556 -1.116841 -14.868423 -0.2685 0.03847 14.167834 128.0
3 5205.0 -0.072086 0.527809 0.0 0.600114 -1.116841 -14.868423 -0.2685 0.03847 14.167834 128.0
4 5205.0 -0.06851 0.518506 0.0 0.613142 -1.116841 -14.868423 -0.2685 0.03847 14.167834 128.0
5 5205.0 -0.097617 0.494354 0.0 0.613923 -1.116841 -14.868423 -0.2685 0.03847 14.167834 128.0
6 5205.0 -0.097414 0.493577 0.0 0.614929 -1.116841 -14.868423 -0.2685 0.03847 14.167834 128.0
7 5205.0 -0.116129 0.490676 0.0 0.601924 -1.116841 -14.868423 -0.2685 0.03847 14.167834 128.0
8 5205.0 -0.112265 0.503643 0.0 0.59138 -1.116841 -14.868423 -0.2685 0.03847 14.167834 128.0
9 5205.0 -0.112285 0.515981 0.0 0.578167 -1.116841 -14.868423 -0.2685 0.03847 14.167834 128.0
10 5205.0 -0.099474 0.53384 0.0 0.57009 -1.116841 -14.868423 -0.2685 0.03847 14.167834 128.0
11 5205.0 -0.087011 0.524902 0.0 0.590377 -1.116841 -14.868423 -0.2685 0.03847 14.167834 128.0
12 5205.0 -0.068744 0.510353 0.0 0.621661 -1.116841 -14.868423 -0.2685 0.03847 14.167834 128.0
13 5205.0 -0.046997 0.501898 0.0 0.649421 -1.116841 -14.868423 -0.2685 0.03847 14.167834 128.0
14 5205.0 -0.042108 0.4943 0.0 0.661144 -1.116841 -14.868423 -0.2685 0.03847 14.167834 128.0
15 5205.0 -0.06993 0.492154 0.0 0.640106 -1.116841 -14.868423 -0.2685 0.03847 14.167834 128.0
16 5205.0 -0.076709 0.510019 0.0 0.615163 -1.116841 -14.868423 -0.2685 0.03847 14.167834 128.0
17 5205.0 -0.101046 0.513092 0.0 0.59093 -1.116841 -14.868423 -0.2685 0.03847 14.167834 128.0
18 5205.0 -0.086011 0.518589 0.0 0.597991 -1.116841 -14.868423 -0.2685 0.03847 14.167834 128.0
19 5205.0 -0.048248 0.515471 0.0 0.633827 -1.116841 -14.868423 -0.2685 0.03847 14.167834 128.0
20 5205.0 -0.050765 0.513992 0.0 0.633243 -1.116841 -14.868423 -0.2685 0.03847 14.167834 128.0
21 5205.0 -0.048352 0.508649 0.0 0.641035 -1.116841 -14.868423 -0.2685 0.03847 14.167834 128.0
22 5205.0 -0.040029 0.500249 0.0 0.656506 -1.116841 -14.868423 -0.2685 0.03847 14.167834 128.0
23 5205.0 -0.046549 0.506083 0.0 0.645331 -1.116841 -14.868423 -0.2685 0.03847 14.167834 128.0
24 5205.0 -0.029342 0.502887 0.0 0.660961 -1.116841 -14.868423 -0.2685 0.03847 14.167834 128.0
25 5205.0 -0.019225 0.529868 0.0 0.640379 -1.116841 -14.868423 -0.2685 0.03847 14.167834 128.0
26 5205.0 -0.019583 0.485932 0.0 0.684642 -1.116841 -14.868423 -0.2685 0.03847 14.167834 128.0
27 5205.0 -0.019239 0.473442 0.0 0.697523 -1.116841 -14.868423 -0.2685 0.03847 14.167834 128.0
28 5205.0 -0.024268 0.475217 0.0 0.692372 -1.116841 -14.868423 -0.2685 0.03847 14.167834 128.0
29 5205.0 -0.014712 0.488439 0.0 0.685352 -1.116841 -14.868423 -0.2685 0.03847 14.167834 128.0
30 5205.0 -0.007665 0.511858 0.0 0.666331 -1.116841 -14.868423 -0.2685 0.03847 14.167834 128.0
31 5205.0 0.011561 0.529329 0.0 0.661457 -1.116841 -14.868423 -0.2685 0.03847 14.167834 128.0
32 5205.0 -0.007697 0.550567 0.0 0.627102 -1.116841 -14.868423 -0.2685 0.03847 14.167834 128.0
33 5205.0 -0.007304 0.518022 0.0 0.660328 -1.116841 -14.868423 -0.2685 0.03847 14.167834 128.0
34 5205.0 0.002147 0.49401 0.0 0.690952 -1.116841 -14.868423 -0.2685 0.03847 14.167834 128.0
35 5205.0 -0.011285 0.497117 0.0 0.678847 -1.116841 -14.868423 -0.2685 0.03847 14.167834 128.0
36 5205.0 -0.015507 0.487617 0.0 0.685654 -1.116841 -14.868423 -0.2685 0.03847 14.167834 128.0
37 5205.0 -0.014406 0.471246 0.0 0.702971 -1.116841 -14.868423 -0.2685 0.03847 14.167834 128.0
38 5205.0 -0.011307 0.482663 0.0 0.693473 -1.116841 -14.868423 -0.2685 0.03847 14.167834 128.0
39 5205.0 -0.012171 0.492953 0.0 0.682474 -1.116841 -14.868423 -0.2685 0.03847 14.167834 128.0
40 5205.0 -0.0149 0.473496 0.0 0.700361 -1.116841 -14.868423 -0.2685 0.03847 14.167834 128.0
41 5205.0 -0.027426 0.473355 0.0 0.692151 -1.116841 -14.868423 -0.2685 0.03847 14.167834 128.0
42 5205.0 -0.032929 0.485446 0.0 0.676234 -1.116841 -14.868423 -0.2685 0.03847 14.167834 128.0
43 5205.0 0.004176 0.519734 0.0 0.66625 -1.116841 -14.868423 -0.2685 0.03847 14.167834 128.0
44 5205.0 0.007787 0.498991 0.0 0.689668 -1.116841 -14.868423 -0.2685 0.03847 14.167834 128.0
45 5205.0 0.010322 0.496735 0.0 0.693645 -1.116841 -14.868423 -0.2685 0.03847 14.167834 128.0
46 5205.0 -0.011739 0.515287 0.0 0.660141 -1.116841 -14.868423 -0.2685 0.03847 14.167834 128.0
47 5205.0 0.02164 0.527635 0.0 0.669894 -1.116841 -14.868423 -0.2685 0.03847 14.167834 128.0
48 5205.0 0.009779 0.544082 0.0 0.645325 -1.116841 -14.868423 -0.2685 0.03847 14.167834 128.0
49 5205.0 0.015047 0.525294 0.0 0.667868 -1.116841 -14.868423 -0.2685 0.03847 14.167834 128.0
50 5205.0 -0.002747 0.51196 0.0 0.669506 -1.116841 -14.868423 -0.2685 0.03847 14.167834 128.0
51 5205.0 -0.011397 0.50584 0.0 0.669938 -1.116841 -14.868423 -0.2685 0.03847 14.167834 128.0
52 5205.0 -0.02533 0.486347 0.0 0.680389 -1.116841 -14.868423 -0.2685 0.03847 14.167834 128.0
53 5205.0 -0.025088 0.480682 0.0 0.686289 -1.116841 -14.868423 -0.2685 0.03847 14.167834 128.0
54 5205.0 -0.018943 0.478332 0.0 0.692768 -1.116841 -14.868423 -0.2685 0.03847 14.167834 128.0
55 5205.0 -0.00496 0.50082 0.0 0.679315 -1.116841 -14.868423 -0.2685 0.03847 14.167834 128.0
56 5205.0 0.00512 0.491305 0.0 0.695675 -1.116841 -14.868423 -0.2685 0.03847 14.167834 128.0
57 5205.0 -0.014833 0.492658 0.0 0.680998 -1.116841 -14.868423 -0.2685 0.03847 14.167834 128.0
58 5205.0 0.007824 0.517209 0.0 0.671241 -1.116841 -14.868423 -0.2685 0.03847 14.167834 128.0
59 5205.0 -0.019918 0.502762 0.0 0.667372 -1.116841 -14.868423 -0.2685 0.03847 14.167834 128.0
60 5205.0 -0.032582 0.485176 0.0 0.676739 -1.116841 -14.868423 -0.2685 0.03847 14.167834 128.0
61 5205.0 -0.058248 0.477052 0.0 0.666314 -1.116841 -14.868423 -0.2685 0.03847 14.167834 128.0
62 5205.0 -0.037125 0.481361 0.0 0.677574 -1.116841 -14.868423 -0.2685 0.03847 14.167834 128.0
63 5205.0 -0.040954 0.512318 0.0 0.643478 -1.116841 -14.868423 -0.2685 0.03847 14.167834 128.0
64 5205.0 -0.025379 0.511945 0.0 0.65443 -1.116841 -14.868423 -0.2685 0.03847 14.167834 128.0
65 5205.0 -0.029934 0.522352 0.0 0.64085 -1.116841 -14.868423 -0.2685 0.03847 14.167834 128.0
66 5205.0 -0.014073 0.516714 0.0 0.657138 -1.116841 -14.868423 -0.2685 0.03847 14.167834 128.0
67 5205.0 9.3e-05 0.489867 0.0 0.693778 -1.116841 -14.868423 -0.2685 0.03847 14.167834 128.0
68 5205.0 0.024604 0.490124 0.0 0.709865 -1.116841 -14.868423 -0.2685 0.03847 14.167834 128.0
69 5205.0 0.019771 0.500189 0.0 0.696447 -1.116841 -14.868423 -0.2685 0.03847 14.167834 128.0
70 5205.0 0.005255 0.465801 0.0 0.721597 -1.116841 -14.868423 -0.2685 0.03847 14.167834 128.0
71 5205.0 0.007649 0.477012 0.0 0.711838 -1.116841 -14.868423 -0.2685 0.03847 14.167834 128.0
72 5205.0 0.023443 0.490204 0.0 0.70901 -1.116841 -14.868423 -0.2685 0.03847 14.167834 128.0
73 5205.0 0.025236 0.508028 0.0 0.692152 -1.116841 -14.868423 -0.2685 0.03847 14.167834 128.0
74 5205.0 0.003931 0.497971 0.0 0.688129 -1.116841 -14.868423 -0.2685 0.03847 14.167834 128.0
75 5205.0 -0.004245 0.503618 0.0 0.676957 -1.116841 -14.868423 -0.2685 0.03847 14.167834 128.0
76 5205.0 -0.003084 0.52069 0.0 0.660441 -1.116841 -14.868423 -0.2685 0.03847 14.167834 128.0
77 5205.0 0.003537 0.530885 0.0 0.65453 -1.116841 -14.868423 -0.2685 0.03847 14.167834 128.0
78 5205.0 0.011325 0.519717 0.0 0.671035 -1.116841 -14.868423 -0.2685 0.03847 14.167834 128.0
79 5205.0 0.026064 0.521471 0.0 0.679088 -1.116841 -14.868423 -0.2685 0.03847 14.167834 128.0
80 5205.0 0.015343 0.509135 0.0 0.684433 -1.116841 -14.868423 -0.2685 0.03847 14.167834 128.0
81 5205.0 0.023788 0.51377 0.0 0.685371 -1.116841 -14.868423 -0.2685 0.03847 14.167834 128.0
82 5205.0 -0.010317 0.515395 0.0 0.660979 -1.116841 -14.868423 -0.2685 0.03847 14.167834 128.0
83 5205.0 -0.017396 0.493646 0.0 0.678287 -1.116841 -14.868423 -0.2685 0.03847 14.167834 128.0
84 5205.0 -0.030693 0.465315 0.0 0.698115 -1.116841 -14.868423 -0.2685 0.03847 14.167834 128.0
85 5205.0 -0.029432 0.489875 0.0 0.67408 -1.116841 -14.868423 -0.2685 0.03847 14.167834 128.0
86 5205.0 -0.006182 0.490792 0.0 0.688657 -1.116841 -14.868423 -0.2685 0.03847 14.167834 128.0
87 5205.0 0.003073 0.484082 0.0 0.701625 -1.116841 -14.868423 -0.2685 0.03847 14.167834 128.0
88 5205.0 0.019226 0.463448 0.0 0.733298 -1.116841 -14.868423 -0.2685 0.03847 14.167834 128.0
89 5205.0 0.010593 0.468604 0.0 0.722319 -1.116841 -14.868423 -0.2685 0.03847 14.167834 128.0
90 5205.0 -0.008414 0.47635 0.0 0.701796 -1.116841 -14.868423 -0.2685 0.03847 14.167834 128.0
91 5205.0 -0.021694 0.490554 0.0 0.678553 -1.116841 -14.868423 -0.2685 0.03847 14.167834 128.0
92 5205.0 -0.020869 0.54953 0.0 0.619368 -1.116841 -14.868423 -0.2685 0.03847 14.167834 128.0
93 5205.0 -0.02921 0.544264 0.0 0.619138 -1.116841 -14.868423 -0.2685 0.03847 14.167834 128.0
94 5205.0 -0.017946 0.533094 0.0 0.637965 -1.116841 -14.868423 -0.2685 0.03847 14.167834 128.0
95 5205.0 0.003565 0.517533 0.0 0.668072 -1.116841 -14.868423 -0.2685 0.03847 14.167834 128.0
96 5205.0 -0.002006 0.534841 0.0 0.646825 -1.116841 -14.868423 -0.2685 0.03847 14.167834 128.0
97 5205.0 -0.004381 0.553202 0.0 0.626644 -1.116841 -14.868423 -0.2685 0.03847 14.167834 128.0
98 5205.0 -0.001774 0.547034 0.0 0.634629 -1.116841 -14.868423 -0.2685 0.03847 14.167834 128.0
99 5205.0 -0.001367 0.536181 0.0 0.645894 -1.116841 -14.868423 -0.2685 0.03847 14.167834 128.0
100 5205.0 -0.015781 0.542473 0.0 0.629909 -1.116841 -14.868423 -0.2685 0.03847 14.167834 128.0
101 5205.0 -0.024034 0.509651 0.0 0.657649 -1.116841 -14.868423 -0.2685 0.03847 14.167834 128.0
102 5205.0 -0.006145 0.50911 0.0 0.670127 -1.116841 -14.868423 -0.2685 0.03847 14.167834 128.0
103 5205.0 0.001765 0.529252 0.0 0.655001 -1.116841 -14.868423 -0.2685 0.03847 14.167834 128.0
104 5205.0 0.017824 0.552081 0.0 0.642588 -1.116841 -14.868423 -0.2685 0.03847 14.167834 128.0
105 5205.0 0.017331 0.541178 0.0 0.653303 -1.116841 -14.868423 -0.2685 0.03847 14.167834 128.0
106 5205.0 0.036335 0.524561 0.0 0.682808 -1.116841 -14.868423 -0.2685 0.03847 14.167834 128.0
107 5205.0 0.003147 0.509904 0.0 0.67552 -1.116841 -14.868423 -0.2685 0.03847 14.167834 128.0
108 5205.0 -0.032303 0.500095 0.0 0.661814 -1.116841 -14.868423 -0.2685 0.03847 14.167834 128.0
109 5205.0 -0.01817 0.474177 0.0 0.697491 -1.116841 -14.868423 -0.2685 0.03847 14.167834 128.0
110 5205.0 -0.016779 0.504851 0.0 0.66735 -1.116841 -14.868423 -0.2685 0.03847 14.167834 128.0
111 5205.0 -0.0004 0.498438 0.0 0.684768 -1.116841 -14.868423 -0.2685 0.03847 14.167834 128.0
112 5205.0 -0.002591 0.499483 0.0 0.682249 -1.116841 -14.868423 -0.2685 0.03847 14.167834 128.0
113 5205.0 -0.003715 0.496429 0.0 0.684592 -1.116841 -14.868423 -0.2685 0.03847 14.167834 128.0
114 5205.0 0.021892 0.486096 0.0 0.712136 -1.116841 -14.868423 -0.2685 0.03847 14.167834 128.0
115 5205.0 0.040832 0.516612 0.0 0.693858 -1.116841 -14.868423 -0.2685 0.03847 14.167834 128.0
116 5205.0 0.016079 0.501886 0.0 0.692266 -1.116841 -14.868423 -0.2685 0.03847 14.167834 128.0
117 5205.0 0.030481 0.510636 0.0 0.693008 -1.116841 -14.868423 -0.2685 0.03847 14.167834 128.0
118 5205.0 0.010935 0.514551 0.0 0.676008 -1.116841 -14.868423 -0.2685 0.03847 14.167834 128.0
119 5205.0 0.006669 0.499049 0.0 0.688864 -1.116841 -14.868423 -0.2685 0.03847 14.167834 128.0
120 5205.0 0.010142 0.506911 0.0 0.683216 -1.116841 -14.868423 -0.2685 0.03847 14.167834 128.0
121 5205.0 -0.010569 0.492371 0.0 0.684132 -1.116841 -14.868423 -0.2685 0.03847 14.167834 128.0
122 5205.0 0.007483 0.4989 0.0 0.689557 -1.116841 -14.868423 -0.2685 0.03847 14.167834 128.0
123 5205.0 -0.006845 0.549847 0.0 0.6284 -1.116841 -14.868423 -0.2685 0.03847 14.167834 128.0
124 5205.0 -0.024451 0.551659 0.0 0.614822 -1.116841 -14.868423 -0.2685 0.03847 14.167834 128.0
125 5205.0 -0.028178 0.525817 0.0 0.638512 -1.116841 -14.868423 -0.2685 0.03847 14.167834 128.0
126 5205.0 -0.016987 0.512183 0.0 0.659785 -1.116841 -14.868423 -0.2685 0.03847 14.167834 128.0
127 5205.0 -0.028657 0.515817 0.0 0.648321 -1.116841 -14.868423 -0.2685 0.03847 14.167834 128.0
128 5205.0 -0.054416 0.52581 0.0 0.61746 -1.116841 -14.868423 -0.2685 0.03847 14.167834 128.0
129 5205.0 -0.084871 0.52206 0.0 0.595259 -1.116841 -14.868423 -0.2685 0.03847 14.167834 128.0
130 5205.0 -0.093618 0.521802 0.0 0.588007 -1.116841 -14.868423 -0.2685 0.03847 14.167834 128.0
131 5205.0 -0.094701 0.510605 0.0 0.599051 -1.116841 -14.868423 -0.2685 0.03847 14.167834 128.0
132 5205.0 -0.130957 0.498977 0.0 0.580283 -1.116841 -14.868423 -0.2685 0.03847 14.167834 128.0
133 5205.0 -0.151382 0.502762 0.0 0.558656 -1.116841 -14.868423 -0.2685 0.03847 14.167834 128.0
134 5205.0 -0.12599 0.501814 0.0 0.581524 -1.116841 -14.868423 -0.2685 0.03847 14.167834 128.0
135 5205.0 -0.122244 0.508665 0.0 0.57742 -1.116841 -14.868423 -0.2685 0.03847 14.167834 128.0
136 5205.0 -0.126309 0.497232 0.0 0.58615 -1.116841 -14.868423 -0.2685 0.03847 14.167834 128.0
137 5205.0 -0.111556 0.50464 0.0 0.590924 -1.116841 -14.868423 -0.2685 0.03847 14.167834 128.0
138 5205.0 -0.104823 0.496224 0.0 0.605721 -1.116841 -14.868423 -0.2685 0.03847 14.167834 128.0
139 5205.0 -0.111729 0.514864 0.0 0.579839 -1.116841 -14.868423 -0.2685 0.03847 14.167834 128.0
140 5205.0 -0.142378 0.512841 0.0 0.555624 -1.116841 -14.868423 -0.2685 0.03847 14.167834 128.0
141 5205.0 -0.145722 0.500759 0.0 0.565669 -1.116841 -14.868423 -0.2685 0.03847 14.167834 128.0
142 5205.0 -0.173925 0.519057 0.0 0.521824 -1.116841 -14.868423 -0.2685 0.03847 14.167834 128.0
143 5205.0 -0.167022 0.522344 0.0 0.524249 -1.116841 -14.868423 -0.2685 0.03847 14.167834 128.0
144 5205.0 -0.16269 0.510804 0.0 0.540322 -1.116841 -14.868423 -0.2685 0.03847 14.167834 128.0
145 5205.0 -0.150931 0.497579 0.0 0.564587 -1.116841 -14.868423 -0.2685 0.03847 14.167834 128.0
146 5205.0 -0.149166 0.512806 0.0 0.54982 -1.116841 -14.868423 -0.2685 0.03847 14.167834 128.0
147 5205.0 -0.138417 0.502601 0.0 0.569986 -1.116841 -14.868423 -0.2685 0.03847 14.167834 128.0
148 5205.0 -0.137327 0.499669 0.0 0.57406 -1.116841 -14.868423 -0.2685 0.03847 14.167834 128.0
149 5205.0 -0.151162 0.48727 0.0 0.575414 -1.116841 -14.868423 -0.2685 0.03847 14.167834 128.0
150 5205.0 -0.164105 0.486385 0.0 0.565221 -1.116841 -14.868423 -0.2685 0.03847 14.167834 128.0
151 5205.0 -0.167146 0.471341 0.0 0.578694 -1.116841 -14.868423 -0.2685 0.03847 14.167834 128.0
152 5205.0 -0.168347 0.48542 0.0 0.562602 -1.116841 -14.868423 -0.2685 0.03847 14.167834 128.0
153 5205.0 -0.170008 0.523337 0.0 0.520617 -1.116841 -14.868423 -0.2685 0.03847 14.167834 128.0
154 5205.0 -0.173413 0.520867 0.0 0.520329 -1.116841 -14.868423 -0.2685 0.03847 14.167834 128.0
155 5205.0 -0.182148 0.525334 0.0 0.507698 -1.116841 -14.868423 -0.2685 0.03847 14.167834 128.0
156 5205.0 -0.188998 0.518005 0.0 0.509652 -1.116841 -14.868423 -0.2685 0.03847 14.167834 128.0
157 5205.0 -0.210013 0.492553 0.0 0.519111 -1.116841 -14.868423 -0.2685 0.03847 14.167834 128.0
158 5205.0 -0.189557 0.501082 0.0 0.527596 -1.116841 -14.868423 -0.2685 0.03847 14.167834 128.0
159 5205.0 -0.181912 0.48947 0.0 0.546596 -1.116841 -14.868423 -0.2685 0.03847 14.167834 128.0
160 5205.0 -0.214101 0.520571 0.0 0.481475 -1.116841 -14.868423 -0.2685 0.03847 14.167834 128.0
161 5205.0 -0.228012 0.505582 0.0 0.485569 -1.116841 -14.868423 -0.2685 0.03847 14.167834 128.0
162 5205.0 -0.214037 0.507404 0.0 0.497352 -1.116841 -14.868423 -0.2685 0.03847 14.167834 128.0
163 5205.0 -0.226401 0.488741 0.0 0.507405 -1.116841 -14.868423 -0.2685 0.03847 14.167834 128.0
164 5205.0 -0.241991 0.502115 0.0 0.475758 -1.116841 -14.868423 -0.2685 0.03847 14.167834 128.0
165 5205.0 -0.252332 0.49912 0.0 0.469017 -1.116841 -14.868423 -0.2685 0.03847 14.167834 128.0
166 5205.0 -0.252931 0.501811 0.0 0.465186 -1.116841 -14.868423 -0.2685 0.03847 14.167834 128.0
167 5205.0 -0.259474 0.493775 0.0 0.468296 -1.116841 -14.868423 -0.2685 0.03847 14.167834 128.0
168 5205.0 -0.226336 0.477148 0.0 0.521392 -1.116841 -14.868423 -0.2685 0.03847 14.167834 128.0
169 5205.0 -0.229982 0.475206 0.0 0.52008 -1.116841 -14.868423 -0.2685 0.03847 14.167834 128.0
170 5205.0 -0.241257 0.475433 0.0 0.508535 -1.116841 -14.868423 -0.2685 0.03847 14.167834 128.0
171 5205.0 -0.270079 0.490047 0.0 0.462172 -1.116841 -14.868423 -0.2685 0.03847 14.167834 128.0
172 5205.0 -0.283004 0.522759 0.0 0.409963 -1.116841 -14.868423 -0.2685 0.03847 14.167834 128.0
173 5205.0 -0.313355 0.514511 0.0 0.389527 -1.116841 -14.868423 -0.2685 0.03847 14.167834 128.0
174 5205.0 -0.303811 0.544115 0.0 0.363514 -1.116841 -14.868423 -0.2685 0.03847 14.167834 128.0
175 5205.0 -0.295231 0.511515 0.0 0.411243 -1.116841 -14.868423 -0.2685 0.03847 14.167834 128.0
176 5205.0 -0.30876 0.508629 0.0 0.401183 -1.116841 -14.868423 -0.2685 0.03847 14.167834 128.0
177 5205.0 -0.299039 0.499191 0.0 0.422237 -1.116841 -14.868423 -0.2685 0.03847 14.167834 128.0
178 5205.0 -0.308056 0.543982 0.0 0.35943 -1.116841 -14.868423 -0.2685 0.03847 14.167834 128.0
179 5205.0 -0.303871 0.548952 0.0 0.357645 -1.116841 -14.868423 -0.2685 0.03847 14.167834 128.0
180 5205.0 -0.297332 0.523991 0.0 0.394159 -1.116841 -14.868423 -0.2685 0.03847 14.167834 128.0
181 5205.0 -0.310225 0.559858 0.0 0.338195 -1.116841 -14.868423 -0.2685 0.03847 14.167834 128.0
182 5205.0 -0.330971 0.546379 0.0 0.333643 -1.116841 -14.868423 -0.2685 0.03847 14.167834 128.0
183 5205.0 -0.329697 0.536504 0.0 0.346777 -1.116841 -14.868423 -0.2685 0.03847 14.167834 128.0
184 5205.0 -0.351505 0.528748 0.0 0.334289 -1.116841 -14.868423 -0.2685 0.03847 14.167834 128.0
185 5205.0 -0.382233 0.515796 0.0 0.319125 -1.116841 -14.868423 -0.2685 0.03847 14.167834 128.0
186 5205.0 -0.411097 0.535096 0.0 0.26709 -1.116841 -14.868423 -0.2685 0.03847 14.167834 128.0
187 5205.0 -0.425493 0.54103 0.0 0.245572 -1.116841 -14.868423 -0.2685 0.03847 14.167834 128.0
188 5205.0 -0.424725 0.558755 0.0 0.225053 -1.116841 -14.868423 -0.2685 0.03847 14.167834 128.0
189 5205.0 -0.429511 0.568246 0.0 0.208869 -1.116841 -14.868423 -0.2685 0.03847 14.167834 128.0
190 5205.0 -0.437634 0.557771 0.0 0.213329 -1.116841 -14.868423 -0.2685 0.03847 14.167834 128.0
191 5205.0 -0.428988 0.533511 0.0 0.251107 -1.116841 -14.868423 -0.2685 0.03847 14.167834 128.0
192 5205.0 -0.415194 0.5457 0.0 0.250259 -1.116841 -14.868423 -0.2685 0.03847 14.167834 128.0
193 5205.0 -0.403311 0.564146 0.0 0.239986 -1.116841 -14.868423 -0.2685 0.03847 14.167834 128.0
194 5205.0 -0.42587 0.568903 0.0 0.21172 -1.116841 -14.868423 -0.2685 0.03847 14.167834 128.0
195 5205.0 -0.448665 0.557748 0.0 0.202329 -1.116841 -14.868423 -0.2685 0.03847 14.167834 128.0
196 5205.0 -0.438546 0.572064 0.0 0.195251 -1.116841 -14.868423 -0.2685 0.03847 14.167834 128.0
197 5205.0 -0.44728 0.560503 0.0 0.200405 -1.116841 -14.868423 -0.2685 0.03847 14.167834 128.0
198 5205.0 -0.438779 0.568428 0.0 0.199386 -1.116841 -14.868423 -0.2685 0.03847 14.167834 128.0
199 5205.0 -0.446849 0.573678 0.0 0.185013 -1.116841 -14.868423 -0.2685 0.03847 14.167834 128.0
200 5205.0 -0.460714 0.571186 0.0 0.174145 -1.116841 -14.868423 -0.2685 0.03847 14.167834 128.0
201 5205.0 -0.470286 0.577258 0.0 0.157283 -1.116841 -14.868423 -0.2685 0.03847 14.167834 128.0
202 5205.0 -0.485582 0.572325 0.0 0.147915 -1.116841 -14.868423 -0.2685 0.03847 14.167834 128.0
203 5205.0 -0.501838 0.551734 0.0 0.156393 -1.116841 -14.868423 -0.2685 0.03847 14.167834 128.0
204 5205.0 -0.503206 0.566054 0.0 0.137828 -1.116841 -14.868423 -0.2685 0.03847 14.167834 128.0
205 5205.0 -0.512365 0.566032 0.0 0.128698 -1.116841 -14.868423 -0.2685 0.03847 14.167834 128.0
206 5205.0 -0.516302 0.574509 0.0 0.114581 -1.116841 -14.868423 -0.2685 0.03847 14.167834 128.0
207 5205.0 -0.521491 0.588327 0.0 0.092799 -1.116841 -14.868423 -0.2685 0.03847 14.167834 128.0
208 5205.0 -0.50246 0.572537 0.0 0.130787 -1.116841 -14.868423 -0.2685 0.03847 14.167834 128.0
209 5205.0 -0.52735 0.560136 0.0 0.120798 -1.116841 -14.868423 -0.2685 0.03847 14.167834 128.0
210 5205.0 -0.552242 0.557747 0.0 0.098782 -1.116841 -14.868423 -0.2685 0.03847 14.167834 128.0
211 5205.0 -0.573646 0.570658 0.0 0.061878 -1.116841 -14.868423 -0.2685 0.03847 14.167834 128.0
212 5205.0 -0.575958 0.557823 0.0 0.074982 -1.116841 -14.868423 -0.2685 0.03847 14.167834 128.0
213 5205.0 -0.582474 0.566693 0.0 0.057815 -1.116841 -14.868423 -0.2685 0.03847 14.167834 128.0
214 5205.0 -0.591398 0.567817 0.0 0.047544 -1.116841 -14.868423 -0.2685 0.03847 14.167834 128.0
215 5205.0 -0.596566 0.575429 0.0 0.033235 -1.116841 -14.868423 -0.2685 0.03847 14.167834 128.0
216 5205.0 -0.621846 0.575732 0.0 0.007599 -1.116841 -14.868423 -0.2685 0.03847 14.167834 128.0
217 5205.0 -0.624313 0.576692 0.0 0.003979 -1.116841 -14.868423 -0.2685 0.03847 14.167834 128.0
218 5205.0 -0.63412 0.591373 0.0 -0.023457 -1.116841 -14.868423 -0.2685 0.03847 14.167834 128.0
219 5205.0 -0.627671 0.613461 0.0 -0.043537 -1.116841 -14.868423 -0.2685 0.03847 14.167834 128.0
220 5205.0 -0.664052 0.610267 0.0 -0.076072 -1.116841 -14.868423 -0.2685 0.03847 14.167834 128.0
221 5205.0 -0.649071 0.603735 0.0 -0.053249 -1.116841 -14.868423 -0.2685 0.03847 14.167834 128.0
222 5205.0 -0.674315 0.605138 0.0 -0.080171 -1.116841 -14.868423 -0.2685 0.03847 14.167834 128.0
223 5205.0 -0.697189 0.59549 0.0 -0.091452 -1.116841 -14.868423 -0.2685 0.03847 14.167834 128.0
224 5205.0 -0.722803 0.574211 0.0 -0.091502 -1.116841 -14.868423 -0.2685 0.03847 14.167834 128.0
225 5205.0 -0.732184 0.572767 0.0 -0.099148 -1.116841 -14.868423 -0.2685 0.03847 14.167834 128.0
226 5205.0 -0.745707 0.568983 0.0 -0.108122 -1.116841 -14.868423 -0.2685 0.03847 14.167834 128.0
227 5205.0 -0.757853 0.561346 0.0 -0.111093 -1.116841 -14.868423 -0.2685 0.03847 14.167834 128.0
228 5205.0 -0.751444 0.547155 0.0 -0.087643 -1.116841 -14.868423 -0.2685 0.03847 14.167834 128.0
229 5205.0 -0.744366 0.57551 0.0 -0.11462 -1.116841 -14.868423 -0.2685 0.03847 14.167834 128.0
230 5205.0 -0.738715 0.592458 0.0 -0.129324 -1.116841 -14.868423 -0.2685 0.03847 14.167834 128.0
231 5205.0 -0.771594 0.606737 0.0 -0.179344 -1.116841 -14.868423 -0.2685 0.03847 14.167834 128.0
232 5205.0 -0.797127 0.582554 0.0 -0.175826 -1.116841 -14.868423 -0.2685 0.03847 14.167834 128.0
233 5205.0 -0.773503 0.580199 0.0 -0.14938 -1.116841 -14.868423 -0.2685 0.03847 14.167834 128.0
234 5205.0 -0.768943 0.615438 0.0 -0.187553 -1.116841 -14.868423 -0.2685 0.03847 14.167834 128.0
235 5205.0 -0.763251 0.602066 0.0 -0.165392 -1.116841 -14.868423 -0.2685 0.03847 14.167834 128.0
236 5205.0 -0.733058 0.608373 0.0 -0.142782 -1.116841 -14.868423 -0.2685 0.03847 14.167834 128.0
237 5205.0 -0.74136 0.619993 0.0 -0.165268 -1.116841 -14.868423 -0.2685 0.03847 14.167834 128.0
238 5205.0 -0.743499 0.611279 0.0 -0.156711 -1.116841 -14.868423 -0.2685 0.03847 14.167834 128.0
239 5205.0 -0.733293 0.608063 0.0 -0.142646 -1.116841 -14.868423 -0.2685 0.03847 14.167834 128.0
240 5205.0 -0.719511 0.595944 0.0 -0.114313 -1.116841 -14.868423 -0.2685 0.03847 14.167834 128.0
241 5205.0 -0.73336 0.550064 0.0 -0.073058 -1.116841 -14.868423 -0.2685 0.03847 14.167834 128.0
242 5205.0 -0.718149 0.541488 0.0 -0.047551 -1.116841 -14.868423 -0.2685 0.03847 14.167834 128.0
243 5205.0 -0.716469 0.52094 0.0 -0.021194 -1.116841 -14.868423 -0.2685 0.03847 14.167834 128.0
244 5205.0 -0.726501 0.524159 0.0 -0.035089 -1.116841 -14.868423 -0.2685 0.03847 14.167834 128.0
245 5205.0 -0.74327 0.535062 0.0 -0.064948 -1.116841 -14.868423 -0.2685 0.03847 14.167834 128.0
246 5205.0 -0.773627 0.540469 0.0 -0.10179 -1.116841 -14.868423 -0.2685 0.03847 14.167834 128.0
247 5205.0 -0.765563 0.567725 0.0 -0.126461 -1.116841 -14.868423 -0.2685 0.03847 14.167834 128.0
248 5205.0 -0.802453 0.569184 0.0 -0.165093 -1.116841 -14.868423 -0.2685 0.03847 14.167834 128.0
249 5205.0 -0.818477 0.564655 0.0 -0.175673 -1.116841 -14.868423 -0.2685 0.03847 14.167834 128.0
250 5205.0 -0.818475 0.592565 0.0 -0.208636 -1.116841 -14.868423 -0.2685 0.03847 14.167834 128.0
251 5205.0 -0.833251 0.597189 0.0 -0.226542 -1.116841 -14.868423 -0.2685 0.03847 14.167834 128.0
252 5205.0 -0.826084 0.606105 0.0 -0.229718 -1.116841 -14.868423 -0.2685 0.03847 14.167834 128.0
253 5205.0 -0.850552 0.614834 0.0 -0.260628 -1.116841 -14.868423 -0.2685 0.03847 14.167834 128.0
254 5205.0 -0.845887 0.662214 0.0 -0.307018 -1.116841 -14.868423 -0.2685 0.03847 14.167834 128.0
255 5205.0 -0.836447 0.640641 0.0 -0.275685 -1.116841 -14.868423 -0.2685 0.03847 14.167834 128.0
256 5205.0 -0.833045 0.636872 0.0 -0.268664 -1.116841 -14.868423 -0.2685 0.03847 14.167834 128.0
257 5205.0 -0.846609 0.625337 0.0 -0.268343 -1.116841 -14.868423 -0.2685 0.03847 14.167834 128.0
258 5205.0 -0.852715 0.639988 0.0 -0.289354 -1.116841 -14.868423 -0.2685 0.03847 14.167834 128.0
259 5205.0 -0.846977 0.648978 0.0 -0.293871 -1.116841 -14.868423 -0.2685 0.03847 14.167834 128.0
260 5205.0 -0.823372 0.641461 0.0 -0.265015 -1.116841 -14.868423 -0.2685 0.03847 14.167834 128.0
261 5205.0 -0.817093 0.636859 0.0 -0.254564 -1.116841 -14.868423 -0.2685 0.03847 14.167834 128.0
262 5205.0 -0.817279 0.642087 0.0 -0.260302 -1.116841 -14.868423 -0.2685 0.03847 14.167834 128.0
263 5205.0 -0.826354 0.654982 0.0 -0.282062 -1.116841 -14.868423 -0.2685 0.03847 14.167834 128.0
264 5205.0 -0.827071 0.675285 0.0 -0.304338 -1.116841 -14.868423 -0.2685 0.03847 14.167834 128.0
265 5205.0 -0.825988 0.69463 0.0 -0.324005 -1.116841 -14.868423 -0.2685 0.03847 14.167834 128.0
266 5205.0 -0.83606 0.719533 0.0 -0.366712 -1.116841 -14.868423 -0.2685 0.03847 14.167834 128.0
267 5205.0 -0.843398 0.714043 0.0 -0.366231 -1.116841 -14.868423 -0.2685 0.03847 14.167834 128.0
268 5205.0 -0.859287 0.715978 0.0 -0.384361 -1.116841 -14.868423 -0.2685 0.03847 14.167834 128.0
269 5205.0 -0.851944 0.730116 0.0 -0.396828 -1.116841 -14.868423 -0.2685 0.03847 14.167834 128.0
270 5205.0 -0.844921 0.71364 0.0 -0.367153 -1.116841 -14.868423 -0.2685 0.03847 14.167834 128.0
271 5205.0 -0.833342 0.691849 0.0 -0.327534 -1.116841 -14.868423 -0.2685 0.03847 14.167834 128.0
272 5205.0 -0.821484 0.70969 0.0 -0.338892 -1.116841 -14.868423 -0.2685 0.03847 14.167834 128.0
273 5205.0 -0.832951 0.716297 0.0 -0.359202 -1.116841 -14.868423 -0.2685 0.03847 14.167834 128.0
274 5205.0 -0.842481 0.725228 0.0 -0.380851 -1.116841 -14.868423 -0.2685 0.03847 14.167834 128.0
275 5205.0 -0.834773 0.723826 0.0 -0.371414 -1.116841 -14.868423 -0.2685 0.03847 14.167834 128.0
276 5205.0 -0.847711 0.74056 0.0 -0.407196 -1.116841 -14.868423 -0.2685 0.03847 14.167834 128.0
277 5205.0 -0.846404 0.728119 0.0 -0.388674 -1.116841 -14.868423 -0.2685 0.03847 14.167834 128.0
278 5205.0 -0.832163 0.717763 0.0 -0.360469 -1.116841 -14.868423 -0.2685 0.03847 14.167834 128.0
279 5205.0 -0.832849 0.735142 0.0 -0.385235 -1.116841 -14.868423 -0.2685 0.03847 14.167834 128.0
280 5205.0 -0.826689 0.723528 0.0 -0.363142 -1.116841 -14.868423 -0.2685 0.03847 14.167834 128.0
281 5205.0 -0.825295 0.710533 0.0 -0.343766 -1.116841 -14.868423 -0.2685 0.03847 14.167834 128.0
282 5205.0 -0.842245 0.715721 0.0 -0.367438 -1.116841 -14.868423 -0.2685 0.03847 14.167834 128.0
283 5205.0 -0.86425 0.698125 0.0 -0.364427 -1.116841 -14.868423 -0.2685 0.03847 14.167834 128.0
284 5205.0 -0.891966 0.712202 0.0 -0.41089 -1.116841 -14.868423 -0.2685 0.03847 14.167834 128.0
285 5205.0 -0.870874 0.73096 0.0 -0.4164 -1.116841 -14.868423 -0.2685 0.03847 14.167834 128.0
286 5205.0 -0.87051 0.729803 0.0 -0.414441 -1.116841 -14.868423 -0.2685 0.03847 14.167834 128.0
287 5205.0 -0.870106 0.737572 0.0 -0.424823 -1.116841 -14.868423 -0.2685 0.03847 14.167834 128.0
