 time p.x p.y p.z deep.node-0 CV opes.bias opes.rct opes.zed opes.neff opes.nker
0 8755.0 -0.022235 0.52668 0.0 0.641601 -1.591754 -12.042587 -0.320676 0.037024 14.167834 133.0
1 8755.0 -0.028822 0.522629 0.0 0.641311 -1.591754 -12.042587 -0.320676 0.037024 14.167834 133.0
2 8755.0 -0.023839 0.54823 0.0 0.618704 -1.591754 -12.042587 -0.320676 0.037024 14.167834 133.0
3 8755.0 -0.012801 0.529072 0.0 0.64547 -1.591754 -12.042587 -0.320676 0.037024 14.167834 133.0
4 8755.0 -0.025679 0.532161 0.0 0.633753 -1.591754 -12.042587 -0.320676 0.037024 14.167834 133.0
5 8755.0 -0.017533 0.520131 0.0 0.65137 -1.591754 -12.042587 -0.320676 0.037024 14.167834 133.0
6 8755.0 -0.032965 0.540658 0.0 0.620041 -1.591754 -12.042587 -0.320676 0.037024 14.167834 133.0
7 8755.0 -0.030676 0.534524 0.0 0.628027 -1.591754 -12.042587 -0.320676 0.037024 14.167834 133.0
8 8755.0 -0.037279 0.545962 0.0 0.610655 -1.591754 -12.042587 -0.320676 0.037024 14.167834 133.0
9 8755.0 -0.020616 0.548452 0.0 0.620628 -1.591754 -12.042587 -0.320676 0.037024 14.167834 133.0
10 8755.0 -0.022896 0.522939 0.0 0.644949 -1.591754 -12.042587 -0.320676 0.037024 14.167834 133.0
11 8755.0 -0.040707 0.543298 0.0 0.610555 -1.591754 -12.042587 -0.320676 0.037024 14.167834 133.0
12 8755.0 -0.068648 0.533559 0.0 0.596922 -1.591754 -12.042587 -0.320676 0.037024 14.167834 133.0
13 8755.0 -0.056478 0.518955 0.0 0.623017 -1.591754 -12.042587 -0.320676 0.037024 14.167834 133.0
14 8755.0 -0.062022 0.519226 0.0 0.617956 -1.591754 -12.042587 -0.320676 0.037024 14.167834 133.0
15 8755.0 -0.089556 0.524728 0.0 0.588373 -1.591754 -12.042587 -0.320676 0.037024 14.167834 133.0
16 8755.0 -0.088852 0.510118 0.0 0.604606 -1.591754 -12.042587 -0.320676 0.037024 14.167834 133.0
17 8755.0 -0.087817 0.498093 0.0 0.618358 -1.591754 -12.042587 -0.320676 0.037024 14.167834 133.0
18 8755.0 -0.121767 0.521195 0.0 0.564429 -1.591754 -12.042587 -0.320676 0.037024 14.167834 133.0
19 8755.0 -0.144105 0.50523 0.0 0.562279 -1.591754 -12.042587 -0.320676 0.037024 14.167834 133.0
20 8755.0 -0.156229 0.511333 0.0 0.545316 -1.591754 -12.042587 -0.320676 0.037024 14.167834 133.0
21 8755.0 -0.159349 0.537095 0.0 0.515076 -1.591754 -12.042587 -0.320676 0.037024 14.167834 133.0
22 8755.0 -0.16708 0.513725 0.0 0.533418 -1.591754 -12.042587 -0.320676 0.037024 14.167834 133.0
23 8755.0 -0.182694 0.516875 0.0 0.51661 -1.591754 -12.042587 -0.320676 0.037024 14.167834 133.0
24 8755.0 -0.168534 0.527741 0.0 0.517176 -1.591754 -12.042587 -0.320676 0.037024 14.167834 133.0
25 8755.0 -0.173981 0.498093 0.0 0.544199 -1.591754 -12.042587 -0.320676 0.037024 14.167834 133.0
26 8755.0 -0.187056 0.514351 0.0 0.515556 -1.591754 -12.042587 -0.320676 0.037024 14.167834 133.0
27 8755.0 -0.225841 0.495888 0.0 0.499381 -1.591754 -12.042587 -0.320676 0.037024 14.167834 133.0
28 8755.0 -0.222 0.477233 0.0 0.525181 -1.591754 -12.042587 -0.320676 0.037024 14.167834 133.0
29 8755.0 -0.239051 0.479757 0.0 0.505548 -1.591754 -12.042587 -0.320676 0.037024 14.167834 133.0
30 8755.0 -0.227555 0.483655 0.0 0.512359 -1.591754 -12.042587 -0.320676 0.037024 14.167834 133.0
31 8755.0 -0.249663 0.484445 0.0 0.489308 -1.591754 -12.042587 -0.320676 0.037024 14.167834 133.0
32 8755.0 -0.255516 0.488046 0.0 0.479133 -1.591754 -12.042587 -0.320676 0.037024 14.167834 133.0
33 8755.0 -0.239861 0.494634 0.0 0.486871 -1.591754 -12.042587 -0.320676 0.037024 14.167834 133.0
34 8755.0 -0.260188 0.507528 0.0 0.451065 -1.591754 -12.042587 -0.320676 0.037024 14.167834 133.0
35 8755.0 -0.293553 0.53372 0.0 0.386254 -1.591754 -12.042587 -0.320676 0.037024 14.167834 133.0
36 8755.0 -0.284071 0.515142 0.0 0.418044 -1.591754 -12.042587 -0.320676 0.037024 14.167834 133.0
37 8755.0 -0.265172 0.507692 0.0 0.445886 -1.591754 -12.042587 -0.320676 0.037024 14.167834 133.0
38 8755.0 -0.270429 0.51362 0.0 0.43351 -1.591754 -12.042587 -0.320676 0.037024 14.167834 133.0
39 8755.0 -0.281571 0.498684 0.0 0.440309 -1.591754 -12.042587 -0.320676 0.037024 14.167834 133.0
40 8755.0 -0.301656 0.481655 0.0 0.440682 -1.591754 -12.042587 -0.320676 0.037024 14.167834 133.0
41 8755.0 -0.313827 0.469548 0.0 0.443053 -1.591754 -12.042587 -0.320676 0.037024 14.167834 133.0
42 8755.0 -0.322075 0.477627 0.0 0.425105 -1.591754 -12.042587 -0.320676 0.037024 14.167834 133.0
43 8755.0 -0.33202 0.484365 0.0 0.407071 -1.591754 -12.042587 -0.320676 0.037024 14.167834 133.0
44 8755.0 -0.34388 0.507848 0.0 0.367012 -1.591754 -12.042587 -0.320676 0.037024 14.167834 133.0
45 8755.0 -0.371109 0.498682 0.0 0.350799 -1.591754 -12.042587 -0.320676 0.037024 14.167834 133.0
46 8755.0 -0.385458 0.521078 0.0 0.309557 -1.591754 -12.042587 -0.320676 0.037024 14.167834 133.0
47 8755.0 -0.367375 0.530565 0.0 0.316242 -1.591754 -12.042587 -0.320676 0.037024 14.167834 133.0
48 8755.0 -0.342082 0.509461 0.0 0.366873 -1.591754 -12.042587 -0.320676 0.037024 14.167834 133.0
49 8755.0 -0.338793 0.500776 0.0 0.380591 -1.591754 -12.042587 -0.320676 0.037024 14.167834 133.0
50 8755.0 -0.325301 0.49532 0.0 0.400631 -1.591754 -12.042587 -0.320676 0.037024 14.167834 133.0
51 8755.0 -0.348038 0.504918 0.0 0.366374 -1.591754 -12.042587 -0.320676 0.037024 14.167834 133.0
52 8755.0 -0.357916 0.519938 0.0 0.33846 -1.591754 -12.042587 -0.320676 0.037024 14.167834 133.0
53 8755.0 -0.343086 0.537504 0.0 0.33219 -1.591754 -12.042587 -0.320676 0.037024 14.167834 133.0
54 8755.0 -0.356713 0.545283 0.0 0.309224 -1.591754 -12.042587 -0.320676 0.037024 14.167834 133.0
55 8755.0 -0.363512 0.54477 0.0 0.303044 -1.591754 -12.042587 -0.320676 0.037024 14.167834 133.0
56 8755.0 -0.370028 0.551067 0.0 0.288967 -1.591754 -12.042587 -0.320676 0.037024 14.167834 133.0
57 8755.0 -0.369405 0.546316 0.0 0.295295 -1.591754 -12.042587 -0.320676 0.037024 14.167834 133.0
58 8755.0 -0.365289 0.558919 0.0 0.284275 -1.591754 -12.042587 -0.320676 0.037024 14.167834 133.0
59 8755.0 -0.354084 0.561664 0.0 0.29218 -1.591754 -12.042587 -0.320676 0.037024 14.167834 133.0
60 8755.0 -0.366146 0.554081 0.0 0.289228 -1.591754 -12.042587 -0.320676 0.037024 14.167834 133.0
61 8755.0 -0.356854 0.563276 0.0 0.287474 -1.591754 -12.042587 -0.320676 0.037024 14.167834 133.0
62 8755.0 -0.360651 0.546567 0.0 0.303746 -1.591754 -12.042587 -0.320676 0.037024 14.167834 133.0
63 8755.0 -0.374638 0.540713 0.0 0.296793 -1.591754 -12.042587 -0.320676 0.037024 14.167834 133.0
64 8755.0 -0.423329 0.529606 0.0 0.261456 -1.591754 -12.042587 -0.320676 0.037024 14.167834 133.0
65 8755.0 -0.445081 0.536736 0.0 0.231147 -1.591754 -12.042587 -0.320676 0.037024 14.167834 133.0
66 8755.0 -0.431241 0.519053 0.0 0.266219 -1.591754 -12.042587 -0.320676 0.037024 14.167834 133.0
67 8755.0 -0.462228 0.523796 0.0 0.229544 -1.591754 -12.042587 -0.320676 0.037024 14.167834 133.0
68 8755.0 -0.470075 0.523439 0.0 0.222129 -1.591754 -12.042587 -0.320676 0.037024 14.167834 133.0
69 8755.0 -0.464636 0.552609 0.0 0.192534 -1.591754 -12.042587 -0.320676 0.037024 14.167834 133.0
70 8755.0 -0.4619 0.556835 0.0 0.190195 -1.591754 -12.042587 -0.320676 0.037024 14.167834 133.0
71 8755.0 -0.474752 0.548481 0.0 0.187378 -1.591754 -12.042587 -0.320676 0.037024 14.167834 133.0
72 8755.0 -0.493886 0.534748 0.0 0.184742 -1.591754 -12.042587 -0.320676 0.037024 14.167834 133.0
73 8755.0 -0.485431 0.535443 0.0 0.192361 -1.591754 -12.042587 -0.320676 0.037024 14.167834 133.0
74 8755.0 -0.487083 0.532826 0.0 0.193851 -1.591754 -12.042587 -0.320676 0.037024 14.167834 133.0
75 8755.0 -0.501756 0.514385 0.0 0.20133 -1.591754 -12.042587 -0.320676 0.037024 14.167834 133.0
76 8755.0 -0.506736 0.51998 0.0 0.189632 -1.591754 -12.042587 -0.320676 0.037024 14.167834 133.0
77 8755.0 -0.50894 0.547876 0.0 0.153927 -1.591754 -12.042587 -0.320676 0.037024 14.167834 133.0
78 8755.0 -0.533863 0.543813 0.0 0.133891 -1.591754 -12.042587 -0.320676 0.037024 14.167834 133.0
79 8755.0 -0.52481 0.556731 0.0 0.127427 -1.591754 -12.042587 -0.320676 0.037024 14.167834 133.0
80 8755.0 -0.54166 0.562948 0.0 0.103114 -1.591754 -12.042587 -0.320676 0.037024 14.167834 133.0
81 8755.0 -0.537222 0.566435 0.0 0.103364 -1.591754 -12.042587 -0.320676 0.037024 14.167834 133.0
82 8755.0 -0.564409 0.574043 0.0 0.067048 -1.591754 -12.042587 -0.320676 0.037024 14.167834 133.0
83 8755.0 -0.561303 0.572738 0.0 0.07172 -1.591754 -12.042587 -0.320676 0.037024 14.167834 133.0
84 8755.0 -0.570424 0.54627 0.0 0.094388 -1.591754 -12.042587 -0.320676 0.037024 14.167834 133.0
85 8755.0 -0.560197 0.531233 0.0 0.122672 -1.591754 -12.042587 -0.320676 0.037024 14.167834 133.0
86 8755.0 -0.569823 0.523646 0.0 0.12216 -1.591754 -12.042587 -0.320676 0.037024 14.167834 133.0
87 8755.0 -0.577823 0.533414 0.0 0.102432 -1.591754 -12.042587 -0.320676 0.037024 14.167834 133.0
88 8755.0 -0.589603 0.539047 0.0 0.08389 -1.591754 -12.042587 -0.320676 0.037024 14.167834 133.0
89 8755.0 -0.565818 0.543997 0.0 0.101723 -1.591754 -12.042587 -0.320676 0.037024 14.167834 133.0
90 8755.0 -0.550616 0.531104 0.0 0.132406 -1.591754 -12.042587 -0.320676 0.037024 14.167834 133.0
91 8755.0 -0.554868 0.547903 0.0 0.107979 -1.591754 -12.042587 -0.320676 0.037024 14.167834 133.0
92 8755.0 -0.571579 0.5543 0.0 0.08359 -1.591754 -12.042587 -0.320676 0.037024 14.167834 133.0
93 8755.0 -0.601856 0.553036 0.0 0.05484 -1.591754 -12.042587 -0.320676 0.037024 14.167834 133.0
94 8755.0 -0.619652 0.558627 0.0 0.030335 -1.591754 -12.042587 -0.320676 0.037024 14.167834 133.0
95 8755.0 -0.620183 0.544426 0.0 0.046858 -1.591754 -12.042587 -0.320676 0.037024 14.167834 133.0
96 8755.0 -0.625823 0.513348 0.0 0.078543 -1.591754 -12.042587 -0.320676 0.037024 14.167834 133.0
97 8755.0 -0.64578 0.510536 0.0 0.06197 -1.591754 -12.042587 -0.320676 0.037024 14.167834 133.0
98 8755.0 -0.637531 0.51934 0.0 0.059642 -1.591754 -12.042587 -0.320676 0.037024 14.167834 133.0
99 8755.0 -0.661698 0.519851 0.0 0.034868 -1.591754 -12.042587 -0.320676 0.037024 14.167834 133.0
100 8755.0 -0.654314 0.519337 0.0 0.042868 -1.591754 -12.042587 -0.320676 0.037024 14.167834 133.0
101 8755.0 -0.656696 0.534052 0.0 0.022814 -1.591754 -12.042587 -0.320676 0.037024 14.167834 133.0
102 8755.0 -0.691012 0.555819 0.0 -0.037633 -1.591754 -12.042587 -0.320676 0.037024 14.167834 133.0
103 8755.0 -0.671134 0.576297 0.0 -0.042353 -1.591754 -12.042587 -0.320676 0.037024 14.167834 133.0
104 8755.0 -0.709661 0.569576 0.0 -0.072798 -1.591754 -12.042587 -0.320676 0.037024 14.167834 133.0
105 8755.0 -0.6854 0.595316 0.0 -0.079457 -1.591754 -12.042587 -0.320676 0.037024 14.167834 133.0
106 8755.0 -0.655805 0.603992 0.0 -0.06029 -1.591754 -12.042587 -0.320676 0.037024 14.167834 133.0
107 8755.0 -0.676008 0.633712 0.0 -0.11618 -1.591754 -12.042587 -0.320676 0.037024 14.167834 133.0
108 8755.0 -0.695668 0.643418 0.0 -0.148292 -1.591754 -12.042587 -0.320676 0.037024 14.167834 133.0
109 8755.0 -0.688839 0.63829 0.0 -0.13492 -1.591754 -12.042587 -0.320676 0.037024 14.167834 133.0
110 8755.0 -0.676806 0.652789 0.0 -0.140909 -1.591754 -12.042587 -0.320676 0.037024 14.167834 133.0
111 8755.0 -0.687419 0.653411 0.0 -0.152467 -1.591754 -12.042587 -0.320676 0.037024 14.167834 133.0
112 8755.0 -0.683165 0.666003 0.0 -0.16396 -1.591754 -12.042587 -0.320676 0.037024 14.167834 133.0
113 8755.0 -0.716615 0.682214 0.0 -0.214197 -1.591754 -12.042587 -0.320676 0.037024 14.167834 133.0
114 8755.0 -0.741838 0.663818 0.0 -0.216856 -1.591754 -12.042587 -0.320676 0.037024 14.167834 133.0
115 8755.0 -0.749274 0.677283 0.0 -0.237777 -1.591754 -12.042587 -0.320676 0.037024 14.167834 133.0
116 8755.0 -0.75072 0.709797 0.0 -0.273715 -1.591754 -12.042587 -0.320676 0.037024 14.167834 133.0
117 8755.0 -0.738916 0.679339 0.0 -0.230823 -1.591754 -12.042587 -0.320676 0.037024 14.167834 133.0
118 8755.0 -0.748889 0.702672 0.0 -0.264503 -1.591754 -12.042587 -0.320676 0.037024 14.167834 133.0
119 8755.0 -0.755652 0.680153 0.0 -0.246467 -1.591754 -12.042587 -0.320676 0.037024 14.167834 133.0
120 8755.0 -0.719406 0.695176 0.0 -0.23048 -1.591754 -12.042587 -0.320676 0.037024 14.167834 133.0
121 8755.0 -0.728591 0.674612 0.0 -0.216667 -1.591754 -12.042587 -0.320676 0.037024 14.167834 133.0
122 8755.0 -0.746535 0.685982 0.0 -0.244632 -1.591754 -12.042587 -0.320676 0.037024 14.167834 133.0
123 8755.0 -0.748731 0.705636 0.0 -0.267523 -1.591754 -12.042587 -0.320676 0.037024 14.167834 133.0
124 8755.0 -0.738072 0.714881 0.0 -0.267967 -1.591754 -12.042587 -0.320676 0.037024 14.167834 133.0
125 8755.0 -0.750056 0.719478 0.0 -0.283449 -1.591754 -12.042587 -0.320676 0.037024 14.167834 133.0
126 8755.0 -0.76303 0.724992 0.0 -0.303291 -1.591754 -12.042587 -0.320676 0.037024 14.167834 133.0
127 8755.0 -0.765319 0.705117 0.0 -0.281616 -1.591754 -12.042587 -0.320676 0.037024 14.167834 133.0
128 8755.0 -0.78842 0.70131 0.0 -0.297955 -1.591754 -12.042587 -0.320676 0.037024 14.167834 133.0
129 8755.0 -0.774497 0.708384 0.0 -0.293203 -1.591754 -12.042587 -0.320676 0.037024 14.167834 133.0
130 8755.0 -0.794312 0.688069 0.0 -0.289043 -1.591754 -12.042587 -0.320676 0.037024 14.167834 133.0
131 8755.0 -0.820868 0.681108 0.0 -0.305069 -1.591754 -12.042587 -0.320676 0.037024 14.167834 133.0
132 8755.0 -0.821192 0.680939 0.0 -0.305176 -1.591754 -12.042587 -0.320676 0.037024 14.167834 133.0
133 8755.0 -0.822261 0.686911 0.0 -0.312485 -1.591754 -12.042587 -0.320676 0.037024 14.167834 133.0
134 8755.0 -0.838253 0.698733 0.0 -0.339999 -1.591754 -12.042587 -0.320676 0.037024 14.167834 133.0
135 8755.0 -0.82554 0.67493 0.0 -0.302608 -1.591754 -12.042587 -0.320676 0.037024 14.167834 133.0
136 8755.0 -0.844775 0.677579 0.0 -0.322416 -1.591754 -12.042587 -0.320676 0.037024 14.167834 133.0
137 8755.0 -0.840402 0.657974 0.0 -0.297656 -1.591754 -12.042587 -0.320676 0.037024 14.167834 133.0
138 8755.0 -0.833074 0.6644 0.0 -0.298036 -1.591754 -12.042587 -0.320676 0.037024 14.167834 133.0
139 8755.0 -0.82902 0.691052 0.0 -0.322867 -1.591754 -12.042587 -0.320676 0.037024 14.167834 133.0
140 8755.0 -0.799979 0.702316 0.0 -0.309235 -1.591754 -12.042587 -0.320676 0.037024 14.167834 133.0
141 8755.0 -0.80931 0.707277 0.0 -0.323712 -1.591754 -12.042587 -0.320676 0.037024 14.167834 133.0
142 8755.0 -0.804243 0.719503 0.0 -0.335741 -1.591754 -12.042587 -0.320676 0.037024 14.167834 133.0
143 8755.0 -0.797752 0.714559 0.0 -0.322576 -1.591754 -12.042587 -0.320676 0.037024 14.167834 133.0
144 8755.0 -0.796737 0.716007 0.0 -0.323597 -1.591754 -12.042587 -0.320676 0.037024 14.167834 133.0
145 8755.0 -0.803171 0.730636 0.0 -0.350138 -1.591754 -12.042587 -0.320676 0.037024 14.167834 133.0
146 8755.0 -0.793787 0.721758 0.0 -0.328705 -1.591754 -12.042587 -0.320676 0.037024 14.167834 133.0
147 8755.0 -0.792668 0.72236 0.0 -0.328451 -1.591754 -12.042587 -0.320676 0.037024 14.167834 133.0
148 8755.0 -0.82267 0.73892 0.0 -0.380581 -1.591754 -12.042587 -0.320676 0.037024 14.167834 133.0
149 8755.0 -0.829672 0.750783 0.0 -0.403837 -1.591754 -12.042587 -0.320676 0.037024 14.167834 133.0
150 8755.0 -0.847295 0.769227 0.0 -0.446545 -1.591754 -12.042587 -0.320676 0.037024 14.167834 133.0
151 8755.0 -0.867797 0.773643 0.0 -0.472598 -1.591754 -12.042587 -0.320676 0.037024 14.167834 133.0
152 8755.0 -0.897086 0.776937 0.0 -0.504532 -1.591754 -12.042587 -0.320676 0.037024 14.167834 133.0
153 8755.0 -0.92536 0.822478 0.0 -0.597666 -1.591754 -12.042587 -0.320676 0.037024 14.167834 133.0
154 8755.0 -0.955004 0.823138 0.0 -0.627144 -1.591754 -12.042587 -0.320676 0.037024 14.167834 133.0
155 8755.0 -0.947835 0.866737 0.0 -0.685512 -1.591754 -12.042587 -0.320676 0.037024 14.167834 133.0
156 8755.0 -0.961734 0.888974 0.0 -0.728218 -1.591754 -12.042587 -0.320676 0.037024 14.167834 133.0
157 8755.0 -0.966987 0.909151 0.0 -0.760574 -1.591754 -12.042587 -0.320676 0.037024 14.167834 133.0
158 8755.0 -0.988662 0.954045 0.0 -0.830997 -1.591754 -12.042587 -0.320676 0.037024 14.167834 133.0
159 8755.0 -0.988265 0.964568 0.0 -0.841048 -1.591754 -12.042587 -0.320676 0.037024 14.167834 133.0
160 8755.0 -0.985704 0.973249 0.0 -0.847699 -1.591754 -12.042587 -0.320676 0.037024 14.167834 133.0
161 8755.0 -0.986282 0.9908 0.0 -0.865373 -1.591754 -12.042587 -0.320676 0.037024 14.167834 133.0
162 8755.0 -0.982437 0.9951 0.0 -0.866775 -1.591754 -12.042587 -0.320676 0.037024 14.167834 133.0
163 8755.0 -0.963633 1.006878 0.0 -0.864543 -1.591754 -12.042587 -0.320676 0.037024 14.167834 133.0
164 8755.0 -0.964961 1.026242 0.0 -0.884549 -1.591754 -12.042587 -0.320676 0.037024 14.167834 133.0
165 8755.0 -0.965513 1.016051 0.0 -0.874938 -1.591754 -12.042587 -0.320676 0.037024 14.167834 133.0
166 8755.0 -0.958467 1.033647 0.0 -0.887058 -1.591754 -12.042587 -0.320676 0.037024 14.167834 133.0
167 8755.0 -0.929185 1.027506 0.0 -0.859521 -1.591754 -12.042587 -0.320676 0.037024 14.167834 133.0
168 8755.0 -0.922187 1.041065 0.0 -0.867707 -1.591754 -12.042587 -0.320676 0.037024 14.167834 133.0
169 8755.0 -0.915044 1.071867 0.0 -0.892735 -1.591754 -12.042587 -0.320676 0.037024 14.167834 133.0
170 8755.0 -0.901566 1.093072 0.0 -0.903679 -1.591754 -12.042587 -0.320676 0.037024 14.167834 133.0
171 8755.0 -0.880117 1.088985 0.0 -0.883912 -1.591754 -12.042587 -0.320676 0.037024 14.167834 133.0
172 8755.0 -0.868756 1.101443 0.0 -0.887813 -1.591754 -12.042587 -0.320676 0.037024 14.167834 133.0
173 8755.0 -0.840489 1.128194 0.0 -0.893347 -1.591754 -12.042587 -0.320676 0.037024 14.167834 133.0
174 8755.0 -0.818187 1.14023 0.0 -0.8888 -1.591754 -12.042587 -0.320676 0.037024 14.167834 133.0
175 8755.0 -0.793019 1.15378 0.0 -0.883636 -1.591754 -12.042587 -0.320676 0.037024 14.167834 133.0
176 8755.0 -0.820789 1.149979 0.0 -0.900292 -1.591754 -12.042587 -0.320676 0.037024 14.167834 133.0
177 8755.0 -0.8105 1.171769 0.0 -0.914153 -1.591754 -12.042587 -0.320676 0.037024 14.167834 133.0
178 8755.0 -0.806131 1.184492 0.0 -0.923449 -1.591754 -12.042587 -0.320676 0.037024 14.167834 133.0
179 8755.0 -0.804631 1.197212 0.0 -0.934848 -1.591754 -12.042587 -0.320676 0.037024 14.167834 133.0
180 8755.0 -0.802084 1.230865 0.0 -0.966053 -1.591754 -12.042587 -0.320676 0.037024 14.167834 133.0
181 8755.0 -0.764984 1.242541 0.0 -0.950285 -1.591754 -12.042587 -0.320676 0.037024 14.167834 133.0
182 8755.0 -0.735762 1.276672 0.0 -0.95523 -1.591754 -12.042587 -0.320676 0.037024 14.167834 133.0
183 8755.0 -0.704276 1.264832 0.0 -0.926489 -1.591754 -12.042587 -0.320676 0.037024 14.167834 133.0
184 8755.0 -0.695627 1.289415 0.0 -0.936648 -1.591754 -12.042587 -0.320676 0.037024 14.167834 133.0
185 8755.0 -0.704264 1.306094 0.0 -0.953244 -1.591754 -12.042587 -0.320676 0.037024 14.167834 133.0
186 8755.0 -0.696682 1.311411 0.0 -0.95162 -1.591754 -12.042587 -0.320676 0.037024 14.167834 133.0
187 8755.0 -0.701108 1.308937 0.0 -0.952976 -1.591754 -12.042587 -0.320676 0.037024 14.167834 133.0
188 8755.0 -0.700664 1.296675 0.0 -0.944726 -1.591754 -12.042587 -0.320676 0.037024 14.167834 133.0
189 8755.0 -0.66623 1.300022 0.0 -0.923863 -1.591754 -12.042587 -0.320676 0.037024 14.167834 133.0
190 8755.0 -0.667982 1.317749 0.0 -0.936532 -1.591754 -12.042587 -0.320676 0.037024 14.167834 133.0
191 8755.0 -0.639756 1.329247 0.0 -0.925109 -1.591754 -12.042587 -0.320676 0.037024 14.167834 133.0
192 8755.0 -0.63478 1.337813 0.0 -0.927336 -1.591754 -12.042587 -0.320676 0.037024 14.167834 133.0
193 8755.0 -0.620016 1.340582 0.0 -0.919256 -1.591754 -12.042587 -0.320676 0.037024 14.167834 133.0
194 8755.0 -0.609432 1.36542 0.0 -0.93271 -1.591754 -12.042587 -0.320676 0.037024 14.167834 133.0
195 8755.0 -0.60249 1.36824 0.0 -0.930662 -1.591754 -12.042587 -0.320676 0.037024 14.167834 133.0
196 8755.0 -0.604439 1.383304 0.0 -0.945637 -1.591754 -12.042587 -0.320676 0.037024 14.167834 133.0
197 8755.0 -0.602664 1.377158 0.0 -0.938974 -1.591754 -12.042587 -0.320676 0.037024 14.167834 133.0
198 8755.0 -0.610621 1.368851 0.0 -0.936555 -1.591754 -12.042587 -0.320676 0.037024 14.167834 133.0
199 8755.0 -0.614435 1.382484 0.0 -0.951256 -1.591754 -12.042587 -0.320676 0.037024 14.167834 133.0
200 8755.0 -0.601315 1.366998 0.0 -0.928713 -1.591754 -12.042587 -0.320676 0.037024 14.167834 133.0
201 8755.0 -0.589674 1.357514 0.0 -0.912009 -1.591754 -12.042587 -0.320676 0.037024 14.167834 133.0
202 8755.0 -0.597142 1.380787 0.0 -0.938574 -1.591754 -12.042587 -0.320676 0.037024 14.167834 133.0
203 8755.0 -0.580649 1.385909 0.0 -0.931933 -1.591754 -12.042587 -0.320676 0.037024 14.167834 133.0
204 8755.0 -0.585869 1.404387 0.0 -0.950395 -1.591754 -12.042587 -0.320676 0.037024 14.167834 133.0
205 8755.0 -0.583645 1.401424 0.0 -0.947219 -1.591754 -12.042587 -0.320676 0.037024 14.167834 133.0
206 8755.0 -0.568389 1.432166 0.0 -0.953871 -1.591754 -12.042587 -0.320676 0.037024 14.167834 133.0
207 8755.0 -0.570514 1.418671 0.0 -0.949318 -1.591754 -12.042587 -0.320676 0.037024 14.167834 133.0
208 8755.0 -0.550696 1.445664 0.0 -0.940833 -1.591754 -12.042587 -0.320676 0.037024 14.167834 133.0
209 8755.0 -0.528655 1.4307 0.0 -0.91901 -1.591754 -12.042587 -0.320676 0.037024 14.167834 133.0
210 8755.0 -0.539466 1.465075 0.0 -0.934411 -1.591754 -12.042587 -0.320676 0.037024 14.167834 133.0
211 8755.0 -0.537032 1.438697 0.0 -0.927705 -1.591754 -12.042587 -0.320676 0.037024 14.167834 133.0
212 8755.0 -0.552382 1.469199 0.0 -0.946392 -1.591754 -12.042587 -0.320676 0.037024 14.167834 133.0
213 8755.0 -0.562296 1.456917 0.0 -0.952905 -1.591754 -12.042587 -0.320676 0.037024 14.167834 133.0
214 8755.0 -0.532546 1.434702 0.0 -0.923098 -1.591754 -12.042587 -0.320676 0.037024 14.167834 133.0
215 8755.0 -0.51576 1.420505 0.0 -0.905992 -1.591754 -12.042587 -0.320676 0.037024 14.167834 133.0
216 8755.0 -0.537639 1.425119 0.0 -0.925875 -1.591754 -12.042587 -0.320676 0.037024 14.167834 133.0
217 8755.0 -0.547876 1.446044 0.0 -0.938439 -1.591754 -12.042587 -0.320676 0.037024 14.167834 133.0
218 8755.0 -0.546051 1.451874 0.0 -0.93786 -1.591754 -12.042587 -0.320676 0.037024 14.167834 133.0
219 8755.0 -0.534096 1.435544 0.0 -0.924597 -1.591754 -12.042587 -0.320676 0.037024 14.167834 133.0
220 8755.0 -0.535451 1.435168 0.0 -0.925712 -1.591754 -12.042587 -0.320676 0.037024 14.167834 133.0
221 8755.0 -0.544478 1.427671 0.0 -0.932283 -1.591754 -12.042587 -0.320676 0.037024 14.167834 133.0
222 8755.0 -0.539942 1.437127 0.0 -0.92997 -1.591754 -12.042587 -0.320676 0.037024 14.167834 133.0
223 8755.0 -0.544941 1.405502 0.0 -0.924347 -1.591754 -12.042587 -0.320676 0.037024 14.167834 133.0
224 8755.0 -0.545861 1.434739 0.0 -0.934718 -1.591754 -12.042587 -0.320676 0.037024 14.167834 133.0
225 8755.0 -0.541297 1.443236 0.0 -0.932214 -1.591754 -12.042587 -0.320676 0.037024 14.167834 133.0
226 8755.0 -0.539218 1.440405 0.0 -0.929908 -1.591754 -12.042587 -0.320676 0.037024 14.167834 133.0
227 8755.0 -0.527967 1.43972 0.0 -0.919977 -1.591754 -12.042587 -0.320676 0.037024 14.167834 133.0
228 8755.0 -0.521327 1.445686 0.0 -0.915222 -1.591754 -12.042587 -0.320676 0.037024 14.167834 133.0
229 8755.0 -0.553005 1.461086 0.0 -0.945526 -1.591754 -12.042587 -0.320676 0.037024 14.167834 133.0
230 8755.0 -0.525403 1.43552 0.0 -0.917011 -1.591754 -12.042587 -0.320676 0.037024 14.167834 133.0
231 8755.0 -0.53848 1.444453 0.0 -0.929968 -1.591754 -12.042587 -0.320676 0.037024 14.167834 133.0
232 8755.0 -0.566818 1.417759 0.0 -0.946413 -1.591754 -12.042587 -0.320676 0.037024 14.167834 133.0
233 8755.0 -0.533556 1.431498 0.0 -0.923422 -1.591754 -12.042587 -0.320676 0.037024 14.167834 133.0
234 8755.0 -0.533098 1.435089 0.0 -0.923647 -1.591754 -12.042587 -0.320676 0.037024 14.167834 133.0
235 8755.0 -0.540953 1.443101 0.0 -0.93189 -1.591754 -12.042587 -0.320676 0.037024 14.167834 133.0
236 8755.0 -0.555379 1.447215 0.0 -0.945186 -1.591754 -12.042587 -0.320676 0.037024 14.167834 133.0
237 8755.0 -0.541574 1.451159 0.0 -0.933832 -1.591754 -12.042587 -0.320676 0.037024 14.167834 133.0
238 8755.0 -0.518941 1.464165 0.0 -0.916352 -1.591754 -12.042587 -0.320676 0.037024 14.167834 133.0
239 8755.0 -0.527313 1.441981 0.0 -0.919799 -1.591754 -12.042587 -0.320676 0.037024 14.167834 133.0
240 8755.0 -0.518052 1.431654 0.0 -0.909928 -1.591754 -12.042587 -0.320676 0.037024 14.167834 133.0
241 8755.0 -0.530297 1.434108 0.0 -0.921033 -1.591754 -12.042587 -0.320676 0.037024 14.167834 133.0
242 8755.0 -0.533123 1.461081 0.0 -0.928185 -1.591754 -12.042587 -0.320676 0.037024 14.167834 133.0
243 8755.0 -0.524855 1.425907 0.0 -0.914862 -1.591754 -12.042587 -0.320676 0.037024 14.167834 133.0
244 8755.0 -0.524966 1.44112 0.0 -0.917602 -1.591754 -12.042587 -0.320676 0.037024 14.167834 133.0
245 8755.0 -0.516674 1.453554 0.0 -0.912532 -1.591754 -12.042587 -0.320676 0.037024 14.167834 133.0
246 8755.0 -0.538032 1.456876 0.0 -0.931736 -1.591754 -12.042587 -0.320676 0.037024 14.167834 133.0
247 8755.0 -0.502137 1.458618 0.0 -0.900733 -1.591754 -12.042587 -0.320676 0.037024 14.167834 133.0
248 8755.0 -0.498073 1.45893 0.0 -0.897243 -1.591754 -12.042587 -0.320676 0.037024 14.167834 133.0
249 8755.0 -0.484504 1.448627 0.0 -0.883618 -1.591754 -12.042587 -0.320676 0.037024 14.167834 133.0
250 8755.0 -0.465914 1.433816 0.0 -0.864832 -1.591754 -12.042587 -0.320676 0.037024 14.167834 133.0
251 8755.0 -0.467578 1.435665 0.0 -0.866605 -1.591754 -12.042587 -0.320676 0.037024 14.167834 133.0
252 8755.0 -0.496983 1.44371 0.0 -0.893648 -1.591754 -12.042587 -0.320676 0.037024 14.167834 133.0
253 8755.0 -0.495051 1.43151 0.0 -0.889843 -1.591754 -12.042587 -0.320676 0.037024 14.167834 133.0
254 8755.0 -0.510938 1.426847 0.0 -0.902888 -1.591754 -12.042587 -0.320676 0.037024 14.167834 133.0
255 8755.0 -0.513648 1.449991 0.0 -0.909273 -1.591754 -12.042587 -0.320676 0.037024 14.167834 133.0
256 8755.0 -0.545632 1.452912 0.0 -0.937675 -1.591754 -12.042587 -0.320676 0.037024 14.167834 133.0
257 8755.0 -0.582248 1.43756 0.0 -0.966553 -1.591754 -12.042587 -0.320676 0.037024 14.167834 133.0
258 8755.0 -0.59211 1.426891 0.0 -0.967224 -1.591754 -12.042587 -0.320676 0.037024 14.167834 133.0
259 8755.0 -0.591061 1.428901 0.0 -0.967778 -1.591754 -12.042587 -0.320676 0.037024 14.167834 133.0
260 8755.0 -0.582941 1.444381 0.0 -0.96819 -1.591754 -12.042587 -0.320676 0.037024 14.167834 133.0
261 8755.0 -0.592399 1.43228 0.0 -0.97051 -1.591754 -12.042587 -0.320676 0.037024 14.167834 133.0
262 8755.0 -0.593803 1.421719 0.0 -0.965215 -1.591754 -12.042587 -0.320676 0.037024 14.167834 133.0
263 8755.0 -0.596681 1.409724 0.0 -0.959946 -1.591754 -12.042587 -0.320676 0.037024 14.167834 133.0
264 8755.0 -0.579512 1.405568 0.0 -0.947109 -1.591754 -12.042587 -0.320676 0.037024 14.167834 133.0
265 8755.0 -0.583166 1.40052 0.0 -0.946376 -1.591754 -12.042587 -0.320676 0.037024 14.167834 133.0
266 8755.0 -0.569072 1.379696 0.0 -0.918324 -1.591754 -12.042587 -0.320676 0.037024 14.167834 133.0
267 8755.0 -0.5725 1.393562 0.0 -0.93326 -1.591754 -12.042587 -0.320676 0.037024 14.167834 133.0
268 8755.0 -0.575175 1.402333 0.0 -0.942441 -1.591754 -12.042587 -0.320676 0.037024 14.167834 133.0
269 8755.0 -0.578702 1.403472 0.0 -0.945341 -1.591754 -12.042587 -0.320676 0.037024 14.167834 133.0
270 8755.0 -0.582681 1.396362 0.0 -0.942813 -1.591754 -12.042587 -0.320676 0.037024 14.167834 133.0
271 8755.0 -0.576458 1.381156 0.0 -0.924735 -1.591754 -12.042587 -0.320676 0.037024 14.167834 133.0
272 8755.0 -0.609575 1.387994 0.0 -0.953126 -1.591754 -12.042587 -0.320676 0.037024 14.167834 133.0
273 8755.0 -0.611114 1.348699 0.0 -0.918541 -1.591754 -12.042587 -0.320676 0.037024 14.167834 133.0
274 8755.0 -0.601287 1.353165 0.0 -0.915939 -1.591754 -12.042587 -0.320676 0.037024 14.167834 133.0
275 8755.0 -0.594458 1.389778 0.0 -0.944954 -1.591754 -12.042587 -0.320676 0.037024 14.167834 133.0
276 8755.0 -0.612824 1.408514 0.0 -0.96862 -1.591754 -12.042587 -0.320676 0.037024 14.167834 133.0
277 8755.0 -0.600428 1.388073 0.0 -0.947363 -1.591754 -12.042587 -0.320676 0.037024 14.167834 133.0
278 8755.0 -0.597625 1.38203 0.0 -0.94005 -1.591754 -12.042587 -0.320676 0.037024 14.167834 133.0
279 8755.0 -0.613832 1.399006 0.0 -0.963704 -1.591754 -12.042587 -0.320676 0.037024 14.167834 133.0
280 8755.0 -0.602223 1.396521 0.0 -0.955525 -1.591754 -12.042587 -0.320676 0.037024 14.167834 133.0
281 8755.0 -0.560864 1.388858 0.0 -0.920978 -1.591754 -12.042587 -0.320676 0.037024 14.167834 133.0
282 8755.0 -0.57347 1.422028 0.0 -0.953191 -1.591754 -12.042587 -0.320676 0.037024 14.167834 133.0
283 8755.0 -0.555501 1.421255 0.0 -0.939466 -1.591754 -12.042587 -0.320676 0.037024 14.167834 133.0
284 8755.0 -0.571636 1.433819 0.0 -0.957037 -1.591754 -12.042587 -0.320676 0.037024 14.167834 133.0
285 8755.0 -0.563813 1.45383 0.0 -0.953692 -1.591754 -12.042587 -0.320676 0.037024 14.167834 133.0
286 8755.0 -0.587933 1.444774 0.0 -0.972365 -1.591754 -12.042587 -0.320676 0.037024 14.167834 133.0
287 8755.0 -0.56343 1.435387 0.0 -0.950153 -1.591754 -12.042587 -0.320676 0.037024 14.167834 133.0
