 time p.x p.y p.z deep.node-0 CV opes.bias opes.rct opes.zed opes.neff opes.nker
0 235.0 -0.613533 1.443502 0.0 -0.989275 0.535704 -14.620641 -0.079547 0.137434 11.398212 19.0
1 235.0 -0.596878 1.439231 0.0 -0.976982 0.535704 -14.620641 -0.079547 0.137434 11.398212 19.0
2 235.0 -0.595617 1.417184 0.0 -0.963645 0.535704 -14.620641 -0.079547 0.137434 11.398212 19.0
3 235.0 -0.620092 1.442872 0.0 -0.99272 0.535704 -14.620641 -0.079547 0.137434 11.398212 19.0
4 235.0 -0.580166 1.45558 0.0 -0.967606 0.535704 -14.620641 -0.079547 0.137434 11.398212 19.0
5 235.0 -0.539047 1.466644 0.0 -0.934319 0.535704 -14.620641 -0.079547 0.137434 11.398212 19.0
6 235.0 -0.515423 1.489125 0.0 -0.917621 0.535704 -14.620641 -0.079547 0.137434 11.398212 19.0
7 235.0 -0.50374 1.498915 0.0 -0.909133 0.535704 -14.620641 -0.079547 0.137434 11.398212 19.0
8 235.0 -0.54988 1.468526 0.0 -0.944094 0.535704 -14.620641 -0.079547 0.137434 11.398212 19.0
9 235.0 -0.544749 1.466297 0.0 -0.939231 0.535704 -14.620641 -0.079547 0.137434 11.398212 19.0
10 235.0 -0.536397 1.460334 0.0 -0.930911 0.535704 -14.620641 -0.079547 0.137434 11.398212 19.0
11 235.0 -0.590341 1.456916 0.0 -0.976197 0.535704 -14.620641 -0.079547 0.137434 11.398212 19.0
12 235.0 -0.586901 1.439348 0.0 -0.97057 0.535704 -14.620641 -0.079547 0.137434 11.398212 19.0
13 235.0 -0.569565 1.445588 0.0 -0.957276 0.535704 -14.620641 -0.079547 0.137434 11.398212 19.0
14 235.0 -0.562311 1.44387 0.0 -0.950651 0.535704 -14.620641 -0.079547 0.137434 11.398212 19.0
15 235.0 -0.548368 1.441577 0.0 -0.938092 0.535704 -14.620641 -0.079547 0.137434 11.398212 19.0
16 235.0 -0.546634 1.449704 0.0 -0.937992 0.535704 -14.620641 -0.079547 0.137434 11.398212 19.0
17 235.0 -0.531831 1.408956 0.0 -0.916 0.535704 -14.620641 -0.079547 0.137434 11.398212 19.0
18 235.0 -0.562967 1.440529 0.0 -0.950643 0.535704 -14.620641 -0.079547 0.137434 11.398212 19.0
19 235.0 -0.534462 1.445511 0.0 -0.926647 0.535704 -14.620641 -0.079547 0.137434 11.398212 19.0
20 235.0 -0.54504 1.447692 0.0 -0.936252 0.535704 -14.620641 -0.079547 0.137434 11.398212 19.0
21 235.0 -0.521178 1.445395 0.0 -0.915042 0.535704 -14.620641 -0.079547 0.137434 11.398212 19.0
22 235.0 -0.543158 1.44453 0.0 -0.934061 0.535704 -14.620641 -0.079547 0.137434 11.398212 19.0
23 235.0 -0.583654 1.439555 0.0 -0.968044 0.535704 -14.620641 -0.079547 0.137434 11.398212 19.0
24 235.0 -0.573997 1.440932 0.0 -0.960293 0.535704 -14.620641 -0.079547 0.137434 11.398212 19.0
25 235.0 -0.581075 1.433341 0.0 -0.96403 0.535704 -14.620641 -0.079547 0.137434 11.398212 19.0
26 235.0 -0.5679 1.417117 0.0 -0.946743 0.535704 -14.620641 -0.079547 0.137434 11.398212 19.0
27 235.0 -0.590259 1.407449 0.0 -0.954901 0.535704 -14.620641 -0.079547 0.137434 11.398212 19.0
28 235.0 -0.59241 1.399065 0.0 -0.951299 0.535704 -14.620641 -0.079547 0.137434 11.398212 19.0
29 235.0 -0.568812 1.400127 0.0 -0.936673 0.535704 -14.620641 -0.079547 0.137434 11.398212 19.0
30 235.0 -0.586484 1.382507 0.0 -0.932868 0.535704 -14.620641 -0.079547 0.137434 11.398212 19.0
31 235.0 -0.598478 1.374277 0.0 -0.933485 0.535704 -14.620641 -0.079547 0.137434 11.398212 19.0
32 235.0 -0.589952 1.37169 0.0 -0.92527 0.535704 -14.620641 -0.079547 0.137434 11.398212 19.0
33 235.0 -0.617169 1.388887 0.0 -0.958759 0.535704 -14.620641 -0.079547 0.137434 11.398212 19.0
34 235.0 -0.593194 1.376622 0.0 -0.932033 0.535704 -14.620641 -0.079547 0.137434 11.398212 19.0
35 235.0 -0.599782 1.376341 0.0 -0.93628 0.535704 -14.620641 -0.079547 0.137434 11.398212 19.0
36 235.0 -0.604828 1.380551 0.0 -0.943406 0.535704 -14.620641 -0.079547 0.137434 11.398212 19.0
37 235.0 -0.600543 1.401533 0.0 -0.957449 0.535704 -14.620641 -0.079547 0.137434 11.398212 19.0
38 235.0 -0.597927 1.377085 0.0 -0.935697 0.535704 -14.620641 -0.079547 0.137434 11.398212 19.0
39 235.0 -0.606742 1.381187 0.0 -0.945196 0.535704 -14.620641 -0.079547 0.137434 11.398212 19.0
40 235.0 -0.597751 1.377006 0.0 -0.935504 0.535704 -14.620641 -0.079547 0.137434 11.398212 19.0
41 235.0 -0.600633 1.381497 0.0 -0.94159 0.535704 -14.620641 -0.079547 0.137434 11.398212 19.0
42 235.0 -0.593521 1.377641 0.0 -0.933197 0.535704 -14.620641 -0.079547 0.137434 11.398212 19.0
43 235.0 -0.597768 1.403441 0.0 -0.956942 0.535704 -14.620641 -0.079547 0.137434 11.398212 19.0
44 235.0 -0.589687 1.417564 0.0 -0.96042 0.535704 -14.620641 -0.079547 0.137434 11.398212 19.0
45 235.0 -0.555154 1.404067 0.0 -0.930839 0.535704 -14.620641 -0.079547 0.137434 11.398212 19.0
46 235.0 -0.566803 1.411886 0.0 -0.942914 0.535704 -14.620641 -0.079547 0.137434 11.398212 19.0
47 235.0 -0.571053 1.414942 0.0 -0.947419 0.535704 -14.620641 -0.079547 0.137434 11.398212 19.0
48 235.0 -0.54765 1.410315 0.0 -0.928974 0.535704 -14.620641 -0.079547 0.137434 11.398212 19.0
49 235.0 -0.534505 1.429207 0.0 -0.923852 0.535704 -14.620641 -0.079547 0.137434 11.398212 19.0
50 235.0 -0.558632 1.451975 0.0 -0.948851 0.535704 -14.620641 -0.079547 0.137434 11.398212 19.0
51 235.0 -0.552737 1.459587 0.0 -0.945032 0.535704 -14.620641 -0.079547 0.137434 11.398212 19.0
52 235.0 -0.545007 1.468295 0.0 -0.939803 0.535704 -14.620641 -0.079547 0.137434 11.398212 19.0
53 235.0 -0.539731 1.474549 0.0 -0.936288 0.535704 -14.620641 -0.079547 0.137434 11.398212 19.0
54 235.0 -0.549856 1.47389 0.0 -0.945004 0.535704 -14.620641 -0.079547 0.137434 11.398212 19.0
55 235.0 -0.537253 1.460645 0.0 -0.931711 0.535704 -14.620641 -0.079547 0.137434 11.398212 19.0
56 235.0 -0.535807 1.482259 0.0 -0.934206 0.535704 -14.620641 -0.079547 0.137434 11.398212 19.0
57 235.0 -0.50031 1.480897 0.0 -0.903011 0.535704 -14.620641 -0.079547 0.137434 11.398212 19.0
58 235.0 -0.522543 1.475406 0.0 -0.921447 0.535704 -14.620641 -0.079547 0.137434 11.398212 19.0
59 235.0 -0.52466 1.489236 0.0 -0.925697 0.535704 -14.620641 -0.079547 0.137434 11.398212 19.0
60 235.0 -0.518431 1.50735 0.0 -0.923411 0.535704 -14.620641 -0.079547 0.137434 11.398212 19.0
61 235.0 -0.515314 1.525254 0.0 -0.923803 0.535704 -14.620641 -0.079547 0.137434 11.398212 19.0
62 235.0 -0.515272 1.516925 0.0 -0.92232 0.535704 -14.620641 -0.079547 0.137434 11.398212 19.0
63 235.0 -0.511084 1.465594 0.0 -0.909748 0.535704 -14.620641 -0.079547 0.137434 11.398212 19.0
64 235.0 -0.500772 1.475767 0.0 -0.902522 0.535704 -14.620641 -0.079547 0.137434 11.398212 19.0
65 235.0 -0.500009 1.472498 0.0 -0.901289 0.535704 -14.620641 -0.079547 0.137434 11.398212 19.0
66 235.0 -0.522613 1.472334 0.0 -0.920974 0.535704 -14.620641 -0.079547 0.137434 11.398212 19.0
67 235.0 -0.526638 1.460417 0.0 -0.922414 0.535704 -14.620641 -0.079547 0.137434 11.398212 19.0
68 235.0 -0.530179 1.47181 0.0 -0.927482 0.535704 -14.620641 -0.079547 0.137434 11.398212 19.0
69 235.0 -0.507677 1.472144 0.0 -0.907915 0.535704 -14.620641 -0.079547 0.137434 11.398212 19.0
70 235.0 -0.528667 1.452609 0.0 -0.922827 0.535704 -14.620641 -0.079547 0.137434 11.398212 19.0
71 235.0 -0.516671 1.467671 0.0 -0.914981 0.535704 -14.620641 -0.079547 0.137434 11.398212 19.0
72 235.0 -0.511238 1.490717 0.0 -0.914248 0.535704 -14.620641 -0.079547 0.137434 11.398212 19.0
73 235.0 -0.503903 1.495476 0.0 -0.908678 0.535704 -14.620641 -0.079547 0.137434 11.398212 19.0
74 235.0 -0.52505 1.493136 0.0 -0.926714 0.535704 -14.620641 -0.079547 0.137434 11.398212 19.0
75 235.0 -0.514523 1.486818 0.0 -0.916435 0.535704 -14.620641 -0.079547 0.137434 11.398212 19.0
76 235.0 -0.51707 1.497468 0.0 -0.920507 0.535704 -14.620641 -0.079547 0.137434 11.398212 19.0
77 235.0 -0.515714 1.522289 0.0 -0.923637 0.535704 -14.620641 -0.079547 0.137434 11.398212 19.0
78 235.0 -0.498366 1.510575 0.0 -0.906472 0.535704 -14.620641 -0.079547 0.137434 11.398212 19.0
79 235.0 -0.498008 1.518627 0.0 -0.907559 0.535704 -14.620641 -0.079547 0.137434 11.398212 19.0
80 235.0 -0.491092 1.517538 0.0 -0.901338 0.535704 -14.620641 -0.079547 0.137434 11.398212 19.0
81 235.0 -0.488358 1.495718 0.0 -0.895162 0.535704 -14.620641 -0.079547 0.137434 11.398212 19.0
82 235.0 -0.478313 1.476225 0.0 -0.883014 0.535704 -14.620641 -0.079547 0.137434 11.398212 19.0
83 235.0 -0.489367 1.445128 0.0 -0.887252 0.535704 -14.620641 -0.079547 0.137434 11.398212 19.0
84 235.0 -0.503975 1.468747 0.0 -0.904096 0.535704 -14.620641 -0.079547 0.137434 11.398212 19.0
85 235.0 -0.513106 1.460066 0.0 -0.910551 0.535704 -14.620641 -0.079547 0.137434 11.398212 19.0
86 235.0 -0.518776 1.460218 0.0 -0.915523 0.535704 -14.620641 -0.079547 0.137434 11.398212 19.0
87 235.0 -0.514105 1.46833 0.0 -0.912858 0.535704 -14.620641 -0.079547 0.137434 11.398212 19.0
88 235.0 -0.500357 1.432679 0.0 -0.894673 0.535704 -14.620641 -0.079547 0.137434 11.398212 19.0
89 235.0 -0.500093 1.442524 0.0 -0.896154 0.535704 -14.620641 -0.079547 0.137434 11.398212 19.0
90 235.0 -0.486902 1.462754 0.0 -0.888165 0.535704 -14.620641 -0.079547 0.137434 11.398212 19.0
91 235.0 -0.496084 1.466673 0.0 -0.896853 0.535704 -14.620641 -0.079547 0.137434 11.398212 19.0
92 235.0 -0.517716 1.469327 0.0 -0.916181 0.535704 -14.620641 -0.079547 0.137434 11.398212 19.0
93 235.0 -0.526883 1.471863 0.0 -0.924617 0.535704 -14.620641 -0.079547 0.137434 11.398212 19.0
94 235.0 -0.53593 1.469091 0.0 -0.932025 0.535704 -14.620641 -0.079547 0.137434 11.398212 19.0
95 235.0 -0.552833 1.43603 0.0 -0.941022 0.535704 -14.620641 -0.079547 0.137434 11.398212 19.0
96 235.0 -0.525724 1.445341 0.0 -0.918997 0.535704 -14.620641 -0.079547 0.137434 11.398212 19.0
97 235.0 -0.532529 1.449302 0.0 -0.92562 0.535704 -14.620641 -0.079547 0.137434 11.398212 19.0
98 235.0 -0.530832 1.472463 0.0 -0.928165 0.535704 -14.620641 -0.079547 0.137434 11.398212 19.0
99 235.0 -0.497787 1.487737 0.0 -0.901999 0.535704 -14.620641 -0.079547 0.137434 11.398212 19.0
100 235.0 -0.506733 1.492976 0.0 -0.910712 0.535704 -14.620641 -0.079547 0.137434 11.398212 19.0
101 235.0 -0.495472 1.496326 0.0 -0.901472 0.535704 -14.620641 -0.079547 0.137434 11.398212 19.0
102 235.0 -0.520389 1.499566 0.0 -0.923766 0.535704 -14.620641 -0.079547 0.137434 11.398212 19.0
103 235.0 -0.512156 1.518065 0.0 -0.9198 0.535704 -14.620641 -0.079547 0.137434 11.398212 19.0
104 235.0 -0.473514 1.528828 0.0 -0.887969 0.535704 -14.620641 -0.079547 0.137434 11.398212 19.0
105 235.0 -0.459716 1.538879 0.0 -0.877682 0.535704 -14.620641 -0.079547 0.137434 11.398212 19.0
106 235.0 -0.460039 1.560088 0.0 -0.881648 0.535704 -14.620641 -0.079547 0.137434 11.398212 19.0
107 235.0 -0.483623 1.538001 0.0 -0.89838 0.535704 -14.620641 -0.079547 0.137434 11.398212 19.0
108 235.0 -0.496598 1.544483 0.0 -0.910822 0.535704 -14.620641 -0.079547 0.137434 11.398212 19.0
109 235.0 -0.476657 1.542521 0.0 -0.893089 0.535704 -14.620641 -0.079547 0.137434 11.398212 19.0
110 235.0 -0.464624 1.544751 0.0 -0.882982 0.535704 -14.620641 -0.079547 0.137434 11.398212 19.0
111 235.0 -0.470584 1.52777 0.0 -0.88523 0.535704 -14.620641 -0.079547 0.137434 11.398212 19.0
112 235.0 -0.478785 1.519725 0.0 -0.890985 0.535704 -14.620641 -0.079547 0.137434 11.398212 19.0
113 235.0 -0.445018 1.50886 0.0 -0.859647 0.535704 -14.620641 -0.079547 0.137434 11.398212 19.0
114 235.0 -0.462476 1.513361 0.0 -0.875655 0.535704 -14.620641 -0.079547 0.137434 11.398212 19.0
115 235.0 -0.451055 1.545792 0.0 -0.87133 0.535704 -14.620641 -0.079547 0.137434 11.398212 19.0
116 235.0 -0.447203 1.536924 0.0 -0.866429 0.535704 -14.620641 -0.079547 0.137434 11.398212 19.0
117 235.0 -0.438142 1.53166 0.0 -0.857612 0.535704 -14.620641 -0.079547 0.137434 11.398212 19.0
118 235.0 -0.413164 1.531951 0.0 -0.835878 0.535704 -14.620641 -0.079547 0.137434 11.398212 19.0
119 235.0 -0.423295 1.535615 0.0 -0.845351 0.535704 -14.620641 -0.079547 0.137434 11.398212 19.0
120 235.0 -0.404401 1.506962 0.0 -0.823893 0.535704 -14.620641 -0.079547 0.137434 11.398212 19.0
121 235.0 -0.422394 1.506531 0.0 -0.839511 0.535704 -14.620641 -0.079547 0.137434 11.398212 19.0
122 235.0 -0.430192 1.521932 0.0 -0.848988 0.535704 -14.620641 -0.079547 0.137434 11.398212 19.0
123 235.0 -0.434941 1.506906 0.0 -0.850519 0.535704 -14.620641 -0.079547 0.137434 11.398212 19.0
124 235.0 -0.444015 1.523415 0.0 -0.861301 0.535704 -14.620641 -0.079547 0.137434 11.398212 19.0
125 235.0 -0.459736 1.513294 0.0 -0.873254 0.535704 -14.620641 -0.079547 0.137434 11.398212 19.0
126 235.0 -0.450059 1.528353 0.0 -0.867431 0.535704 -14.620641 -0.079547 0.137434 11.398212 19.0
127 235.0 -0.456165 1.516862 0.0 -0.870759 0.535704 -14.620641 -0.079547 0.137434 11.398212 19.0
128 235.0 -0.470663 1.513972 0.0 -0.882901 0.535704 -14.620641 -0.079547 0.137434 11.398212 19.0
129 235.0 -0.478175 1.514586 0.0 -0.88956 0.535704 -14.620641 -0.079547 0.137434 11.398212 19.0
130 235.0 -0.474519 1.48929 0.0 -0.881976 0.535704 -14.620641 -0.079547 0.137434 11.398212 19.0
131 235.0 -0.455775 1.477939 0.0 -0.863656 0.535704 -14.620641 -0.079547 0.137434 11.398212 19.0
132 235.0 -0.466968 1.489395 0.0 -0.875408 0.535704 -14.620641 -0.079547 0.137434 11.398212 19.0
133 235.0 -0.493273 1.477843 0.0 -0.896343 0.535704 -14.620641 -0.079547 0.137434 11.398212 19.0
134 235.0 -0.484008 1.489923 0.0 -0.890362 0.535704 -14.620641 -0.079547 0.137434 11.398212 19.0
135 235.0 -0.463809 1.476227 0.0 -0.870365 0.535704 -14.620641 -0.079547 0.137434 11.398212 19.0
136 235.0 -0.480845 1.499609 0.0 -0.889286 0.535704 -14.620641 -0.079547 0.137434 11.398212 19.0
137 235.0 -0.491437 1.47913 0.0 -0.894965 0.535704 -14.620641 -0.079547 0.137434 11.398212 19.0
138 235.0 -0.464598 1.485051 0.0 -0.872587 0.535704 -14.620641 -0.079547 0.137434 11.398212 19.0
139 235.0 -0.477708 1.491952 0.0 -0.88522 0.535704 -14.620641 -0.079547 0.137434 11.398212 19.0
140 235.0 -0.490596 1.517222 0.0 -0.900851 0.535704 -14.620641 -0.079547 0.137434 11.398212 19.0
141 235.0 -0.494869 1.526293 0.0 -0.906153 0.535704 -14.620641 -0.079547 0.137434 11.398212 19.0
142 235.0 -0.509112 1.498912 0.0 -0.913818 0.535704 -14.620641 -0.079547 0.137434 11.398212 19.0
143 235.0 -0.507817 1.490806 0.0 -0.91128 0.535704 -14.620641 -0.079547 0.137434 11.398212 19.0
144 235.0 -0.539571 1.477197 0.0 -0.936609 0.535704 -14.620641 -0.079547 0.137434 11.398212 19.0
145 235.0 -0.534346 1.485589 0.0 -0.933511 0.535704 -14.620641 -0.079547 0.137434 11.398212 19.0
146 235.0 -0.501972 1.478565 0.0 -0.904055 0.535704 -14.620641 -0.079547 0.137434 11.398212 19.0
147 235.0 -0.497226 1.498851 0.0 -0.90344 0.535704 -14.620641 -0.079547 0.137434 11.398212 19.0
148 235.0 -0.537856 1.508501 0.0 -0.940553 0.535704 -14.620641 -0.079547 0.137434 11.398212 19.0
149 235.0 -0.546687 1.476516 0.0 -0.942697 0.535704 -14.620641 -0.079547 0.137434 11.398212 19.0
150 235.0 -0.516665 1.468408 0.0 -0.915105 0.535704 -14.620641 -0.079547 0.137434 11.398212 19.0
151 235.0 -0.486886 1.458075 0.0 -0.887338 0.535704 -14.620641 -0.079547 0.137434 11.398212 19.0
152 235.0 -0.492422 1.476294 0.0 -0.895332 0.535704 -14.620641 -0.079547 0.137434 11.398212 19.0
153 235.0 -0.473887 1.502131 0.0 -0.883656 0.535704 -14.620641 -0.079547 0.137434 11.398212 19.0
154 235.0 -0.487317 1.498142 0.0 -0.894675 0.535704 -14.620641 -0.079547 0.137434 11.398212 19.0
155 235.0 -0.483042 1.465111 0.0 -0.885208 0.535704 -14.620641 -0.079547 0.137434 11.398212 19.0
156 235.0 -0.501951 1.472404 0.0 -0.902966 0.535704 -14.620641 -0.079547 0.137434 11.398212 19.0
157 235.0 -0.49496 1.480975 0.0 -0.898358 0.535704 -14.620641 -0.079547 0.137434 11.398212 19.0
158 235.0 -0.503603 1.479356 0.0 -0.905615 0.535704 -14.620641 -0.079547 0.137434 11.398212 19.0
159 235.0 -0.489021 1.46606 0.0 -0.890587 0.535704 -14.620641 -0.079547 0.137434 11.398212 19.0
160 235.0 -0.517616 1.509261 0.0 -0.923032 0.535704 -14.620641 -0.079547 0.137434 11.398212 19.0
161 235.0 -0.523182 1.502878 0.0 -0.926778 0.535704 -14.620641 -0.079547 0.137434 11.398212 19.0
162 235.0 -0.548005 1.508118 0.0 -0.949086 0.535704 -14.620641 -0.079547 0.137434 11.398212 19.0
163 235.0 -0.530897 1.483482 0.0 -0.930137 0.535704 -14.620641 -0.079547 0.137434 11.398212 19.0
164 235.0 -0.521796 1.492973 0.0 -0.923848 0.535704 -14.620641 -0.079547 0.137434 11.398212 19.0
165 235.0 -0.528369 1.506329 0.0 -0.931901 0.535704 -14.620641 -0.079547 0.137434 11.398212 19.0
166 235.0 -0.539956 1.518704 0.0 -0.944061 0.535704 -14.620641 -0.079547 0.137434 11.398212 19.0
167 235.0 -0.556386 1.484197 0.0 -0.952356 0.535704 -14.620641 -0.079547 0.137434 11.398212 19.0
168 235.0 -0.525147 1.451903 0.0 -0.919634 0.535704 -14.620641 -0.079547 0.137434 11.398212 19.0
169 235.0 -0.546545 1.489955 0.0 -0.944908 0.535704 -14.620641 -0.079547 0.137434 11.398212 19.0
170 235.0 -0.522968 1.486262 0.0 -0.923704 0.535704 -14.620641 -0.079547 0.137434 11.398212 19.0
171 235.0 -0.484264 1.493562 0.0 -0.891217 0.535704 -14.620641 -0.079547 0.137434 11.398212 19.0
172 235.0 -0.498898 1.490792 0.0 -0.903499 0.535704 -14.620641 -0.079547 0.137434 11.398212 19.0
173 235.0 -0.504476 1.502259 0.0 -0.910356 0.535704 -14.620641 -0.079547 0.137434 11.398212 19.0
174 235.0 -0.503033 1.512715 0.0 -0.910914 0.535704 -14.620641 -0.079547 0.137434 11.398212 19.0
175 235.0 -0.510284 1.524894 0.0 -0.919354 0.535704 -14.620641 -0.079547 0.137434 11.398212 19.0
176 235.0 -0.51479 1.510927 0.0 -0.920857 0.535704 -14.620641 -0.079547 0.137434 11.398212 19.0
177 235.0 -0.496158 1.508417 0.0 -0.904172 0.535704 -14.620641 -0.079547 0.137434 11.398212 19.0
178 235.0 -0.473521 1.481291 0.0 -0.879715 0.535704 -14.620641 -0.079547 0.137434 11.398212 19.0
179 235.0 -0.476739 1.492433 0.0 -0.884458 0.535704 -14.620641 -0.079547 0.137434 11.398212 19.0
180 235.0 -0.464102 1.487244 0.0 -0.872535 0.535704 -14.620641 -0.079547 0.137434 11.398212 19.0
181 235.0 -0.456741 1.500769 0.0 -0.868465 0.535704 -14.620641 -0.079547 0.137434 11.398212 19.0
182 235.0 -0.484611 1.491826 0.0 -0.891218 0.535704 -14.620641 -0.079547 0.137434 11.398212 19.0
183 235.0 -0.516014 1.497521 0.0 -0.919595 0.535704 -14.620641 -0.079547 0.137434 11.398212 19.0
184 235.0 -0.497829 1.510799 0.0 -0.906043 0.535704 -14.620641 -0.079547 0.137434 11.398212 19.0
185 235.0 -0.484279 1.518864 0.0 -0.895627 0.535704 -14.620641 -0.079547 0.137434 11.398212 19.0
186 235.0 -0.471458 1.516313 0.0 -0.884002 0.535704 -14.620641 -0.079547 0.137434 11.398212 19.0
187 235.0 -0.471501 1.53588 0.0 -0.887439 0.535704 -14.620641 -0.079547 0.137434 11.398212 19.0
188 235.0 -0.522392 1.514235 0.0 -0.928062 0.535704 -14.620641 -0.079547 0.137434 11.398212 19.0
189 235.0 -0.503505 1.480677 0.0 -0.905759 0.535704 -14.620641 -0.079547 0.137434 11.398212 19.0
190 235.0 -0.49552 1.463417 0.0 -0.895796 0.535704 -14.620641 -0.079547 0.137434 11.398212 19.0
191 235.0 -0.549536 1.458232 0.0 -0.942005 0.535704 -14.620641 -0.079547 0.137434 11.398212 19.0
192 235.0 -0.570508 1.452484 0.0 -0.959174 0.535704 -14.620641 -0.079547 0.137434 11.398212 19.0
193 235.0 -0.569547 1.433191 0.0 -0.955106 0.535704 -14.620641 -0.079547 0.137434 11.398212 19.0
194 235.0 -0.579996 1.444855 0.0 -0.965835 0.535704 -14.620641 -0.079547 0.137434 11.398212 19.0
195 235.0 -0.56693 1.426143 0.0 -0.950392 0.535704 -14.620641 -0.079547 0.137434 11.398212 19.0
196 235.0 -0.555999 1.433736 0.0 -0.943385 0.535704 -14.620641 -0.079547 0.137434 11.398212 19.0
197 235.0 -0.561069 1.417984 0.0 -0.942579 0.535704 -14.620641 -0.079547 0.137434 11.398212 19.0
198 235.0 -0.556089 1.386329 0.0 -0.915396 0.535704 -14.620641 -0.079547 0.137434 11.398212 19.0
199 235.0 -0.575842 1.373906 0.0 -0.917666 0.535704 -14.620641 -0.079547 0.137434 11.398212 19.0
200 235.0 -0.605345 1.409909 0.0 -0.965084 0.535704 -14.620641 -0.079547 0.137434 11.398212 19.0
201 235.0 -0.598448 1.374858 0.0 -0.934 0.535704 -14.620641 -0.079547 0.137434 11.398212 19.0
202 235.0 -0.561176 1.379018 0.0 -0.912269 0.535704 -14.620641 -0.079547 0.137434 11.398212 19.0
203 235.0 -0.576492 1.368759 0.0 -0.913364 0.535704 -14.620641 -0.079547 0.137434 11.398212 19.0
204 235.0 -0.564476 1.391804 0.0 -0.926139 0.535704 -14.620641 -0.079547 0.137434 11.398212 19.0
205 235.0 -0.599294 1.415513 0.0 -0.964813 0.535704 -14.620641 -0.079547 0.137434 11.398212 19.0
206 235.0 -0.600739 1.432061 0.0 -0.975227 0.535704 -14.620641 -0.079547 0.137434 11.398212 19.0
207 235.0 -0.598455 1.425827 0.0 -0.970293 0.535704 -14.620641 -0.079547 0.137434 11.398212 19.0
208 235.0 -0.595605 1.41809 0.0 -0.964161 0.535704 -14.620641 -0.079547 0.137434 11.398212 19.0
209 235.0 -0.574873 1.434897 0.0 -0.960047 0.535704 -14.620641 -0.079547 0.137434 11.398212 19.0
210 235.0 -0.55838 1.431482 0.0 -0.94507 0.535704 -14.620641 -0.079547 0.137434 11.398212 19.0
211 235.0 -0.548283 1.446455 0.0 -0.938865 0.535704 -14.620641 -0.079547 0.137434 11.398212 19.0
212 235.0 -0.514907 1.473799 0.0 -0.914508 0.535704 -14.620641 -0.079547 0.137434 11.398212 19.0
213 235.0 -0.501729 1.493403 0.0 -0.906421 0.535704 -14.620641 -0.079547 0.137434 11.398212 19.0
214 235.0 -0.475776 1.522984 0.0 -0.888926 0.535704 -14.620641 -0.079547 0.137434 11.398212 19.0
215 235.0 -0.443871 1.55673 0.0 -0.866965 0.535704 -14.620641 -0.079547 0.137434 11.398212 19.0
216 235.0 -0.458898 1.578105 0.0 -0.883784 0.535704 -14.620641 -0.079547 0.137434 11.398212 19.0
217 235.0 -0.444647 1.568571 0.0 -0.869699 0.535704 -14.620641 -0.079547 0.137434 11.398212 19.0
218 235.0 -0.436186 1.550861 0.0 -0.859242 0.535704 -14.620641 -0.079547 0.137434 11.398212 19.0
219 235.0 -0.415282 1.559862 0.0 -0.842575 0.535704 -14.620641 -0.079547 0.137434 11.398212 19.0
220 235.0 -0.400841 1.565976 0.0 -0.831043 0.535704 -14.620641 -0.079547 0.137434 11.398212 19.0
221 235.0 -0.399526 1.57973 0.0 -0.832286 0.535704 -14.620641 -0.079547 0.137434 11.398212 19.0
222 235.0 -0.386065 1.560902 0.0 -0.817275 0.535704 -14.620641 -0.079547 0.137434 11.398212 19.0
223 235.0 -0.391941 1.587823 0.0 -0.827077 0.535704 -14.620641 -0.079547 0.137434 11.398212 19.0
224 235.0 -0.393091 1.584601 0.0 -0.82752 0.535704 -14.620641 -0.079547 0.137434 11.398212 19.0
225 235.0 -0.422773 1.567798 0.0 -0.850487 0.535704 -14.620641 -0.079547 0.137434 11.398212 19.0
226 235.0 -0.41503 1.560206 0.0 -0.842415 0.535704 -14.620641 -0.079547 0.137434 11.398212 19.0
227 235.0 -0.423763 1.568526 0.0 -0.851477 0.535704 -14.620641 -0.079547 0.137434 11.398212 19.0
228 235.0 -0.416776 1.560924 0.0 -0.844062 0.535704 -14.620641 -0.079547 0.137434 11.398212 19.0
229 235.0 -0.413756 1.559386 0.0 -0.841161 0.535704 -14.620641 -0.079547 0.137434 11.398212 19.0
230 235.0 -0.427595 1.556743 0.0 -0.852772 0.535704 -14.620641 -0.079547 0.137434 11.398212 19.0
231 235.0 -0.458881 1.542064 0.0 -0.877507 0.535704 -14.620641 -0.079547 0.137434 11.398212 19.0
232 235.0 -0.459908 1.544259 0.0 -0.878784 0.535704 -14.620641 -0.079547 0.137434 11.398212 19.0
233 235.0 -0.436505 1.546769 0.0 -0.858809 0.535704 -14.620641 -0.079547 0.137434 11.398212 19.0
234 235.0 -0.430334 1.558041 0.0 -0.855386 0.535704 -14.620641 -0.079547 0.137434 11.398212 19.0
235 235.0 -0.437457 1.569638 0.0 -0.863614 0.535704 -14.620641 -0.079547 0.137434 11.398212 19.0
236 235.0 -0.41078 1.564746 0.0 -0.839498 0.535704 -14.620641 -0.079547 0.137434 11.398212 19.0
237 235.0 -0.425907 1.558564 0.0 -0.851616 0.535704 -14.620641 -0.079547 0.137434 11.398212 19.0
238 235.0 -0.38778 1.557587 0.0 -0.818194 0.535704 -14.620641 -0.079547 0.137434 11.398212 19.0
239 235.0 -0.369934 1.558005 0.0 -0.802703 0.535704 -14.620641 -0.079547 0.137434 11.398212 19.0
240 235.0 -0.395721 1.555238 0.0 -0.824711 0.535704 -14.620641 -0.079547 0.137434 11.398212 19.0
241 235.0 -0.428987 1.541922 0.0 -0.85141 0.535704 -14.620641 -0.079547 0.137434 11.398212 19.0
242 235.0 -0.439691 1.562733 0.0 -0.864362 0.535704 -14.620641 -0.079547 0.137434 11.398212 19.0
243 235.0 -0.446624 1.558401 0.0 -0.869656 0.535704 -14.620641 -0.079547 0.137434 11.398212 19.0
244 235.0 -0.424549 1.545689 0.0 -0.848194 0.535704 -14.620641 -0.079547 0.137434 11.398212 19.0
245 235.0 -0.421697 1.555436 0.0 -0.847401 0.535704 -14.620641 -0.079547 0.137434 11.398212 19.0
246 235.0 -0.439667 1.551531 0.0 -0.862395 0.535704 -14.620641 -0.079547 0.137434 11.398212 19.0
247 235.0 -0.413998 1.566932 0.0 -0.842683 0.535704 -14.620641 -0.079547 0.137434 11.398212 19.0
248 235.0 -0.400789 1.576155 0.0 -0.832766 0.535704 -14.620641 -0.079547 0.137434 11.398212 19.0
249 235.0 -0.436703 1.567385 0.0 -0.862564 0.535704 -14.620641 -0.079547 0.137434 11.398212 19.0
250 235.0 -0.429293 1.57217 0.0 -0.856933 0.535704 -14.620641 -0.079547 0.137434 11.398212 19.0
251 235.0 -0.411354 1.614385 0.0 -0.848623 0.535704 -14.620641 -0.079547 0.137434 11.398212 19.0
252 235.0 -0.402146 1.614554 0.0 -0.840622 0.535704 -14.620641 -0.079547 0.137434 11.398212 19.0
253 235.0 -0.378109 1.637604 0.0 -0.823663 0.535704 -14.620641 -0.079547 0.137434 11.398212 19.0
254 235.0 -0.362214 1.615868 0.0 -0.806024 0.535704 -14.620641 -0.079547 0.137434 11.398212 19.0
255 235.0 -0.35449 1.621324 0.0 -0.800235 0.535704 -14.620641 -0.079547 0.137434 11.398212 19.0
256 235.0 -0.372761 1.605593 0.0 -0.813437 0.535704 -14.620641 -0.079547 0.137434 11.398212 19.0
257 235.0 -0.390089 1.616901 0.0 -0.830514 0.535704 -14.620641 -0.079547 0.137434 11.398212 19.0
258 235.0 -0.375816 1.635805 0.0 -0.82135 0.535704 -14.620641 -0.079547 0.137434 11.398212 19.0
259 235.0 -0.380842 1.606913 0.0 -0.820713 0.535704 -14.620641 -0.079547 0.137434 11.398212 19.0
260 235.0 -0.362339 1.608115 0.0 -0.804786 0.535704 -14.620641 -0.079547 0.137434 11.398212 19.0
261 235.0 -0.359516 1.607994 0.0 -0.802303 0.535704 -14.620641 -0.079547 0.137434 11.398212 19.0
262 235.0 -0.351686 1.644648 0.0 -0.801842 0.535704 -14.620641 -0.079547 0.137434 11.398212 19.0
263 235.0 -0.340792 1.653414 0.0 -0.793864 0.535704 -14.620641 -0.079547 0.137434 11.398212 19.0
264 235.0 -0.321022 1.632777 0.0 -0.773037 0.535704 -14.620641 -0.079547 0.137434 11.398212 19.0
265 235.0 -0.322023 1.642858 0.0 -0.775661 0.535704 -14.620641 -0.079547 0.137434 11.398212 19.0
266 235.0 -0.303224 1.692519 0.0 -0.767895 0.535704 -14.620641 -0.079547 0.137434 11.398212 19.0
267 235.0 -0.306555 1.697954 0.0 -0.771744 0.535704 -14.620641 -0.079547 0.137434 11.398212 19.0
268 235.0 -0.297202 1.678169 0.0 -0.760149 0.535704 -14.620641 -0.079547 0.137434 11.398212 19.0
269 235.0 -0.252443 1.703323 0.0 -0.725484 0.535704 -14.620641 -0.079547 0.137434 11.398212 19.0
270 235.0 -0.271877 1.734072 0.0 -0.747776 0.535704 -14.620641 -0.079547 0.137434 11.398212 19.0
271 235.0 -0.258395 1.738436 0.0 -0.736776 0.535704 -14.620641 -0.079547 0.137434 11.398212 19.0
272 235.0 -0.256467 1.749465 0.0 -0.737011 0.535704 -14.620641 -0.079547 0.137434 11.398212 19.0
273 235.0 -0.243869 1.743234 0.0 -0.724941 0.535704 -14.620641 -0.079547 0.137434 11.398212 19.0
274 235.0 -0.219649 1.792625 0.0 -0.7124 0.535704 -14.620641 -0.079547 0.137434 11.398212 19.0
275 235.0 -0.205879 1.776309 0.0 -0.697556 0.535704 -14.620641 -0.079547 0.137434 11.398212 19.0
276 235.0 -0.206035 1.758528 0.0 -0.694602 0.535704 -14.620641 -0.079547 0.137434 11.398212 19.0
277 235.0 -0.174023 1.760261 0.0 -0.666984 0.535704 -14.620641 -0.079547 0.137434 11.398212 19.0
278 235.0 -0.14856 1.76655 0.0 -0.645869 0.535704 -14.620641 -0.079547 0.137434 11.398212 19.0
279 235.0 -0.12353 1.77949 0.0 -0.626287 0.535704 -14.620641 -0.079547 0.137434 11.398212 19.0
280 235.0 -0.110565 1.792742 0.0 -0.617283 0.535704 -14.620641 -0.079547 0.137434 11.398212 19.0
281 235.0 -0.092195 1.779271 0.0 -0.598921 0.535704 -14.620641 -0.079547 0.137434 11.398212 19.0
282 235.0 -0.070995 1.790797 0.0 -0.582435 0.535704 -14.620641 -0.079547 0.137434 11.398212 19.0
283 235.0 -0.047622 1.820952 0.0 -0.567289 0.535704 -14.620641 -0.079547 0.137434 11.398212 19.0
284 235.0 -0.023907 1.82324 0.0 -0.547004 0.535704 -14.620641 -0.079547 0.137434 11.398212 19.0
285 235.0 -0.000174 1.824945 0.0 -0.526605 0.535704 -14.620641 -0.079547 0.137434 11.398212 19.0
286 235.0 0.021674 1.806302 0.0 -0.504308 0.535704 -14.620641 -0.079547 0.137434 11.398212 19.0
287 235.0 0.083473 1.824219 0.0 -0.453571 0.535704 -14.620641 -0.079547 0.137434 11.398212 19.0
