 time p.x p.y p.z deep.node-0 CV opes.bias opes.rct opes.zed opes.neff opes.nker
0 2130.0 -0.536337 0.503618 0.0 0.179689 -1.137086 -17.206498 -0.178479 0.042819 14.167834 115.0
1 2130.0 -0.570289 0.511461 0.0 0.136328 -1.137086 -17.206498 -0.178479 0.042819 14.167834 115.0
2 2130.0 -0.567213 0.53891 0.0 0.106437 -1.137086 -17.206498 -0.178479 0.042819 14.167834 115.0
3 2130.0 -0.577383 0.555878 0.0 0.075893 -1.137086 -17.206498 -0.178479 0.042819 14.167834 115.0
4 2130.0 -0.595126 0.543691 0.0 0.072791 -1.137086 -17.206498 -0.178479 0.042819 14.167834 115.0
5 2130.0 -0.611594 0.561203 0.0 0.035296 -1.137086 -17.206498 -0.178479 0.042819 14.167834 115.0
6 2130.0 -0.64871 0.565769 0.0 -0.007293 -1.137086 -17.206498 -0.178479 0.042819 14.167834 115.0
7 2130.0 -0.652771 0.58571 0.0 -0.0353 -1.137086 -17.206498 -0.178479 0.042819 14.167834 115.0
8 2130.0 -0.682406 0.606541 0.0 -0.089945 -1.137086 -17.206498 -0.178479 0.042819 14.167834 115.0
9 2130.0 -0.688986 0.588489 0.0 -0.074843 -1.137086 -17.206498 -0.178479 0.042819 14.167834 115.0
10 2130.0 -0.691546 0.607074 0.0 -0.099721 -1.137086 -17.206498 -0.178479 0.042819 14.167834 115.0
11 2130.0 -0.726928 0.578137 0.0 -0.100342 -1.137086 -17.206498 -0.178479 0.042819 14.167834 115.0
12 2130.0 -0.753452 0.59367 0.0 -0.145513 -1.137086 -17.206498 -0.178479 0.042819 14.167834 115.0
13 2130.0 -0.752576 0.596125 0.0 -0.147587 -1.137086 -17.206498 -0.178479 0.042819 14.167834 115.0
14 2130.0 -0.761174 0.60056 0.0 -0.161508 -1.137086 -17.206498 -0.178479 0.042819 14.167834 115.0
15 2130.0 -0.771041 0.590539 0.0 -0.159337 -1.137086 -17.206498 -0.178479 0.042819 14.167834 115.0
16 2130.0 -0.775055 0.59639 0.0 -0.170378 -1.137086 -17.206498 -0.178479 0.042819 14.167834 115.0
17 2130.0 -0.790595 0.583257 0.0 -0.17014 -1.137086 -17.206498 -0.178479 0.042819 14.167834 115.0
18 2130.0 -0.814134 0.566854 0.0 -0.173973 -1.137086 -17.206498 -0.178479 0.042819 14.167834 115.0
19 2130.0 -0.801028 0.570192 0.0 -0.164879 -1.137086 -17.206498 -0.178479 0.042819 14.167834 115.0
20 2130.0 -0.811206 0.578416 0.0 -0.184932 -1.137086 -17.206498 -0.178479 0.042819 14.167834 115.0
21 2130.0 -0.813235 0.581152 0.0 -0.190245 -1.137086 -17.206498 -0.178479 0.042819 14.167834 115.0
22 2130.0 -0.819427 0.592128 0.0 -0.209021 -1.137086 -17.206498 -0.178479 0.042819 14.167834 115.0
23 2130.0 -0.830151 0.566174 0.0 -0.189169 -1.137086 -17.206498 -0.178479 0.042819 14.167834 115.0
24 2130.0 -0.855319 0.570343 0.0 -0.21812 -1.137086 -17.206498 -0.178479 0.042819 14.167834 115.0
25 2130.0 -0.834696 0.5846 0.0 -0.214651 -1.137086 -17.206498 -0.178479 0.042819 14.167834 115.0
26 2130.0 -0.843941 0.611287 0.0 -0.251008 -1.137086 -17.206498 -0.178479 0.042819 14.167834 115.0
27 2130.0 -0.872133 0.591096 0.0 -0.254377 -1.137086 -17.206498 -0.178479 0.042819 14.167834 115.0
28 2130.0 -0.862264 0.583665 0.0 -0.237742 -1.137086 -17.206498 -0.178479 0.042819 14.167834 115.0
29 2130.0 -0.840455 0.571339 0.0 -0.205673 -1.137086 -17.206498 -0.178479 0.042819 14.167834 115.0
30 2130.0 -0.832315 0.586531 0.0 -0.214539 -1.137086 -17.206498 -0.178479 0.042819 14.167834 115.0
31 2130.0 -0.826353 0.599788 0.0 -0.223221 -1.137086 -17.206498 -0.178479 0.042819 14.167834 115.0
32 2130.0 -0.845659 0.620761 0.0 -0.262625 -1.137086 -17.206498 -0.178479 0.042819 14.167834 115.0
33 2130.0 -0.865156 0.635683 0.0 -0.295749 -1.137086 -17.206498 -0.178479 0.042819 14.167834 115.0
34 2130.0 -0.890898 0.63884 0.0 -0.321844 -1.137086 -17.206498 -0.178479 0.042819 14.167834 115.0
35 2130.0 -0.904562 0.67521 0.0 -0.37268 -1.137086 -17.206498 -0.178479 0.042819 14.167834 115.0
36 2130.0 -0.892644 0.688458 0.0 -0.378624 -1.137086 -17.206498 -0.178479 0.042819 14.167834 115.0
37 2130.0 -0.899281 0.677906 0.0 -0.370891 -1.137086 -17.206498 -0.178479 0.042819 14.167834 115.0
38 2130.0 -0.914965 0.696059 0.0 -0.410651 -1.137086 -17.206498 -0.178479 0.042819 14.167834 115.0
39 2130.0 -0.951646 0.721643 0.0 -0.47948 -1.137086 -17.206498 -0.178479 0.042819 14.167834 115.0
40 2130.0 -0.948422 0.746935 0.0 -0.511025 -1.137086 -17.206498 -0.178479 0.042819 14.167834 115.0
41 2130.0 -0.945025 0.768812 0.0 -0.537749 -1.137086 -17.206498 -0.178479 0.042819 14.167834 115.0
42 2130.0 -0.937388 0.778963 0.0 -0.544547 -1.137086 -17.206498 -0.178479 0.042819 14.167834 115.0
43 2130.0 -0.951818 0.787068 0.0 -0.568948 -1.137086 -17.206498 -0.178479 0.042819 14.167834 115.0
44 2130.0 -0.954968 0.794762 0.0 -0.583651 -1.137086 -17.206498 -0.178479 0.042819 14.167834 115.0
45 2130.0 -0.922959 0.798964 0.0 -0.55935 -1.137086 -17.206498 -0.178479 0.042819 14.167834 115.0
46 2130.0 -0.939749 0.808803 0.0 -0.59054 -1.137086 -17.206498 -0.178479 0.042819 14.167834 115.0
47 2130.0 -0.935592 0.83311 0.0 -0.623775 -1.137086 -17.206498 -0.178479 0.042819 14.167834 115.0
48 2130.0 -0.952588 0.873565 0.0 -0.699046 -1.137086 -17.206498 -0.178479 0.042819 14.167834 115.0
49 2130.0 -0.950914 0.88524 0.0 -0.713673 -1.137086 -17.206498 -0.178479 0.042819 14.167834 115.0
50 2130.0 -0.972064 0.900879 0.0 -0.753592 -1.137086 -17.206498 -0.178479 0.042819 14.167834 115.0
51 2130.0 -0.991104 0.915127 0.0 -0.789762 -1.137086 -17.206498 -0.178479 0.042819 14.167834 115.0
52 2130.0 -1.004031 0.921686 0.0 -0.810029 -1.137086 -17.206498 -0.178479 0.042819 14.167834 115.0
53 2130.0 -1.011808 0.965586 0.0 -0.859336 -1.137086 -17.206498 -0.178479 0.042819 14.167834 115.0
54 2130.0 -0.978829 0.984913 0.0 -0.854114 -1.137086 -17.206498 -0.178479 0.042819 14.167834 115.0
55 2130.0 -0.998815 0.974458 0.0 -0.858515 -1.137086 -17.206498 -0.178479 0.042819 14.167834 115.0
56 2130.0 -1.005669 0.992594 0.0 -0.881372 -1.137086 -17.206498 -0.178479 0.042819 14.167834 115.0
57 2130.0 -0.995703 1.034142 0.0 -0.914888 -1.137086 -17.206498 -0.178479 0.042819 14.167834 115.0
58 2130.0 -0.991663 1.028218 0.0 -0.906099 -1.137086 -17.206498 -0.178479 0.042819 14.167834 115.0
59 2130.0 -0.966618 1.038082 0.0 -0.897403 -1.137086 -17.206498 -0.178479 0.042819 14.167834 115.0
60 2130.0 -0.959496 1.01526 0.0 -0.869743 -1.137086 -17.206498 -0.178479 0.042819 14.167834 115.0
61 2130.0 -0.937978 1.003718 0.0 -0.842598 -1.137086 -17.206498 -0.178479 0.042819 14.167834 115.0
62 2130.0 -0.915083 1.029912 0.0 -0.85153 -1.137086 -17.206498 -0.178479 0.042819 14.167834 115.0
63 2130.0 -0.897408 1.055467 0.0 -0.863667 -1.137086 -17.206498 -0.178479 0.042819 14.167834 115.0
64 2130.0 -0.893423 1.060911 0.0 -0.866091 -1.137086 -17.206498 -0.178479 0.042819 14.167834 115.0
65 2130.0 -0.874862 1.104912 0.0 -0.895706 -1.137086 -17.206498 -0.178479 0.042819 14.167834 115.0
66 2130.0 -0.869503 1.123092 0.0 -0.909639 -1.137086 -17.206498 -0.178479 0.042819 14.167834 115.0
67 2130.0 -0.857479 1.103298 0.0 -0.881356 -1.137086 -17.206498 -0.178479 0.042819 14.167834 115.0
68 2130.0 -0.875554 1.114921 0.0 -0.906052 -1.137086 -17.206498 -0.178479 0.042819 14.167834 115.0
69 2130.0 -0.857646 1.133881 0.0 -0.911535 -1.137086 -17.206498 -0.178479 0.042819 14.167834 115.0
70 2130.0 -0.837882 1.160717 0.0 -0.923397 -1.137086 -17.206498 -0.178479 0.042819 14.167834 115.0
71 2130.0 -0.815925 1.170572 0.0 -0.91696 -1.137086 -17.206498 -0.178479 0.042819 14.167834 115.0
72 2130.0 -0.823531 1.170031 0.0 -0.922013 -1.137086 -17.206498 -0.178479 0.042819 14.167834 115.0
73 2130.0 -0.799653 1.202875 0.0 -0.936758 -1.137086 -17.206498 -0.178479 0.042819 14.167834 115.0
74 2130.0 -0.793538 1.21887 0.0 -0.947988 -1.137086 -17.206498 -0.178479 0.042819 14.167834 115.0
75 2130.0 -0.77084 1.249035 0.0 -0.960395 -1.137086 -17.206498 -0.178479 0.042819 14.167834 115.0
76 2130.0 -0.74578 1.272527 0.0 -0.959244 -1.137086 -17.206498 -0.178479 0.042819 14.167834 115.0
77 2130.0 -0.739837 1.250092 0.0 -0.93924 -1.137086 -17.206498 -0.178479 0.042819 14.167834 115.0
78 2130.0 -0.720172 1.261321 0.0 -0.934845 -1.137086 -17.206498 -0.178479 0.042819 14.167834 115.0
79 2130.0 -0.701811 1.302355 0.0 -0.949177 -1.137086 -17.206498 -0.178479 0.042819 14.167834 115.0
80 2130.0 -0.708993 1.314325 0.0 -0.961745 -1.137086 -17.206498 -0.178479 0.042819 14.167834 115.0
81 2130.0 -0.689909 1.319585 0.0 -0.952391 -1.137086 -17.206498 -0.178479 0.042819 14.167834 115.0
82 2130.0 -0.674691 1.329301 0.0 -0.948513 -1.137086 -17.206498 -0.178479 0.042819 14.167834 115.0
83 2130.0 -0.697729 1.314571 0.0 -0.95437 -1.137086 -17.206498 -0.178479 0.042819 14.167834 115.0
84 2130.0 -0.67373 1.300722 0.0 -0.929334 -1.137086 -17.206498 -0.178479 0.042819 14.167834 115.0
85 2130.0 -0.667427 1.319415 0.0 -0.937242 -1.137086 -17.206498 -0.178479 0.042819 14.167834 115.0
86 2130.0 -0.678642 1.332664 0.0 -0.953337 -1.137086 -17.206498 -0.178479 0.042819 14.167834 115.0
87 2130.0 -0.68466 1.374915 0.0 -0.9891 -1.137086 -17.206498 -0.178479 0.042819 14.167834 115.0
88 2130.0 -0.679259 1.372049 0.0 -0.983084 -1.137086 -17.206498 -0.178479 0.042819 14.167834 115.0
89 2130.0 -0.642175 1.356268 0.0 -0.945293 -1.137086 -17.206498 -0.178479 0.042819 14.167834 115.0
90 2130.0 -0.637187 1.362025 0.0 -0.947305 -1.137086 -17.206498 -0.178479 0.042819 14.167834 115.0
91 2130.0 -0.642952 1.331289 0.0 -0.928571 -1.137086 -17.206498 -0.178479 0.042819 14.167834 115.0
92 2130.0 -0.636126 1.340337 0.0 -0.929874 -1.137086 -17.206498 -0.178479 0.042819 14.167834 115.0
93 2130.0 -0.630732 1.33669 0.0 -0.923901 -1.137086 -17.206498 -0.178479 0.042819 14.167834 115.0
94 2130.0 -0.61027 1.347597 0.0 -0.917038 -1.137086 -17.206498 -0.178479 0.042819 14.167834 115.0
95 2130.0 -0.588301 1.368272 0.0 -0.92099 -1.137086 -17.206498 -0.178479 0.042819 14.167834 115.0
96 2130.0 -0.610417 1.369744 0.0 -0.937229 -1.137086 -17.206498 -0.178479 0.042819 14.167834 115.0
97 2130.0 -0.615958 1.368225 0.0 -0.939385 -1.137086 -17.206498 -0.178479 0.042819 14.167834 115.0
98 2130.0 -0.608788 1.363461 0.0 -0.930537 -1.137086 -17.206498 -0.178479 0.042819 14.167834 115.0
99 2130.0 -0.604125 1.374777 0.0 -0.93776 -1.137086 -17.206498 -0.178479 0.042819 14.167834 115.0
100 2130.0 -0.607056 1.405 0.0 -0.963238 -1.137086 -17.206498 -0.178479 0.042819 14.167834 115.0
101 2130.0 -0.591494 1.414348 0.0 -0.959609 -1.137086 -17.206498 -0.178479 0.042819 14.167834 115.0
102 2130.0 -0.582049 1.416968 0.0 -0.955546 -1.137086 -17.206498 -0.178479 0.042819 14.167834 115.0
103 2130.0 -0.572643 1.41132 0.0 -0.946244 -1.137086 -17.206498 -0.178479 0.042819 14.167834 115.0
104 2130.0 -0.582406 1.402483 0.0 -0.947075 -1.137086 -17.206498 -0.178479 0.042819 14.167834 115.0
105 2130.0 -0.606044 1.39451 0.0 -0.95658 -1.137086 -17.206498 -0.178479 0.042819 14.167834 115.0
106 2130.0 -0.581153 1.398747 0.0 -0.943923 -1.137086 -17.206498 -0.178479 0.042819 14.167834 115.0
107 2130.0 -0.590678 1.381174 0.0 -0.93451 -1.137086 -17.206498 -0.178479 0.042819 14.167834 115.0
108 2130.0 -0.579708 1.400484 0.0 -0.94418 -1.137086 -17.206498 -0.178479 0.042819 14.167834 115.0
109 2130.0 -0.582946 1.396705 0.0 -0.943307 -1.137086 -17.206498 -0.178479 0.042819 14.167834 115.0
110 2130.0 -0.583816 1.427647 0.0 -0.962845 -1.137086 -17.206498 -0.178479 0.042819 14.167834 115.0
111 2130.0 -0.574059 1.415325 0.0 -0.949538 -1.137086 -17.206498 -0.178479 0.042819 14.167834 115.0
112 2130.0 -0.567645 1.4176 0.0 -0.946872 -1.137086 -17.206498 -0.178479 0.042819 14.167834 115.0
113 2130.0 -0.589697 1.428372 0.0 -0.96668 -1.137086 -17.206498 -0.178479 0.042819 14.167834 115.0
114 2130.0 -0.57671 1.396061 0.0 -0.938427 -1.137086 -17.206498 -0.178479 0.042819 14.167834 115.0
115 2130.0 -0.603351 1.384841 0.0 -0.946329 -1.137086 -17.206498 -0.178479 0.042819 14.167834 115.0
116 2130.0 -0.628111 1.395997 0.0 -0.970251 -1.137086 -17.206498 -0.178479 0.042819 14.167834 115.0
117 2130.0 -0.624572 1.391013 0.0 -0.965254 -1.137086 -17.206498 -0.178479 0.042819 14.167834 115.0
118 2130.0 -0.626518 1.392118 0.0 -0.96703 -1.137086 -17.206498 -0.178479 0.042819 14.167834 115.0
119 2130.0 -0.609674 1.375994 0.0 -0.942384 -1.137086 -17.206498 -0.178479 0.042819 14.167834 115.0
120 2130.0 -0.634828 1.38087 0.0 -0.962771 -1.137086 -17.206498 -0.178479 0.042819 14.167834 115.0
121 2130.0 -0.642526 1.35224 0.0 -0.94189 -1.137086 -17.206498 -0.178479 0.042819 14.167834 115.0
122 2130.0 -0.613092 1.353102 0.0 -0.923947 -1.137086 -17.206498 -0.178479 0.042819 14.167834 115.0
123 2130.0 -0.609433 1.375751 0.0 -0.942012 -1.137086 -17.206498 -0.178479 0.042819 14.167834 115.0
124 2130.0 -0.637283 1.389106 0.0 -0.971438 -1.137086 -17.206498 -0.178479 0.042819 14.167834 115.0
125 2130.0 -0.641983 1.411425 0.0 -0.987237 -1.137086 -17.206498 -0.178479 0.042819 14.167834 115.0
126 2130.0 -0.614747 1.436704 0.0 -0.986047 -1.137086 -17.206498 -0.178479 0.042819 14.167834 115.0
127 2130.0 -0.582744 1.412016 0.0 -0.95301 -1.137086 -17.206498 -0.178479 0.042819 14.167834 115.0
128 2130.0 -0.577186 1.416898 0.0 -0.952448 -1.137086 -17.206498 -0.178479 0.042819 14.167834 115.0
129 2130.0 -0.586997 1.416248 0.0 -0.958098 -1.137086 -17.206498 -0.178479 0.042819 14.167834 115.0
130 2130.0 -0.586148 1.42049 0.0 -0.960058 -1.137086 -17.206498 -0.178479 0.042819 14.167834 115.0
131 2130.0 -0.592734 1.411103 0.0 -0.958452 -1.137086 -17.206498 -0.178479 0.042819 14.167834 115.0
132 2130.0 -0.610462 1.440664 0.0 -0.98585 -1.137086 -17.206498 -0.178479 0.042819 14.167834 115.0
133 2130.0 -0.581838 1.444075 0.0 -0.967234 -1.137086 -17.206498 -0.178479 0.042819 14.167834 115.0
134 2130.0 -0.56337 1.45857 0.0 -0.954128 -1.137086 -17.206498 -0.178479 0.042819 14.167834 115.0
135 2130.0 -0.560227 1.465394 0.0 -0.952573 -1.137086 -17.206498 -0.178479 0.042819 14.167834 115.0
136 2130.0 -0.56564 1.467616 0.0 -0.957462 -1.137086 -17.206498 -0.178479 0.042819 14.167834 115.0
137 2130.0 -0.538749 1.459751 0.0 -0.93286 -1.137086 -17.206498 -0.178479 0.042819 14.167834 115.0
138 2130.0 -0.545431 1.437489 0.0 -0.93482 -1.137086 -17.206498 -0.178479 0.042819 14.167834 115.0
139 2130.0 -0.525912 1.451195 0.0 -0.920178 -1.137086 -17.206498 -0.178479 0.042819 14.167834 115.0
140 2130.0 -0.525961 1.451312 0.0 -0.920241 -1.137086 -17.206498 -0.178479 0.042819 14.167834 115.0
141 2130.0 -0.533502 1.466256 0.0 -0.929415 -1.137086 -17.206498 -0.178479 0.042819 14.167834 115.0
142 2130.0 -0.515039 1.453991 0.0 -0.911182 -1.137086 -17.206498 -0.178479 0.042819 14.167834 115.0
143 2130.0 -0.534563 1.459714 0.0 -0.929203 -1.137086 -17.206498 -0.178479 0.042819 14.167834 115.0
144 2130.0 -0.518611 1.429352 0.0 -0.910016 -1.137086 -17.206498 -0.178479 0.042819 14.167834 115.0
145 2130.0 -0.528168 1.460831 0.0 -0.92382 -1.137086 -17.206498 -0.178479 0.042819 14.167834 115.0
146 2130.0 -0.531856 1.45429 0.0 -0.9259 -1.137086 -17.206498 -0.178479 0.042819 14.167834 115.0
147 2130.0 -0.544649 1.453187 0.0 -0.936866 -1.137086 -17.206498 -0.178479 0.042819 14.167834 115.0
148 2130.0 -0.557848 1.457775 0.0 -0.949174 -1.137086 -17.206498 -0.178479 0.042819 14.167834 115.0
149 2130.0 -0.55734 1.467869 0.0 -0.950485 -1.137086 -17.206498 -0.178479 0.042819 14.167834 115.0
150 2130.0 -0.568424 1.451404 0.0 -0.957291 -1.137086 -17.206498 -0.178479 0.042819 14.167834 115.0
151 2130.0 -0.556307 1.449605 0.0 -0.946411 -1.137086 -17.206498 -0.178479 0.042819 14.167834 115.0
152 2130.0 -0.535081 1.458104 0.0 -0.929376 -1.137086 -17.206498 -0.178479 0.042819 14.167834 115.0
153 2130.0 -0.526733 1.47458 0.0 -0.924958 -1.137086 -17.206498 -0.178479 0.042819 14.167834 115.0
154 2130.0 -0.533227 1.483241 0.0 -0.932126 -1.137086 -17.206498 -0.178479 0.042819 14.167834 115.0
155 2130.0 -0.530686 1.460387 0.0 -0.92594 -1.137086 -17.206498 -0.178479 0.042819 14.167834 115.0
156 2130.0 -0.497824 1.469967 0.0 -0.898943 -1.137086 -17.206498 -0.178479 0.042819 14.167834 115.0
157 2130.0 -0.503966 1.46087 0.0 -0.902719 -1.137086 -17.206498 -0.178479 0.042819 14.167834 115.0
158 2130.0 -0.522087 1.478203 0.0 -0.921535 -1.137086 -17.206498 -0.178479 0.042819 14.167834 115.0
159 2130.0 -0.535711 1.508373 0.0 -0.93866 -1.137086 -17.206498 -0.178479 0.042819 14.167834 115.0
160 2130.0 -0.528869 1.488821 0.0 -0.929295 -1.137086 -17.206498 -0.178479 0.042819 14.167834 115.0
161 2130.0 -0.519883 1.474151 0.0 -0.918909 -1.137086 -17.206498 -0.178479 0.042819 14.167834 115.0
162 2130.0 -0.508855 1.463396 0.0 -0.907422 -1.137086 -17.206498 -0.178479 0.042819 14.167834 115.0
163 2130.0 -0.550887 1.49501 0.0 -0.949468 -1.137086 -17.206498 -0.178479 0.042819 14.167834 115.0
164 2130.0 -0.538686 1.49268 0.0 -0.938527 -1.137086 -17.206498 -0.178479 0.042819 14.167834 115.0
165 2130.0 -0.538084 1.482585 0.0 -0.936248 -1.137086 -17.206498 -0.178479 0.042819 14.167834 115.0
166 2130.0 -0.535164 1.457745 0.0 -0.929386 -1.137086 -17.206498 -0.178479 0.042819 14.167834 115.0
167 2130.0 -0.517552 1.450239 0.0 -0.912721 -1.137086 -17.206498 -0.178479 0.042819 14.167834 115.0
168 2130.0 -0.496503 1.469491 0.0 -0.897709 -1.137086 -17.206498 -0.178479 0.042819 14.167834 115.0
169 2130.0 -0.507918 1.497803 0.0 -0.912583 -1.137086 -17.206498 -0.178479 0.042819 14.167834 115.0
170 2130.0 -0.519895 1.479558 0.0 -0.919859 -1.137086 -17.206498 -0.178479 0.042819 14.167834 115.0
171 2130.0 -0.524931 1.508246 0.0 -0.929236 -1.137086 -17.206498 -0.178479 0.042819 14.167834 115.0
172 2130.0 -0.507199 1.49406 0.0 -0.911306 -1.137086 -17.206498 -0.178479 0.042819 14.167834 115.0
173 2130.0 -0.523344 1.501529 0.0 -0.926685 -1.137086 -17.206498 -0.178479 0.042819 14.167834 115.0
174 2130.0 -0.520005 1.514931 0.0 -0.926101 -1.137086 -17.206498 -0.178479 0.042819 14.167834 115.0
175 2130.0 -0.494183 1.502174 0.0 -0.901365 -1.137086 -17.206498 -0.178479 0.042819 14.167834 115.0
176 2130.0 -0.485449 1.512275 0.0 -0.895502 -1.137086 -17.206498 -0.178479 0.042819 14.167834 115.0
177 2130.0 -0.485327 1.509838 0.0 -0.894972 -1.137086 -17.206498 -0.178479 0.042819 14.167834 115.0
178 2130.0 -0.510423 1.505328 0.0 -0.916076 -1.137086 -17.206498 -0.178479 0.042819 14.167834 115.0
179 2130.0 -0.490246 1.509287 0.0 -0.899167 -1.137086 -17.206498 -0.178479 0.042819 14.167834 115.0
180 2130.0 -0.498506 1.508175 0.0 -0.906177 -1.137086 -17.206498 -0.178479 0.042819 14.167834 115.0
181 2130.0 -0.493992 1.512679 0.0 -0.903023 -1.137086 -17.206498 -0.178479 0.042819 14.167834 115.0
182 2130.0 -0.48778 1.518087 0.0 -0.898544 -1.137086 -17.206498 -0.178479 0.042819 14.167834 115.0
183 2130.0 -0.454782 1.522922 0.0 -0.870606 -1.137086 -17.206498 -0.178479 0.042819 14.167834 115.0
184 2130.0 -0.425905 1.540552 0.0 -0.848485 -1.137086 -17.206498 -0.178479 0.042819 14.167834 115.0
185 2130.0 -0.437494 1.548723 0.0 -0.860012 -1.137086 -17.206498 -0.178479 0.042819 14.167834 115.0
186 2130.0 -0.424206 1.565771 0.0 -0.851384 -1.137086 -17.206498 -0.178479 0.042819 14.167834 115.0
187 2130.0 -0.434811 1.579853 0.0 -0.863081 -1.137086 -17.206498 -0.178479 0.042819 14.167834 115.0
188 2130.0 -0.444291 1.581673 0.0 -0.871665 -1.137086 -17.206498 -0.178479 0.042819 14.167834 115.0
189 2130.0 -0.436871 1.569752 0.0 -0.863122 -1.137086 -17.206498 -0.178479 0.042819 14.167834 115.0
190 2130.0 -0.454186 1.573151 0.0 -0.878814 -1.137086 -17.206498 -0.178479 0.042819 14.167834 115.0
191 2130.0 -0.437317 1.555846 0.0 -0.861095 -1.137086 -17.206498 -0.178479 0.042819 14.167834 115.0
192 2130.0 -0.455565 1.561233 0.0 -0.877945 -1.137086 -17.206498 -0.178479 0.042819 14.167834 115.0
193 2130.0 -0.455708 1.570325 0.0 -0.87965 -1.137086 -17.206498 -0.178479 0.042819 14.167834 115.0
194 2130.0 -0.429873 1.564049 0.0 -0.856028 -1.137086 -17.206498 -0.178479 0.042819 14.167834 115.0
195 2130.0 -0.439807 1.550084 0.0 -0.862265 -1.137086 -17.206498 -0.178479 0.042819 14.167834 115.0
196 2130.0 -0.447402 1.54213 0.0 -0.867507 -1.137086 -17.206498 -0.178479 0.042819 14.167834 115.0
197 2130.0 -0.479706 1.557 0.0 -0.898264 -1.137086 -17.206498 -0.178479 0.042819 14.167834 115.0
198 2130.0 -0.458773 1.523411 0.0 -0.874172 -1.137086 -17.206498 -0.178479 0.042819 14.167834 115.0
199 2130.0 -0.466161 1.548445 0.0 -0.884965 -1.137086 -17.206498 -0.178479 0.042819 14.167834 115.0
200 2130.0 -0.493076 1.52763 0.0 -0.904822 -1.137086 -17.206498 -0.178479 0.042819 14.167834 115.0
201 2130.0 -0.475998 1.530789 0.0 -0.890477 -1.137086 -17.206498 -0.178479 0.042819 14.167834 115.0
202 2130.0 -0.483426 1.517924 0.0 -0.894719 -1.137086 -17.206498 -0.178479 0.042819 14.167834 115.0
203 2130.0 -0.505052 1.522353 0.0 -0.91435 -1.137086 -17.206498 -0.178479 0.042819 14.167834 115.0
204 2130.0 -0.527717 1.504196 0.0 -0.930962 -1.137086 -17.206498 -0.178479 0.042819 14.167834 115.0
205 2130.0 -0.525871 1.497989 0.0 -0.928274 -1.137086 -17.206498 -0.178479 0.042819 14.167834 115.0
206 2130.0 -0.537909 1.507033 0.0 -0.940343 -1.137086 -17.206498 -0.178479 0.042819 14.167834 115.0
207 2130.0 -0.519351 1.503213 0.0 -0.923495 -1.137086 -17.206498 -0.178479 0.042819 14.167834 115.0
208 2130.0 -0.53039 1.51515 0.0 -0.935196 -1.137086 -17.206498 -0.178479 0.042819 14.167834 115.0
209 2130.0 -0.534454 1.48794 0.0 -0.934013 -1.137086 -17.206498 -0.178479 0.042819 14.167834 115.0
210 2130.0 -0.525131 1.484078 0.0 -0.925211 -1.137086 -17.206498 -0.178479 0.042819 14.167834 115.0
211 2130.0 -0.542942 1.47828 0.0 -0.939737 -1.137086 -17.206498 -0.178479 0.042819 14.167834 115.0
212 2130.0 -0.51818 1.461013 0.0 -0.91514 -1.137086 -17.206498 -0.178479 0.042819 14.167834 115.0
213 2130.0 -0.510081 1.476179 0.0 -0.910713 -1.137086 -17.206498 -0.178479 0.042819 14.167834 115.0
214 2130.0 -0.525929 1.480837 0.0 -0.925344 -1.137086 -17.206498 -0.178479 0.042819 14.167834 115.0
215 2130.0 -0.516306 1.504693 0.0 -0.921096 -1.137086 -17.206498 -0.178479 0.042819 14.167834 115.0
216 2130.0 -0.506577 1.511285 0.0 -0.913756 -1.137086 -17.206498 -0.178479 0.042819 14.167834 115.0
217 2130.0 -0.500601 1.512202 0.0 -0.908704 -1.137086 -17.206498 -0.178479 0.042819 14.167834 115.0
218 2130.0 -0.494602 1.494141 0.0 -0.900334 -1.137086 -17.206498 -0.178479 0.042819 14.167834 115.0
219 2130.0 -0.474381 1.49585 0.0 -0.882995 -1.137086 -17.206498 -0.178479 0.042819 14.167834 115.0
220 2130.0 -0.476579 1.488927 0.0 -0.883709 -1.137086 -17.206498 -0.178479 0.042819 14.167834 115.0
221 2130.0 -0.46313 1.496067 0.0 -0.87322 -1.137086 -17.206498 -0.178479 0.042819 14.167834 115.0
222 2130.0 -0.460703 1.492512 0.0 -0.870486 -1.137086 -17.206498 -0.178479 0.042819 14.167834 115.0
223 2130.0 -0.456205 1.481514 0.0 -0.864652 -1.137086 -17.206498 -0.178479 0.042819 14.167834 115.0
224 2130.0 -0.464919 1.483638 0.0 -0.872621 -1.137086 -17.206498 -0.178479 0.042819 14.167834 115.0
225 2130.0 -0.472725 1.497484 0.0 -0.881834 -1.137086 -17.206498 -0.178479 0.042819 14.167834 115.0
226 2130.0 -0.471628 1.481231 0.0 -0.878054 -1.137086 -17.206498 -0.178479 0.042819 14.167834 115.0
227 2130.0 -0.473347 1.484736 0.0 -0.880162 -1.137086 -17.206498 -0.178479 0.042819 14.167834 115.0
228 2130.0 -0.465583 1.493653 0.0 -0.874941 -1.137086 -17.206498 -0.178479 0.042819 14.167834 115.0
229 2130.0 -0.454205 1.509177 0.0 -0.867715 -1.137086 -17.206498 -0.178479 0.042819 14.167834 115.0
230 2130.0 -0.472355 1.480915 0.0 -0.878633 -1.137086 -17.206498 -0.178479 0.042819 14.167834 115.0
231 2130.0 -0.459291 1.492518 0.0 -0.869256 -1.137086 -17.206498 -0.178479 0.042819 14.167834 115.0
232 2130.0 -0.461716 1.492181 0.0 -0.871312 -1.137086 -17.206498 -0.178479 0.042819 14.167834 115.0
233 2130.0 -0.488347 1.486545 0.0 -0.893559 -1.137086 -17.206498 -0.178479 0.042819 14.167834 115.0
234 2130.0 -0.467128 1.495521 0.0 -0.876612 -1.137086 -17.206498 -0.178479 0.042819 14.167834 115.0
235 2130.0 -0.464226 1.492453 0.0 -0.873549 -1.137086 -17.206498 -0.178479 0.042819 14.167834 115.0
236 2130.0 -0.458261 1.487709 0.0 -0.867521 -1.137086 -17.206498 -0.178479 0.042819 14.167834 115.0
237 2130.0 -0.462256 1.483527 0.0 -0.870279 -1.137086 -17.206498 -0.178479 0.042819 14.167834 115.0
238 2130.0 -0.448117 1.490908 0.0 -0.859231 -1.137086 -17.206498 -0.178479 0.042819 14.167834 115.0
239 2130.0 -0.454793 1.511884 0.0 -0.868698 -1.137086 -17.206498 -0.178479 0.042819 14.167834 115.0
240 2130.0 -0.441474 1.503031 0.0 -0.855543 -1.137086 -17.206498 -0.178479 0.042819 14.167834 115.0
241 2130.0 -0.442564 1.499524 0.0 -0.855884 -1.137086 -17.206498 -0.178479 0.042819 14.167834 115.0
242 2130.0 -0.44482 1.502751 0.0 -0.858413 -1.137086 -17.206498 -0.178479 0.042819 14.167834 115.0
243 2130.0 -0.444418 1.51392 0.0 -0.860003 -1.137086 -17.206498 -0.178479 0.042819 14.167834 115.0
244 2130.0 -0.472061 1.482854 0.0 -0.878714 -1.137086 -17.206498 -0.178479 0.042819 14.167834 115.0
245 2130.0 -0.477378 1.483703 0.0 -0.883498 -1.137086 -17.206498 -0.178479 0.042819 14.167834 115.0
246 2130.0 -0.513404 1.48822 0.0 -0.915703 -1.137086 -17.206498 -0.178479 0.042819 14.167834 115.0
247 2130.0 -0.503054 1.489561 0.0 -0.90691 -1.137086 -17.206498 -0.178479 0.042819 14.167834 115.0
248 2130.0 -0.479354 1.52165 0.0 -0.891815 -1.137086 -17.206498 -0.178479 0.042819 14.167834 115.0
249 2130.0 -0.465219 1.522206 0.0 -0.879584 -1.137086 -17.206498 -0.178479 0.042819 14.167834 115.0
250 2130.0 -0.487052 1.521471 0.0 -0.898498 -1.137086 -17.206498 -0.178479 0.042819 14.167834 115.0
251 2130.0 -0.483075 1.505586 0.0 -0.89227 -1.137086 -17.206498 -0.178479 0.042819 14.167834 115.0
252 2130.0 -0.480553 1.516109 0.0 -0.891898 -1.137086 -17.206498 -0.178479 0.042819 14.167834 115.0
253 2130.0 -0.487846 1.528738 0.0 -0.900453 -1.137086 -17.206498 -0.178479 0.042819 14.167834 115.0
254 2130.0 -0.488485 1.500501 0.0 -0.896104 -1.137086 -17.206498 -0.178479 0.042819 14.167834 115.0
255 2130.0 -0.496372 1.48238 0.0 -0.899834 -1.137086 -17.206498 -0.178479 0.042819 14.167834 115.0
256 2130.0 -0.506225 1.482526 0.0 -0.908452 -1.137086 -17.206498 -0.178479 0.042819 14.167834 115.0
257 2130.0 -0.500437 1.491426 0.0 -0.904951 -1.137086 -17.206498 -0.178479 0.042819 14.167834 115.0
258 2130.0 -0.488409 1.505714 0.0 -0.896944 -1.137086 -17.206498 -0.178479 0.042819 14.167834 115.0
259 2130.0 -0.48512 1.514915 0.0 -0.895674 -1.137086 -17.206498 -0.178479 0.042819 14.167834 115.0
260 2130.0 -0.464475 1.515325 0.0 -0.87774 -1.137086 -17.206498 -0.178479 0.042819 14.167834 115.0
261 2130.0 -0.478256 1.51643 0.0 -0.88995 -1.137086 -17.206498 -0.178479 0.042819 14.167834 115.0
262 2130.0 -0.479205 1.518474 0.0 -0.891133 -1.137086 -17.206498 -0.178479 0.042819 14.167834 115.0
263 2130.0 -0.445475 1.508341 0.0 -0.859956 -1.137086 -17.206498 -0.178479 0.042819 14.167834 115.0
264 2130.0 -0.470787 1.524045 0.0 -0.88476 -1.137086 -17.206498 -0.178479 0.042819 14.167834 115.0
265 2130.0 -0.460415 1.514801 0.0 -0.874107 -1.137086 -17.206498 -0.178479 0.042819 14.167834 115.0
266 2130.0 -0.489751 1.519947 0.0 -0.900587 -1.137086 -17.206498 -0.178479 0.042819 14.167834 115.0
267 2130.0 -0.500731 1.490812 0.0 -0.905101 -1.137086 -17.206498 -0.178479 0.042819 14.167834 115.0
268 2130.0 -0.51817 1.481041 0.0 -0.918612 -1.137086 -17.206498 -0.178479 0.042819 14.167834 115.0
269 2130.0 -0.511206 1.48217 0.0 -0.912735 -1.137086 -17.206498 -0.178479 0.042819 14.167834 115.0
270 2130.0 -0.530839 1.474585 0.0 -0.92854 -1.137086 -17.206498 -0.178479 0.042819 14.167834 115.0
271 2130.0 -0.523963 1.473616 0.0 -0.922374 -1.137086 -17.206498 -0.178479 0.042819 14.167834 115.0
272 2130.0 -0.511615 1.472146 0.0 -0.91135 -1.137086 -17.206498 -0.178479 0.042819 14.167834 115.0
273 2130.0 -0.533081 1.493262 0.0 -0.93374 -1.137086 -17.206498 -0.178479 0.042819 14.167834 115.0
274 2130.0 -0.524221 1.478678 0.0 -0.923479 -1.137086 -17.206498 -0.178479 0.042819 14.167834 115.0
275 2130.0 -0.51816 1.47288 0.0 -0.917186 -1.137086 -17.206498 -0.178479 0.042819 14.167834 115.0
276 2130.0 -0.519102 1.469767 0.0 -0.917466 -1.137086 -17.206498 -0.178479 0.042819 14.167834 115.0
277 2130.0 -0.530564 1.478905 0.0 -0.929051 -1.137086 -17.206498 -0.178479 0.042819 14.167834 115.0
278 2130.0 -0.547523 1.488798 0.0 -0.94556 -1.137086 -17.206498 -0.178479 0.042819 14.167834 115.0
279 2130.0 -0.546178 1.471439 0.0 -0.941371 -1.137086 -17.206498 -0.178479 0.042819 14.167834 115.0
280 2130.0 -0.555487 1.463135 0.0 -0.948047 -1.137086 -17.206498 -0.178479 0.042819 14.167834 115.0
281 2130.0 -0.559179 1.465467 0.0 -0.951672 -1.137086 -17.206498 -0.178479 0.042819 14.167834 115.0
282 2130.0 -0.544202 1.432134 0.0 -0.932818 -1.137086 -17.206498 -0.178479 0.042819 14.167834 115.0
283 2130.0 -0.543974 1.424085 0.0 -0.931221 -1.137086 -17.206498 -0.178479 0.042819 14.167834 115.0
284 2130.0 -0.566701 1.435599 0.0 -0.953042 -1.137086 -17.206498 -0.178479 0.042819 14.167834 115.0
285 2130.0 -0.583235 1.470151 0.0 -0.972352 -1.137086 -17.206498 -0.178479 0.042819 14.167834 115.0
286 2130.0 -0.573439 1.462959 0.0 -0.963183 -1.137086 -17.206498 -0.178479 0.042819 14.167834 115.0
287 2130.0 -0.569577 1.446225 0.0 -0.957397 -1.137086 -17.206498 -0.178479 0.042819 14.167834 115.0
