 time p.x p.y p.z deep.node-0 CV opes.bias opes.rct opes.zed opes.neff opes.nker
0 65.0 -0.442093 1.51476 0.0 -0.858121 -0.12988 -1.916721 -0.711972 0.166633 1.021032 6.0
1 65.0 -0.464043 1.533325 0.0 -0.880491 -0.12988 -1.916721 -0.711972 0.166633 1.021032 6.0
2 65.0 -0.473999 1.503453 0.0 -0.883983 -0.12988 -1.916721 -0.711972 0.166633 1.021032 6.0
3 65.0 -0.482729 1.525094 0.0 -0.895357 -0.12988 -1.916721 -0.711972 0.166633 1.021032 6.0
4 65.0 -0.475604 1.530099 0.0 -0.890013 -0.12988 -1.916721 -0.711972 0.166633 1.021032 6.0
5 65.0 -0.495332 1.531208 0.0 -0.907411 -0.12988 -1.916721 -0.711972 0.166633 1.021032 6.0
6 65.0 -0.476865 1.514433 0.0 -0.88839 -0.12988 -1.916721 -0.711972 0.166633 1.021032 6.0
7 65.0 -0.484437 1.521617 0.0 -0.896242 -0.12988 -1.916721 -0.711972 0.166633 1.021032 6.0
8 65.0 -0.511936 1.505049 0.0 -0.917346 -0.12988 -1.916721 -0.711972 0.166633 1.021032 6.0
9 65.0 -0.527332 1.507162 0.0 -0.931142 -0.12988 -1.916721 -0.711972 0.166633 1.021032 6.0
10 65.0 -0.524277 1.473006 0.0 -0.922542 -0.12988 -1.916721 -0.711972 0.166633 1.021032 6.0
11 65.0 -0.544146 1.471127 0.0 -0.939545 -0.12988 -1.916721 -0.711972 0.166633 1.021032 6.0
12 65.0 -0.54014 1.433604 0.0 -0.929531 -0.12988 -1.916721 -0.711972 0.166633 1.021032 6.0
13 65.0 -0.542477 1.425896 0.0 -0.930229 -0.12988 -1.916721 -0.711972 0.166633 1.021032 6.0
14 65.0 -0.567454 1.409963 0.0 -0.942168 -0.12988 -1.916721 -0.711972 0.166633 1.021032 6.0
15 65.0 -0.586967 1.385955 0.0 -0.936327 -0.12988 -1.916721 -0.711972 0.166633 1.021032 6.0
16 65.0 -0.572957 1.386153 0.0 -0.926856 -0.12988 -1.916721 -0.711972 0.166633 1.021032 6.0
17 65.0 -0.581948 1.385241 0.0 -0.932222 -0.12988 -1.916721 -0.711972 0.166633 1.021032 6.0
18 65.0 -0.572612 1.393964 0.0 -0.933702 -0.12988 -1.916721 -0.711972 0.166633 1.021032 6.0
19 65.0 -0.618375 1.387299 0.0 -0.958097 -0.12988 -1.916721 -0.711972 0.166633 1.021032 6.0
20 65.0 -0.620122 1.410363 0.0 -0.973928 -0.12988 -1.916721 -0.711972 0.166633 1.021032 6.0
21 65.0 -0.592329 1.430961 0.0 -0.969706 -0.12988 -1.916721 -0.711972 0.166633 1.021032 6.0
22 65.0 -0.612252 1.433071 0.0 -0.982497 -0.12988 -1.916721 -0.711972 0.166633 1.021032 6.0
23 65.0 -0.637897 1.42781 0.0 -0.994344 -0.12988 -1.916721 -0.711972 0.166633 1.021032 6.0
24 65.0 -0.612868 1.421193 0.0 -0.975981 -0.12988 -1.916721 -0.711972 0.166633 1.021032 6.0
25 65.0 -0.592565 1.420903 0.0 -0.964024 -0.12988 -1.916721 -0.711972 0.166633 1.021032 6.0
26 65.0 -0.561288 1.426291 0.0 -0.945987 -0.12988 -1.916721 -0.711972 0.166633 1.021032 6.0
27 65.0 -0.587953 1.385184 0.0 -0.936306 -0.12988 -1.916721 -0.711972 0.166633 1.021032 6.0
28 65.0 -0.574829 1.372423 0.0 -0.915606 -0.12988 -1.916721 -0.711972 0.166633 1.021032 6.0
29 65.0 -0.606001 1.351175 0.0 -0.917328 -0.12988 -1.916721 -0.711972 0.166633 1.021032 6.0
30 65.0 -0.595077 1.3406 0.0 -0.901459 -0.12988 -1.916721 -0.711972 0.166633 1.021032 6.0
31 65.0 -0.58424 1.33883 0.0 -0.892505 -0.12988 -1.916721 -0.711972 0.166633 1.021032 6.0
32 65.0 -0.603557 1.341942 0.0 -0.908437 -0.12988 -1.916721 -0.711972 0.166633 1.021032 6.0
33 65.0 -0.599614 1.348852 0.0 -0.910818 -0.12988 -1.916721 -0.711972 0.166633 1.021032 6.0
34 65.0 -0.590572 1.336863 0.0 -0.895726 -0.12988 -1.916721 -0.711972 0.166633 1.021032 6.0
35 65.0 -0.589766 1.345612 0.0 -0.901099 -0.12988 -1.916721 -0.711972 0.166633 1.021032 6.0
36 65.0 -0.600292 1.392541 0.0 -0.951231 -0.12988 -1.916721 -0.711972 0.166633 1.021032 6.0
37 65.0 -0.604798 1.39902 0.0 -0.958466 -0.12988 -1.916721 -0.711972 0.166633 1.021032 6.0
38 65.0 -0.648961 1.378887 0.0 -0.969974 -0.12988 -1.916721 -0.711972 0.166633 1.021032 6.0
39 65.0 -0.662407 1.383258 0.0 -0.982427 -0.12988 -1.916721 -0.711972 0.166633 1.021032 6.0
40 65.0 -0.656367 1.390806 0.0 -0.983431 -0.12988 -1.916721 -0.711972 0.166633 1.021032 6.0
41 65.0 -0.611421 1.387547 0.0 -0.953898 -0.12988 -1.916721 -0.711972 0.166633 1.021032 6.0
42 65.0 -0.588642 1.405919 0.0 -0.953058 -0.12988 -1.916721 -0.711972 0.166633 1.021032 6.0
43 65.0 -0.566209 1.435655 0.0 -0.952623 -0.12988 -1.916721 -0.711972 0.166633 1.021032 6.0
44 65.0 -0.579269 1.416673 0.0 -0.953621 -0.12988 -1.916721 -0.711972 0.166633 1.021032 6.0
45 65.0 -0.565823 1.445622 0.0 -0.954018 -0.12988 -1.916721 -0.711972 0.166633 1.021032 6.0
46 65.0 -0.546037 1.456648 0.0 -0.938678 -0.12988 -1.916721 -0.711972 0.166633 1.021032 6.0
47 65.0 -0.54867 1.49718 0.0 -0.947971 -0.12988 -1.916721 -0.711972 0.166633 1.021032 6.0
48 65.0 -0.523604 1.473811 0.0 -0.922095 -0.12988 -1.916721 -0.711972 0.166633 1.021032 6.0
49 65.0 -0.491161 1.478121 0.0 -0.894549 -0.12988 -1.916721 -0.711972 0.166633 1.021032 6.0
50 65.0 -0.495011 1.506141 0.0 -0.902776 -0.12988 -1.916721 -0.711972 0.166633 1.021032 6.0
51 65.0 -0.521298 1.494636 0.0 -0.923702 -0.12988 -1.916721 -0.711972 0.166633 1.021032 6.0
52 65.0 -0.483772 1.47804 0.0 -0.88809 -0.12988 -1.916721 -0.711972 0.166633 1.021032 6.0
53 65.0 -0.515817 1.48634 0.0 -0.917481 -0.12988 -1.916721 -0.711972 0.166633 1.021032 6.0
54 65.0 -0.518748 1.500605 0.0 -0.922516 -0.12988 -1.916721 -0.711972 0.166633 1.021032 6.0
55 65.0 -0.483441 1.492526 0.0 -0.89032 -0.12988 -1.916721 -0.711972 0.166633 1.021032 6.0
56 65.0 -0.480974 1.49818 0.0 -0.88915 -0.12988 -1.916721 -0.711972 0.166633 1.021032 6.0
57 65.0 -0.484392 1.498595 0.0 -0.892203 -0.12988 -1.916721 -0.711972 0.166633 1.021032 6.0
58 65.0 -0.475727 1.491894 0.0 -0.883482 -0.12988 -1.916721 -0.711972 0.166633 1.021032 6.0
59 65.0 -0.474496 1.507614 0.0 -0.88514 -0.12988 -1.916721 -0.711972 0.166633 1.021032 6.0
60 65.0 -0.450254 1.505064 0.0 -0.863554 -0.12988 -1.916721 -0.711972 0.166633 1.021032 6.0
61 65.0 -0.4447 1.513793 0.0 -0.860227 -0.12988 -1.916721 -0.711972 0.166633 1.021032 6.0
62 65.0 -0.453922 1.518036 0.0 -0.869007 -0.12988 -1.916721 -0.711972 0.166633 1.021032 6.0
63 65.0 -0.451748 1.511574 0.0 -0.865988 -0.12988 -1.916721 -0.711972 0.166633 1.021032 6.0
64 65.0 -0.447839 1.507377 0.0 -0.861849 -0.12988 -1.916721 -0.711972 0.166633 1.021032 6.0
65 65.0 -0.454699 1.512455 0.0 -0.868715 -0.12988 -1.916721 -0.711972 0.166633 1.021032 6.0
66 65.0 -0.471687 1.520896 0.0 -0.884997 -0.12988 -1.916721 -0.711972 0.166633 1.021032 6.0
67 65.0 -0.454443 1.541192 0.0 -0.873485 -0.12988 -1.916721 -0.711972 0.166633 1.021032 6.0
68 65.0 -0.431726 1.522696 0.0 -0.850459 -0.12988 -1.916721 -0.711972 0.166633 1.021032 6.0
69 65.0 -0.449055 1.517094 0.0 -0.864598 -0.12988 -1.916721 -0.711972 0.166633 1.021032 6.0
70 65.0 -0.413256 1.531338 0.0 -0.835852 -0.12988 -1.916721 -0.711972 0.166633 1.021032 6.0
71 65.0 -0.437752 1.530284 0.0 -0.857032 -0.12988 -1.916721 -0.711972 0.166633 1.021032 6.0
72 65.0 -0.449868 1.51046 0.0 -0.864155 -0.12988 -1.916721 -0.711972 0.166633 1.021032 6.0
73 65.0 -0.446639 1.519889 0.0 -0.862977 -0.12988 -1.916721 -0.711972 0.166633 1.021032 6.0
74 65.0 -0.466909 1.533739 0.0 -0.883062 -0.12988 -1.916721 -0.711972 0.166633 1.021032 6.0
75 65.0 -0.488043 1.52666 0.0 -0.900264 -0.12988 -1.916721 -0.711972 0.166633 1.021032 6.0
76 65.0 -0.500242 1.511216 0.0 -0.90822 -0.12988 -1.916721 -0.711972 0.166633 1.021032 6.0
77 65.0 -0.491641 1.485767 0.0 -0.896297 -0.12988 -1.916721 -0.711972 0.166633 1.021032 6.0
78 65.0 -0.482421 1.472282 0.0 -0.885912 -0.12988 -1.916721 -0.711972 0.166633 1.021032 6.0
79 65.0 -0.510339 1.478359 0.0 -0.911317 -0.12988 -1.916721 -0.711972 0.166633 1.021032 6.0
80 65.0 -0.503684 1.47141 0.0 -0.904305 -0.12988 -1.916721 -0.711972 0.166633 1.021032 6.0
81 65.0 -0.49528 1.47926 0.0 -0.898339 -0.12988 -1.916721 -0.711972 0.166633 1.021032 6.0
82 65.0 -0.493802 1.485971 0.0 -0.898216 -0.12988 -1.916721 -0.711972 0.166633 1.021032 6.0
83 65.0 -0.491215 1.498137 0.0 -0.898074 -0.12988 -1.916721 -0.711972 0.166633 1.021032 6.0
84 65.0 -0.491658 1.507337 0.0 -0.900059 -0.12988 -1.916721 -0.711972 0.166633 1.021032 6.0
85 65.0 -0.507664 1.49855 0.0 -0.912492 -0.12988 -1.916721 -0.711972 0.166633 1.021032 6.0
86 65.0 -0.515315 1.504187 0.0 -0.920144 -0.12988 -1.916721 -0.711972 0.166633 1.021032 6.0
87 65.0 -0.510629 1.465585 0.0 -0.90935 -0.12988 -1.916721 -0.711972 0.166633 1.021032 6.0
88 65.0 -0.53619 1.500211 0.0 -0.937659 -0.12988 -1.916721 -0.711972 0.166633 1.021032 6.0
89 65.0 -0.532114 1.520115 0.0 -0.937562 -0.12988 -1.916721 -0.711972 0.166633 1.021032 6.0
90 65.0 -0.539792 1.509111 0.0 -0.942347 -0.12988 -1.916721 -0.711972 0.166633 1.021032 6.0
91 65.0 -0.531502 1.496992 0.0 -0.933011 -0.12988 -1.916721 -0.711972 0.166633 1.021032 6.0
92 65.0 -0.514555 1.486166 0.0 -0.91635 -0.12988 -1.916721 -0.711972 0.166633 1.021032 6.0
93 65.0 -0.49845 1.479065 0.0 -0.90107 -0.12988 -1.916721 -0.711972 0.166633 1.021032 6.0
94 65.0 -0.493451 1.484787 0.0 -0.897704 -0.12988 -1.916721 -0.711972 0.166633 1.021032 6.0
95 65.0 -0.498481 1.498681 0.0 -0.904505 -0.12988 -1.916721 -0.711972 0.166633 1.021032 6.0
96 65.0 -0.484132 1.516185 0.0 -0.895033 -0.12988 -1.916721 -0.711972 0.166633 1.021032 6.0
97 65.0 -0.502247 1.536392 0.0 -0.914342 -0.12988 -1.916721 -0.711972 0.166633 1.021032 6.0
98 65.0 -0.480883 1.529764 0.0 -0.894558 -0.12988 -1.916721 -0.711972 0.166633 1.021032 6.0
99 65.0 -0.485096 1.529863 0.0 -0.89825 -0.12988 -1.916721 -0.711972 0.166633 1.021032 6.0
100 65.0 -0.465142 1.503101 0.0 -0.876197 -0.12988 -1.916721 -0.711972 0.166633 1.021032 6.0
101 65.0 -0.485273 1.500643 0.0 -0.893327 -0.12988 -1.916721 -0.711972 0.166633 1.021032 6.0
102 65.0 -0.474082 1.522838 0.0 -0.887423 -0.12988 -1.916721 -0.711972 0.166633 1.021032 6.0
103 65.0 -0.489054 1.531788 0.0 -0.902037 -0.12988 -1.916721 -0.711972 0.166633 1.021032 6.0
104 65.0 -0.481641 1.567514 0.0 -0.901779 -0.12988 -1.916721 -0.711972 0.166633 1.021032 6.0
105 65.0 -0.490373 1.570545 0.0 -0.909921 -0.12988 -1.916721 -0.711972 0.166633 1.021032 6.0
106 65.0 -0.478932 1.549518 0.0 -0.89629 -0.12988 -1.916721 -0.711972 0.166633 1.021032 6.0
107 65.0 -0.461329 1.559883 0.0 -0.882738 -0.12988 -1.916721 -0.711972 0.166633 1.021032 6.0
108 65.0 -0.44221 1.577892 0.0 -0.869193 -0.12988 -1.916721 -0.711972 0.166633 1.021032 6.0
109 65.0 -0.440936 1.560363 0.0 -0.865036 -0.12988 -1.916721 -0.711972 0.166633 1.021032 6.0
110 65.0 -0.459902 1.543624 0.0 -0.878669 -0.12988 -1.916721 -0.711972 0.166633 1.021032 6.0
111 65.0 -0.441503 1.544265 0.0 -0.862733 -0.12988 -1.916721 -0.711972 0.166633 1.021032 6.0
112 65.0 -0.474651 1.552188 0.0 -0.89302 -0.12988 -1.916721 -0.711972 0.166633 1.021032 6.0
113 65.0 -0.465202 1.543057 0.0 -0.883192 -0.12988 -1.916721 -0.711972 0.166633 1.021032 6.0
114 65.0 -0.485434 1.559445 0.0 -0.903685 -0.12988 -1.916721 -0.711972 0.166633 1.021032 6.0
115 65.0 -0.473552 1.534942 0.0 -0.889065 -0.12988 -1.916721 -0.711972 0.166633 1.021032 6.0
116 65.0 -0.450858 1.533429 0.0 -0.869009 -0.12988 -1.916721 -0.711972 0.166633 1.021032 6.0
117 65.0 -0.447741 1.544527 0.0 -0.868219 -0.12988 -1.916721 -0.711972 0.166633 1.021032 6.0
118 65.0 -0.45634 1.515545 0.0 -0.870683 -0.12988 -1.916721 -0.711972 0.166633 1.021032 6.0
119 65.0 -0.453944 1.51002 0.0 -0.867633 -0.12988 -1.916721 -0.711972 0.166633 1.021032 6.0
120 65.0 -0.475144 1.511311 0.0 -0.886347 -0.12988 -1.916721 -0.711972 0.166633 1.021032 6.0
121 65.0 -0.48621 1.533282 0.0 -0.899816 -0.12988 -1.916721 -0.711972 0.166633 1.021032 6.0
122 65.0 -0.469819 1.526823 0.0 -0.884398 -0.12988 -1.916721 -0.711972 0.166633 1.021032 6.0
123 65.0 -0.468513 1.539366 0.0 -0.885439 -0.12988 -1.916721 -0.711972 0.166633 1.021032 6.0
124 65.0 -0.464961 1.508249 0.0 -0.876934 -0.12988 -1.916721 -0.711972 0.166633 1.021032 6.0
125 65.0 -0.480028 1.514606 0.0 -0.891179 -0.12988 -1.916721 -0.711972 0.166633 1.021032 6.0
126 65.0 -0.486509 1.500848 0.0 -0.894441 -0.12988 -1.916721 -0.711972 0.166633 1.021032 6.0
127 65.0 -0.517158 1.494478 0.0 -0.920065 -0.12988 -1.916721 -0.711972 0.166633 1.021032 6.0
128 65.0 -0.526273 1.521066 0.0 -0.932634 -0.12988 -1.916721 -0.711972 0.166633 1.021032 6.0
129 65.0 -0.522991 1.488784 0.0 -0.924162 -0.12988 -1.916721 -0.711972 0.166633 1.021032 6.0
130 65.0 -0.550784 1.471573 0.0 -0.945411 -0.12988 -1.916721 -0.711972 0.166633 1.021032 6.0
131 65.0 -0.549559 1.467039 0.0 -0.943555 -0.12988 -1.916721 -0.711972 0.166633 1.021032 6.0
132 65.0 -0.521035 1.471504 0.0 -0.919453 -0.12988 -1.916721 -0.711972 0.166633 1.021032 6.0
133 65.0 -0.527191 1.468277 0.0 -0.924262 -0.12988 -1.916721 -0.711972 0.166633 1.021032 6.0
134 65.0 -0.527424 1.453948 0.0 -0.921975 -0.12988 -1.916721 -0.711972 0.166633 1.021032 6.0
135 65.0 -0.52639 1.485009 0.0 -0.92647 -0.12988 -1.916721 -0.711972 0.166633 1.021032 6.0
136 65.0 -0.545298 1.465505 0.0 -0.939572 -0.12988 -1.916721 -0.711972 0.166633 1.021032 6.0
137 65.0 -0.561531 1.46364 0.0 -0.953406 -0.12988 -1.916721 -0.711972 0.166633 1.021032 6.0
138 65.0 -0.551491 1.45319 0.0 -0.942834 -0.12988 -1.916721 -0.711972 0.166633 1.021032 6.0
139 65.0 -0.550366 1.430761 0.0 -0.937955 -0.12988 -1.916721 -0.711972 0.166633 1.021032 6.0
140 65.0 -0.55852 1.429985 0.0 -0.944932 -0.12988 -1.916721 -0.711972 0.166633 1.021032 6.0
141 65.0 -0.556996 1.425925 0.0 -0.942452 -0.12988 -1.916721 -0.711972 0.166633 1.021032 6.0
142 65.0 -0.551049 1.428037 0.0 -0.938078 -0.12988 -1.916721 -0.711972 0.166633 1.021032 6.0
143 65.0 -0.555326 1.43221 0.0 -0.942533 -0.12988 -1.916721 -0.711972 0.166633 1.021032 6.0
144 65.0 -0.554665 1.425796 0.0 -0.940559 -0.12988 -1.916721 -0.711972 0.166633 1.021032 6.0
145 65.0 -0.551897 1.404038 0.0 -0.928449 -0.12988 -1.916721 -0.711972 0.166633 1.021032 6.0
146 65.0 -0.538624 1.386599 0.0 -0.903594 -0.12988 -1.916721 -0.711972 0.166633 1.021032 6.0
147 65.0 -0.568854 1.386517 0.0 -0.92436 -0.12988 -1.916721 -0.711972 0.166633 1.021032 6.0
148 65.0 -0.572996 1.410511 0.0 -0.94598 -0.12988 -1.916721 -0.711972 0.166633 1.021032 6.0
149 65.0 -0.567702 1.393624 0.0 -0.930011 -0.12988 -1.916721 -0.711972 0.166633 1.021032 6.0
150 65.0 -0.605326 1.396968 0.0 -0.957585 -0.12988 -1.916721 -0.711972 0.166633 1.021032 6.0
151 65.0 -0.58921 1.396626 0.0 -0.94755 -0.12988 -1.916721 -0.711972 0.166633 1.021032 6.0
152 65.0 -0.601143 1.403348 0.0 -0.958848 -0.12988 -1.916721 -0.711972 0.166633 1.021032 6.0
153 65.0 -0.606313 1.420177 0.0 -0.971587 -0.12988 -1.916721 -0.711972 0.166633 1.021032 6.0
154 65.0 -0.603004 1.382746 0.0 -0.944222 -0.12988 -1.916721 -0.711972 0.166633 1.021032 6.0
155 65.0 -0.606481 1.39078 0.0 -0.95364 -0.12988 -1.916721 -0.711972 0.166633 1.021032 6.0
156 65.0 -0.608952 1.399056 0.0 -0.960899 -0.12988 -1.916721 -0.711972 0.166633 1.021032 6.0
157 65.0 -0.620826 1.392701 0.0 -0.964101 -0.12988 -1.916721 -0.711972 0.166633 1.021032 6.0
158 65.0 -0.636559 1.355854 0.0 -0.941348 -0.12988 -1.916721 -0.711972 0.166633 1.021032 6.0
159 65.0 -0.653405 1.371306 0.0 -0.965974 -0.12988 -1.916721 -0.711972 0.166633 1.021032 6.0
160 65.0 -0.626666 1.363066 0.0 -0.94155 -0.12988 -1.916721 -0.711972 0.166633 1.021032 6.0
161 65.0 -0.609101 1.348752 0.0 -0.917214 -0.12988 -1.916721 -0.711972 0.166633 1.021032 6.0
162 65.0 -0.627238 1.345867 0.0 -0.927515 -0.12988 -1.916721 -0.711972 0.166633 1.021032 6.0
163 65.0 -0.652013 1.320979 0.0 -0.927945 -0.12988 -1.916721 -0.711972 0.166633 1.021032 6.0
164 65.0 -0.673671 1.328708 0.0 -0.947446 -0.12988 -1.916721 -0.711972 0.166633 1.021032 6.0
165 65.0 -0.658322 1.325753 0.0 -0.935262 -0.12988 -1.916721 -0.711972 0.166633 1.021032 6.0
166 65.0 -0.679207 1.326284 0.0 -0.949578 -0.12988 -1.916721 -0.711972 0.166633 1.021032 6.0
167 65.0 -0.681679 1.355818 0.0 -0.970387 -0.12988 -1.916721 -0.711972 0.166633 1.021032 6.0
168 65.0 -0.66274 1.332102 0.0 -0.942335 -0.12988 -1.916721 -0.711972 0.166633 1.021032 6.0
169 65.0 -0.646532 1.317062 0.0 -0.921738 -0.12988 -1.916721 -0.711972 0.166633 1.021032 6.0
170 65.0 -0.646157 1.324677 0.0 -0.926427 -0.12988 -1.916721 -0.711972 0.166633 1.021032 6.0
171 65.0 -0.658939 1.335522 0.0 -0.942011 -0.12988 -1.916721 -0.711972 0.166633 1.021032 6.0
172 65.0 -0.662889 1.322803 0.0 -0.936404 -0.12988 -1.916721 -0.711972 0.166633 1.021032 6.0
173 65.0 -0.649726 1.332684 0.0 -0.934007 -0.12988 -1.916721 -0.711972 0.166633 1.021032 6.0
174 65.0 -0.650668 1.341571 0.0 -0.940401 -0.12988 -1.916721 -0.711972 0.166633 1.021032 6.0
175 65.0 -0.67337 1.338506 0.0 -0.953599 -0.12988 -1.916721 -0.711972 0.166633 1.021032 6.0
176 65.0 -0.663941 1.355301 0.0 -0.958263 -0.12988 -1.916721 -0.711972 0.166633 1.021032 6.0
177 65.0 -0.650458 1.357026 0.0 -0.951243 -0.12988 -1.916721 -0.711972 0.166633 1.021032 6.0
178 65.0 -0.677746 1.373943 0.0 -0.983828 -0.12988 -1.916721 -0.711972 0.166633 1.021032 6.0
179 65.0 -0.6569 1.392945 0.0 -0.985008 -0.12988 -1.916721 -0.711972 0.166633 1.021032 6.0
180 65.0 -0.62957 1.394691 0.0 -0.970315 -0.12988 -1.916721 -0.711972 0.166633 1.021032 6.0
181 65.0 -0.611739 1.385734 0.0 -0.952467 -0.12988 -1.916721 -0.711972 0.166633 1.021032 6.0
182 65.0 -0.594575 1.373589 0.0 -0.930182 -0.12988 -1.916721 -0.711972 0.166633 1.021032 6.0
183 65.0 -0.580208 1.403517 0.0 -0.946315 -0.12988 -1.916721 -0.711972 0.166633 1.021032 6.0
184 65.0 -0.597486 1.409784 0.0 -0.960448 -0.12988 -1.916721 -0.711972 0.166633 1.021032 6.0
185 65.0 -0.586528 1.433272 0.0 -0.967555 -0.12988 -1.916721 -0.711972 0.166633 1.021032 6.0
186 65.0 -0.567763 1.425692 0.0 -0.950877 -0.12988 -1.916721 -0.711972 0.166633 1.021032 6.0
187 65.0 -0.579899 1.411908 0.0 -0.951158 -0.12988 -1.916721 -0.711972 0.166633 1.021032 6.0
188 65.0 -0.579726 1.434048 0.0 -0.963398 -0.12988 -1.916721 -0.711972 0.166633 1.021032 6.0
189 65.0 -0.569396 1.426518 0.0 -0.952487 -0.12988 -1.916721 -0.711972 0.166633 1.021032 6.0
190 65.0 -0.531563 1.434229 0.0 -0.922159 -0.12988 -1.916721 -0.711972 0.166633 1.021032 6.0
191 65.0 -0.5285 1.432643 0.0 -0.919212 -0.12988 -1.916721 -0.711972 0.166633 1.021032 6.0
192 65.0 -0.528911 1.431526 0.0 -0.919376 -0.12988 -1.916721 -0.711972 0.166633 1.021032 6.0
193 65.0 -0.514456 1.440868 0.0 -0.908393 -0.12988 -1.916721 -0.711972 0.166633 1.021032 6.0
194 65.0 -0.519595 1.428901 0.0 -0.910796 -0.12988 -1.916721 -0.711972 0.166633 1.021032 6.0
195 65.0 -0.520501 1.439687 0.0 -0.91346 -0.12988 -1.916721 -0.711972 0.166633 1.021032 6.0
196 65.0 -0.508481 1.465668 0.0 -0.907491 -0.12988 -1.916721 -0.711972 0.166633 1.021032 6.0
197 65.0 -0.493159 1.446007 0.0 -0.890712 -0.12988 -1.916721 -0.711972 0.166633 1.021032 6.0
198 65.0 -0.510695 1.454391 0.0 -0.907462 -0.12988 -1.916721 -0.711972 0.166633 1.021032 6.0
199 65.0 -0.541218 1.438901 0.0 -0.931391 -0.12988 -1.916721 -0.711972 0.166633 1.021032 6.0
200 65.0 -0.557997 1.403073 0.0 -0.931896 -0.12988 -1.916721 -0.711972 0.166633 1.021032 6.0
201 65.0 -0.584726 1.41003 0.0 -0.953063 -0.12988 -1.916721 -0.711972 0.166633 1.021032 6.0
202 65.0 -0.574028 1.420196 0.0 -0.952442 -0.12988 -1.916721 -0.711972 0.166633 1.021032 6.0
203 65.0 -0.586106 1.437485 0.0 -0.969226 -0.12988 -1.916721 -0.711972 0.166633 1.021032 6.0
204 65.0 -0.57539 1.431853 0.0 -0.959287 -0.12988 -1.916721 -0.711972 0.166633 1.021032 6.0
205 65.0 -0.562336 1.443564 0.0 -0.950619 -0.12988 -1.916721 -0.711972 0.166633 1.021032 6.0
206 65.0 -0.568442 1.417378 0.0 -0.94724 -0.12988 -1.916721 -0.711972 0.166633 1.021032 6.0
207 65.0 -0.598382 1.42621 0.0 -0.970473 -0.12988 -1.916721 -0.711972 0.166633 1.021032 6.0
208 65.0 -0.614965 1.417102 0.0 -0.974832 -0.12988 -1.916721 -0.711972 0.166633 1.021032 6.0
209 65.0 -0.593972 1.396364 0.0 -0.950564 -0.12988 -1.916721 -0.711972 0.166633 1.021032 6.0
210 65.0 -0.605642 1.40083 0.0 -0.960004 -0.12988 -1.916721 -0.711972 0.166633 1.021032 6.0
211 65.0 -0.593675 1.401513 0.0 -0.95345 -0.12988 -1.916721 -0.711972 0.166633 1.021032 6.0
212 65.0 -0.580235 1.382249 0.0 -0.928329 -0.12988 -1.916721 -0.711972 0.166633 1.021032 6.0
213 65.0 -0.571722 1.370825 0.0 -0.912008 -0.12988 -1.916721 -0.711972 0.166633 1.021032 6.0
214 65.0 -0.573173 1.376803 0.0 -0.918511 -0.12988 -1.916721 -0.711972 0.166633 1.021032 6.0
215 65.0 -0.555949 1.369981 0.0 -0.900445 -0.12988 -1.916721 -0.711972 0.166633 1.021032 6.0
216 65.0 -0.568781 1.3934 0.0 -0.930551 -0.12988 -1.916721 -0.711972 0.166633 1.021032 6.0
217 65.0 -0.586913 1.418558 0.0 -0.959385 -0.12988 -1.916721 -0.711972 0.166633 1.021032 6.0
218 65.0 -0.605158 1.403712 0.0 -0.96139 -0.12988 -1.916721 -0.711972 0.166633 1.021032 6.0
219 65.0 -0.603714 1.378762 0.0 -0.941087 -0.12988 -1.916721 -0.711972 0.166633 1.021032 6.0
220 65.0 -0.603178 1.354602 0.0 -0.918557 -0.12988 -1.916721 -0.711972 0.166633 1.021032 6.0
221 65.0 -0.624644 1.38258 0.0 -0.957835 -0.12988 -1.916721 -0.711972 0.166633 1.021032 6.0
222 65.0 -0.615836 1.382166 0.0 -0.95186 -0.12988 -1.916721 -0.711972 0.166633 1.021032 6.0
223 65.0 -0.624822 1.356467 0.0 -0.934436 -0.12988 -1.916721 -0.711972 0.166633 1.021032 6.0
224 65.0 -0.643981 1.359992 0.0 -0.949794 -0.12988 -1.916721 -0.711972 0.166633 1.021032 6.0
225 65.0 -0.629516 1.359572 0.0 -0.940218 -0.12988 -1.916721 -0.711972 0.166633 1.021032 6.0
226 65.0 -0.639187 1.349533 0.0 -0.937886 -0.12988 -1.916721 -0.711972 0.166633 1.021032 6.0
227 65.0 -0.648602 1.367787 0.0 -0.959751 -0.12988 -1.916721 -0.711972 0.166633 1.021032 6.0
228 65.0 -0.634858 1.354931 0.0 -0.939435 -0.12988 -1.916721 -0.711972 0.166633 1.021032 6.0
229 65.0 -0.623297 1.372834 0.0 -0.948203 -0.12988 -1.916721 -0.711972 0.166633 1.021032 6.0
230 65.0 -0.6075 1.358092 0.0 -0.92473 -0.12988 -1.916721 -0.711972 0.166633 1.021032 6.0
231 65.0 -0.602168 1.358245 0.0 -0.921225 -0.12988 -1.916721 -0.711972 0.166633 1.021032 6.0
232 65.0 -0.606014 1.357237 0.0 -0.922926 -0.12988 -1.916721 -0.711972 0.166633 1.021032 6.0
233 65.0 -0.602422 1.369548 0.0 -0.931821 -0.12988 -1.916721 -0.711972 0.166633 1.021032 6.0
234 65.0 -0.599615 1.372255 0.0 -0.932397 -0.12988 -1.916721 -0.711972 0.166633 1.021032 6.0
235 65.0 -0.595626 1.385298 0.0 -0.941696 -0.12988 -1.916721 -0.711972 0.166633 1.021032 6.0
236 65.0 -0.576847 1.398458 0.0 -0.940695 -0.12988 -1.916721 -0.711972 0.166633 1.021032 6.0
237 65.0 -0.562707 1.387408 0.0 -0.920933 -0.12988 -1.916721 -0.711972 0.166633 1.021032 6.0
238 65.0 -0.574861 1.406118 0.0 -0.944516 -0.12988 -1.916721 -0.711972 0.166633 1.021032 6.0
239 65.0 -0.57859 1.40399 0.0 -0.945582 -0.12988 -1.916721 -0.711972 0.166633 1.021032 6.0
240 65.0 -0.574009 1.414871 0.0 -0.949234 -0.12988 -1.916721 -0.711972 0.166633 1.021032 6.0
241 65.0 -0.557465 1.409167 0.0 -0.935324 -0.12988 -1.916721 -0.711972 0.166633 1.021032 6.0
242 65.0 -0.551385 1.401523 0.0 -0.925883 -0.12988 -1.916721 -0.711972 0.166633 1.021032 6.0
243 65.0 -0.570462 1.41358 0.0 -0.94623 -0.12988 -1.916721 -0.711972 0.166633 1.021032 6.0
244 65.0 -0.570168 1.425181 0.0 -0.952581 -0.12988 -1.916721 -0.711972 0.166633 1.021032 6.0
245 65.0 -0.57063 1.429145 0.0 -0.954477 -0.12988 -1.916721 -0.711972 0.166633 1.021032 6.0
246 65.0 -0.55767 1.414201 0.0 -0.938205 -0.12988 -1.916721 -0.711972 0.166633 1.021032 6.0
247 65.0 -0.556147 1.428909 0.0 -0.942675 -0.12988 -1.916721 -0.711972 0.166633 1.021032 6.0
248 65.0 -0.566836 1.421701 0.0 -0.948603 -0.12988 -1.916721 -0.711972 0.166633 1.021032 6.0
249 65.0 -0.568961 1.396947 0.0 -0.933893 -0.12988 -1.916721 -0.711972 0.166633 1.021032 6.0
250 65.0 -0.597658 1.392018 0.0 -0.94908 -0.12988 -1.916721 -0.711972 0.166633 1.021032 6.0
251 65.0 -0.600389 1.38732 0.0 -0.946671 -0.12988 -1.916721 -0.711972 0.166633 1.021032 6.0
252 65.0 -0.570926 1.425035 0.0 -0.953103 -0.12988 -1.916721 -0.711972 0.166633 1.021032 6.0
253 65.0 -0.563674 1.450889 0.0 -0.953059 -0.12988 -1.916721 -0.711972 0.166633 1.021032 6.0
254 65.0 -0.55776 1.446051 0.0 -0.947061 -0.12988 -1.916721 -0.711972 0.166633 1.021032 6.0
255 65.0 -0.547795 1.431265 0.0 -0.9358 -0.12988 -1.916721 -0.711972 0.166633 1.021032 6.0
256 65.0 -0.539867 1.435885 0.0 -0.929689 -0.12988 -1.916721 -0.711972 0.166633 1.021032 6.0
257 65.0 -0.553457 1.441871 0.0 -0.942581 -0.12988 -1.916721 -0.711972 0.166633 1.021032 6.0
258 65.0 -0.553566 1.443658 0.0 -0.942987 -0.12988 -1.916721 -0.711972 0.166633 1.021032 6.0
259 65.0 -0.528943 1.452118 0.0 -0.922983 -0.12988 -1.916721 -0.711972 0.166633 1.021032 6.0
260 65.0 -0.518725 1.439481 0.0 -0.911875 -0.12988 -1.916721 -0.711972 0.166633 1.021032 6.0
261 65.0 -0.525412 1.455384 0.0 -0.92047 -0.12988 -1.916721 -0.711972 0.166633 1.021032 6.0
262 65.0 -0.539628 1.457126 0.0 -0.933172 -0.12988 -1.916721 -0.711972 0.166633 1.021032 6.0
263 65.0 -0.540329 1.460693 0.0 -0.934403 -0.12988 -1.916721 -0.711972 0.166633 1.021032 6.0
264 65.0 -0.553942 1.486502 0.0 -0.950692 -0.12988 -1.916721 -0.711972 0.166633 1.021032 6.0
265 65.0 -0.546962 1.4821 0.0 -0.943907 -0.12988 -1.916721 -0.711972 0.166633 1.021032 6.0
266 65.0 -0.545531 1.447827 0.0 -0.936704 -0.12988 -1.916721 -0.711972 0.166633 1.021032 6.0
267 65.0 -0.563138 1.473494 0.0 -0.956294 -0.12988 -1.916721 -0.711972 0.166633 1.021032 6.0
268 65.0 -0.532222 1.485065 0.0 -0.931567 -0.12988 -1.916721 -0.711972 0.166633 1.021032 6.0
269 65.0 -0.500522 1.488661 0.0 -0.904545 -0.12988 -1.916721 -0.711972 0.166633 1.021032 6.0
270 65.0 -0.478326 1.495586 0.0 -0.88639 -0.12988 -1.916721 -0.711972 0.166633 1.021032 6.0
271 65.0 -0.490065 1.51724 0.0 -0.90039 -0.12988 -1.916721 -0.711972 0.166633 1.021032 6.0
272 65.0 -0.495923 1.513955 0.0 -0.904929 -0.12988 -1.916721 -0.711972 0.166633 1.021032 6.0
273 65.0 -0.50376 1.517269 0.0 -0.91234 -0.12988 -1.916721 -0.711972 0.166633 1.021032 6.0
274 65.0 -0.502195 1.501313 0.0 -0.908203 -0.12988 -1.916721 -0.711972 0.166633 1.021032 6.0
275 65.0 -0.512028 1.501382 0.0 -0.91679 -0.12988 -1.916721 -0.711972 0.166633 1.021032 6.0
276 65.0 -0.506084 1.480198 0.0 -0.907925 -0.12988 -1.916721 -0.711972 0.166633 1.021032 6.0
277 65.0 -0.521813 1.492392 0.0 -0.923762 -0.12988 -1.916721 -0.711972 0.166633 1.021032 6.0
278 65.0 -0.518746 1.477588 0.0 -0.918514 -0.12988 -1.916721 -0.711972 0.166633 1.021032 6.0
279 65.0 -0.537211 1.484287 0.0 -0.935783 -0.12988 -1.916721 -0.711972 0.166633 1.021032 6.0
280 65.0 -0.551408 1.484587 0.0 -0.948216 -0.12988 -1.916721 -0.711972 0.166633 1.021032 6.0
281 65.0 -0.524334 1.474367 0.0 -0.922829 -0.12988 -1.916721 -0.711972 0.166633 1.021032 6.0
282 65.0 -0.556001 1.460253 0.0 -0.947994 -0.12988 -1.916721 -0.711972 0.166633 1.021032 6.0
283 65.0 -0.540948 1.443257 0.0 -0.931913 -0.12988 -1.916721 -0.711972 0.166633 1.021032 6.0
284 65.0 -0.527498 1.451686 0.0 -0.921647 -0.12988 -1.916721 -0.711972 0.166633 1.021032 6.0
285 65.0 -0.546653 1.44005 0.0 -0.936331 -0.12988 -1.916721 -0.711972 0.166633 1.021032 6.0
286 65.0 -0.563157 1.439161 0.0 -0.95057 -0.12988 -1.916721 -0.711972 0.166633 1.021032 6.0
287 65.0 -0.606648 1.451506 0.0 -0.988001 -0.12988 -1.916721 -0.711972 0.166633 1.021032 6.0
