 time p.x p.y p.z deep.node-0 CV opes.bias opes.rct opes.zed opes.neff opes.nker
0 8945.0 -0.027175 0.518635 0.0 0.646455 -1.570492 -12.05662 -0.322818 0.037024 14.167834 133.0
1 8945.0 -0.025122 0.485553 0.0 0.681333 -1.570492 -12.05662 -0.322818 0.037024 14.167834 133.0
2 8945.0 -0.012665 0.491909 0.0 0.683202 -1.570492 -12.05662 -0.322818 0.037024 14.167834 133.0
3 8945.0 0.001079 0.495478 0.0 0.688753 -1.570492 -12.05662 -0.322818 0.037024 14.167834 133.0
4 8945.0 -0.015773 0.508926 0.0 0.663893 -1.570492 -12.05662 -0.322818 0.037024 14.167834 133.0
5 8945.0 -0.011394 0.520274 0.0 0.65532 -1.570492 -12.05662 -0.322818 0.037024 14.167834 133.0
6 8945.0 -0.012228 0.539465 0.0 0.635324 -1.570492 -12.05662 -0.322818 0.037024 14.167834 133.0
7 8945.0 -0.017289 0.526519 0.0 0.645062 -1.570492 -12.05662 -0.322818 0.037024 14.167834 133.0
8 8945.0 -0.00987 0.533696 0.0 0.642741 -1.570492 -12.05662 -0.322818 0.037024 14.167834 133.0
9 8945.0 -0.020813 0.5071 0.0 0.662381 -1.570492 -12.05662 -0.322818 0.037024 14.167834 133.0
10 8945.0 -0.032688 0.507592 0.0 0.653964 -1.570492 -12.05662 -0.322818 0.037024 14.167834 133.0
11 8945.0 -0.051162 0.512946 0.0 0.63402 -1.570492 -12.05662 -0.322818 0.037024 14.167834 133.0
12 8945.0 -0.060807 0.49707 0.0 0.6427 -1.570492 -12.05662 -0.322818 0.037024 14.167834 133.0
13 8945.0 -0.063575 0.481875 0.0 0.65657 -1.570492 -12.05662 -0.322818 0.037024 14.167834 133.0
14 8945.0 -0.07025 0.489231 0.0 0.642957 -1.570492 -12.05662 -0.322818 0.037024 14.167834 133.0
15 8945.0 -0.083903 0.483628 0.0 0.637199 -1.570492 -12.05662 -0.322818 0.037024 14.167834 133.0
16 8945.0 -0.081695 0.492869 0.0 0.629215 -1.570492 -12.05662 -0.322818 0.037024 14.167834 133.0
17 8945.0 -0.078524 0.480848 0.0 0.644802 -1.570492 -12.05662 -0.322818 0.037024 14.167834 133.0
18 8945.0 -0.073136 0.492662 0.0 0.636802 -1.570492 -12.05662 -0.322818 0.037024 14.167834 133.0
19 8945.0 -0.087389 0.501953 0.0 0.614599 -1.570492 -12.05662 -0.322818 0.037024 14.167834 133.0
20 8945.0 -0.094198 0.494076 0.0 0.617163 -1.570492 -12.05662 -0.322818 0.037024 14.167834 133.0
21 8945.0 -0.081678 0.490457 0.0 0.631809 -1.570492 -12.05662 -0.322818 0.037024 14.167834 133.0
22 8945.0 -0.097571 0.508271 0.0 0.599077 -1.570492 -12.05662 -0.322818 0.037024 14.167834 133.0
23 8945.0 -0.076341 0.492669 0.0 0.634037 -1.570492 -12.05662 -0.322818 0.037024 14.167834 133.0
24 8945.0 -0.053707 0.495628 0.0 0.650353 -1.570492 -12.05662 -0.322818 0.037024 14.167834 133.0
25 8945.0 -0.045763 0.478102 0.0 0.675114 -1.570492 -12.05662 -0.322818 0.037024 14.167834 133.0
26 8945.0 -0.065588 0.497769 0.0 0.637837 -1.570492 -12.05662 -0.322818 0.037024 14.167834 133.0
27 8945.0 -0.061328 0.520454 0.0 0.617241 -1.570492 -12.05662 -0.322818 0.037024 14.167834 133.0
28 8945.0 -0.063149 0.488837 0.0 0.64949 -1.570492 -12.05662 -0.322818 0.037024 14.167834 133.0
29 8945.0 -0.090548 0.503821 0.0 0.609881 -1.570492 -12.05662 -0.322818 0.037024 14.167834 133.0
30 8945.0 -0.102984 0.474291 0.0 0.630762 -1.570492 -12.05662 -0.322818 0.037024 14.167834 133.0
31 8945.0 -0.103494 0.489923 0.0 0.613604 -1.570492 -12.05662 -0.322818 0.037024 14.167834 133.0
32 8945.0 -0.103007 0.499889 0.0 0.603364 -1.570492 -12.05662 -0.322818 0.037024 14.167834 133.0
33 8945.0 -0.145329 0.506025 0.0 0.560374 -1.570492 -12.05662 -0.322818 0.037024 14.167834 133.0
34 8945.0 -0.154947 0.481561 0.0 0.578263 -1.570492 -12.05662 -0.322818 0.037024 14.167834 133.0
35 8945.0 -0.191827 0.506935 0.0 0.519381 -1.570492 -12.05662 -0.322818 0.037024 14.167834 133.0
36 8945.0 -0.178616 0.534109 0.0 0.500691 -1.570492 -12.05662 -0.322818 0.037024 14.167834 133.0
37 8945.0 -0.224022 0.543444 0.0 0.444087 -1.570492 -12.05662 -0.322818 0.037024 14.167834 133.0
38 8945.0 -0.23656 0.539444 0.0 0.436356 -1.570492 -12.05662 -0.322818 0.037024 14.167834 133.0
39 8945.0 -0.277131 0.540392 0.0 0.394657 -1.570492 -12.05662 -0.322818 0.037024 14.167834 133.0
40 8945.0 -0.274298 0.536474 0.0 0.402195 -1.570492 -12.05662 -0.322818 0.037024 14.167834 133.0
41 8945.0 -0.271776 0.544295 0.0 0.395325 -1.570492 -12.05662 -0.322818 0.037024 14.167834 133.0
42 8945.0 -0.28331 0.555296 0.0 0.370581 -1.570492 -12.05662 -0.322818 0.037024 14.167834 133.0
43 8945.0 -0.297489 0.542364 0.0 0.371937 -1.570492 -12.05662 -0.322818 0.037024 14.167834 133.0
44 8945.0 -0.294089 0.559143 0.0 0.355186 -1.570492 -12.05662 -0.322818 0.037024 14.167834 133.0
45 8945.0 -0.288201 0.553234 0.0 0.368168 -1.570492 -12.05662 -0.322818 0.037024 14.167834 133.0
46 8945.0 -0.282543 0.558808 0.0 0.36713 -1.570492 -12.05662 -0.322818 0.037024 14.167834 133.0
47 8945.0 -0.289446 0.54106 0.0 0.381544 -1.570492 -12.05662 -0.322818 0.037024 14.167834 133.0
48 8945.0 -0.315153 0.502922 0.0 0.401647 -1.570492 -12.05662 -0.322818 0.037024 14.167834 133.0
49 8945.0 -0.305946 0.514235 0.0 0.397265 -1.570492 -12.05662 -0.322818 0.037024 14.167834 133.0
50 8945.0 -0.322728 0.501187 0.0 0.396158 -1.570492 -12.05662 -0.322818 0.037024 14.167834 133.0
51 8945.0 -0.332346 0.510019 0.0 0.375936 -1.570492 -12.05662 -0.322818 0.037024 14.167834 133.0
52 8945.0 -0.341915 0.508687 0.0 0.36797 -1.570492 -12.05662 -0.322818 0.037024 14.167834 133.0
53 8945.0 -0.359601 0.512139 0.0 0.346142 -1.570492 -12.05662 -0.322818 0.037024 14.167834 133.0
54 8945.0 -0.349833 0.504319 0.0 0.365299 -1.570492 -12.05662 -0.322818 0.037024 14.167834 133.0
55 8945.0 -0.367197 0.514273 0.0 0.335985 -1.570492 -12.05662 -0.322818 0.037024 14.167834 133.0
56 8945.0 -0.363657 0.506144 0.0 0.349286 -1.570492 -12.05662 -0.322818 0.037024 14.167834 133.0
57 8945.0 -0.393187 0.534799 0.0 0.285352 -1.570492 -12.05662 -0.322818 0.037024 14.167834 133.0
58 8945.0 -0.396583 0.495907 0.0 0.328665 -1.570492 -12.05662 -0.322818 0.037024 14.167834 133.0
59 8945.0 -0.431125 0.502687 0.0 0.28599 -1.570492 -12.05662 -0.322818 0.037024 14.167834 133.0
60 8945.0 -0.447259 0.503656 0.0 0.268697 -1.570492 -12.05662 -0.322818 0.037024 14.167834 133.0
61 8945.0 -0.44388 0.520004 0.0 0.252441 -1.570492 -12.05662 -0.322818 0.037024 14.167834 133.0
62 8945.0 -0.451413 0.538709 0.0 0.222446 -1.570492 -12.05662 -0.322818 0.037024 14.167834 133.0
63 8945.0 -0.439496 0.521084 0.0 0.255528 -1.570492 -12.05662 -0.322818 0.037024 14.167834 133.0
64 8945.0 -0.4505 0.553663 0.0 0.2054 -1.570492 -12.05662 -0.322818 0.037024 14.167834 133.0
65 8945.0 -0.46505 0.557144 0.0 0.186674 -1.570492 -12.05662 -0.322818 0.037024 14.167834 133.0
66 8945.0 -0.489296 0.562806 0.0 0.155635 -1.570492 -12.05662 -0.322818 0.037024 14.167834 133.0
67 8945.0 -0.487435 0.534757 0.0 0.191181 -1.570492 -12.05662 -0.322818 0.037024 14.167834 133.0
68 8945.0 -0.473622 0.523963 0.0 0.217952 -1.570492 -12.05662 -0.322818 0.037024 14.167834 133.0
69 8945.0 -0.504579 0.532749 0.0 0.176453 -1.570492 -12.05662 -0.322818 0.037024 14.167834 133.0
70 8945.0 -0.545896 0.537537 0.0 0.129398 -1.570492 -12.05662 -0.322818 0.037024 14.167834 133.0
71 8945.0 -0.576438 0.524838 0.0 0.114115 -1.570492 -12.05662 -0.322818 0.037024 14.167834 133.0
72 8945.0 -0.599319 0.523065 0.0 0.09337 -1.570492 -12.05662 -0.322818 0.037024 14.167834 133.0
73 8945.0 -0.587188 0.518645 0.0 0.110806 -1.570492 -12.05662 -0.322818 0.037024 14.167834 133.0
74 8945.0 -0.586497 0.528996 0.0 0.099065 -1.570492 -12.05662 -0.322818 0.037024 14.167834 133.0
75 8945.0 -0.603256 0.518528 0.0 0.094884 -1.570492 -12.05662 -0.322818 0.037024 14.167834 133.0
76 8945.0 -0.599238 0.502496 0.0 0.118154 -1.570492 -12.05662 -0.322818 0.037024 14.167834 133.0
77 8945.0 -0.610564 0.522474 0.0 0.082838 -1.570492 -12.05662 -0.322818 0.037024 14.167834 133.0
78 8945.0 -0.615084 0.513626 0.0 0.088945 -1.570492 -12.05662 -0.322818 0.037024 14.167834 133.0
79 8945.0 -0.618821 0.534346 0.0 0.060326 -1.570492 -12.05662 -0.322818 0.037024 14.167834 133.0
80 8945.0 -0.636191 0.553554 0.0 0.019893 -1.570492 -12.05662 -0.322818 0.037024 14.167834 133.0
81 8945.0 -0.646437 0.53234 0.0 0.035127 -1.570492 -12.05662 -0.322818 0.037024 14.167834 133.0
82 8945.0 -0.648031 0.541397 0.0 0.022656 -1.570492 -12.05662 -0.322818 0.037024 14.167834 133.0
83 8945.0 -0.669992 0.534516 0.0 0.008966 -1.570492 -12.05662 -0.322818 0.037024 14.167834 133.0
84 8945.0 -0.676475 0.547609 0.0 -0.01324 -1.570492 -12.05662 -0.322818 0.037024 14.167834 133.0
85 8945.0 -0.683632 0.566516 0.0 -0.043102 -1.570492 -12.05662 -0.322818 0.037024 14.167834 133.0
86 8945.0 -0.682125 0.573586 0.0 -0.050086 -1.570492 -12.05662 -0.322818 0.037024 14.167834 133.0
87 8945.0 -0.664823 0.569977 0.0 -0.028455 -1.570492 -12.05662 -0.322818 0.037024 14.167834 133.0
88 8945.0 -0.675425 0.556447 0.0 -0.022806 -1.570492 -12.05662 -0.322818 0.037024 14.167834 133.0
89 8945.0 -0.671071 0.569161 0.0 -0.03372 -1.570492 -12.05662 -0.322818 0.037024 14.167834 133.0
90 8945.0 -0.684581 0.565994 0.0 -0.043424 -1.570492 -12.05662 -0.322818 0.037024 14.167834 133.0
91 8945.0 -0.703888 0.574443 0.0 -0.072873 -1.570492 -12.05662 -0.322818 0.037024 14.167834 133.0
92 8945.0 -0.708037 0.57861 0.0 -0.082024 -1.570492 -12.05662 -0.322818 0.037024 14.167834 133.0
93 8945.0 -0.704069 0.579698 0.0 -0.079365 -1.570492 -12.05662 -0.322818 0.037024 14.167834 133.0
94 8945.0 -0.685137 0.56422 0.0 -0.04185 -1.570492 -12.05662 -0.322818 0.037024 14.167834 133.0
95 8945.0 -0.686564 0.559221 0.0 -0.037273 -1.570492 -12.05662 -0.322818 0.037024 14.167834 133.0
96 8945.0 -0.714599 0.564593 0.0 -0.071751 -1.570492 -12.05662 -0.322818 0.037024 14.167834 133.0
97 8945.0 -0.73245 0.588396 0.0 -0.118184 -1.570492 -12.05662 -0.322818 0.037024 14.167834 133.0
98 8945.0 -0.742611 0.612075 0.0 -0.156779 -1.570492 -12.05662 -0.322818 0.037024 14.167834 133.0
99 8945.0 -0.746477 0.607919 0.0 -0.155654 -1.570492 -12.05662 -0.322818 0.037024 14.167834 133.0
100 8945.0 -0.762709 0.616043 0.0 -0.181982 -1.570492 -12.05662 -0.322818 0.037024 14.167834 133.0
101 8945.0 -0.768925 0.616007 0.0 -0.188249 -1.570492 -12.05662 -0.322818 0.037024 14.167834 133.0
102 8945.0 -0.765511 0.650088 0.0 -0.223123 -1.570492 -12.05662 -0.322818 0.037024 14.167834 133.0
103 8945.0 -0.759094 0.621162 0.0 -0.184741 -1.570492 -12.05662 -0.322818 0.037024 14.167834 133.0
104 8945.0 -0.764907 0.641922 0.0 -0.213884 -1.570492 -12.05662 -0.322818 0.037024 14.167834 133.0
105 8945.0 -0.779828 0.63708 0.0 -0.221897 -1.570492 -12.05662 -0.322818 0.037024 14.167834 133.0
106 8945.0 -0.804658 0.63979 0.0 -0.246709 -1.570492 -12.05662 -0.322818 0.037024 14.167834 133.0
107 8945.0 -0.81161 0.66121 0.0 -0.275683 -1.570492 -12.05662 -0.322818 0.037024 14.167834 133.0
108 8945.0 -0.819936 0.658609 0.0 -0.280262 -1.570492 -12.05662 -0.322818 0.037024 14.167834 133.0
109 8945.0 -0.810428 0.659904 0.0 -0.273247 -1.570492 -12.05662 -0.322818 0.037024 14.167834 133.0
110 8945.0 -0.804155 0.655035 0.0 -0.262517 -1.570492 -12.05662 -0.322818 0.037024 14.167834 133.0
111 8945.0 -0.832807 0.680525 0.0 -0.31499 -1.570492 -12.05662 -0.322818 0.037024 14.167834 133.0
112 8945.0 -0.836357 0.685423 0.0 -0.323346 -1.570492 -12.05662 -0.322818 0.037024 14.167834 133.0
113 8945.0 -0.849774 0.69379 0.0 -0.344344 -1.570492 -12.05662 -0.322818 0.037024 14.167834 133.0
114 8945.0 -0.856812 0.722429 0.0 -0.390901 -1.570492 -12.05662 -0.322818 0.037024 14.167834 133.0
115 8945.0 -0.833955 0.729016 0.0 -0.377817 -1.570492 -12.05662 -0.322818 0.037024 14.167834 133.0
116 8945.0 -0.839663 0.70921 0.0 -0.355899 -1.570492 -12.05662 -0.322818 0.037024 14.167834 133.0
117 8945.0 -0.868664 0.700514 0.0 -0.372031 -1.570492 -12.05662 -0.322818 0.037024 14.167834 133.0
118 8945.0 -0.853488 0.711719 0.0 -0.372817 -1.570492 -12.05662 -0.322818 0.037024 14.167834 133.0
119 8945.0 -0.863327 0.707675 0.0 -0.376774 -1.570492 -12.05662 -0.322818 0.037024 14.167834 133.0
120 8945.0 -0.85293 0.722177 0.0 -0.386777 -1.570492 -12.05662 -0.322818 0.037024 14.167834 133.0
121 8945.0 -0.846815 0.721663 0.0 -0.38012 -1.570492 -12.05662 -0.322818 0.037024 14.167834 133.0
122 8945.0 -0.839566 0.746361 0.0 -0.407323 -1.570492 -12.05662 -0.322818 0.037024 14.167834 133.0
123 8945.0 -0.835534 0.755364 0.0 -0.415889 -1.570492 -12.05662 -0.322818 0.037024 14.167834 133.0
124 8945.0 -0.85015 0.762442 0.0 -0.439912 -1.570492 -12.05662 -0.322818 0.037024 14.167834 133.0
125 8945.0 -0.854606 0.748486 0.0 -0.42489 -1.570492 -12.05662 -0.322818 0.037024 14.167834 133.0
126 8945.0 -0.836187 0.743546 0.0 -0.400134 -1.570492 -12.05662 -0.322818 0.037024 14.167834 133.0
127 8945.0 -0.829735 0.750455 0.0 -0.403444 -1.570492 -12.05662 -0.322818 0.037024 14.167834 133.0
128 8945.0 -0.853954 0.782703 0.0 -0.471706 -1.570492 -12.05662 -0.322818 0.037024 14.167834 133.0
129 8945.0 -0.870447 0.793515 0.0 -0.502539 -1.570492 -12.05662 -0.322818 0.037024 14.167834 133.0
130 8945.0 -0.88633 0.779218 0.0 -0.497704 -1.570492 -12.05662 -0.322818 0.037024 14.167834 133.0
131 8945.0 -0.890559 0.80538 0.0 -0.538064 -1.570492 -12.05662 -0.322818 0.037024 14.167834 133.0
132 8945.0 -0.917805 0.863633 0.0 -0.653442 -1.570492 -12.05662 -0.322818 0.037024 14.167834 133.0
133 8945.0 -0.933381 0.866487 0.0 -0.672608 -1.570492 -12.05662 -0.322818 0.037024 14.167834 133.0
134 8945.0 -0.939568 0.889762 0.0 -0.710042 -1.570492 -12.05662 -0.322818 0.037024 14.167834 133.0
135 8945.0 -0.955543 0.895986 0.0 -0.732497 -1.570492 -12.05662 -0.322818 0.037024 14.167834 133.0
136 8945.0 -0.966334 0.924064 0.0 -0.780548 -1.570492 -12.05662 -0.322818 0.037024 14.167834 133.0
137 8945.0 -0.962283 0.943669 0.0 -0.80143 -1.570492 -12.05662 -0.322818 0.037024 14.167834 133.0
138 8945.0 -0.970028 0.953977 0.0 -0.817248 -1.570492 -12.05662 -0.322818 0.037024 14.167834 133.0
139 8945.0 -0.949812 0.965906 0.0 -0.814127 -1.570492 -12.05662 -0.322818 0.037024 14.167834 133.0
140 8945.0 -0.94596 0.995642 0.0 -0.840523 -1.570492 -12.05662 -0.322818 0.037024 14.167834 133.0
141 8945.0 -0.95077 0.99291 0.0 -0.84137 -1.570492 -12.05662 -0.322818 0.037024 14.167834 133.0
142 8945.0 -0.940375 1.000575 0.0 -0.84127 -1.570492 -12.05662 -0.322818 0.037024 14.167834 133.0
143 8945.0 -0.967588 1.05049 0.0 -0.91031 -1.570492 -12.05662 -0.322818 0.037024 14.167834 133.0
144 8945.0 -0.951389 1.028358 0.0 -0.876663 -1.570492 -12.05662 -0.322818 0.037024 14.167834 133.0
145 8945.0 -0.957936 1.053326 0.0 -0.906009 -1.570492 -12.05662 -0.322818 0.037024 14.167834 133.0
146 8945.0 -0.941824 1.049716 0.0 -0.89063 -1.570492 -12.05662 -0.322818 0.037024 14.167834 133.0
147 8945.0 -0.940222 1.058126 0.0 -0.89772 -1.570492 -12.05662 -0.322818 0.037024 14.167834 133.0
148 8945.0 -0.939855 1.06866 0.0 -0.907802 -1.570492 -12.05662 -0.322818 0.037024 14.167834 133.0
149 8945.0 -0.937811 1.077398 0.0 -0.914889 -1.570492 -12.05662 -0.322818 0.037024 14.167834 133.0
150 8945.0 -0.934488 1.062456 0.0 -0.897764 -1.570492 -12.05662 -0.322818 0.037024 14.167834 133.0
151 8945.0 -0.918132 1.070537 0.0 -0.893696 -1.570492 -12.05662 -0.322818 0.037024 14.167834 133.0
152 8945.0 -0.894597 1.063784 0.0 -0.869776 -1.570492 -12.05662 -0.322818 0.037024 14.167834 133.0
153 8945.0 -0.865245 1.091003 0.0 -0.874974 -1.570492 -12.05662 -0.322818 0.037024 14.167834 133.0
154 8945.0 -0.874403 1.104282 0.0 -0.89475 -1.570492 -12.05662 -0.322818 0.037024 14.167834 133.0
155 8945.0 -0.893511 1.126619 0.0 -0.930734 -1.570492 -12.05662 -0.322818 0.037024 14.167834 133.0
156 8945.0 -0.878339 1.114207 0.0 -0.907395 -1.570492 -12.05662 -0.322818 0.037024 14.167834 133.0
157 8945.0 -0.889395 1.107944 0.0 -0.909358 -1.570492 -12.05662 -0.322818 0.037024 14.167834 133.0
158 8945.0 -0.87176 1.117852 0.0 -0.906146 -1.570492 -12.05662 -0.322818 0.037024 14.167834 133.0
159 8945.0 -0.869464 1.110078 0.0 -0.896819 -1.570492 -12.05662 -0.322818 0.037024 14.167834 133.0
160 8945.0 -0.847968 1.143423 0.0 -0.913807 -1.570492 -12.05662 -0.322818 0.037024 14.167834 133.0
161 8945.0 -0.805784 1.154246 0.0 -0.893468 -1.570492 -12.05662 -0.322818 0.037024 14.167834 133.0
162 8945.0 -0.783854 1.167751 0.0 -0.890637 -1.570492 -12.05662 -0.322818 0.037024 14.167834 133.0
163 8945.0 -0.79917 1.16971 0.0 -0.90381 -1.570492 -12.05662 -0.322818 0.037024 14.167834 133.0
164 8945.0 -0.780997 1.186798 0.0 -0.907259 -1.570492 -12.05662 -0.322818 0.037024 14.167834 133.0
165 8945.0 -0.788889 1.21199 0.0 -0.937812 -1.570492 -12.05662 -0.322818 0.037024 14.167834 133.0
166 8945.0 -0.79609 1.229559 0.0 -0.960368 -1.570492 -12.05662 -0.322818 0.037024 14.167834 133.0
167 8945.0 -0.773498 1.238313 0.0 -0.952382 -1.570492 -12.05662 -0.322818 0.037024 14.167834 133.0
168 8945.0 -0.773169 1.249218 0.0 -0.962066 -1.570492 -12.05662 -0.322818 0.037024 14.167834 133.0
169 8945.0 -0.737536 1.236396 0.0 -0.924091 -1.570492 -12.05662 -0.322818 0.037024 14.167834 133.0
170 8945.0 -0.731273 1.227225 0.0 -0.910478 -1.570492 -12.05662 -0.322818 0.037024 14.167834 133.0
171 8945.0 -0.708488 1.24048 0.0 -0.906774 -1.570492 -12.05662 -0.322818 0.037024 14.167834 133.0
172 8945.0 -0.700996 1.268475 0.0 -0.926658 -1.570492 -12.05662 -0.322818 0.037024 14.167834 133.0
173 8945.0 -0.711629 1.269804 0.0 -0.934632 -1.570492 -12.05662 -0.322818 0.037024 14.167834 133.0
174 8945.0 -0.713019 1.290696 0.0 -0.949113 -1.570492 -12.05662 -0.322818 0.037024 14.167834 133.0
175 8945.0 -0.677027 1.286733 0.0 -0.922466 -1.570492 -12.05662 -0.322818 0.037024 14.167834 133.0
176 8945.0 -0.703262 1.274962 0.0 -0.932381 -1.570492 -12.05662 -0.322818 0.037024 14.167834 133.0
177 8945.0 -0.691254 1.262568 0.0 -0.915635 -1.570492 -12.05662 -0.322818 0.037024 14.167834 133.0
178 8945.0 -0.704993 1.29688 0.0 -0.947755 -1.570492 -12.05662 -0.322818 0.037024 14.167834 133.0
179 8945.0 -0.699037 1.321194 0.0 -0.95954 -1.570492 -12.05662 -0.322818 0.037024 14.167834 133.0
180 8945.0 -0.694489 1.326422 0.0 -0.959889 -1.570492 -12.05662 -0.322818 0.037024 14.167834 133.0
181 8945.0 -0.686155 1.325499 0.0 -0.953716 -1.570492 -12.05662 -0.322818 0.037024 14.167834 133.0
182 8945.0 -0.649459 1.3084 0.0 -0.918079 -1.570492 -12.05662 -0.322818 0.037024 14.167834 133.0
183 8945.0 -0.639538 1.296389 0.0 -0.903651 -1.570492 -12.05662 -0.322818 0.037024 14.167834 133.0
184 8945.0 -0.63313 1.312526 0.0 -0.909831 -1.570492 -12.05662 -0.322818 0.037024 14.167834 133.0
185 8945.0 -0.647612 1.345354 0.0 -0.94081 -1.570492 -12.05662 -0.322818 0.037024 14.167834 133.0
186 8945.0 -0.648497 1.352059 0.0 -0.945752 -1.570492 -12.05662 -0.322818 0.037024 14.167834 133.0
187 8945.0 -0.663843 1.375077 0.0 -0.976007 -1.570492 -12.05662 -0.322818 0.037024 14.167834 133.0
188 8945.0 -0.645595 1.356889 0.0 -0.948027 -1.570492 -12.05662 -0.322818 0.037024 14.167834 133.0
189 8945.0 -0.631755 1.34932 0.0 -0.932775 -1.570492 -12.05662 -0.322818 0.037024 14.167834 133.0
190 8945.0 -0.610797 1.363277 0.0 -0.931649 -1.570492 -12.05662 -0.322818 0.037024 14.167834 133.0
191 8945.0 -0.60018 1.348917 0.0 -0.911266 -1.570492 -12.05662 -0.322818 0.037024 14.167834 133.0
192 8945.0 -0.580163 1.357267 0.0 -0.905278 -1.570492 -12.05662 -0.322818 0.037024 14.167834 133.0
193 8945.0 -0.580102 1.342885 0.0 -0.892257 -1.570492 -12.05662 -0.322818 0.037024 14.167834 133.0
194 8945.0 -0.576903 1.342778 0.0 -0.889893 -1.570492 -12.05662 -0.322818 0.037024 14.167834 133.0
195 8945.0 -0.573329 1.351615 0.0 -0.895395 -1.570492 -12.05662 -0.322818 0.037024 14.167834 133.0
196 8945.0 -0.583737 1.377408 0.0 -0.926292 -1.570492 -12.05662 -0.322818 0.037024 14.167834 133.0
197 8945.0 -0.582119 1.388201 0.0 -0.935024 -1.570492 -12.05662 -0.322818 0.037024 14.167834 133.0
198 8945.0 -0.592833 1.398881 0.0 -0.951437 -1.570492 -12.05662 -0.322818 0.037024 14.167834 133.0
199 8945.0 -0.608154 1.403508 0.0 -0.963011 -1.570492 -12.05662 -0.322818 0.037024 14.167834 133.0
200 8945.0 -0.617632 1.394042 0.0 -0.963039 -1.570492 -12.05662 -0.322818 0.037024 14.167834 133.0
201 8945.0 -0.616465 1.403998 0.0 -0.968121 -1.570492 -12.05662 -0.322818 0.037024 14.167834 133.0
202 8945.0 -0.621856 1.390852 0.0 -0.963509 -1.570492 -12.05662 -0.322818 0.037024 14.167834 133.0
203 8945.0 -0.59849 1.380509 0.0 -0.939239 -1.570492 -12.05662 -0.322818 0.037024 14.167834 133.0
204 8945.0 -0.602009 1.370723 0.0 -0.932622 -1.570492 -12.05662 -0.322818 0.037024 14.167834 133.0
205 8945.0 -0.639175 1.378405 0.0 -0.963316 -1.570492 -12.05662 -0.322818 0.037024 14.167834 133.0
206 8945.0 -0.641015 1.380508 0.0 -0.966379 -1.570492 -12.05662 -0.322818 0.037024 14.167834 133.0
207 8945.0 -0.624863 1.380337 0.0 -0.955954 -1.570492 -12.05662 -0.322818 0.037024 14.167834 133.0
208 8945.0 -0.637717 1.370395 0.0 -0.955177 -1.570492 -12.05662 -0.322818 0.037024 14.167834 133.0
209 8945.0 -0.634165 1.370032 0.0 -0.952591 -1.570492 -12.05662 -0.322818 0.037024 14.167834 133.0
210 8945.0 -0.625813 1.390814 0.0 -0.96585 -1.570492 -12.05662 -0.322818 0.037024 14.167834 133.0
211 8945.0 -0.631458 1.392553 0.0 -0.970132 -1.570492 -12.05662 -0.322818 0.037024 14.167834 133.0
212 8945.0 -0.616984 1.411148 0.0 -0.972559 -1.570492 -12.05662 -0.322818 0.037024 14.167834 133.0
213 8945.0 -0.622093 1.412333 0.0 -0.976213 -1.570492 -12.05662 -0.322818 0.037024 14.167834 133.0
214 8945.0 -0.634747 1.413341 0.0 -0.984143 -1.570492 -12.05662 -0.322818 0.037024 14.167834 133.0
215 8945.0 -0.609149 1.419691 0.0 -0.972953 -1.570492 -12.05662 -0.322818 0.037024 14.167834 133.0
216 8945.0 -0.580099 1.418805 0.0 -0.955423 -1.570492 -12.05662 -0.322818 0.037024 14.167834 133.0
217 8945.0 -0.589264 1.429656 0.0 -0.967171 -1.570492 -12.05662 -0.322818 0.037024 14.167834 133.0
218 8945.0 -0.591578 1.423554 0.0 -0.964984 -1.570492 -12.05662 -0.322818 0.037024 14.167834 133.0
219 8945.0 -0.603102 1.418911 0.0 -0.96899 -1.570492 -12.05662 -0.322818 0.037024 14.167834 133.0
220 8945.0 -0.573186 1.391001 0.0 -0.93141 -1.570492 -12.05662 -0.322818 0.037024 14.167834 133.0
221 8945.0 -0.589895 1.406934 0.0 -0.954391 -1.570492 -12.05662 -0.322818 0.037024 14.167834 133.0
222 8945.0 -0.600576 1.395931 0.0 -0.954228 -1.570492 -12.05662 -0.322818 0.037024 14.167834 133.0
223 8945.0 -0.611206 1.40398 0.0 -0.965057 -1.570492 -12.05662 -0.322818 0.037024 14.167834 133.0
224 8945.0 -0.599753 1.406906 0.0 -0.9601 -1.570492 -12.05662 -0.322818 0.037024 14.167834 133.0
225 8945.0 -0.587284 1.43147 0.0 -0.967071 -1.570492 -12.05662 -0.322818 0.037024 14.167834 133.0
226 8945.0 -0.580922 1.458653 0.0 -0.968697 -1.570492 -12.05662 -0.322818 0.037024 14.167834 133.0
227 8945.0 -0.572052 1.429811 0.0 -0.955858 -1.570492 -12.05662 -0.322818 0.037024 14.167834 133.0
228 8945.0 -0.541118 1.418524 0.0 -0.927039 -1.570492 -12.05662 -0.322818 0.037024 14.167834 133.0
229 8945.0 -0.532828 1.427571 0.0 -0.922106 -1.570492 -12.05662 -0.322818 0.037024 14.167834 133.0
230 8945.0 -0.542664 1.435304 0.0 -0.932027 -1.570492 -12.05662 -0.322818 0.037024 14.167834 133.0
231 8945.0 -0.538163 1.439297 0.0 -0.928796 -1.570492 -12.05662 -0.322818 0.037024 14.167834 133.0
232 8945.0 -0.527086 1.424633 0.0 -0.916587 -1.570492 -12.05662 -0.322818 0.037024 14.167834 133.0
233 8945.0 -0.507494 1.404697 0.0 -0.892366 -1.570492 -12.05662 -0.322818 0.037024 14.167834 133.0
234 8945.0 -0.521175 1.432285 0.0 -0.912761 -1.570492 -12.05662 -0.322818 0.037024 14.167834 133.0
235 8945.0 -0.524179 1.458954 0.0 -0.920016 -1.570492 -12.05662 -0.322818 0.037024 14.167834 133.0
236 8945.0 -0.525411 1.471857 0.0 -0.923332 -1.570492 -12.05662 -0.322818 0.037024 14.167834 133.0
237 8945.0 -0.508415 1.454274 0.0 -0.905453 -1.570492 -12.05662 -0.322818 0.037024 14.167834 133.0
238 8945.0 -0.517918 1.465762 0.0 -0.915738 -1.570492 -12.05662 -0.322818 0.037024 14.167834 133.0
239 8945.0 -0.519643 1.455271 0.0 -0.915419 -1.570492 -12.05662 -0.322818 0.037024 14.167834 133.0
240 8945.0 -0.501488 1.467255 0.0 -0.901667 -1.570492 -12.05662 -0.322818 0.037024 14.167834 133.0
241 8945.0 -0.482824 1.482188 0.0 -0.887985 -1.570492 -12.05662 -0.322818 0.037024 14.167834 133.0
242 8945.0 -0.488056 1.494633 0.0 -0.89471 -1.570492 -12.05662 -0.322818 0.037024 14.167834 133.0
243 8945.0 -0.475474 1.495664 0.0 -0.883916 -1.570492 -12.05662 -0.322818 0.037024 14.167834 133.0
244 8945.0 -0.476673 1.488403 0.0 -0.8837 -1.570492 -12.05662 -0.322818 0.037024 14.167834 133.0
245 8945.0 -0.456834 1.469327 0.0 -0.863083 -1.570492 -12.05662 -0.322818 0.037024 14.167834 133.0
246 8945.0 -0.481045 1.479234 0.0 -0.88592 -1.570492 -12.05662 -0.322818 0.037024 14.167834 133.0
247 8945.0 -0.486694 1.507351 0.0 -0.895733 -1.570492 -12.05662 -0.322818 0.037024 14.167834 133.0
248 8945.0 -0.473681 1.521242 0.0 -0.886797 -1.570492 -12.05662 -0.322818 0.037024 14.167834 133.0
249 8945.0 -0.46168 1.5274 0.0 -0.8774 -1.570492 -12.05662 -0.322818 0.037024 14.167834 133.0
250 8945.0 -0.452765 1.539482 0.0 -0.871725 -1.570492 -12.05662 -0.322818 0.037024 14.167834 133.0
251 8945.0 -0.451521 1.523652 0.0 -0.867889 -1.570492 -12.05662 -0.322818 0.037024 14.167834 133.0
252 8945.0 -0.480165 1.557647 0.0 -0.898777 -1.570492 -12.05662 -0.322818 0.037024 14.167834 133.0
253 8945.0 -0.483893 1.55059 0.0 -0.900802 -1.570492 -12.05662 -0.322818 0.037024 14.167834 133.0
254 8945.0 -0.469868 1.530784 0.0 -0.885129 -1.570492 -12.05662 -0.322818 0.037024 14.167834 133.0
255 8945.0 -0.460527 1.529169 0.0 -0.876702 -1.570492 -12.05662 -0.322818 0.037024 14.167834 133.0
256 8945.0 -0.490536 1.533503 0.0 -0.903627 -1.570492 -12.05662 -0.322818 0.037024 14.167834 133.0
257 8945.0 -0.492749 1.529725 0.0 -0.904901 -1.570492 -12.05662 -0.322818 0.037024 14.167834 133.0
258 8945.0 -0.488785 1.485568 0.0 -0.893771 -1.570492 -12.05662 -0.322818 0.037024 14.167834 133.0
259 8945.0 -0.48941 1.50314 0.0 -0.89737 -1.570492 -12.05662 -0.322818 0.037024 14.167834 133.0
260 8945.0 -0.484874 1.47946 0.0 -0.889299 -1.570492 -12.05662 -0.322818 0.037024 14.167834 133.0
261 8945.0 -0.482056 1.474749 0.0 -0.886023 -1.570492 -12.05662 -0.322818 0.037024 14.167834 133.0
262 8945.0 -0.507408 1.476179 0.0 -0.908381 -1.570492 -12.05662 -0.322818 0.037024 14.167834 133.0
263 8945.0 -0.525101 1.487756 0.0 -0.925824 -1.570492 -12.05662 -0.322818 0.037024 14.167834 133.0
264 8945.0 -0.506441 1.487006 0.0 -0.909419 -1.570492 -12.05662 -0.322818 0.037024 14.167834 133.0
265 8945.0 -0.501893 1.472751 0.0 -0.902976 -1.570492 -12.05662 -0.322818 0.037024 14.167834 133.0
266 8945.0 -0.544565 1.483874 0.0 -0.942125 -1.570492 -12.05662 -0.322818 0.037024 14.167834 133.0
267 8945.0 -0.572114 1.486586 0.0 -0.965685 -1.570492 -12.05662 -0.322818 0.037024 14.167834 133.0
268 8945.0 -0.55852 1.47771 0.0 -0.953129 -1.570492 -12.05662 -0.322818 0.037024 14.167834 133.0
269 8945.0 -0.542831 1.463066 0.0 -0.936997 -1.570492 -12.05662 -0.322818 0.037024 14.167834 133.0
270 8945.0 -0.555293 1.483226 0.0 -0.951308 -1.570492 -12.05662 -0.322818 0.037024 14.167834 133.0
271 8945.0 -0.565946 1.448452 0.0 -0.954617 -1.570492 -12.05662 -0.322818 0.037024 14.167834 133.0
272 8945.0 -0.556449 1.451281 0.0 -0.946825 -1.570492 -12.05662 -0.322818 0.037024 14.167834 133.0
273 8945.0 -0.548602 1.448503 0.0 -0.9395 -1.570492 -12.05662 -0.322818 0.037024 14.167834 133.0
274 8945.0 -0.558992 1.453166 0.0 -0.949371 -1.570492 -12.05662 -0.322818 0.037024 14.167834 133.0
275 8945.0 -0.568484 1.443414 0.0 -0.955955 -1.570492 -12.05662 -0.322818 0.037024 14.167834 133.0
276 8945.0 -0.556618 1.445911 0.0 -0.94604 -1.570492 -12.05662 -0.322818 0.037024 14.167834 133.0
277 8945.0 -0.52576 1.466869 0.0 -0.922769 -1.570492 -12.05662 -0.322818 0.037024 14.167834 133.0
278 8945.0 -0.537606 1.473069 0.0 -0.934178 -1.570492 -12.05662 -0.322818 0.037024 14.167834 133.0
279 8945.0 -0.520197 1.477906 0.0 -0.919836 -1.570492 -12.05662 -0.322818 0.037024 14.167834 133.0
280 8945.0 -0.487888 1.499666 0.0 -0.895438 -1.570492 -12.05662 -0.322818 0.037024 14.167834 133.0
281 8945.0 -0.493118 1.493327 0.0 -0.898898 -1.570492 -12.05662 -0.322818 0.037024 14.167834 133.0
282 8945.0 -0.489499 1.498633 0.0 -0.896663 -1.570492 -12.05662 -0.322818 0.037024 14.167834 133.0
283 8945.0 -0.495546 1.483156 0.0 -0.899249 -1.570492 -12.05662 -0.322818 0.037024 14.167834 133.0
284 8945.0 -0.513465 1.477348 0.0 -0.913867 -1.570492 -12.05662 -0.322818 0.037024 14.167834 133.0
285 8945.0 -0.508087 1.471663 0.0 -0.908189 -1.570492 -12.05662 -0.322818 0.037024 14.167834 133.0
286 8945.0 -0.534636 1.478237 0.0 -0.932486 -1.570492 -12.05662 -0.322818 0.037024 14.167834 133.0
287 8945.0 -0.527952 1.463164 0.0 -0.924037 -1.570492 -12.05662 -0.322818 0.037024 14.167834 133.0
