 time p.x p.y p.z deep.node-0 CV opes.bias opes.rct opes.zed opes.neff opes.nker
0 8590.0 0.191016 0.52641 0.0 0.784092 -0.466767 -9.289267 -0.318768 0.037304 14.167834 132.0
1 8590.0 0.208323 0.531024 0.0 0.79096 -0.466767 -9.289267 -0.318768 0.037304 14.167834 132.0
2 8590.0 0.183657 0.549879 0.0 0.755413 -0.466767 -9.289267 -0.318768 0.037304 14.167834 132.0
3 8590.0 0.164499 0.568935 0.0 0.723335 -0.466767 -9.289267 -0.318768 0.037304 14.167834 132.0
4 8590.0 0.158795 0.55441 0.0 0.734242 -0.466767 -9.289267 -0.318768 0.037304 14.167834 132.0
5 8590.0 0.180776 0.5474 0.0 0.756002 -0.466767 -9.289267 -0.318768 0.037304 14.167834 132.0
6 8590.0 0.154267 0.527304 0.0 0.758679 -0.466767 -9.289267 -0.318768 0.037304 14.167834 132.0
7 8590.0 0.123171 0.523589 0.0 0.741703 -0.466767 -9.289267 -0.318768 0.037304 14.167834 132.0
8 8590.0 0.121044 0.519225 0.0 0.744705 -0.466767 -9.289267 -0.318768 0.037304 14.167834 132.0
9 8590.0 0.110329 0.490656 0.0 0.766496 -0.466767 -9.289267 -0.318768 0.037304 14.167834 132.0
10 8590.0 0.131887 0.491222 0.0 0.7803 -0.466767 -9.289267 -0.318768 0.037304 14.167834 132.0
11 8590.0 0.13066 0.500377 0.0 0.770208 -0.466767 -9.289267 -0.318768 0.037304 14.167834 132.0
12 8590.0 0.124071 0.482505 0.0 0.783917 -0.466767 -9.289267 -0.318768 0.037304 14.167834 132.0
13 8590.0 0.132883 0.47898 0.0 0.793364 -0.466767 -9.289267 -0.318768 0.037304 14.167834 132.0
14 8590.0 0.130464 0.475956 0.0 0.794814 -0.466767 -9.289267 -0.318768 0.037304 14.167834 132.0
15 8590.0 0.155992 0.49211 0.0 0.795477 -0.466767 -9.289267 -0.318768 0.037304 14.167834 132.0
16 8590.0 0.156041 0.515255 0.0 0.772066 -0.466767 -9.289267 -0.318768 0.037304 14.167834 132.0
17 8590.0 0.148195 0.558645 0.0 0.722884 -0.466767 -9.289267 -0.318768 0.037304 14.167834 132.0
18 8590.0 0.129136 0.562841 0.0 0.705923 -0.466767 -9.289267 -0.318768 0.037304 14.167834 132.0
19 8590.0 0.121375 0.52938 0.0 0.73464 -0.466767 -9.289267 -0.318768 0.037304 14.167834 132.0
20 8590.0 0.122796 0.511306 0.0 0.753894 -0.466767 -9.289267 -0.318768 0.037304 14.167834 132.0
21 8590.0 0.130419 0.487608 0.0 0.782982 -0.466767 -9.289267 -0.318768 0.037304 14.167834 132.0
22 8590.0 0.131579 0.482346 0.0 0.789085 -0.466767 -9.289267 -0.318768 0.037304 14.167834 132.0
23 8590.0 0.136881 0.505991 0.0 0.768671 -0.466767 -9.289267 -0.318768 0.037304 14.167834 132.0
24 8590.0 0.185866 0.505923 0.0 0.801409 -0.466767 -9.289267 -0.318768 0.037304 14.167834 132.0
25 8590.0 0.213834 0.53184 0.0 0.79381 -0.466767 -9.289267 -0.318768 0.037304 14.167834 132.0
26 8590.0 0.238759 0.572879 0.0 0.769919 -0.466767 -9.289267 -0.318768 0.037304 14.167834 132.0
27 8590.0 0.260718 0.591006 0.0 0.767654 -0.466767 -9.289267 -0.318768 0.037304 14.167834 132.0
28 8590.0 0.266149 0.57039 0.0 0.791649 -0.466767 -9.289267 -0.318768 0.037304 14.167834 132.0
29 8590.0 0.255463 0.566412 0.0 0.788012 -0.466767 -9.289267 -0.318768 0.037304 14.167834 132.0
30 8590.0 0.260597 0.554739 0.0 0.803048 -0.466767 -9.289267 -0.318768 0.037304 14.167834 132.0
31 8590.0 0.240234 0.531229 0.0 0.812034 -0.466767 -9.289267 -0.318768 0.037304 14.167834 132.0
32 8590.0 0.212491 0.514132 0.0 0.810849 -0.466767 -9.289267 -0.318768 0.037304 14.167834 132.0
33 8590.0 0.194813 0.509582 0.0 0.803669 -0.466767 -9.289267 -0.318768 0.037304 14.167834 132.0
34 8590.0 0.168855 0.489389 0.0 0.806811 -0.466767 -9.289267 -0.318768 0.037304 14.167834 132.0
35 8590.0 0.145057 0.521994 0.0 0.757915 -0.466767 -9.289267 -0.318768 0.037304 14.167834 132.0
36 8590.0 0.152759 0.517231 0.0 0.767876 -0.466767 -9.289267 -0.318768 0.037304 14.167834 132.0
37 8590.0 0.137844 0.520822 0.0 0.754291 -0.466767 -9.289267 -0.318768 0.037304 14.167834 132.0
38 8590.0 0.146611 0.550795 0.0 0.729779 -0.466767 -9.289267 -0.318768 0.037304 14.167834 132.0
39 8590.0 0.163443 0.551554 0.0 0.740235 -0.466767 -9.289267 -0.318768 0.037304 14.167834 132.0
40 8590.0 0.160188 0.525106 0.0 0.764853 -0.466767 -9.289267 -0.318768 0.037304 14.167834 132.0
41 8590.0 0.157173 0.517192 0.0 0.770859 -0.466767 -9.289267 -0.318768 0.037304 14.167834 132.0
42 8590.0 0.151293 0.501829 0.0 0.782498 -0.466767 -9.289267 -0.318768 0.037304 14.167834 132.0
43 8590.0 0.141788 0.477735 0.0 0.800564 -0.466767 -9.289267 -0.318768 0.037304 14.167834 132.0
44 8590.0 0.171458 0.483874 0.0 0.814133 -0.466767 -9.289267 -0.318768 0.037304 14.167834 132.0
45 8590.0 0.182967 0.517537 0.0 0.787711 -0.466767 -9.289267 -0.318768 0.037304 14.167834 132.0
46 8590.0 0.192792 0.513203 0.0 0.798653 -0.466767 -9.289267 -0.318768 0.037304 14.167834 132.0
47 8590.0 0.184825 0.517621 0.0 0.788865 -0.466767 -9.289267 -0.318768 0.037304 14.167834 132.0
48 8590.0 0.17008 0.513356 0.0 0.783352 -0.466767 -9.289267 -0.318768 0.037304 14.167834 132.0
49 8590.0 0.175229 0.487362 0.0 0.813115 -0.466767 -9.289267 -0.318768 0.037304 14.167834 132.0
50 8590.0 0.174786 0.506156 0.0 0.793783 -0.466767 -9.289267 -0.318768 0.037304 14.167834 132.0
51 8590.0 0.195457 0.499957 0.0 0.813847 -0.466767 -9.289267 -0.318768 0.037304 14.167834 132.0
52 8590.0 0.170724 0.483105 0.0 0.814423 -0.466767 -9.289267 -0.318768 0.037304 14.167834 132.0
53 8590.0 0.139535 0.486382 0.0 0.790303 -0.466767 -9.289267 -0.318768 0.037304 14.167834 132.0
54 8590.0 0.120581 0.508132 0.0 0.755632 -0.466767 -9.289267 -0.318768 0.037304 14.167834 132.0
55 8590.0 0.101446 0.541547 0.0 0.709026 -0.466767 -9.289267 -0.318768 0.037304 14.167834 132.0
56 8590.0 0.077129 0.533314 0.0 0.701147 -0.466767 -9.289267 -0.318768 0.037304 14.167834 132.0
57 8590.0 0.069765 0.518525 0.0 0.711217 -0.466767 -9.289267 -0.318768 0.037304 14.167834 132.0
58 8590.0 0.062995 0.53233 0.0 0.692718 -0.466767 -9.289267 -0.318768 0.037304 14.167834 132.0
59 8590.0 0.079076 0.536847 0.0 0.698867 -0.466767 -9.289267 -0.318768 0.037304 14.167834 132.0
60 8590.0 0.055541 0.523092 0.0 0.697104 -0.466767 -9.289267 -0.318768 0.037304 14.167834 132.0
61 8590.0 0.058353 0.529537 0.0 0.692451 -0.466767 -9.289267 -0.318768 0.037304 14.167834 132.0
62 8590.0 0.047598 0.511683 0.0 0.703363 -0.466767 -9.289267 -0.318768 0.037304 14.167834 132.0
63 8590.0 0.040642 0.480726 0.0 0.73008 -0.466767 -9.289267 -0.318768 0.037304 14.167834 132.0
64 8590.0 0.04177 0.489282 0.0 0.722166 -0.466767 -9.289267 -0.318768 0.037304 14.167834 132.0
65 8590.0 0.038169 0.483657 0.0 0.725462 -0.466767 -9.289267 -0.318768 0.037304 14.167834 132.0
66 8590.0 0.015475 0.476181 0.0 0.7179 -0.466767 -9.289267 -0.318768 0.037304 14.167834 132.0
67 8590.0 0.02056 0.480783 0.0 0.716629 -0.466767 -9.289267 -0.318768 0.037304 14.167834 132.0
68 8590.0 0.021809 0.486341 0.0 0.711833 -0.466767 -9.289267 -0.318768 0.037304 14.167834 132.0
69 8590.0 0.00931 0.482228 0.0 0.707663 -0.466767 -9.289267 -0.318768 0.037304 14.167834 132.0
70 8590.0 0.009859 0.488628 0.0 0.701547 -0.466767 -9.289267 -0.318768 0.037304 14.167834 132.0
71 8590.0 -0.015338 0.507762 0.0 0.665362 -0.466767 -9.289267 -0.318768 0.037304 14.167834 132.0
72 8590.0 -0.007629 0.500335 0.0 0.678026 -0.466767 -9.289267 -0.318768 0.037304 14.167834 132.0
73 8590.0 -0.021361 0.48904 0.0 0.680308 -0.466767 -9.289267 -0.318768 0.037304 14.167834 132.0
74 8590.0 -0.036036 0.488044 0.0 0.671531 -0.466767 -9.289267 -0.318768 0.037304 14.167834 132.0
75 8590.0 -0.041109 0.486022 0.0 0.670196 -0.466767 -9.289267 -0.318768 0.037304 14.167834 132.0
76 8590.0 -0.005726 0.491756 0.0 0.687985 -0.466767 -9.289267 -0.318768 0.037304 14.167834 132.0
77 8590.0 0.009839 0.478593 0.0 0.711698 -0.466767 -9.289267 -0.318768 0.037304 14.167834 132.0
78 8590.0 0.015063 0.50455 0.0 0.68889 -0.466767 -9.289267 -0.318768 0.037304 14.167834 132.0
79 8590.0 0.021856 0.486562 0.0 0.71164 -0.466767 -9.289267 -0.318768 0.037304 14.167834 132.0
80 8590.0 0.004048 0.460418 0.0 0.726245 -0.466767 -9.289267 -0.318768 0.037304 14.167834 132.0
81 8590.0 -0.034582 0.494039 0.0 0.666428 -0.466767 -9.289267 -0.318768 0.037304 14.167834 132.0
82 8590.0 -0.063777 0.505332 0.0 0.631306 -0.466767 -9.289267 -0.318768 0.037304 14.167834 132.0
83 8590.0 -0.079647 0.530271 0.0 0.590973 -0.466767 -9.289267 -0.318768 0.037304 14.167834 132.0
84 8590.0 -0.090805 0.538028 0.0 0.573073 -0.466767 -9.289267 -0.318768 0.037304 14.167834 132.0
85 8590.0 -0.081884 0.532692 0.0 0.586458 -0.466767 -9.289267 -0.318768 0.037304 14.167834 132.0
86 8590.0 -0.063175 0.498321 0.0 0.639323 -0.466767 -9.289267 -0.318768 0.037304 14.167834 132.0
87 8590.0 -0.085551 0.524905 0.0 0.591631 -0.466767 -9.289267 -0.318768 0.037304 14.167834 132.0
88 8590.0 -0.074401 0.503325 0.0 0.624309 -0.466767 -9.289267 -0.318768 0.037304 14.167834 132.0
89 8590.0 -0.090253 0.523215 0.0 0.589391 -0.466767 -9.289267 -0.318768 0.037304 14.167834 132.0
90 8590.0 -0.087216 0.516315 0.0 0.599386 -0.466767 -9.289267 -0.318768 0.037304 14.167834 132.0
91 8590.0 -0.085912 0.518593 0.0 0.598071 -0.466767 -9.289267 -0.318768 0.037304 14.167834 132.0
92 8590.0 -0.104675 0.51949 0.0 0.580963 -0.466767 -9.289267 -0.318768 0.037304 14.167834 132.0
93 8590.0 -0.122374 0.542345 0.0 0.541284 -0.466767 -9.289267 -0.318768 0.037304 14.167834 132.0
94 8590.0 -0.109631 0.541042 0.0 0.553646 -0.466767 -9.289267 -0.318768 0.037304 14.167834 132.0
95 8590.0 -0.132008 0.527349 0.0 0.549032 -0.466767 -9.289267 -0.318768 0.037304 14.167834 132.0
96 8590.0 -0.14173 0.513533 0.0 0.555442 -0.466767 -9.289267 -0.318768 0.037304 14.167834 132.0
97 8590.0 -0.150214 0.508894 0.0 0.553101 -0.466767 -9.289267 -0.318768 0.037304 14.167834 132.0
98 8590.0 -0.173624 0.507232 0.0 0.534731 -0.466767 -9.289267 -0.318768 0.037304 14.167834 132.0
99 8590.0 -0.159825 0.502391 0.0 0.551785 -0.466767 -9.289267 -0.318768 0.037304 14.167834 132.0
100 8590.0 -0.168007 0.501538 0.0 0.545656 -0.466767 -9.289267 -0.318768 0.037304 14.167834 132.0
101 8590.0 -0.17983 0.514286 0.0 0.521844 -0.466767 -9.289267 -0.318768 0.037304 14.167834 132.0
102 8590.0 -0.203647 0.498108 0.0 0.518649 -0.466767 -9.289267 -0.318768 0.037304 14.167834 132.0
103 8590.0 -0.206171 0.517525 0.0 0.49306 -0.466767 -9.289267 -0.318768 0.037304 14.167834 132.0
104 8590.0 -0.205009 0.489984 0.0 0.526167 -0.466767 -9.289267 -0.318768 0.037304 14.167834 132.0
105 8590.0 -0.206065 0.472494 0.0 0.543965 -0.466767 -9.289267 -0.318768 0.037304 14.167834 132.0
106 8590.0 -0.220776 0.478273 0.0 0.525122 -0.466767 -9.289267 -0.318768 0.037304 14.167834 132.0
107 8590.0 -0.22712 0.45847 0.0 0.540843 -0.466767 -9.289267 -0.318768 0.037304 14.167834 132.0
108 8590.0 -0.223776 0.471029 0.0 0.530288 -0.466767 -9.289267 -0.318768 0.037304 14.167834 132.0
109 8590.0 -0.244933 0.499222 0.0 0.476291 -0.466767 -9.289267 -0.318768 0.037304 14.167834 132.0
110 8590.0 -0.250568 0.515525 0.0 0.451078 -0.466767 -9.289267 -0.318768 0.037304 14.167834 132.0
111 8590.0 -0.236182 0.515352 0.0 0.465667 -0.466767 -9.289267 -0.318768 0.037304 14.167834 132.0
112 8590.0 -0.233307 0.527774 0.0 0.453624 -0.466767 -9.289267 -0.318768 0.037304 14.167834 132.0
113 8590.0 -0.223954 0.534126 0.0 0.455345 -0.466767 -9.289267 -0.318768 0.037304 14.167834 132.0
114 8590.0 -0.21114 0.53378 0.0 0.468571 -0.466767 -9.289267 -0.318768 0.037304 14.167834 132.0
115 8590.0 -0.190834 0.503216 0.0 0.524214 -0.466767 -9.289267 -0.318768 0.037304 14.167834 132.0
116 8590.0 -0.192232 0.499086 0.0 0.527428 -0.466767 -9.289267 -0.318768 0.037304 14.167834 132.0
117 8590.0 -0.196625 0.476784 0.0 0.547501 -0.466767 -9.289267 -0.318768 0.037304 14.167834 132.0
118 8590.0 -0.172441 0.487996 0.0 0.556323 -0.466767 -9.289267 -0.318768 0.037304 14.167834 132.0
119 8590.0 -0.156319 0.526149 0.0 0.529392 -0.466767 -9.289267 -0.318768 0.037304 14.167834 132.0
120 8590.0 -0.151164 0.512313 0.0 0.548627 -0.466767 -9.289267 -0.318768 0.037304 14.167834 132.0
121 8590.0 -0.153582 0.543984 0.0 0.512672 -0.466767 -9.289267 -0.318768 0.037304 14.167834 132.0
122 8590.0 -0.126463 0.500563 0.0 0.582455 -0.466767 -9.289267 -0.318768 0.037304 14.167834 132.0
123 8590.0 -0.126511 0.503235 0.0 0.579556 -0.466767 -9.289267 -0.318768 0.037304 14.167834 132.0
124 8590.0 -0.138122 0.51905 0.0 0.552646 -0.466767 -9.289267 -0.318768 0.037304 14.167834 132.0
125 8590.0 -0.118047 0.560651 0.0 0.525428 -0.466767 -9.289267 -0.318768 0.037304 14.167834 132.0
126 8590.0 -0.126675 0.55034 0.0 0.529031 -0.466767 -9.289267 -0.318768 0.037304 14.167834 132.0
127 8590.0 -0.123179 0.538903 0.0 0.544273 -0.466767 -9.289267 -0.318768 0.037304 14.167834 132.0
128 8590.0 -0.105972 0.535029 0.0 0.563227 -0.466767 -9.289267 -0.318768 0.037304 14.167834 132.0
129 8590.0 -0.106938 0.518553 0.0 0.580018 -0.466767 -9.289267 -0.318768 0.037304 14.167834 132.0
130 8590.0 -0.087533 0.544059 0.0 0.569438 -0.466767 -9.289267 -0.318768 0.037304 14.167834 132.0
131 8590.0 -0.09064 0.508903 0.0 0.604366 -0.466767 -9.289267 -0.318768 0.037304 14.167834 132.0
132 8590.0 -0.081816 0.510913 0.0 0.609811 -0.466767 -9.289267 -0.318768 0.037304 14.167834 132.0
133 8590.0 -0.072256 0.5135 0.0 0.615272 -0.466767 -9.289267 -0.318768 0.037304 14.167834 132.0
134 8590.0 -0.076375 0.522613 0.0 0.60198 -0.466767 -9.289267 -0.318768 0.037304 14.167834 132.0
135 8590.0 -0.065997 0.525905 0.0 0.607391 -0.466767 -9.289267 -0.318768 0.037304 14.167834 132.0
136 8590.0 -0.082839 0.481489 0.0 0.640402 -0.466767 -9.289267 -0.318768 0.037304 14.167834 132.0
137 8590.0 -0.073324 0.525518 0.0 0.601499 -0.466767 -9.289267 -0.318768 0.037304 14.167834 132.0
138 8590.0 -0.063682 0.507904 0.0 0.628637 -0.466767 -9.289267 -0.318768 0.037304 14.167834 132.0
139 8590.0 -0.049719 0.510161 0.0 0.638241 -0.466767 -9.289267 -0.318768 0.037304 14.167834 132.0
140 8590.0 -0.05297 0.496368 0.0 0.650195 -0.466767 -9.289267 -0.318768 0.037304 14.167834 132.0
141 8590.0 -0.055165 0.527028 0.0 0.615513 -0.466767 -9.289267 -0.318768 0.037304 14.167834 132.0
142 8590.0 -0.058265 0.53113 0.0 0.608457 -0.466767 -9.289267 -0.318768 0.037304 14.167834 132.0
143 8590.0 -0.05663 0.527953 0.0 0.613263 -0.466767 -9.289267 -0.318768 0.037304 14.167834 132.0
144 8590.0 -0.058326 0.535797 0.0 0.603413 -0.466767 -9.289267 -0.318768 0.037304 14.167834 132.0
145 8590.0 -0.041645 0.533361 0.0 0.620376 -0.466767 -9.289267 -0.318768 0.037304 14.167834 132.0
146 8590.0 -0.048744 0.520516 0.0 0.628005 -0.466767 -9.289267 -0.318768 0.037304 14.167834 132.0
147 8590.0 -0.048096 0.519749 0.0 0.629382 -0.466767 -9.289267 -0.318768 0.037304 14.167834 132.0
148 8590.0 -0.033407 0.523598 0.0 0.637272 -0.466767 -9.289267 -0.318768 0.037304 14.167834 132.0
149 8590.0 -0.023387 0.51625 0.0 0.651397 -0.466767 -9.289267 -0.318768 0.037304 14.167834 132.0
150 8590.0 -0.00103 0.500029 0.0 0.682737 -0.466767 -9.289267 -0.318768 0.037304 14.167834 132.0
151 8590.0 -0.037814 0.51731 0.0 0.640702 -0.466767 -9.289267 -0.318768 0.037304 14.167834 132.0
152 8590.0 -0.054984 0.503284 0.0 0.641065 -0.466767 -9.289267 -0.318768 0.037304 14.167834 132.0
153 8590.0 -0.060949 0.479782 0.0 0.661069 -0.466767 -9.289267 -0.318768 0.037304 14.167834 132.0
154 8590.0 -0.09075 0.493688 0.0 0.620546 -0.466767 -9.289267 -0.318768 0.037304 14.167834 132.0
155 8590.0 -0.09419 0.516082 0.0 0.593632 -0.466767 -9.289267 -0.318768 0.037304 14.167834 132.0
156 8590.0 -0.089209 0.509072 0.0 0.605417 -0.466767 -9.289267 -0.318768 0.037304 14.167834 132.0
157 8590.0 -0.08358 0.52684 0.0 0.591258 -0.466767 -9.289267 -0.318768 0.037304 14.167834 132.0
158 8590.0 -0.077025 0.537485 0.0 0.585514 -0.466767 -9.289267 -0.318768 0.037304 14.167834 132.0
159 8590.0 -0.097512 0.530382 0.0 0.575478 -0.466767 -9.289267 -0.318768 0.037304 14.167834 132.0
160 8590.0 -0.105312 0.504954 0.0 0.595962 -0.466767 -9.289267 -0.318768 0.037304 14.167834 132.0
161 8590.0 -0.066811 0.515595 0.0 0.617718 -0.466767 -9.289267 -0.318768 0.037304 14.167834 132.0
162 8590.0 -0.058674 0.513973 0.0 0.626456 -0.466767 -9.289267 -0.318768 0.037304 14.167834 132.0
163 8590.0 -0.067034 0.512836 0.0 0.620477 -0.466767 -9.289267 -0.318768 0.037304 14.167834 132.0
164 8590.0 -0.065386 0.481064 0.0 0.655878 -0.466767 -9.289267 -0.318768 0.037304 14.167834 132.0
165 8590.0 -0.045505 0.488208 0.0 0.665049 -0.466767 -9.289267 -0.318768 0.037304 14.167834 132.0
166 8590.0 -0.031421 0.480721 0.0 0.682026 -0.466767 -9.289267 -0.318768 0.037304 14.167834 132.0
167 8590.0 -0.047135 0.500915 0.0 0.650354 -0.466767 -9.289267 -0.318768 0.037304 14.167834 132.0
168 8590.0 -0.060535 0.516748 0.0 0.621886 -0.466767 -9.289267 -0.318768 0.037304 14.167834 132.0
169 8590.0 -0.063243 0.543432 0.0 0.591015 -0.466767 -9.289267 -0.318768 0.037304 14.167834 132.0
170 8590.0 -0.090857 0.531767 0.0 0.579724 -0.466767 -9.289267 -0.318768 0.037304 14.167834 132.0
171 8590.0 -0.099573 0.5126 0.0 0.592723 -0.466767 -9.289267 -0.318768 0.037304 14.167834 132.0
172 8590.0 -0.092623 0.518126 0.0 0.592794 -0.466767 -9.289267 -0.318768 0.037304 14.167834 132.0
173 8590.0 -0.092742 0.498276 0.0 0.613923 -0.466767 -9.289267 -0.318768 0.037304 14.167834 132.0
174 8590.0 -0.097263 0.508717 0.0 0.598865 -0.466767 -9.289267 -0.318768 0.037304 14.167834 132.0
175 8590.0 -0.104117 0.508472 0.0 0.593229 -0.466767 -9.289267 -0.318768 0.037304 14.167834 132.0
176 8590.0 -0.096368 0.534924 0.0 0.571605 -0.466767 -9.289267 -0.318768 0.037304 14.167834 132.0
177 8590.0 -0.097562 0.517701 0.0 0.588999 -0.466767 -9.289267 -0.318768 0.037304 14.167834 132.0
178 8590.0 -0.06872 0.522741 0.0 0.608432 -0.466767 -9.289267 -0.318768 0.037304 14.167834 132.0
179 8590.0 -0.076368 0.534218 0.0 0.589573 -0.466767 -9.289267 -0.318768 0.037304 14.167834 132.0
180 8590.0 -0.071759 0.515649 0.0 0.613401 -0.466767 -9.289267 -0.318768 0.037304 14.167834 132.0
181 8590.0 -0.090687 0.530238 0.0 0.581506 -0.466767 -9.289267 -0.318768 0.037304 14.167834 132.0
182 8590.0 -0.085825 0.541401 0.0 0.573751 -0.466767 -9.289267 -0.318768 0.037304 14.167834 132.0
183 8590.0 -0.06048 0.540287 0.0 0.596756 -0.466767 -9.289267 -0.318768 0.037304 14.167834 132.0
184 8590.0 -0.058142 0.533067 0.0 0.606491 -0.466767 -9.289267 -0.318768 0.037304 14.167834 132.0
185 8590.0 -0.071663 0.555123 0.0 0.571263 -0.466767 -9.289267 -0.318768 0.037304 14.167834 132.0
186 8590.0 -0.054053 0.548623 0.0 0.593372 -0.466767 -9.289267 -0.318768 0.037304 14.167834 132.0
187 8590.0 -0.061053 0.532399 0.0 0.6047 -0.466767 -9.289267 -0.318768 0.037304 14.167834 132.0
188 8590.0 -0.026647 0.51482 0.0 0.650671 -0.466767 -9.289267 -0.318768 0.037304 14.167834 132.0
189 8590.0 -0.022724 0.507881 0.0 0.660316 -0.466767 -9.289267 -0.318768 0.037304 14.167834 132.0
190 8590.0 -0.014212 0.528303 0.0 0.645307 -0.466767 -9.289267 -0.318768 0.037304 14.167834 132.0
191 8590.0 -0.026384 0.565333 0.0 0.599314 -0.466767 -9.289267 -0.318768 0.037304 14.167834 132.0
192 8590.0 -0.014892 0.522735 0.0 0.650494 -0.466767 -9.289267 -0.318768 0.037304 14.167834 132.0
193 8590.0 -0.008078 0.520758 0.0 0.657041 -0.466767 -9.289267 -0.318768 0.037304 14.167834 132.0
194 8590.0 -0.011273 0.476388 0.0 0.699851 -0.466767 -9.289267 -0.318768 0.037304 14.167834 132.0
195 8590.0 -0.010417 0.455832 0.0 0.721243 -0.466767 -9.289267 -0.318768 0.037304 14.167834 132.0
196 8590.0 -0.022149 0.465409 0.0 0.703718 -0.466767 -9.289267 -0.318768 0.037304 14.167834 132.0
197 8590.0 -0.029878 0.461984 0.0 0.702033 -0.466767 -9.289267 -0.318768 0.037304 14.167834 132.0
198 8590.0 -0.040555 0.442758 0.0 0.714386 -0.466767 -9.289267 -0.318768 0.037304 14.167834 132.0
199 8590.0 -0.053502 0.465339 0.0 0.68288 -0.466767 -9.289267 -0.318768 0.037304 14.167834 132.0
200 8590.0 -0.062587 0.503591 0.0 0.634192 -0.466767 -9.289267 -0.318768 0.037304 14.167834 132.0
201 8590.0 -0.072329 0.510349 0.0 0.61858 -0.466767 -9.289267 -0.318768 0.037304 14.167834 132.0
202 8590.0 -0.072907 0.496774 0.0 0.632602 -0.466767 -9.289267 -0.318768 0.037304 14.167834 132.0
203 8590.0 -0.071549 0.479865 0.0 0.651856 -0.466767 -9.289267 -0.318768 0.037304 14.167834 132.0
204 8590.0 -0.073669 0.498956 0.0 0.629612 -0.466767 -9.289267 -0.318768 0.037304 14.167834 132.0
205 8590.0 -0.04477 0.513559 0.0 0.638866 -0.466767 -9.289267 -0.318768 0.037304 14.167834 132.0
206 8590.0 -0.055331 0.486532 0.0 0.658684 -0.466767 -9.289267 -0.318768 0.037304 14.167834 132.0
207 8590.0 -0.084847 0.499475 0.0 0.619436 -0.466767 -9.289267 -0.318768 0.037304 14.167834 132.0
208 8590.0 -0.076533 0.487041 0.0 0.639892 -0.466767 -9.289267 -0.318768 0.037304 14.167834 132.0
209 8590.0 -0.087356 0.488436 0.0 0.629084 -0.466767 -9.289267 -0.318768 0.037304 14.167834 132.0
210 8590.0 -0.095461 0.501508 0.0 0.608127 -0.466767 -9.289267 -0.318768 0.037304 14.167834 132.0
211 8590.0 -0.094549 0.493294 0.0 0.617698 -0.466767 -9.289267 -0.318768 0.037304 14.167834 132.0
212 8590.0 -0.063794 0.490147 0.0 0.647533 -0.466767 -9.289267 -0.318768 0.037304 14.167834 132.0
213 8590.0 -0.086431 0.496852 0.0 0.620879 -0.466767 -9.289267 -0.318768 0.037304 14.167834 132.0
214 8590.0 -0.084578 0.479952 0.0 0.64055 -0.466767 -9.289267 -0.318768 0.037304 14.167834 132.0
215 8590.0 -0.081518 0.466018 0.0 0.658087 -0.466767 -9.289267 -0.318768 0.037304 14.167834 132.0
216 8590.0 -0.098959 0.477459 0.0 0.630838 -0.466767 -9.289267 -0.318768 0.037304 14.167834 132.0
217 8590.0 -0.104194 0.506486 0.0 0.595286 -0.466767 -9.289267 -0.318768 0.037304 14.167834 132.0
218 8590.0 -0.096695 0.513078 0.0 0.59469 -0.466767 -9.289267 -0.318768 0.037304 14.167834 132.0
219 8590.0 -0.104986 0.524086 0.0 0.575779 -0.466767 -9.289267 -0.318768 0.037304 14.167834 132.0
220 8590.0 -0.096394 0.522664 0.0 0.584695 -0.466767 -9.289267 -0.318768 0.037304 14.167834 132.0
221 8590.0 -0.103556 0.525498 0.0 0.5755 -0.466767 -9.289267 -0.318768 0.037304 14.167834 132.0
222 8590.0 -0.094296 0.5251 0.0 0.583896 -0.466767 -9.289267 -0.318768 0.037304 14.167834 132.0
223 8590.0 -0.11509 0.541078 0.0 0.548909 -0.466767 -9.289267 -0.318768 0.037304 14.167834 132.0
224 8590.0 -0.118364 0.540889 0.0 0.546293 -0.466767 -9.289267 -0.318768 0.037304 14.167834 132.0
225 8590.0 -0.157573 0.512178 0.0 0.543255 -0.466767 -9.289267 -0.318768 0.037304 14.167834 132.0
226 8590.0 -0.171666 0.499592 0.0 0.544588 -0.466767 -9.289267 -0.318768 0.037304 14.167834 132.0
227 8590.0 -0.183397 0.506414 0.0 0.527195 -0.466767 -9.289267 -0.318768 0.037304 14.167834 132.0
228 8590.0 -0.164081 0.50076 0.0 0.549866 -0.466767 -9.289267 -0.318768 0.037304 14.167834 132.0
229 8590.0 -0.160086 0.48445 0.0 0.570749 -0.466767 -9.289267 -0.318768 0.037304 14.167834 132.0
230 8590.0 -0.134079 0.488934 0.0 0.588338 -0.466767 -9.289267 -0.318768 0.037304 14.167834 132.0
231 8590.0 -0.144585 0.48767 0.0 0.580647 -0.466767 -9.289267 -0.318768 0.037304 14.167834 132.0
232 8590.0 -0.146879 0.481746 0.0 0.585009 -0.466767 -9.289267 -0.318768 0.037304 14.167834 132.0
233 8590.0 -0.136616 0.476748 0.0 0.599189 -0.466767 -9.289267 -0.318768 0.037304 14.167834 132.0
234 8590.0 -0.159948 0.496479 0.0 0.558003 -0.466767 -9.289267 -0.318768 0.037304 14.167834 132.0
235 8590.0 -0.172092 0.516991 0.0 0.525611 -0.466767 -9.289267 -0.318768 0.037304 14.167834 132.0
236 8590.0 -0.169867 0.532502 0.0 0.510936 -0.466767 -9.289267 -0.318768 0.037304 14.167834 132.0
237 8590.0 -0.18009 0.540255 0.0 0.491835 -0.466767 -9.289267 -0.318768 0.037304 14.167834 132.0
238 8590.0 -0.19171 0.51354 0.0 0.512303 -0.466767 -9.289267 -0.318768 0.037304 14.167834 132.0
239 8590.0 -0.207657 0.519579 0.0 0.489108 -0.466767 -9.289267 -0.318768 0.037304 14.167834 132.0
240 8590.0 -0.235241 0.51296 0.0 0.469481 -0.466767 -9.289267 -0.318768 0.037304 14.167834 132.0
241 8590.0 -0.213894 0.508858 0.0 0.495748 -0.466767 -9.289267 -0.318768 0.037304 14.167834 132.0
242 8590.0 -0.234403 0.504084 0.0 0.480979 -0.466767 -9.289267 -0.318768 0.037304 14.167834 132.0
243 8590.0 -0.208481 0.500251 0.0 0.511497 -0.466767 -9.289267 -0.318768 0.037304 14.167834 132.0
244 8590.0 -0.156703 0.48938 0.0 0.568389 -0.466767 -9.289267 -0.318768 0.037304 14.167834 132.0
245 8590.0 -0.160805 0.486054 0.0 0.568416 -0.466767 -9.289267 -0.318768 0.037304 14.167834 132.0
246 8590.0 -0.192325 0.492916 0.0 0.533947 -0.466767 -9.289267 -0.318768 0.037304 14.167834 132.0
247 8590.0 -0.202053 0.48747 0.0 0.5314 -0.466767 -9.289267 -0.318768 0.037304 14.167834 132.0
248 8590.0 -0.223284 0.513666 0.0 0.480587 -0.466767 -9.289267 -0.318768 0.037304 14.167834 132.0
249 8590.0 -0.23279 0.512276 0.0 0.472752 -0.466767 -9.289267 -0.318768 0.037304 14.167834 132.0
250 8590.0 -0.220747 0.515842 0.0 0.480509 -0.466767 -9.289267 -0.318768 0.037304 14.167834 132.0
251 8590.0 -0.212163 0.496565 0.0 0.512242 -0.466767 -9.289267 -0.318768 0.037304 14.167834 132.0
252 8590.0 -0.181745 0.487016 0.0 0.549364 -0.466767 -9.289267 -0.318768 0.037304 14.167834 132.0
253 8590.0 -0.177637 0.484091 0.0 0.556028 -0.466767 -9.289267 -0.318768 0.037304 14.167834 132.0
254 8590.0 -0.168715 0.486795 0.0 0.560816 -0.466767 -9.289267 -0.318768 0.037304 14.167834 132.0
255 8590.0 -0.181396 0.482084 0.0 0.55494 -0.466767 -9.289267 -0.318768 0.037304 14.167834 132.0
256 8590.0 -0.173201 0.474447 0.0 0.570161 -0.466767 -9.289267 -0.318768 0.037304 14.167834 132.0
257 8590.0 -0.182979 0.46503 0.0 0.571817 -0.466767 -9.289267 -0.318768 0.037304 14.167834 132.0
258 8590.0 -0.167915 0.469668 0.0 0.579823 -0.466767 -9.289267 -0.318768 0.037304 14.167834 132.0
259 8590.0 -0.178315 0.459626 0.0 0.581612 -0.466767 -9.289267 -0.318768 0.037304 14.167834 132.0
260 8590.0 -0.164314 0.46035 0.0 0.592888 -0.466767 -9.289267 -0.318768 0.037304 14.167834 132.0
261 8590.0 -0.169704 0.482499 0.0 0.564558 -0.466767 -9.289267 -0.318768 0.037304 14.167834 132.0
262 8590.0 -0.161595 0.503332 0.0 0.549256 -0.466767 -9.289267 -0.318768 0.037304 14.167834 132.0
263 8590.0 -0.154567 0.535111 0.0 0.521314 -0.466767 -9.289267 -0.318768 0.037304 14.167834 132.0
264 8590.0 -0.15604 0.546129 0.0 0.508261 -0.466767 -9.289267 -0.318768 0.037304 14.167834 132.0
265 8590.0 -0.164857 0.551067 0.0 0.494079 -0.466767 -9.289267 -0.318768 0.037304 14.167834 132.0
266 8590.0 -0.167262 0.551787 0.0 0.49081 -0.466767 -9.289267 -0.318768 0.037304 14.167834 132.0
267 8590.0 -0.161141 0.529168 0.0 0.522013 -0.466767 -9.289267 -0.318768 0.037304 14.167834 132.0
268 8590.0 -0.17906 0.509631 0.0 0.527486 -0.466767 -9.289267 -0.318768 0.037304 14.167834 132.0
269 8590.0 -0.157076 0.509339 0.0 0.54672 -0.466767 -9.289267 -0.318768 0.037304 14.167834 132.0
270 8590.0 -0.16015 0.494687 0.0 0.559746 -0.466767 -9.289267 -0.318768 0.037304 14.167834 132.0
271 8590.0 -0.160531 0.499887 0.0 0.553855 -0.466767 -9.289267 -0.318768 0.037304 14.167834 132.0
272 8590.0 -0.184477 0.519966 0.0 0.511769 -0.466767 -9.289267 -0.318768 0.037304 14.167834 132.0
273 8590.0 -0.2012 0.502335 0.0 0.516235 -0.466767 -9.289267 -0.318768 0.037304 14.167834 132.0
274 8590.0 -0.198272 0.480394 0.0 0.542222 -0.466767 -9.289267 -0.318768 0.037304 14.167834 132.0
275 8590.0 -0.214563 0.482755 0.0 0.525676 -0.466767 -9.289267 -0.318768 0.037304 14.167834 132.0
276 8590.0 -0.20369 0.485885 0.0 0.531686 -0.466767 -9.289267 -0.318768 0.037304 14.167834 132.0
277 8590.0 -0.210502 0.487629 0.0 0.523958 -0.466767 -9.289267 -0.318768 0.037304 14.167834 132.0
278 8590.0 -0.214455 0.515306 0.0 0.487444 -0.466767 -9.289267 -0.318768 0.037304 14.167834 132.0
279 8590.0 -0.215895 0.512703 0.0 0.48913 -0.466767 -9.289267 -0.318768 0.037304 14.167834 132.0
280 8590.0 -0.218456 0.510587 0.0 0.489112 -0.466767 -9.289267 -0.318768 0.037304 14.167834 132.0
281 8590.0 -0.261147 0.534746 0.0 0.417418 -0.466767 -9.289267 -0.318768 0.037304 14.167834 132.0
282 8590.0 -0.248695 0.545585 0.0 0.416849 -0.466767 -9.289267 -0.318768 0.037304 14.167834 132.0
283 8590.0 -0.265713 0.562858 0.0 0.379092 -0.466767 -9.289267 -0.318768 0.037304 14.167834 132.0
284 8590.0 -0.272605 0.578021 0.0 0.353991 -0.466767 -9.289267 -0.318768 0.037304 14.167834 132.0
285 8590.0 -0.279567 0.604923 0.0 0.314723 -0.466767 -9.289267 -0.318768 0.037304 14.167834 132.0
286 8590.0 -0.29593 0.607033 0.0 0.295831 -0.466767 -9.289267 -0.318768 0.037304 14.167834 132.0
287 8590.0 -0.277382 0.604575 0.0 0.317325 -0.466767 -9.289267 -0.318768 0.037304 14.167834 132.0
