 time p.x p.y p.z deep.node-0 CV opes.bias opes.rct opes.zed opes.neff opes.nker
0 3655.0 0.070372 0.542504 0.0 0.687333 -0.730728 -15.473031 -0.232923 0.039711 14.167834 124.0
1 3655.0 0.079636 0.508351 0.0 0.728104 -0.730728 -15.473031 -0.232923 0.039711 14.167834 124.0
2 3655.0 0.064991 0.531212 0.0 0.695181 -0.730728 -15.473031 -0.232923 0.039711 14.167834 124.0
3 3655.0 0.049164 0.529122 0.0 0.686744 -0.730728 -15.473031 -0.232923 0.039711 14.167834 124.0
4 3655.0 0.066481 0.512748 0.0 0.714877 -0.730728 -15.473031 -0.232923 0.039711 14.167834 124.0
5 3655.0 0.072849 0.495695 0.0 0.736397 -0.730728 -15.473031 -0.232923 0.039711 14.167834 124.0
6 3655.0 0.06793 0.490125 0.0 0.738758 -0.730728 -15.473031 -0.232923 0.039711 14.167834 124.0
7 3655.0 0.047381 0.473393 0.0 0.742001 -0.730728 -15.473031 -0.232923 0.039711 14.167834 124.0
8 3655.0 0.0266 0.489226 0.0 0.712105 -0.730728 -15.473031 -0.232923 0.039711 14.167834 124.0
9 3655.0 0.017297 0.482597 0.0 0.712616 -0.730728 -15.473031 -0.232923 0.039711 14.167834 124.0
10 3655.0 0.020561 0.471374 0.0 0.72616 -0.730728 -15.473031 -0.232923 0.039711 14.167834 124.0
11 3655.0 0.046343 0.445738 0.0 0.76932 -0.730728 -15.473031 -0.232923 0.039711 14.167834 124.0
12 3655.0 0.044994 0.477413 0.0 0.736338 -0.730728 -15.473031 -0.232923 0.039711 14.167834 124.0
13 3655.0 0.026 0.473811 0.0 0.727319 -0.730728 -15.473031 -0.232923 0.039711 14.167834 124.0
14 3655.0 0.024493 0.475246 0.0 0.72486 -0.730728 -15.473031 -0.232923 0.039711 14.167834 124.0
15 3655.0 0.027771 0.510866 0.0 0.690967 -0.730728 -15.473031 -0.232923 0.039711 14.167834 124.0
16 3655.0 0.013 0.508712 0.0 0.683299 -0.730728 -15.473031 -0.232923 0.039711 14.167834 124.0
17 3655.0 0.003495 0.501206 0.0 0.684562 -0.730728 -15.473031 -0.232923 0.039711 14.167834 124.0
18 3655.0 0.000162 0.508494 0.0 0.674958 -0.730728 -15.473031 -0.232923 0.039711 14.167834 124.0
19 3655.0 0.001627 0.489212 0.0 0.695465 -0.730728 -15.473031 -0.232923 0.039711 14.167834 124.0
20 3655.0 0.020556 0.476478 0.0 0.720987 -0.730728 -15.473031 -0.232923 0.039711 14.167834 124.0
21 3655.0 0.021024 0.494167 0.0 0.703383 -0.730728 -15.473031 -0.232923 0.039711 14.167834 124.0
22 3655.0 0.01222 0.51645 0.0 0.674941 -0.730728 -15.473031 -0.232923 0.039711 14.167834 124.0
23 3655.0 0.014014 0.507418 0.0 0.685285 -0.730728 -15.473031 -0.232923 0.039711 14.167834 124.0
24 3655.0 0.007541 0.496928 0.0 0.691594 -0.730728 -15.473031 -0.232923 0.039711 14.167834 124.0
25 3655.0 -0.005323 0.501649 0.0 0.678233 -0.730728 -15.473031 -0.232923 0.039711 14.167834 124.0
26 3655.0 -0.013388 0.497997 0.0 0.676553 -0.730728 -15.473031 -0.232923 0.039711 14.167834 124.0
27 3655.0 -0.010844 0.510519 0.0 0.665567 -0.730728 -15.473031 -0.232923 0.039711 14.167834 124.0
28 3655.0 -0.001601 0.525245 0.0 0.656815 -0.730728 -15.473031 -0.232923 0.039711 14.167834 124.0
29 3655.0 0.006504 0.491744 0.0 0.696153 -0.730728 -15.473031 -0.232923 0.039711 14.167834 124.0
30 3655.0 0.011423 0.511345 0.0 0.67958 -0.730728 -15.473031 -0.232923 0.039711 14.167834 124.0
31 3655.0 -0.009092 0.525743 0.0 0.651315 -0.730728 -15.473031 -0.232923 0.039711 14.167834 124.0
32 3655.0 -0.027504 0.499055 0.0 0.666068 -0.730728 -15.473031 -0.232923 0.039711 14.167834 124.0
33 3655.0 -0.010209 0.49774 0.0 0.678934 -0.730728 -15.473031 -0.232923 0.039711 14.167834 124.0
34 3655.0 0.007383 0.515101 0.0 0.673081 -0.730728 -15.473031 -0.232923 0.039711 14.167834 124.0
35 3655.0 0.018481 0.515812 0.0 0.679762 -0.730728 -15.473031 -0.232923 0.039711 14.167834 124.0
36 3655.0 0.028906 0.521131 0.0 0.681328 -0.730728 -15.473031 -0.232923 0.039711 14.167834 124.0
37 3655.0 0.004174 0.541005 0.0 0.644703 -0.730728 -15.473031 -0.232923 0.039711 14.167834 124.0
38 3655.0 -0.003872 0.517824 0.0 0.662817 -0.730728 -15.473031 -0.232923 0.039711 14.167834 124.0
39 3655.0 0.007952 0.484304 0.0 0.704655 -0.730728 -15.473031 -0.232923 0.039711 14.167834 124.0
40 3655.0 -0.007739 0.474863 0.0 0.703753 -0.730728 -15.473031 -0.232923 0.039711 14.167834 124.0
41 3655.0 0.006578 0.477772 0.0 0.710354 -0.730728 -15.473031 -0.232923 0.039711 14.167834 124.0
42 3655.0 -0.004071 0.480129 0.0 0.700866 -0.730728 -15.473031 -0.232923 0.039711 14.167834 124.0
43 3655.0 -0.005724 0.465816 0.0 0.714261 -0.730728 -15.473031 -0.232923 0.039711 14.167834 124.0
44 3655.0 -0.008837 0.480681 0.0 0.697128 -0.730728 -15.473031 -0.232923 0.039711 14.167834 124.0
45 3655.0 0.012331 0.499872 0.0 0.691806 -0.730728 -15.473031 -0.232923 0.039711 14.167834 124.0
46 3655.0 0.02122 0.502985 0.0 0.694581 -0.730728 -15.473031 -0.232923 0.039711 14.167834 124.0
47 3655.0 -0.010558 0.528772 0.0 0.647269 -0.730728 -15.473031 -0.232923 0.039711 14.167834 124.0
48 3655.0 -0.002364 0.534336 0.0 0.647098 -0.730728 -15.473031 -0.232923 0.039711 14.167834 124.0
49 3655.0 -0.010055 0.543528 0.0 0.632659 -0.730728 -15.473031 -0.232923 0.039711 14.167834 124.0
50 3655.0 -0.020486 0.554181 0.0 0.614912 -0.730728 -15.473031 -0.232923 0.039711 14.167834 124.0
51 3655.0 -0.03739 0.521925 0.0 0.63627 -0.730728 -15.473031 -0.232923 0.039711 14.167834 124.0
52 3655.0 0.00468 0.534454 0.0 0.651677 -0.730728 -15.473031 -0.232923 0.039711 14.167834 124.0
53 3655.0 0.009834 0.520179 0.0 0.669573 -0.730728 -15.473031 -0.232923 0.039711 14.167834 124.0
54 3655.0 0.010158 0.519578 0.0 0.670397 -0.730728 -15.473031 -0.232923 0.039711 14.167834 124.0
55 3655.0 0.038706 0.526847 0.0 0.682074 -0.730728 -15.473031 -0.232923 0.039711 14.167834 124.0
56 3655.0 0.061241 0.528096 0.0 0.695837 -0.730728 -15.473031 -0.232923 0.039711 14.167834 124.0
57 3655.0 0.030822 0.511294 0.0 0.692569 -0.730728 -15.473031 -0.232923 0.039711 14.167834 124.0
58 3655.0 0.050624 0.523421 0.0 0.693491 -0.730728 -15.473031 -0.232923 0.039711 14.167834 124.0
59 3655.0 0.090431 0.519321 0.0 0.724191 -0.730728 -15.473031 -0.232923 0.039711 14.167834 124.0
60 3655.0 0.096129 0.516499 0.0 0.73085 -0.730728 -15.473031 -0.232923 0.039711 14.167834 124.0
61 3655.0 0.103352 0.532838 0.0 0.719117 -0.730728 -15.473031 -0.232923 0.039711 14.167834 124.0
62 3655.0 0.08505 0.530423 0.0 0.709358 -0.730728 -15.473031 -0.232923 0.039711 14.167834 124.0
63 3655.0 0.099067 0.515081 0.0 0.734246 -0.730728 -15.473031 -0.232923 0.039711 14.167834 124.0
64 3655.0 0.10959 0.525232 0.0 0.730982 -0.730728 -15.473031 -0.232923 0.039711 14.167834 124.0
65 3655.0 0.142118 0.524037 0.0 0.753886 -0.730728 -15.473031 -0.232923 0.039711 14.167834 124.0
66 3655.0 0.139518 0.544154 0.0 0.731775 -0.730728 -15.473031 -0.232923 0.039711 14.167834 124.0
67 3655.0 0.123438 0.532007 0.0 0.733354 -0.730728 -15.473031 -0.232923 0.039711 14.167834 124.0
68 3655.0 0.097761 0.521475 0.0 0.726899 -0.730728 -15.473031 -0.232923 0.039711 14.167834 124.0
69 3655.0 0.078817 0.546347 0.0 0.689072 -0.730728 -15.473031 -0.232923 0.039711 14.167834 124.0
70 3655.0 0.055075 0.548112 0.0 0.67145 -0.730728 -15.473031 -0.232923 0.039711 14.167834 124.0
71 3655.0 0.035355 0.534042 0.0 0.672551 -0.730728 -15.473031 -0.232923 0.039711 14.167834 124.0
72 3655.0 0.048335 0.545382 0.0 0.669721 -0.730728 -15.473031 -0.232923 0.039711 14.167834 124.0
73 3655.0 0.037055 0.527169 0.0 0.680646 -0.730728 -15.473031 -0.232923 0.039711 14.167834 124.0
74 3655.0 0.032082 0.496825 0.0 0.708065 -0.730728 -15.473031 -0.232923 0.039711 14.167834 124.0
75 3655.0 0.036872 0.512867 0.0 0.69501 -0.730728 -15.473031 -0.232923 0.039711 14.167834 124.0
76 3655.0 0.015732 0.504989 0.0 0.688892 -0.730728 -15.473031 -0.232923 0.039711 14.167834 124.0
77 3655.0 0.005901 0.50326 0.0 0.684087 -0.730728 -15.473031 -0.232923 0.039711 14.167834 124.0
78 3655.0 -0.023321 0.513706 0.0 0.654018 -0.730728 -15.473031 -0.232923 0.039711 14.167834 124.0
79 3655.0 -0.015953 0.48316 0.0 0.689872 -0.730728 -15.473031 -0.232923 0.039711 14.167834 124.0
80 3655.0 -0.019488 0.464562 0.0 0.706351 -0.730728 -15.473031 -0.232923 0.039711 14.167834 124.0
81 3655.0 -0.032944 0.488775 0.0 0.672852 -0.730728 -15.473031 -0.232923 0.039711 14.167834 124.0
82 3655.0 -0.002449 0.511012 0.0 0.670667 -0.730728 -15.473031 -0.232923 0.039711 14.167834 124.0
83 3655.0 -0.004564 0.534246 0.0 0.645723 -0.730728 -15.473031 -0.232923 0.039711 14.167834 124.0
84 3655.0 -0.002411 0.559426 0.0 0.621653 -0.730728 -15.473031 -0.232923 0.039711 14.167834 124.0
85 3655.0 0.017926 0.562182 0.0 0.632425 -0.730728 -15.473031 -0.232923 0.039711 14.167834 124.0
86 3655.0 0.024402 0.590796 0.0 0.607761 -0.730728 -15.473031 -0.232923 0.039711 14.167834 124.0
87 3655.0 0.012317 0.598784 0.0 0.59161 -0.730728 -15.473031 -0.232923 0.039711 14.167834 124.0
88 3655.0 0.009662 0.563809 0.0 0.625266 -0.730728 -15.473031 -0.232923 0.039711 14.167834 124.0
89 3655.0 -0.015361 0.552662 0.0 0.619868 -0.730728 -15.473031 -0.232923 0.039711 14.167834 124.0
90 3655.0 -0.020888 0.563755 0.0 0.604947 -0.730728 -15.473031 -0.232923 0.039711 14.167834 124.0
91 3655.0 -0.009616 0.549138 0.0 0.627269 -0.730728 -15.473031 -0.232923 0.039711 14.167834 124.0
92 3655.0 -0.008189 0.569271 0.0 0.607828 -0.730728 -15.473031 -0.232923 0.039711 14.167834 124.0
93 3655.0 0.01378 0.578001 0.0 0.613637 -0.730728 -15.473031 -0.232923 0.039711 14.167834 124.0
94 3655.0 -0.021388 0.56285 0.0 0.60553 -0.730728 -15.473031 -0.232923 0.039711 14.167834 124.0
95 3655.0 -0.022549 0.54998 0.0 0.617791 -0.730728 -15.473031 -0.232923 0.039711 14.167834 124.0
96 3655.0 0.000845 0.545234 0.0 0.6382 -0.730728 -15.473031 -0.232923 0.039711 14.167834 124.0
97 3655.0 -0.026439 0.556949 0.0 0.608138 -0.730728 -15.473031 -0.232923 0.039711 14.167834 124.0
98 3655.0 -0.041255 0.573473 0.0 0.577808 -0.730728 -15.473031 -0.232923 0.039711 14.167834 124.0
99 3655.0 -0.026405 0.561372 0.0 0.603532 -0.730728 -15.473031 -0.232923 0.039711 14.167834 124.0
100 3655.0 -0.021637 0.550703 0.0 0.617667 -0.730728 -15.473031 -0.232923 0.039711 14.167834 124.0
101 3655.0 -0.030549 0.518747 0.0 0.644092 -0.730728 -15.473031 -0.232923 0.039711 14.167834 124.0
102 3655.0 -0.016508 0.530241 0.0 0.641813 -0.730728 -15.473031 -0.232923 0.039711 14.167834 124.0
103 3655.0 -0.019329 0.520596 0.0 0.649702 -0.730728 -15.473031 -0.232923 0.039711 14.167834 124.0
104 3655.0 -0.033946 0.534657 0.0 0.625616 -0.730728 -15.473031 -0.232923 0.039711 14.167834 124.0
105 3655.0 -0.060637 0.553584 0.0 0.582399 -0.730728 -15.473031 -0.232923 0.039711 14.167834 124.0
106 3655.0 -0.058913 0.544573 0.0 0.593521 -0.730728 -15.473031 -0.232923 0.039711 14.167834 124.0
107 3655.0 -0.061441 0.534225 0.0 0.602414 -0.730728 -15.473031 -0.232923 0.039711 14.167834 124.0
108 3655.0 -0.046011 0.494715 0.0 0.657952 -0.730728 -15.473031 -0.232923 0.039711 14.167834 124.0
109 3655.0 -0.040287 0.509027 0.0 0.647443 -0.730728 -15.473031 -0.232923 0.039711 14.167834 124.0
110 3655.0 -0.037358 0.519755 0.0 0.63853 -0.730728 -15.473031 -0.232923 0.039711 14.167834 124.0
111 3655.0 -0.022427 0.517499 0.0 0.650772 -0.730728 -15.473031 -0.232923 0.039711 14.167834 124.0
112 3655.0 -0.008254 0.532988 0.0 0.644536 -0.730728 -15.473031 -0.232923 0.039711 14.167834 124.0
113 3655.0 -0.001559 0.549604 0.0 0.63217 -0.730728 -15.473031 -0.232923 0.039711 14.167834 124.0
114 3655.0 -0.023423 0.551086 0.0 0.616088 -0.730728 -15.473031 -0.232923 0.039711 14.167834 124.0
115 3655.0 -0.026424 0.552533 0.0 0.612621 -0.730728 -15.473031 -0.232923 0.039711 14.167834 124.0
116 3655.0 -0.03523 0.55203 0.0 0.605928 -0.730728 -15.473031 -0.232923 0.039711 14.167834 124.0
117 3655.0 -0.05911 0.520201 0.0 0.619419 -0.730728 -15.473031 -0.232923 0.039711 14.167834 124.0
118 3655.0 -0.063493 0.503651 0.0 0.633349 -0.730728 -15.473031 -0.232923 0.039711 14.167834 124.0
119 3655.0 -0.061995 0.531003 0.0 0.605383 -0.730728 -15.473031 -0.232923 0.039711 14.167834 124.0
120 3655.0 -0.0635 0.539416 0.0 0.595089 -0.730728 -15.473031 -0.232923 0.039711 14.167834 124.0
121 3655.0 -0.057476 0.519917 0.0 0.62113 -0.730728 -15.473031 -0.232923 0.039711 14.167834 124.0
122 3655.0 -0.073732 0.526761 0.0 0.599818 -0.730728 -15.473031 -0.232923 0.039711 14.167834 124.0
123 3655.0 -0.076671 0.517132 0.0 0.607588 -0.730728 -15.473031 -0.232923 0.039711 14.167834 124.0
124 3655.0 -0.068146 0.517426 0.0 0.614611 -0.730728 -15.473031 -0.232923 0.039711 14.167834 124.0
125 3655.0 -0.079331 0.504759 0.0 0.618532 -0.730728 -15.473031 -0.232923 0.039711 14.167834 124.0
126 3655.0 -0.07589 0.486939 0.0 0.640554 -0.730728 -15.473031 -0.232923 0.039711 14.167834 124.0
127 3655.0 -0.076078 0.507163 0.0 0.61876 -0.730728 -15.473031 -0.232923 0.039711 14.167834 124.0
128 3655.0 -0.107966 0.501607 0.0 0.597259 -0.730728 -15.473031 -0.232923 0.039711 14.167834 124.0
129 3655.0 -0.125938 0.474652 0.0 0.610621 -0.730728 -15.473031 -0.232923 0.039711 14.167834 124.0
130 3655.0 -0.106777 0.485449 0.0 0.615564 -0.730728 -15.473031 -0.232923 0.039711 14.167834 124.0
131 3655.0 -0.102252 0.491376 0.0 0.613119 -0.730728 -15.473031 -0.232923 0.039711 14.167834 124.0
132 3655.0 -0.105475 0.480428 0.0 0.622054 -0.730728 -15.473031 -0.232923 0.039711 14.167834 124.0
133 3655.0 -0.129882 0.51665 0.0 0.562305 -0.730728 -15.473031 -0.232923 0.039711 14.167834 124.0
134 3655.0 -0.140329 0.523902 0.0 0.545557 -0.730728 -15.473031 -0.232923 0.039711 14.167834 124.0
135 3655.0 -0.133924 0.497906 0.0 0.578876 -0.730728 -15.473031 -0.232923 0.039711 14.167834 124.0
136 3655.0 -0.140896 0.498176 0.0 0.572585 -0.730728 -15.473031 -0.232923 0.039711 14.167834 124.0
137 3655.0 -0.158968 0.488683 0.0 0.567184 -0.730728 -15.473031 -0.232923 0.039711 14.167834 124.0
138 3655.0 -0.172605 0.519527 0.0 0.522457 -0.730728 -15.473031 -0.232923 0.039711 14.167834 124.0
139 3655.0 -0.189362 0.497364 0.0 0.53174 -0.730728 -15.473031 -0.232923 0.039711 14.167834 124.0
140 3655.0 -0.222556 0.469235 0.0 0.533257 -0.730728 -15.473031 -0.232923 0.039711 14.167834 124.0
141 3655.0 -0.236407 0.485726 0.0 0.501023 -0.730728 -15.473031 -0.232923 0.039711 14.167834 124.0
142 3655.0 -0.252098 0.501826 0.0 0.466 -0.730728 -15.473031 -0.232923 0.039711 14.167834 124.0
143 3655.0 -0.25555 0.496827 0.0 0.468553 -0.730728 -15.473031 -0.232923 0.039711 14.167834 124.0
144 3655.0 -0.24423 0.458927 0.0 0.525386 -0.730728 -15.473031 -0.232923 0.039711 14.167834 124.0
145 3655.0 -0.237969 0.446826 0.0 0.54396 -0.730728 -15.473031 -0.232923 0.039711 14.167834 124.0
146 3655.0 -0.26897 0.464083 0.0 0.494461 -0.730728 -15.473031 -0.232923 0.039711 14.167834 124.0
147 3655.0 -0.262577 0.448809 0.0 0.519195 -0.730728 -15.473031 -0.232923 0.039711 14.167834 124.0
148 3655.0 -0.26537 0.436903 0.0 0.530702 -0.730728 -15.473031 -0.232923 0.039711 14.167834 124.0
149 3655.0 -0.278475 0.446088 0.0 0.50657 -0.730728 -15.473031 -0.232923 0.039711 14.167834 124.0
150 3655.0 -0.280709 0.466411 0.0 0.479929 -0.730728 -15.473031 -0.232923 0.039711 14.167834 124.0
151 3655.0 -0.294011 0.458699 0.0 0.475893 -0.730728 -15.473031 -0.232923 0.039711 14.167834 124.0
152 3655.0 -0.277643 0.487399 0.0 0.45779 -0.730728 -15.473031 -0.232923 0.039711 14.167834 124.0
153 3655.0 -0.282899 0.499311 0.0 0.438229 -0.730728 -15.473031 -0.232923 0.039711 14.167834 124.0
154 3655.0 -0.27877 0.48818 0.0 0.455724 -0.730728 -15.473031 -0.232923 0.039711 14.167834 124.0
155 3655.0 -0.289142 0.489771 0.0 0.443444 -0.730728 -15.473031 -0.232923 0.039711 14.167834 124.0
156 3655.0 -0.305702 0.493175 0.0 0.422801 -0.730728 -15.473031 -0.232923 0.039711 14.167834 124.0
157 3655.0 -0.316191 0.525364 0.0 0.373658 -0.730728 -15.473031 -0.232923 0.039711 14.167834 124.0
158 3655.0 -0.332372 0.515696 0.0 0.369092 -0.730728 -15.473031 -0.232923 0.039711 14.167834 124.0
159 3655.0 -0.352769 0.510097 0.0 0.355425 -0.730728 -15.473031 -0.232923 0.039711 14.167834 124.0
160 3655.0 -0.373058 0.501784 0.0 0.345125 -0.730728 -15.473031 -0.232923 0.039711 14.167834 124.0
161 3655.0 -0.374799 0.492683 0.0 0.354315 -0.730728 -15.473031 -0.232923 0.039711 14.167834 124.0
162 3655.0 -0.369856 0.508019 0.0 0.340839 -0.730728 -15.473031 -0.232923 0.039711 14.167834 124.0
163 3655.0 -0.367879 0.49363 0.0 0.360095 -0.730728 -15.473031 -0.232923 0.039711 14.167834 124.0
164 3655.0 -0.377718 0.51659 0.0 0.322684 -0.730728 -15.473031 -0.232923 0.039711 14.167834 124.0
165 3655.0 -0.356207 0.530238 0.0 0.327799 -0.730728 -15.473031 -0.232923 0.039711 14.167834 124.0
166 3655.0 -0.32943 0.513152 0.0 0.375087 -0.730728 -15.473031 -0.232923 0.039711 14.167834 124.0
167 3655.0 -0.352369 0.527838 0.0 0.334518 -0.730728 -15.473031 -0.232923 0.039711 14.167834 124.0
168 3655.0 -0.343511 0.532362 0.0 0.33794 -0.730728 -15.473031 -0.232923 0.039711 14.167834 124.0
169 3655.0 -0.378815 0.548655 0.0 0.283079 -0.730728 -15.473031 -0.232923 0.039711 14.167834 124.0
170 3655.0 -0.421345 0.575377 0.0 0.208469 -0.730728 -15.473031 -0.232923 0.039711 14.167834 124.0
171 3655.0 -0.416681 0.580126 0.0 0.207429 -0.730728 -15.473031 -0.232923 0.039711 14.167834 124.0
172 3655.0 -0.388892 0.587025 0.0 0.226924 -0.730728 -15.473031 -0.232923 0.039711 14.167834 124.0
173 3655.0 -0.411219 0.537206 0.0 0.264435 -0.730728 -15.473031 -0.232923 0.039711 14.167834 124.0
174 3655.0 -0.404262 0.541072 0.0 0.266746 -0.730728 -15.473031 -0.232923 0.039711 14.167834 124.0
175 3655.0 -0.398057 0.547519 0.0 0.265206 -0.730728 -15.473031 -0.232923 0.039711 14.167834 124.0
176 3655.0 -0.377925 0.558317 0.0 0.272364 -0.730728 -15.473031 -0.232923 0.039711 14.167834 124.0
177 3655.0 -0.36331 0.572187 0.0 0.270318 -0.730728 -15.473031 -0.232923 0.039711 14.167834 124.0
178 3655.0 -0.347967 0.57036 0.0 0.287852 -0.730728 -15.473031 -0.232923 0.039711 14.167834 124.0
179 3655.0 -0.344651 0.567537 0.0 0.294557 -0.730728 -15.473031 -0.232923 0.039711 14.167834 124.0
180 3655.0 -0.345176 0.565184 0.0 0.296858 -0.730728 -15.473031 -0.232923 0.039711 14.167834 124.0
181 3655.0 -0.3415 0.566246 0.0 0.299258 -0.730728 -15.473031 -0.232923 0.039711 14.167834 124.0
182 3655.0 -0.33993 0.570986 0.0 0.295134 -0.730728 -15.473031 -0.232923 0.039711 14.167834 124.0
183 3655.0 -0.371573 0.525063 0.0 0.318652 -0.730728 -15.473031 -0.232923 0.039711 14.167834 124.0
184 3655.0 -0.390725 0.5147 0.0 0.311951 -0.730728 -15.473031 -0.232923 0.039711 14.167834 124.0
185 3655.0 -0.4275 0.51475 0.0 0.275126 -0.730728 -15.473031 -0.232923 0.039711 14.167834 124.0
186 3655.0 -0.458279 0.526235 0.0 0.230564 -0.730728 -15.473031 -0.232923 0.039711 14.167834 124.0
187 3655.0 -0.478777 0.539233 0.0 0.194461 -0.730728 -15.473031 -0.232923 0.039711 14.167834 124.0
188 3655.0 -0.474915 0.523608 0.0 0.217087 -0.730728 -15.473031 -0.232923 0.039711 14.167834 124.0
189 3655.0 -0.457696 0.525542 0.0 0.231978 -0.730728 -15.473031 -0.232923 0.039711 14.167834 124.0
190 3655.0 -0.476693 0.513101 0.0 0.227929 -0.730728 -15.473031 -0.232923 0.039711 14.167834 124.0
191 3655.0 -0.490314 0.520164 0.0 0.205828 -0.730728 -15.473031 -0.232923 0.039711 14.167834 124.0
192 3655.0 -0.491551 0.531601 0.0 0.190856 -0.730728 -15.473031 -0.232923 0.039711 14.167834 124.0
193 3655.0 -0.482985 0.530046 0.0 0.201288 -0.730728 -15.473031 -0.232923 0.039711 14.167834 124.0
194 3655.0 -0.492163 0.532292 0.0 0.189414 -0.730728 -15.473031 -0.232923 0.039711 14.167834 124.0
195 3655.0 -0.493165 0.523287 0.0 0.199228 -0.730728 -15.473031 -0.232923 0.039711 14.167834 124.0
196 3655.0 -0.505201 0.510409 0.0 0.202661 -0.730728 -15.473031 -0.232923 0.039711 14.167834 124.0
197 3655.0 -0.547274 0.504175 0.0 0.168086 -0.730728 -15.473031 -0.232923 0.039711 14.167834 124.0
198 3655.0 -0.541286 0.48457 0.0 0.197619 -0.730728 -15.473031 -0.232923 0.039711 14.167834 124.0
199 3655.0 -0.547019 0.488924 0.0 0.186657 -0.730728 -15.473031 -0.232923 0.039711 14.167834 124.0
200 3655.0 -0.551259 0.517099 0.0 0.148582 -0.730728 -15.473031 -0.232923 0.039711 14.167834 124.0
201 3655.0 -0.58177 0.529933 0.0 0.102666 -0.730728 -15.473031 -0.232923 0.039711 14.167834 124.0
202 3655.0 -0.565624 0.533031 0.0 0.115087 -0.730728 -15.473031 -0.232923 0.039711 14.167834 124.0
203 3655.0 -0.583716 0.522054 0.0 0.110183 -0.730728 -15.473031 -0.232923 0.039711 14.167834 124.0
204 3655.0 -0.577186 0.497142 0.0 0.14663 -0.730728 -15.473031 -0.232923 0.039711 14.167834 124.0
205 3655.0 -0.583466 0.496611 0.0 0.140989 -0.730728 -15.473031 -0.232923 0.039711 14.167834 124.0
206 3655.0 -0.586573 0.502579 0.0 0.130716 -0.730728 -15.473031 -0.232923 0.039711 14.167834 124.0
207 3655.0 -0.590541 0.507314 0.0 0.121062 -0.730728 -15.473031 -0.232923 0.039711 14.167834 124.0
208 3655.0 -0.598094 0.50723 0.0 0.113613 -0.730728 -15.473031 -0.232923 0.039711 14.167834 124.0
209 3655.0 -0.598625 0.478759 0.0 0.147274 -0.730728 -15.473031 -0.232923 0.039711 14.167834 124.0
210 3655.0 -0.583594 0.499703 0.0 0.137148 -0.730728 -15.473031 -0.232923 0.039711 14.167834 124.0
211 3655.0 -0.596003 0.516885 0.0 0.104108 -0.730728 -15.473031 -0.232923 0.039711 14.167834 124.0
212 3655.0 -0.58873 0.515074 0.0 0.113553 -0.730728 -15.473031 -0.232923 0.039711 14.167834 124.0
213 3655.0 -0.592556 0.513077 0.0 0.112127 -0.730728 -15.473031 -0.232923 0.039711 14.167834 124.0
214 3655.0 -0.600097 0.522802 0.0 0.092909 -0.730728 -15.473031 -0.232923 0.039711 14.167834 124.0
215 3655.0 -0.624014 0.549948 0.0 0.036397 -0.730728 -15.473031 -0.232923 0.039711 14.167834 124.0
216 3655.0 -0.617025 0.559418 0.0 0.03201 -0.730728 -15.473031 -0.232923 0.039711 14.167834 124.0
217 3655.0 -0.593574 0.557044 0.0 0.058305 -0.730728 -15.473031 -0.232923 0.039711 14.167834 124.0
218 3655.0 -0.573637 0.56126 0.0 0.073174 -0.730728 -15.473031 -0.232923 0.039711 14.167834 124.0
219 3655.0 -0.553381 0.557642 0.0 0.097769 -0.730728 -15.473031 -0.232923 0.039711 14.167834 124.0
220 3655.0 -0.538439 0.581233 0.0 0.084376 -0.730728 -15.473031 -0.232923 0.039711 14.167834 124.0
221 3655.0 -0.535463 0.571848 0.0 0.098622 -0.730728 -15.473031 -0.232923 0.039711 14.167834 124.0
222 3655.0 -0.556627 0.576888 0.0 0.071411 -0.730728 -15.473031 -0.232923 0.039711 14.167834 124.0
223 3655.0 -0.561229 0.585441 0.0 0.056538 -0.730728 -15.473031 -0.232923 0.039711 14.167834 124.0
224 3655.0 -0.583992 0.562753 0.0 0.061029 -0.730728 -15.473031 -0.232923 0.039711 14.167834 124.0
225 3655.0 -0.598922 0.556944 0.0 0.053079 -0.730728 -15.473031 -0.232923 0.039711 14.167834 124.0
226 3655.0 -0.568465 0.535846 0.0 0.108866 -0.730728 -15.473031 -0.232923 0.039711 14.167834 124.0
227 3655.0 -0.558907 0.540196 0.0 0.113196 -0.730728 -15.473031 -0.232923 0.039711 14.167834 124.0
228 3655.0 -0.551353 0.535969 0.0 0.125825 -0.730728 -15.473031 -0.232923 0.039711 14.167834 124.0
229 3655.0 -0.547541 0.518447 0.0 0.150679 -0.730728 -15.473031 -0.232923 0.039711 14.167834 124.0
230 3655.0 -0.557245 0.544659 0.0 0.109499 -0.730728 -15.473031 -0.232923 0.039711 14.167834 124.0
231 3655.0 -0.558541 0.55816 0.0 0.091988 -0.730728 -15.473031 -0.232923 0.039711 14.167834 124.0
232 3655.0 -0.567126 0.565968 0.0 0.074029 -0.730728 -15.473031 -0.232923 0.039711 14.167834 124.0
233 3655.0 -0.558477 0.587489 0.0 0.05683 -0.730728 -15.473031 -0.232923 0.039711 14.167834 124.0
234 3655.0 -0.558312 0.59295 0.0 0.050436 -0.730728 -15.473031 -0.232923 0.039711 14.167834 124.0
235 3655.0 -0.570883 0.611385 0.0 0.015729 -0.730728 -15.473031 -0.232923 0.039711 14.167834 124.0
236 3655.0 -0.575241 0.634806 0.0 -0.016756 -0.730728 -15.473031 -0.232923 0.039711 14.167834 124.0
237 3655.0 -0.557595 0.62373 0.0 0.014187 -0.730728 -15.473031 -0.232923 0.039711 14.167834 124.0
238 3655.0 -0.564694 0.650892 0.0 -0.02553 -0.730728 -15.473031 -0.232923 0.039711 14.167834 124.0
239 3655.0 -0.578188 0.678622 0.0 -0.073222 -0.730728 -15.473031 -0.232923 0.039711 14.167834 124.0
240 3655.0 -0.593607 0.703166 0.0 -0.119698 -0.730728 -15.473031 -0.232923 0.039711 14.167834 124.0
241 3655.0 -0.616273 0.683489 0.0 -0.118001 -0.730728 -15.473031 -0.232923 0.039711 14.167834 124.0
242 3655.0 -0.616479 0.673041 0.0 -0.105091 -0.730728 -15.473031 -0.232923 0.039711 14.167834 124.0
243 3655.0 -0.659235 0.657881 0.0 -0.129463 -0.730728 -15.473031 -0.232923 0.039711 14.167834 124.0
244 3655.0 -0.666406 0.676045 0.0 -0.159554 -0.730728 -15.473031 -0.232923 0.039711 14.167834 124.0
245 3655.0 -0.660324 0.657373 0.0 -0.129931 -0.730728 -15.473031 -0.232923 0.039711 14.167834 124.0
246 3655.0 -0.678508 0.67812 0.0 -0.174446 -0.730728 -15.473031 -0.232923 0.039711 14.167834 124.0
247 3655.0 -0.67941 0.697489 0.0 -0.197631 -0.730728 -15.473031 -0.232923 0.039711 14.167834 124.0
248 3655.0 -0.695787 0.679198 0.0 -0.192592 -0.730728 -15.473031 -0.232923 0.039711 14.167834 124.0
249 3655.0 -0.701556 0.679132 0.0 -0.197614 -0.730728 -15.473031 -0.232923 0.039711 14.167834 124.0
250 3655.0 -0.708475 0.666754 0.0 -0.190529 -0.730728 -15.473031 -0.232923 0.039711 14.167834 124.0
251 3655.0 -0.735495 0.642788 0.0 -0.187937 -0.730728 -15.473031 -0.232923 0.039711 14.167834 124.0
252 3655.0 -0.739694 0.652214 0.0 -0.202594 -0.730728 -15.473031 -0.232923 0.039711 14.167834 124.0
253 3655.0 -0.764979 0.646356 0.0 -0.218674 -0.730728 -15.473031 -0.232923 0.039711 14.167834 124.0
254 3655.0 -0.749939 0.654221 0.0 -0.213779 -0.730728 -15.473031 -0.232923 0.039711 14.167834 124.0
255 3655.0 -0.768621 0.63818 0.0 -0.213174 -0.730728 -15.473031 -0.232923 0.039711 14.167834 124.0
256 3655.0 -0.763433 0.636301 0.0 -0.206589 -0.730728 -15.473031 -0.232923 0.039711 14.167834 124.0
257 3655.0 -0.738783 0.649644 0.0 -0.19905 -0.730728 -15.473031 -0.232923 0.039711 14.167834 124.0
258 3655.0 -0.74754 0.658305 0.0 -0.216014 -0.730728 -15.473031 -0.232923 0.039711 14.167834 124.0
259 3655.0 -0.739265 0.670556 0.0 -0.221768 -0.730728 -15.473031 -0.232923 0.039711 14.167834 124.0
260 3655.0 -0.728447 0.636981 0.0 -0.173489 -0.730728 -15.473031 -0.232923 0.039711 14.167834 124.0
261 3655.0 -0.743396 0.637726 0.0 -0.189602 -0.730728 -15.473031 -0.232923 0.039711 14.167834 124.0
262 3655.0 -0.733606 0.642545 0.0 -0.185715 -0.730728 -15.473031 -0.232923 0.039711 14.167834 124.0
263 3655.0 -0.736674 0.633565 0.0 -0.177553 -0.730728 -15.473031 -0.232923 0.039711 14.167834 124.0
264 3655.0 -0.748611 0.654281 0.0 -0.21267 -0.730728 -15.473031 -0.232923 0.039711 14.167834 124.0
265 3655.0 -0.751637 0.653633 0.0 -0.214651 -0.730728 -15.473031 -0.232923 0.039711 14.167834 124.0
266 3655.0 -0.746482 0.664029 0.0 -0.221183 -0.730728 -15.473031 -0.232923 0.039711 14.167834 124.0
267 3655.0 -0.752208 0.648603 0.0 -0.209794 -0.730728 -15.473031 -0.232923 0.039711 14.167834 124.0
268 3655.0 -0.727974 0.644739 0.0 -0.182751 -0.730728 -15.473031 -0.232923 0.039711 14.167834 124.0
269 3655.0 -0.733359 0.650549 0.0 -0.195225 -0.730728 -15.473031 -0.232923 0.039711 14.167834 124.0
270 3655.0 -0.75866 0.662559 0.0 -0.230368 -0.730728 -15.473031 -0.232923 0.039711 14.167834 124.0
271 3655.0 -0.750351 0.64152 0.0 -0.200602 -0.730728 -15.473031 -0.232923 0.039711 14.167834 124.0
272 3655.0 -0.76273 0.645756 0.0 -0.216049 -0.730728 -15.473031 -0.232923 0.039711 14.167834 124.0
273 3655.0 -0.723073 0.609246 0.0 -0.133849 -0.730728 -15.473031 -0.232923 0.039711 14.167834 124.0
274 3655.0 -0.741341 0.60238 0.0 -0.143866 -0.730728 -15.473031 -0.232923 0.039711 14.167834 124.0
275 3655.0 -0.748324 0.630475 0.0 -0.185501 -0.730728 -15.473031 -0.232923 0.039711 14.167834 124.0
276 3655.0 -0.741953 0.651242 0.0 -0.203551 -0.730728 -15.473031 -0.232923 0.039711 14.167834 124.0
277 3655.0 -0.7314 0.637346 0.0 -0.176946 -0.730728 -15.473031 -0.232923 0.039711 14.167834 124.0
278 3655.0 -0.745137 0.630777 0.0 -0.182644 -0.730728 -15.473031 -0.232923 0.039711 14.167834 124.0
279 3655.0 -0.732099 0.597257 0.0 -0.128473 -0.730728 -15.473031 -0.232923 0.039711 14.167834 124.0
280 3655.0 -0.733063 0.584948 0.0 -0.114655 -0.730728 -15.473031 -0.232923 0.039711 14.167834 124.0
281 3655.0 -0.717249 0.589905 0.0 -0.104799 -0.730728 -15.473031 -0.232923 0.039711 14.167834 124.0
282 3655.0 -0.709866 0.602683 0.0 -0.112764 -0.730728 -15.473031 -0.232923 0.039711 14.167834 124.0
283 3655.0 -0.695582 0.623245 0.0 -0.123178 -0.730728 -15.473031 -0.232923 0.039711 14.167834 124.0
284 3655.0 -0.690906 0.615125 0.0 -0.108752 -0.730728 -15.473031 -0.232923 0.039711 14.167834 124.0
285 3655.0 -0.671444 0.598007 0.0 -0.068737 -0.730728 -15.473031 -0.232923 0.039711 14.167834 124.0
286 3655.0 -0.65937 0.591519 0.0 -0.048875 -0.730728 -15.473031 -0.232923 0.039711 14.167834 124.0
287 3655.0 -0.662999 0.583936 0.0 -0.043395 -0.730728 -15.473031 -0.232923 0.039711 14.167834 124.0
