 time p.x p.y p.z deep.node-0 CV opes.bias opes.rct opes.zed opes.neff opes.nker
0 4305.0 0.615529 0.499025 0.0 1.121282 -0.818739 -14.138558 -0.249419 0.038773 14.167834 127.0
1 4305.0 0.614959 0.497949 0.0 1.121832 -0.818739 -14.138558 -0.249419 0.038773 14.167834 127.0
2 4305.0 0.626977 0.504963 0.0 1.124594 -0.818739 -14.138558 -0.249419 0.038773 14.167834 127.0
3 4305.0 0.636657 0.522747 0.0 1.115702 -0.818739 -14.138558 -0.249419 0.038773 14.167834 127.0
4 4305.0 0.608767 0.527964 0.0 1.089601 -0.818739 -14.138558 -0.249419 0.038773 14.167834 127.0
5 4305.0 0.602332 0.538553 0.0 1.07498 -0.818739 -14.138558 -0.249419 0.038773 14.167834 127.0
6 4305.0 0.581245 0.52335 0.0 1.072786 -0.818739 -14.138558 -0.249419 0.038773 14.167834 127.0
7 4305.0 0.59161 0.546988 0.0 1.059056 -0.818739 -14.138558 -0.249419 0.038773 14.167834 127.0
8 4305.0 0.595215 0.573269 0.0 1.037735 -0.818739 -14.138558 -0.249419 0.038773 14.167834 127.0
9 4305.0 0.587586 0.583562 0.0 1.022473 -0.818739 -14.138558 -0.249419 0.038773 14.167834 127.0
10 4305.0 0.552079 0.590751 0.0 0.98874 -0.818739 -14.138558 -0.249419 0.038773 14.167834 127.0
11 4305.0 0.541779 0.586822 0.0 0.984465 -0.818739 -14.138558 -0.249419 0.038773 14.167834 127.0
12 4305.0 0.573514 0.613698 0.0 0.984106 -0.818739 -14.138558 -0.249419 0.038773 14.167834 127.0
13 4305.0 0.599688 0.58488 0.0 1.030518 -0.818739 -14.138558 -0.249419 0.038773 14.167834 127.0
14 4305.0 0.591186 0.531223 0.0 1.073174 -0.818739 -14.138558 -0.249419 0.038773 14.167834 127.0
15 4305.0 0.568628 0.541761 0.0 1.046274 -0.818739 -14.138558 -0.249419 0.038773 14.167834 127.0
16 4305.0 0.569352 0.511605 0.0 1.074454 -0.818739 -14.138558 -0.249419 0.038773 14.167834 127.0
17 4305.0 0.573034 0.538986 0.0 1.052184 -0.818739 -14.138558 -0.249419 0.038773 14.167834 127.0
18 4305.0 0.558951 0.513865 0.0 1.064431 -0.818739 -14.138558 -0.249419 0.038773 14.167834 127.0
19 4305.0 0.567724 0.503647 0.0 1.0805 -0.818739 -14.138558 -0.249419 0.038773 14.167834 127.0
20 4305.0 0.559175 0.514225 0.0 1.064273 -0.818739 -14.138558 -0.249419 0.038773 14.167834 127.0
21 4305.0 0.568337 0.519934 0.0 1.066048 -0.818739 -14.138558 -0.249419 0.038773 14.167834 127.0
22 4305.0 0.565667 0.532787 0.0 1.05223 -0.818739 -14.138558 -0.249419 0.038773 14.167834 127.0
23 4305.0 0.577869 0.527039 0.0 1.066826 -0.818739 -14.138558 -0.249419 0.038773 14.167834 127.0
24 4305.0 0.569343 0.535779 0.0 1.052301 -0.818739 -14.138558 -0.249419 0.038773 14.167834 127.0
25 4305.0 0.567271 0.55026 0.0 1.037449 -0.818739 -14.138558 -0.249419 0.038773 14.167834 127.0
26 4305.0 0.558473 0.543376 0.0 1.03703 -0.818739 -14.138558 -0.249419 0.038773 14.167834 127.0
27 4305.0 0.54812 0.578689 0.0 0.996764 -0.818739 -14.138558 -0.249419 0.038773 14.167834 127.0
28 4305.0 0.537991 0.572874 0.0 0.994347 -0.818739 -14.138558 -0.249419 0.038773 14.167834 127.0
29 4305.0 0.548118 0.555394 0.0 1.018104 -0.818739 -14.138558 -0.249419 0.038773 14.167834 127.0
30 4305.0 0.548956 0.556161 0.0 1.018041 -0.818739 -14.138558 -0.249419 0.038773 14.167834 127.0
31 4305.0 0.57371 0.575674 0.0 1.01909 -0.818739 -14.138558 -0.249419 0.038773 14.167834 127.0
32 4305.0 0.551049 0.56506 0.0 1.011489 -0.818739 -14.138558 -0.249419 0.038773 14.167834 127.0
33 4305.0 0.533562 0.54662 0.0 1.015013 -0.818739 -14.138558 -0.249419 0.038773 14.167834 127.0
34 4305.0 0.515583 0.553897 0.0 0.9946 -0.818739 -14.138558 -0.249419 0.038773 14.167834 127.0
35 4305.0 0.553827 0.534709 0.0 1.041418 -0.818739 -14.138558 -0.249419 0.038773 14.167834 127.0
36 4305.0 0.548077 0.524232 0.0 1.046621 -0.818739 -14.138558 -0.249419 0.038773 14.167834 127.0
37 4305.0 0.554206 0.532743 0.0 1.043509 -0.818739 -14.138558 -0.249419 0.038773 14.167834 127.0
38 4305.0 0.545979 0.522031 0.0 1.047033 -0.818739 -14.138558 -0.249419 0.038773 14.167834 127.0
39 4305.0 0.556193 0.530679 0.0 1.046919 -0.818739 -14.138558 -0.249419 0.038773 14.167834 127.0
40 4305.0 0.571624 0.543773 0.0 1.04672 -0.818739 -14.138558 -0.249419 0.038773 14.167834 127.0
41 4305.0 0.542949 0.558935 0.0 1.010907 -0.818739 -14.138558 -0.249419 0.038773 14.167834 127.0
42 4305.0 0.552493 0.548234 0.0 1.028007 -0.818739 -14.138558 -0.249419 0.038773 14.167834 127.0
43 4305.0 0.569043 0.528706 0.0 1.058551 -0.818739 -14.138558 -0.249419 0.038773 14.167834 127.0
44 4305.0 0.569826 0.526584 0.0 1.061094 -0.818739 -14.138558 -0.249419 0.038773 14.167834 127.0
45 4305.0 0.545871 0.549617 0.0 1.021678 -0.818739 -14.138558 -0.249419 0.038773 14.167834 127.0
46 4305.0 0.526943 0.543319 0.0 1.012976 -0.818739 -14.138558 -0.249419 0.038773 14.167834 127.0
47 4305.0 0.531377 0.519154 0.0 1.038505 -0.818739 -14.138558 -0.249419 0.038773 14.167834 127.0
48 4305.0 0.527792 0.522868 0.0 1.032362 -0.818739 -14.138558 -0.249419 0.038773 14.167834 127.0
49 4305.0 0.539719 0.521683 0.0 1.042565 -0.818739 -14.138558 -0.249419 0.038773 14.167834 127.0
50 4305.0 0.5155 0.488975 0.0 1.054015 -0.818739 -14.138558 -0.249419 0.038773 14.167834 127.0
51 4305.0 0.481111 0.475469 0.0 1.040097 -0.818739 -14.138558 -0.249419 0.038773 14.167834 127.0
52 4305.0 0.49098 0.515147 0.0 1.011292 -0.818739 -14.138558 -0.249419 0.038773 14.167834 127.0
53 4305.0 0.473028 0.497304 0.0 1.013913 -0.818739 -14.138558 -0.249419 0.038773 14.167834 127.0
54 4305.0 0.438867 0.513031 0.0 0.973388 -0.818739 -14.138558 -0.249419 0.038773 14.167834 127.0
55 4305.0 0.424261 0.508679 0.0 0.966208 -0.818739 -14.138558 -0.249419 0.038773 14.167834 127.0
56 4305.0 0.403884 0.530713 0.0 0.930444 -0.818739 -14.138558 -0.249419 0.038773 14.167834 127.0
57 4305.0 0.411857 0.538408 0.0 0.929489 -0.818739 -14.138558 -0.249419 0.038773 14.167834 127.0
58 4305.0 0.402183 0.509532 0.0 0.948548 -0.818739 -14.138558 -0.249419 0.038773 14.167834 127.0
59 4305.0 0.408176 0.49846 0.0 0.963273 -0.818739 -14.138558 -0.249419 0.038773 14.167834 127.0
60 4305.0 0.402731 0.462387 0.0 0.993523 -0.818739 -14.138558 -0.249419 0.038773 14.167834 127.0
61 4305.0 0.409129 0.460291 0.0 1.00008 -0.818739 -14.138558 -0.249419 0.038773 14.167834 127.0
62 4305.0 0.385104 0.517751 0.0 0.927961 -0.818739 -14.138558 -0.249419 0.038773 14.167834 127.0
63 4305.0 0.368095 0.514979 0.0 0.917674 -0.818739 -14.138558 -0.249419 0.038773 14.167834 127.0
64 4305.0 0.35119 0.52131 0.0 0.899572 -0.818739 -14.138558 -0.249419 0.038773 14.167834 127.0
65 4305.0 0.354199 0.537971 0.0 0.885809 -0.818739 -14.138558 -0.249419 0.038773 14.167834 127.0
66 4305.0 0.357116 0.502844 0.0 0.92181 -0.818739 -14.138558 -0.249419 0.038773 14.167834 127.0
67 4305.0 0.352599 0.487113 0.0 0.934017 -0.818739 -14.138558 -0.249419 0.038773 14.167834 127.0
68 4305.0 0.334487 0.477987 0.0 0.930186 -0.818739 -14.138558 -0.249419 0.038773 14.167834 127.0
69 4305.0 0.330876 0.478175 0.0 0.927458 -0.818739 -14.138558 -0.249419 0.038773 14.167834 127.0
70 4305.0 0.305652 0.469198 0.0 0.918492 -0.818739 -14.138558 -0.249419 0.038773 14.167834 127.0
71 4305.0 0.306567 0.4784 0.0 0.910113 -0.818739 -14.138558 -0.249419 0.038773 14.167834 127.0
72 4305.0 0.292387 0.518483 0.0 0.860911 -0.818739 -14.138558 -0.249419 0.038773 14.167834 127.0
73 4305.0 0.304892 0.502445 0.0 0.885411 -0.818739 -14.138558 -0.249419 0.038773 14.167834 127.0
74 4305.0 0.308048 0.502927 0.0 0.887163 -0.818739 -14.138558 -0.249419 0.038773 14.167834 127.0
75 4305.0 0.30098 0.46993 0.0 0.914635 -0.818739 -14.138558 -0.249419 0.038773 14.167834 127.0
76 4305.0 0.305218 0.508955 0.0 0.879272 -0.818739 -14.138558 -0.249419 0.038773 14.167834 127.0
77 4305.0 0.304448 0.529706 0.0 0.858429 -0.818739 -14.138558 -0.249419 0.038773 14.167834 127.0
78 4305.0 0.309542 0.532662 0.0 0.859125 -0.818739 -14.138558 -0.249419 0.038773 14.167834 127.0
79 4305.0 0.306153 0.536759 0.0 0.85273 -0.818739 -14.138558 -0.249419 0.038773 14.167834 127.0
80 4305.0 0.306404 0.53833 0.0 0.851371 -0.818739 -14.138558 -0.249419 0.038773 14.167834 127.0
81 4305.0 0.305765 0.553639 0.0 0.835944 -0.818739 -14.138558 -0.249419 0.038773 14.167834 127.0
82 4305.0 0.287543 0.534715 0.0 0.84162 -0.818739 -14.138558 -0.249419 0.038773 14.167834 127.0
83 4305.0 0.265275 0.528131 0.0 0.832374 -0.818739 -14.138558 -0.249419 0.038773 14.167834 127.0
84 4305.0 0.264094 0.513944 0.0 0.845454 -0.818739 -14.138558 -0.249419 0.038773 14.167834 127.0
85 4305.0 0.257258 0.515698 0.0 0.839118 -0.818739 -14.138558 -0.249419 0.038773 14.167834 127.0
86 4305.0 0.242119 0.521216 0.0 0.823434 -0.818739 -14.138558 -0.249419 0.038773 14.167834 127.0
87 4305.0 0.233432 0.513126 0.0 0.825835 -0.818739 -14.138558 -0.249419 0.038773 14.167834 127.0
88 4305.0 0.234241 0.504646 0.0 0.834963 -0.818739 -14.138558 -0.249419 0.038773 14.167834 127.0
89 4305.0 0.239235 0.492344 0.0 0.850755 -0.818739 -14.138558 -0.249419 0.038773 14.167834 127.0
90 4305.0 0.219761 0.505724 0.0 0.824215 -0.818739 -14.138558 -0.249419 0.038773 14.167834 127.0
91 4305.0 0.217019 0.531188 0.0 0.796594 -0.818739 -14.138558 -0.249419 0.038773 14.167834 127.0
92 4305.0 0.237185 0.528553 0.0 0.812712 -0.818739 -14.138558 -0.249419 0.038773 14.167834 127.0
93 4305.0 0.20147 0.521215 0.0 0.796326 -0.818739 -14.138558 -0.249419 0.038773 14.167834 127.0
94 4305.0 0.202855 0.529965 0.0 0.788386 -0.818739 -14.138558 -0.249419 0.038773 14.167834 127.0
95 4305.0 0.236126 0.508149 0.0 0.832673 -0.818739 -14.138558 -0.249419 0.038773 14.167834 127.0
96 4305.0 0.220089 0.500325 0.0 0.829902 -0.818739 -14.138558 -0.249419 0.038773 14.167834 127.0
97 4305.0 0.230372 0.506367 0.0 0.83064 -0.818739 -14.138558 -0.249419 0.038773 14.167834 127.0
98 4305.0 0.221267 0.50637 0.0 0.824565 -0.818739 -14.138558 -0.249419 0.038773 14.167834 127.0
99 4305.0 0.210268 0.499684 0.0 0.824001 -0.818739 -14.138558 -0.249419 0.038773 14.167834 127.0
100 4305.0 0.197218 0.495879 0.0 0.819152 -0.818739 -14.138558 -0.249419 0.038773 14.167834 127.0
101 4305.0 0.182289 0.497809 0.0 0.807241 -0.818739 -14.138558 -0.249419 0.038773 14.167834 127.0
102 4305.0 0.223488 0.536458 0.0 0.79557 -0.818739 -14.138558 -0.249419 0.038773 14.167834 127.0
103 4305.0 0.20853 0.552034 0.0 0.769817 -0.818739 -14.138558 -0.249419 0.038773 14.167834 127.0
104 4305.0 0.183249 0.541599 0.0 0.763528 -0.818739 -14.138558 -0.249419 0.038773 14.167834 127.0
105 4305.0 0.192936 0.535679 0.0 0.775984 -0.818739 -14.138558 -0.249419 0.038773 14.167834 127.0
106 4305.0 0.158352 0.524095 0.0 0.764653 -0.818739 -14.138558 -0.249419 0.038773 14.167834 127.0
107 4305.0 0.145158 0.542977 0.0 0.736729 -0.818739 -14.138558 -0.249419 0.038773 14.167834 127.0
108 4305.0 0.114464 0.531225 0.0 0.728162 -0.818739 -14.138558 -0.249419 0.038773 14.167834 127.0
109 4305.0 0.128911 0.52111 0.0 0.748042 -0.818739 -14.138558 -0.249419 0.038773 14.167834 127.0
110 4305.0 0.139109 0.48415 0.0 0.792279 -0.818739 -14.138558 -0.249419 0.038773 14.167834 127.0
111 4305.0 0.15411 0.48609 0.0 0.800319 -0.818739 -14.138558 -0.249419 0.038773 14.167834 127.0
112 4305.0 0.127844 0.502902 0.0 0.765773 -0.818739 -14.138558 -0.249419 0.038773 14.167834 127.0
113 4305.0 0.127714 0.508843 0.0 0.759669 -0.818739 -14.138558 -0.249419 0.038773 14.167834 127.0
114 4305.0 0.156541 0.493475 0.0 0.794459 -0.818739 -14.138558 -0.249419 0.038773 14.167834 127.0
115 4305.0 0.154204 0.474798 0.0 0.811819 -0.818739 -14.138558 -0.249419 0.038773 14.167834 127.0
116 4305.0 0.1763 0.49675 0.0 0.80432 -0.818739 -14.138558 -0.249419 0.038773 14.167834 127.0
117 4305.0 0.181831 0.513671 0.0 0.79087 -0.818739 -14.138558 -0.249419 0.038773 14.167834 127.0
118 4305.0 0.179099 0.536192 0.0 0.766236 -0.818739 -14.138558 -0.249419 0.038773 14.167834 127.0
119 4305.0 0.173021 0.526302 0.0 0.7722 -0.818739 -14.138558 -0.249419 0.038773 14.167834 127.0
120 4305.0 0.135304 0.530593 0.0 0.742701 -0.818739 -14.138558 -0.249419 0.038773 14.167834 127.0
121 4305.0 0.127146 0.518502 0.0 0.749507 -0.818739 -14.138558 -0.249419 0.038773 14.167834 127.0
122 4305.0 0.146133 0.487088 0.0 0.793988 -0.818739 -14.138558 -0.249419 0.038773 14.167834 127.0
123 4305.0 0.128241 0.495129 0.0 0.773912 -0.818739 -14.138558 -0.249419 0.038773 14.167834 127.0
124 4305.0 0.103322 0.532772 0.0 0.719164 -0.818739 -14.138558 -0.249419 0.038773 14.167834 127.0
125 4305.0 0.091686 0.555066 0.0 0.688823 -0.818739 -14.138558 -0.249419 0.038773 14.167834 127.0
126 4305.0 0.063498 0.552057 0.0 0.673072 -0.818739 -14.138558 -0.249419 0.038773 14.167834 127.0
127 4305.0 0.063585 0.568259 0.0 0.65672 -0.818739 -14.138558 -0.249419 0.038773 14.167834 127.0
128 4305.0 0.074507 0.543529 0.0 0.689053 -0.818739 -14.138558 -0.249419 0.038773 14.167834 127.0
129 4305.0 0.089499 0.512134 0.0 0.730851 -0.818739 -14.138558 -0.249419 0.038773 14.167834 127.0
130 4305.0 0.102827 0.501739 0.0 0.750268 -0.818739 -14.138558 -0.249419 0.038773 14.167834 127.0
131 4305.0 0.10033 0.513964 0.0 0.73622 -0.818739 -14.138558 -0.249419 0.038773 14.167834 127.0
132 4305.0 0.098028 0.513884 0.0 0.734766 -0.818739 -14.138558 -0.249419 0.038773 14.167834 127.0
133 4305.0 0.089131 0.533889 0.0 0.70857 -0.818739 -14.138558 -0.249419 0.038773 14.167834 127.0
134 4305.0 0.08298 0.548565 0.0 0.689602 -0.818739 -14.138558 -0.249419 0.038773 14.167834 127.0
135 4305.0 0.09068 0.538245 0.0 0.705189 -0.818739 -14.138558 -0.249419 0.038773 14.167834 127.0
136 4305.0 0.096601 0.528911 0.0 0.718594 -0.818739 -14.138558 -0.249419 0.038773 14.167834 127.0
137 4305.0 0.098949 0.511285 0.0 0.738012 -0.818739 -14.138558 -0.249419 0.038773 14.167834 127.0
138 4305.0 0.098213 0.515126 0.0 0.733631 -0.818739 -14.138558 -0.249419 0.038773 14.167834 127.0
139 4305.0 0.099122 0.492665 0.0 0.756987 -0.818739 -14.138558 -0.249419 0.038773 14.167834 127.0
140 4305.0 0.104469 0.502629 0.0 0.750461 -0.818739 -14.138558 -0.249419 0.038773 14.167834 127.0
141 4305.0 0.094684 0.539574 0.0 0.706514 -0.818739 -14.138558 -0.249419 0.038773 14.167834 127.0
142 4305.0 0.091324 0.558433 0.0 0.685172 -0.818739 -14.138558 -0.249419 0.038773 14.167834 127.0
143 4305.0 0.054561 0.556276 0.0 0.662839 -0.818739 -14.138558 -0.249419 0.038773 14.167834 127.0
144 4305.0 0.049303 0.537888 0.0 0.677958 -0.818739 -14.138558 -0.249419 0.038773 14.167834 127.0
145 4305.0 0.042038 0.519763 0.0 0.69147 -0.818739 -14.138558 -0.249419 0.038773 14.167834 127.0
146 4305.0 0.05433 0.505106 0.0 0.714514 -0.818739 -14.138558 -0.249419 0.038773 14.167834 127.0
147 4305.0 0.060376 0.533271 0.0 0.690018 -0.818739 -14.138558 -0.249419 0.038773 14.167834 127.0
148 4305.0 0.090172 0.538395 0.0 0.704699 -0.818739 -14.138558 -0.249419 0.038773 14.167834 127.0
149 4305.0 0.106549 0.547251 0.0 0.706652 -0.818739 -14.138558 -0.249419 0.038773 14.167834 127.0
150 4305.0 0.093924 0.511905 0.0 0.734033 -0.818739 -14.138558 -0.249419 0.038773 14.167834 127.0
151 4305.0 0.103701 0.499137 0.0 0.753486 -0.818739 -14.138558 -0.249419 0.038773 14.167834 127.0
152 4305.0 0.115282 0.496195 0.0 0.764188 -0.818739 -14.138558 -0.249419 0.038773 14.167834 127.0
153 4305.0 0.119005 0.491564 0.0 0.771362 -0.818739 -14.138558 -0.249419 0.038773 14.167834 127.0
154 4305.0 0.110673 0.508131 0.0 0.749025 -0.818739 -14.138558 -0.249419 0.038773 14.167834 127.0
155 4305.0 0.129652 0.529126 0.0 0.740418 -0.818739 -14.138558 -0.249419 0.038773 14.167834 127.0
156 4305.0 0.116033 0.505154 0.0 0.755615 -0.818739 -14.138558 -0.249419 0.038773 14.167834 127.0
157 4305.0 0.105065 0.506304 0.0 0.747136 -0.818739 -14.138558 -0.249419 0.038773 14.167834 127.0
158 4305.0 0.124233 0.516329 0.0 0.749766 -0.818739 -14.138558 -0.249419 0.038773 14.167834 127.0
159 4305.0 0.147014 0.526966 0.0 0.754184 -0.818739 -14.138558 -0.249419 0.038773 14.167834 127.0
160 4305.0 0.144501 0.495055 0.0 0.784829 -0.818739 -14.138558 -0.249419 0.038773 14.167834 127.0
161 4305.0 0.142876 0.505801 0.0 0.772861 -0.818739 -14.138558 -0.249419 0.038773 14.167834 127.0
162 4305.0 0.148396 0.51334 0.0 0.768907 -0.818739 -14.138558 -0.249419 0.038773 14.167834 127.0
163 4305.0 0.145008 0.51096 0.0 0.769058 -0.818739 -14.138558 -0.249419 0.038773 14.167834 127.0
164 4305.0 0.123813 0.510689 0.0 0.755197 -0.818739 -14.138558 -0.249419 0.038773 14.167834 127.0
165 4305.0 0.152167 0.510059 0.0 0.774745 -0.818739 -14.138558 -0.249419 0.038773 14.167834 127.0
166 4305.0 0.142646 0.487197 0.0 0.791552 -0.818739 -14.138558 -0.249419 0.038773 14.167834 127.0
167 4305.0 0.149182 0.471259 0.0 0.812055 -0.818739 -14.138558 -0.249419 0.038773 14.167834 127.0
168 4305.0 0.13477 0.470854 0.0 0.802853 -0.818739 -14.138558 -0.249419 0.038773 14.167834 127.0
169 4305.0 0.121644 0.466112 0.0 0.798903 -0.818739 -14.138558 -0.249419 0.038773 14.167834 127.0
170 4305.0 0.12689 0.503498 0.0 0.764533 -0.818739 -14.138558 -0.249419 0.038773 14.167834 127.0
171 4305.0 0.110851 0.490427 0.0 0.767077 -0.818739 -14.138558 -0.249419 0.038773 14.167834 127.0
172 4305.0 0.08589 0.509388 0.0 0.731225 -0.818739 -14.138558 -0.249419 0.038773 14.167834 127.0
173 4305.0 0.06713 0.514463 0.0 0.713573 -0.818739 -14.138558 -0.249419 0.038773 14.167834 127.0
174 4305.0 0.057921 0.485232 0.0 0.737039 -0.818739 -14.138558 -0.249419 0.038773 14.167834 127.0
175 4305.0 0.031718 0.498206 0.0 0.706423 -0.818739 -14.138558 -0.249419 0.038773 14.167834 127.0
176 4305.0 0.046427 0.485995 0.0 0.728601 -0.818739 -14.138558 -0.249419 0.038773 14.167834 127.0
177 4305.0 0.033775 0.512988 0.0 0.692822 -0.818739 -14.138558 -0.249419 0.038773 14.167834 127.0
178 4305.0 0.012891 0.517134 0.0 0.674696 -0.818739 -14.138558 -0.249419 0.038773 14.167834 127.0
179 4305.0 -0.004769 0.537848 0.0 0.641937 -0.818739 -14.138558 -0.249419 0.038773 14.167834 127.0
180 4305.0 -0.008575 0.497357 0.0 0.680412 -0.818739 -14.138558 -0.249419 0.038773 14.167834 127.0
181 4305.0 -0.005632 0.474783 0.0 0.705239 -0.818739 -14.138558 -0.249419 0.038773 14.167834 127.0
182 4305.0 0.002912 0.500522 0.0 0.684866 -0.818739 -14.138558 -0.249419 0.038773 14.167834 127.0
183 4305.0 -0.030061 0.471216 0.0 0.69256 -0.818739 -14.138558 -0.249419 0.038773 14.167834 127.0
184 4305.0 -0.027361 0.446317 0.0 0.71958 -0.818739 -14.138558 -0.249419 0.038773 14.167834 127.0
185 4305.0 -0.035437 0.44977 0.0 0.710698 -0.818739 -14.138558 -0.249419 0.038773 14.167834 127.0
186 4305.0 -0.026851 0.485245 0.0 0.680492 -0.818739 -14.138558 -0.249419 0.038773 14.167834 127.0
187 4305.0 -0.062588 0.469312 0.0 0.670857 -0.818739 -14.138558 -0.249419 0.038773 14.167834 127.0
188 4305.0 -0.052309 0.518066 0.0 0.627556 -0.818739 -14.138558 -0.249419 0.038773 14.167834 127.0
189 4305.0 -0.069821 0.518795 0.0 0.611705 -0.818739 -14.138558 -0.249419 0.038773 14.167834 127.0
190 4305.0 -0.076411 0.50776 0.0 0.617835 -0.818739 -14.138558 -0.249419 0.038773 14.167834 127.0
191 4305.0 -0.099204 0.484759 0.0 0.622819 -0.818739 -14.138558 -0.249419 0.038773 14.167834 127.0
192 4305.0 -0.08368 0.482982 0.0 0.638081 -0.818739 -14.138558 -0.249419 0.038773 14.167834 127.0
193 4305.0 -0.10107 0.515146 0.0 0.588712 -0.818739 -14.138558 -0.249419 0.038773 14.167834 127.0
194 4305.0 -0.093377 0.519012 0.0 0.591199 -0.818739 -14.138558 -0.249419 0.038773 14.167834 127.0
195 4305.0 -0.134306 0.506779 0.0 0.569055 -0.818739 -14.138558 -0.249419 0.038773 14.167834 127.0
196 4305.0 -0.111228 0.483261 0.0 0.614073 -0.818739 -14.138558 -0.249419 0.038773 14.167834 127.0
197 4305.0 -0.087208 0.510542 0.0 0.605567 -0.818739 -14.138558 -0.249419 0.038773 14.167834 127.0
198 4305.0 -0.081044 0.536386 0.0 0.58323 -0.818739 -14.138558 -0.249419 0.038773 14.167834 127.0
199 4305.0 -0.056145 0.536131 0.0 0.604933 -0.818739 -14.138558 -0.249419 0.038773 14.167834 127.0
200 4305.0 -0.055337 0.513377 0.0 0.629965 -0.818739 -14.138558 -0.249419 0.038773 14.167834 127.0
201 4305.0 -0.047102 0.502982 0.0 0.648172 -0.818739 -14.138558 -0.249419 0.038773 14.167834 127.0
202 4305.0 -0.040951 0.504654 0.0 0.651429 -0.818739 -14.138558 -0.249419 0.038773 14.167834 127.0
203 4305.0 -0.030302 0.491758 0.0 0.671593 -0.818739 -14.138558 -0.249419 0.038773 14.167834 127.0
204 4305.0 -0.006133 0.494845 0.0 0.684584 -0.818739 -14.138558 -0.249419 0.038773 14.167834 127.0
205 4305.0 0.009441 0.497322 0.0 0.692463 -0.818739 -14.138558 -0.249419 0.038773 14.167834 127.0
206 4305.0 0.016927 0.496621 0.0 0.698164 -0.818739 -14.138558 -0.249419 0.038773 14.167834 127.0
207 4305.0 0.00778 0.508445 0.0 0.680088 -0.818739 -14.138558 -0.249419 0.038773 14.167834 127.0
208 4305.0 -0.008039 0.511581 0.0 0.666361 -0.818739 -14.138558 -0.249419 0.038773 14.167834 127.0
209 4305.0 0.005359 0.528656 0.0 0.658002 -0.818739 -14.138558 -0.249419 0.038773 14.167834 127.0
210 4305.0 0.008627 0.529048 0.0 0.659784 -0.818739 -14.138558 -0.249419 0.038773 14.167834 127.0
211 4305.0 -0.000112 0.506469 0.0 0.676827 -0.818739 -14.138558 -0.249419 0.038773 14.167834 127.0
212 4305.0 -0.024754 0.501423 0.0 0.665504 -0.818739 -14.138558 -0.249419 0.038773 14.167834 127.0
213 4305.0 -0.018081 0.498705 0.0 0.672706 -0.818739 -14.138558 -0.249419 0.038773 14.167834 127.0
214 4305.0 -0.033696 0.484746 0.0 0.676432 -0.818739 -14.138558 -0.249419 0.038773 14.167834 127.0
215 4305.0 -0.019432 0.474858 0.0 0.69596 -0.818739 -14.138558 -0.249419 0.038773 14.167834 127.0
216 4305.0 -0.017641 0.478355 0.0 0.693612 -0.818739 -14.138558 -0.249419 0.038773 14.167834 127.0
217 4305.0 0.009121 0.479118 0.0 0.710687 -0.818739 -14.138558 -0.249419 0.038773 14.167834 127.0
218 4305.0 0.016245 0.484832 0.0 0.709651 -0.818739 -14.138558 -0.249419 0.038773 14.167834 127.0
219 4305.0 -0.012444 0.524942 0.0 0.649891 -0.818739 -14.138558 -0.249419 0.038773 14.167834 127.0
220 4305.0 -0.014801 0.529751 0.0 0.643448 -0.818739 -14.138558 -0.249419 0.038773 14.167834 127.0
221 4305.0 -0.037682 0.493638 0.0 0.664766 -0.818739 -14.138558 -0.249419 0.038773 14.167834 127.0
222 4305.0 -0.030105 0.514011 0.0 0.649184 -0.818739 -14.138558 -0.249419 0.038773 14.167834 127.0
223 4305.0 -0.018914 0.500656 0.0 0.670176 -0.818739 -14.138558 -0.249419 0.038773 14.167834 127.0
224 4305.0 -0.031528 0.490986 0.0 0.671557 -0.818739 -14.138558 -0.249419 0.038773 14.167834 127.0
225 4305.0 -0.020355 0.502194 0.0 0.667656 -0.818739 -14.138558 -0.249419 0.038773 14.167834 127.0
226 4305.0 -0.006655 0.550734 0.0 0.627627 -0.818739 -14.138558 -0.249419 0.038773 14.167834 127.0
227 4305.0 -0.011352 0.568264 0.0 0.60674 -0.818739 -14.138558 -0.249419 0.038773 14.167834 127.0
228 4305.0 -0.026745 0.561468 0.0 0.603137 -0.818739 -14.138558 -0.249419 0.038773 14.167834 127.0
229 4305.0 -0.038253 0.519793 0.0 0.637807 -0.818739 -14.138558 -0.249419 0.038773 14.167834 127.0
230 4305.0 -0.067334 0.513715 0.0 0.619279 -0.818739 -14.138558 -0.249419 0.038773 14.167834 127.0
231 4305.0 -0.059041 0.53163 0.0 0.607255 -0.818739 -14.138558 -0.249419 0.038773 14.167834 127.0
232 4305.0 -0.078351 0.533679 0.0 0.588444 -0.818739 -14.138558 -0.249419 0.038773 14.167834 127.0
233 4305.0 -0.066244 0.535601 0.0 0.596808 -0.818739 -14.138558 -0.249419 0.038773 14.167834 127.0
234 4305.0 -0.099184 0.556581 0.0 0.546017 -0.818739 -14.138558 -0.249419 0.038773 14.167834 127.0
235 4305.0 -0.120703 0.537317 0.0 0.548101 -0.818739 -14.138558 -0.249419 0.038773 14.167834 127.0
236 4305.0 -0.120681 0.548777 0.0 0.535862 -0.818739 -14.138558 -0.249419 0.038773 14.167834 127.0
237 4305.0 -0.127766 0.528006 0.0 0.551981 -0.818739 -14.138558 -0.249419 0.038773 14.167834 127.0
238 4305.0 -0.140449 0.523262 0.0 0.546138 -0.818739 -14.138558 -0.249419 0.038773 14.167834 127.0
239 4305.0 -0.152492 0.509597 0.0 0.550389 -0.818739 -14.138558 -0.249419 0.038773 14.167834 127.0
240 4305.0 -0.158142 0.487392 0.0 0.569277 -0.818739 -14.138558 -0.249419 0.038773 14.167834 127.0
241 4305.0 -0.138301 0.503653 0.0 0.568961 -0.818739 -14.138558 -0.249419 0.038773 14.167834 127.0
242 4305.0 -0.139969 0.486862 0.0 0.585485 -0.818739 -14.138558 -0.249419 0.038773 14.167834 127.0
243 4305.0 -0.128399 0.484552 0.0 0.597913 -0.818739 -14.138558 -0.249419 0.038773 14.167834 127.0
244 4305.0 -0.156013 0.489545 0.0 0.568806 -0.818739 -14.138558 -0.249419 0.038773 14.167834 127.0
245 4305.0 -0.14935 0.501309 0.0 0.561959 -0.818739 -14.138558 -0.249419 0.038773 14.167834 127.0
246 4305.0 -0.177911 0.488655 0.0 0.55091 -0.818739 -14.138558 -0.249419 0.038773 14.167834 127.0
247 4305.0 -0.186405 0.496016 0.0 0.535726 -0.818739 -14.138558 -0.249419 0.038773 14.167834 127.0
248 4305.0 -0.191762 0.532879 0.0 0.489025 -0.818739 -14.138558 -0.249419 0.038773 14.167834 127.0
249 4305.0 -0.208288 0.518812 0.0 0.489397 -0.818739 -14.138558 -0.249419 0.038773 14.167834 127.0
250 4305.0 -0.203729 0.508627 0.0 0.506187 -0.818739 -14.138558 -0.249419 0.038773 14.167834 127.0
251 4305.0 -0.197825 0.543222 0.0 0.470543 -0.818739 -14.138558 -0.249419 0.038773 14.167834 127.0
252 4305.0 -0.179805 0.530772 0.0 0.503509 -0.818739 -14.138558 -0.249419 0.038773 14.167834 127.0
253 4305.0 -0.182893 0.524963 0.0 0.507399 -0.818739 -14.138558 -0.249419 0.038773 14.167834 127.0
254 4305.0 -0.180447 0.498104 0.0 0.538622 -0.818739 -14.138558 -0.249419 0.038773 14.167834 127.0
255 4305.0 -0.168004 0.488612 0.0 0.559484 -0.818739 -14.138558 -0.249419 0.038773 14.167834 127.0
256 4305.0 -0.172428 0.505165 0.0 0.537971 -0.818739 -14.138558 -0.249419 0.038773 14.167834 127.0
257 4305.0 -0.175628 0.496316 0.0 0.544682 -0.818739 -14.138558 -0.249419 0.038773 14.167834 127.0
258 4305.0 -0.160057 0.500832 0.0 0.553253 -0.818739 -14.138558 -0.249419 0.038773 14.167834 127.0
259 4305.0 -0.149743 0.519991 0.0 0.541638 -0.818739 -14.138558 -0.249419 0.038773 14.167834 127.0
260 4305.0 -0.159059 0.500799 0.0 0.554147 -0.818739 -14.138558 -0.249419 0.038773 14.167834 127.0
261 4305.0 -0.145228 0.521896 0.0 0.543486 -0.818739 -14.138558 -0.249419 0.038773 14.167834 127.0
262 4305.0 -0.150749 0.534562 0.0 0.525187 -0.818739 -14.138558 -0.249419 0.038773 14.167834 127.0
263 4305.0 -0.154088 0.543799 0.0 0.512433 -0.818739 -14.138558 -0.249419 0.038773 14.167834 127.0
264 4305.0 -0.159324 0.552889 0.0 0.497423 -0.818739 -14.138558 -0.249419 0.038773 14.167834 127.0
265 4305.0 -0.160583 0.548169 0.0 0.501833 -0.818739 -14.138558 -0.249419 0.038773 14.167834 127.0
266 4305.0 -0.163589 0.538868 0.0 0.50953 -0.818739 -14.138558 -0.249419 0.038773 14.167834 127.0
267 4305.0 -0.170794 0.516299 0.0 0.527468 -0.818739 -14.138558 -0.249419 0.038773 14.167834 127.0
268 4305.0 -0.158283 0.510253 0.0 0.544703 -0.818739 -14.138558 -0.249419 0.038773 14.167834 127.0
269 4305.0 -0.153172 0.496826 0.0 0.563464 -0.818739 -14.138558 -0.249419 0.038773 14.167834 127.0
270 4305.0 -0.163913 0.492986 0.0 0.558326 -0.818739 -14.138558 -0.249419 0.038773 14.167834 127.0
271 4305.0 -0.170449 0.497948 0.0 0.547394 -0.818739 -14.138558 -0.249419 0.038773 14.167834 127.0
272 4305.0 -0.175673 0.515602 0.0 0.524015 -0.818739 -14.138558 -0.249419 0.038773 14.167834 127.0
273 4305.0 -0.171645 0.503839 0.0 0.540064 -0.818739 -14.138558 -0.249419 0.038773 14.167834 127.0
274 4305.0 -0.172191 0.54682 0.0 0.491848 -0.818739 -14.138558 -0.249419 0.038773 14.167834 127.0
275 4305.0 -0.20575 0.540705 0.0 0.465643 -0.818739 -14.138558 -0.249419 0.038773 14.167834 127.0
276 4305.0 -0.18212 0.509699 0.0 0.52478 -0.818739 -14.138558 -0.249419 0.038773 14.167834 127.0
277 4305.0 -0.194159 0.487322 0.0 0.538353 -0.818739 -14.138558 -0.249419 0.038773 14.167834 127.0
278 4305.0 -0.203843 0.493181 0.0 0.523751 -0.818739 -14.138558 -0.249419 0.038773 14.167834 127.0
279 4305.0 -0.198264 0.471617 0.0 0.551617 -0.818739 -14.138558 -0.249419 0.038773 14.167834 127.0
280 4305.0 -0.244158 0.492877 0.0 0.484685 -0.818739 -14.138558 -0.249419 0.038773 14.167834 127.0
281 4305.0 -0.245915 0.487374 0.0 0.489538 -0.818739 -14.138558 -0.249419 0.038773 14.167834 127.0
282 4305.0 -0.254695 0.515709 0.0 0.44673 -0.818739 -14.138558 -0.249419 0.038773 14.167834 127.0
283 4305.0 -0.286765 0.538331 0.0 0.387502 -0.818739 -14.138558 -0.249419 0.038773 14.167834 127.0
284 4305.0 -0.31971 0.56345 0.0 0.324399 -0.818739 -14.138558 -0.249419 0.038773 14.167834 127.0
285 4305.0 -0.289413 0.578703 0.0 0.336369 -0.818739 -14.138558 -0.249419 0.038773 14.167834 127.0
286 4305.0 -0.313489 0.586684 0.0 0.302715 -0.818739 -14.138558 -0.249419 0.038773 14.167834 127.0
287 4305.0 -0.325002 0.577244 0.0 0.302543 -0.818739 -14.138558 -0.249419 0.038773 14.167834 127.0
