 time p.x p.y p.z deep.node-0 CV opes.bias opes.rct opes.zed opes.neff opes.nker
0 5130.0 0.058729 0.497292 0.0 0.725362 -1.347837 -15.08469 -0.267042 0.037589 14.167834 131.0
1 5130.0 0.075365 0.480409 0.0 0.753557 -1.347837 -15.08469 -0.267042 0.037589 14.167834 131.0
2 5130.0 0.058102 0.480424 0.0 0.742029 -1.347837 -15.08469 -0.267042 0.037589 14.167834 131.0
3 5130.0 0.048326 0.498143 0.0 0.717563 -1.347837 -15.08469 -0.267042 0.037589 14.167834 131.0
4 5130.0 0.04963 0.490424 0.0 0.726251 -1.347837 -15.08469 -0.267042 0.037589 14.167834 131.0
5 5130.0 0.054245 0.492171 0.0 0.727559 -1.347837 -15.08469 -0.267042 0.037589 14.167834 131.0
6 5130.0 0.067021 0.475148 0.0 0.753322 -1.347837 -15.08469 -0.267042 0.037589 14.167834 131.0
7 5130.0 0.053432 0.487821 0.0 0.731423 -1.347837 -15.08469 -0.267042 0.037589 14.167834 131.0
8 5130.0 0.061526 0.509424 0.0 0.71494 -1.347837 -15.08469 -0.267042 0.037589 14.167834 131.0
9 5130.0 0.0851 0.491342 0.0 0.748976 -1.347837 -15.08469 -0.267042 0.037589 14.167834 131.0
10 5130.0 0.083388 0.498243 0.0 0.740844 -1.347837 -15.08469 -0.267042 0.037589 14.167834 131.0
11 5130.0 0.082423 0.494302 0.0 0.744193 -1.347837 -15.08469 -0.267042 0.037589 14.167834 131.0
12 5130.0 0.097638 0.515382 0.0 0.732988 -1.347837 -15.08469 -0.267042 0.037589 14.167834 131.0
13 5130.0 0.115918 0.506204 0.0 0.754476 -1.347837 -15.08469 -0.267042 0.037589 14.167834 131.0
14 5130.0 0.120011 0.493659 0.0 0.769911 -1.347837 -15.08469 -0.267042 0.037589 14.167834 131.0
15 5130.0 0.112553 0.484863 0.0 0.773847 -1.347837 -15.08469 -0.267042 0.037589 14.167834 131.0
16 5130.0 0.127943 0.487386 0.0 0.781555 -1.347837 -15.08469 -0.267042 0.037589 14.167834 131.0
17 5130.0 0.102513 0.519953 0.0 0.731609 -1.347837 -15.08469 -0.267042 0.037589 14.167834 131.0
18 5130.0 0.114667 0.500573 0.0 0.759344 -1.347837 -15.08469 -0.267042 0.037589 14.167834 131.0
19 5130.0 0.10413 0.505456 0.0 0.747371 -1.347837 -15.08469 -0.267042 0.037589 14.167834 131.0
20 5130.0 0.085508 0.512683 0.0 0.727633 -1.347837 -15.08469 -0.267042 0.037589 14.167834 131.0
21 5130.0 0.090526 0.491639 0.0 0.752294 -1.347837 -15.08469 -0.267042 0.037589 14.167834 131.0
22 5130.0 0.0846 0.484245 0.0 0.755831 -1.347837 -15.08469 -0.267042 0.037589 14.167834 131.0
23 5130.0 0.100564 0.503202 0.0 0.747277 -1.347837 -15.08469 -0.267042 0.037589 14.167834 131.0
24 5130.0 0.077364 0.515683 0.0 0.719162 -1.347837 -15.08469 -0.267042 0.037589 14.167834 131.0
25 5130.0 0.07531 0.525611 0.0 0.707737 -1.347837 -15.08469 -0.267042 0.037589 14.167834 131.0
26 5130.0 0.074771 0.504985 0.0 0.728269 -1.347837 -15.08469 -0.267042 0.037589 14.167834 131.0
27 5130.0 0.067189 0.498569 0.0 0.729711 -1.347837 -15.08469 -0.267042 0.037589 14.167834 131.0
28 5130.0 0.051508 0.496442 0.0 0.721408 -1.347837 -15.08469 -0.267042 0.037589 14.167834 131.0
29 5130.0 0.06223 0.52452 0.0 0.700119 -1.347837 -15.08469 -0.267042 0.037589 14.167834 131.0
30 5130.0 0.078657 0.528724 0.0 0.706815 -1.347837 -15.08469 -0.267042 0.037589 14.167834 131.0
31 5130.0 0.071498 0.523874 0.0 0.706953 -1.347837 -15.08469 -0.267042 0.037589 14.167834 131.0
32 5130.0 0.092916 0.536971 0.0 0.707971 -1.347837 -15.08469 -0.267042 0.037589 14.167834 131.0
33 5130.0 0.118593 0.517451 0.0 0.744867 -1.347837 -15.08469 -0.267042 0.037589 14.167834 131.0
34 5130.0 0.101327 0.526625 0.0 0.72406 -1.347837 -15.08469 -0.267042 0.037589 14.167834 131.0
35 5130.0 0.103543 0.535858 0.0 0.716186 -1.347837 -15.08469 -0.267042 0.037589 14.167834 131.0
36 5130.0 0.10443 0.520708 0.0 0.732123 -1.347837 -15.08469 -0.267042 0.037589 14.167834 131.0
37 5130.0 0.112061 0.50625 0.0 0.751857 -1.347837 -15.08469 -0.267042 0.037589 14.167834 131.0
38 5130.0 0.099675 0.510121 0.0 0.739676 -1.347837 -15.08469 -0.267042 0.037589 14.167834 131.0
39 5130.0 0.080622 0.501759 0.0 0.735438 -1.347837 -15.08469 -0.267042 0.037589 14.167834 131.0
40 5130.0 0.091041 0.504636 0.0 0.739472 -1.347837 -15.08469 -0.267042 0.037589 14.167834 131.0
41 5130.0 0.079352 0.511557 0.0 0.724667 -1.347837 -15.08469 -0.267042 0.037589 14.167834 131.0
42 5130.0 0.093497 0.52592 0.0 0.719553 -1.347837 -15.08469 -0.267042 0.037589 14.167834 131.0
43 5130.0 0.099038 0.530455 0.0 0.718654 -1.347837 -15.08469 -0.267042 0.037589 14.167834 131.0
44 5130.0 0.107569 0.538386 0.0 0.716311 -1.347837 -15.08469 -0.267042 0.037589 14.167834 131.0
45 5130.0 0.105425 0.542888 0.0 0.710321 -1.347837 -15.08469 -0.267042 0.037589 14.167834 131.0
46 5130.0 0.103174 0.517268 0.0 0.73477 -1.347837 -15.08469 -0.267042 0.037589 14.167834 131.0
47 5130.0 0.131604 0.497423 0.0 0.77383 -1.347837 -15.08469 -0.267042 0.037589 14.167834 131.0
48 5130.0 0.166547 0.514744 0.0 0.77959 -1.347837 -15.08469 -0.267042 0.037589 14.167834 131.0
49 5130.0 0.175471 0.507061 0.0 0.793323 -1.347837 -15.08469 -0.267042 0.037589 14.167834 131.0
50 5130.0 0.171165 0.511988 0.0 0.785461 -1.347837 -15.08469 -0.267042 0.037589 14.167834 131.0
51 5130.0 0.151954 0.498051 0.0 0.786766 -1.347837 -15.08469 -0.267042 0.037589 14.167834 131.0
52 5130.0 0.128644 0.501492 0.0 0.767735 -1.347837 -15.08469 -0.267042 0.037589 14.167834 131.0
53 5130.0 0.126794 0.498359 0.0 0.769675 -1.347837 -15.08469 -0.267042 0.037589 14.167834 131.0
54 5130.0 0.131843 0.507871 0.0 0.763407 -1.347837 -15.08469 -0.267042 0.037589 14.167834 131.0
55 5130.0 0.140581 0.512791 0.0 0.764251 -1.347837 -15.08469 -0.267042 0.037589 14.167834 131.0
56 5130.0 0.160043 0.498809 0.0 0.791392 -1.347837 -15.08469 -0.267042 0.037589 14.167834 131.0
57 5130.0 0.149393 0.500773 0.0 0.782301 -1.347837 -15.08469 -0.267042 0.037589 14.167834 131.0
58 5130.0 0.116655 0.465461 0.0 0.796235 -1.347837 -15.08469 -0.267042 0.037589 14.167834 131.0
59 5130.0 0.125587 0.458873 0.0 0.808864 -1.347837 -15.08469 -0.267042 0.037589 14.167834 131.0
60 5130.0 0.095498 0.469501 0.0 0.778033 -1.347837 -15.08469 -0.267042 0.037589 14.167834 131.0
61 5130.0 0.089997 0.468265 0.0 0.775617 -1.347837 -15.08469 -0.267042 0.037589 14.167834 131.0
62 5130.0 0.090241 0.466283 0.0 0.777787 -1.347837 -15.08469 -0.267042 0.037589 14.167834 131.0
63 5130.0 0.059558 0.499963 0.0 0.72321 -1.347837 -15.08469 -0.267042 0.037589 14.167834 131.0
64 5130.0 0.068061 0.504585 0.0 0.724199 -1.347837 -15.08469 -0.267042 0.037589 14.167834 131.0
65 5130.0 0.075962 0.522297 0.0 0.711528 -1.347837 -15.08469 -0.267042 0.037589 14.167834 131.0
66 5130.0 0.085029 0.519295 0.0 0.720616 -1.347837 -15.08469 -0.267042 0.037589 14.167834 131.0
67 5130.0 0.07423 0.535311 0.0 0.697191 -1.347837 -15.08469 -0.267042 0.037589 14.167834 131.0
68 5130.0 0.100682 0.525672 0.0 0.724595 -1.347837 -15.08469 -0.267042 0.037589 14.167834 131.0
69 5130.0 0.142645 0.531318 0.0 0.746862 -1.347837 -15.08469 -0.267042 0.037589 14.167834 131.0
70 5130.0 0.129728 0.545779 0.0 0.7236 -1.347837 -15.08469 -0.267042 0.037589 14.167834 131.0
71 5130.0 0.108903 0.565021 0.0 0.690222 -1.347837 -15.08469 -0.267042 0.037589 14.167834 131.0
72 5130.0 0.10704 0.528549 0.0 0.725922 -1.347837 -15.08469 -0.267042 0.037589 14.167834 131.0
73 5130.0 0.108699 0.506366 0.0 0.749496 -1.347837 -15.08469 -0.267042 0.037589 14.167834 131.0
74 5130.0 0.126 0.488674 0.0 0.778955 -1.347837 -15.08469 -0.267042 0.037589 14.167834 131.0
75 5130.0 0.119412 0.465461 0.0 0.798074 -1.347837 -15.08469 -0.267042 0.037589 14.167834 131.0
76 5130.0 0.102914 0.478703 0.0 0.773658 -1.347837 -15.08469 -0.267042 0.037589 14.167834 131.0
77 5130.0 0.095087 0.463034 0.0 0.784309 -1.347837 -15.08469 -0.267042 0.037589 14.167834 131.0
78 5130.0 0.087057 0.47223 0.0 0.769639 -1.347837 -15.08469 -0.267042 0.037589 14.167834 131.0
79 5130.0 0.100898 0.47011 0.0 0.781018 -1.347837 -15.08469 -0.267042 0.037589 14.167834 131.0
80 5130.0 0.107119 0.466077 0.0 0.789251 -1.347837 -15.08469 -0.267042 0.037589 14.167834 131.0
81 5130.0 0.118181 0.462347 0.0 0.800407 -1.347837 -15.08469 -0.267042 0.037589 14.167834 131.0
82 5130.0 0.153168 0.456242 0.0 0.829923 -1.347837 -15.08469 -0.267042 0.037589 14.167834 131.0
83 5130.0 0.125424 0.487442 0.0 0.779819 -1.347837 -15.08469 -0.267042 0.037589 14.167834 131.0
84 5130.0 0.109752 0.48283 0.0 0.774039 -1.347837 -15.08469 -0.267042 0.037589 14.167834 131.0
85 5130.0 0.111113 0.496865 0.0 0.760731 -1.347837 -15.08469 -0.267042 0.037589 14.167834 131.0
86 5130.0 0.10668 0.495171 0.0 0.75949 -1.347837 -15.08469 -0.267042 0.037589 14.167834 131.0
87 5130.0 0.094681 0.504755 0.0 0.74178 -1.347837 -15.08469 -0.267042 0.037589 14.167834 131.0
88 5130.0 0.065379 0.48279 0.0 0.744486 -1.347837 -15.08469 -0.267042 0.037589 14.167834 131.0
89 5130.0 0.059318 0.488546 0.0 0.734615 -1.347837 -15.08469 -0.267042 0.037589 14.167834 131.0
90 5130.0 0.050152 0.474276 0.0 0.742955 -1.347837 -15.08469 -0.267042 0.037589 14.167834 131.0
91 5130.0 0.054592 0.493429 0.0 0.726516 -1.347837 -15.08469 -0.267042 0.037589 14.167834 131.0
92 5130.0 0.074717 0.491139 0.0 0.742257 -1.347837 -15.08469 -0.267042 0.037589 14.167834 131.0
93 5130.0 0.078155 0.488204 0.0 0.747522 -1.347837 -15.08469 -0.267042 0.037589 14.167834 131.0
94 5130.0 0.08675 0.500718 0.0 0.74058 -1.347837 -15.08469 -0.267042 0.037589 14.167834 131.0
95 5130.0 0.087796 0.503782 0.0 0.738173 -1.347837 -15.08469 -0.267042 0.037589 14.167834 131.0
96 5130.0 0.098496 0.495817 0.0 0.753377 -1.347837 -15.08469 -0.267042 0.037589 14.167834 131.0
97 5130.0 0.118793 0.504822 0.0 0.757792 -1.347837 -15.08469 -0.267042 0.037589 14.167834 131.0
98 5130.0 0.108274 0.537905 0.0 0.717268 -1.347837 -15.08469 -0.267042 0.037589 14.167834 131.0
99 5130.0 0.098475 0.54707 0.0 0.70145 -1.347837 -15.08469 -0.267042 0.037589 14.167834 131.0
100 5130.0 0.114364 0.523961 0.0 0.735453 -1.347837 -15.08469 -0.267042 0.037589 14.167834 131.0
101 5130.0 0.140285 0.513883 0.0 0.762948 -1.347837 -15.08469 -0.267042 0.037589 14.167834 131.0
102 5130.0 0.12859 0.520227 0.0 0.748722 -1.347837 -15.08469 -0.267042 0.037589 14.167834 131.0
103 5130.0 0.124444 0.522616 0.0 0.743538 -1.347837 -15.08469 -0.267042 0.037589 14.167834 131.0
104 5130.0 0.109649 0.524584 0.0 0.731677 -1.347837 -15.08469 -0.267042 0.037589 14.167834 131.0
105 5130.0 0.098511 0.496381 0.0 0.752816 -1.347837 -15.08469 -0.267042 0.037589 14.167834 131.0
106 5130.0 0.105168 0.509324 0.0 0.744146 -1.347837 -15.08469 -0.267042 0.037589 14.167834 131.0
107 5130.0 0.103991 0.518923 0.0 0.733638 -1.347837 -15.08469 -0.267042 0.037589 14.167834 131.0
108 5130.0 0.091709 0.507953 0.0 0.736559 -1.347837 -15.08469 -0.267042 0.037589 14.167834 131.0
109 5130.0 0.103587 0.499303 0.0 0.753242 -1.347837 -15.08469 -0.267042 0.037589 14.167834 131.0
110 5130.0 0.105862 0.522686 0.0 0.731075 -1.347837 -15.08469 -0.267042 0.037589 14.167834 131.0
111 5130.0 0.092382 0.505923 0.0 0.739063 -1.347837 -15.08469 -0.267042 0.037589 14.167834 131.0
112 5130.0 0.068111 0.490045 0.0 0.73896 -1.347837 -15.08469 -0.267042 0.037589 14.167834 131.0
113 5130.0 0.090714 0.477996 0.0 0.766239 -1.347837 -15.08469 -0.267042 0.037589 14.167834 131.0
114 5130.0 0.100495 0.479133 0.0 0.771609 -1.347837 -15.08469 -0.267042 0.037589 14.167834 131.0
115 5130.0 0.101787 0.465429 0.0 0.786351 -1.347837 -15.08469 -0.267042 0.037589 14.167834 131.0
116 5130.0 0.097074 0.483428 0.0 0.764978 -1.347837 -15.08469 -0.267042 0.037589 14.167834 131.0
117 5130.0 0.067867 0.474448 0.0 0.754595 -1.347837 -15.08469 -0.267042 0.037589 14.167834 131.0
118 5130.0 0.065294 0.478704 0.0 0.748568 -1.347837 -15.08469 -0.267042 0.037589 14.167834 131.0
119 5130.0 0.054438 0.488179 0.0 0.731732 -1.347837 -15.08469 -0.267042 0.037589 14.167834 131.0
120 5130.0 0.028399 0.492881 0.0 0.709603 -1.347837 -15.08469 -0.267042 0.037589 14.167834 131.0
121 5130.0 0.028703 0.502602 0.0 0.69996 -1.347837 -15.08469 -0.267042 0.037589 14.167834 131.0
122 5130.0 0.012595 0.512015 0.0 0.679683 -1.347837 -15.08469 -0.267042 0.037589 14.167834 131.0
123 5130.0 0.025491 0.542466 0.0 0.65744 -1.347837 -15.08469 -0.267042 0.037589 14.167834 131.0
124 5130.0 0.052824 0.509106 0.0 0.709459 -1.347837 -15.08469 -0.267042 0.037589 14.167834 131.0
125 5130.0 0.031743 0.492395 0.0 0.712325 -1.347837 -15.08469 -0.267042 0.037589 14.167834 131.0
126 5130.0 -0.001155 0.49143 0.0 0.691364 -1.347837 -15.08469 -0.267042 0.037589 14.167834 131.0
127 5130.0 -0.017751 0.495679 0.0 0.675991 -1.347837 -15.08469 -0.267042 0.037589 14.167834 131.0
128 5130.0 -0.024742 0.523812 0.0 0.642834 -1.347837 -15.08469 -0.267042 0.037589 14.167834 131.0
129 5130.0 -0.006027 0.525015 0.0 0.654096 -1.347837 -15.08469 -0.267042 0.037589 14.167834 131.0
130 5130.0 0.011805 0.529973 0.0 0.660967 -1.347837 -15.08469 -0.267042 0.037589 14.167834 131.0
131 5130.0 0.012751 0.525396 0.0 0.666234 -1.347837 -15.08469 -0.267042 0.037589 14.167834 131.0
132 5130.0 0.025421 0.4965 0.0 0.703951 -1.347837 -15.08469 -0.267042 0.037589 14.167834 131.0
133 5130.0 0.037571 0.500221 0.0 0.708285 -1.347837 -15.08469 -0.267042 0.037589 14.167834 131.0
134 5130.0 0.010497 0.507063 0.0 0.6833 -1.347837 -15.08469 -0.267042 0.037589 14.167834 131.0
135 5130.0 -0.000827 0.479591 0.0 0.703574 -1.347837 -15.08469 -0.267042 0.037589 14.167834 131.0
136 5130.0 -0.005574 0.509089 0.0 0.67053 -1.347837 -15.08469 -0.267042 0.037589 14.167834 131.0
137 5130.0 -0.00103 0.539386 0.0 0.642873 -1.347837 -15.08469 -0.267042 0.037589 14.167834 131.0
138 5130.0 -0.009346 0.547368 0.0 0.629242 -1.347837 -15.08469 -0.267042 0.037589 14.167834 131.0
139 5130.0 -0.018045 0.553723 0.0 0.617004 -1.347837 -15.08469 -0.267042 0.037589 14.167834 131.0
140 5130.0 -0.064692 0.534272 0.0 0.599565 -1.347837 -15.08469 -0.267042 0.037589 14.167834 131.0
141 5130.0 -0.05165 0.547511 0.0 0.596629 -1.347837 -15.08469 -0.267042 0.037589 14.167834 131.0
142 5130.0 -0.075254 0.54947 0.0 0.574219 -1.347837 -15.08469 -0.267042 0.037589 14.167834 131.0
143 5130.0 -0.08514 0.544024 0.0 0.571535 -1.347837 -15.08469 -0.267042 0.037589 14.167834 131.0
144 5130.0 -0.065582 0.548987 0.0 0.58306 -1.347837 -15.08469 -0.267042 0.037589 14.167834 131.0
145 5130.0 -0.055755 0.545576 0.0 0.595166 -1.347837 -15.08469 -0.267042 0.037589 14.167834 131.0
146 5130.0 -0.060987 0.565352 0.0 0.569512 -1.347837 -15.08469 -0.267042 0.037589 14.167834 131.0
147 5130.0 -0.082969 0.584867 0.0 0.529719 -1.347837 -15.08469 -0.267042 0.037589 14.167834 131.0
148 5130.0 -0.074821 0.578437 0.0 0.543609 -1.347837 -15.08469 -0.267042 0.037589 14.167834 131.0
149 5130.0 -0.071593 0.579069 0.0 0.545711 -1.347837 -15.08469 -0.267042 0.037589 14.167834 131.0
150 5130.0 -0.0886 0.567621 0.0 0.543319 -1.347837 -15.08469 -0.267042 0.037589 14.167834 131.0
151 5130.0 -0.069613 0.586577 0.0 0.539385 -1.347837 -15.08469 -0.267042 0.037589 14.167834 131.0
152 5130.0 -0.060886 0.566954 0.0 0.567884 -1.347837 -15.08469 -0.267042 0.037589 14.167834 131.0
153 5130.0 -0.067028 0.533312 0.0 0.598581 -1.347837 -15.08469 -0.267042 0.037589 14.167834 131.0
154 5130.0 -0.078569 0.517958 0.0 0.60507 -1.347837 -15.08469 -0.267042 0.037589 14.167834 131.0
155 5130.0 -0.086672 0.495464 0.0 0.622156 -1.347837 -15.08469 -0.267042 0.037589 14.167834 131.0
156 5130.0 -0.074778 0.495235 0.0 0.632638 -1.347837 -15.08469 -0.267042 0.037589 14.167834 131.0
157 5130.0 -0.077159 0.494454 0.0 0.631424 -1.347837 -15.08469 -0.267042 0.037589 14.167834 131.0
158 5130.0 -0.081196 0.48234 0.0 0.640906 -1.347837 -15.08469 -0.267042 0.037589 14.167834 131.0
159 5130.0 -0.088361 0.488028 0.0 0.628656 -1.347837 -15.08469 -0.267042 0.037589 14.167834 131.0
160 5130.0 -0.084419 0.512309 0.0 0.606078 -1.347837 -15.08469 -0.267042 0.037589 14.167834 131.0
161 5130.0 -0.110592 0.509512 0.0 0.586542 -1.347837 -15.08469 -0.267042 0.037589 14.167834 131.0
162 5130.0 -0.111913 0.522434 0.0 0.571585 -1.347837 -15.08469 -0.267042 0.037589 14.167834 131.0
163 5130.0 -0.115622 0.502076 0.0 0.590166 -1.347837 -15.08469 -0.267042 0.037589 14.167834 131.0
164 5130.0 -0.138395 0.498824 0.0 0.574045 -1.347837 -15.08469 -0.267042 0.037589 14.167834 131.0
165 5130.0 -0.159974 0.494639 0.0 0.559949 -1.347837 -15.08469 -0.267042 0.037589 14.167834 131.0
166 5130.0 -0.165493 0.470547 0.0 0.580967 -1.347837 -15.08469 -0.267042 0.037589 14.167834 131.0
167 5130.0 -0.154916 0.489551 0.0 0.569744 -1.347837 -15.08469 -0.267042 0.037589 14.167834 131.0
168 5130.0 -0.166202 0.462084 0.0 0.589408 -1.347837 -15.08469 -0.267042 0.037589 14.167834 131.0
169 5130.0 -0.16899 0.48698 0.0 0.56038 -1.347837 -15.08469 -0.267042 0.037589 14.167834 131.0
170 5130.0 -0.15272 0.523079 0.0 0.535773 -1.347837 -15.08469 -0.267042 0.037589 14.167834 131.0
171 5130.0 -0.181914 0.527658 0.0 0.505141 -1.347837 -15.08469 -0.267042 0.037589 14.167834 131.0
172 5130.0 -0.189929 0.541958 0.0 0.479955 -1.347837 -15.08469 -0.267042 0.037589 14.167834 131.0
173 5130.0 -0.208628 0.547114 0.0 0.455068 -1.347837 -15.08469 -0.267042 0.037589 14.167834 131.0
174 5130.0 -0.231286 0.54684 0.0 0.432745 -1.347837 -15.08469 -0.267042 0.037589 14.167834 131.0
175 5130.0 -0.245638 0.534013 0.0 0.433803 -1.347837 -15.08469 -0.267042 0.037589 14.167834 131.0
176 5130.0 -0.224195 0.520807 0.0 0.4711 -1.347837 -15.08469 -0.267042 0.037589 14.167834 131.0
177 5130.0 -0.225809 0.50308 0.0 0.490776 -1.347837 -15.08469 -0.267042 0.037589 14.167834 131.0
178 5130.0 -0.235766 0.509277 0.0 0.47338 -1.347837 -15.08469 -0.267042 0.037589 14.167834 131.0
179 5130.0 -0.243812 0.494409 0.0 0.483192 -1.347837 -15.08469 -0.267042 0.037589 14.167834 131.0
180 5130.0 -0.249093 0.477022 0.0 0.498794 -1.347837 -15.08469 -0.267042 0.037589 14.167834 131.0
181 5130.0 -0.265022 0.502011 0.0 0.452858 -1.347837 -15.08469 -0.267042 0.037589 14.167834 131.0
182 5130.0 -0.289897 0.478455 0.0 0.45628 -1.347837 -15.08469 -0.267042 0.037589 14.167834 131.0
183 5130.0 -0.311627 0.472947 0.0 0.441172 -1.347837 -15.08469 -0.267042 0.037589 14.167834 131.0
184 5130.0 -0.327219 0.478522 0.0 0.418887 -1.347837 -15.08469 -0.267042 0.037589 14.167834 131.0
185 5130.0 -0.34168 0.46318 0.0 0.422856 -1.347837 -15.08469 -0.267042 0.037589 14.167834 131.0
186 5130.0 -0.334696 0.480407 0.0 0.409149 -1.347837 -15.08469 -0.267042 0.037589 14.167834 131.0
187 5130.0 -0.353708 0.469039 0.0 0.403795 -1.347837 -15.08469 -0.267042 0.037589 14.167834 131.0
188 5130.0 -0.359187 0.492051 0.0 0.370682 -1.347837 -15.08469 -0.267042 0.037589 14.167834 131.0
189 5130.0 -0.371207 0.489508 0.0 0.361719 -1.347837 -15.08469 -0.267042 0.037589 14.167834 131.0
190 5130.0 -0.36551 0.518078 0.0 0.333102 -1.347837 -15.08469 -0.267042 0.037589 14.167834 131.0
191 5130.0 -0.38584 0.529728 0.0 0.298787 -1.347837 -15.08469 -0.267042 0.037589 14.167834 131.0
192 5130.0 -0.390517 0.531519 0.0 0.29196 -1.347837 -15.08469 -0.267042 0.037589 14.167834 131.0
193 5130.0 -0.410677 0.526847 0.0 0.277416 -1.347837 -15.08469 -0.267042 0.037589 14.167834 131.0
194 5130.0 -0.400262 0.511895 0.0 0.305785 -1.347837 -15.08469 -0.267042 0.037589 14.167834 131.0
195 5130.0 -0.404669 0.5043 0.0 0.310501 -1.347837 -15.08469 -0.267042 0.037589 14.167834 131.0
196 5130.0 -0.395755 0.475663 0.0 0.353804 -1.347837 -15.08469 -0.267042 0.037589 14.167834 131.0
197 5130.0 -0.394315 0.504066 0.0 0.321133 -1.347837 -15.08469 -0.267042 0.037589 14.167834 131.0
198 5130.0 -0.401696 0.489839 0.0 0.33084 -1.347837 -15.08469 -0.267042 0.037589 14.167834 131.0
199 5130.0 -0.390237 0.492776 0.0 0.33877 -1.347837 -15.08469 -0.267042 0.037589 14.167834 131.0
200 5130.0 -0.408215 0.490399 0.0 0.323651 -1.347837 -15.08469 -0.267042 0.037589 14.167834 131.0
201 5130.0 -0.418711 0.502787 0.0 0.29828 -1.347837 -15.08469 -0.267042 0.037589 14.167834 131.0
202 5130.0 -0.415459 0.507196 0.0 0.296236 -1.347837 -15.08469 -0.267042 0.037589 14.167834 131.0
203 5130.0 -0.425015 0.522629 0.0 0.268149 -1.347837 -15.08469 -0.267042 0.037589 14.167834 131.0
204 5130.0 -0.439946 0.522674 0.0 0.253168 -1.347837 -15.08469 -0.267042 0.037589 14.167834 131.0
205 5130.0 -0.429594 0.519553 0.0 0.267266 -1.347837 -15.08469 -0.267042 0.037589 14.167834 131.0
206 5130.0 -0.427701 0.52711 0.0 0.260082 -1.347837 -15.08469 -0.267042 0.037589 14.167834 131.0
207 5130.0 -0.421461 0.509429 0.0 0.287554 -1.347837 -15.08469 -0.267042 0.037589 14.167834 131.0
208 5130.0 -0.419399 0.525492 0.0 0.270324 -1.347837 -15.08469 -0.267042 0.037589 14.167834 131.0
209 5130.0 -0.421204 0.527299 0.0 0.26635 -1.347837 -15.08469 -0.267042 0.037589 14.167834 131.0
210 5130.0 -0.434736 0.491857 0.0 0.295386 -1.347837 -15.08469 -0.267042 0.037589 14.167834 131.0
211 5130.0 -0.42381 0.511102 0.0 0.283197 -1.347837 -15.08469 -0.267042 0.037589 14.167834 131.0
212 5130.0 -0.421726 0.500928 0.0 0.297498 -1.347837 -15.08469 -0.267042 0.037589 14.167834 131.0
213 5130.0 -0.432314 0.518509 0.0 0.265799 -1.347837 -15.08469 -0.267042 0.037589 14.167834 131.0
214 5130.0 -0.469757 0.502453 0.0 0.24765 -1.347837 -15.08469 -0.267042 0.037589 14.167834 131.0
215 5130.0 -0.470935 0.483903 0.0 0.26875 -1.347837 -15.08469 -0.267042 0.037589 14.167834 131.0
216 5130.0 -0.508633 0.491455 0.0 0.221993 -1.347837 -15.08469 -0.267042 0.037589 14.167834 131.0
217 5130.0 -0.532069 0.477999 0.0 0.214725 -1.347837 -15.08469 -0.267042 0.037589 14.167834 131.0
218 5130.0 -0.535822 0.48309 0.0 0.204858 -1.347837 -15.08469 -0.267042 0.037589 14.167834 131.0
219 5130.0 -0.520436 0.5164 0.0 0.180236 -1.347837 -15.08469 -0.267042 0.037589 14.167834 131.0
220 5130.0 -0.545589 0.529477 0.0 0.139385 -1.347837 -15.08469 -0.267042 0.037589 14.167834 131.0
221 5130.0 -0.570814 0.525099 0.0 0.119424 -1.347837 -15.08469 -0.267042 0.037589 14.167834 131.0
222 5130.0 -0.582539 0.537946 0.0 0.092274 -1.347837 -15.08469 -0.267042 0.037589 14.167834 131.0
223 5130.0 -0.619764 0.533507 0.0 0.060391 -1.347837 -15.08469 -0.267042 0.037589 14.167834 131.0
224 5130.0 -0.661875 0.544901 0.0 0.004608 -1.347837 -15.08469 -0.267042 0.037589 14.167834 131.0
225 5130.0 -0.684935 0.554371 0.0 -0.029819 -1.347837 -15.08469 -0.267042 0.037589 14.167834 131.0
226 5130.0 -0.696638 0.556008 0.0 -0.043484 -1.347837 -15.08469 -0.267042 0.037589 14.167834 131.0
227 5130.0 -0.693428 0.55488 0.0 -0.03892 -1.347837 -15.08469 -0.267042 0.037589 14.167834 131.0
228 5130.0 -0.699081 0.548424 0.0 -0.036819 -1.347837 -15.08469 -0.267042 0.037589 14.167834 131.0
229 5130.0 -0.72542 0.550177 0.0 -0.065256 -1.347837 -15.08469 -0.267042 0.037589 14.167834 131.0
230 5130.0 -0.723713 0.539398 0.0 -0.050604 -1.347837 -15.08469 -0.267042 0.037589 14.167834 131.0
231 5130.0 -0.727343 0.519676 0.0 -0.030546 -1.347837 -15.08469 -0.267042 0.037589 14.167834 131.0
232 5130.0 -0.75907 0.53302 0.0 -0.078292 -1.347837 -15.08469 -0.267042 0.037589 14.167834 131.0
233 5130.0 -0.744792 0.540502 0.0 -0.073003 -1.347837 -15.08469 -0.267042 0.037589 14.167834 131.0
234 5130.0 -0.728398 0.540195 0.0 -0.056245 -1.347837 -15.08469 -0.267042 0.037589 14.167834 131.0
235 5130.0 -0.734611 0.54902 0.0 -0.073054 -1.347837 -15.08469 -0.267042 0.037589 14.167834 131.0
236 5130.0 -0.741977 0.566853 0.0 -0.101835 -1.347837 -15.08469 -0.267042 0.037589 14.167834 131.0
237 5130.0 -0.755643 0.545799 0.0 -0.090212 -1.347837 -15.08469 -0.267042 0.037589 14.167834 131.0
238 5130.0 -0.743653 0.536946 0.0 -0.067593 -1.347837 -15.08469 -0.267042 0.037589 14.167834 131.0
239 5130.0 -0.778102 0.548935 0.0 -0.116431 -1.347837 -15.08469 -0.267042 0.037589 14.167834 131.0
240 5130.0 -0.787704 0.544228 0.0 -0.120378 -1.347837 -15.08469 -0.267042 0.037589 14.167834 131.0
241 5130.0 -0.770556 0.549789 0.0 -0.109913 -1.347837 -15.08469 -0.267042 0.037589 14.167834 131.0
242 5130.0 -0.770602 0.532846 0.0 -0.089611 -1.347837 -15.08469 -0.267042 0.037589 14.167834 131.0
243 5130.0 -0.784786 0.559719 0.0 -0.136065 -1.347837 -15.08469 -0.267042 0.037589 14.167834 131.0
244 5130.0 -0.772528 0.553147 0.0 -0.115917 -1.347837 -15.08469 -0.267042 0.037589 14.167834 131.0
245 5130.0 -0.770745 0.550866 0.0 -0.111396 -1.347837 -15.08469 -0.267042 0.037589 14.167834 131.0
246 5130.0 -0.769174 0.57539 0.0 -0.139277 -1.347837 -15.08469 -0.267042 0.037589 14.167834 131.0
247 5130.0 -0.777954 0.575475 0.0 -0.148157 -1.347837 -15.08469 -0.267042 0.037589 14.167834 131.0
248 5130.0 -0.759409 0.57351 0.0 -0.127256 -1.347837 -15.08469 -0.267042 0.037589 14.167834 131.0
249 5130.0 -0.761159 0.579327 0.0 -0.135993 -1.347837 -15.08469 -0.267042 0.037589 14.167834 131.0
250 5130.0 -0.776491 0.577979 0.0 -0.149701 -1.347837 -15.08469 -0.267042 0.037589 14.167834 131.0
251 5130.0 -0.804038 0.581721 0.0 -0.181735 -1.347837 -15.08469 -0.267042 0.037589 14.167834 131.0
252 5130.0 -0.793939 0.587184 0.0 -0.1782 -1.347837 -15.08469 -0.267042 0.037589 14.167834 131.0
253 5130.0 -0.785237 0.59132 0.0 -0.174467 -1.347837 -15.08469 -0.267042 0.037589 14.167834 131.0
254 5130.0 -0.828446 0.567433 0.0 -0.188976 -1.347837 -15.08469 -0.267042 0.037589 14.167834 131.0
255 5130.0 -0.841701 0.594269 0.0 -0.230889 -1.347837 -15.08469 -0.267042 0.037589 14.167834 131.0
256 5130.0 -0.858155 0.614925 0.0 -0.267437 -1.347837 -15.08469 -0.267042 0.037589 14.167834 131.0
257 5130.0 -0.869926 0.63902 0.0 -0.303518 -1.347837 -15.08469 -0.267042 0.037589 14.167834 131.0
258 5130.0 -0.875419 0.630484 0.0 -0.299268 -1.347837 -15.08469 -0.267042 0.037589 14.167834 131.0
259 5130.0 -0.889113 0.623662 0.0 -0.304086 -1.347837 -15.08469 -0.267042 0.037589 14.167834 131.0
260 5130.0 -0.902046 0.6506 0.0 -0.344223 -1.347837 -15.08469 -0.267042 0.037589 14.167834 131.0
261 5130.0 -0.919595 0.687348 0.0 -0.40304 -1.347837 -15.08469 -0.267042 0.037589 14.167834 131.0
262 5130.0 -0.879828 0.682062 0.0 -0.358145 -1.347837 -15.08469 -0.267042 0.037589 14.167834 131.0
263 5130.0 -0.87754 0.678088 0.0 -0.351889 -1.347837 -15.08469 -0.267042 0.037589 14.167834 131.0
264 5130.0 -0.874304 0.679705 0.0 -0.350755 -1.347837 -15.08469 -0.267042 0.037589 14.167834 131.0
265 5130.0 -0.884923 0.701487 0.0 -0.389186 -1.347837 -15.08469 -0.267042 0.037589 14.167834 131.0
266 5130.0 -0.876543 0.689866 0.0 -0.364924 -1.347837 -15.08469 -0.267042 0.037589 14.167834 131.0
267 5130.0 -0.894364 0.686281 0.0 -0.377277 -1.347837 -15.08469 -0.267042 0.037589 14.167834 131.0
268 5130.0 -0.881042 0.697695 0.0 -0.380154 -1.347837 -15.08469 -0.267042 0.037589 14.167834 131.0
269 5130.0 -0.882017 0.697583 0.0 -0.380948 -1.347837 -15.08469 -0.267042 0.037589 14.167834 131.0
270 5130.0 -0.882672 0.689626 0.0 -0.370549 -1.347837 -15.08469 -0.267042 0.037589 14.167834 131.0
271 5130.0 -0.891891 0.694212 0.0 -0.38587 -1.347837 -15.08469 -0.267042 0.037589 14.167834 131.0
272 5130.0 -0.929692 0.705711 0.0 -0.437439 -1.347837 -15.08469 -0.267042 0.037589 14.167834 131.0
273 5130.0 -0.928508 0.709013 0.0 -0.440852 -1.347837 -15.08469 -0.267042 0.037589 14.167834 131.0
274 5130.0 -0.928689 0.697913 0.0 -0.425868 -1.347837 -15.08469 -0.267042 0.037589 14.167834 131.0
275 5130.0 -0.925097 0.695321 0.0 -0.419009 -1.347837 -15.08469 -0.267042 0.037589 14.167834 131.0
276 5130.0 -0.918991 0.684443 0.0 -0.398517 -1.347837 -15.08469 -0.267042 0.037589 14.167834 131.0
277 5130.0 -0.909546 0.680833 0.0 -0.38448 -1.347837 -15.08469 -0.267042 0.037589 14.167834 131.0
278 5130.0 -0.911364 0.689611 0.0 -0.398419 -1.347837 -15.08469 -0.267042 0.037589 14.167834 131.0
279 5130.0 -0.919646 0.694445 0.0 -0.412775 -1.347837 -15.08469 -0.267042 0.037589 14.167834 131.0
280 5130.0 -0.907095 0.709928 0.0 -0.42231 -1.347837 -15.08469 -0.267042 0.037589 14.167834 131.0
281 5130.0 -0.924161 0.697801 0.0 -0.421529 -1.347837 -15.08469 -0.267042 0.037589 14.167834 131.0
282 5130.0 -0.934725 0.707943 0.0 -0.445138 -1.347837 -15.08469 -0.267042 0.037589 14.167834 131.0
283 5130.0 -0.934373 0.721162 0.0 -0.462857 -1.347837 -15.08469 -0.267042 0.037589 14.167834 131.0
284 5130.0 -0.93588 0.727698 0.0 -0.473172 -1.347837 -15.08469 -0.267042 0.037589 14.167834 131.0
285 5130.0 -0.962997 0.74568 0.0 -0.522784 -1.347837 -15.08469 -0.267042 0.037589 14.167834 131.0
286 5130.0 -0.983229 0.758818 0.0 -0.559418 -1.347837 -15.08469 -0.267042 0.037589 14.167834 131.0
287 5130.0 -0.989776 0.798288 0.0 -0.622475 -1.347837 -15.08469 -0.267042 0.037589 14.167834 131.0
