 time p.x p.y p.z deep.node-0 CV opes.bias opes.rct opes.zed opes.neff opes.nker
0 2115.0 -0.352482 0.52449 0.0 0.338425 -1.223547 -17.182005 -0.177764 0.043577 14.167834 113.0
1 2115.0 -0.365264 0.514342 0.0 0.337835 -1.223547 -17.182005 -0.177764 0.043577 14.167834 113.0
2 2115.0 -0.35829 0.496233 0.0 0.366555 -1.223547 -17.182005 -0.177764 0.043577 14.167834 113.0
3 2115.0 -0.364012 0.527535 0.0 0.323243 -1.223547 -17.182005 -0.177764 0.043577 14.167834 113.0
4 2115.0 -0.372035 0.524324 0.0 0.319078 -1.223547 -17.182005 -0.177764 0.043577 14.167834 113.0
5 2115.0 -0.397142 0.497341 0.0 0.326384 -1.223547 -17.182005 -0.177764 0.043577 14.167834 113.0
6 2115.0 -0.409693 0.494986 0.0 0.316664 -1.223547 -17.182005 -0.177764 0.043577 14.167834 113.0
7 2115.0 -0.428561 0.522474 0.0 0.264789 -1.223547 -17.182005 -0.177764 0.043577 14.167834 113.0
8 2115.0 -0.418781 0.517187 0.0 0.280917 -1.223547 -17.182005 -0.177764 0.043577 14.167834 113.0
9 2115.0 -0.423994 0.509465 0.0 0.284979 -1.223547 -17.182005 -0.177764 0.043577 14.167834 113.0
10 2115.0 -0.429242 0.512196 0.0 0.276452 -1.223547 -17.182005 -0.177764 0.043577 14.167834 113.0
11 2115.0 -0.425593 0.537038 0.0 0.250267 -1.223547 -17.182005 -0.177764 0.043577 14.167834 113.0
12 2115.0 -0.434984 0.550033 0.0 0.225271 -1.223547 -17.182005 -0.177764 0.043577 14.167834 113.0
13 2115.0 -0.446463 0.548713 0.0 0.215381 -1.223547 -17.182005 -0.177764 0.043577 14.167834 113.0
14 2115.0 -0.476509 0.522487 0.0 0.216839 -1.223547 -17.182005 -0.177764 0.043577 14.167834 113.0
15 2115.0 -0.488984 0.539001 0.0 0.184536 -1.223547 -17.182005 -0.177764 0.043577 14.167834 113.0
16 2115.0 -0.458266 0.550608 0.0 0.201305 -1.223547 -17.182005 -0.177764 0.043577 14.167834 113.0
17 2115.0 -0.458701 0.555193 0.0 0.195364 -1.223547 -17.182005 -0.177764 0.043577 14.167834 113.0
18 2115.0 -0.491331 0.562295 0.0 0.154214 -1.223547 -17.182005 -0.177764 0.043577 14.167834 113.0
19 2115.0 -0.496264 0.551813 0.0 0.16187 -1.223547 -17.182005 -0.177764 0.043577 14.167834 113.0
20 2115.0 -0.529249 0.530313 0.0 0.154716 -1.223547 -17.182005 -0.177764 0.043577 14.167834 113.0
21 2115.0 -0.543067 0.525284 0.0 0.146941 -1.223547 -17.182005 -0.177764 0.043577 14.167834 113.0
22 2115.0 -0.584218 0.518734 0.0 0.113669 -1.223547 -17.182005 -0.177764 0.043577 14.167834 113.0
23 2115.0 -0.585354 0.536646 0.0 0.091021 -1.223547 -17.182005 -0.177764 0.043577 14.167834 113.0
24 2115.0 -0.602411 0.522238 0.0 0.091272 -1.223547 -17.182005 -0.177764 0.043577 14.167834 113.0
25 2115.0 -0.609912 0.530221 0.0 0.074187 -1.223547 -17.182005 -0.177764 0.043577 14.167834 113.0
26 2115.0 -0.618101 0.527447 0.0 0.06933 -1.223547 -17.182005 -0.177764 0.043577 14.167834 113.0
27 2115.0 -0.637757 0.545706 0.0 0.027752 -1.223547 -17.182005 -0.177764 0.043577 14.167834 113.0
28 2115.0 -0.663209 0.537341 0.0 0.012353 -1.223547 -17.182005 -0.177764 0.043577 14.167834 113.0
29 2115.0 -0.70764 0.541858 0.0 -0.03749 -1.223547 -17.182005 -0.177764 0.043577 14.167834 113.0
30 2115.0 -0.70099 0.549709 0.0 -0.04027 -1.223547 -17.182005 -0.177764 0.043577 14.167834 113.0
31 2115.0 -0.695483 0.556969 0.0 -0.043485 -1.223547 -17.182005 -0.177764 0.043577 14.167834 113.0
32 2115.0 -0.722342 0.56639 0.0 -0.081649 -1.223547 -17.182005 -0.177764 0.043577 14.167834 113.0
33 2115.0 -0.732389 0.573145 0.0 -0.099806 -1.223547 -17.182005 -0.177764 0.043577 14.167834 113.0
34 2115.0 -0.74282 0.565901 0.0 -0.101534 -1.223547 -17.182005 -0.177764 0.043577 14.167834 113.0
35 2115.0 -0.742218 0.595932 0.0 -0.136998 -1.223547 -17.182005 -0.177764 0.043577 14.167834 113.0
36 2115.0 -0.753428 0.606513 0.0 -0.160913 -1.223547 -17.182005 -0.177764 0.043577 14.167834 113.0
37 2115.0 -0.750038 0.592927 0.0 -0.141208 -1.223547 -17.182005 -0.177764 0.043577 14.167834 113.0
38 2115.0 -0.758901 0.595251 0.0 -0.15286 -1.223547 -17.182005 -0.177764 0.043577 14.167834 113.0
39 2115.0 -0.747017 0.598466 0.0 -0.14484 -1.223547 -17.182005 -0.177764 0.043577 14.167834 113.0
40 2115.0 -0.768297 0.594487 0.0 -0.161336 -1.223547 -17.182005 -0.177764 0.043577 14.167834 113.0
41 2115.0 -0.763746 0.604502 0.0 -0.168813 -1.223547 -17.182005 -0.177764 0.043577 14.167834 113.0
42 2115.0 -0.779171 0.573698 0.0 -0.14724 -1.223547 -17.182005 -0.177764 0.043577 14.167834 113.0
43 2115.0 -0.77529 0.584425 0.0 -0.156242 -1.223547 -17.182005 -0.177764 0.043577 14.167834 113.0
44 2115.0 -0.769021 0.601734 0.0 -0.170762 -1.223547 -17.182005 -0.177764 0.043577 14.167834 113.0
45 2115.0 -0.743217 0.590129 0.0 -0.131028 -1.223547 -17.182005 -0.177764 0.043577 14.167834 113.0
46 2115.0 -0.749318 0.588538 0.0 -0.135217 -1.223547 -17.182005 -0.177764 0.043577 14.167834 113.0
47 2115.0 -0.74452 0.62295 0.0 -0.172189 -1.223547 -17.182005 -0.177764 0.043577 14.167834 113.0
48 2115.0 -0.750752 0.602926 0.0 -0.15393 -1.223547 -17.182005 -0.177764 0.043577 14.167834 113.0
49 2115.0 -0.736762 0.604497 0.0 -0.14183 -1.223547 -17.182005 -0.177764 0.043577 14.167834 113.0
50 2115.0 -0.739949 0.606394 0.0 -0.147295 -1.223547 -17.182005 -0.177764 0.043577 14.167834 113.0
51 2115.0 -0.763131 0.601921 0.0 -0.165099 -1.223547 -17.182005 -0.177764 0.043577 14.167834 113.0
52 2115.0 -0.777294 0.594687 0.0 -0.170569 -1.223547 -17.182005 -0.177764 0.043577 14.167834 113.0
53 2115.0 -0.777847 0.581844 0.0 -0.155698 -1.223547 -17.182005 -0.177764 0.043577 14.167834 113.0
54 2115.0 -0.801062 0.565266 0.0 -0.158998 -1.223547 -17.182005 -0.177764 0.043577 14.167834 113.0
55 2115.0 -0.819294 0.570226 0.0 -0.183181 -1.223547 -17.182005 -0.177764 0.043577 14.167834 113.0
56 2115.0 -0.838322 0.571173 0.0 -0.203342 -1.223547 -17.182005 -0.177764 0.043577 14.167834 113.0
57 2115.0 -0.827187 0.587258 0.0 -0.210826 -1.223547 -17.182005 -0.177764 0.043577 14.167834 113.0
58 2115.0 -0.825069 0.579272 0.0 -0.199818 -1.223547 -17.182005 -0.177764 0.043577 14.167834 113.0
59 2115.0 -0.839057 0.58746 0.0 -0.221326 -1.223547 -17.182005 -0.177764 0.043577 14.167834 113.0
60 2115.0 -0.825642 0.61697 0.0 -0.24091 -1.223547 -17.182005 -0.177764 0.043577 14.167834 113.0
61 2115.0 -0.828276 0.605386 0.0 -0.230887 -1.223547 -17.182005 -0.177764 0.043577 14.167834 113.0
62 2115.0 -0.837711 0.613502 0.0 -0.24787 -1.223547 -17.182005 -0.177764 0.043577 14.167834 113.0
63 2115.0 -0.838831 0.607114 0.0 -0.242049 -1.223547 -17.182005 -0.177764 0.043577 14.167834 113.0
64 2115.0 -0.863688 0.624692 0.0 -0.282736 -1.223547 -17.182005 -0.177764 0.043577 14.167834 113.0
65 2115.0 -0.85698 0.637438 0.0 -0.2904 -1.223547 -17.182005 -0.177764 0.043577 14.167834 113.0
66 2115.0 -0.855628 0.644643 0.0 -0.296888 -1.223547 -17.182005 -0.177764 0.043577 14.167834 113.0
67 2115.0 -0.852407 0.61608 0.0 -0.263594 -1.223547 -17.182005 -0.177764 0.043577 14.167834 113.0
68 2115.0 -0.856088 0.587404 0.0 -0.236274 -1.223547 -17.182005 -0.177764 0.043577 14.167834 113.0
69 2115.0 -0.839425 0.586273 0.0 -0.220445 -1.223547 -17.182005 -0.177764 0.043577 14.167834 113.0
70 2115.0 -0.828706 0.592774 0.0 -0.217821 -1.223547 -17.182005 -0.177764 0.043577 14.167834 113.0
71 2115.0 -0.825475 0.619784 0.0 -0.243762 -1.223547 -17.182005 -0.177764 0.043577 14.167834 113.0
72 2115.0 -0.81516 0.634829 0.0 -0.250693 -1.223547 -17.182005 -0.177764 0.043577 14.167834 113.0
73 2115.0 -0.814791 0.663729 0.0 -0.281177 -1.223547 -17.182005 -0.177764 0.043577 14.167834 113.0
74 2115.0 -0.804696 0.669436 0.0 -0.278347 -1.223547 -17.182005 -0.177764 0.043577 14.167834 113.0
75 2115.0 -0.805986 0.674543 0.0 -0.284931 -1.223547 -17.182005 -0.177764 0.043577 14.167834 113.0
76 2115.0 -0.799629 0.663952 0.0 -0.268027 -1.223547 -17.182005 -0.177764 0.043577 14.167834 113.0
77 2115.0 -0.80241 0.664623 0.0 -0.271199 -1.223547 -17.182005 -0.177764 0.043577 14.167834 113.0
78 2115.0 -0.80547 0.680091 0.0 -0.290389 -1.223547 -17.182005 -0.177764 0.043577 14.167834 113.0
79 2115.0 -0.820212 0.673924 0.0 -0.296832 -1.223547 -17.182005 -0.177764 0.043577 14.167834 113.0
80 2115.0 -0.836294 0.684208 0.0 -0.321995 -1.223547 -17.182005 -0.177764 0.043577 14.167834 113.0
81 2115.0 -0.847129 0.695639 0.0 -0.344336 -1.223547 -17.182005 -0.177764 0.043577 14.167834 113.0
82 2115.0 -0.851305 0.699904 0.0 -0.354311 -1.223547 -17.182005 -0.177764 0.043577 14.167834 113.0
83 2115.0 -0.864791 0.69817 0.0 -0.365016 -1.223547 -17.182005 -0.177764 0.043577 14.167834 113.0
84 2115.0 -0.865778 0.699823 0.0 -0.368267 -1.223547 -17.182005 -0.177764 0.043577 14.167834 113.0
85 2115.0 -0.8593 0.703313 0.0 -0.36681 -1.223547 -17.182005 -0.177764 0.043577 14.167834 113.0
86 2115.0 -0.868314 0.697551 0.0 -0.367582 -1.223547 -17.182005 -0.177764 0.043577 14.167834 113.0
87 2115.0 -0.873069 0.729527 0.0 -0.416547 -1.223547 -17.182005 -0.177764 0.043577 14.167834 113.0
88 2115.0 -0.879029 0.706508 0.0 -0.390418 -1.223547 -17.182005 -0.177764 0.043577 14.167834 113.0
89 2115.0 -0.884534 0.716641 0.0 -0.409822 -1.223547 -17.182005 -0.177764 0.043577 14.167834 113.0
90 2115.0 -0.885864 0.753559 0.0 -0.462246 -1.223547 -17.182005 -0.177764 0.043577 14.167834 113.0
91 2115.0 -0.870065 0.773032 0.0 -0.473956 -1.223547 -17.182005 -0.177764 0.043577 14.167834 113.0
92 2115.0 -0.865915 0.767138 0.0 -0.461748 -1.223547 -17.182005 -0.177764 0.043577 14.167834 113.0
93 2115.0 -0.868294 0.772751 0.0 -0.471845 -1.223547 -17.182005 -0.177764 0.043577 14.167834 113.0
94 2115.0 -0.903669 0.801977 0.0 -0.545441 -1.223547 -17.182005 -0.177764 0.043577 14.167834 113.0
95 2115.0 -0.898079 0.807445 0.0 -0.548446 -1.223547 -17.182005 -0.177764 0.043577 14.167834 113.0
96 2115.0 -0.893144 0.83797 0.0 -0.590458 -1.223547 -17.182005 -0.177764 0.043577 14.167834 113.0
97 2115.0 -0.926108 0.84252 0.0 -0.62908 -1.223547 -17.182005 -0.177764 0.043577 14.167834 113.0
98 2115.0 -0.963702 0.866902 0.0 -0.699527 -1.223547 -17.182005 -0.177764 0.043577 14.167834 113.0
99 2115.0 -0.969808 0.90339 0.0 -0.755091 -1.223547 -17.182005 -0.177764 0.043577 14.167834 113.0
100 2115.0 -0.97673 0.904665 0.0 -0.762861 -1.223547 -17.182005 -0.177764 0.043577 14.167834 113.0
101 2115.0 -0.963965 0.897537 0.0 -0.741951 -1.223547 -17.182005 -0.177764 0.043577 14.167834 113.0
102 2115.0 -0.984049 0.920088 0.0 -0.790465 -1.223547 -17.182005 -0.177764 0.043577 14.167834 113.0
103 2115.0 -0.975977 0.935433 0.0 -0.803391 -1.223547 -17.182005 -0.177764 0.043577 14.167834 113.0
104 2115.0 -0.974522 0.957705 0.0 -0.824211 -1.223547 -17.182005 -0.177764 0.043577 14.167834 113.0
105 2115.0 -0.955826 0.962364 0.0 -0.815062 -1.223547 -17.182005 -0.177764 0.043577 14.167834 113.0
106 2115.0 -0.958258 0.971049 0.0 -0.825382 -1.223547 -17.182005 -0.177764 0.043577 14.167834 113.0
107 2115.0 -0.952918 0.983335 0.0 -0.833537 -1.223547 -17.182005 -0.177764 0.043577 14.167834 113.0
108 2115.0 -0.948013 1.003693 0.0 -0.849943 -1.223547 -17.182005 -0.177764 0.043577 14.167834 113.0
109 2115.0 -0.940728 0.992977 0.0 -0.834061 -1.223547 -17.182005 -0.177764 0.043577 14.167834 113.0
110 2115.0 -0.952623 0.998364 0.0 -0.848091 -1.223547 -17.182005 -0.177764 0.043577 14.167834 113.0
111 2115.0 -0.966644 1.024047 0.0 -0.883628 -1.223547 -17.182005 -0.177764 0.043577 14.167834 113.0
112 2115.0 -0.950346 1.049225 0.0 -0.896405 -1.223547 -17.182005 -0.177764 0.043577 14.167834 113.0
113 2115.0 -0.94165 1.064016 0.0 -0.904556 -1.223547 -17.182005 -0.177764 0.043577 14.167834 113.0
114 2115.0 -0.906874 1.08412 0.0 -0.898779 -1.223547 -17.182005 -0.177764 0.043577 14.167834 113.0
115 2115.0 -0.895528 1.107405 0.0 -0.913332 -1.223547 -17.182005 -0.177764 0.043577 14.167834 113.0
116 2115.0 -0.893069 1.114368 0.0 -0.91837 -1.223547 -17.182005 -0.177764 0.043577 14.167834 113.0
117 2115.0 -0.87907 1.129277 0.0 -0.922743 -1.223547 -17.182005 -0.177764 0.043577 14.167834 113.0
118 2115.0 -0.876585 1.132715 0.0 -0.924297 -1.223547 -17.182005 -0.177764 0.043577 14.167834 113.0
119 2115.0 -0.879917 1.153287 0.0 -0.946961 -1.223547 -17.182005 -0.177764 0.043577 14.167834 113.0
120 2115.0 -0.854812 1.167861 0.0 -0.942851 -1.223547 -17.182005 -0.177764 0.043577 14.167834 113.0
121 2115.0 -0.846112 1.151676 0.0 -0.920555 -1.223547 -17.182005 -0.177764 0.043577 14.167834 113.0
122 2115.0 -0.832523 1.174734 0.0 -0.933237 -1.223547 -17.182005 -0.177764 0.043577 14.167834 113.0
123 2115.0 -0.818968 1.165726 0.0 -0.914431 -1.223547 -17.182005 -0.177764 0.043577 14.167834 113.0
124 2115.0 -0.816935 1.183734 0.0 -0.930637 -1.223547 -17.182005 -0.177764 0.043577 14.167834 113.0
125 2115.0 -0.808693 1.197345 0.0 -0.937962 -1.223547 -17.182005 -0.177764 0.043577 14.167834 113.0
126 2115.0 -0.785236 1.203675 0.0 -0.926958 -1.223547 -17.182005 -0.177764 0.043577 14.167834 113.0
127 2115.0 -0.787575 1.229235 0.0 -0.953797 -1.223547 -17.182005 -0.177764 0.043577 14.167834 113.0
128 2115.0 -0.745658 1.231334 0.0 -0.925079 -1.223547 -17.182005 -0.177764 0.043577 14.167834 113.0
129 2115.0 -0.713802 1.226292 0.0 -0.896732 -1.223547 -17.182005 -0.177764 0.043577 14.167834 113.0
130 2115.0 -0.733357 1.240702 0.0 -0.925253 -1.223547 -17.182005 -0.177764 0.043577 14.167834 113.0
131 2115.0 -0.707585 1.27145 0.0 -0.932995 -1.223547 -17.182005 -0.177764 0.043577 14.167834 113.0
132 2115.0 -0.718052 1.280595 0.0 -0.945928 -1.223547 -17.182005 -0.177764 0.043577 14.167834 113.0
133 2115.0 -0.722722 1.26194 0.0 -0.936952 -1.223547 -17.182005 -0.177764 0.043577 14.167834 113.0
134 2115.0 -0.699651 1.279938 0.0 -0.933193 -1.223547 -17.182005 -0.177764 0.043577 14.167834 113.0
135 2115.0 -0.710015 1.294039 0.0 -0.949272 -1.223547 -17.182005 -0.177764 0.043577 14.167834 113.0
136 2115.0 -0.676018 1.298649 0.0 -0.92952 -1.223547 -17.182005 -0.177764 0.043577 14.167834 113.0
137 2115.0 -0.686755 1.321408 0.0 -0.951464 -1.223547 -17.182005 -0.177764 0.043577 14.167834 113.0
138 2115.0 -0.665254 1.301841 0.0 -0.92439 -1.223547 -17.182005 -0.177764 0.043577 14.167834 113.0
139 2115.0 -0.659025 1.329896 0.0 -0.93842 -1.223547 -17.182005 -0.177764 0.043577 14.167834 113.0
140 2115.0 -0.648896 1.344465 0.0 -0.941093 -1.223547 -17.182005 -0.177764 0.043577 14.167834 113.0
141 2115.0 -0.635063 1.32654 0.0 -0.920214 -1.223547 -17.182005 -0.177764 0.043577 14.167834 113.0
142 2115.0 -0.647451 1.353494 0.0 -0.94615 -1.223547 -17.182005 -0.177764 0.043577 14.167834 113.0
143 2115.0 -0.644968 1.347563 0.0 -0.940475 -1.223547 -17.182005 -0.177764 0.043577 14.167834 113.0
144 2115.0 -0.652223 1.349714 0.0 -0.946723 -1.223547 -17.182005 -0.177764 0.043577 14.167834 113.0
145 2115.0 -0.629072 1.325289 0.0 -0.915395 -1.223547 -17.182005 -0.177764 0.043577 14.167834 113.0
146 2115.0 -0.635192 1.341597 0.0 -0.930066 -1.223547 -17.182005 -0.177764 0.043577 14.167834 113.0
147 2115.0 -0.640028 1.347397 0.0 -0.937063 -1.223547 -17.182005 -0.177764 0.043577 14.167834 113.0
148 2115.0 -0.65595 1.367328 0.0 -0.964011 -1.223547 -17.182005 -0.177764 0.043577 14.167834 113.0
149 2115.0 -0.646576 1.379793 0.0 -0.969273 -1.223547 -17.182005 -0.177764 0.043577 14.167834 113.0
150 2115.0 -0.628304 1.383561 0.0 -0.961045 -1.223547 -17.182005 -0.177764 0.043577 14.167834 113.0
151 2115.0 -0.598596 1.37765 0.0 -0.936676 -1.223547 -17.182005 -0.177764 0.043577 14.167834 113.0
152 2115.0 -0.61432 1.380795 0.0 -0.949662 -1.223547 -17.182005 -0.177764 0.043577 14.167834 113.0
153 2115.0 -0.593333 1.376952 0.0 -0.932433 -1.223547 -17.182005 -0.177764 0.043577 14.167834 113.0
154 2115.0 -0.59143 1.397424 0.0 -0.949711 -1.223547 -17.182005 -0.177764 0.043577 14.167834 113.0
155 2115.0 -0.577279 1.381005 0.0 -0.925164 -1.223547 -17.182005 -0.177764 0.043577 14.167834 113.0
156 2115.0 -0.59417 1.405975 0.0 -0.956319 -1.223547 -17.182005 -0.177764 0.043577 14.167834 113.0
157 2115.0 -0.574498 1.371399 0.0 -0.914435 -1.223547 -17.182005 -0.177764 0.043577 14.167834 113.0
158 2115.0 -0.535369 1.382422 0.0 -0.897579 -1.223547 -17.182005 -0.177764 0.043577 14.167834 113.0
159 2115.0 -0.542735 1.385284 0.0 -0.905249 -1.223547 -17.182005 -0.177764 0.043577 14.167834 113.0
160 2115.0 -0.563329 1.415693 0.0 -0.942921 -1.223547 -17.182005 -0.177764 0.043577 14.167834 113.0
161 2115.0 -0.554734 1.432251 0.0 -0.942024 -1.223547 -17.182005 -0.177764 0.043577 14.167834 113.0
162 2115.0 -0.538389 1.432041 0.0 -0.927732 -1.223547 -17.182005 -0.177764 0.043577 14.167834 113.0
163 2115.0 -0.536076 1.415081 0.0 -0.921722 -1.223547 -17.182005 -0.177764 0.043577 14.167834 113.0
164 2115.0 -0.530077 1.415677 0.0 -0.917208 -1.223547 -17.182005 -0.177764 0.043577 14.167834 113.0
165 2115.0 -0.536613 1.394768 0.0 -0.9091 -1.223547 -17.182005 -0.177764 0.043577 14.167834 113.0
166 2115.0 -0.507103 1.402301 0.0 -0.890375 -1.223547 -17.182005 -0.177764 0.043577 14.167834 113.0
167 2115.0 -0.490816 1.429094 0.0 -0.88573 -1.223547 -17.182005 -0.177764 0.043577 14.167834 113.0
168 2115.0 -0.512321 1.448138 0.0 -0.907794 -1.223547 -17.182005 -0.177764 0.043577 14.167834 113.0
169 2115.0 -0.509831 1.488481 0.0 -0.912632 -1.223547 -17.182005 -0.177764 0.043577 14.167834 113.0
170 2115.0 -0.502569 1.469212 0.0 -0.902951 -1.223547 -17.182005 -0.177764 0.043577 14.167834 113.0
171 2115.0 -0.472435 1.478901 0.0 -0.878353 -1.223547 -17.182005 -0.177764 0.043577 14.167834 113.0
172 2115.0 -0.464718 1.485071 0.0 -0.872694 -1.223547 -17.182005 -0.177764 0.043577 14.167834 113.0
173 2115.0 -0.444727 1.49791 0.0 -0.857491 -1.223547 -17.182005 -0.177764 0.043577 14.167834 113.0
174 2115.0 -0.448563 1.502561 0.0 -0.861644 -1.223547 -17.182005 -0.177764 0.043577 14.167834 113.0
175 2115.0 -0.454162 1.494664 0.0 -0.865155 -1.223547 -17.182005 -0.177764 0.043577 14.167834 113.0
176 2115.0 -0.460894 1.503159 0.0 -0.872502 -1.223547 -17.182005 -0.177764 0.043577 14.167834 113.0
177 2115.0 -0.462762 1.496505 0.0 -0.872975 -1.223547 -17.182005 -0.177764 0.043577 14.167834 113.0
178 2115.0 -0.461525 1.495628 0.0 -0.871744 -1.223547 -17.182005 -0.177764 0.043577 14.167834 113.0
179 2115.0 -0.472757 1.500435 0.0 -0.882375 -1.223547 -17.182005 -0.177764 0.043577 14.167834 113.0
180 2115.0 -0.464515 1.530472 0.0 -0.880406 -1.223547 -17.182005 -0.177764 0.043577 14.167834 113.0
181 2115.0 -0.456143 1.502019 0.0 -0.868161 -1.223547 -17.182005 -0.177764 0.043577 14.167834 113.0
182 2115.0 -0.466541 1.505833 0.0 -0.877892 -1.223547 -17.182005 -0.177764 0.043577 14.167834 113.0
183 2115.0 -0.466505 1.499469 0.0 -0.876755 -1.223547 -17.182005 -0.177764 0.043577 14.167834 113.0
184 2115.0 -0.471297 1.506546 0.0 -0.882164 -1.223547 -17.182005 -0.177764 0.043577 14.167834 113.0
185 2115.0 -0.473563 1.50292 0.0 -0.88351 -1.223547 -17.182005 -0.177764 0.043577 14.167834 113.0
186 2115.0 -0.469823 1.501092 0.0 -0.879931 -1.223547 -17.182005 -0.177764 0.043577 14.167834 113.0
187 2115.0 -0.449643 1.491982 0.0 -0.860748 -1.223547 -17.182005 -0.177764 0.043577 14.167834 113.0
188 2115.0 -0.425173 1.492364 0.0 -0.839473 -1.223547 -17.182005 -0.177764 0.043577 14.167834 113.0
189 2115.0 -0.433927 1.518077 0.0 -0.851575 -1.223547 -17.182005 -0.177764 0.043577 14.167834 113.0
190 2115.0 -0.463954 1.505172 0.0 -0.875521 -1.223547 -17.182005 -0.177764 0.043577 14.167834 113.0
191 2115.0 -0.474138 1.484815 0.0 -0.880865 -1.223547 -17.182005 -0.177764 0.043577 14.167834 113.0
192 2115.0 -0.476825 1.499043 0.0 -0.885682 -1.223547 -17.182005 -0.177764 0.043577 14.167834 113.0
193 2115.0 -0.466652 1.47997 0.0 -0.873495 -1.223547 -17.182005 -0.177764 0.043577 14.167834 113.0
194 2115.0 -0.481816 1.495931 0.0 -0.889494 -1.223547 -17.182005 -0.177764 0.043577 14.167834 113.0
195 2115.0 -0.481769 1.50022 0.0 -0.890198 -1.223547 -17.182005 -0.177764 0.043577 14.167834 113.0
196 2115.0 -0.472599 1.476618 0.0 -0.8781 -1.223547 -17.182005 -0.177764 0.043577 14.167834 113.0
197 2115.0 -0.509665 1.490283 0.0 -0.912801 -1.223547 -17.182005 -0.177764 0.043577 14.167834 113.0
198 2115.0 -0.516499 1.475641 0.0 -0.916217 -1.223547 -17.182005 -0.177764 0.043577 14.167834 113.0
199 2115.0 -0.542305 1.466376 0.0 -0.937113 -1.223547 -17.182005 -0.177764 0.043577 14.167834 113.0
200 2115.0 -0.534647 1.485489 0.0 -0.933755 -1.223547 -17.182005 -0.177764 0.043577 14.167834 113.0
201 2115.0 -0.505261 1.457588 0.0 -0.903279 -1.223547 -17.182005 -0.177764 0.043577 14.167834 113.0
202 2115.0 -0.533058 1.454337 0.0 -0.926957 -1.223547 -17.182005 -0.177764 0.043577 14.167834 113.0
203 2115.0 -0.524205 1.461149 0.0 -0.920419 -1.223547 -17.182005 -0.177764 0.043577 14.167834 113.0
204 2115.0 -0.532042 1.450965 0.0 -0.925485 -1.223547 -17.182005 -0.177764 0.043577 14.167834 113.0
205 2115.0 -0.559366 1.416917 0.0 -0.940805 -1.223547 -17.182005 -0.177764 0.043577 14.167834 113.0
206 2115.0 -0.587499 1.420565 0.0 -0.960887 -1.223547 -17.182005 -0.177764 0.043577 14.167834 113.0
207 2115.0 -0.603096 1.408223 0.0 -0.962802 -1.223547 -17.182005 -0.177764 0.043577 14.167834 113.0
208 2115.0 -0.599029 1.41206 0.0 -0.962661 -1.223547 -17.182005 -0.177764 0.043577 14.167834 113.0
209 2115.0 -0.599703 1.399303 0.0 -0.955671 -1.223547 -17.182005 -0.177764 0.043577 14.167834 113.0
210 2115.0 -0.593926 1.390116 0.0 -0.944894 -1.223547 -17.182005 -0.177764 0.043577 14.167834 113.0
211 2115.0 -0.560064 1.411989 0.0 -0.938651 -1.223547 -17.182005 -0.177764 0.043577 14.167834 113.0
212 2115.0 -0.557059 1.404072 0.0 -0.932099 -1.223547 -17.182005 -0.177764 0.043577 14.167834 113.0
213 2115.0 -0.575791 1.398942 0.0 -0.940407 -1.223547 -17.182005 -0.177764 0.043577 14.167834 113.0
214 2115.0 -0.588956 1.431343 0.0 -0.967969 -1.223547 -17.182005 -0.177764 0.043577 14.167834 113.0
215 2115.0 -0.591863 1.422507 0.0 -0.964544 -1.223547 -17.182005 -0.177764 0.043577 14.167834 113.0
216 2115.0 -0.590302 1.426653 0.0 -0.966037 -1.223547 -17.182005 -0.177764 0.043577 14.167834 113.0
217 2115.0 -0.581209 1.389638 0.0 -0.9357 -1.223547 -17.182005 -0.177764 0.043577 14.167834 113.0
218 2115.0 -0.574531 1.389099 0.0 -0.930611 -1.223547 -17.182005 -0.177764 0.043577 14.167834 113.0
219 2115.0 -0.549547 1.409677 0.0 -0.93003 -1.223547 -17.182005 -0.177764 0.043577 14.167834 113.0
220 2115.0 -0.561661 1.402759 0.0 -0.934135 -1.223547 -17.182005 -0.177764 0.043577 14.167834 113.0
221 2115.0 -0.567127 1.410139 0.0 -0.942068 -1.223547 -17.182005 -0.177764 0.043577 14.167834 113.0
222 2115.0 -0.534458 1.389662 0.0 -0.90324 -1.223547 -17.182005 -0.177764 0.043577 14.167834 113.0
223 2115.0 -0.56467 1.375246 0.0 -0.911255 -1.223547 -17.182005 -0.177764 0.043577 14.167834 113.0
224 2115.0 -0.567243 1.415109 0.0 -0.945125 -1.223547 -17.182005 -0.177764 0.043577 14.167834 113.0
225 2115.0 -0.559655 1.456655 0.0 -0.950556 -1.223547 -17.182005 -0.177764 0.043577 14.167834 113.0
226 2115.0 -0.534534 1.469391 0.0 -0.930859 -1.223547 -17.182005 -0.177764 0.043577 14.167834 113.0
227 2115.0 -0.518785 1.464921 0.0 -0.916348 -1.223547 -17.182005 -0.177764 0.043577 14.167834 113.0
228 2115.0 -0.560774 1.481531 0.0 -0.955568 -1.223547 -17.182005 -0.177764 0.043577 14.167834 113.0
229 2115.0 -0.554624 1.461433 0.0 -0.946998 -1.223547 -17.182005 -0.177764 0.043577 14.167834 113.0
230 2115.0 -0.526771 1.492716 0.0 -0.928142 -1.223547 -17.182005 -0.177764 0.043577 14.167834 113.0
231 2115.0 -0.514779 1.474605 0.0 -0.914537 -1.223547 -17.182005 -0.177764 0.043577 14.167834 113.0
232 2115.0 -0.507762 1.486945 0.0 -0.910561 -1.223547 -17.182005 -0.177764 0.043577 14.167834 113.0
233 2115.0 -0.512051 1.48461 0.0 -0.913895 -1.223547 -17.182005 -0.177764 0.043577 14.167834 113.0
234 2115.0 -0.530263 1.476961 0.0 -0.92845 -1.223547 -17.182005 -0.177764 0.043577 14.167834 113.0
235 2115.0 -0.500636 1.486836 0.0 -0.904327 -1.223547 -17.182005 -0.177764 0.043577 14.167834 113.0
236 2115.0 -0.504604 1.484014 0.0 -0.907298 -1.223547 -17.182005 -0.177764 0.043577 14.167834 113.0
237 2115.0 -0.533169 1.460044 0.0 -0.928045 -1.223547 -17.182005 -0.177764 0.043577 14.167834 113.0
238 2115.0 -0.504285 1.457263 0.0 -0.902371 -1.223547 -17.182005 -0.177764 0.043577 14.167834 113.0
239 2115.0 -0.48866 1.426022 0.0 -0.883315 -1.223547 -17.182005 -0.177764 0.043577 14.167834 113.0
240 2115.0 -0.511256 1.43389 0.0 -0.904389 -1.223547 -17.182005 -0.177764 0.043577 14.167834 113.0
241 2115.0 -0.505073 1.430759 0.0 -0.898453 -1.223547 -17.182005 -0.177764 0.043577 14.167834 113.0
242 2115.0 -0.512546 1.439442 0.0 -0.906479 -1.223547 -17.182005 -0.177764 0.043577 14.167834 113.0
243 2115.0 -0.515576 1.446575 0.0 -0.910361 -1.223547 -17.182005 -0.177764 0.043577 14.167834 113.0
244 2115.0 -0.511232 1.461817 0.0 -0.909221 -1.223547 -17.182005 -0.177764 0.043577 14.167834 113.0
245 2115.0 -0.532331 1.485625 0.0 -0.931759 -1.223547 -17.182005 -0.177764 0.043577 14.167834 113.0
246 2115.0 -0.550619 1.457659 0.0 -0.94285 -1.223547 -17.182005 -0.177764 0.043577 14.167834 113.0
247 2115.0 -0.560712 1.469606 0.0 -0.953703 -1.223547 -17.182005 -0.177764 0.043577 14.167834 113.0
248 2115.0 -0.538662 1.460561 0.0 -0.932925 -1.223547 -17.182005 -0.177764 0.043577 14.167834 113.0
249 2115.0 -0.557764 1.466708 0.0 -0.950653 -1.223547 -17.182005 -0.177764 0.043577 14.167834 113.0
250 2115.0 -0.551602 1.450096 0.0 -0.942393 -1.223547 -17.182005 -0.177764 0.043577 14.167834 113.0
251 2115.0 -0.547996 1.443812 0.0 -0.938156 -1.223547 -17.182005 -0.177764 0.043577 14.167834 113.0
252 2115.0 -0.542081 1.453267 0.0 -0.93464 -1.223547 -17.182005 -0.177764 0.043577 14.167834 113.0
253 2115.0 -0.556438 1.460248 0.0 -0.948375 -1.223547 -17.182005 -0.177764 0.043577 14.167834 113.0
254 2115.0 -0.568344 1.467567 0.0 -0.959684 -1.223547 -17.182005 -0.177764 0.043577 14.167834 113.0
255 2115.0 -0.531771 1.471534 0.0 -0.928823 -1.223547 -17.182005 -0.177764 0.043577 14.167834 113.0
256 2115.0 -0.536021 1.454548 0.0 -0.929577 -1.223547 -17.182005 -0.177764 0.043577 14.167834 113.0
257 2115.0 -0.547043 1.455145 0.0 -0.939294 -1.223547 -17.182005 -0.177764 0.043577 14.167834 113.0
258 2115.0 -0.53188 1.462843 0.0 -0.927407 -1.223547 -17.182005 -0.177764 0.043577 14.167834 113.0
259 2115.0 -0.535718 1.467711 0.0 -0.9316 -1.223547 -17.182005 -0.177764 0.043577 14.167834 113.0
260 2115.0 -0.536275 1.48286 0.0 -0.934718 -1.223547 -17.182005 -0.177764 0.043577 14.167834 113.0
261 2115.0 -0.532365 1.489222 0.0 -0.932414 -1.223547 -17.182005 -0.177764 0.043577 14.167834 113.0
262 2115.0 -0.495657 1.497347 0.0 -0.901811 -1.223547 -17.182005 -0.177764 0.043577 14.167834 113.0
263 2115.0 -0.492494 1.497124 0.0 -0.899013 -1.223547 -17.182005 -0.177764 0.043577 14.167834 113.0
264 2115.0 -0.492976 1.504007 0.0 -0.90063 -1.223547 -17.182005 -0.177764 0.043577 14.167834 113.0
265 2115.0 -0.492613 1.519294 0.0 -0.902969 -1.223547 -17.182005 -0.177764 0.043577 14.167834 113.0
266 2115.0 -0.477972 1.492923 0.0 -0.885619 -1.223547 -17.182005 -0.177764 0.043577 14.167834 113.0
267 2115.0 -0.466698 1.516716 0.0 -0.87992 -1.223547 -17.182005 -0.177764 0.043577 14.167834 113.0
268 2115.0 -0.461249 1.52706 0.0 -0.876965 -1.223547 -17.182005 -0.177764 0.043577 14.167834 113.0
269 2115.0 -0.456401 1.514088 0.0 -0.870483 -1.223547 -17.182005 -0.177764 0.043577 14.167834 113.0
270 2115.0 -0.458752 1.530903 0.0 -0.875455 -1.223547 -17.182005 -0.177764 0.043577 14.167834 113.0
271 2115.0 -0.471043 1.505244 0.0 -0.881716 -1.223547 -17.182005 -0.177764 0.043577 14.167834 113.0
272 2115.0 -0.492098 1.509583 0.0 -0.900833 -1.223547 -17.182005 -0.177764 0.043577 14.167834 113.0
273 2115.0 -0.542166 1.504071 0.0 -0.943542 -1.223547 -17.182005 -0.177764 0.043577 14.167834 113.0
274 2115.0 -0.512304 1.519733 0.0 -0.920219 -1.223547 -17.182005 -0.177764 0.043577 14.167834 113.0
275 2115.0 -0.484025 1.522226 0.0 -0.895989 -1.223547 -17.182005 -0.177764 0.043577 14.167834 113.0
276 2115.0 -0.517332 1.530501 0.0 -0.926476 -1.223547 -17.182005 -0.177764 0.043577 14.167834 113.0
277 2115.0 -0.540276 1.51538 0.0 -0.94382 -1.223547 -17.182005 -0.177764 0.043577 14.167834 113.0
278 2115.0 -0.506647 1.514012 0.0 -0.914291 -1.223547 -17.182005 -0.177764 0.043577 14.167834 113.0
279 2115.0 -0.49982 1.523689 0.0 -0.910019 -1.223547 -17.182005 -0.177764 0.043577 14.167834 113.0
280 2115.0 -0.475633 1.515899 0.0 -0.887571 -1.223547 -17.182005 -0.177764 0.043577 14.167834 113.0
281 2115.0 -0.506996 1.524144 0.0 -0.916357 -1.223547 -17.182005 -0.177764 0.043577 14.167834 113.0
282 2115.0 -0.498992 1.534377 0.0 -0.911154 -1.223547 -17.182005 -0.177764 0.043577 14.167834 113.0
283 2115.0 -0.492783 1.503288 0.0 -0.900337 -1.223547 -17.182005 -0.177764 0.043577 14.167834 113.0
284 2115.0 -0.467969 1.492961 0.0 -0.876901 -1.223547 -17.182005 -0.177764 0.043577 14.167834 113.0
285 2115.0 -0.463305 1.496481 0.0 -0.873445 -1.223547 -17.182005 -0.177764 0.043577 14.167834 113.0
286 2115.0 -0.483129 1.479043 0.0 -0.887704 -1.223547 -17.182005 -0.177764 0.043577 14.167834 113.0
287 2115.0 -0.477782 1.491018 0.0 -0.885122 -1.223547 -17.182005 -0.177764 0.043577 14.167834 113.0
