 time p.x p.y p.z deep.node-0 CV opes.bias opes.rct opes.zed opes.neff opes.nker
0 13800.0 0.469304 0.509275 0.0 1.000099 -1.986691 -11.699509 -0.366293 0.038773 14.167834 127.0
1 13800.0 0.464508 0.520311 0.0 0.986322 -1.986691 -11.699509 -0.366293 0.038773 14.167834 127.0
2 13800.0 0.4536 0.528385 0.0 0.970585 -1.986691 -11.699509 -0.366293 0.038773 14.167834 127.0
3 13800.0 0.45723 0.521988 0.0 0.979221 -1.986691 -11.699509 -0.366293 0.038773 14.167834 127.0
4 13800.0 0.445054 0.530724 0.0 0.961909 -1.986691 -11.699509 -0.366293 0.038773 14.167834 127.0
5 13800.0 0.430226 0.531181 0.0 0.950153 -1.986691 -11.699509 -0.366293 0.038773 14.167834 127.0
6 13800.0 0.427889 0.531138 0.0 0.948406 -1.986691 -11.699509 -0.366293 0.038773 14.167834 127.0
7 13800.0 0.398792 0.510834 0.0 0.944762 -1.986691 -11.699509 -0.366293 0.038773 14.167834 127.0
8 13800.0 0.393883 0.51698 0.0 0.935379 -1.986691 -11.699509 -0.366293 0.038773 14.167834 127.0
9 13800.0 0.369604 0.545687 0.0 0.890517 -1.986691 -11.699509 -0.366293 0.038773 14.167834 127.0
10 13800.0 0.394148 0.545132 0.0 0.909791 -1.986691 -11.699509 -0.366293 0.038773 14.167834 127.0
11 13800.0 0.394408 0.549849 0.0 0.905668 -1.986691 -11.699509 -0.366293 0.038773 14.167834 127.0
12 13800.0 0.417726 0.534713 0.0 0.937362 -1.986691 -11.699509 -0.366293 0.038773 14.167834 127.0
13 13800.0 0.415808 0.547838 0.0 0.92387 -1.986691 -11.699509 -0.366293 0.038773 14.167834 127.0
14 13800.0 0.399314 0.54025 0.0 0.918213 -1.986691 -11.699509 -0.366293 0.038773 14.167834 127.0
15 13800.0 0.370813 0.524789 0.0 0.910587 -1.986691 -11.699509 -0.366293 0.038773 14.167834 127.0
16 13800.0 0.357139 0.551947 0.0 0.875253 -1.986691 -11.699509 -0.366293 0.038773 14.167834 127.0
17 13800.0 0.361823 0.539703 0.0 0.890051 -1.986691 -11.699509 -0.366293 0.038773 14.167834 127.0
18 13800.0 0.346127 0.542603 0.0 0.875394 -1.986691 -11.699509 -0.366293 0.038773 14.167834 127.0
19 13800.0 0.334164 0.52468 0.0 0.88428 -1.986691 -11.699509 -0.366293 0.038773 14.167834 127.0
20 13800.0 0.365164 0.529576 0.0 0.901883 -1.986691 -11.699509 -0.366293 0.038773 14.167834 127.0
21 13800.0 0.346517 0.526008 0.0 0.891684 -1.986691 -11.699509 -0.366293 0.038773 14.167834 127.0
22 13800.0 0.351954 0.526605 0.0 0.89493 -1.986691 -11.699509 -0.366293 0.038773 14.167834 127.0
23 13800.0 0.32666 0.535569 0.0 0.868341 -1.986691 -11.699509 -0.366293 0.038773 14.167834 127.0
24 13800.0 0.328032 0.520016 0.0 0.884523 -1.986691 -11.699509 -0.366293 0.038773 14.167834 127.0
25 13800.0 0.303937 0.521399 0.0 0.866195 -1.986691 -11.699509 -0.366293 0.038773 14.167834 127.0
26 13800.0 0.302966 0.507823 0.0 0.878792 -1.986691 -11.699509 -0.366293 0.038773 14.167834 127.0
27 13800.0 0.307944 0.541667 0.0 0.849191 -1.986691 -11.699509 -0.366293 0.038773 14.167834 127.0
28 13800.0 0.297306 0.540828 0.0 0.842517 -1.986691 -11.699509 -0.366293 0.038773 14.167834 127.0
29 13800.0 0.292274 0.517364 0.0 0.861926 -1.986691 -11.699509 -0.366293 0.038773 14.167834 127.0
30 13800.0 0.330977 0.503433 0.0 0.90282 -1.986691 -11.699509 -0.366293 0.038773 14.167834 127.0
31 13800.0 0.34393 0.515147 0.0 0.900486 -1.986691 -11.699509 -0.366293 0.038773 14.167834 127.0
32 13800.0 0.350212 0.522604 0.0 0.897616 -1.986691 -11.699509 -0.366293 0.038773 14.167834 127.0
33 13800.0 0.350744 0.515438 0.0 0.905001 -1.986691 -11.699509 -0.366293 0.038773 14.167834 127.0
34 13800.0 0.334615 0.524774 0.0 0.884506 -1.986691 -11.699509 -0.366293 0.038773 14.167834 127.0
35 13800.0 0.33757 0.515259 0.0 0.895896 -1.986691 -11.699509 -0.366293 0.038773 14.167834 127.0
36 13800.0 0.31629 0.5156 0.0 0.880571 -1.986691 -11.699509 -0.366293 0.038773 14.167834 127.0
37 13800.0 0.307406 0.526948 0.0 0.863211 -1.986691 -11.699509 -0.366293 0.038773 14.167834 127.0
38 13800.0 0.300183 0.500334 0.0 0.884158 -1.986691 -11.699509 -0.366293 0.038773 14.167834 127.0
39 13800.0 0.28516 0.493182 0.0 0.880571 -1.986691 -11.699509 -0.366293 0.038773 14.167834 127.0
40 13800.0 0.280695 0.508675 0.0 0.862271 -1.986691 -11.699509 -0.366293 0.038773 14.167834 127.0
41 13800.0 0.285424 0.504196 0.0 0.869983 -1.986691 -11.699509 -0.366293 0.038773 14.167834 127.0
42 13800.0 0.253521 0.509794 0.0 0.842606 -1.986691 -11.699509 -0.366293 0.038773 14.167834 127.0
43 13800.0 0.261486 0.531252 0.0 0.826651 -1.986691 -11.699509 -0.366293 0.038773 14.167834 127.0
44 13800.0 0.263567 0.520031 0.0 0.839094 -1.986691 -11.699509 -0.366293 0.038773 14.167834 127.0
45 13800.0 0.279636 0.517364 0.0 0.853023 -1.986691 -11.699509 -0.366293 0.038773 14.167834 127.0
46 13800.0 0.26649 0.514453 0.0 0.84661 -1.986691 -11.699509 -0.366293 0.038773 14.167834 127.0
47 13800.0 0.270929 0.52491 0.0 0.839507 -1.986691 -11.699509 -0.366293 0.038773 14.167834 127.0
48 13800.0 0.281276 0.519264 0.0 0.85232 -1.986691 -11.699509 -0.366293 0.038773 14.167834 127.0
49 13800.0 0.262781 0.50535 0.0 0.853283 -1.986691 -11.699509 -0.366293 0.038773 14.167834 127.0
50 13800.0 0.249069 0.493703 0.0 0.855936 -1.986691 -11.699509 -0.366293 0.038773 14.167834 127.0
51 13800.0 0.24793 0.49617 0.0 0.852678 -1.986691 -11.699509 -0.366293 0.038773 14.167834 127.0
52 13800.0 0.252445 0.519509 0.0 0.832049 -1.986691 -11.699509 -0.366293 0.038773 14.167834 127.0
53 13800.0 0.248761 0.522669 0.0 0.826391 -1.986691 -11.699509 -0.366293 0.038773 14.167834 127.0
54 13800.0 0.209233 0.513493 0.0 0.809325 -1.986691 -11.699509 -0.366293 0.038773 14.167834 127.0
55 13800.0 0.214134 0.511369 0.0 0.814744 -1.986691 -11.699509 -0.366293 0.038773 14.167834 127.0
56 13800.0 0.198728 0.515418 0.0 0.800369 -1.986691 -11.699509 -0.366293 0.038773 14.167834 127.0
57 13800.0 0.167495 0.514294 0.0 0.780678 -1.986691 -11.699509 -0.366293 0.038773 14.167834 127.0
58 13800.0 0.147419 0.500082 0.0 0.781684 -1.986691 -11.699509 -0.366293 0.038773 14.167834 127.0
59 13800.0 0.125641 0.489574 0.0 0.777803 -1.986691 -11.699509 -0.366293 0.038773 14.167834 127.0
60 13800.0 0.096324 0.479348 0.0 0.76861 -1.986691 -11.699509 -0.366293 0.038773 14.167834 127.0
61 13800.0 0.093574 0.492842 0.0 0.753108 -1.986691 -11.699509 -0.366293 0.038773 14.167834 127.0
62 13800.0 0.085875 0.496755 0.0 0.74401 -1.986691 -11.699509 -0.366293 0.038773 14.167834 127.0
63 13800.0 0.060854 0.489075 0.0 0.735103 -1.986691 -11.699509 -0.366293 0.038773 14.167834 127.0
64 13800.0 0.044757 0.477958 0.0 0.735628 -1.986691 -11.699509 -0.366293 0.038773 14.167834 127.0
65 13800.0 0.045138 0.479234 0.0 0.734589 -1.986691 -11.699509 -0.366293 0.038773 14.167834 127.0
66 13800.0 0.051641 0.479301 0.0 0.738858 -1.986691 -11.699509 -0.366293 0.038773 14.167834 127.0
67 13800.0 0.046796 0.491531 0.0 0.72324 -1.986691 -11.699509 -0.366293 0.038773 14.167834 127.0
68 13800.0 0.036202 0.488624 0.0 0.719119 -1.986691 -11.699509 -0.366293 0.038773 14.167834 127.0
69 13800.0 0.040708 0.510057 0.0 0.700415 -1.986691 -11.699509 -0.366293 0.038773 14.167834 127.0
70 13800.0 0.024701 0.505426 0.0 0.69443 -1.986691 -11.699509 -0.366293 0.038773 14.167834 127.0
71 13800.0 -0.000993 0.494303 0.0 0.688561 -1.986691 -11.699509 -0.366293 0.038773 14.167834 127.0
72 13800.0 -0.021534 0.495421 0.0 0.67373 -1.986691 -11.699509 -0.366293 0.038773 14.167834 127.0
73 13800.0 -0.010525 0.510636 0.0 0.665661 -1.986691 -11.699509 -0.366293 0.038773 14.167834 127.0
74 13800.0 -0.042291 0.49861 0.0 0.656657 -1.986691 -11.699509 -0.366293 0.038773 14.167834 127.0
75 13800.0 -0.042772 0.49534 0.0 0.659649 -1.986691 -11.699509 -0.366293 0.038773 14.167834 127.0
76 13800.0 -0.027169 0.517899 0.0 0.647204 -1.986691 -11.699509 -0.366293 0.038773 14.167834 127.0
77 13800.0 -0.041515 0.513913 0.0 0.641289 -1.986691 -11.699509 -0.366293 0.038773 14.167834 127.0
78 13800.0 -0.037953 0.517763 0.0 0.64015 -1.986691 -11.699509 -0.366293 0.038773 14.167834 127.0
79 13800.0 -0.044214 0.508483 0.0 0.644773 -1.986691 -11.699509 -0.366293 0.038773 14.167834 127.0
80 13800.0 -0.040469 0.51504 0.0 0.640984 -1.986691 -11.699509 -0.366293 0.038773 14.167834 127.0
81 13800.0 -0.014326 0.511347 0.0 0.662406 -1.986691 -11.699509 -0.366293 0.038773 14.167834 127.0
82 13800.0 -0.018511 0.515302 0.0 0.655609 -1.986691 -11.699509 -0.366293 0.038773 14.167834 127.0
83 13800.0 -0.047311 0.516315 0.0 0.633731 -1.986691 -11.699509 -0.366293 0.038773 14.167834 127.0
84 13800.0 -0.048754 0.51131 0.0 0.637842 -1.986691 -11.699509 -0.366293 0.038773 14.167834 127.0
85 13800.0 -0.071643 0.512864 0.0 0.61648 -1.986691 -11.699509 -0.366293 0.038773 14.167834 127.0
86 13800.0 -0.07297 0.508187 0.0 0.62034 -1.986691 -11.699509 -0.366293 0.038773 14.167834 127.0
87 13800.0 -0.086571 0.508922 0.0 0.607849 -1.986691 -11.699509 -0.366293 0.038773 14.167834 127.0
88 13800.0 -0.092943 0.483387 0.0 0.629676 -1.986691 -11.699509 -0.366293 0.038773 14.167834 127.0
89 13800.0 -0.100223 0.496086 0.0 0.609827 -1.986691 -11.699509 -0.366293 0.038773 14.167834 127.0
90 13800.0 -0.082561 0.509893 0.0 0.61026 -1.986691 -11.699509 -0.366293 0.038773 14.167834 127.0
91 13800.0 -0.12035 0.512023 0.0 0.575459 -1.986691 -11.699509 -0.366293 0.038773 14.167834 127.0
92 13800.0 -0.115686 0.507091 0.0 0.584747 -1.986691 -11.699509 -0.366293 0.038773 14.167834 127.0
93 13800.0 -0.105651 0.514105 0.0 0.585882 -1.986691 -11.699509 -0.366293 0.038773 14.167834 127.0
94 13800.0 -0.103513 0.497173 0.0 0.605833 -1.986691 -11.699509 -0.366293 0.038773 14.167834 127.0
95 13800.0 -0.110082 0.466958 0.0 0.632496 -1.986691 -11.699509 -0.366293 0.038773 14.167834 127.0
96 13800.0 -0.101922 0.4632 0.0 0.643539 -1.986691 -11.699509 -0.366293 0.038773 14.167834 127.0
97 13800.0 -0.1013 0.482913 0.0 0.62299 -1.986691 -11.699509 -0.366293 0.038773 14.167834 127.0
98 13800.0 -0.106194 0.508611 0.0 0.591292 -1.986691 -11.699509 -0.366293 0.038773 14.167834 127.0
99 13800.0 -0.121662 0.523071 0.0 0.562512 -1.986691 -11.699509 -0.366293 0.038773 14.167834 127.0
100 13800.0 -0.127597 0.506194 0.0 0.575456 -1.986691 -11.699509 -0.366293 0.038773 14.167834 127.0
101 13800.0 -0.125661 0.512288 0.0 0.570604 -1.986691 -11.699509 -0.366293 0.038773 14.167834 127.0
102 13800.0 -0.137018 0.527947 0.0 0.54408 -1.986691 -11.699509 -0.366293 0.038773 14.167834 127.0
103 13800.0 -0.147118 0.527597 0.0 0.535762 -1.986691 -11.699509 -0.366293 0.038773 14.167834 127.0
104 13800.0 -0.13626 0.519861 0.0 0.553381 -1.986691 -11.699509 -0.366293 0.038773 14.167834 127.0
105 13800.0 -0.136968 0.521804 0.0 0.550694 -1.986691 -11.699509 -0.366293 0.038773 14.167834 127.0
106 13800.0 -0.141138 0.528999 0.0 0.539409 -1.986691 -11.699509 -0.366293 0.038773 14.167834 127.0
107 13800.0 -0.173054 0.530778 0.0 0.510037 -1.986691 -11.699509 -0.366293 0.038773 14.167834 127.0
108 13800.0 -0.169695 0.522685 0.0 0.521585 -1.986691 -11.699509 -0.366293 0.038773 14.167834 127.0
109 13800.0 -0.149529 0.529443 0.0 0.531712 -1.986691 -11.699509 -0.366293 0.038773 14.167834 127.0
110 13800.0 -0.13678 0.526268 0.0 0.546081 -1.986691 -11.699509 -0.366293 0.038773 14.167834 127.0
111 13800.0 -0.139752 0.52468 0.0 0.545222 -1.986691 -11.699509 -0.366293 0.038773 14.167834 127.0
112 13800.0 -0.158923 0.519366 0.0 0.534405 -1.986691 -11.699509 -0.366293 0.038773 14.167834 127.0
113 13800.0 -0.156143 0.500082 0.0 0.557424 -1.986691 -11.699509 -0.366293 0.038773 14.167834 127.0
114 13800.0 -0.181315 0.50533 0.0 0.530146 -1.986691 -11.699509 -0.366293 0.038773 14.167834 127.0
115 13800.0 -0.189396 0.520099 0.0 0.506739 -1.986691 -11.699509 -0.366293 0.038773 14.167834 127.0
116 13800.0 -0.215782 0.493949 0.0 0.511766 -1.986691 -11.699509 -0.366293 0.038773 14.167834 127.0
117 13800.0 -0.226944 0.50173 0.0 0.491263 -1.986691 -11.699509 -0.366293 0.038773 14.167834 127.0
118 13800.0 -0.231271 0.500706 0.0 0.488166 -1.986691 -11.699509 -0.366293 0.038773 14.167834 127.0
119 13800.0 -0.228208 0.516431 0.0 0.472343 -1.986691 -11.699509 -0.366293 0.038773 14.167834 127.0
120 13800.0 -0.223789 0.51166 0.0 0.482491 -1.986691 -11.699509 -0.366293 0.038773 14.167834 127.0
121 13800.0 -0.195317 0.517798 0.0 0.503584 -1.986691 -11.699509 -0.366293 0.038773 14.167834 127.0
122 13800.0 -0.191191 0.499173 0.0 0.528231 -1.986691 -11.699509 -0.366293 0.038773 14.167834 127.0
123 13800.0 -0.211674 0.506646 0.0 0.500624 -1.986691 -11.699509 -0.366293 0.038773 14.167834 127.0
124 13800.0 -0.217933 0.517446 0.0 0.481396 -1.986691 -11.699509 -0.366293 0.038773 14.167834 127.0
125 13800.0 -0.227086 0.509136 0.0 0.482225 -1.986691 -11.699509 -0.366293 0.038773 14.167834 127.0
126 13800.0 -0.220782 0.519348 0.0 0.476265 -1.986691 -11.699509 -0.366293 0.038773 14.167834 127.0
127 13800.0 -0.223893 0.510069 0.0 0.484298 -1.986691 -11.699509 -0.366293 0.038773 14.167834 127.0
128 13800.0 -0.238432 0.507319 0.0 0.473065 -1.986691 -11.699509 -0.366293 0.038773 14.167834 127.0
129 13800.0 -0.22643 0.509725 0.0 0.482175 -1.986691 -11.699509 -0.366293 0.038773 14.167834 127.0
130 13800.0 -0.241205 0.501076 0.0 0.477792 -1.986691 -11.699509 -0.366293 0.038773 14.167834 127.0
131 13800.0 -0.273676 0.497191 0.0 0.449995 -1.986691 -11.699509 -0.366293 0.038773 14.167834 127.0
132 13800.0 -0.272608 0.475951 0.0 0.476571 -1.986691 -11.699509 -0.366293 0.038773 14.167834 127.0
133 13800.0 -0.28152 0.473988 0.0 0.470019 -1.986691 -11.699509 -0.366293 0.038773 14.167834 127.0
134 13800.0 -0.281377 0.477632 0.0 0.465785 -1.986691 -11.699509 -0.366293 0.038773 14.167834 127.0
135 13800.0 -0.279857 0.48909 0.0 0.453544 -1.986691 -11.699509 -0.366293 0.038773 14.167834 127.0
136 13800.0 -0.270288 0.494354 0.0 0.456789 -1.986691 -11.699509 -0.366293 0.038773 14.167834 127.0
137 13800.0 -0.263929 0.501208 0.0 0.454914 -1.986691 -11.699509 -0.366293 0.038773 14.167834 127.0
138 13800.0 -0.256257 0.51334 0.0 0.448014 -1.986691 -11.699509 -0.366293 0.038773 14.167834 127.0
139 13800.0 -0.270939 0.53759 0.0 0.404213 -1.986691 -11.699509 -0.366293 0.038773 14.167834 127.0
140 13800.0 -0.296572 0.531613 0.0 0.385765 -1.986691 -11.699509 -0.366293 0.038773 14.167834 127.0
141 13800.0 -0.299582 0.503332 0.0 0.41672 -1.986691 -11.699509 -0.366293 0.038773 14.167834 127.0
142 13800.0 -0.316535 0.513218 0.0 0.3879 -1.986691 -11.699509 -0.366293 0.038773 14.167834 127.0
143 13800.0 -0.295034 0.536479 0.0 0.381459 -1.986691 -11.699509 -0.366293 0.038773 14.167834 127.0
144 13800.0 -0.295541 0.519388 0.0 0.401478 -1.986691 -11.699509 -0.366293 0.038773 14.167834 127.0
145 13800.0 -0.304702 0.507972 0.0 0.406029 -1.986691 -11.699509 -0.366293 0.038773 14.167834 127.0
146 13800.0 -0.310588 0.483385 0.0 0.429674 -1.986691 -11.699509 -0.366293 0.038773 14.167834 127.0
147 13800.0 -0.286964 0.492097 0.0 0.442829 -1.986691 -11.699509 -0.366293 0.038773 14.167834 127.0
148 13800.0 -0.277757 0.500887 0.0 0.441476 -1.986691 -11.699509 -0.366293 0.038773 14.167834 127.0
149 13800.0 -0.277952 0.482593 0.0 0.463252 -1.986691 -11.699509 -0.366293 0.038773 14.167834 127.0
150 13800.0 -0.292943 0.494304 0.0 0.434201 -1.986691 -11.699509 -0.366293 0.038773 14.167834 127.0
151 13800.0 -0.267482 0.498634 0.0 0.454454 -1.986691 -11.699509 -0.366293 0.038773 14.167834 127.0
152 13800.0 -0.27618 0.499355 0.0 0.444893 -1.986691 -11.699509 -0.366293 0.038773 14.167834 127.0
153 13800.0 -0.276121 0.502358 0.0 0.441345 -1.986691 -11.699509 -0.366293 0.038773 14.167834 127.0
154 13800.0 -0.280134 0.512906 0.0 0.424665 -1.986691 -11.699509 -0.366293 0.038773 14.167834 127.0
155 13800.0 -0.301484 0.515437 0.0 0.400282 -1.986691 -11.699509 -0.366293 0.038773 14.167834 127.0
156 13800.0 -0.319541 0.536329 0.0 0.357139 -1.986691 -11.699509 -0.366293 0.038773 14.167834 127.0
157 13800.0 -0.324387 0.548735 0.0 0.337396 -1.986691 -11.699509 -0.366293 0.038773 14.167834 127.0
158 13800.0 -0.339813 0.56367 0.0 0.304038 -1.986691 -11.699509 -0.366293 0.038773 14.167834 127.0
159 13800.0 -0.361671 0.544131 0.0 0.305651 -1.986691 -11.699509 -0.366293 0.038773 14.167834 127.0
160 13800.0 -0.362051 0.5311 0.0 0.320922 -1.986691 -11.699509 -0.366293 0.038773 14.167834 127.0
161 13800.0 -0.347333 0.555837 0.0 0.305927 -1.986691 -11.699509 -0.366293 0.038773 14.167834 127.0
162 13800.0 -0.354519 0.569233 0.0 0.282656 -1.986691 -11.699509 -0.366293 0.038773 14.167834 127.0
163 13800.0 -0.376718 0.584137 0.0 0.242563 -1.986691 -11.699509 -0.366293 0.038773 14.167834 127.0
164 13800.0 -0.36016 0.593668 0.0 0.247669 -1.986691 -11.699509 -0.366293 0.038773 14.167834 127.0
165 13800.0 -0.367789 0.592904 0.0 0.24096 -1.986691 -11.699509 -0.366293 0.038773 14.167834 127.0
166 13800.0 -0.399307 0.585453 0.0 0.218399 -1.986691 -11.699509 -0.366293 0.038773 14.167834 127.0
167 13800.0 -0.404394 0.573122 0.0 0.228124 -1.986691 -11.699509 -0.366293 0.038773 14.167834 127.0
168 13800.0 -0.401076 0.551597 0.0 0.257291 -1.986691 -11.699509 -0.366293 0.038773 14.167834 127.0
169 13800.0 -0.399987 0.54033 0.0 0.271911 -1.986691 -11.699509 -0.366293 0.038773 14.167834 127.0
170 13800.0 -0.408743 0.534057 0.0 0.270691 -1.986691 -11.699509 -0.366293 0.038773 14.167834 127.0
171 13800.0 -0.410867 0.533505 0.0 0.269231 -1.986691 -11.699509 -0.366293 0.038773 14.167834 127.0
172 13800.0 -0.434078 0.513133 0.0 0.270493 -1.986691 -11.699509 -0.366293 0.038773 14.167834 127.0
173 13800.0 -0.449559 0.530004 0.0 0.234754 -1.986691 -11.699509 -0.366293 0.038773 14.167834 127.0
174 13800.0 -0.466006 0.511618 0.0 0.240393 -1.986691 -11.699509 -0.366293 0.038773 14.167834 127.0
175 13800.0 -0.499602 0.478901 0.0 0.246098 -1.986691 -11.699509 -0.366293 0.038773 14.167834 127.0
176 13800.0 -0.493197 0.504772 0.0 0.221432 -1.986691 -11.699509 -0.366293 0.038773 14.167834 127.0
177 13800.0 -0.479806 0.525154 0.0 0.21034 -1.986691 -11.699509 -0.366293 0.038773 14.167834 127.0
178 13800.0 -0.470475 0.507558 0.0 0.240802 -1.986691 -11.699509 -0.366293 0.038773 14.167834 127.0
179 13800.0 -0.496447 0.47543 0.0 0.25342 -1.986691 -11.699509 -0.366293 0.038773 14.167834 127.0
180 13800.0 -0.507939 0.477554 0.0 0.239382 -1.986691 -11.699509 -0.366293 0.038773 14.167834 127.0
181 13800.0 -0.527339 0.475766 0.0 0.222134 -1.986691 -11.699509 -0.366293 0.038773 14.167834 127.0
182 13800.0 -0.541371 0.480816 0.0 0.202041 -1.986691 -11.699509 -0.366293 0.038773 14.167834 127.0
183 13800.0 -0.574335 0.49691 0.0 0.149759 -1.986691 -11.699509 -0.366293 0.038773 14.167834 127.0
184 13800.0 -0.588588 0.52393 0.0 0.103059 -1.986691 -11.699509 -0.366293 0.038773 14.167834 127.0
185 13800.0 -0.582439 0.517622 0.0 0.116782 -1.986691 -11.699509 -0.366293 0.038773 14.167834 127.0
186 13800.0 -0.593959 0.52829 0.0 0.092453 -1.986691 -11.699509 -0.366293 0.038773 14.167834 127.0
187 13800.0 -0.600104 0.536043 0.0 0.077 -1.986691 -11.699509 -0.366293 0.038773 14.167834 127.0
188 13800.0 -0.616419 0.532881 0.0 0.064487 -1.986691 -11.699509 -0.366293 0.038773 14.167834 127.0
189 13800.0 -0.626872 0.527072 0.0 0.061013 -1.986691 -11.699509 -0.366293 0.038773 14.167834 127.0
190 13800.0 -0.634569 0.537062 0.0 0.041321 -1.986691 -11.699509 -0.366293 0.038773 14.167834 127.0
191 13800.0 -0.636667 0.545184 0.0 0.029468 -1.986691 -11.699509 -0.366293 0.038773 14.167834 127.0
192 13800.0 -0.66328 0.56621 0.0 -0.022387 -1.986691 -11.699509 -0.366293 0.038773 14.167834 127.0
193 13800.0 -0.666278 0.560547 0.0 -0.018584 -1.986691 -11.699509 -0.366293 0.038773 14.167834 127.0
194 13800.0 -0.66039 0.560274 0.0 -0.01237 -1.986691 -11.699509 -0.366293 0.038773 14.167834 127.0
195 13800.0 -0.688108 0.594566 0.0 -0.081264 -1.986691 -11.699509 -0.366293 0.038773 14.167834 127.0
196 13800.0 -0.696423 0.601871 0.0 -0.09835 -1.986691 -11.699509 -0.366293 0.038773 14.167834 127.0
197 13800.0 -0.706181 0.595017 0.0 -0.099873 -1.986691 -11.699509 -0.366293 0.038773 14.167834 127.0
198 13800.0 -0.707894 0.608691 0.0 -0.118008 -1.986691 -11.699509 -0.366293 0.038773 14.167834 127.0
199 13800.0 -0.698133 0.622001 0.0 -0.124235 -1.986691 -11.699509 -0.366293 0.038773 14.167834 127.0
200 13800.0 -0.691704 0.617815 0.0 -0.11278 -1.986691 -11.699509 -0.366293 0.038773 14.167834 127.0
201 13800.0 -0.690486 0.60224 0.0 -0.092858 -1.986691 -11.699509 -0.366293 0.038773 14.167834 127.0
202 13800.0 -0.715829 0.599565 0.0 -0.114981 -1.986691 -11.699509 -0.366293 0.038773 14.167834 127.0
203 13800.0 -0.737269 0.62702 0.0 -0.169938 -1.986691 -11.699509 -0.366293 0.038773 14.167834 127.0
204 13800.0 -0.748481 0.643776 0.0 -0.201357 -1.986691 -11.699509 -0.366293 0.038773 14.167834 127.0
205 13800.0 -0.762016 0.635223 0.0 -0.20419 -1.986691 -11.699509 -0.366293 0.038773 14.167834 127.0
206 13800.0 -0.79063 0.620653 0.0 -0.213922 -1.986691 -11.699509 -0.366293 0.038773 14.167834 127.0
207 13800.0 -0.789487 0.609906 0.0 -0.201456 -1.986691 -11.699509 -0.366293 0.038773 14.167834 127.0
208 13800.0 -0.779608 0.65406 0.0 -0.239805 -1.986691 -11.699509 -0.366293 0.038773 14.167834 127.0
209 13800.0 -0.779271 0.63464 0.0 -0.218804 -1.986691 -11.699509 -0.366293 0.038773 14.167834 127.0
210 13800.0 -0.763995 0.660927 0.0 -0.233339 -1.986691 -11.699509 -0.366293 0.038773 14.167834 127.0
211 13800.0 -0.761062 0.666326 0.0 -0.236505 -1.986691 -11.699509 -0.366293 0.038773 14.167834 127.0
212 13800.0 -0.780206 0.66702 0.0 -0.254149 -1.986691 -11.699509 -0.366293 0.038773 14.167834 127.0
213 13800.0 -0.775342 0.682591 0.0 -0.266453 -1.986691 -11.699509 -0.366293 0.038773 14.167834 127.0
214 13800.0 -0.782307 0.661804 0.0 -0.250442 -1.986691 -11.699509 -0.366293 0.038773 14.167834 127.0
215 13800.0 -0.779312 0.653316 0.0 -0.238749 -1.986691 -11.699509 -0.366293 0.038773 14.167834 127.0
216 13800.0 -0.791898 0.641003 0.0 -0.236736 -1.986691 -11.699509 -0.366293 0.038773 14.167834 127.0
217 13800.0 -0.79328 0.643333 0.0 -0.24044 -1.986691 -11.699509 -0.366293 0.038773 14.167834 127.0
218 13800.0 -0.81901 0.642303 0.0 -0.262061 -1.986691 -11.699509 -0.366293 0.038773 14.167834 127.0
219 13800.0 -0.823342 0.657368 0.0 -0.281945 -1.986691 -11.699509 -0.366293 0.038773 14.167834 127.0
220 13800.0 -0.81143 0.672171 0.0 -0.287208 -1.986691 -11.699509 -0.366293 0.038773 14.167834 127.0
221 13800.0 -0.821263 0.691174 0.0 -0.316149 -1.986691 -11.699509 -0.366293 0.038773 14.167834 127.0
222 13800.0 -0.826567 0.689856 0.0 -0.319428 -1.986691 -11.699509 -0.366293 0.038773 14.167834 127.0
223 13800.0 -0.828815 0.680691 0.0 -0.311642 -1.986691 -11.699509 -0.366293 0.038773 14.167834 127.0
224 13800.0 -0.831601 0.675164 0.0 -0.30821 -1.986691 -11.699509 -0.366293 0.038773 14.167834 127.0
225 13800.0 -0.840705 0.668701 0.0 -0.309358 -1.986691 -11.699509 -0.366293 0.038773 14.167834 127.0
226 13800.0 -0.830578 0.68642 0.0 -0.319306 -1.986691 -11.699509 -0.366293 0.038773 14.167834 127.0
227 13800.0 -0.83597 0.706809 0.0 -0.34898 -1.986691 -11.699509 -0.366293 0.038773 14.167834 127.0
228 13800.0 -0.82859 0.721094 0.0 -0.361615 -1.986691 -11.699509 -0.366293 0.038773 14.167834 127.0
229 13800.0 -0.8588 0.735237 0.0 -0.410594 -1.986691 -11.699509 -0.366293 0.038773 14.167834 127.0
230 13800.0 -0.855258 0.758931 0.0 -0.440008 -1.986691 -11.699509 -0.366293 0.038773 14.167834 127.0
231 13800.0 -0.88615 0.760536 0.0 -0.472035 -1.986691 -11.699509 -0.366293 0.038773 14.167834 127.0
232 13800.0 -0.896327 0.775669 0.0 -0.5021 -1.986691 -11.699509 -0.366293 0.038773 14.167834 127.0
233 13800.0 -0.853028 0.798726 0.0 -0.493026 -1.986691 -11.699509 -0.366293 0.038773 14.167834 127.0
234 13800.0 -0.89196 0.812359 0.0 -0.550098 -1.986691 -11.699509 -0.366293 0.038773 14.167834 127.0
235 13800.0 -0.877836 0.841835 0.0 -0.581677 -1.986691 -11.699509 -0.366293 0.038773 14.167834 127.0
236 13800.0 -0.903522 0.849164 0.0 -0.617566 -1.986691 -11.699509 -0.366293 0.038773 14.167834 127.0
237 13800.0 -0.900495 0.846639 0.0 -0.610793 -1.986691 -11.699509 -0.366293 0.038773 14.167834 127.0
238 13800.0 -0.900645 0.855328 0.0 -0.624245 -1.986691 -11.699509 -0.366293 0.038773 14.167834 127.0
239 13800.0 -0.890791 0.879861 0.0 -0.652355 -1.986691 -11.699509 -0.366293 0.038773 14.167834 127.0
240 13800.0 -0.908704 0.89535 0.0 -0.690921 -1.986691 -11.699509 -0.366293 0.038773 14.167834 127.0
241 13800.0 -0.906827 0.927392 0.0 -0.733424 -1.986691 -11.699509 -0.366293 0.038773 14.167834 127.0
242 13800.0 -0.913302 0.949726 0.0 -0.769814 -1.986691 -11.699509 -0.366293 0.038773 14.167834 127.0
243 13800.0 -0.935645 0.96742 0.0 -0.805212 -1.986691 -11.699509 -0.366293 0.038773 14.167834 127.0
244 13800.0 -0.945724 0.974387 0.0 -0.81946 -1.986691 -11.699509 -0.366293 0.038773 14.167834 127.0
245 13800.0 -0.924496 0.991109 0.0 -0.820307 -1.986691 -11.699509 -0.366293 0.038773 14.167834 127.0
246 13800.0 -0.918338 1.003341 0.0 -0.827806 -1.986691 -11.699509 -0.366293 0.038773 14.167834 127.0
247 13800.0 -0.900329 1.060951 0.0 -0.871201 -1.986691 -11.699509 -0.366293 0.038773 14.167834 127.0
248 13800.0 -0.900602 1.067343 0.0 -0.877685 -1.986691 -11.699509 -0.366293 0.038773 14.167834 127.0
249 13800.0 -0.892244 1.081895 0.0 -0.885849 -1.986691 -11.699509 -0.366293 0.038773 14.167834 127.0
250 13800.0 -0.879242 1.07058 0.0 -0.865181 -1.986691 -11.699509 -0.366293 0.038773 14.167834 127.0
251 13800.0 -0.867024 1.095842 0.0 -0.881037 -1.986691 -11.699509 -0.366293 0.038773 14.167834 127.0
252 13800.0 -0.867148 1.115127 0.0 -0.900081 -1.986691 -11.699509 -0.366293 0.038773 14.167834 127.0
253 13800.0 -0.880726 1.119638 0.0 -0.914485 -1.986691 -11.699509 -0.366293 0.038773 14.167834 127.0
254 13800.0 -0.862439 1.125548 0.0 -0.906865 -1.986691 -11.699509 -0.366293 0.038773 14.167834 127.0
255 13800.0 -0.87006 1.129018 0.0 -0.915873 -1.986691 -11.699509 -0.366293 0.038773 14.167834 127.0
256 13800.0 -0.863009 1.152878 0.0 -0.934143 -1.986691 -11.699509 -0.366293 0.038773 14.167834 127.0
257 13800.0 -0.83245 1.160685 0.0 -0.919377 -1.986691 -11.699509 -0.366293 0.038773 14.167834 127.0
258 13800.0 -0.80503 1.157465 0.0 -0.896077 -1.986691 -11.699509 -0.366293 0.038773 14.167834 127.0
259 13800.0 -0.811739 1.157615 0.0 -0.901151 -1.986691 -11.699509 -0.366293 0.038773 14.167834 127.0
260 13800.0 -0.814425 1.197626 0.0 -0.942447 -1.986691 -11.699509 -0.366293 0.038773 14.167834 127.0
261 13800.0 -0.796531 1.204631 0.0 -0.936192 -1.986691 -11.699509 -0.366293 0.038773 14.167834 127.0
262 13800.0 -0.768317 1.216883 0.0 -0.927516 -1.986691 -11.699509 -0.366293 0.038773 14.167834 127.0
263 13800.0 -0.752645 1.198517 0.0 -0.897958 -1.986691 -11.699509 -0.366293 0.038773 14.167834 127.0
264 13800.0 -0.77466 1.206549 0.0 -0.922016 -1.986691 -11.699509 -0.366293 0.038773 14.167834 127.0
265 13800.0 -0.770537 1.216393 0.0 -0.928664 -1.986691 -11.699509 -0.366293 0.038773 14.167834 127.0
266 13800.0 -0.767114 1.22821 0.0 -0.937764 -1.986691 -11.699509 -0.366293 0.038773 14.167834 127.0
267 13800.0 -0.718808 1.230368 0.0 -0.904414 -1.986691 -11.699509 -0.366293 0.038773 14.167834 127.0
268 13800.0 -0.715468 1.23837 0.0 -0.909826 -1.986691 -11.699509 -0.366293 0.038773 14.167834 127.0
269 13800.0 -0.704007 1.266738 0.0 -0.927545 -1.986691 -11.699509 -0.366293 0.038773 14.167834 127.0
270 13800.0 -0.716886 1.27272 0.0 -0.94004 -1.986691 -11.699509 -0.366293 0.038773 14.167834 127.0
271 13800.0 -0.714458 1.298782 0.0 -0.95532 -1.986691 -11.699509 -0.366293 0.038773 14.167834 127.0
272 13800.0 -0.691763 1.299835 0.0 -0.940822 -1.986691 -11.699509 -0.366293 0.038773 14.167834 127.0
273 13800.0 -0.703428 1.301484 0.0 -0.949694 -1.986691 -11.699509 -0.366293 0.038773 14.167834 127.0
274 13800.0 -0.671789 1.301627 0.0 -0.928623 -1.986691 -11.699509 -0.366293 0.038773 14.167834 127.0
275 13800.0 -0.669514 1.307729 0.0 -0.931058 -1.986691 -11.699509 -0.366293 0.038773 14.167834 127.0
276 13800.0 -0.676243 1.326453 0.0 -0.947704 -1.986691 -11.699509 -0.366293 0.038773 14.167834 127.0
277 13800.0 -0.654098 1.328 0.0 -0.933894 -1.986691 -11.699509 -0.366293 0.038773 14.167834 127.0
278 13800.0 -0.648621 1.324043 0.0 -0.927664 -1.986691 -11.699509 -0.366293 0.038773 14.167834 127.0
279 13800.0 -0.663502 1.321049 0.0 -0.935676 -1.986691 -11.699509 -0.366293 0.038773 14.167834 127.0
280 13800.0 -0.654737 1.337041 0.0 -0.940185 -1.986691 -11.699509 -0.366293 0.038773 14.167834 127.0
281 13800.0 -0.646619 1.354306 0.0 -0.946352 -1.986691 -11.699509 -0.366293 0.038773 14.167834 127.0
282 13800.0 -0.631409 1.385499 0.0 -0.964765 -1.986691 -11.699509 -0.366293 0.038773 14.167834 127.0
283 13800.0 -0.607558 1.397936 0.0 -0.959442 -1.986691 -11.699509 -0.366293 0.038773 14.167834 127.0
284 13800.0 -0.58928 1.393895 0.0 -0.945121 -1.986691 -11.699509 -0.366293 0.038773 14.167834 127.0
285 13800.0 -0.607771 1.401646 0.0 -0.961712 -1.986691 -11.699509 -0.366293 0.038773 14.167834 127.0
286 13800.0 -0.626025 1.415231 0.0 -0.980172 -1.986691 -11.699509 -0.366293 0.038773 14.167834 127.0
287 13800.0 -0.634591 1.417729 0.0 -0.986591 -1.986691 -11.699509 -0.366293 0.038773 14.167834 127.0
