 time p.x p.y p.z deep.node-0 CV opes.bias opes.rct opes.zed opes.neff opes.nker
0 14425.0 -0.065233 0.511818 0.0 0.623116 -0.999089 -9.388053 -0.370723 0.03847 14.167834 128.0
1 14425.0 -0.061587 0.498458 0.0 0.640544 -0.999089 -9.388053 -0.370723 0.03847 14.167834 128.0
2 14425.0 -0.069353 0.522498 0.0 0.608146 -0.999089 -9.388053 -0.370723 0.03847 14.167834 128.0
3 14425.0 -0.05543 0.500347 0.0 0.643823 -0.999089 -9.388053 -0.370723 0.03847 14.167834 128.0
4 14425.0 -0.041231 0.514243 0.0 0.64118 -0.999089 -9.388053 -0.370723 0.03847 14.167834 128.0
5 14425.0 -0.060817 0.505744 0.0 0.633414 -0.999089 -9.388053 -0.370723 0.03847 14.167834 128.0
6 14425.0 -0.069706 0.50777 0.0 0.623596 -0.999089 -9.388053 -0.370723 0.03847 14.167834 128.0
7 14425.0 -0.048625 0.524817 0.0 0.623506 -0.999089 -9.388053 -0.370723 0.03847 14.167834 128.0
8 14425.0 -0.031163 0.520167 0.0 0.642244 -0.999089 -9.388053 -0.370723 0.03847 14.167834 128.0
9 14425.0 -0.027739 0.527137 0.0 0.637468 -0.999089 -9.388053 -0.370723 0.03847 14.167834 128.0
10 14425.0 -0.004258 0.510618 0.0 0.669859 -0.999089 -9.388053 -0.370723 0.03847 14.167834 128.0
11 14425.0 0.008937 0.538409 0.0 0.650509 -0.999089 -9.388053 -0.370723 0.03847 14.167834 128.0
12 14425.0 0.01983 0.529753 0.0 0.666542 -0.999089 -9.388053 -0.370723 0.03847 14.167834 128.0
13 14425.0 0.033357 0.525975 0.0 0.679389 -0.999089 -9.388053 -0.370723 0.03847 14.167834 128.0
14 14425.0 0.010613 0.516042 0.0 0.674282 -0.999089 -9.388053 -0.370723 0.03847 14.167834 128.0
15 14425.0 0.012725 0.538398 0.0 0.653047 -0.999089 -9.388053 -0.370723 0.03847 14.167834 128.0
16 14425.0 0.009348 0.51784 0.0 0.671618 -0.999089 -9.388053 -0.370723 0.03847 14.167834 128.0
17 14425.0 -0.003479 0.521048 0.0 0.659814 -0.999089 -9.388053 -0.370723 0.03847 14.167834 128.0
18 14425.0 -0.000536 0.504008 0.0 0.679036 -0.999089 -9.388053 -0.370723 0.03847 14.167834 128.0
19 14425.0 -0.001605 0.481451 0.0 0.701171 -0.999089 -9.388053 -0.370723 0.03847 14.167834 128.0
20 14425.0 -0.024998 0.448833 0.0 0.718608 -0.999089 -9.388053 -0.370723 0.03847 14.167834 128.0
21 14425.0 -0.027755 0.446022 0.0 0.719617 -0.999089 -9.388053 -0.370723 0.03847 14.167834 128.0
22 14425.0 -0.032284 0.478189 0.0 0.684015 -0.999089 -9.388053 -0.370723 0.03847 14.167834 128.0
23 14425.0 -0.032661 0.49523 0.0 0.666504 -0.999089 -9.388053 -0.370723 0.03847 14.167834 128.0
24 14425.0 0.001048 0.482691 0.0 0.701684 -0.999089 -9.388053 -0.370723 0.03847 14.167834 128.0
25 14425.0 0.007844 0.505874 0.0 0.682735 -0.999089 -9.388053 -0.370723 0.03847 14.167834 128.0
26 14425.0 0.010482 0.506267 0.0 0.684096 -0.999089 -9.388053 -0.370723 0.03847 14.167834 128.0
27 14425.0 0.031517 0.517421 0.0 0.686827 -0.999089 -9.388053 -0.370723 0.03847 14.167834 128.0
28 14425.0 0.039182 0.524498 0.0 0.68477 -0.999089 -9.388053 -0.370723 0.03847 14.167834 128.0
29 14425.0 0.03747 0.527586 0.0 0.680501 -0.999089 -9.388053 -0.370723 0.03847 14.167834 128.0
30 14425.0 0.031865 0.520883 0.0 0.683552 -0.999089 -9.388053 -0.370723 0.03847 14.167834 128.0
31 14425.0 0.011018 0.513298 0.0 0.677332 -0.999089 -9.388053 -0.370723 0.03847 14.167834 128.0
32 14425.0 -0.014277 0.535373 0.0 0.638103 -0.999089 -9.388053 -0.370723 0.03847 14.167834 128.0
33 14425.0 -0.020322 0.525923 0.0 0.643643 -0.999089 -9.388053 -0.370723 0.03847 14.167834 128.0
34 14425.0 -0.029817 0.512397 0.0 0.651012 -0.999089 -9.388053 -0.370723 0.03847 14.167834 128.0
35 14425.0 -0.029166 0.502272 0.0 0.661701 -0.999089 -9.388053 -0.370723 0.03847 14.167834 128.0
36 14425.0 -0.056234 0.478243 0.0 0.666772 -0.999089 -9.388053 -0.370723 0.03847 14.167834 128.0
37 14425.0 -0.071985 0.485909 0.0 0.645016 -0.999089 -9.388053 -0.370723 0.03847 14.167834 128.0
38 14425.0 -0.046293 0.513189 0.0 0.637951 -0.999089 -9.388053 -0.370723 0.03847 14.167834 128.0
39 14425.0 -0.071884 0.514663 0.0 0.614348 -0.999089 -9.388053 -0.370723 0.03847 14.167834 128.0
40 14425.0 -0.097688 0.536083 0.0 0.569229 -0.999089 -9.388053 -0.370723 0.03847 14.167834 128.0
41 14425.0 -0.09111 0.527192 0.0 0.5844 -0.999089 -9.388053 -0.370723 0.03847 14.167834 128.0
42 14425.0 -0.098413 0.536276 0.0 0.568398 -0.999089 -9.388053 -0.370723 0.03847 14.167834 128.0
43 14425.0 -0.085863 0.53584 0.0 0.579667 -0.999089 -9.388053 -0.370723 0.03847 14.167834 128.0
44 14425.0 -0.100082 0.522387 0.0 0.581817 -0.999089 -9.388053 -0.370723 0.03847 14.167834 128.0
45 14425.0 -0.096505 0.532733 0.0 0.573829 -0.999089 -9.388053 -0.370723 0.03847 14.167834 128.0
46 14425.0 -0.088843 0.536366 0.0 0.576539 -0.999089 -9.388053 -0.370723 0.03847 14.167834 128.0
47 14425.0 -0.100245 0.529104 0.0 0.574493 -0.999089 -9.388053 -0.370723 0.03847 14.167834 128.0
48 14425.0 -0.086359 0.524809 0.0 0.591038 -0.999089 -9.388053 -0.370723 0.03847 14.167834 128.0
49 14425.0 -0.098593 0.517957 0.0 0.587837 -0.999089 -9.388053 -0.370723 0.03847 14.167834 128.0
50 14425.0 -0.111001 0.509172 0.0 0.586554 -0.999089 -9.388053 -0.370723 0.03847 14.167834 128.0
51 14425.0 -0.105453 0.507011 0.0 0.593641 -0.999089 -9.388053 -0.370723 0.03847 14.167834 128.0
52 14425.0 -0.094467 0.496086 0.0 0.614781 -0.999089 -9.388053 -0.370723 0.03847 14.167834 128.0
53 14425.0 -0.073793 0.515535 0.0 0.611773 -0.999089 -9.388053 -0.370723 0.03847 14.167834 128.0
54 14425.0 -0.059109 0.515929 0.0 0.62399 -0.999089 -9.388053 -0.370723 0.03847 14.167834 128.0
55 14425.0 -0.050447 0.526823 0.0 0.619793 -0.999089 -9.388053 -0.370723 0.03847 14.167834 128.0
56 14425.0 -0.034143 0.510813 0.0 0.64973 -0.999089 -9.388053 -0.370723 0.03847 14.167834 128.0
57 14425.0 -0.016011 0.497869 0.0 0.674934 -0.999089 -9.388053 -0.370723 0.03847 14.167834 128.0
58 14425.0 -0.023963 0.504155 0.0 0.663264 -0.999089 -9.388053 -0.370723 0.03847 14.167834 128.0
59 14425.0 -0.014464 0.495168 0.0 0.678702 -0.999089 -9.388053 -0.370723 0.03847 14.167834 128.0
60 14425.0 0.0149 0.514116 0.0 0.679092 -0.999089 -9.388053 -0.370723 0.03847 14.167834 128.0
61 14425.0 0.008615 0.498361 0.0 0.690858 -0.999089 -9.388053 -0.370723 0.03847 14.167834 128.0
62 14425.0 -0.00286 0.533166 0.0 0.647953 -0.999089 -9.388053 -0.370723 0.03847 14.167834 128.0
63 14425.0 -0.011367 0.49757 0.0 0.678334 -0.999089 -9.388053 -0.370723 0.03847 14.167834 128.0
64 14425.0 0.004325 0.534326 0.0 0.651569 -0.999089 -9.388053 -0.370723 0.03847 14.167834 128.0
65 14425.0 -0.006755 0.536174 0.0 0.642308 -0.999089 -9.388053 -0.370723 0.03847 14.167834 128.0
66 14425.0 -0.026847 0.549889 0.0 0.615017 -0.999089 -9.388053 -0.370723 0.03847 14.167834 128.0
67 14425.0 -0.024221 0.523154 0.0 0.643848 -0.999089 -9.388053 -0.370723 0.03847 14.167834 128.0
68 14425.0 -0.029962 0.531578 0.0 0.631487 -0.999089 -9.388053 -0.370723 0.03847 14.167834 128.0
69 14425.0 -0.039794 0.521968 0.0 0.634154 -0.999089 -9.388053 -0.370723 0.03847 14.167834 128.0
70 14425.0 -0.039147 0.541801 0.0 0.613498 -0.999089 -9.388053 -0.370723 0.03847 14.167834 128.0
71 14425.0 -0.040603 0.526872 0.0 0.628213 -0.999089 -9.388053 -0.370723 0.03847 14.167834 128.0
72 14425.0 -0.073917 0.513602 0.0 0.613733 -0.999089 -9.388053 -0.370723 0.03847 14.167834 128.0
73 14425.0 -0.064124 0.512931 0.0 0.62288 -0.999089 -9.388053 -0.370723 0.03847 14.167834 128.0
74 14425.0 -0.047819 0.520238 0.0 0.629099 -0.999089 -9.388053 -0.370723 0.03847 14.167834 128.0
75 14425.0 -0.066799 0.522857 0.0 0.609961 -0.999089 -9.388053 -0.370723 0.03847 14.167834 128.0
76 14425.0 -0.04865 0.525826 0.0 0.622406 -0.999089 -9.388053 -0.370723 0.03847 14.167834 128.0
77 14425.0 -0.053422 0.525253 0.0 0.618911 -0.999089 -9.388053 -0.370723 0.03847 14.167834 128.0
78 14425.0 -0.067973 0.499652 0.0 0.63377 -0.999089 -9.388053 -0.370723 0.03847 14.167834 128.0
79 14425.0 -0.061167 0.487379 0.0 0.652755 -0.999089 -9.388053 -0.370723 0.03847 14.167834 128.0
80 14425.0 -0.080313 0.5138 0.0 0.608017 -0.999089 -9.388053 -0.370723 0.03847 14.167834 128.0
81 14425.0 -0.071865 0.523781 0.0 0.604612 -0.999089 -9.388053 -0.370723 0.03847 14.167834 128.0
82 14425.0 -0.05358 0.515049 0.0 0.62969 -0.999089 -9.388053 -0.370723 0.03847 14.167834 128.0
83 14425.0 -0.043471 0.51475 0.0 0.63871 -0.999089 -9.388053 -0.370723 0.03847 14.167834 128.0
84 14425.0 -0.047197 0.529224 0.0 0.620022 -0.999089 -9.388053 -0.370723 0.03847 14.167834 128.0
85 14425.0 -0.059701 0.506604 0.0 0.633454 -0.999089 -9.388053 -0.370723 0.03847 14.167834 128.0
86 14425.0 -0.042403 0.507121 0.0 0.647789 -0.999089 -9.388053 -0.370723 0.03847 14.167834 128.0
87 14425.0 -0.048537 0.522921 0.0 0.62561 -0.999089 -9.388053 -0.370723 0.03847 14.167834 128.0
88 14425.0 -0.038097 0.534079 0.0 0.622662 -0.999089 -9.388053 -0.370723 0.03847 14.167834 128.0
89 14425.0 -0.034477 0.53879 0.0 0.620738 -0.999089 -9.388053 -0.370723 0.03847 14.167834 128.0
90 14425.0 -0.038811 0.541868 0.0 0.613716 -0.999089 -9.388053 -0.370723 0.03847 14.167834 128.0
91 14425.0 -0.039534 0.539397 0.0 0.615736 -0.999089 -9.388053 -0.370723 0.03847 14.167834 128.0
92 14425.0 -0.036493 0.516682 0.0 0.642218 -0.999089 -9.388053 -0.370723 0.03847 14.167834 128.0
93 14425.0 -0.017806 0.520296 0.0 0.651021 -0.999089 -9.388053 -0.370723 0.03847 14.167834 128.0
94 14425.0 -0.011216 0.505599 0.0 0.670302 -0.999089 -9.388053 -0.370723 0.03847 14.167834 128.0
95 14425.0 -0.018325 0.530593 0.0 0.640245 -0.999089 -9.388053 -0.370723 0.03847 14.167834 128.0
96 14425.0 -0.007497 0.538421 0.0 0.639537 -0.999089 -9.388053 -0.370723 0.03847 14.167834 128.0
97 14425.0 -0.005722 0.526586 0.0 0.652709 -0.999089 -9.388053 -0.370723 0.03847 14.167834 128.0
98 14425.0 -0.024789 0.544338 0.0 0.622012 -0.999089 -9.388053 -0.370723 0.03847 14.167834 128.0
99 14425.0 -0.031197 0.536503 0.0 0.625675 -0.999089 -9.388053 -0.370723 0.03847 14.167834 128.0
100 14425.0 -0.0191 0.521806 0.0 0.648628 -0.999089 -9.388053 -0.370723 0.03847 14.167834 128.0
101 14425.0 -0.008453 0.551303 0.0 0.625853 -0.999089 -9.388053 -0.370723 0.03847 14.167834 128.0
102 14425.0 -0.014723 0.547262 0.0 0.625764 -0.999089 -9.388053 -0.370723 0.03847 14.167834 128.0
103 14425.0 0.005405 0.561091 0.0 0.62518 -0.999089 -9.388053 -0.370723 0.03847 14.167834 128.0
104 14425.0 -0.01617 0.539895 0.0 0.63226 -0.999089 -9.388053 -0.370723 0.03847 14.167834 128.0
105 14425.0 0.010526 0.5212 0.0 0.668999 -0.999089 -9.388053 -0.370723 0.03847 14.167834 128.0
106 14425.0 0.004797 0.551047 0.0 0.634947 -0.999089 -9.388053 -0.370723 0.03847 14.167834 128.0
107 14425.0 -0.001944 0.534788 0.0 0.646921 -0.999089 -9.388053 -0.370723 0.03847 14.167834 128.0
108 14425.0 -0.024973 0.533966 0.0 0.632395 -0.999089 -9.388053 -0.370723 0.03847 14.167834 128.0
109 14425.0 -0.00202 0.538099 0.0 0.643516 -0.999089 -9.388053 -0.370723 0.03847 14.167834 128.0
110 14425.0 -0.025181 0.539249 0.0 0.626905 -0.999089 -9.388053 -0.370723 0.03847 14.167834 128.0
111 14425.0 -0.03379 0.525307 0.0 0.635286 -0.999089 -9.388053 -0.370723 0.03847 14.167834 128.0
112 14425.0 -0.03254 0.517582 0.0 0.643943 -0.999089 -9.388053 -0.370723 0.03847 14.167834 128.0
113 14425.0 -0.059104 0.50439 0.0 0.636336 -0.999089 -9.388053 -0.370723 0.03847 14.167834 128.0
114 14425.0 -0.042531 0.506645 0.0 0.648188 -0.999089 -9.388053 -0.370723 0.03847 14.167834 128.0
115 14425.0 -0.031457 0.495477 0.0 0.667056 -0.999089 -9.388053 -0.370723 0.03847 14.167834 128.0
116 14425.0 -0.032799 0.529273 0.0 0.631929 -0.999089 -9.388053 -0.370723 0.03847 14.167834 128.0
117 14425.0 -0.046304 0.524916 0.0 0.625398 -0.999089 -9.388053 -0.370723 0.03847 14.167834 128.0
118 14425.0 -0.043828 0.534873 0.0 0.61688 -0.999089 -9.388053 -0.370723 0.03847 14.167834 128.0
119 14425.0 -0.060714 0.530459 0.0 0.607067 -0.999089 -9.388053 -0.370723 0.03847 14.167834 128.0
120 14425.0 -0.083808 0.524433 0.0 0.593636 -0.999089 -9.388053 -0.370723 0.03847 14.167834 128.0
121 14425.0 -0.090242 0.518737 0.0 0.594191 -0.999089 -9.388053 -0.370723 0.03847 14.167834 128.0
122 14425.0 -0.074607 0.52278 0.0 0.603322 -0.999089 -9.388053 -0.370723 0.03847 14.167834 128.0
123 14425.0 -0.050066 0.503011 0.0 0.64559 -0.999089 -9.388053 -0.370723 0.03847 14.167834 128.0
124 14425.0 -0.072586 0.505049 0.0 0.624027 -0.999089 -9.388053 -0.370723 0.03847 14.167834 128.0
125 14425.0 -0.040656 0.501361 0.0 0.654961 -0.999089 -9.388053 -0.370723 0.03847 14.167834 128.0
126 14425.0 -0.062168 0.505967 0.0 0.632012 -0.999089 -9.388053 -0.370723 0.03847 14.167834 128.0
127 14425.0 -0.090264 0.533021 0.0 0.578894 -0.999089 -9.388053 -0.370723 0.03847 14.167834 128.0
128 14425.0 -0.103301 0.539562 0.0 0.560677 -0.999089 -9.388053 -0.370723 0.03847 14.167834 128.0
129 14425.0 -0.115381 0.54327 0.0 0.546314 -0.999089 -9.388053 -0.370723 0.03847 14.167834 128.0
130 14425.0 -0.094486 0.539566 0.0 0.568259 -0.999089 -9.388053 -0.370723 0.03847 14.167834 128.0
131 14425.0 -0.100635 0.525331 0.0 0.578193 -0.999089 -9.388053 -0.370723 0.03847 14.167834 128.0
132 14425.0 -0.1068 0.495975 0.0 0.604286 -0.999089 -9.388053 -0.370723 0.03847 14.167834 128.0
133 14425.0 -0.125611 0.484928 0.0 0.599911 -0.999089 -9.388053 -0.370723 0.03847 14.167834 128.0
134 14425.0 -0.090285 0.470249 0.0 0.646016 -0.999089 -9.388053 -0.370723 0.03847 14.167834 128.0
135 14425.0 -0.082535 0.464407 0.0 0.658935 -0.999089 -9.388053 -0.370723 0.03847 14.167834 128.0
136 14425.0 -0.10611 0.488603 0.0 0.612764 -0.999089 -9.388053 -0.370723 0.03847 14.167834 128.0
137 14425.0 -0.114246 0.520952 0.0 0.571161 -0.999089 -9.388053 -0.370723 0.03847 14.167834 128.0
138 14425.0 -0.098551 0.512711 0.0 0.593485 -0.999089 -9.388053 -0.370723 0.03847 14.167834 128.0
139 14425.0 -0.089133 0.50799 0.0 0.60664 -0.999089 -9.388053 -0.370723 0.03847 14.167834 128.0
140 14425.0 -0.077493 0.503464 0.0 0.621499 -0.999089 -9.388053 -0.370723 0.03847 14.167834 128.0
141 14425.0 -0.068396 0.501974 0.0 0.630922 -0.999089 -9.388053 -0.370723 0.03847 14.167834 128.0
142 14425.0 -0.060082 0.527473 0.0 0.610805 -0.999089 -9.388053 -0.370723 0.03847 14.167834 128.0
143 14425.0 -0.076173 0.547853 0.0 0.575157 -0.999089 -9.388053 -0.370723 0.03847 14.167834 128.0
144 14425.0 -0.03829 0.544087 0.0 0.611791 -0.999089 -9.388053 -0.370723 0.03847 14.167834 128.0
145 14425.0 -0.043662 0.515119 0.0 0.638151 -0.999089 -9.388053 -0.370723 0.03847 14.167834 128.0
146 14425.0 -0.057631 0.505467 0.0 0.636452 -0.999089 -9.388053 -0.370723 0.03847 14.167834 128.0
147 14425.0 -0.06094 0.504958 0.0 0.634148 -0.999089 -9.388053 -0.370723 0.03847 14.167834 128.0
148 14425.0 -0.067035 0.494932 0.0 0.639626 -0.999089 -9.388053 -0.370723 0.03847 14.167834 128.0
149 14425.0 -0.087258 0.511199 0.0 0.604822 -0.999089 -9.388053 -0.370723 0.03847 14.167834 128.0
150 14425.0 -0.106584 0.500631 0.0 0.599492 -0.999089 -9.388053 -0.370723 0.03847 14.167834 128.0
151 14425.0 -0.119939 0.504526 0.0 0.583831 -0.999089 -9.388053 -0.370723 0.03847 14.167834 128.0
152 14425.0 -0.123114 0.511447 0.0 0.573696 -0.999089 -9.388053 -0.370723 0.03847 14.167834 128.0
153 14425.0 -0.121182 0.503189 0.0 0.584191 -0.999089 -9.388053 -0.370723 0.03847 14.167834 128.0
154 14425.0 -0.122515 0.508105 0.0 0.577785 -0.999089 -9.388053 -0.370723 0.03847 14.167834 128.0
155 14425.0 -0.127433 0.492363 0.0 0.590391 -0.999089 -9.388053 -0.370723 0.03847 14.167834 128.0
156 14425.0 -0.14528 0.497971 0.0 0.569031 -0.999089 -9.388053 -0.370723 0.03847 14.167834 128.0
157 14425.0 -0.136587 0.510831 0.0 0.562759 -0.999089 -9.388053 -0.370723 0.03847 14.167834 128.0
158 14425.0 -0.150499 0.530864 0.0 0.529358 -0.999089 -9.388053 -0.370723 0.03847 14.167834 128.0
159 14425.0 -0.178879 0.520044 0.0 0.516504 -0.999089 -9.388053 -0.370723 0.03847 14.167834 128.0
160 14425.0 -0.190721 0.540895 0.0 0.48044 -0.999089 -9.388053 -0.370723 0.03847 14.167834 128.0
161 14425.0 -0.195966 0.521532 0.0 0.49845 -0.999089 -9.388053 -0.370723 0.03847 14.167834 128.0
162 14425.0 -0.179324 0.491745 0.0 0.54639 -0.999089 -9.388053 -0.370723 0.03847 14.167834 128.0
163 14425.0 -0.213289 0.488156 0.0 0.520996 -0.999089 -9.388053 -0.370723 0.03847 14.167834 128.0
164 14425.0 -0.206769 0.480863 0.0 0.534407 -0.999089 -9.388053 -0.370723 0.03847 14.167834 128.0
165 14425.0 -0.217899 0.473773 0.0 0.532411 -0.999089 -9.388053 -0.370723 0.03847 14.167834 128.0
166 14425.0 -0.22949 0.476802 0.0 0.518655 -0.999089 -9.388053 -0.370723 0.03847 14.167834 128.0
167 14425.0 -0.209327 0.4587 0.0 0.555912 -0.999089 -9.388053 -0.370723 0.03847 14.167834 128.0
168 14425.0 -0.222246 0.48575 0.0 0.51515 -0.999089 -9.388053 -0.370723 0.03847 14.167834 128.0
169 14425.0 -0.239819 0.47511 0.0 0.510361 -0.999089 -9.388053 -0.370723 0.03847 14.167834 128.0
170 14425.0 -0.25273 0.497012 0.0 0.47115 -0.999089 -9.388053 -0.370723 0.03847 14.167834 128.0
171 14425.0 -0.251451 0.518946 0.0 0.446087 -0.999089 -9.388053 -0.370723 0.03847 14.167834 128.0
172 14425.0 -0.245781 0.512037 0.0 0.460052 -0.999089 -9.388053 -0.370723 0.03847 14.167834 128.0
173 14425.0 -0.223226 0.517327 0.0 0.476249 -0.999089 -9.388053 -0.370723 0.03847 14.167834 128.0
174 14425.0 -0.216071 0.54611 0.0 0.448834 -0.999089 -9.388053 -0.370723 0.03847 14.167834 128.0
175 14425.0 -0.204961 0.558736 0.0 0.444777 -0.999089 -9.388053 -0.370723 0.03847 14.167834 128.0
176 14425.0 -0.199173 0.549278 0.0 0.461923 -0.999089 -9.388053 -0.370723 0.03847 14.167834 128.0
177 14425.0 -0.21071 0.567923 0.0 0.427997 -0.999089 -9.388053 -0.370723 0.03847 14.167834 128.0
178 14425.0 -0.220568 0.557607 0.0 0.43053 -0.999089 -9.388053 -0.370723 0.03847 14.167834 128.0
179 14425.0 -0.226299 0.541896 0.0 0.443669 -0.999089 -9.388053 -0.370723 0.03847 14.167834 128.0
180 14425.0 -0.245448 0.5172 0.0 0.454184 -0.999089 -9.388053 -0.370723 0.03847 14.167834 128.0
181 14425.0 -0.234364 0.509077 0.0 0.475021 -0.999089 -9.388053 -0.370723 0.03847 14.167834 128.0
182 14425.0 -0.285664 0.541783 0.0 0.384456 -0.999089 -9.388053 -0.370723 0.03847 14.167834 128.0
183 14425.0 -0.284366 0.548605 0.0 0.377561 -0.999089 -9.388053 -0.370723 0.03847 14.167834 128.0
184 14425.0 -0.306118 0.549674 0.0 0.354532 -0.999089 -9.388053 -0.370723 0.03847 14.167834 128.0
185 14425.0 -0.327633 0.529903 0.0 0.356767 -0.999089 -9.388053 -0.370723 0.03847 14.167834 128.0
186 14425.0 -0.336855 0.525559 0.0 0.352765 -0.999089 -9.388053 -0.370723 0.03847 14.167834 128.0
187 14425.0 -0.340043 0.502926 0.0 0.376759 -0.999089 -9.388053 -0.370723 0.03847 14.167834 128.0
188 14425.0 -0.34606 0.493383 0.0 0.382204 -0.999089 -9.388053 -0.370723 0.03847 14.167834 128.0
189 14425.0 -0.360871 0.517204 0.0 0.338791 -0.999089 -9.388053 -0.370723 0.03847 14.167834 128.0
190 14425.0 -0.396293 0.515306 0.0 0.305657 -0.999089 -9.388053 -0.370723 0.03847 14.167834 128.0
191 14425.0 -0.393069 0.514009 0.0 0.310438 -0.999089 -9.388053 -0.370723 0.03847 14.167834 128.0
192 14425.0 -0.391225 0.531039 0.0 0.291829 -0.999089 -9.388053 -0.370723 0.03847 14.167834 128.0
193 14425.0 -0.411579 0.546838 0.0 0.252507 -0.999089 -9.388053 -0.370723 0.03847 14.167834 128.0
194 14425.0 -0.425033 0.5286 0.0 0.260959 -0.999089 -9.388053 -0.370723 0.03847 14.167834 128.0
195 14425.0 -0.438122 0.5178 0.0 0.260845 -0.999089 -9.388053 -0.370723 0.03847 14.167834 128.0
196 14425.0 -0.434028 0.521362 0.0 0.26066 -0.999089 -9.388053 -0.370723 0.03847 14.167834 128.0
197 14425.0 -0.433335 0.521258 0.0 0.261477 -0.999089 -9.388053 -0.370723 0.03847 14.167834 128.0
198 14425.0 -0.419937 0.529431 0.0 0.265056 -0.999089 -9.388053 -0.370723 0.03847 14.167834 128.0
199 14425.0 -0.425059 0.547178 0.0 0.238622 -0.999089 -9.388053 -0.370723 0.03847 14.167834 128.0
200 14425.0 -0.445095 0.541058 0.0 0.225942 -0.999089 -9.388053 -0.370723 0.03847 14.167834 128.0
201 14425.0 -0.452572 0.546884 0.0 0.21147 -0.999089 -9.388053 -0.370723 0.03847 14.167834 128.0
202 14425.0 -0.446424 0.513832 0.0 0.25731 -0.999089 -9.388053 -0.370723 0.03847 14.167834 128.0
203 14425.0 -0.442222 0.504398 0.0 0.272841 -0.999089 -9.388053 -0.370723 0.03847 14.167834 128.0
204 14425.0 -0.452717 0.540767 0.0 0.218672 -0.999089 -9.388053 -0.370723 0.03847 14.167834 128.0
205 14425.0 -0.441686 0.570683 0.0 0.193771 -0.999089 -9.388053 -0.370723 0.03847 14.167834 128.0
206 14425.0 -0.443576 0.551533 0.0 0.21488 -0.999089 -9.388053 -0.370723 0.03847 14.167834 128.0
207 14425.0 -0.4617 0.53756 0.0 0.213542 -0.999089 -9.388053 -0.370723 0.03847 14.167834 128.0
208 14425.0 -0.474614 0.532248 0.0 0.207011 -0.999089 -9.388053 -0.370723 0.03847 14.167834 128.0
209 14425.0 -0.481313 0.551683 0.0 0.176974 -0.999089 -9.388053 -0.370723 0.03847 14.167834 128.0
210 14425.0 -0.474569 0.554107 0.0 0.180805 -0.999089 -9.388053 -0.370723 0.03847 14.167834 128.0
211 14425.0 -0.490614 0.564784 0.0 0.151941 -0.999089 -9.388053 -0.370723 0.03847 14.167834 128.0
212 14425.0 -0.498598 0.558008 0.0 0.152097 -0.999089 -9.388053 -0.370723 0.03847 14.167834 128.0
213 14425.0 -0.498734 0.533032 0.0 0.181957 -0.999089 -9.388053 -0.370723 0.03847 14.167834 128.0
214 14425.0 -0.509199 0.553668 0.0 0.146711 -0.999089 -9.388053 -0.370723 0.03847 14.167834 128.0
215 14425.0 -0.508912 0.529213 0.0 0.176368 -0.999089 -9.388053 -0.370723 0.03847 14.167834 128.0
216 14425.0 -0.497341 0.519145 0.0 0.200027 -0.999089 -9.388053 -0.370723 0.03847 14.167834 128.0
217 14425.0 -0.517265 0.513234 0.0 0.187208 -0.999089 -9.388053 -0.370723 0.03847 14.167834 128.0
218 14425.0 -0.517016 0.505219 0.0 0.197083 -0.999089 -9.388053 -0.370723 0.03847 14.167834 128.0
219 14425.0 -0.491871 0.497328 0.0 0.231697 -0.999089 -9.388053 -0.370723 0.03847 14.167834 128.0
220 14425.0 -0.509753 0.518696 0.0 0.188158 -0.999089 -9.388053 -0.370723 0.03847 14.167834 128.0
221 14425.0 -0.490469 0.523387 0.0 0.201803 -0.999089 -9.388053 -0.370723 0.03847 14.167834 128.0
222 14425.0 -0.492995 0.51078 0.0 0.214418 -0.999089 -9.388053 -0.370723 0.03847 14.167834 128.0
223 14425.0 -0.483683 0.531337 0.0 0.19904 -0.999089 -9.388053 -0.370723 0.03847 14.167834 128.0
224 14425.0 -0.500322 0.556899 0.0 0.151706 -0.999089 -9.388053 -0.370723 0.03847 14.167834 128.0
225 14425.0 -0.506618 0.562894 0.0 0.138212 -0.999089 -9.388053 -0.370723 0.03847 14.167834 128.0
226 14425.0 -0.504982 0.552293 0.0 0.15258 -0.999089 -9.388053 -0.370723 0.03847 14.167834 128.0
227 14425.0 -0.537225 0.540683 0.0 0.134288 -0.999089 -9.388053 -0.370723 0.03847 14.167834 128.0
228 14425.0 -0.552364 0.524282 0.0 0.13885 -0.999089 -9.388053 -0.370723 0.03847 14.167834 128.0
229 14425.0 -0.588331 0.51507 0.0 0.113957 -0.999089 -9.388053 -0.370723 0.03847 14.167834 128.0
230 14425.0 -0.579266 0.522884 0.0 0.113635 -0.999089 -9.388053 -0.370723 0.03847 14.167834 128.0
231 14425.0 -0.580271 0.513813 0.0 0.123524 -0.999089 -9.388053 -0.370723 0.03847 14.167834 128.0
232 14425.0 -0.587289 0.494056 0.0 0.140235 -0.999089 -9.388053 -0.370723 0.03847 14.167834 128.0
233 14425.0 -0.593156 0.493384 0.0 0.135177 -0.999089 -9.388053 -0.370723 0.03847 14.167834 128.0
234 14425.0 -0.594791 0.507261 0.0 0.116877 -0.999089 -9.388053 -0.370723 0.03847 14.167834 128.0
235 14425.0 -0.608956 0.504917 0.0 0.105531 -0.999089 -9.388053 -0.370723 0.03847 14.167834 128.0
236 14425.0 -0.614522 0.510637 0.0 0.093097 -0.999089 -9.388053 -0.370723 0.03847 14.167834 128.0
237 14425.0 -0.641393 0.525811 0.0 0.04801 -0.999089 -9.388053 -0.370723 0.03847 14.167834 128.0
238 14425.0 -0.651858 0.520248 0.0 0.04423 -0.999089 -9.388053 -0.370723 0.03847 14.167834 128.0
239 14425.0 -0.646501 0.512129 0.0 0.059335 -0.999089 -9.388053 -0.370723 0.03847 14.167834 128.0
240 14425.0 -0.656711 0.514364 0.0 0.046444 -0.999089 -9.388053 -0.370723 0.03847 14.167834 128.0
241 14425.0 -0.674154 0.522384 0.0 0.019374 -0.999089 -9.388053 -0.370723 0.03847 14.167834 128.0
242 14425.0 -0.706959 0.516118 0.0 -0.005897 -0.999089 -9.388053 -0.370723 0.03847 14.167834 128.0
243 14425.0 -0.709534 0.526682 0.0 -0.021158 -0.999089 -9.388053 -0.370723 0.03847 14.167834 128.0
244 14425.0 -0.719942 0.52499 0.0 -0.029531 -0.999089 -9.388053 -0.370723 0.03847 14.167834 128.0
245 14425.0 -0.711032 0.55265 0.0 -0.053842 -0.999089 -9.388053 -0.370723 0.03847 14.167834 128.0
246 14425.0 -0.713294 0.583042 0.0 -0.092602 -0.999089 -9.388053 -0.370723 0.03847 14.167834 128.0
247 14425.0 -0.727081 0.603932 0.0 -0.131474 -0.999089 -9.388053 -0.370723 0.03847 14.167834 128.0
248 14425.0 -0.732084 0.600645 0.0 -0.132528 -0.999089 -9.388053 -0.370723 0.03847 14.167834 128.0
249 14425.0 -0.739902 0.599304 0.0 -0.138733 -0.999089 -9.388053 -0.370723 0.03847 14.167834 128.0
250 14425.0 -0.72906 0.612681 0.0 -0.143961 -0.999089 -9.388053 -0.370723 0.03847 14.167834 128.0
251 14425.0 -0.741355 0.616648 0.0 -0.161061 -0.999089 -9.388053 -0.370723 0.03847 14.167834 128.0
252 14425.0 -0.762488 0.634897 0.0 -0.204259 -0.999089 -9.388053 -0.370723 0.03847 14.167834 128.0
253 14425.0 -0.738402 0.627553 0.0 -0.171758 -0.999089 -9.388053 -0.370723 0.03847 14.167834 128.0
254 14425.0 -0.761239 0.645467 0.0 -0.214424 -0.999089 -9.388053 -0.370723 0.03847 14.167834 128.0
255 14425.0 -0.758981 0.648635 0.0 -0.215808 -0.999089 -9.388053 -0.370723 0.03847 14.167834 128.0
256 14425.0 -0.759417 0.662652 0.0 -0.231136 -0.999089 -9.388053 -0.370723 0.03847 14.167834 128.0
257 14425.0 -0.774086 0.643829 0.0 -0.224022 -0.999089 -9.388053 -0.370723 0.03847 14.167834 128.0
258 14425.0 -0.783273 0.638268 0.0 -0.226204 -0.999089 -9.388053 -0.370723 0.03847 14.167834 128.0
259 14425.0 -0.773145 0.631105 0.0 -0.209626 -0.999089 -9.388053 -0.370723 0.03847 14.167834 128.0
260 14425.0 -0.805766 0.629779 0.0 -0.237016 -0.999089 -9.388053 -0.370723 0.03847 14.167834 128.0
261 14425.0 -0.790827 0.643341 0.0 -0.238283 -0.999089 -9.388053 -0.370723 0.03847 14.167834 128.0
262 14425.0 -0.818255 0.628256 0.0 -0.246419 -0.999089 -9.388053 -0.370723 0.03847 14.167834 128.0
263 14425.0 -0.82218 0.644573 0.0 -0.267279 -0.999089 -9.388053 -0.370723 0.03847 14.167834 128.0
264 14425.0 -0.80877 0.646732 0.0 -0.25774 -0.999089 -9.388053 -0.370723 0.03847 14.167834 128.0
265 14425.0 -0.801389 0.634896 0.0 -0.238606 -0.999089 -9.388053 -0.370723 0.03847 14.167834 128.0
266 14425.0 -0.8151 0.649725 0.0 -0.266521 -0.999089 -9.388053 -0.370723 0.03847 14.167834 128.0
267 14425.0 -0.814719 0.672537 0.0 -0.290503 -0.999089 -9.388053 -0.370723 0.03847 14.167834 128.0
268 14425.0 -0.819368 0.670126 0.0 -0.292038 -0.999089 -9.388053 -0.370723 0.03847 14.167834 128.0
269 14425.0 -0.819599 0.648042 0.0 -0.268699 -0.999089 -9.388053 -0.370723 0.03847 14.167834 128.0
270 14425.0 -0.817005 0.642763 0.0 -0.260781 -0.999089 -9.388053 -0.370723 0.03847 14.167834 128.0
271 14425.0 -0.814824 0.672402 0.0 -0.290452 -0.999089 -9.388053 -0.370723 0.03847 14.167834 128.0
272 14425.0 -0.820238 0.654134 0.0 -0.275758 -0.999089 -9.388053 -0.370723 0.03847 14.167834 128.0
273 14425.0 -0.824065 0.667744 0.0 -0.293645 -0.999089 -9.388053 -0.370723 0.03847 14.167834 128.0
274 14425.0 -0.845157 0.675972 0.0 -0.321041 -0.999089 -9.388053 -0.370723 0.03847 14.167834 128.0
275 14425.0 -0.850452 0.690086 0.0 -0.340762 -0.999089 -9.388053 -0.370723 0.03847 14.167834 128.0
276 14425.0 -0.863191 0.694434 0.0 -0.35828 -0.999089 -9.388053 -0.370723 0.03847 14.167834 128.0
277 14425.0 -0.869563 0.679537 0.0 -0.346391 -0.999089 -9.388053 -0.370723 0.03847 14.167834 128.0
278 14425.0 -0.866632 0.689093 0.0 -0.354218 -0.999089 -9.388053 -0.370723 0.03847 14.167834 128.0
279 14425.0 -0.880073 0.685218 0.0 -0.36191 -0.999089 -9.388053 -0.370723 0.03847 14.167834 128.0
280 14425.0 -0.860727 0.692341 0.0 -0.352982 -0.999089 -9.388053 -0.370723 0.03847 14.167834 128.0
281 14425.0 -0.821368 0.696685 0.0 -0.322116 -0.999089 -9.388053 -0.370723 0.03847 14.167834 128.0
282 14425.0 -0.835221 0.692343 0.0 -0.32972 -0.999089 -9.388053 -0.370723 0.03847 14.167834 128.0
283 14425.0 -0.858851 0.716991 0.0 -0.385341 -0.999089 -9.388053 -0.370723 0.03847 14.167834 128.0
284 14425.0 -0.867258 0.688734 0.0 -0.354328 -0.999089 -9.388053 -0.370723 0.03847 14.167834 128.0
285 14425.0 -0.878283 0.670403 0.0 -0.344353 -0.999089 -9.388053 -0.370723 0.03847 14.167834 128.0
286 14425.0 -0.878801 0.665761 0.0 -0.339861 -0.999089 -9.388053 -0.370723 0.03847 14.167834 128.0
287 14425.0 -0.903641 0.678839 0.0 -0.375973 -0.999089 -9.388053 -0.370723 0.03847 14.167834 128.0
