 time p.x p.y p.z deep.node-0 CV opes.bias opes.rct opes.zed opes.neff opes.nker
0 8780.0 -0.304617 0.509827 0.0 0.403887 -1.312976 -12.413636 -0.320951 0.036748 14.167834 134.0
1 8780.0 -0.331646 0.510339 0.0 0.376251 -1.312976 -12.413636 -0.320951 0.036748 14.167834 134.0
2 8780.0 -0.3407 0.496219 0.0 0.384158 -1.312976 -12.413636 -0.320951 0.036748 14.167834 134.0
3 8780.0 -0.352589 0.488352 0.0 0.38172 -1.312976 -12.413636 -0.320951 0.036748 14.167834 134.0
4 8780.0 -0.388627 0.532389 0.0 0.292805 -1.312976 -12.413636 -0.320951 0.036748 14.167834 134.0
5 8780.0 -0.409145 0.525482 0.0 0.280588 -1.312976 -12.413636 -0.320951 0.036748 14.167834 134.0
6 8780.0 -0.412984 0.515484 0.0 0.288758 -1.312976 -12.413636 -0.320951 0.036748 14.167834 134.0
7 8780.0 -0.410822 0.516828 0.0 0.289304 -1.312976 -12.413636 -0.320951 0.036748 14.167834 134.0
8 8780.0 -0.395408 0.513559 0.0 0.30864 -1.312976 -12.413636 -0.320951 0.036748 14.167834 134.0
9 8780.0 -0.413204 0.509976 0.0 0.295152 -1.312976 -12.413636 -0.320951 0.036748 14.167834 134.0
10 8780.0 -0.431508 0.556932 0.0 0.220461 -1.312976 -12.413636 -0.320951 0.036748 14.167834 134.0
11 8780.0 -0.443698 0.530198 0.0 0.240381 -1.312976 -12.413636 -0.320951 0.036748 14.167834 134.0
12 8780.0 -0.452127 0.50884 0.0 0.257604 -1.312976 -12.413636 -0.320951 0.036748 14.167834 134.0
13 8780.0 -0.42968 0.493938 0.0 0.297941 -1.312976 -12.413636 -0.320951 0.036748 14.167834 134.0
14 8780.0 -0.422797 0.494292 0.0 0.304399 -1.312976 -12.413636 -0.320951 0.036748 14.167834 134.0
15 8780.0 -0.43138 0.51356 0.0 0.272678 -1.312976 -12.413636 -0.320951 0.036748 14.167834 134.0
16 8780.0 -0.452228 0.500002 0.0 0.268117 -1.312976 -12.413636 -0.320951 0.036748 14.167834 134.0
17 8780.0 -0.43097 0.540745 0.0 0.240439 -1.312976 -12.413636 -0.320951 0.036748 14.167834 134.0
18 8780.0 -0.435134 0.516876 0.0 0.264942 -1.312976 -12.413636 -0.320951 0.036748 14.167834 134.0
19 8780.0 -0.43219 0.510407 0.0 0.275654 -1.312976 -12.413636 -0.320951 0.036748 14.167834 134.0
20 8780.0 -0.454112 0.481695 0.0 0.28822 -1.312976 -12.413636 -0.320951 0.036748 14.167834 134.0
21 8780.0 -0.452616 0.511965 0.0 0.253363 -1.312976 -12.413636 -0.320951 0.036748 14.167834 134.0
22 8780.0 -0.445807 0.513862 0.0 0.257891 -1.312976 -12.413636 -0.320951 0.036748 14.167834 134.0
23 8780.0 -0.429039 0.509045 0.0 0.28044 -1.312976 -12.413636 -0.320951 0.036748 14.167834 134.0
24 8780.0 -0.434606 0.506948 0.0 0.277393 -1.312976 -12.413636 -0.320951 0.036748 14.167834 134.0
25 8780.0 -0.455354 0.503576 0.0 0.2607 -1.312976 -12.413636 -0.320951 0.036748 14.167834 134.0
26 8780.0 -0.477727 0.498189 0.0 0.244803 -1.312976 -12.413636 -0.320951 0.036748 14.167834 134.0
27 8780.0 -0.476001 0.535615 0.0 0.201581 -1.312976 -12.413636 -0.320951 0.036748 14.167834 134.0
28 8780.0 -0.505558 0.522005 0.0 0.188378 -1.312976 -12.413636 -0.320951 0.036748 14.167834 134.0
29 8780.0 -0.520806 0.531794 0.0 0.161378 -1.312976 -12.413636 -0.320951 0.036748 14.167834 134.0
30 8780.0 -0.545986 0.533505 0.0 0.13415 -1.312976 -12.413636 -0.320951 0.036748 14.167834 134.0
31 8780.0 -0.568688 0.536492 0.0 0.107867 -1.312976 -12.413636 -0.320951 0.036748 14.167834 134.0
32 8780.0 -0.573651 0.542198 0.0 0.096053 -1.312976 -12.413636 -0.320951 0.036748 14.167834 134.0
33 8780.0 -0.590208 0.527288 0.0 0.097407 -1.312976 -12.413636 -0.320951 0.036748 14.167834 134.0
34 8780.0 -0.584613 0.523309 0.0 0.10778 -1.312976 -12.413636 -0.320951 0.036748 14.167834 134.0
35 8780.0 -0.603471 0.531407 0.0 0.079201 -1.312976 -12.413636 -0.320951 0.036748 14.167834 134.0
36 8780.0 -0.615728 0.508191 0.0 0.094828 -1.312976 -12.413636 -0.320951 0.036748 14.167834 134.0
37 8780.0 -0.625855 0.514812 0.0 0.076754 -1.312976 -12.413636 -0.320951 0.036748 14.167834 134.0
38 8780.0 -0.627859 0.540284 0.0 0.044159 -1.312976 -12.413636 -0.320951 0.036748 14.167834 134.0
39 8780.0 -0.642106 0.540931 0.0 0.029139 -1.312976 -12.413636 -0.320951 0.036748 14.167834 134.0
40 8780.0 -0.637437 0.535306 0.0 0.040563 -1.312976 -12.413636 -0.320951 0.036748 14.167834 134.0
41 8780.0 -0.650795 0.539432 0.0 0.022253 -1.312976 -12.413636 -0.320951 0.036748 14.167834 134.0
42 8780.0 -0.661424 0.558102 0.0 -0.010795 -1.312976 -12.413636 -0.320951 0.036748 14.167834 134.0
43 8780.0 -0.67357 0.566089 0.0 -0.03253 -1.312976 -12.413636 -0.320951 0.036748 14.167834 134.0
44 8780.0 -0.654849 0.57412 0.0 -0.02346 -1.312976 -12.413636 -0.320951 0.036748 14.167834 134.0
45 8780.0 -0.65251 0.581972 0.0 -0.030551 -1.312976 -12.413636 -0.320951 0.036748 14.167834 134.0
46 8780.0 -0.647571 0.606579 0.0 -0.055166 -1.312976 -12.413636 -0.320951 0.036748 14.167834 134.0
47 8780.0 -0.674158 0.613264 0.0 -0.089774 -1.312976 -12.413636 -0.320951 0.036748 14.167834 134.0
48 8780.0 -0.665821 0.60053 0.0 -0.066146 -1.312976 -12.413636 -0.320951 0.036748 14.167834 134.0
49 8780.0 -0.685313 0.615915 0.0 -0.104109 -1.312976 -12.413636 -0.320951 0.036748 14.167834 134.0
50 8780.0 -0.716296 0.624117 0.0 -0.144998 -1.312976 -12.413636 -0.320951 0.036748 14.167834 134.0
51 8780.0 -0.693621 0.630973 0.0 -0.130585 -1.312976 -12.413636 -0.320951 0.036748 14.167834 134.0
52 8780.0 -0.693261 0.645851 0.0 -0.148904 -1.312976 -12.413636 -0.320951 0.036748 14.167834 134.0
53 8780.0 -0.700899 0.657686 0.0 -0.17152 -1.312976 -12.413636 -0.320951 0.036748 14.167834 134.0
54 8780.0 -0.724182 0.653009 0.0 -0.189286 -1.312976 -12.413636 -0.320951 0.036748 14.167834 134.0
55 8780.0 -0.729685 0.640289 0.0 -0.1789 -1.312976 -12.413636 -0.320951 0.036748 14.167834 134.0
56 8780.0 -0.76589 0.660384 0.0 -0.234433 -1.312976 -12.413636 -0.320951 0.036748 14.167834 134.0
57 8780.0 -0.757637 0.672758 0.0 -0.240337 -1.312976 -12.413636 -0.320951 0.036748 14.167834 134.0
58 8780.0 -0.778983 0.668289 0.0 -0.254421 -1.312976 -12.413636 -0.320951 0.036748 14.167834 134.0
59 8780.0 -0.792792 0.662296 0.0 -0.260225 -1.312976 -12.413636 -0.320951 0.036748 14.167834 134.0
60 8780.0 -0.762047 0.645845 0.0 -0.215541 -1.312976 -12.413636 -0.320951 0.036748 14.167834 134.0
61 8780.0 -0.762551 0.630511 0.0 -0.199639 -1.312976 -12.413636 -0.320951 0.036748 14.167834 134.0
62 8780.0 -0.748982 0.604702 0.0 -0.154294 -1.312976 -12.413636 -0.320951 0.036748 14.167834 134.0
63 8780.0 -0.763763 0.631663 0.0 -0.201936 -1.312976 -12.413636 -0.320951 0.036748 14.167834 134.0
64 8780.0 -0.760153 0.647274 0.0 -0.215392 -1.312976 -12.413636 -0.320951 0.036748 14.167834 134.0
65 8780.0 -0.759147 0.636009 0.0 -0.202495 -1.312976 -12.413636 -0.320951 0.036748 14.167834 134.0
66 8780.0 -0.774215 0.619232 0.0 -0.19767 -1.312976 -12.413636 -0.320951 0.036748 14.167834 134.0
67 8780.0 -0.756423 0.616587 0.0 -0.176284 -1.312976 -12.413636 -0.320951 0.036748 14.167834 134.0
68 8780.0 -0.773377 0.63451 0.0 -0.21346 -1.312976 -12.413636 -0.320951 0.036748 14.167834 134.0
69 8780.0 -0.80251 0.621897 0.0 -0.225738 -1.312976 -12.413636 -0.320951 0.036748 14.167834 134.0
70 8780.0 -0.815339 0.621005 0.0 -0.236115 -1.312976 -12.413636 -0.320951 0.036748 14.167834 134.0
71 8780.0 -0.813877 0.635874 0.0 -0.250675 -1.312976 -12.413636 -0.320951 0.036748 14.167834 134.0
72 8780.0 -0.81721 0.629925 0.0 -0.247276 -1.312976 -12.413636 -0.320951 0.036748 14.167834 134.0
73 8780.0 -0.787799 0.61049 0.0 -0.200484 -1.312976 -12.413636 -0.320951 0.036748 14.167834 134.0
74 8780.0 -0.810997 0.617989 0.0 -0.229066 -1.312976 -12.413636 -0.320951 0.036748 14.167834 134.0
75 8780.0 -0.807312 0.631014 0.0 -0.239697 -1.312976 -12.413636 -0.320951 0.036748 14.167834 134.0
76 8780.0 -0.797233 0.637059 0.0 -0.237242 -1.312976 -12.413636 -0.320951 0.036748 14.167834 134.0
77 8780.0 -0.790952 0.633782 0.0 -0.228203 -1.312976 -12.413636 -0.320951 0.036748 14.167834 134.0
78 8780.0 -0.782513 0.644536 0.0 -0.232216 -1.312976 -12.413636 -0.320951 0.036748 14.167834 134.0
79 8780.0 -0.795704 0.644496 0.0 -0.24382 -1.312976 -12.413636 -0.320951 0.036748 14.167834 134.0
80 8780.0 -0.817897 0.65512 0.0 -0.274742 -1.312976 -12.413636 -0.320951 0.036748 14.167834 134.0
81 8780.0 -0.822681 0.670074 0.0 -0.294908 -1.312976 -12.413636 -0.320951 0.036748 14.167834 134.0
82 8780.0 -0.83006 0.671903 0.0 -0.303373 -1.312976 -12.413636 -0.320951 0.036748 14.167834 134.0
83 8780.0 -0.864253 0.674267 0.0 -0.336083 -1.312976 -12.413636 -0.320951 0.036748 14.167834 134.0
84 8780.0 -0.880885 0.691026 0.0 -0.370753 -1.312976 -12.413636 -0.320951 0.036748 14.167834 134.0
85 8780.0 -0.886954 0.678465 0.0 -0.360603 -1.312976 -12.413636 -0.320951 0.036748 14.167834 134.0
86 8780.0 -0.89891 0.690633 0.0 -0.387731 -1.312976 -12.413636 -0.320951 0.036748 14.167834 134.0
87 8780.0 -0.905118 0.704458 0.0 -0.412936 -1.312976 -12.413636 -0.320951 0.036748 14.167834 134.0
88 8780.0 -0.919415 0.697923 0.0 -0.417309 -1.312976 -12.413636 -0.320951 0.036748 14.167834 134.0
89 8780.0 -0.911075 0.717864 0.0 -0.436822 -1.312976 -12.413636 -0.320951 0.036748 14.167834 134.0
90 8780.0 -0.909686 0.7277 0.0 -0.448964 -1.312976 -12.413636 -0.320951 0.036748 14.167834 134.0
91 8780.0 -0.897117 0.743153 0.0 -0.458443 -1.312976 -12.413636 -0.320951 0.036748 14.167834 134.0
92 8780.0 -0.90233 0.767773 0.0 -0.496869 -1.312976 -12.413636 -0.320951 0.036748 14.167834 134.0
93 8780.0 -0.898522 0.763188 0.0 -0.487091 -1.312976 -12.413636 -0.320951 0.036748 14.167834 134.0
94 8780.0 -0.903197 0.787279 0.0 -0.524297 -1.312976 -12.413636 -0.320951 0.036748 14.167834 134.0
95 8780.0 -0.918303 0.784378 0.0 -0.5343 -1.312976 -12.413636 -0.320951 0.036748 14.167834 134.0
96 8780.0 -0.920205 0.800046 0.0 -0.558362 -1.312976 -12.413636 -0.320951 0.036748 14.167834 134.0
97 8780.0 -0.931739 0.813941 0.0 -0.590719 -1.312976 -12.413636 -0.320951 0.036748 14.167834 134.0
98 8780.0 -0.941359 0.827354 0.0 -0.620498 -1.312976 -12.413636 -0.320951 0.036748 14.167834 134.0
99 8780.0 -0.94988 0.844537 0.0 -0.654996 -1.312976 -12.413636 -0.320951 0.036748 14.167834 134.0
100 8780.0 -0.914521 0.898554 0.0 -0.700388 -1.312976 -12.413636 -0.320951 0.036748 14.167834 134.0
101 8780.0 -0.914283 0.918462 0.0 -0.727602 -1.312976 -12.413636 -0.320951 0.036748 14.167834 134.0
102 8780.0 -0.922901 0.964547 0.0 -0.79303 -1.312976 -12.413636 -0.320951 0.036748 14.167834 134.0
103 8780.0 -0.912063 0.973702 0.0 -0.794069 -1.312976 -12.413636 -0.320951 0.036748 14.167834 134.0
104 8780.0 -0.902483 0.98141 0.0 -0.79461 -1.312976 -12.413636 -0.320951 0.036748 14.167834 134.0
105 8780.0 -0.902366 1.00487 0.0 -0.817581 -1.312976 -12.413636 -0.320951 0.036748 14.167834 134.0
106 8780.0 -0.889651 1.030534 0.0 -0.833467 -1.312976 -12.413636 -0.320951 0.036748 14.167834 134.0
107 8780.0 -0.893873 1.052818 0.0 -0.858468 -1.312976 -12.413636 -0.320951 0.036748 14.167834 134.0
108 8780.0 -0.866993 1.083184 0.0 -0.868574 -1.312976 -12.413636 -0.320951 0.036748 14.167834 134.0
109 8780.0 -0.880103 1.111472 0.0 -0.906003 -1.312976 -12.413636 -0.320951 0.036748 14.167834 134.0
110 8780.0 -0.852797 1.13503 0.0 -0.909104 -1.312976 -12.413636 -0.320951 0.036748 14.167834 134.0
111 8780.0 -0.826193 1.156323 0.0 -0.910495 -1.312976 -12.413636 -0.320951 0.036748 14.167834 134.0
112 8780.0 -0.83776 1.191708 0.0 -0.953766 -1.312976 -12.413636 -0.320951 0.036748 14.167834 134.0
113 8780.0 -0.835598 1.195578 0.0 -0.955982 -1.312976 -12.413636 -0.320951 0.036748 14.167834 134.0
114 8780.0 -0.808722 1.206666 0.0 -0.947144 -1.312976 -12.413636 -0.320951 0.036748 14.167834 134.0
115 8780.0 -0.769732 1.214963 0.0 -0.926668 -1.312976 -12.413636 -0.320951 0.036748 14.167834 134.0
116 8780.0 -0.770207 1.234057 0.0 -0.945782 -1.312976 -12.413636 -0.320951 0.036748 14.167834 134.0
117 8780.0 -0.77295 1.231047 0.0 -0.944838 -1.312976 -12.413636 -0.320951 0.036748 14.167834 134.0
118 8780.0 -0.759165 1.222599 0.0 -0.926413 -1.312976 -12.413636 -0.320951 0.036748 14.167834 134.0
119 8780.0 -0.767001 1.25337 0.0 -0.960733 -1.312976 -12.413636 -0.320951 0.036748 14.167834 134.0
120 8780.0 -0.752898 1.283384 0.0 -0.971047 -1.312976 -12.413636 -0.320951 0.036748 14.167834 134.0
121 8780.0 -0.745153 1.300813 0.0 -0.977171 -1.312976 -12.413636 -0.320951 0.036748 14.167834 134.0
122 8780.0 -0.738964 1.28982 0.0 -0.9659 -1.312976 -12.413636 -0.320951 0.036748 14.167834 134.0
123 8780.0 -0.722106 1.300445 0.0 -0.961515 -1.312976 -12.413636 -0.320951 0.036748 14.167834 134.0
124 8780.0 -0.689751 1.308051 0.0 -0.944805 -1.312976 -12.413636 -0.320951 0.036748 14.167834 134.0
125 8780.0 -0.676473 1.322224 0.0 -0.945115 -1.312976 -12.413636 -0.320951 0.036748 14.167834 134.0
126 8780.0 -0.678076 1.287135 0.0 -0.923429 -1.312976 -12.413636 -0.320951 0.036748 14.167834 134.0
127 8780.0 -0.660898 1.290469 0.0 -0.9141 -1.312976 -12.413636 -0.320951 0.036748 14.167834 134.0
128 8780.0 -0.651316 1.309247 0.0 -0.91987 -1.312976 -12.413636 -0.320951 0.036748 14.167834 134.0
129 8780.0 -0.643053 1.307564 0.0 -0.913251 -1.312976 -12.413636 -0.320951 0.036748 14.167834 134.0
130 8780.0 -0.63707 1.336596 0.0 -0.928078 -1.312976 -12.413636 -0.320951 0.036748 14.167834 134.0
131 8780.0 -0.641399 1.365825 0.0 -0.953404 -1.312976 -12.413636 -0.320951 0.036748 14.167834 134.0
132 8780.0 -0.628655 1.346757 0.0 -0.929039 -1.312976 -12.413636 -0.320951 0.036748 14.167834 134.0
133 8780.0 -0.625741 1.352233 0.0 -0.931208 -1.312976 -12.413636 -0.320951 0.036748 14.167834 134.0
134 8780.0 -0.606523 1.384518 0.0 -0.948055 -1.312976 -12.413636 -0.320951 0.036748 14.167834 134.0
135 8780.0 -0.609438 1.399151 0.0 -0.961236 -1.312976 -12.413636 -0.320951 0.036748 14.167834 134.0
136 8780.0 -0.59932 1.386846 0.0 -0.945566 -1.312976 -12.413636 -0.320951 0.036748 14.167834 134.0
137 8780.0 -0.601496 1.371993 0.0 -0.933443 -1.312976 -12.413636 -0.320951 0.036748 14.167834 134.0
138 8780.0 -0.626065 1.351222 0.0 -0.930504 -1.312976 -12.413636 -0.320951 0.036748 14.167834 134.0
139 8780.0 -0.620121 1.349432 0.0 -0.925112 -1.312976 -12.413636 -0.320951 0.036748 14.167834 134.0
140 8780.0 -0.621693 1.368476 0.0 -0.943259 -1.312976 -12.413636 -0.320951 0.036748 14.167834 134.0
141 8780.0 -0.599399 1.351724 0.0 -0.913321 -1.312976 -12.413636 -0.320951 0.036748 14.167834 134.0
142 8780.0 -0.599453 1.360497 0.0 -0.921446 -1.312976 -12.413636 -0.320951 0.036748 14.167834 134.0
143 8780.0 -0.59078 1.349273 0.0 -0.905167 -1.312976 -12.413636 -0.320951 0.036748 14.167834 134.0
144 8780.0 -0.59435 1.372755 0.0 -0.929259 -1.312976 -12.413636 -0.320951 0.036748 14.167834 134.0
145 8780.0 -0.61576 1.372681 0.0 -0.943272 -1.312976 -12.413636 -0.320951 0.036748 14.167834 134.0
146 8780.0 -0.603397 1.406335 0.0 -0.961885 -1.312976 -12.413636 -0.320951 0.036748 14.167834 134.0
147 8780.0 -0.590505 1.406805 0.0 -0.954671 -1.312976 -12.413636 -0.320951 0.036748 14.167834 134.0
148 8780.0 -0.580248 1.395959 0.0 -0.940772 -1.312976 -12.413636 -0.320951 0.036748 14.167834 134.0
149 8780.0 -0.566022 1.425789 0.0 -0.949537 -1.312976 -12.413636 -0.320951 0.036748 14.167834 134.0
150 8780.0 -0.56086 1.422247 0.0 -0.944088 -1.312976 -12.413636 -0.320951 0.036748 14.167834 134.0
151 8780.0 -0.538844 1.442149 0.0 -0.929885 -1.312976 -12.413636 -0.320951 0.036748 14.167834 134.0
152 8780.0 -0.54339 1.444038 0.0 -0.934178 -1.312976 -12.413636 -0.320951 0.036748 14.167834 134.0
153 8780.0 -0.557418 1.458355 0.0 -0.9489 -1.312976 -12.413636 -0.320951 0.036748 14.167834 134.0
154 8780.0 -0.544949 1.469907 0.0 -0.940032 -1.312976 -12.413636 -0.320951 0.036748 14.167834 134.0
155 8780.0 -0.541037 1.470379 0.0 -0.936703 -1.312976 -12.413636 -0.320951 0.036748 14.167834 134.0
156 8780.0 -0.537626 1.47172 0.0 -0.933961 -1.312976 -12.413636 -0.320951 0.036748 14.167834 134.0
157 8780.0 -0.518048 1.480215 0.0 -0.918362 -1.312976 -12.413636 -0.320951 0.036748 14.167834 134.0
158 8780.0 -0.502432 1.483355 0.0 -0.905289 -1.312976 -12.413636 -0.320951 0.036748 14.167834 134.0
159 8780.0 -0.493012 1.466925 0.0 -0.894218 -1.312976 -12.413636 -0.320951 0.036748 14.167834 134.0
160 8780.0 -0.475044 1.483612 0.0 -0.881447 -1.312976 -12.413636 -0.320951 0.036748 14.167834 134.0
161 8780.0 -0.455963 1.483357 0.0 -0.864761 -1.312976 -12.413636 -0.320951 0.036748 14.167834 134.0
162 8780.0 -0.454642 1.494808 0.0 -0.865599 -1.312976 -12.413636 -0.320951 0.036748 14.167834 134.0
163 8780.0 -0.472125 1.501983 0.0 -0.882094 -1.312976 -12.413636 -0.320951 0.036748 14.167834 134.0
164 8780.0 -0.48676 1.499717 0.0 -0.894463 -1.312976 -12.413636 -0.320951 0.036748 14.167834 134.0
165 8780.0 -0.505558 1.482095 0.0 -0.907796 -1.312976 -12.413636 -0.320951 0.036748 14.167834 134.0
166 8780.0 -0.495618 1.474794 0.0 -0.897858 -1.312976 -12.413636 -0.320951 0.036748 14.167834 134.0
167 8780.0 -0.477581 1.47637 0.0 -0.882401 -1.312976 -12.413636 -0.320951 0.036748 14.167834 134.0
168 8780.0 -0.503548 1.482955 0.0 -0.906192 -1.312976 -12.413636 -0.320951 0.036748 14.167834 134.0
169 8780.0 -0.500369 1.468605 0.0 -0.900926 -1.312976 -12.413636 -0.320951 0.036748 14.167834 134.0
170 8780.0 -0.531771 1.459629 0.0 -0.926754 -1.312976 -12.413636 -0.320951 0.036748 14.167834 134.0
171 8780.0 -0.510869 1.446513 0.0 -0.906246 -1.312976 -12.413636 -0.320951 0.036748 14.167834 134.0
172 8780.0 -0.532492 1.453424 0.0 -0.926304 -1.312976 -12.413636 -0.320951 0.036748 14.167834 134.0
173 8780.0 -0.547961 1.449228 0.0 -0.939067 -1.312976 -12.413636 -0.320951 0.036748 14.167834 134.0
174 8780.0 -0.517707 1.42295 0.0 -0.908115 -1.312976 -12.413636 -0.320951 0.036748 14.167834 134.0
175 8780.0 -0.534974 1.414357 0.0 -0.920571 -1.312976 -12.413636 -0.320951 0.036748 14.167834 134.0
176 8780.0 -0.524929 1.419398 0.0 -0.913797 -1.312976 -12.413636 -0.320951 0.036748 14.167834 134.0
177 8780.0 -0.50933 1.425345 0.0 -0.901224 -1.312976 -12.413636 -0.320951 0.036748 14.167834 134.0
178 8780.0 -0.534082 1.429026 0.0 -0.923452 -1.312976 -12.413636 -0.320951 0.036748 14.167834 134.0
179 8780.0 -0.559407 1.452361 0.0 -0.949593 -1.312976 -12.413636 -0.320951 0.036748 14.167834 134.0
180 8780.0 -0.52262 1.454787 0.0 -0.917932 -1.312976 -12.413636 -0.320951 0.036748 14.167834 134.0
181 8780.0 -0.510691 1.470263 0.0 -0.910216 -1.312976 -12.413636 -0.320951 0.036748 14.167834 134.0
182 8780.0 -0.507365 1.460238 0.0 -0.905574 -1.312976 -12.413636 -0.320951 0.036748 14.167834 134.0
183 8780.0 -0.515116 1.467394 0.0 -0.913577 -1.312976 -12.413636 -0.320951 0.036748 14.167834 134.0
184 8780.0 -0.513628 1.485585 0.0 -0.91544 -1.312976 -12.413636 -0.320951 0.036748 14.167834 134.0
185 8780.0 -0.515696 1.473951 0.0 -0.915222 -1.312976 -12.413636 -0.320951 0.036748 14.167834 134.0
186 8780.0 -0.508689 1.49 0.0 -0.911901 -1.312976 -12.413636 -0.320951 0.036748 14.167834 134.0
187 8780.0 -0.526004 1.486541 0.0 -0.9264 -1.312976 -12.413636 -0.320951 0.036748 14.167834 134.0
188 8780.0 -0.534465 1.44112 0.0 -0.925888 -1.312976 -12.413636 -0.320951 0.036748 14.167834 134.0
189 8780.0 -0.512988 1.436024 0.0 -0.906271 -1.312976 -12.413636 -0.320951 0.036748 14.167834 134.0
190 8780.0 -0.555958 1.435045 0.0 -0.943577 -1.312976 -12.413636 -0.320951 0.036748 14.167834 134.0
191 8780.0 -0.54609 1.420215 0.0 -0.931623 -1.312976 -12.413636 -0.320951 0.036748 14.167834 134.0
192 8780.0 -0.534293 1.422988 0.0 -0.922586 -1.312976 -12.413636 -0.320951 0.036748 14.167834 134.0
193 8780.0 -0.53526 1.436085 0.0 -0.925706 -1.312976 -12.413636 -0.320951 0.036748 14.167834 134.0
194 8780.0 -0.541838 1.44716 0.0 -0.933367 -1.312976 -12.413636 -0.320951 0.036748 14.167834 134.0
195 8780.0 -0.552754 1.451168 0.0 -0.943584 -1.312976 -12.413636 -0.320951 0.036748 14.167834 134.0
196 8780.0 -0.53615 1.420805 0.0 -0.923827 -1.312976 -12.413636 -0.320951 0.036748 14.167834 134.0
197 8780.0 -0.552429 1.424826 0.0 -0.938416 -1.312976 -12.413636 -0.320951 0.036748 14.167834 134.0
198 8780.0 -0.534709 1.41808 0.0 -0.921799 -1.312976 -12.413636 -0.320951 0.036748 14.167834 134.0
199 8780.0 -0.527231 1.420644 0.0 -0.91602 -1.312976 -12.413636 -0.320951 0.036748 14.167834 134.0
200 8780.0 -0.534032 1.409866 0.0 -0.918092 -1.312976 -12.413636 -0.320951 0.036748 14.167834 134.0
201 8780.0 -0.532913 1.420401 0.0 -0.920934 -1.312976 -12.413636 -0.320951 0.036748 14.167834 134.0
202 8780.0 -0.527726 1.421163 0.0 -0.916542 -1.312976 -12.413636 -0.320951 0.036748 14.167834 134.0
203 8780.0 -0.522702 1.427367 0.0 -0.913238 -1.312976 -12.413636 -0.320951 0.036748 14.167834 134.0
204 8780.0 -0.53335 1.420093 0.0 -0.921261 -1.312976 -12.413636 -0.320951 0.036748 14.167834 134.0
205 8780.0 -0.557591 1.445162 0.0 -0.946759 -1.312976 -12.413636 -0.320951 0.036748 14.167834 134.0
206 8780.0 -0.558688 1.452651 0.0 -0.949017 -1.312976 -12.413636 -0.320951 0.036748 14.167834 134.0
207 8780.0 -0.531052 1.444752 0.0 -0.923541 -1.312976 -12.413636 -0.320951 0.036748 14.167834 134.0
208 8780.0 -0.542168 1.460417 0.0 -0.935959 -1.312976 -12.413636 -0.320951 0.036748 14.167834 134.0
209 8780.0 -0.532259 1.430787 0.0 -0.922168 -1.312976 -12.413636 -0.320951 0.036748 14.167834 134.0
210 8780.0 -0.495877 1.450684 0.0 -0.893895 -1.312976 -12.413636 -0.320951 0.036748 14.167834 134.0
211 8780.0 -0.499368 1.432539 0.0 -0.893787 -1.312976 -12.413636 -0.320951 0.036748 14.167834 134.0
212 8780.0 -0.521101 1.457881 0.0 -0.917144 -1.312976 -12.413636 -0.320951 0.036748 14.167834 134.0
213 8780.0 -0.506448 1.462676 0.0 -0.905198 -1.312976 -12.413636 -0.320951 0.036748 14.167834 134.0
214 8780.0 -0.506747 1.478519 0.0 -0.908211 -1.312976 -12.413636 -0.320951 0.036748 14.167834 134.0
215 8780.0 -0.528053 1.475431 0.0 -0.926257 -1.312976 -12.413636 -0.320951 0.036748 14.167834 134.0
216 8780.0 -0.499236 1.45536 0.0 -0.897637 -1.312976 -12.413636 -0.320951 0.036748 14.167834 134.0
217 8780.0 -0.48552 1.450403 0.0 -0.884813 -1.312976 -12.413636 -0.320951 0.036748 14.167834 134.0
218 8780.0 -0.528268 1.477813 0.0 -0.926858 -1.312976 -12.413636 -0.320951 0.036748 14.167834 134.0
219 8780.0 -0.544537 1.471678 0.0 -0.939981 -1.312976 -12.413636 -0.320951 0.036748 14.167834 134.0
220 8780.0 -0.541475 1.467981 0.0 -0.936669 -1.312976 -12.413636 -0.320951 0.036748 14.167834 134.0
221 8780.0 -0.548672 1.490641 0.0 -0.946882 -1.312976 -12.413636 -0.320951 0.036748 14.167834 134.0
222 8780.0 -0.541006 1.477121 0.0 -0.937847 -1.312976 -12.413636 -0.320951 0.036748 14.167834 134.0
223 8780.0 -0.532122 1.482248 0.0 -0.93099 -1.312976 -12.413636 -0.320951 0.036748 14.167834 134.0
224 8780.0 -0.528402 1.492184 0.0 -0.929473 -1.312976 -12.413636 -0.320951 0.036748 14.167834 134.0
225 8780.0 -0.536074 1.476982 0.0 -0.933521 -1.312976 -12.413636 -0.320951 0.036748 14.167834 134.0
226 8780.0 -0.540515 1.477142 0.0 -0.937423 -1.312976 -12.413636 -0.320951 0.036748 14.167834 134.0
227 8780.0 -0.521852 1.468269 0.0 -0.919604 -1.312976 -12.413636 -0.320951 0.036748 14.167834 134.0
228 8780.0 -0.531938 1.459335 0.0 -0.926848 -1.312976 -12.413636 -0.320951 0.036748 14.167834 134.0
229 8780.0 -0.506463 1.460049 0.0 -0.904754 -1.312976 -12.413636 -0.320951 0.036748 14.167834 134.0
230 8780.0 -0.498274 1.445623 0.0 -0.895106 -1.312976 -12.413636 -0.320951 0.036748 14.167834 134.0
231 8780.0 -0.534026 1.464406 0.0 -0.929551 -1.312976 -12.413636 -0.320951 0.036748 14.167834 134.0
232 8780.0 -0.532983 1.461655 0.0 -0.928163 -1.312976 -12.413636 -0.320951 0.036748 14.167834 134.0
233 8780.0 -0.528103 1.468005 0.0 -0.92501 -1.312976 -12.413636 -0.320951 0.036748 14.167834 134.0
234 8780.0 -0.526193 1.494514 0.0 -0.927951 -1.312976 -12.413636 -0.320951 0.036748 14.167834 134.0
235 8780.0 -0.531296 1.499906 0.0 -0.933338 -1.312976 -12.413636 -0.320951 0.036748 14.167834 134.0
236 8780.0 -0.511163 1.488935 0.0 -0.913872 -1.312976 -12.413636 -0.320951 0.036748 14.167834 134.0
237 8780.0 -0.504224 1.498939 0.0 -0.90956 -1.312976 -12.413636 -0.320951 0.036748 14.167834 134.0
238 8780.0 -0.497456 1.49187 0.0 -0.902429 -1.312976 -12.413636 -0.320951 0.036748 14.167834 134.0
239 8780.0 -0.501456 1.50562 0.0 -0.908306 -1.312976 -12.413636 -0.320951 0.036748 14.167834 134.0
240 8780.0 -0.489246 1.512966 0.0 -0.898934 -1.312976 -12.413636 -0.320951 0.036748 14.167834 134.0
241 8780.0 -0.513029 1.487082 0.0 -0.915178 -1.312976 -12.413636 -0.320951 0.036748 14.167834 134.0
242 8780.0 -0.519104 1.50598 0.0 -0.923761 -1.312976 -12.413636 -0.320951 0.036748 14.167834 134.0
243 8780.0 -0.510077 1.486576 0.0 -0.912516 -1.312976 -12.413636 -0.320951 0.036748 14.167834 134.0
244 8780.0 -0.534858 1.4597 0.0 -0.929459 -1.312976 -12.413636 -0.320951 0.036748 14.167834 134.0
245 8780.0 -0.531235 1.491204 0.0 -0.931772 -1.312976 -12.413636 -0.320951 0.036748 14.167834 134.0
246 8780.0 -0.553127 1.488091 0.0 -0.950262 -1.312976 -12.413636 -0.320951 0.036748 14.167834 134.0
247 8780.0 -0.528017 1.470933 0.0 -0.925444 -1.312976 -12.413636 -0.320951 0.036748 14.167834 134.0
248 8780.0 -0.536431 1.476901 0.0 -0.933819 -1.312976 -12.413636 -0.320951 0.036748 14.167834 134.0
249 8780.0 -0.519876 1.472833 0.0 -0.918674 -1.312976 -12.413636 -0.320951 0.036748 14.167834 134.0
250 8780.0 -0.51599 1.469196 0.0 -0.914652 -1.312976 -12.413636 -0.320951 0.036748 14.167834 134.0
251 8780.0 -0.529499 1.500693 0.0 -0.931907 -1.312976 -12.413636 -0.320951 0.036748 14.167834 134.0
252 8780.0 -0.533877 1.492542 0.0 -0.934309 -1.312976 -12.413636 -0.320951 0.036748 14.167834 134.0
253 8780.0 -0.522343 1.497835 0.0 -0.92517 -1.312976 -12.413636 -0.320951 0.036748 14.167834 134.0
254 8780.0 -0.510926 1.483184 0.0 -0.912666 -1.312976 -12.413636 -0.320951 0.036748 14.167834 134.0
255 8780.0 -0.520394 1.493421 0.0 -0.922703 -1.312976 -12.413636 -0.320951 0.036748 14.167834 134.0
256 8780.0 -0.532787 1.487641 0.0 -0.932507 -1.312976 -12.413636 -0.320951 0.036748 14.167834 134.0
257 8780.0 -0.529186 1.484671 0.0 -0.92885 -1.312976 -12.413636 -0.320951 0.036748 14.167834 134.0
258 8780.0 -0.50605 1.486732 0.0 -0.909031 -1.312976 -12.413636 -0.320951 0.036748 14.167834 134.0
259 8780.0 -0.519084 1.485385 0.0 -0.920164 -1.312976 -12.413636 -0.320951 0.036748 14.167834 134.0
260 8780.0 -0.511808 1.49103 0.0 -0.914799 -1.312976 -12.413636 -0.320951 0.036748 14.167834 134.0
261 8780.0 -0.497635 1.482665 0.0 -0.900985 -1.312976 -12.413636 -0.320951 0.036748 14.167834 134.0
262 8780.0 -0.489827 1.470716 0.0 -0.892099 -1.312976 -12.413636 -0.320951 0.036748 14.167834 134.0
263 8780.0 -0.492756 1.447822 0.0 -0.890676 -1.312976 -12.413636 -0.320951 0.036748 14.167834 134.0
264 8780.0 -0.520424 1.465132 0.0 -0.917814 -1.312976 -12.413636 -0.320951 0.036748 14.167834 134.0
265 8780.0 -0.536372 1.491417 0.0 -0.93629 -1.312976 -12.413636 -0.320951 0.036748 14.167834 134.0
266 8780.0 -0.536132 1.472202 0.0 -0.932742 -1.312976 -12.413636 -0.320951 0.036748 14.167834 134.0
267 8780.0 -0.555678 1.456578 0.0 -0.947074 -1.312976 -12.413636 -0.320951 0.036748 14.167834 134.0
268 8780.0 -0.544975 1.458664 0.0 -0.938102 -1.312976 -12.413636 -0.320951 0.036748 14.167834 134.0
269 8780.0 -0.573061 1.464129 0.0 -0.96305 -1.312976 -12.413636 -0.320951 0.036748 14.167834 134.0
270 8780.0 -0.565096 1.463781 0.0 -0.956431 -1.312976 -12.413636 -0.320951 0.036748 14.167834 134.0
271 8780.0 -0.543386 1.43621 0.0 -0.932814 -1.312976 -12.413636 -0.320951 0.036748 14.167834 134.0
272 8780.0 -0.535516 1.447736 0.0 -0.927953 -1.312976 -12.413636 -0.320951 0.036748 14.167834 134.0
273 8780.0 -0.541051 1.407938 0.0 -0.922899 -1.312976 -12.413636 -0.320951 0.036748 14.167834 134.0
274 8780.0 -0.548149 1.401598 0.0 -0.923597 -1.312976 -12.413636 -0.320951 0.036748 14.167834 134.0
275 8780.0 -0.547362 1.395928 0.0 -0.91808 -1.312976 -12.413636 -0.320951 0.036748 14.167834 134.0
276 8780.0 -0.554592 1.409039 0.0 -0.933338 -1.312976 -12.413636 -0.320951 0.036748 14.167834 134.0
277 8780.0 -0.556857 1.428196 0.0 -0.94317 -1.312976 -12.413636 -0.320951 0.036748 14.167834 134.0
278 8780.0 -0.562117 1.423976 0.0 -0.945749 -1.312976 -12.413636 -0.320951 0.036748 14.167834 134.0
279 8780.0 -0.567574 1.436778 0.0 -0.954008 -1.312976 -12.413636 -0.320951 0.036748 14.167834 134.0
280 8780.0 -0.558616 1.429754 0.0 -0.944975 -1.312976 -12.413636 -0.320951 0.036748 14.167834 134.0
281 8780.0 -0.545159 1.420012 0.0 -0.930808 -1.312976 -12.413636 -0.320951 0.036748 14.167834 134.0
282 8780.0 -0.551904 1.45138 0.0 -0.94288 -1.312976 -12.413636 -0.320951 0.036748 14.167834 134.0
283 8780.0 -0.559382 1.458088 0.0 -0.950567 -1.312976 -12.413636 -0.320951 0.036748 14.167834 134.0
284 8780.0 -0.555291 1.435805 0.0 -0.943127 -1.312976 -12.413636 -0.320951 0.036748 14.167834 134.0
285 8780.0 -0.56551 1.443305 0.0 -0.953342 -1.312976 -12.413636 -0.320951 0.036748 14.167834 134.0
286 8780.0 -0.511941 1.455212 0.0 -0.908691 -1.312976 -12.413636 -0.320951 0.036748 14.167834 134.0
287 8780.0 -0.515685 1.438701 0.0 -0.909088 -1.312976 -12.413636 -0.320951 0.036748 14.167834 134.0
