 time p.x p.y p.z deep.node-0 CV opes.bias opes.rct opes.zed opes.neff opes.nker
0 13480.0 0.64064 0.531505 0.0 1.110724 -2.091548 -12.789672 -0.363935 0.038773 14.167834 127.0
1 13480.0 0.664599 0.542231 0.0 1.119215 -2.091548 -12.789672 -0.363935 0.038773 14.167834 127.0
2 13480.0 0.640283 0.525747 0.0 1.115726 -2.091548 -12.789672 -0.363935 0.038773 14.167834 127.0
3 13480.0 0.634411 0.540604 0.0 1.097626 -2.091548 -12.789672 -0.363935 0.038773 14.167834 127.0
4 13480.0 0.614948 0.540898 0.0 1.082477 -2.091548 -12.789672 -0.363935 0.038773 14.167834 127.0
5 13480.0 0.61215 0.511317 0.0 1.107438 -2.091548 -12.789672 -0.363935 0.038773 14.167834 127.0
6 13480.0 0.623372 0.519417 0.0 1.108596 -2.091548 -12.789672 -0.363935 0.038773 14.167834 127.0
7 13480.0 0.613712 0.546638 0.0 1.076273 -2.091548 -12.789672 -0.363935 0.038773 14.167834 127.0
8 13480.0 0.602064 0.561522 0.0 1.053733 -2.091548 -12.789672 -0.363935 0.038773 14.167834 127.0
9 13480.0 0.633968 0.555629 0.0 1.083522 -2.091548 -12.789672 -0.363935 0.038773 14.167834 127.0
10 13480.0 0.623105 0.546296 0.0 1.083768 -2.091548 -12.789672 -0.363935 0.038773 14.167834 127.0
11 13480.0 0.602903 0.549029 0.0 1.065819 -2.091548 -12.789672 -0.363935 0.038773 14.167834 127.0
12 13480.0 0.582181 0.556287 0.0 1.043327 -2.091548 -12.789672 -0.363935 0.038773 14.167834 127.0
13 13480.0 0.553256 0.577675 0.0 1.001619 -2.091548 -12.789672 -0.363935 0.038773 14.167834 127.0
14 13480.0 0.53645 0.574584 0.0 0.991602 -2.091548 -12.789672 -0.363935 0.038773 14.167834 127.0
15 13480.0 0.555522 0.589923 0.0 0.992131 -2.091548 -12.789672 -0.363935 0.038773 14.167834 127.0
16 13480.0 0.567645 0.595939 0.0 0.995888 -2.091548 -12.789672 -0.363935 0.038773 14.167834 127.0
17 13480.0 0.558705 0.595126 0.0 0.989797 -2.091548 -12.789672 -0.363935 0.038773 14.167834 127.0
18 13480.0 0.550272 0.587567 0.0 0.990276 -2.091548 -12.789672 -0.363935 0.038773 14.167834 127.0
19 13480.0 0.554935 0.598306 0.0 0.984002 -2.091548 -12.789672 -0.363935 0.038773 14.167834 127.0
20 13480.0 0.572162 0.571326 0.0 1.02189 -2.091548 -12.789672 -0.363935 0.038773 14.167834 127.0
21 13480.0 0.568713 0.555789 0.0 1.033487 -2.091548 -12.789672 -0.363935 0.038773 14.167834 127.0
22 13480.0 0.570702 0.571724 0.0 1.020409 -2.091548 -12.789672 -0.363935 0.038773 14.167834 127.0
23 13480.0 0.54473 0.558441 0.0 1.012722 -2.091548 -12.789672 -0.363935 0.038773 14.167834 127.0
24 13480.0 0.539886 0.558671 0.0 1.008808 -2.091548 -12.789672 -0.363935 0.038773 14.167834 127.0
25 13480.0 0.515662 0.531636 0.0 1.015056 -2.091548 -12.789672 -0.363935 0.038773 14.167834 127.0
26 13480.0 0.514519 0.538013 0.0 1.008339 -2.091548 -12.789672 -0.363935 0.038773 14.167834 127.0
27 13480.0 0.507431 0.529471 0.0 1.010746 -2.091548 -12.789672 -0.363935 0.038773 14.167834 127.0
28 13480.0 0.495598 0.512209 0.0 1.017513 -2.091548 -12.789672 -0.363935 0.038773 14.167834 127.0
29 13480.0 0.500569 0.52563 0.0 1.009018 -2.091548 -12.789672 -0.363935 0.038773 14.167834 127.0
30 13480.0 0.481778 0.550794 0.0 0.971599 -2.091548 -12.789672 -0.363935 0.038773 14.167834 127.0
31 13480.0 0.49422 0.549577 0.0 0.982226 -2.091548 -12.789672 -0.363935 0.038773 14.167834 127.0
32 13480.0 0.521713 0.552081 0.0 1.000951 -2.091548 -12.789672 -0.363935 0.038773 14.167834 127.0
33 13480.0 0.520911 0.55799 0.0 0.994925 -2.091548 -12.789672 -0.363935 0.038773 14.167834 127.0
34 13480.0 0.532425 0.514384 0.0 1.043676 -2.091548 -12.789672 -0.363935 0.038773 14.167834 127.0
35 13480.0 0.547981 0.495994 0.0 1.072417 -2.091548 -12.789672 -0.363935 0.038773 14.167834 127.0
36 13480.0 0.511857 0.492098 0.0 1.048368 -2.091548 -12.789672 -0.363935 0.038773 14.167834 127.0
37 13480.0 0.485354 0.499632 0.0 1.021204 -2.091548 -12.789672 -0.363935 0.038773 14.167834 127.0
38 13480.0 0.499182 0.479961 0.0 1.049797 -2.091548 -12.789672 -0.363935 0.038773 14.167834 127.0
39 13480.0 0.490349 0.493363 0.0 1.030765 -2.091548 -12.789672 -0.363935 0.038773 14.167834 127.0
40 13480.0 0.478931 0.498072 0.0 1.017723 -2.091548 -12.789672 -0.363935 0.038773 14.167834 127.0
41 13480.0 0.473589 0.52227 0.0 0.99147 -2.091548 -12.789672 -0.363935 0.038773 14.167834 127.0
42 13480.0 0.485946 0.531421 0.0 0.992533 -2.091548 -12.789672 -0.363935 0.038773 14.167834 127.0
43 13480.0 0.449409 0.534806 0.0 0.961499 -2.091548 -12.789672 -0.363935 0.038773 14.167834 127.0
44 13480.0 0.418381 0.55216 0.0 0.921878 -2.091548 -12.789672 -0.363935 0.038773 14.167834 127.0
45 13480.0 0.433196 0.541118 0.0 0.943321 -2.091548 -12.789672 -0.363935 0.038773 14.167834 127.0
46 13480.0 0.414929 0.512633 0.0 0.955452 -2.091548 -12.789672 -0.363935 0.038773 14.167834 127.0
47 13480.0 0.424488 0.496589 0.0 0.977458 -2.091548 -12.789672 -0.363935 0.038773 14.167834 127.0
48 13480.0 0.407152 0.518877 0.0 0.943785 -2.091548 -12.789672 -0.363935 0.038773 14.167834 127.0
49 13480.0 0.419742 0.525921 0.0 0.946958 -2.091548 -12.789672 -0.363935 0.038773 14.167834 127.0
50 13480.0 0.380646 0.534098 0.0 0.909576 -2.091548 -12.789672 -0.363935 0.038773 14.167834 127.0
51 13480.0 0.382748 0.558866 0.0 0.888493 -2.091548 -12.789672 -0.363935 0.038773 14.167834 127.0
52 13480.0 0.365635 0.547852 0.0 0.885499 -2.091548 -12.789672 -0.363935 0.038773 14.167834 127.0
53 13480.0 0.352244 0.548987 0.0 0.874222 -2.091548 -12.789672 -0.363935 0.038773 14.167834 127.0
54 13480.0 0.339703 0.540843 0.0 0.87237 -2.091548 -12.789672 -0.363935 0.038773 14.167834 127.0
55 13480.0 0.324472 0.528589 0.0 0.873628 -2.091548 -12.789672 -0.363935 0.038773 14.167834 127.0
56 13480.0 0.331679 0.544702 0.0 0.862942 -2.091548 -12.789672 -0.363935 0.038773 14.167834 127.0
57 13480.0 0.312234 0.549209 0.0 0.844835 -2.091548 -12.789672 -0.363935 0.038773 14.167834 127.0
58 13480.0 0.315172 0.539601 0.0 0.856304 -2.091548 -12.789672 -0.363935 0.038773 14.167834 127.0
59 13480.0 0.334103 0.524789 0.0 0.88413 -2.091548 -12.789672 -0.363935 0.038773 14.167834 127.0
60 13480.0 0.318132 0.532093 0.0 0.865734 -2.091548 -12.789672 -0.363935 0.038773 14.167834 127.0
61 13480.0 0.2816 0.520577 0.0 0.851264 -2.091548 -12.789672 -0.363935 0.038773 14.167834 127.0
62 13480.0 0.255487 0.518435 0.0 0.835165 -2.091548 -12.789672 -0.363935 0.038773 14.167834 127.0
63 13480.0 0.233795 0.518567 0.0 0.820566 -2.091548 -12.789672 -0.363935 0.038773 14.167834 127.0
64 13480.0 0.252747 0.487493 0.0 0.864679 -2.091548 -12.789672 -0.363935 0.038773 14.167834 127.0
65 13480.0 0.237115 0.511512 0.0 0.829925 -2.091548 -12.789672 -0.363935 0.038773 14.167834 127.0
66 13480.0 0.212395 0.526162 0.0 0.7986 -2.091548 -12.789672 -0.363935 0.038773 14.167834 127.0
67 13480.0 0.199547 0.502108 0.0 0.814397 -2.091548 -12.789672 -0.363935 0.038773 14.167834 127.0
68 13480.0 0.203105 0.510486 0.0 0.808283 -2.091548 -12.789672 -0.363935 0.038773 14.167834 127.0
69 13480.0 0.176931 0.524864 0.0 0.776265 -2.091548 -12.789672 -0.363935 0.038773 14.167834 127.0
70 13480.0 0.166373 0.531486 0.0 0.762516 -2.091548 -12.789672 -0.363935 0.038773 14.167834 127.0
71 13480.0 0.159022 0.552115 0.0 0.736719 -2.091548 -12.789672 -0.363935 0.038773 14.167834 127.0
72 13480.0 0.152037 0.529797 0.0 0.754666 -2.091548 -12.789672 -0.363935 0.038773 14.167834 127.0
73 13480.0 0.174526 0.523199 0.0 0.776347 -2.091548 -12.789672 -0.363935 0.038773 14.167834 127.0
74 13480.0 0.179136 0.503748 0.0 0.799123 -2.091548 -12.789672 -0.363935 0.038773 14.167834 127.0
75 13480.0 0.154632 0.485716 0.0 0.801045 -2.091548 -12.789672 -0.363935 0.038773 14.167834 127.0
76 13480.0 0.145155 0.478122 0.0 0.802417 -2.091548 -12.789672 -0.363935 0.038773 14.167834 127.0
77 13480.0 0.145498 0.464564 0.0 0.816379 -2.091548 -12.789672 -0.363935 0.038773 14.167834 127.0
78 13480.0 0.118221 0.470684 0.0 0.791988 -2.091548 -12.789672 -0.363935 0.038773 14.167834 127.0
79 13480.0 0.115637 0.469053 0.0 0.791917 -2.091548 -12.789672 -0.363935 0.038773 14.167834 127.0
80 13480.0 0.085605 0.490351 0.0 0.750316 -2.091548 -12.789672 -0.363935 0.038773 14.167834 127.0
81 13480.0 0.073405 0.490894 0.0 0.74163 -2.091548 -12.789672 -0.363935 0.038773 14.167834 127.0
82 13480.0 0.069111 0.487886 0.0 0.741814 -2.091548 -12.789672 -0.363935 0.038773 14.167834 127.0
83 13480.0 0.070969 0.470718 0.0 0.760442 -2.091548 -12.789672 -0.363935 0.038773 14.167834 127.0
84 13480.0 0.065224 0.501268 0.0 0.725667 -2.091548 -12.789672 -0.363935 0.038773 14.167834 127.0
85 13480.0 0.051503 0.496603 0.0 0.721241 -2.091548 -12.789672 -0.363935 0.038773 14.167834 127.0
86 13480.0 0.064439 0.496493 0.0 0.72998 -2.091548 -12.789672 -0.363935 0.038773 14.167834 127.0
87 13480.0 0.05309 0.502988 0.0 0.715832 -2.091548 -12.789672 -0.363935 0.038773 14.167834 127.0
88 13480.0 0.053358 0.499281 0.0 0.719765 -2.091548 -12.789672 -0.363935 0.038773 14.167834 127.0
89 13480.0 0.061464 0.505289 0.0 0.719086 -2.091548 -12.789672 -0.363935 0.038773 14.167834 127.0
90 13480.0 0.045527 0.515211 0.0 0.698408 -2.091548 -12.789672 -0.363935 0.038773 14.167834 127.0
91 13480.0 0.055401 0.501439 0.0 0.718942 -2.091548 -12.789672 -0.363935 0.038773 14.167834 127.0
92 13480.0 0.051941 0.499783 0.0 0.718312 -2.091548 -12.789672 -0.363935 0.038773 14.167834 127.0
93 13480.0 0.077664 0.506431 0.0 0.728734 -2.091548 -12.789672 -0.363935 0.038773 14.167834 127.0
94 13480.0 0.09351 0.482513 0.0 0.763527 -2.091548 -12.789672 -0.363935 0.038773 14.167834 127.0
95 13480.0 0.094139 0.499873 0.0 0.746363 -2.091548 -12.789672 -0.363935 0.038773 14.167834 127.0
96 13480.0 0.079358 0.519445 0.0 0.716682 -2.091548 -12.789672 -0.363935 0.038773 14.167834 127.0
97 13480.0 0.068013 0.506913 0.0 0.721809 -2.091548 -12.789672 -0.363935 0.038773 14.167834 127.0
98 13480.0 0.070877 0.516901 0.0 0.713602 -2.091548 -12.789672 -0.363935 0.038773 14.167834 127.0
99 13480.0 0.07037 0.491086 0.0 0.739412 -2.091548 -12.789672 -0.363935 0.038773 14.167834 127.0
100 13480.0 0.074943 0.48684 0.0 0.746762 -2.091548 -12.789672 -0.363935 0.038773 14.167834 127.0
101 13480.0 0.049653 0.515109 0.0 0.701263 -2.091548 -12.789672 -0.363935 0.038773 14.167834 127.0
102 13480.0 0.034928 0.480735 0.0 0.72626 -2.091548 -12.789672 -0.363935 0.038773 14.167834 127.0
103 13480.0 -0.001451 0.48507 0.0 0.697608 -2.091548 -12.789672 -0.363935 0.038773 14.167834 127.0
104 13480.0 0.000174 0.4726 0.0 0.711323 -2.091548 -12.789672 -0.363935 0.038773 14.167834 127.0
105 13480.0 0.010276 0.463164 0.0 0.727617 -2.091548 -12.789672 -0.363935 0.038773 14.167834 127.0
106 13480.0 0.04667 0.476002 0.0 0.738884 -2.091548 -12.789672 -0.363935 0.038773 14.167834 127.0
107 13480.0 0.033247 0.456085 0.0 0.750107 -2.091548 -12.789672 -0.363935 0.038773 14.167834 127.0
108 13480.0 0.021005 0.452758 0.0 0.745312 -2.091548 -12.789672 -0.363935 0.038773 14.167834 127.0
109 13480.0 0.016921 0.459876 0.0 0.735379 -2.091548 -12.789672 -0.363935 0.038773 14.167834 127.0
110 13480.0 0.000953 0.4683 0.0 0.716197 -2.091548 -12.789672 -0.363935 0.038773 14.167834 127.0
111 13480.0 -0.001797 0.464062 0.0 0.718656 -2.091548 -12.789672 -0.363935 0.038773 14.167834 127.0
112 13480.0 0.003487 0.461157 0.0 0.725122 -2.091548 -12.789672 -0.363935 0.038773 14.167834 127.0
113 13480.0 -0.008186 0.471213 0.0 0.707152 -2.091548 -12.789672 -0.363935 0.038773 14.167834 127.0
114 13480.0 -0.037375 0.49137 0.0 0.667269 -2.091548 -12.789672 -0.363935 0.038773 14.167834 127.0
115 13480.0 -0.046825 0.487684 0.0 0.6647 -2.091548 -12.789672 -0.363935 0.038773 14.167834 127.0
116 13480.0 -0.033953 0.484345 0.0 0.676666 -2.091548 -12.789672 -0.363935 0.038773 14.167834 127.0
117 13480.0 -0.055397 0.493559 0.0 0.651111 -2.091548 -12.789672 -0.363935 0.038773 14.167834 127.0
118 13480.0 -0.063708 0.519995 0.0 0.615682 -2.091548 -12.789672 -0.363935 0.038773 14.167834 127.0
119 13480.0 -0.069111 0.511302 0.0 0.62033 -2.091548 -12.789672 -0.363935 0.038773 14.167834 127.0
120 13480.0 -0.081651 0.520743 0.0 0.59944 -2.091548 -12.789672 -0.363935 0.038773 14.167834 127.0
121 13480.0 -0.068284 0.509267 0.0 0.623219 -2.091548 -12.789672 -0.363935 0.038773 14.167834 127.0
122 13480.0 -0.055173 0.496933 0.0 0.647696 -2.091548 -12.789672 -0.363935 0.038773 14.167834 127.0
123 13480.0 -0.069261 0.49846 0.0 0.633937 -2.091548 -12.789672 -0.363935 0.038773 14.167834 127.0
124 13480.0 -0.069509 0.523023 0.0 0.607451 -2.091548 -12.789672 -0.363935 0.038773 14.167834 127.0
125 13480.0 -0.075187 0.522497 0.0 0.603127 -2.091548 -12.789672 -0.363935 0.038773 14.167834 127.0
126 13480.0 -0.129656 0.532049 0.0 0.546029 -2.091548 -12.789672 -0.363935 0.038773 14.167834 127.0
127 13480.0 -0.157706 0.529875 0.0 0.524212 -2.091548 -12.789672 -0.363935 0.038773 14.167834 127.0
128 13480.0 -0.164853 0.50954 0.0 0.539811 -2.091548 -12.789672 -0.363935 0.038773 14.167834 127.0
129 13480.0 -0.154059 0.502299 0.0 0.556846 -2.091548 -12.789672 -0.363935 0.038773 14.167834 127.0
130 13480.0 -0.147681 0.497468 0.0 0.567504 -2.091548 -12.789672 -0.363935 0.038773 14.167834 127.0
131 13480.0 -0.167609 0.485226 0.0 0.563446 -2.091548 -12.789672 -0.363935 0.038773 14.167834 127.0
132 13480.0 -0.178788 0.467121 0.0 0.573188 -2.091548 -12.789672 -0.363935 0.038773 14.167834 127.0
133 13480.0 -0.196301 0.488277 0.0 0.535487 -2.091548 -12.789672 -0.363935 0.038773 14.167834 127.0
134 13480.0 -0.187331 0.481445 0.0 0.550515 -2.091548 -12.789672 -0.363935 0.038773 14.167834 127.0
135 13480.0 -0.21866 0.501151 0.0 0.50024 -2.091548 -12.789672 -0.363935 0.038773 14.167834 127.0
136 13480.0 -0.205526 0.537827 0.0 0.469323 -2.091548 -12.789672 -0.363935 0.038773 14.167834 127.0
137 13480.0 -0.212945 0.540952 0.0 0.458153 -2.091548 -12.789672 -0.363935 0.038773 14.167834 127.0
138 13480.0 -0.199414 0.515765 0.0 0.501929 -2.091548 -12.789672 -0.363935 0.038773 14.167834 127.0
139 13480.0 -0.235679 0.5143 0.0 0.467434 -2.091548 -12.789672 -0.363935 0.038773 14.167834 127.0
140 13480.0 -0.243965 0.516582 0.0 0.456409 -2.091548 -12.789672 -0.363935 0.038773 14.167834 127.0
141 13480.0 -0.245861 0.527044 0.0 0.441949 -2.091548 -12.789672 -0.363935 0.038773 14.167834 127.0
142 13480.0 -0.282868 0.531493 0.0 0.39961 -2.091548 -12.789672 -0.363935 0.038773 14.167834 127.0
143 13480.0 -0.304376 0.514574 0.0 0.398426 -2.091548 -12.789672 -0.363935 0.038773 14.167834 127.0
144 13480.0 -0.306658 0.503898 0.0 0.408967 -2.091548 -12.789672 -0.363935 0.038773 14.167834 127.0
145 13480.0 -0.331473 0.508866 0.0 0.378193 -2.091548 -12.789672 -0.363935 0.038773 14.167834 127.0
146 13480.0 -0.332554 0.540405 0.0 0.339234 -2.091548 -12.789672 -0.363935 0.038773 14.167834 127.0
147 13480.0 -0.338762 0.531127 0.0 0.344172 -2.091548 -12.789672 -0.363935 0.038773 14.167834 127.0
148 13480.0 -0.382302 0.523774 0.0 0.309474 -2.091548 -12.789672 -0.363935 0.038773 14.167834 127.0
149 13480.0 -0.410343 0.512692 0.0 0.29475 -2.091548 -12.789672 -0.363935 0.038773 14.167834 127.0
150 13480.0 -0.415532 0.518318 0.0 0.282807 -2.091548 -12.789672 -0.363935 0.038773 14.167834 127.0
151 13480.0 -0.428876 0.524911 0.0 0.261548 -2.091548 -12.789672 -0.363935 0.038773 14.167834 127.0
152 13480.0 -0.431717 0.539827 0.0 0.240795 -2.091548 -12.789672 -0.363935 0.038773 14.167834 127.0
153 13480.0 -0.464474 0.53705 0.0 0.211381 -2.091548 -12.789672 -0.363935 0.038773 14.167834 127.0
154 13480.0 -0.479345 0.534843 0.0 0.199166 -2.091548 -12.789672 -0.363935 0.038773 14.167834 127.0
155 13480.0 -0.490601 0.54108 0.0 0.180423 -2.091548 -12.789672 -0.363935 0.038773 14.167834 127.0
156 13480.0 -0.510175 0.565185 0.0 0.131905 -2.091548 -12.789672 -0.363935 0.038773 14.167834 127.0
157 13480.0 -0.533132 0.548488 0.0 0.129006 -2.091548 -12.789672 -0.363935 0.038773 14.167834 127.0
158 13480.0 -0.520982 0.54996 0.0 0.139385 -2.091548 -12.789672 -0.363935 0.038773 14.167834 127.0
159 13480.0 -0.535549 0.552406 0.0 0.121884 -2.091548 -12.789672 -0.363935 0.038773 14.167834 127.0
160 13480.0 -0.53046 0.537058 0.0 0.145406 -2.091548 -12.789672 -0.363935 0.038773 14.167834 127.0
161 13480.0 -0.532279 0.538948 0.0 0.141316 -2.091548 -12.789672 -0.363935 0.038773 14.167834 127.0
162 13480.0 -0.546845 0.527466 0.0 0.140544 -2.091548 -12.789672 -0.363935 0.038773 14.167834 127.0
163 13480.0 -0.541039 0.539999 0.0 0.131297 -2.091548 -12.789672 -0.363935 0.038773 14.167834 127.0
164 13480.0 -0.568479 0.546661 0.0 0.095864 -2.091548 -12.789672 -0.363935 0.038773 14.167834 127.0
165 13480.0 -0.571044 0.53271 0.0 0.110054 -2.091548 -12.789672 -0.363935 0.038773 14.167834 127.0
166 13480.0 -0.548647 0.545207 0.0 0.117437 -2.091548 -12.789672 -0.363935 0.038773 14.167834 127.0
167 13480.0 -0.550072 0.527252 0.0 0.137574 -2.091548 -12.789672 -0.363935 0.038773 14.167834 127.0
168 13480.0 -0.567323 0.547943 0.0 0.09548 -2.091548 -12.789672 -0.363935 0.038773 14.167834 127.0
169 13480.0 -0.534274 0.548529 0.0 0.127816 -2.091548 -12.789672 -0.363935 0.038773 14.167834 127.0
170 13480.0 -0.572013 0.541346 0.0 0.098713 -2.091548 -12.789672 -0.363935 0.038773 14.167834 127.0
171 13480.0 -0.561893 0.535299 0.0 0.116093 -2.091548 -12.789672 -0.363935 0.038773 14.167834 127.0
172 13480.0 -0.567675 0.532942 0.0 0.113144 -2.091548 -12.789672 -0.363935 0.038773 14.167834 127.0
173 13480.0 -0.572097 0.515831 0.0 0.129273 -2.091548 -12.789672 -0.363935 0.038773 14.167834 127.0
174 13480.0 -0.56873 0.510511 0.0 0.139028 -2.091548 -12.789672 -0.363935 0.038773 14.167834 127.0
175 13480.0 -0.568554 0.533787 0.0 0.111249 -2.091548 -12.789672 -0.363935 0.038773 14.167834 127.0
176 13480.0 -0.583888 0.541675 0.0 0.086447 -2.091548 -12.789672 -0.363935 0.038773 14.167834 127.0
177 13480.0 -0.577649 0.552687 0.0 0.079459 -2.091548 -12.789672 -0.363935 0.038773 14.167834 127.0
178 13480.0 -0.583635 0.559229 0.0 0.065618 -2.091548 -12.789672 -0.363935 0.038773 14.167834 127.0
179 13480.0 -0.586571 0.554226 0.0 0.068691 -2.091548 -12.789672 -0.363935 0.038773 14.167834 127.0
180 13480.0 -0.606474 0.558201 0.0 0.044021 -2.091548 -12.789672 -0.363935 0.038773 14.167834 127.0
181 13480.0 -0.632097 0.554548 0.0 0.022791 -2.091548 -12.789672 -0.363935 0.038773 14.167834 127.0
182 13480.0 -0.64101 0.592651 0.0 -0.031879 -2.091548 -12.789672 -0.363935 0.038773 14.167834 127.0
183 13480.0 -0.652583 0.595827 0.0 -0.047264 -2.091548 -12.789672 -0.363935 0.038773 14.167834 127.0
184 13480.0 -0.662136 0.584622 0.0 -0.043357 -2.091548 -12.789672 -0.363935 0.038773 14.167834 127.0
185 13480.0 -0.647976 0.606454 0.0 -0.055421 -2.091548 -12.789672 -0.363935 0.038773 14.167834 127.0
186 13480.0 -0.654135 0.61751 0.0 -0.074855 -2.091548 -12.789672 -0.363935 0.038773 14.167834 127.0
187 13480.0 -0.65033 0.63638 0.0 -0.093714 -2.091548 -12.789672 -0.363935 0.038773 14.167834 127.0
188 13480.0 -0.648174 0.64729 0.0 -0.104933 -2.091548 -12.789672 -0.363935 0.038773 14.167834 127.0
189 13480.0 -0.67702 0.643963 0.0 -0.130043 -2.091548 -12.789672 -0.363935 0.038773 14.167834 127.0
190 13480.0 -0.672792 0.651208 0.0 -0.134849 -2.091548 -12.789672 -0.363935 0.038773 14.167834 127.0
191 13480.0 -0.715139 0.657929 0.0 -0.186283 -2.091548 -12.789672 -0.363935 0.038773 14.167834 127.0
192 13480.0 -0.743048 0.649297 0.0 -0.202445 -2.091548 -12.789672 -0.363935 0.038773 14.167834 127.0
193 13480.0 -0.766436 0.64889 0.0 -0.222662 -2.091548 -12.789672 -0.363935 0.038773 14.167834 127.0
194 13480.0 -0.77664 0.655588 0.0 -0.238812 -2.091548 -12.789672 -0.363935 0.038773 14.167834 127.0
195 13480.0 -0.781317 0.681965 0.0 -0.271062 -2.091548 -12.789672 -0.363935 0.038773 14.167834 127.0
196 13480.0 -0.795499 0.693307 0.0 -0.295674 -2.091548 -12.789672 -0.363935 0.038773 14.167834 127.0
197 13480.0 -0.826376 0.687123 0.0 -0.316345 -2.091548 -12.789672 -0.363935 0.038773 14.167834 127.0
198 13480.0 -0.836211 0.718125 0.0 -0.364906 -2.091548 -12.789672 -0.363935 0.038773 14.167834 127.0
199 13480.0 -0.819609 0.720912 0.0 -0.352633 -2.091548 -12.789672 -0.363935 0.038773 14.167834 127.0
200 13480.0 -0.818126 0.724484 0.0 -0.356144 -2.091548 -12.789672 -0.363935 0.038773 14.167834 127.0
201 13480.0 -0.834064 0.726349 0.0 -0.374223 -2.091548 -12.789672 -0.363935 0.038773 14.167834 127.0
202 13480.0 -0.843851 0.734722 0.0 -0.395348 -2.091548 -12.789672 -0.363935 0.038773 14.167834 127.0
203 13480.0 -0.869393 0.754768 0.0 -0.447976 -2.091548 -12.789672 -0.363935 0.038773 14.167834 127.0
204 13480.0 -0.884839 0.761369 0.0 -0.471961 -2.091548 -12.789672 -0.363935 0.038773 14.167834 127.0
205 13480.0 -0.881092 0.766666 0.0 -0.475729 -2.091548 -12.789672 -0.363935 0.038773 14.167834 127.0
206 13480.0 -0.8641 0.752948 0.0 -0.440307 -2.091548 -12.789672 -0.363935 0.038773 14.167834 127.0
207 13480.0 -0.847358 0.732201 0.0 -0.395261 -2.091548 -12.789672 -0.363935 0.038773 14.167834 127.0
208 13480.0 -0.83893 0.731264 0.0 -0.385769 -2.091548 -12.789672 -0.363935 0.038773 14.167834 127.0
209 13480.0 -0.866778 0.753139 0.0 -0.443175 -2.091548 -12.789672 -0.363935 0.038773 14.167834 127.0
210 13480.0 -0.891306 0.753184 0.0 -0.466765 -2.091548 -12.789672 -0.363935 0.038773 14.167834 127.0
211 13480.0 -0.94329 0.762426 0.0 -0.527428 -2.091548 -12.789672 -0.363935 0.038773 14.167834 127.0
212 13480.0 -0.902202 0.757722 0.0 -0.483031 -2.091548 -12.789672 -0.363935 0.038773 14.167834 127.0
213 13480.0 -0.903188 0.775063 0.0 -0.507614 -2.091548 -12.789672 -0.363935 0.038773 14.167834 127.0
214 13480.0 -0.911532 0.776805 0.0 -0.517703 -2.091548 -12.789672 -0.363935 0.038773 14.167834 127.0
215 13480.0 -0.926281 0.805577 0.0 -0.572667 -2.091548 -12.789672 -0.363935 0.038773 14.167834 127.0
216 13480.0 -0.913485 0.828227 0.0 -0.595069 -2.091548 -12.789672 -0.363935 0.038773 14.167834 127.0
217 13480.0 -0.896056 0.833445 0.0 -0.586324 -2.091548 -12.789672 -0.363935 0.038773 14.167834 127.0
218 13480.0 -0.928943 0.853204 0.0 -0.648165 -2.091548 -12.789672 -0.363935 0.038773 14.167834 127.0
219 13480.0 -0.946869 0.868385 0.0 -0.686942 -2.091548 -12.789672 -0.363935 0.038773 14.167834 127.0
220 13480.0 -0.955876 0.913642 0.0 -0.757105 -2.091548 -12.789672 -0.363935 0.038773 14.167834 127.0
221 13480.0 -0.951776 0.942099 0.0 -0.792171 -2.091548 -12.789672 -0.363935 0.038773 14.167834 127.0
222 13480.0 -0.939204 0.934174 0.0 -0.7709 -2.091548 -12.789672 -0.363935 0.038773 14.167834 127.0
223 13480.0 -0.935335 0.977543 0.0 -0.814933 -2.091548 -12.789672 -0.363935 0.038773 14.167834 127.0
224 13480.0 -0.950086 0.98399 0.0 -0.832101 -2.091548 -12.789672 -0.363935 0.038773 14.167834 127.0
225 13480.0 -0.974645 0.991195 0.0 -0.857216 -2.091548 -12.789672 -0.363935 0.038773 14.167834 127.0
226 13480.0 -0.974758 1.016913 0.0 -0.882575 -2.091548 -12.789672 -0.363935 0.038773 14.167834 127.0
227 13480.0 -0.942365 1.004693 0.0 -0.846778 -2.091548 -12.789672 -0.363935 0.038773 14.167834 127.0
228 13480.0 -0.93688 1.035587 0.0 -0.873113 -2.091548 -12.789672 -0.363935 0.038773 14.167834 127.0
229 13480.0 -0.91964 1.054124 0.0 -0.878672 -2.091548 -12.789672 -0.363935 0.038773 14.167834 127.0
230 13480.0 -0.894108 1.085073 0.0 -0.890341 -2.091548 -12.789672 -0.363935 0.038773 14.167834 127.0
231 13480.0 -0.882676 1.093043 0.0 -0.88978 -2.091548 -12.789672 -0.363935 0.038773 14.167834 127.0
232 13480.0 -0.895416 1.092692 0.0 -0.89879 -2.091548 -12.789672 -0.363935 0.038773 14.167834 127.0
233 13480.0 -0.880998 1.12001 0.0 -0.91505 -2.091548 -12.789672 -0.363935 0.038773 14.167834 127.0
234 13480.0 -0.872295 1.159558 0.0 -0.947528 -2.091548 -12.789672 -0.363935 0.038773 14.167834 127.0
235 13480.0 -0.838426 1.152597 0.0 -0.915817 -2.091548 -12.789672 -0.363935 0.038773 14.167834 127.0
236 13480.0 -0.82794 1.177209 0.0 -0.932306 -2.091548 -12.789672 -0.363935 0.038773 14.167834 127.0
237 13480.0 -0.821395 1.188272 0.0 -0.938372 -2.091548 -12.789672 -0.363935 0.038773 14.167834 127.0
238 13480.0 -0.809852 1.205102 0.0 -0.946436 -2.091548 -12.789672 -0.363935 0.038773 14.167834 127.0
239 13480.0 -0.815076 1.204887 0.0 -0.950061 -2.091548 -12.789672 -0.363935 0.038773 14.167834 127.0
240 13480.0 -0.777395 1.182173 0.0 -0.900068 -2.091548 -12.789672 -0.363935 0.038773 14.167834 127.0
241 13480.0 -0.773647 1.204202 0.0 -0.918966 -2.091548 -12.789672 -0.363935 0.038773 14.167834 127.0
242 13480.0 -0.770382 1.216401 0.0 -0.928558 -2.091548 -12.789672 -0.363935 0.038773 14.167834 127.0
243 13480.0 -0.772431 1.237655 0.0 -0.950951 -2.091548 -12.789672 -0.363935 0.038773 14.167834 127.0
244 13480.0 -0.746219 1.223749 0.0 -0.918036 -2.091548 -12.789672 -0.363935 0.038773 14.167834 127.0
245 13480.0 -0.725756 1.2475 0.0 -0.926353 -2.091548 -12.789672 -0.363935 0.038773 14.167834 127.0
246 13480.0 -0.757048 1.237267 0.0 -0.939274 -2.091548 -12.789672 -0.363935 0.038773 14.167834 127.0
247 13480.0 -0.768629 1.26887 0.0 -0.972151 -2.091548 -12.789672 -0.363935 0.038773 14.167834 127.0
248 13480.0 -0.749641 1.252971 0.0 -0.948924 -2.091548 -12.789672 -0.363935 0.038773 14.167834 127.0
249 13480.0 -0.753096 1.246021 0.0 -0.944976 -2.091548 -12.789672 -0.363935 0.038773 14.167834 127.0
250 13480.0 -0.740743 1.249747 0.0 -0.939566 -2.091548 -12.789672 -0.363935 0.038773 14.167834 127.0
251 13480.0 -0.737947 1.259749 0.0 -0.945668 -2.091548 -12.789672 -0.363935 0.038773 14.167834 127.0
252 13480.0 -0.732733 1.290402 0.0 -0.96211 -2.091548 -12.789672 -0.363935 0.038773 14.167834 127.0
253 13480.0 -0.71882 1.31108 0.0 -0.966214 -2.091548 -12.789672 -0.363935 0.038773 14.167834 127.0
254 13480.0 -0.687913 1.322949 0.0 -0.953238 -2.091548 -12.789672 -0.363935 0.038773 14.167834 127.0
255 13480.0 -0.675893 1.341577 0.0 -0.957279 -2.091548 -12.789672 -0.363935 0.038773 14.167834 127.0
256 13480.0 -0.6554 1.331043 0.0 -0.936739 -2.091548 -12.789672 -0.363935 0.038773 14.167834 127.0
257 13480.0 -0.632632 1.340444 0.0 -0.927606 -2.091548 -12.789672 -0.363935 0.038773 14.167834 127.0
258 13480.0 -0.617909 1.355189 0.0 -0.92889 -2.091548 -12.789672 -0.363935 0.038773 14.167834 127.0
259 13480.0 -0.619803 1.358887 0.0 -0.933423 -2.091548 -12.789672 -0.363935 0.038773 14.167834 127.0
260 13480.0 -0.581743 1.363812 0.0 -0.912393 -2.091548 -12.789672 -0.363935 0.038773 14.167834 127.0
261 13480.0 -0.599215 1.37499 0.0 -0.934646 -2.091548 -12.789672 -0.363935 0.038773 14.167834 127.0
262 13480.0 -0.600415 1.351762 0.0 -0.914049 -2.091548 -12.789672 -0.363935 0.038773 14.167834 127.0
263 13480.0 -0.609742 1.342502 0.0 -0.913246 -2.091548 -12.789672 -0.363935 0.038773 14.167834 127.0
264 13480.0 -0.635262 1.350986 0.0 -0.936202 -2.091548 -12.789672 -0.363935 0.038773 14.167834 127.0
265 13480.0 -0.62222 1.369267 0.0 -0.944306 -2.091548 -12.789672 -0.363935 0.038773 14.167834 127.0
266 13480.0 -0.604298 1.393029 0.0 -0.954231 -2.091548 -12.789672 -0.363935 0.038773 14.167834 127.0
267 13480.0 -0.598138 1.377261 0.0 -0.936003 -2.091548 -12.789672 -0.363935 0.038773 14.167834 127.0
268 13480.0 -0.591886 1.368997 0.0 -0.92411 -2.091548 -12.789672 -0.363935 0.038773 14.167834 127.0
269 13480.0 -0.603214 1.381345 0.0 -0.943094 -2.091548 -12.789672 -0.363935 0.038773 14.167834 127.0
270 13480.0 -0.610904 1.366202 0.0 -0.93435 -2.091548 -12.789672 -0.363935 0.038773 14.167834 127.0
271 13480.0 -0.623189 1.36442 0.0 -0.940559 -2.091548 -12.789672 -0.363935 0.038773 14.167834 127.0
272 13480.0 -0.619812 1.381495 0.0 -0.953785 -2.091548 -12.789672 -0.363935 0.038773 14.167834 127.0
273 13480.0 -0.636594 1.377016 0.0 -0.960424 -2.091548 -12.789672 -0.363935 0.038773 14.167834 127.0
274 13480.0 -0.609271 1.341632 0.0 -0.912324 -2.091548 -12.789672 -0.363935 0.038773 14.167834 127.0
275 13480.0 -0.605148 1.35357 0.0 -0.918953 -2.091548 -12.789672 -0.363935 0.038773 14.167834 127.0
276 13480.0 -0.607289 1.369136 0.0 -0.934693 -2.091548 -12.789672 -0.363935 0.038773 14.167834 127.0
277 13480.0 -0.650164 1.359554 0.0 -0.953331 -2.091548 -12.789672 -0.363935 0.038773 14.167834 127.0
278 13480.0 -0.636526 1.381522 0.0 -0.964438 -2.091548 -12.789672 -0.363935 0.038773 14.167834 127.0
279 13480.0 -0.644067 1.399831 0.0 -0.981711 -2.091548 -12.789672 -0.363935 0.038773 14.167834 127.0
280 13480.0 -0.623897 1.34884 0.0 -0.927208 -2.091548 -12.789672 -0.363935 0.038773 14.167834 127.0
281 13480.0 -0.653416 1.373211 0.0 -0.967696 -2.091548 -12.789672 -0.363935 0.038773 14.167834 127.0
282 13480.0 -0.658376 1.401878 0.0 -0.991161 -2.091548 -12.789672 -0.363935 0.038773 14.167834 127.0
283 13480.0 -0.651992 1.373392 0.0 -0.966953 -2.091548 -12.789672 -0.363935 0.038773 14.167834 127.0
284 13480.0 -0.633836 1.399935 0.0 -0.975857 -2.091548 -12.789672 -0.363935 0.038773 14.167834 127.0
285 13480.0 -0.635492 1.412842 0.0 -0.984287 -2.091548 -12.789672 -0.363935 0.038773 14.167834 127.0
286 13480.0 -0.607543 1.423713 0.0 -0.974347 -2.091548 -12.789672 -0.363935 0.038773 14.167834 127.0
287 13480.0 -0.611448 1.430988 0.0 -0.980824 -2.091548 -12.789672 -0.363935 0.038773 14.167834 127.0
