 time p.x p.y p.z deep.node-0 CV opes.bias opes.rct opes.zed opes.neff opes.nker
0 9210.0 -0.653898 0.587861 0.0 -0.039011 -0.90697 -11.741811 -0.325768 0.037589 14.167834 131.0
1 9210.0 -0.682126 0.592967 0.0 -0.073363 -0.90697 -11.741811 -0.325768 0.037589 14.167834 131.0
2 9210.0 -0.667245 0.593933 0.0 -0.059647 -0.90697 -11.741811 -0.325768 0.037589 14.167834 131.0
3 9210.0 -0.690077 0.598198 0.0 -0.087594 -0.90697 -11.741811 -0.325768 0.037589 14.167834 131.0
4 9210.0 -0.670141 0.607057 0.0 -0.078302 -0.90697 -11.741811 -0.325768 0.037589 14.167834 131.0
5 9210.0 -0.68299 0.613594 0.0 -0.098999 -0.90697 -11.741811 -0.325768 0.037589 14.167834 131.0
6 9210.0 -0.687817 0.602923 0.0 -0.09101 -0.90697 -11.741811 -0.325768 0.037589 14.167834 131.0
7 9210.0 -0.666415 0.610821 0.0 -0.079099 -0.90697 -11.741811 -0.325768 0.037589 14.167834 131.0
8 9210.0 -0.670871 0.641014 0.0 -0.120096 -0.90697 -11.741811 -0.325768 0.037589 14.167834 131.0
9 9210.0 -0.678622 0.650495 0.0 -0.139873 -0.90697 -11.741811 -0.325768 0.037589 14.167834 131.0
10 9210.0 -0.684993 0.645799 0.0 -0.140444 -0.90697 -11.741811 -0.325768 0.037589 14.167834 131.0
11 9210.0 -0.697604 0.659238 0.0 -0.170124 -0.90697 -11.741811 -0.325768 0.037589 14.167834 131.0
12 9210.0 -0.715912 0.653266 0.0 -0.181212 -0.90697 -11.741811 -0.325768 0.037589 14.167834 131.0
13 9210.0 -0.744977 0.641674 0.0 -0.196022 -0.90697 -11.741811 -0.325768 0.037589 14.167834 131.0
14 9210.0 -0.754167 0.644955 0.0 -0.207634 -0.90697 -11.741811 -0.325768 0.037589 14.167834 131.0
15 9210.0 -0.778799 0.653756 0.0 -0.238765 -0.90697 -11.741811 -0.325768 0.037589 14.167834 131.0
16 9210.0 -0.760378 0.658047 0.0 -0.227074 -0.90697 -11.741811 -0.325768 0.037589 14.167834 131.0
17 9210.0 -0.749015 0.622966 0.0 -0.176773 -0.90697 -11.741811 -0.325768 0.037589 14.167834 131.0
18 9210.0 -0.746852 0.594653 0.0 -0.140096 -0.90697 -11.741811 -0.325768 0.037589 14.167834 131.0
19 9210.0 -0.758308 0.626608 0.0 -0.190782 -0.90697 -11.741811 -0.325768 0.037589 14.167834 131.0
20 9210.0 -0.766571 0.608825 0.0 -0.17684 -0.90697 -11.741811 -0.325768 0.037589 14.167834 131.0
21 9210.0 -0.781396 0.6256 0.0 -0.211043 -0.90697 -11.741811 -0.325768 0.037589 14.167834 131.0
22 9210.0 -0.785041 0.619828 0.0 -0.208108 -0.90697 -11.741811 -0.325768 0.037589 14.167834 131.0
23 9210.0 -0.800694 0.591631 0.0 -0.190293 -0.90697 -11.741811 -0.325768 0.037589 14.167834 131.0
24 9210.0 -0.808359 0.602272 0.0 -0.209981 -0.90697 -11.741811 -0.325768 0.037589 14.167834 131.0
25 9210.0 -0.833795 0.598767 0.0 -0.228704 -0.90697 -11.741811 -0.325768 0.037589 14.167834 131.0
26 9210.0 -0.853058 0.63701 0.0 -0.286481 -0.90697 -11.741811 -0.325768 0.037589 14.167834 131.0
27 9210.0 -0.857325 0.66379 0.0 -0.318798 -0.90697 -11.741811 -0.325768 0.037589 14.167834 131.0
28 9210.0 -0.876517 0.648141 0.0 -0.319061 -0.90697 -11.741811 -0.325768 0.037589 14.167834 131.0
29 9210.0 -0.874432 0.666176 0.0 -0.336447 -0.90697 -11.741811 -0.325768 0.037589 14.167834 131.0
30 9210.0 -0.873616 0.693332 0.0 -0.366885 -0.90697 -11.741811 -0.325768 0.037589 14.167834 131.0
31 9210.0 -0.86656 0.725618 0.0 -0.404799 -0.90697 -11.741811 -0.325768 0.037589 14.167834 131.0
32 9210.0 -0.88071 0.729239 0.0 -0.423574 -0.90697 -11.741811 -0.325768 0.037589 14.167834 131.0
33 9210.0 -0.875875 0.745349 0.0 -0.441215 -0.90697 -11.741811 -0.325768 0.037589 14.167834 131.0
34 9210.0 -0.879286 0.749298 0.0 -0.450007 -0.90697 -11.741811 -0.325768 0.037589 14.167834 131.0
35 9210.0 -0.883433 0.778815 0.0 -0.494475 -0.90697 -11.741811 -0.325768 0.037589 14.167834 131.0
36 9210.0 -0.912329 0.794574 0.0 -0.542697 -0.90697 -11.741811 -0.325768 0.037589 14.167834 131.0
37 9210.0 -0.928423 0.814477 0.0 -0.588354 -0.90697 -11.741811 -0.325768 0.037589 14.167834 131.0
38 9210.0 -0.947081 0.843517 0.0 -0.650746 -0.90697 -11.741811 -0.325768 0.037589 14.167834 131.0
39 9210.0 -0.968293 0.831467 0.0 -0.65266 -0.90697 -11.741811 -0.325768 0.037589 14.167834 131.0
40 9210.0 -0.958855 0.85523 0.0 -0.679238 -0.90697 -11.741811 -0.325768 0.037589 14.167834 131.0
41 9210.0 -0.96704 0.862486 0.0 -0.696344 -0.90697 -11.741811 -0.325768 0.037589 14.167834 131.0
42 9210.0 -0.945938 0.865524 0.0 -0.682192 -0.90697 -11.741811 -0.325768 0.037589 14.167834 131.0
43 9210.0 -0.917624 0.882489 0.0 -0.680956 -0.90697 -11.741811 -0.325768 0.037589 14.167834 131.0
44 9210.0 -0.91878 0.908835 0.0 -0.718249 -0.90697 -11.741811 -0.325768 0.037589 14.167834 131.0
45 9210.0 -0.95148 0.926977 0.0 -0.771652 -0.90697 -11.741811 -0.325768 0.037589 14.167834 131.0
46 9210.0 -0.967192 0.94566 0.0 -0.806991 -0.90697 -11.741811 -0.325768 0.037589 14.167834 131.0
47 9210.0 -1.00395 0.938765 0.0 -0.827206 -0.90697 -11.741811 -0.325768 0.037589 14.167834 131.0
48 9210.0 -0.995962 0.947309 0.0 -0.829737 -0.90697 -11.741811 -0.325768 0.037589 14.167834 131.0
49 9210.0 -0.970735 0.963079 0.0 -0.826713 -0.90697 -11.741811 -0.325768 0.037589 14.167834 131.0
50 9210.0 -0.974496 0.971204 0.0 -0.83746 -0.90697 -11.741811 -0.325768 0.037589 14.167834 131.0
51 9210.0 -0.981847 1.000706 0.0 -0.871852 -0.90697 -11.741811 -0.325768 0.037589 14.167834 131.0
52 9210.0 -0.961464 0.992611 0.0 -0.848929 -0.90697 -11.741811 -0.325768 0.037589 14.167834 131.0
53 9210.0 -0.94585 0.998829 0.0 -0.843575 -0.90697 -11.741811 -0.325768 0.037589 14.167834 131.0
54 9210.0 -0.934354 1.031244 0.0 -0.866991 -0.90697 -11.741811 -0.325768 0.037589 14.167834 131.0
55 9210.0 -0.919968 1.041086 0.0 -0.866099 -0.90697 -11.741811 -0.325768 0.037589 14.167834 131.0
56 9210.0 -0.908265 1.062558 0.0 -0.878608 -0.90697 -11.741811 -0.325768 0.037589 14.167834 131.0
57 9210.0 -0.890439 1.079949 0.0 -0.88261 -0.90697 -11.741811 -0.325768 0.037589 14.167834 131.0
58 9210.0 -0.877642 1.060478 0.0 -0.854077 -0.90697 -11.741811 -0.325768 0.037589 14.167834 131.0
59 9210.0 -0.867561 1.08221 0.0 -0.868034 -0.90697 -11.741811 -0.325768 0.037589 14.167834 131.0
60 9210.0 -0.880717 1.094584 0.0 -0.889855 -0.90697 -11.741811 -0.325768 0.037589 14.167834 131.0
61 9210.0 -0.854454 1.102394 0.0 -0.878246 -0.90697 -11.741811 -0.325768 0.037589 14.167834 131.0
62 9210.0 -0.852916 1.147654 0.0 -0.921599 -0.90697 -11.741811 -0.325768 0.037589 14.167834 131.0
63 9210.0 -0.823425 1.163686 0.0 -0.9157 -0.90697 -11.741811 -0.325768 0.037589 14.167834 131.0
64 9210.0 -0.809251 1.192108 0.0 -0.933225 -0.90697 -11.741811 -0.325768 0.037589 14.167834 131.0
65 9210.0 -0.807936 1.197529 0.0 -0.937587 -0.90697 -11.741811 -0.325768 0.037589 14.167834 131.0
66 9210.0 -0.80777 1.21265 0.0 -0.952326 -0.90697 -11.741811 -0.325768 0.037589 14.167834 131.0
67 9210.0 -0.802515 1.203106 0.0 -0.939087 -0.90697 -11.741811 -0.325768 0.037589 14.167834 131.0
68 9210.0 -0.785521 1.206085 0.0 -0.929537 -0.90697 -11.741811 -0.325768 0.037589 14.167834 131.0
69 9210.0 -0.762526 1.219825 0.0 -0.926155 -0.90697 -11.741811 -0.325768 0.037589 14.167834 131.0
70 9210.0 -0.754663 1.236132 0.0 -0.936407 -0.90697 -11.741811 -0.325768 0.037589 14.167834 131.0
71 9210.0 -0.723952 1.250074 0.0 -0.927558 -0.90697 -11.741811 -0.325768 0.037589 14.167834 131.0
72 9210.0 -0.73207 1.29833 0.0 -0.966808 -0.90697 -11.741811 -0.325768 0.037589 14.167834 131.0
73 9210.0 -0.719996 1.293177 0.0 -0.955389 -0.90697 -11.741811 -0.325768 0.037589 14.167834 131.0
74 9210.0 -0.707245 1.292619 0.0 -0.946498 -0.90697 -11.741811 -0.325768 0.037589 14.167834 131.0
75 9210.0 -0.696103 1.313475 0.0 -0.952572 -0.90697 -11.741811 -0.325768 0.037589 14.167834 131.0
76 9210.0 -0.66562 1.308397 0.0 -0.928887 -0.90697 -11.741811 -0.325768 0.037589 14.167834 131.0
77 9210.0 -0.654178 1.319043 0.0 -0.928138 -0.90697 -11.741811 -0.325768 0.037589 14.167834 131.0
78 9210.0 -0.657284 1.311109 0.0 -0.92507 -0.90697 -11.741811 -0.325768 0.037589 14.167834 131.0
79 9210.0 -0.643486 1.288487 0.0 -0.901167 -0.90697 -11.741811 -0.325768 0.037589 14.167834 131.0
80 9210.0 -0.652033 1.322833 0.0 -0.929161 -0.90697 -11.741811 -0.325768 0.037589 14.167834 131.0
81 9210.0 -0.657086 1.34018 0.0 -0.943792 -0.90697 -11.741811 -0.325768 0.037589 14.167834 131.0
82 9210.0 -0.640614 1.349572 0.0 -0.938865 -0.90697 -11.741811 -0.325768 0.037589 14.167834 131.0
83 9210.0 -0.649535 1.363745 0.0 -0.956705 -0.90697 -11.741811 -0.325768 0.037589 14.167834 131.0
84 9210.0 -0.633758 1.384313 0.0 -0.965191 -0.90697 -11.741811 -0.325768 0.037589 14.167834 131.0
85 9210.0 -0.62752 1.338799 0.0 -0.92312 -0.90697 -11.741811 -0.325768 0.037589 14.167834 131.0
86 9210.0 -0.608447 1.317798 0.0 -0.895758 -0.90697 -11.741811 -0.325768 0.037589 14.167834 131.0
87 9210.0 -0.610431 1.33124 0.0 -0.906191 -0.90697 -11.741811 -0.325768 0.037589 14.167834 131.0
88 9210.0 -0.616917 1.338275 0.0 -0.915554 -0.90697 -11.741811 -0.325768 0.037589 14.167834 131.0
89 9210.0 -0.620641 1.367641 0.0 -0.941838 -0.90697 -11.741811 -0.325768 0.037589 14.167834 131.0
90 9210.0 -0.612732 1.380217 0.0 -0.948132 -0.90697 -11.741811 -0.325768 0.037589 14.167834 131.0
91 9210.0 -0.639292 1.360838 0.0 -0.947574 -0.90697 -11.741811 -0.325768 0.037589 14.167834 131.0
92 9210.0 -0.632783 1.358464 0.0 -0.941297 -0.90697 -11.741811 -0.325768 0.037589 14.167834 131.0
93 9210.0 -0.621996 1.356583 0.0 -0.932743 -0.90697 -11.741811 -0.325768 0.037589 14.167834 131.0
94 9210.0 -0.615005 1.380892 0.0 -0.950185 -0.90697 -11.741811 -0.325768 0.037589 14.167834 131.0
95 9210.0 -0.605193 1.378803 0.0 -0.942063 -0.90697 -11.741811 -0.325768 0.037589 14.167834 131.0
96 9210.0 -0.597093 1.399585 0.0 -0.954319 -0.90697 -11.741811 -0.325768 0.037589 14.167834 131.0
97 9210.0 -0.594585 1.37694 0.0 -0.933278 -0.90697 -11.741811 -0.325768 0.037589 14.167834 131.0
98 9210.0 -0.591884 1.374387 0.0 -0.929077 -0.90697 -11.741811 -0.325768 0.037589 14.167834 131.0
99 9210.0 -0.596568 1.366207 0.0 -0.924738 -0.90697 -11.741811 -0.325768 0.037589 14.167834 131.0
100 9210.0 -0.616836 1.358985 0.0 -0.931624 -0.90697 -11.741811 -0.325768 0.037589 14.167834 131.0
101 9210.0 -0.600424 1.365408 0.0 -0.926638 -0.90697 -11.741811 -0.325768 0.037589 14.167834 131.0
102 9210.0 -0.584819 1.355252 0.0 -0.906604 -0.90697 -11.741811 -0.325768 0.037589 14.167834 131.0
103 9210.0 -0.575738 1.366922 0.0 -0.911155 -0.90697 -11.741811 -0.325768 0.037589 14.167834 131.0
104 9210.0 -0.577134 1.396158 0.0 -0.938806 -0.90697 -11.741811 -0.325768 0.037589 14.167834 131.0
105 9210.0 -0.604197 1.404398 0.0 -0.961229 -0.90697 -11.741811 -0.325768 0.037589 14.167834 131.0
106 9210.0 -0.592227 1.400581 0.0 -0.952069 -0.90697 -11.741811 -0.325768 0.037589 14.167834 131.0
107 9210.0 -0.609157 1.401335 0.0 -0.962336 -0.90697 -11.741811 -0.325768 0.037589 14.167834 131.0
108 9210.0 -0.596581 1.406299 0.0 -0.957906 -0.90697 -11.741811 -0.325768 0.037589 14.167834 131.0
109 9210.0 -0.597119 1.386084 0.0 -0.943438 -0.90697 -11.741811 -0.325768 0.037589 14.167834 131.0
110 9210.0 -0.58411 1.382889 0.0 -0.931578 -0.90697 -11.741811 -0.325768 0.037589 14.167834 131.0
111 9210.0 -0.584294 1.387709 0.0 -0.936077 -0.90697 -11.741811 -0.325768 0.037589 14.167834 131.0
112 9210.0 -0.576157 1.39742 0.0 -0.939279 -0.90697 -11.741811 -0.325768 0.037589 14.167834 131.0
113 9210.0 -0.577916 1.430299 0.0 -0.96057 -0.90697 -11.741811 -0.325768 0.037589 14.167834 131.0
114 9210.0 -0.576461 1.439391 0.0 -0.96209 -0.90697 -11.741811 -0.325768 0.037589 14.167834 131.0
115 9210.0 -0.554433 1.443936 0.0 -0.943792 -0.90697 -11.741811 -0.325768 0.037589 14.167834 131.0
116 9210.0 -0.542613 1.4428 0.0 -0.933285 -0.90697 -11.741811 -0.325768 0.037589 14.167834 131.0
117 9210.0 -0.529543 1.426766 0.0 -0.9191 -0.90697 -11.741811 -0.325768 0.037589 14.167834 131.0
118 9210.0 -0.553773 1.412261 0.0 -0.934399 -0.90697 -11.741811 -0.325768 0.037589 14.167834 131.0
119 9210.0 -0.547719 1.429901 0.0 -0.935497 -0.90697 -11.741811 -0.325768 0.037589 14.167834 131.0
120 9210.0 -0.557737 1.421082 0.0 -0.941168 -0.90697 -11.741811 -0.325768 0.037589 14.167834 131.0
121 9210.0 -0.568189 1.423396 0.0 -0.950327 -0.90697 -11.741811 -0.325768 0.037589 14.167834 131.0
122 9210.0 -0.562207 1.418297 0.0 -0.943563 -0.90697 -11.741811 -0.325768 0.037589 14.167834 131.0
123 9210.0 -0.566176 1.418319 0.0 -0.946302 -0.90697 -11.741811 -0.325768 0.037589 14.167834 131.0
124 9210.0 -0.58214 1.425778 0.0 -0.96079 -0.90697 -11.741811 -0.325768 0.037589 14.167834 131.0
125 9210.0 -0.574821 1.434134 0.0 -0.959717 -0.90697 -11.741811 -0.325768 0.037589 14.167834 131.0
126 9210.0 -0.554778 1.431528 0.0 -0.941937 -0.90697 -11.741811 -0.325768 0.037589 14.167834 131.0
127 9210.0 -0.576324 1.439886 0.0 -0.962052 -0.90697 -11.741811 -0.325768 0.037589 14.167834 131.0
128 9210.0 -0.563887 1.436004 0.0 -0.950658 -0.90697 -11.741811 -0.325768 0.037589 14.167834 131.0
129 9210.0 -0.575101 1.437038 0.0 -0.960611 -0.90697 -11.741811 -0.325768 0.037589 14.167834 131.0
130 9210.0 -0.576982 1.446469 0.0 -0.963596 -0.90697 -11.741811 -0.325768 0.037589 14.167834 131.0
131 9210.0 -0.56422 1.458003 0.0 -0.954772 -0.90697 -11.741811 -0.325768 0.037589 14.167834 131.0
132 9210.0 -0.555714 1.450464 0.0 -0.946044 -0.90697 -11.741811 -0.325768 0.037589 14.167834 131.0
133 9210.0 -0.548835 1.462938 0.0 -0.942211 -0.90697 -11.741811 -0.325768 0.037589 14.167834 131.0
134 9210.0 -0.528545 1.464385 0.0 -0.924767 -0.90697 -11.741811 -0.325768 0.037589 14.167834 131.0
135 9210.0 -0.535456 1.445548 0.0 -0.927521 -0.90697 -11.741811 -0.325768 0.037589 14.167834 131.0
136 9210.0 -0.567553 1.446069 0.0 -0.955604 -0.90697 -11.741811 -0.325768 0.037589 14.167834 131.0
137 9210.0 -0.565396 1.451987 0.0 -0.954752 -0.90697 -11.741811 -0.325768 0.037589 14.167834 131.0
138 9210.0 -0.562995 1.439559 0.0 -0.950498 -0.90697 -11.741811 -0.325768 0.037589 14.167834 131.0
139 9210.0 -0.539324 1.421832 0.0 -0.926773 -0.90697 -11.741811 -0.325768 0.037589 14.167834 131.0
140 9210.0 -0.533297 1.418739 0.0 -0.920936 -0.90697 -11.741811 -0.325768 0.037589 14.167834 131.0
141 9210.0 -0.532745 1.427794 0.0 -0.922071 -0.90697 -11.741811 -0.325768 0.037589 14.167834 131.0
142 9210.0 -0.554506 1.445682 0.0 -0.944159 -0.90697 -11.741811 -0.325768 0.037589 14.167834 131.0
143 9210.0 -0.547209 1.430549 0.0 -0.935165 -0.90697 -11.741811 -0.325768 0.037589 14.167834 131.0
144 9210.0 -0.528339 1.420166 0.0 -0.916903 -0.90697 -11.741811 -0.325768 0.037589 14.167834 131.0
145 9210.0 -0.571737 1.415836 0.0 -0.948385 -0.90697 -11.741811 -0.325768 0.037589 14.167834 131.0
146 9210.0 -0.585794 1.399612 0.0 -0.947482 -0.90697 -11.741811 -0.325768 0.037589 14.167834 131.0
147 9210.0 -0.577597 1.408642 0.0 -0.94775 -0.90697 -11.741811 -0.325768 0.037589 14.167834 131.0
148 9210.0 -0.574055 1.429147 0.0 -0.957186 -0.90697 -11.741811 -0.325768 0.037589 14.167834 131.0
149 9210.0 -0.562178 1.437573 0.0 -0.949441 -0.90697 -11.741811 -0.325768 0.037589 14.167834 131.0
150 9210.0 -0.569137 1.456793 0.0 -0.958699 -0.90697 -11.741811 -0.325768 0.037589 14.167834 131.0
151 9210.0 -0.554216 1.436519 0.0 -0.942313 -0.90697 -11.741811 -0.325768 0.037589 14.167834 131.0
152 9210.0 -0.556867 1.428152 0.0 -0.943172 -0.90697 -11.741811 -0.325768 0.037589 14.167834 131.0
153 9210.0 -0.555657 1.436574 0.0 -0.943579 -0.90697 -11.741811 -0.325768 0.037589 14.167834 131.0
154 9210.0 -0.535008 1.416924 0.0 -0.921589 -0.90697 -11.741811 -0.325768 0.037589 14.167834 131.0
155 9210.0 -0.54133 1.422768 0.0 -0.928686 -0.90697 -11.741811 -0.325768 0.037589 14.167834 131.0
156 9210.0 -0.547778 1.41814 0.0 -0.932157 -0.90697 -11.741811 -0.325768 0.037589 14.167834 131.0
157 9210.0 -0.57397 1.438977 0.0 -0.959969 -0.90697 -11.741811 -0.325768 0.037589 14.167834 131.0
158 9210.0 -0.583759 1.421009 0.0 -0.958972 -0.90697 -11.741811 -0.325768 0.037589 14.167834 131.0
159 9210.0 -0.568854 1.417282 0.0 -0.947442 -0.90697 -11.741811 -0.325768 0.037589 14.167834 131.0
160 9210.0 -0.545873 1.454874 0.0 -0.938227 -0.90697 -11.741811 -0.325768 0.037589 14.167834 131.0
161 9210.0 -0.53375 1.460649 0.0 -0.928657 -0.90697 -11.741811 -0.325768 0.037589 14.167834 131.0
162 9210.0 -0.535445 1.473445 0.0 -0.932359 -0.90697 -11.741811 -0.325768 0.037589 14.167834 131.0
163 9210.0 -0.511909 1.46729 0.0 -0.910763 -0.90697 -11.741811 -0.325768 0.037589 14.167834 131.0
164 9210.0 -0.507551 1.443598 0.0 -0.902845 -0.90697 -11.741811 -0.325768 0.037589 14.167834 131.0
165 9210.0 -0.512224 1.451108 0.0 -0.908225 -0.90697 -11.741811 -0.325768 0.037589 14.167834 131.0
166 9210.0 -0.511081 1.478442 0.0 -0.911978 -0.90697 -11.741811 -0.325768 0.037589 14.167834 131.0
167 9210.0 -0.527624 1.466699 0.0 -0.924365 -0.90697 -11.741811 -0.325768 0.037589 14.167834 131.0
168 9210.0 -0.535271 1.466931 0.0 -0.931075 -0.90697 -11.741811 -0.325768 0.037589 14.167834 131.0
169 9210.0 -0.503822 1.472881 0.0 -0.90468 -0.90697 -11.741811 -0.325768 0.037589 14.167834 131.0
170 9210.0 -0.490549 1.486481 0.0 -0.895468 -0.90697 -11.741811 -0.325768 0.037589 14.167834 131.0
171 9210.0 -0.534186 1.488458 0.0 -0.933869 -0.90697 -11.741811 -0.325768 0.037589 14.167834 131.0
172 9210.0 -0.531012 1.478717 0.0 -0.929408 -0.90697 -11.741811 -0.325768 0.037589 14.167834 131.0
173 9210.0 -0.52324 1.476061 0.0 -0.922169 -0.90697 -11.741811 -0.325768 0.037589 14.167834 131.0
174 9210.0 -0.519488 1.509589 0.0 -0.924723 -0.90697 -11.741811 -0.325768 0.037589 14.167834 131.0
175 9210.0 -0.539354 1.478568 0.0 -0.936658 -0.90697 -11.741811 -0.325768 0.037589 14.167834 131.0
176 9210.0 -0.542099 1.484132 0.0 -0.940019 -0.90697 -11.741811 -0.325768 0.037589 14.167834 131.0
177 9210.0 -0.504102 1.485587 0.0 -0.907133 -0.90697 -11.741811 -0.325768 0.037589 14.167834 131.0
178 9210.0 -0.51571 1.499302 0.0 -0.919639 -0.90697 -11.741811 -0.325768 0.037589 14.167834 131.0
179 9210.0 -0.505982 1.506846 0.0 -0.912466 -0.90697 -11.741811 -0.325768 0.037589 14.167834 131.0
180 9210.0 -0.521713 1.511221 0.0 -0.926946 -0.90697 -11.741811 -0.325768 0.037589 14.167834 131.0
181 9210.0 -0.524128 1.51587 0.0 -0.92986 -0.90697 -11.741811 -0.325768 0.037589 14.167834 131.0
182 9210.0 -0.499866 1.519564 0.0 -0.909342 -0.90697 -11.741811 -0.325768 0.037589 14.167834 131.0
183 9210.0 -0.465912 1.508739 0.0 -0.877849 -0.90697 -11.741811 -0.325768 0.037589 14.167834 131.0
184 9210.0 -0.457593 1.506636 0.0 -0.870228 -0.90697 -11.741811 -0.325768 0.037589 14.167834 131.0
185 9210.0 -0.482703 1.520882 0.0 -0.894602 -0.90697 -11.741811 -0.325768 0.037589 14.167834 131.0
186 9210.0 -0.493547 1.51111 0.0 -0.902362 -0.90697 -11.741811 -0.325768 0.037589 14.167834 131.0
187 9210.0 -0.505842 1.522697 0.0 -0.915098 -0.90697 -11.741811 -0.325768 0.037589 14.167834 131.0
188 9210.0 -0.506779 1.511987 0.0 -0.914055 -0.90697 -11.741811 -0.325768 0.037589 14.167834 131.0
189 9210.0 -0.483907 1.496505 0.0 -0.891417 -0.90697 -11.741811 -0.325768 0.037589 14.167834 131.0
190 9210.0 -0.468764 1.504627 0.0 -0.879621 -0.90697 -11.741811 -0.325768 0.037589 14.167834 131.0
191 9210.0 -0.469438 1.500653 0.0 -0.879519 -0.90697 -11.741811 -0.325768 0.037589 14.167834 131.0
192 9210.0 -0.47421 1.508411 0.0 -0.885029 -0.90697 -11.741811 -0.325768 0.037589 14.167834 131.0
193 9210.0 -0.490041 1.508567 0.0 -0.898862 -0.90697 -11.741811 -0.325768 0.037589 14.167834 131.0
194 9210.0 -0.494531 1.487589 0.0 -0.899133 -0.90697 -11.741811 -0.325768 0.037589 14.167834 131.0
195 9210.0 -0.495416 1.49756 0.0 -0.901638 -0.90697 -11.741811 -0.325768 0.037589 14.167834 131.0
196 9210.0 -0.496808 1.470633 0.0 -0.898173 -0.90697 -11.741811 -0.325768 0.037589 14.167834 131.0
197 9210.0 -0.495065 1.484637 0.0 -0.899086 -0.90697 -11.741811 -0.325768 0.037589 14.167834 131.0
198 9210.0 -0.487255 1.520465 0.0 -0.8985 -0.90697 -11.741811 -0.325768 0.037589 14.167834 131.0
199 9210.0 -0.456599 1.53082 0.0 -0.873563 -0.90697 -11.741811 -0.325768 0.037589 14.167834 131.0
200 9210.0 -0.454452 1.526325 0.0 -0.870909 -0.90697 -11.741811 -0.325768 0.037589 14.167834 131.0
201 9210.0 -0.474733 1.527581 0.0 -0.888816 -0.90697 -11.741811 -0.325768 0.037589 14.167834 131.0
202 9210.0 -0.467771 1.540381 0.0 -0.884968 -0.90697 -11.741811 -0.325768 0.037589 14.167834 131.0
203 9210.0 -0.456564 1.521289 0.0 -0.871876 -0.90697 -11.741811 -0.325768 0.037589 14.167834 131.0
204 9210.0 -0.441651 1.533128 0.0 -0.860927 -0.90697 -11.741811 -0.325768 0.037589 14.167834 131.0
205 9210.0 -0.426706 1.506068 0.0 -0.843191 -0.90697 -11.741811 -0.325768 0.037589 14.167834 131.0
206 9210.0 -0.434735 1.517539 0.0 -0.852187 -0.90697 -11.741811 -0.325768 0.037589 14.167834 131.0
207 9210.0 -0.458185 1.542063 0.0 -0.8769 -0.90697 -11.741811 -0.325768 0.037589 14.167834 131.0
208 9210.0 -0.445345 1.523646 0.0 -0.862501 -0.90697 -11.741811 -0.325768 0.037589 14.167834 131.0
209 9210.0 -0.445571 1.520975 0.0 -0.862235 -0.90697 -11.741811 -0.325768 0.037589 14.167834 131.0
210 9210.0 -0.448233 1.523475 0.0 -0.864991 -0.90697 -11.741811 -0.325768 0.037589 14.167834 131.0
211 9210.0 -0.454521 1.520923 0.0 -0.870031 -0.90697 -11.741811 -0.325768 0.037589 14.167834 131.0
212 9210.0 -0.480665 1.516124 0.0 -0.891998 -0.90697 -11.741811 -0.325768 0.037589 14.167834 131.0
213 9210.0 -0.494953 1.501049 0.0 -0.90184 -0.90697 -11.741811 -0.325768 0.037589 14.167834 131.0
214 9210.0 -0.489529 1.468757 0.0 -0.891498 -0.90697 -11.741811 -0.325768 0.037589 14.167834 131.0
215 9210.0 -0.519703 1.502334 0.0 -0.923649 -0.90697 -11.741811 -0.325768 0.037589 14.167834 131.0
216 9210.0 -0.476115 1.502258 0.0 -0.885621 -0.90697 -11.741811 -0.325768 0.037589 14.167834 131.0
217 9210.0 -0.514797 1.520081 0.0 -0.922454 -0.90697 -11.741811 -0.325768 0.037589 14.167834 131.0
218 9210.0 -0.514578 1.52706 0.0 -0.923475 -0.90697 -11.741811 -0.325768 0.037589 14.167834 131.0
219 9210.0 -0.510449 1.508124 0.0 -0.916584 -0.90697 -11.741811 -0.325768 0.037589 14.167834 131.0
220 9210.0 -0.506232 1.51592 0.0 -0.914261 -0.90697 -11.741811 -0.325768 0.037589 14.167834 131.0
221 9210.0 -0.502527 1.515204 0.0 -0.910905 -0.90697 -11.741811 -0.325768 0.037589 14.167834 131.0
222 9210.0 -0.463926 1.488474 0.0 -0.872596 -0.90697 -11.741811 -0.325768 0.037589 14.167834 131.0
223 9210.0 -0.48126 1.475818 0.0 -0.885514 -0.90697 -11.741811 -0.325768 0.037589 14.167834 131.0
224 9210.0 -0.498832 1.466637 0.0 -0.899244 -0.90697 -11.741811 -0.325768 0.037589 14.167834 131.0
225 9210.0 -0.504735 1.469427 0.0 -0.904877 -0.90697 -11.741811 -0.325768 0.037589 14.167834 131.0
226 9210.0 -0.538036 1.472608 0.0 -0.934473 -0.90697 -11.741811 -0.325768 0.037589 14.167834 131.0
227 9210.0 -0.531122 1.483927 0.0 -0.930409 -0.90697 -11.741811 -0.325768 0.037589 14.167834 131.0
228 9210.0 -0.506109 1.466008 0.0 -0.905481 -0.90697 -11.741811 -0.325768 0.037589 14.167834 131.0
229 9210.0 -0.505267 1.481651 0.0 -0.907465 -0.90697 -11.741811 -0.325768 0.037589 14.167834 131.0
230 9210.0 -0.504856 1.490315 0.0 -0.908612 -0.90697 -11.741811 -0.325768 0.037589 14.167834 131.0
231 9210.0 -0.513413 1.494701 0.0 -0.916837 -0.90697 -11.741811 -0.325768 0.037589 14.167834 131.0
232 9210.0 -0.517388 1.466507 0.0 -0.915405 -0.90697 -11.741811 -0.325768 0.037589 14.167834 131.0
233 9210.0 -0.498621 1.483138 0.0 -0.901928 -0.90697 -11.741811 -0.325768 0.037589 14.167834 131.0
234 9210.0 -0.503099 1.47023 0.0 -0.90359 -0.90697 -11.741811 -0.325768 0.037589 14.167834 131.0
235 9210.0 -0.505154 1.467095 0.0 -0.904837 -0.90697 -11.741811 -0.325768 0.037589 14.167834 131.0
236 9210.0 -0.525153 1.4834 0.0 -0.925112 -0.90697 -11.741811 -0.325768 0.037589 14.167834 131.0
237 9210.0 -0.519048 1.481202 0.0 -0.919406 -0.90697 -11.741811 -0.325768 0.037589 14.167834 131.0
238 9210.0 -0.497917 1.466203 0.0 -0.898371 -0.90697 -11.741811 -0.325768 0.037589 14.167834 131.0
239 9210.0 -0.484858 1.454483 0.0 -0.884945 -0.90697 -11.741811 -0.325768 0.037589 14.167834 131.0
240 9210.0 -0.511892 1.499793 0.0 -0.916396 -0.90697 -11.741811 -0.325768 0.037589 14.167834 131.0
241 9210.0 -0.507963 1.498426 0.0 -0.912731 -0.90697 -11.741811 -0.325768 0.037589 14.167834 131.0
242 9210.0 -0.528102 1.484774 0.0 -0.927923 -0.90697 -11.741811 -0.325768 0.037589 14.167834 131.0
243 9210.0 -0.517083 1.483539 0.0 -0.918098 -0.90697 -11.741811 -0.325768 0.037589 14.167834 131.0
244 9210.0 -0.505326 1.483659 0.0 -0.907865 -0.90697 -11.741811 -0.325768 0.037589 14.167834 131.0
245 9210.0 -0.498718 1.486453 0.0 -0.902587 -0.90697 -11.741811 -0.325768 0.037589 14.167834 131.0
246 9210.0 -0.509153 1.48741 0.0 -0.911855 -0.90697 -11.741811 -0.325768 0.037589 14.167834 131.0
247 9210.0 -0.480411 1.497797 0.0 -0.888593 -0.90697 -11.741811 -0.325768 0.037589 14.167834 131.0
248 9210.0 -0.491353 1.485924 0.0 -0.896073 -0.90697 -11.741811 -0.325768 0.037589 14.167834 131.0
249 9210.0 -0.511621 1.46869 0.0 -0.910754 -0.90697 -11.741811 -0.325768 0.037589 14.167834 131.0
250 9210.0 -0.53377 1.458059 0.0 -0.928224 -0.90697 -11.741811 -0.325768 0.037589 14.167834 131.0
251 9210.0 -0.536161 1.446317 0.0 -0.92827 -0.90697 -11.741811 -0.325768 0.037589 14.167834 131.0
252 9210.0 -0.545509 1.464154 0.0 -0.939522 -0.90697 -11.741811 -0.325768 0.037589 14.167834 131.0
253 9210.0 -0.51269 1.479328 0.0 -0.913535 -0.90697 -11.741811 -0.325768 0.037589 14.167834 131.0
254 9210.0 -0.519081 1.469696 0.0 -0.917436 -0.90697 -11.741811 -0.325768 0.037589 14.167834 131.0
255 9210.0 -0.546783 1.473222 0.0 -0.942209 -0.90697 -11.741811 -0.325768 0.037589 14.167834 131.0
256 9210.0 -0.533641 1.450991 0.0 -0.926883 -0.90697 -11.741811 -0.325768 0.037589 14.167834 131.0
257 9210.0 -0.522437 1.428843 0.0 -0.913264 -0.90697 -11.741811 -0.325768 0.037589 14.167834 131.0
258 9210.0 -0.528581 1.437742 0.0 -0.920169 -0.90697 -11.741811 -0.325768 0.037589 14.167834 131.0
259 9210.0 -0.510977 1.43639 0.0 -0.90458 -0.90697 -11.741811 -0.325768 0.037589 14.167834 131.0
260 9210.0 -0.522553 1.422126 0.0 -0.912198 -0.90697 -11.741811 -0.325768 0.037589 14.167834 131.0
261 9210.0 -0.535678 1.430801 0.0 -0.925152 -0.90697 -11.741811 -0.325768 0.037589 14.167834 131.0
262 9210.0 -0.525717 1.397808 0.0 -0.902993 -0.90697 -11.741811 -0.325768 0.037589 14.167834 131.0
263 9210.0 -0.547934 1.394992 0.0 -0.917635 -0.90697 -11.741811 -0.325768 0.037589 14.167834 131.0
264 9210.0 -0.576789 1.400972 0.0 -0.942638 -0.90697 -11.741811 -0.325768 0.037589 14.167834 131.0
265 9210.0 -0.575148 1.3761 0.0 -0.919214 -0.90697 -11.741811 -0.325768 0.037589 14.167834 131.0
266 9210.0 -0.568293 1.404556 0.0 -0.93945 -0.90697 -11.741811 -0.325768 0.037589 14.167834 131.0
267 9210.0 -0.566502 1.422596 0.0 -0.948684 -0.90697 -11.741811 -0.325768 0.037589 14.167834 131.0
268 9210.0 -0.556942 1.421682 0.0 -0.940771 -0.90697 -11.741811 -0.325768 0.037589 14.167834 131.0
269 9210.0 -0.543109 1.414566 0.0 -0.927085 -0.90697 -11.741811 -0.325768 0.037589 14.167834 131.0
270 9210.0 -0.561713 1.412137 0.0 -0.939833 -0.90697 -11.741811 -0.325768 0.037589 14.167834 131.0
271 9210.0 -0.565599 1.430725 0.0 -0.951108 -0.90697 -11.741811 -0.325768 0.037589 14.167834 131.0
272 9210.0 -0.565748 1.419696 0.0 -0.946796 -0.90697 -11.741811 -0.325768 0.037589 14.167834 131.0
273 9210.0 -0.569756 1.421082 0.0 -0.95025 -0.90697 -11.741811 -0.325768 0.037589 14.167834 131.0
274 9210.0 -0.575366 1.398299 0.0 -0.93953 -0.90697 -11.741811 -0.325768 0.037589 14.167834 131.0
275 9210.0 -0.574772 1.394849 0.0 -0.935992 -0.90697 -11.741811 -0.325768 0.037589 14.167834 131.0
276 9210.0 -0.558102 1.388497 0.0 -0.918748 -0.90697 -11.741811 -0.325768 0.037589 14.167834 131.0
277 9210.0 -0.557803 1.395071 0.0 -0.924505 -0.90697 -11.741811 -0.325768 0.037589 14.167834 131.0
278 9210.0 -0.557598 1.41635 0.0 -0.939231 -0.90697 -11.741811 -0.325768 0.037589 14.167834 131.0
279 9210.0 -0.552808 1.428569 0.0 -0.939705 -0.90697 -11.741811 -0.325768 0.037589 14.167834 131.0
280 9210.0 -0.548195 1.450619 0.0 -0.939512 -0.90697 -11.741811 -0.325768 0.037589 14.167834 131.0
281 9210.0 -0.57415 1.455548 0.0 -0.962642 -0.90697 -11.741811 -0.325768 0.037589 14.167834 131.0
282 9210.0 -0.549208 1.456726 0.0 -0.941457 -0.90697 -11.741811 -0.325768 0.037589 14.167834 131.0
283 9210.0 -0.537866 1.44495 0.0 -0.929519 -0.90697 -11.741811 -0.325768 0.037589 14.167834 131.0
284 9210.0 -0.568407 1.441571 0.0 -0.955568 -0.90697 -11.741811 -0.325768 0.037589 14.167834 131.0
285 9210.0 -0.556525 1.437059 0.0 -0.944421 -0.90697 -11.741811 -0.325768 0.037589 14.167834 131.0
286 9210.0 -0.544381 1.427282 0.0 -0.932131 -0.90697 -11.741811 -0.325768 0.037589 14.167834 131.0
287 9210.0 -0.56186 1.425102 0.0 -0.94598 -0.90697 -11.741811 -0.325768 0.037589 14.167834 131.0
