 time p.x p.y p.z deep.node-0 CV opes.bias opes.rct opes.zed opes.neff opes.nker
0 3260.0 -0.663534 0.54286 0.0 0.0054 -0.9519 -16.194352 -0.221372 0.040034 14.167834 123.0
1 3260.0 -0.657597 0.553679 0.0 -0.001657 -0.9519 -16.194352 -0.221372 0.040034 14.167834 123.0
2 3260.0 -0.667567 0.57352 0.0 -0.035453 -0.9519 -16.194352 -0.221372 0.040034 14.167834 123.0
3 3260.0 -0.671973 0.571575 0.0 -0.037522 -0.9519 -16.194352 -0.221372 0.040034 14.167834 123.0
4 3260.0 -0.675197 0.591343 0.0 -0.064486 -0.9519 -16.194352 -0.221372 0.040034 14.167834 123.0
5 3260.0 -0.661826 0.58729 0.0 -0.046251 -0.9519 -16.194352 -0.221372 0.040034 14.167834 123.0
6 3260.0 -0.641893 0.597939 0.0 -0.039113 -0.9519 -16.194352 -0.221372 0.040034 14.167834 123.0
7 3260.0 -0.651321 0.595789 0.0 -0.045956 -0.9519 -16.194352 -0.221372 0.040034 14.167834 123.0
8 3260.0 -0.659732 0.586843 0.0 -0.043621 -0.9519 -16.194352 -0.221372 0.040034 14.167834 123.0
9 3260.0 -0.66291 0.589206 0.0 -0.049636 -0.9519 -16.194352 -0.221372 0.040034 14.167834 123.0
10 3260.0 -0.630281 0.598153 0.0 -0.027761 -0.9519 -16.194352 -0.221372 0.040034 14.167834 123.0
11 3260.0 -0.634598 0.605662 0.0 -0.041095 -0.9519 -16.194352 -0.221372 0.040034 14.167834 123.0
12 3260.0 -0.629167 0.582739 0.0 -0.008136 -0.9519 -16.194352 -0.221372 0.040034 14.167834 123.0
13 3260.0 -0.63443 0.569556 0.0 0.002435 -0.9519 -16.194352 -0.221372 0.040034 14.167834 123.0
14 3260.0 -0.652299 0.581549 0.0 -0.029832 -0.9519 -16.194352 -0.221372 0.040034 14.167834 123.0
15 3260.0 -0.67841 0.588461 0.0 -0.064236 -0.9519 -16.194352 -0.221372 0.040034 14.167834 123.0
16 3260.0 -0.699773 0.613337 0.0 -0.115469 -0.9519 -16.194352 -0.221372 0.040034 14.167834 123.0
17 3260.0 -0.716042 0.61117 0.0 -0.129131 -0.9519 -16.194352 -0.221372 0.040034 14.167834 123.0
18 3260.0 -0.700808 0.599352 0.0 -0.099708 -0.9519 -16.194352 -0.221372 0.040034 14.167834 123.0
19 3260.0 -0.703332 0.605326 0.0 -0.109406 -0.9519 -16.194352 -0.221372 0.040034 14.167834 123.0
20 3260.0 -0.726692 0.596401 0.0 -0.122041 -0.9519 -16.194352 -0.221372 0.040034 14.167834 123.0
21 3260.0 -0.789929 0.605051 0.0 -0.195816 -0.9519 -16.194352 -0.221372 0.040034 14.167834 123.0
22 3260.0 -0.799507 0.615218 0.0 -0.215967 -0.9519 -16.194352 -0.221372 0.040034 14.167834 123.0
23 3260.0 -0.811795 0.580857 0.0 -0.188452 -0.9519 -16.194352 -0.221372 0.040034 14.167834 123.0
24 3260.0 -0.839306 0.595718 0.0 -0.23032 -0.9519 -16.194352 -0.221372 0.040034 14.167834 123.0
25 3260.0 -0.837881 0.603261 0.0 -0.237103 -0.9519 -16.194352 -0.221372 0.040034 14.167834 123.0
26 3260.0 -0.845319 0.61032 0.0 -0.251195 -0.9519 -16.194352 -0.221372 0.040034 14.167834 123.0
27 3260.0 -0.836424 0.633742 0.0 -0.26831 -0.9519 -16.194352 -0.221372 0.040034 14.167834 123.0
28 3260.0 -0.830246 0.650044 0.0 -0.280234 -0.9519 -16.194352 -0.221372 0.040034 14.167834 123.0
29 3260.0 -0.816076 0.649158 0.0 -0.266777 -0.9519 -16.194352 -0.221372 0.040034 14.167834 123.0
30 3260.0 -0.795592 0.65065 0.0 -0.250283 -0.9519 -16.194352 -0.221372 0.040034 14.167834 123.0
31 3260.0 -0.810173 0.676102 0.0 -0.290288 -0.9519 -16.194352 -0.221372 0.040034 14.167834 123.0
32 3260.0 -0.800235 0.675395 0.0 -0.280761 -0.9519 -16.194352 -0.221372 0.040034 14.167834 123.0
33 3260.0 -0.827754 0.666221 0.0 -0.29528 -0.9519 -16.194352 -0.221372 0.040034 14.167834 123.0
34 3260.0 -0.807694 0.674885 0.0 -0.286803 -0.9519 -16.194352 -0.221372 0.040034 14.167834 123.0
35 3260.0 -0.818635 0.678591 0.0 -0.300414 -0.9519 -16.194352 -0.221372 0.040034 14.167834 123.0
36 3260.0 -0.827746 0.701894 0.0 -0.334169 -0.9519 -16.194352 -0.221372 0.040034 14.167834 123.0
37 3260.0 -0.818123 0.718882 0.0 -0.348372 -0.9519 -16.194352 -0.221372 0.040034 14.167834 123.0
38 3260.0 -0.827146 0.724082 0.0 -0.364354 -0.9519 -16.194352 -0.221372 0.040034 14.167834 123.0
39 3260.0 -0.830834 0.729201 0.0 -0.375038 -0.9519 -16.194352 -0.221372 0.040034 14.167834 123.0
40 3260.0 -0.805302 0.712324 0.0 -0.326814 -0.9519 -16.194352 -0.221372 0.040034 14.167834 123.0
41 3260.0 -0.809828 0.742507 0.0 -0.373071 -0.9519 -16.194352 -0.221372 0.040034 14.167834 123.0
42 3260.0 -0.831829 0.75476 0.0 -0.411449 -0.9519 -16.194352 -0.221372 0.040034 14.167834 123.0
43 3260.0 -0.812924 0.765008 0.0 -0.407283 -0.9519 -16.194352 -0.221372 0.040034 14.167834 123.0
44 3260.0 -0.825918 0.768707 0.0 -0.425043 -0.9519 -16.194352 -0.221372 0.040034 14.167834 123.0
45 3260.0 -0.831275 0.770414 0.0 -0.432619 -0.9519 -16.194352 -0.221372 0.040034 14.167834 123.0
46 3260.0 -0.829354 0.794144 0.0 -0.463658 -0.9519 -16.194352 -0.221372 0.040034 14.167834 123.0
47 3260.0 -0.849149 0.799837 0.0 -0.490795 -0.9519 -16.194352 -0.221372 0.040034 14.167834 123.0
48 3260.0 -0.863474 0.807469 0.0 -0.515254 -0.9519 -16.194352 -0.221372 0.040034 14.167834 123.0
49 3260.0 -0.871985 0.810731 0.0 -0.528423 -0.9519 -16.194352 -0.221372 0.040034 14.167834 123.0
50 3260.0 -0.900828 0.80463 0.0 -0.546777 -0.9519 -16.194352 -0.221372 0.040034 14.167834 123.0
51 3260.0 -0.914945 0.824081 0.0 -0.590121 -0.9519 -16.194352 -0.221372 0.040034 14.167834 123.0
52 3260.0 -0.918087 0.848768 0.0 -0.630947 -0.9519 -16.194352 -0.221372 0.040034 14.167834 123.0
53 3260.0 -0.940214 0.874881 0.0 -0.690107 -0.9519 -16.194352 -0.221372 0.040034 14.167834 123.0
54 3260.0 -0.944667 0.912428 0.0 -0.745693 -0.9519 -16.194352 -0.221372 0.040034 14.167834 123.0
55 3260.0 -0.940361 0.922355 0.0 -0.755625 -0.9519 -16.194352 -0.221372 0.040034 14.167834 123.0
56 3260.0 -0.937486 0.935921 0.0 -0.771812 -0.9519 -16.194352 -0.221372 0.040034 14.167834 123.0
57 3260.0 -0.924412 0.946045 0.0 -0.774397 -0.9519 -16.194352 -0.221372 0.040034 14.167834 123.0
58 3260.0 -0.923835 0.991921 0.0 -0.82062 -0.9519 -16.194352 -0.221372 0.040034 14.167834 123.0
59 3260.0 -0.906571 1.011459 0.0 -0.827144 -0.9519 -16.194352 -0.221372 0.040034 14.167834 123.0
60 3260.0 -0.889837 1.024778 0.0 -0.827946 -0.9519 -16.194352 -0.221372 0.040034 14.167834 123.0
61 3260.0 -0.892834 1.048832 0.0 -0.853788 -0.9519 -16.194352 -0.221372 0.040034 14.167834 123.0
62 3260.0 -0.900036 1.064681 0.0 -0.874652 -0.9519 -16.194352 -0.221372 0.040034 14.167834 123.0
63 3260.0 -0.901336 1.087163 0.0 -0.897703 -0.9519 -16.194352 -0.221372 0.040034 14.167834 123.0
64 3260.0 -0.891285 1.08335 0.0 -0.886574 -0.9519 -16.194352 -0.221372 0.040034 14.167834 123.0
65 3260.0 -0.904148 1.095439 0.0 -0.907902 -0.9519 -16.194352 -0.221372 0.040034 14.167834 123.0
66 3260.0 -0.911502 1.130231 0.0 -0.947495 -0.9519 -16.194352 -0.221372 0.040034 14.167834 123.0
67 3260.0 -0.872308 1.152232 0.0 -0.940337 -0.9519 -16.194352 -0.221372 0.040034 14.167834 123.0
68 3260.0 -0.852402 1.152111 0.0 -0.925602 -0.9519 -16.194352 -0.221372 0.040034 14.167834 123.0
69 3260.0 -0.835727 1.13548 0.0 -0.897011 -0.9519 -16.194352 -0.221372 0.040034 14.167834 123.0
70 3260.0 -0.82734 1.177057 0.0 -0.931716 -0.9519 -16.194352 -0.221372 0.040034 14.167834 123.0
71 3260.0 -0.823192 1.211464 0.0 -0.962485 -0.9519 -16.194352 -0.221372 0.040034 14.167834 123.0
72 3260.0 -0.792501 1.219405 0.0 -0.947753 -0.9519 -16.194352 -0.221372 0.040034 14.167834 123.0
73 3260.0 -0.777657 1.210451 0.0 -0.928052 -0.9519 -16.194352 -0.221372 0.040034 14.167834 123.0
74 3260.0 -0.762675 1.223426 0.0 -0.929803 -0.9519 -16.194352 -0.221372 0.040034 14.167834 123.0
75 3260.0 -0.767787 1.207337 0.0 -0.917744 -0.9519 -16.194352 -0.221372 0.040034 14.167834 123.0
76 3260.0 -0.748368 1.241568 0.0 -0.937127 -0.9519 -16.194352 -0.221372 0.040034 14.167834 123.0
77 3260.0 -0.724603 1.253295 0.0 -0.931202 -0.9519 -16.194352 -0.221372 0.040034 14.167834 123.0
78 3260.0 -0.730912 1.281059 0.0 -0.954832 -0.9519 -16.194352 -0.221372 0.040034 14.167834 123.0
79 3260.0 -0.702428 1.301937 0.0 -0.949319 -0.9519 -16.194352 -0.221372 0.040034 14.167834 123.0
80 3260.0 -0.729721 1.323947 0.0 -0.981852 -0.9519 -16.194352 -0.221372 0.040034 14.167834 123.0
81 3260.0 -0.724926 1.31279 0.0 -0.971408 -0.9519 -16.194352 -0.221372 0.040034 14.167834 123.0
82 3260.0 -0.736103 1.318358 0.0 -0.982496 -0.9519 -16.194352 -0.221372 0.040034 14.167834 123.0
83 3260.0 -0.721243 1.301936 0.0 -0.961904 -0.9519 -16.194352 -0.221372 0.040034 14.167834 123.0
84 3260.0 -0.721715 1.292748 0.0 -0.956261 -0.9519 -16.194352 -0.221372 0.040034 14.167834 123.0
85 3260.0 -0.72342 1.295161 0.0 -0.958966 -0.9519 -16.194352 -0.221372 0.040034 14.167834 123.0
86 3260.0 -0.747138 1.314575 0.0 -0.987424 -0.9519 -16.194352 -0.221372 0.040034 14.167834 123.0
87 3260.0 -0.709499 1.302284 0.0 -0.954274 -0.9519 -16.194352 -0.221372 0.040034 14.167834 123.0
88 3260.0 -0.720658 1.324936 0.0 -0.976431 -0.9519 -16.194352 -0.221372 0.040034 14.167834 123.0
89 3260.0 -0.729824 1.310613 0.0 -0.973273 -0.9519 -16.194352 -0.221372 0.040034 14.167834 123.0
90 3260.0 -0.722988 1.300782 0.0 -0.962323 -0.9519 -16.194352 -0.221372 0.040034 14.167834 123.0
91 3260.0 -0.720708 1.288439 0.0 -0.952793 -0.9519 -16.194352 -0.221372 0.040034 14.167834 123.0
92 3260.0 -0.710665 1.268353 0.0 -0.933047 -0.9519 -16.194352 -0.221372 0.040034 14.167834 123.0
93 3260.0 -0.695892 1.263707 0.0 -0.920151 -0.9519 -16.194352 -0.221372 0.040034 14.167834 123.0
94 3260.0 -0.711404 1.28946 0.0 -0.947231 -0.9519 -16.194352 -0.221372 0.040034 14.167834 123.0
95 3260.0 -0.678105 1.296285 0.0 -0.929383 -0.9519 -16.194352 -0.221372 0.040034 14.167834 123.0
96 3260.0 -0.670631 1.322688 0.0 -0.941508 -0.9519 -16.194352 -0.221372 0.040034 14.167834 123.0
97 3260.0 -0.670325 1.307261 0.0 -0.931298 -0.9519 -16.194352 -0.221372 0.040034 14.167834 123.0
98 3260.0 -0.658514 1.311689 0.0 -0.926269 -0.9519 -16.194352 -0.221372 0.040034 14.167834 123.0
99 3260.0 -0.69661 1.315188 0.0 -0.954022 -0.9519 -16.194352 -0.221372 0.040034 14.167834 123.0
100 3260.0 -0.678062 1.29831 0.0 -0.930668 -0.9519 -16.194352 -0.221372 0.040034 14.167834 123.0
101 3260.0 -0.669282 1.278846 0.0 -0.91217 -0.9519 -16.194352 -0.221372 0.040034 14.167834 123.0
102 3260.0 -0.686081 1.259517 0.0 -0.908872 -0.9519 -16.194352 -0.221372 0.040034 14.167834 123.0
103 3260.0 -0.691856 1.271377 0.0 -0.922426 -0.9519 -16.194352 -0.221372 0.040034 14.167834 123.0
104 3260.0 -0.690636 1.277852 0.0 -0.92581 -0.9519 -16.194352 -0.221372 0.040034 14.167834 123.0
105 3260.0 -0.702484 1.294924 0.0 -0.944808 -0.9519 -16.194352 -0.221372 0.040034 14.167834 123.0
106 3260.0 -0.684794 1.292305 0.0 -0.931276 -0.9519 -16.194352 -0.221372 0.040034 14.167834 123.0
107 3260.0 -0.703611 1.313024 0.0 -0.957301 -0.9519 -16.194352 -0.221372 0.040034 14.167834 123.0
108 3260.0 -0.716988 1.290087 0.0 -0.951373 -0.9519 -16.194352 -0.221372 0.040034 14.167834 123.0
109 3260.0 -0.705781 1.297365 0.0 -0.948597 -0.9519 -16.194352 -0.221372 0.040034 14.167834 123.0
110 3260.0 -0.687519 1.269687 0.0 -0.918429 -0.9519 -16.194352 -0.221372 0.040034 14.167834 123.0
111 3260.0 -0.699169 1.290441 0.0 -0.939683 -0.9519 -16.194352 -0.221372 0.040034 14.167834 123.0
112 3260.0 -0.704674 1.286025 0.0 -0.940501 -0.9519 -16.194352 -0.221372 0.040034 14.167834 123.0
113 3260.0 -0.700019 1.275667 0.0 -0.930669 -0.9519 -16.194352 -0.221372 0.040034 14.167834 123.0
114 3260.0 -0.691134 1.293206 0.0 -0.936101 -0.9519 -16.194352 -0.221372 0.040034 14.167834 123.0
115 3260.0 -0.696785 1.313653 0.0 -0.953143 -0.9519 -16.194352 -0.221372 0.040034 14.167834 123.0
116 3260.0 -0.665738 1.309696 0.0 -0.929809 -0.9519 -16.194352 -0.221372 0.040034 14.167834 123.0
117 3260.0 -0.649865 1.303562 0.0 -0.915212 -0.9519 -16.194352 -0.221372 0.040034 14.167834 123.0
118 3260.0 -0.661816 1.311653 0.0 -0.928454 -0.9519 -16.194352 -0.221372 0.040034 14.167834 123.0
119 3260.0 -0.682592 1.298171 0.0 -0.933607 -0.9519 -16.194352 -0.221372 0.040034 14.167834 123.0
120 3260.0 -0.670389 1.279407 0.0 -0.913274 -0.9519 -16.194352 -0.221372 0.040034 14.167834 123.0
121 3260.0 -0.686723 1.292007 0.0 -0.932373 -0.9519 -16.194352 -0.221372 0.040034 14.167834 123.0
122 3260.0 -0.667903 1.309069 0.0 -0.93085 -0.9519 -16.194352 -0.221372 0.040034 14.167834 123.0
123 3260.0 -0.685168 1.31731 0.0 -0.947744 -0.9519 -16.194352 -0.221372 0.040034 14.167834 123.0
124 3260.0 -0.660592 1.31336 0.0 -0.928743 -0.9519 -16.194352 -0.221372 0.040034 14.167834 123.0
125 3260.0 -0.637367 1.306571 0.0 -0.908803 -0.9519 -16.194352 -0.221372 0.040034 14.167834 123.0
126 3260.0 -0.648141 1.345468 0.0 -0.941239 -0.9519 -16.194352 -0.221372 0.040034 14.167834 123.0
127 3260.0 -0.631346 1.377389 0.0 -0.957423 -0.9519 -16.194352 -0.221372 0.040034 14.167834 123.0
128 3260.0 -0.602718 1.358468 0.0 -0.921808 -0.9519 -16.194352 -0.221372 0.040034 14.167834 123.0
129 3260.0 -0.6255 1.369296 0.0 -0.946418 -0.9519 -16.194352 -0.221372 0.040034 14.167834 123.0
130 3260.0 -0.657401 1.364444 0.0 -0.962337 -0.9519 -16.194352 -0.221372 0.040034 14.167834 123.0
131 3260.0 -0.646175 1.381179 0.0 -0.970266 -0.9519 -16.194352 -0.221372 0.040034 14.167834 123.0
132 3260.0 -0.622315 1.401565 0.0 -0.970111 -0.9519 -16.194352 -0.221372 0.040034 14.167834 123.0
133 3260.0 -0.599736 1.405292 0.0 -0.959155 -0.9519 -16.194352 -0.221372 0.040034 14.167834 123.0
134 3260.0 -0.582221 1.383373 0.0 -0.930716 -0.9519 -16.194352 -0.221372 0.040034 14.167834 123.0
135 3260.0 -0.584208 1.418381 0.0 -0.957711 -0.9519 -16.194352 -0.221372 0.040034 14.167834 123.0
136 3260.0 -0.607919 1.418287 0.0 -0.971426 -0.9519 -16.194352 -0.221372 0.040034 14.167834 123.0
137 3260.0 -0.583836 1.386462 0.0 -0.934631 -0.9519 -16.194352 -0.221372 0.040034 14.167834 123.0
138 3260.0 -0.584506 1.380483 0.0 -0.929654 -0.9519 -16.194352 -0.221372 0.040034 14.167834 123.0
139 3260.0 -0.602386 1.386723 0.0 -0.94741 -0.9519 -16.194352 -0.221372 0.040034 14.167834 123.0
140 3260.0 -0.590257 1.386455 0.0 -0.939047 -0.9519 -16.194352 -0.221372 0.040034 14.167834 123.0
141 3260.0 -0.575585 1.420028 0.0 -0.95332 -0.9519 -16.194352 -0.221372 0.040034 14.167834 123.0
142 3260.0 -0.587887 1.410126 0.0 -0.955072 -0.9519 -16.194352 -0.221372 0.040034 14.167834 123.0
143 3260.0 -0.583381 1.41215 0.0 -0.953492 -0.9519 -16.194352 -0.221372 0.040034 14.167834 123.0
144 3260.0 -0.565917 1.454535 0.0 -0.955648 -0.9519 -16.194352 -0.221372 0.040034 14.167834 123.0
145 3260.0 -0.5613 1.423985 0.0 -0.945107 -0.9519 -16.194352 -0.221372 0.040034 14.167834 123.0
146 3260.0 -0.561046 1.427998 0.0 -0.946455 -0.9519 -16.194352 -0.221372 0.040034 14.167834 123.0
147 3260.0 -0.570297 1.447369 0.0 -0.958222 -0.9519 -16.194352 -0.221372 0.040034 14.167834 123.0
148 3260.0 -0.547109 1.454146 0.0 -0.939178 -0.9519 -16.194352 -0.221372 0.040034 14.167834 123.0
149 3260.0 -0.539686 1.476241 0.0 -0.936543 -0.9519 -16.194352 -0.221372 0.040034 14.167834 123.0
150 3260.0 -0.538948 1.445046 0.0 -0.930479 -0.9519 -16.194352 -0.221372 0.040034 14.167834 123.0
151 3260.0 -0.515351 1.465381 0.0 -0.913433 -0.9519 -16.194352 -0.221372 0.040034 14.167834 123.0
152 3260.0 -0.544681 1.483515 0.0 -0.942163 -0.9519 -16.194352 -0.221372 0.040034 14.167834 123.0
153 3260.0 -0.543022 1.458594 0.0 -0.936386 -0.9519 -16.194352 -0.221372 0.040034 14.167834 123.0
154 3260.0 -0.53757 1.465613 0.0 -0.932851 -0.9519 -16.194352 -0.221372 0.040034 14.167834 123.0
155 3260.0 -0.511895 1.457337 0.0 -0.90902 -0.9519 -16.194352 -0.221372 0.040034 14.167834 123.0
156 3260.0 -0.522804 1.467003 0.0 -0.920214 -0.9519 -16.194352 -0.221372 0.040034 14.167834 123.0
157 3260.0 -0.511292 1.467318 0.0 -0.910229 -0.9519 -16.194352 -0.221372 0.040034 14.167834 123.0
158 3260.0 -0.520587 1.478659 0.0 -0.920306 -0.9519 -16.194352 -0.221372 0.040034 14.167834 123.0
159 3260.0 -0.529083 1.490378 0.0 -0.929752 -0.9519 -16.194352 -0.221372 0.040034 14.167834 123.0
160 3260.0 -0.536958 1.476828 0.0 -0.934266 -0.9519 -16.194352 -0.221372 0.040034 14.167834 123.0
161 3260.0 -0.526253 1.467422 0.0 -0.923295 -0.9519 -16.194352 -0.221372 0.040034 14.167834 123.0
162 3260.0 -0.522713 1.429442 0.0 -0.913608 -0.9519 -16.194352 -0.221372 0.040034 14.167834 123.0
163 3260.0 -0.539411 1.451021 0.0 -0.931921 -0.9519 -16.194352 -0.221372 0.040034 14.167834 123.0
164 3260.0 -0.541441 1.458857 0.0 -0.935053 -0.9519 -16.194352 -0.221372 0.040034 14.167834 123.0
165 3260.0 -0.543366 1.454744 0.0 -0.936017 -0.9519 -16.194352 -0.221372 0.040034 14.167834 123.0
166 3260.0 -0.558645 1.459307 0.0 -0.950135 -0.9519 -16.194352 -0.221372 0.040034 14.167834 123.0
167 3260.0 -0.591005 1.447004 0.0 -0.975237 -0.9519 -16.194352 -0.221372 0.040034 14.167834 123.0
168 3260.0 -0.574753 1.444923 0.0 -0.961523 -0.9519 -16.194352 -0.221372 0.040034 14.167834 123.0
169 3260.0 -0.579601 1.457174 0.0 -0.967383 -0.9519 -16.194352 -0.221372 0.040034 14.167834 123.0
170 3260.0 -0.592425 1.453111 0.0 -0.977336 -0.9519 -16.194352 -0.221372 0.040034 14.167834 123.0
171 3260.0 -0.579014 1.441231 0.0 -0.964474 -0.9519 -16.194352 -0.221372 0.040034 14.167834 123.0
172 3260.0 -0.556053 1.433635 0.0 -0.943414 -0.9519 -16.194352 -0.221372 0.040034 14.167834 123.0
173 3260.0 -0.575171 1.429305 0.0 -0.958119 -0.9519 -16.194352 -0.221372 0.040034 14.167834 123.0
174 3260.0 -0.594235 1.456931 0.0 -0.979409 -0.9519 -16.194352 -0.221372 0.040034 14.167834 123.0
175 3260.0 -0.600594 1.440226 0.0 -0.979839 -0.9519 -16.194352 -0.221372 0.040034 14.167834 123.0
176 3260.0 -0.574482 1.430815 0.0 -0.958167 -0.9519 -16.194352 -0.221372 0.040034 14.167834 123.0
177 3260.0 -0.580172 1.450151 0.0 -0.966786 -0.9519 -16.194352 -0.221372 0.040034 14.167834 123.0
178 3260.0 -0.560206 1.455687 0.0 -0.950868 -0.9519 -16.194352 -0.221372 0.040034 14.167834 123.0
179 3260.0 -0.550893 1.425093 0.0 -0.937305 -0.9519 -16.194352 -0.221372 0.040034 14.167834 123.0
180 3260.0 -0.532568 1.43597 0.0 -0.923338 -0.9519 -16.194352 -0.221372 0.040034 14.167834 123.0
181 3260.0 -0.546541 1.43265 0.0 -0.934947 -0.9519 -16.194352 -0.221372 0.040034 14.167834 123.0
182 3260.0 -0.561671 1.429285 0.0 -0.947446 -0.9519 -16.194352 -0.221372 0.040034 14.167834 123.0
183 3260.0 -0.524018 1.429075 0.0 -0.914683 -0.9519 -16.194352 -0.221372 0.040034 14.167834 123.0
184 3260.0 -0.505769 1.414797 0.0 -0.896287 -0.9519 -16.194352 -0.221372 0.040034 14.167834 123.0
185 3260.0 -0.521797 1.421287 0.0 -0.911393 -0.9519 -16.194352 -0.221372 0.040034 14.167834 123.0
186 3260.0 -0.522492 1.439055 0.0 -0.915086 -0.9519 -16.194352 -0.221372 0.040034 14.167834 123.0
187 3260.0 -0.53302 1.451408 0.0 -0.926414 -0.9519 -16.194352 -0.221372 0.040034 14.167834 123.0
188 3260.0 -0.518321 1.442198 0.0 -0.911995 -0.9519 -16.194352 -0.221372 0.040034 14.167834 123.0
189 3260.0 -0.510819 1.454882 0.0 -0.907656 -0.9519 -16.194352 -0.221372 0.040034 14.167834 123.0
190 3260.0 -0.518784 1.44553 0.0 -0.912978 -0.9519 -16.194352 -0.221372 0.040034 14.167834 123.0
191 3260.0 -0.509352 1.445857 0.0 -0.904808 -0.9519 -16.194352 -0.221372 0.040034 14.167834 123.0
192 3260.0 -0.509855 1.441789 0.0 -0.90454 -0.9519 -16.194352 -0.221372 0.040034 14.167834 123.0
193 3260.0 -0.515839 1.466958 0.0 -0.914132 -0.9519 -16.194352 -0.221372 0.040034 14.167834 123.0
194 3260.0 -0.534106 1.479754 0.0 -0.932287 -0.9519 -16.194352 -0.221372 0.040034 14.167834 123.0
195 3260.0 -0.531308 1.460766 0.0 -0.926547 -0.9519 -16.194352 -0.221372 0.040034 14.167834 123.0
196 3260.0 -0.539987 1.453398 0.0 -0.932837 -0.9519 -16.194352 -0.221372 0.040034 14.167834 123.0
197 3260.0 -0.553377 1.454365 0.0 -0.944682 -0.9519 -16.194352 -0.221372 0.040034 14.167834 123.0
198 3260.0 -0.535579 1.447465 0.0 -0.927961 -0.9519 -16.194352 -0.221372 0.040034 14.167834 123.0
199 3260.0 -0.540758 1.462809 0.0 -0.935144 -0.9519 -16.194352 -0.221372 0.040034 14.167834 123.0
200 3260.0 -0.535737 1.458029 0.0 -0.929935 -0.9519 -16.194352 -0.221372 0.040034 14.167834 123.0
201 3260.0 -0.542611 1.450956 0.0 -0.934701 -0.9519 -16.194352 -0.221372 0.040034 14.167834 123.0
202 3260.0 -0.548191 1.46594 0.0 -0.942171 -0.9519 -16.194352 -0.221372 0.040034 14.167834 123.0
203 3260.0 -0.541299 1.454686 0.0 -0.934205 -0.9519 -16.194352 -0.221372 0.040034 14.167834 123.0
204 3260.0 -0.538571 1.438951 0.0 -0.929092 -0.9519 -16.194352 -0.221372 0.040034 14.167834 123.0
205 3260.0 -0.531611 1.450538 0.0 -0.925035 -0.9519 -16.194352 -0.221372 0.040034 14.167834 123.0
206 3260.0 -0.534183 1.470248 0.0 -0.930702 -0.9519 -16.194352 -0.221372 0.040034 14.167834 123.0
207 3260.0 -0.544867 1.455235 0.0 -0.937412 -0.9519 -16.194352 -0.221372 0.040034 14.167834 123.0
208 3260.0 -0.522363 1.474682 0.0 -0.921164 -0.9519 -16.194352 -0.221372 0.040034 14.167834 123.0
209 3260.0 -0.505375 1.463012 0.0 -0.90432 -0.9519 -16.194352 -0.221372 0.040034 14.167834 123.0
210 3260.0 -0.495755 1.461961 0.0 -0.895748 -0.9519 -16.194352 -0.221372 0.040034 14.167834 123.0
211 3260.0 -0.47592 1.479052 0.0 -0.881419 -0.9519 -16.194352 -0.221372 0.040034 14.167834 123.0
212 3260.0 -0.469429 1.490956 0.0 -0.877826 -0.9519 -16.194352 -0.221372 0.040034 14.167834 123.0
213 3260.0 -0.477259 1.490793 0.0 -0.884626 -0.9519 -16.194352 -0.221372 0.040034 14.167834 123.0
214 3260.0 -0.458928 1.483163 0.0 -0.867313 -0.9519 -16.194352 -0.221372 0.040034 14.167834 123.0
215 3260.0 -0.464655 1.481596 0.0 -0.872036 -0.9519 -16.194352 -0.221372 0.040034 14.167834 123.0
216 3260.0 -0.487625 1.48939 0.0 -0.893423 -0.9519 -16.194352 -0.221372 0.040034 14.167834 123.0
217 3260.0 -0.492318 1.486187 0.0 -0.896959 -0.9519 -16.194352 -0.221372 0.040034 14.167834 123.0
218 3260.0 -0.498032 1.49898 0.0 -0.904166 -0.9519 -16.194352 -0.221372 0.040034 14.167834 123.0
219 3260.0 -0.502636 1.475832 0.0 -0.904159 -0.9519 -16.194352 -0.221372 0.040034 14.167834 123.0
220 3260.0 -0.517181 1.458493 0.0 -0.913832 -0.9519 -16.194352 -0.221372 0.040034 14.167834 123.0
221 3260.0 -0.523622 1.464653 0.0 -0.920519 -0.9519 -16.194352 -0.221372 0.040034 14.167834 123.0
222 3260.0 -0.524459 1.485988 0.0 -0.924957 -0.9519 -16.194352 -0.221372 0.040034 14.167834 123.0
223 3260.0 -0.504755 1.472749 0.0 -0.905471 -0.9519 -16.194352 -0.221372 0.040034 14.167834 123.0
224 3260.0 -0.506823 1.483239 0.0 -0.909098 -0.9519 -16.194352 -0.221372 0.040034 14.167834 123.0
225 3260.0 -0.521345 1.478756 0.0 -0.920984 -0.9519 -16.194352 -0.221372 0.040034 14.167834 123.0
226 3260.0 -0.520346 1.495269 0.0 -0.922983 -0.9519 -16.194352 -0.221372 0.040034 14.167834 123.0
227 3260.0 -0.513101 1.480484 0.0 -0.914094 -0.9519 -16.194352 -0.221372 0.040034 14.167834 123.0
228 3260.0 -0.525106 1.49587 0.0 -0.927238 -0.9519 -16.194352 -0.221372 0.040034 14.167834 123.0
229 3260.0 -0.521839 1.473077 0.0 -0.920428 -0.9519 -16.194352 -0.221372 0.040034 14.167834 123.0
230 3260.0 -0.510498 1.514216 0.0 -0.917686 -0.9519 -16.194352 -0.221372 0.040034 14.167834 123.0
231 3260.0 -0.517838 1.49276 0.0 -0.920359 -0.9519 -16.194352 -0.221372 0.040034 14.167834 123.0
232 3260.0 -0.52428 1.517114 0.0 -0.930209 -0.9519 -16.194352 -0.221372 0.040034 14.167834 123.0
233 3260.0 -0.486109 1.503691 0.0 -0.894586 -0.9519 -16.194352 -0.221372 0.040034 14.167834 123.0
234 3260.0 -0.497303 1.503905 0.0 -0.904386 -0.9519 -16.194352 -0.221372 0.040034 14.167834 123.0
235 3260.0 -0.505888 1.497832 0.0 -0.910818 -0.9519 -16.194352 -0.221372 0.040034 14.167834 123.0
236 3260.0 -0.501809 1.494002 0.0 -0.906596 -0.9519 -16.194352 -0.221372 0.040034 14.167834 123.0
237 3260.0 -0.473596 1.508247 0.0 -0.884465 -0.9519 -16.194352 -0.221372 0.040034 14.167834 123.0
238 3260.0 -0.471404 1.483941 0.0 -0.87833 -0.9519 -16.194352 -0.221372 0.040034 14.167834 123.0
239 3260.0 -0.498792 1.482845 0.0 -0.902025 -0.9519 -16.194352 -0.221372 0.040034 14.167834 123.0
240 3260.0 -0.497691 1.480325 0.0 -0.900627 -0.9519 -16.194352 -0.221372 0.040034 14.167834 123.0
241 3260.0 -0.51329 1.479274 0.0 -0.914049 -0.9519 -16.194352 -0.221372 0.040034 14.167834 123.0
242 3260.0 -0.494635 1.468942 0.0 -0.895984 -0.9519 -16.194352 -0.221372 0.040034 14.167834 123.0
243 3260.0 -0.498388 1.458396 0.0 -0.897424 -0.9519 -16.194352 -0.221372 0.040034 14.167834 123.0
244 3260.0 -0.523097 1.440598 0.0 -0.915882 -0.9519 -16.194352 -0.221372 0.040034 14.167834 123.0
245 3260.0 -0.551575 1.454898 0.0 -0.943204 -0.9519 -16.194352 -0.221372 0.040034 14.167834 123.0
246 3260.0 -0.555142 1.456914 0.0 -0.946665 -0.9519 -16.194352 -0.221372 0.040034 14.167834 123.0
247 3260.0 -0.565562 1.432026 0.0 -0.951428 -0.9519 -16.194352 -0.221372 0.040034 14.167834 123.0
248 3260.0 -0.555463 1.452209 0.0 -0.946127 -0.9519 -16.194352 -0.221372 0.040034 14.167834 123.0
249 3260.0 -0.553122 1.447671 0.0 -0.943297 -0.9519 -16.194352 -0.221372 0.040034 14.167834 123.0
250 3260.0 -0.556871 1.444951 0.0 -0.946094 -0.9519 -16.194352 -0.221372 0.040034 14.167834 123.0
251 3260.0 -0.567222 1.416096 0.0 -0.945704 -0.9519 -16.194352 -0.221372 0.040034 14.167834 123.0
252 3260.0 -0.558887 1.417739 0.0 -0.940787 -0.9519 -16.194352 -0.221372 0.040034 14.167834 123.0
253 3260.0 -0.534363 1.42347 0.0 -0.922732 -0.9519 -16.194352 -0.221372 0.040034 14.167834 123.0
254 3260.0 -0.538511 1.431355 0.0 -0.927719 -0.9519 -16.194352 -0.221372 0.040034 14.167834 123.0
255 3260.0 -0.54236 1.428366 0.0 -0.930557 -0.9519 -16.194352 -0.221372 0.040034 14.167834 123.0
256 3260.0 -0.516526 1.437287 0.0 -0.909576 -0.9519 -16.194352 -0.221372 0.040034 14.167834 123.0
257 3260.0 -0.500918 1.451135 0.0 -0.89837 -0.9519 -16.194352 -0.221372 0.040034 14.167834 123.0
258 3260.0 -0.517963 1.447777 0.0 -0.912652 -0.9519 -16.194352 -0.221372 0.040034 14.167834 123.0
259 3260.0 -0.545182 1.49805 0.0 -0.945126 -0.9519 -16.194352 -0.221372 0.040034 14.167834 123.0
260 3260.0 -0.503412 1.498061 0.0 -0.908699 -0.9519 -16.194352 -0.221372 0.040034 14.167834 123.0
261 3260.0 -0.48167 1.480214 0.0 -0.886635 -0.9519 -16.194352 -0.221372 0.040034 14.167834 123.0
262 3260.0 -0.504609 1.485609 0.0 -0.907579 -0.9519 -16.194352 -0.221372 0.040034 14.167834 123.0
263 3260.0 -0.505245 1.492872 0.0 -0.909396 -0.9519 -16.194352 -0.221372 0.040034 14.167834 123.0
264 3260.0 -0.512165 1.526667 0.0 -0.921303 -0.9519 -16.194352 -0.221372 0.040034 14.167834 123.0
265 3260.0 -0.512438 1.511727 0.0 -0.918945 -0.9519 -16.194352 -0.221372 0.040034 14.167834 123.0
266 3260.0 -0.503686 1.518457 0.0 -0.912482 -0.9519 -16.194352 -0.221372 0.040034 14.167834 123.0
267 3260.0 -0.535326 1.510725 0.0 -0.938732 -0.9519 -16.194352 -0.221372 0.040034 14.167834 123.0
268 3260.0 -0.520236 1.506694 0.0 -0.924871 -0.9519 -16.194352 -0.221372 0.040034 14.167834 123.0
269 3260.0 -0.506581 1.520819 0.0 -0.915416 -0.9519 -16.194352 -0.221372 0.040034 14.167834 123.0
270 3260.0 -0.486903 1.513829 0.0 -0.89704 -0.9519 -16.194352 -0.221372 0.040034 14.167834 123.0
271 3260.0 -0.473615 1.525652 0.0 -0.887505 -0.9519 -16.194352 -0.221372 0.040034 14.167834 123.0
272 3260.0 -0.449276 1.520292 0.0 -0.865347 -0.9519 -16.194352 -0.221372 0.040034 14.167834 123.0
273 3260.0 -0.440841 1.514012 0.0 -0.856899 -0.9519 -16.194352 -0.221372 0.040034 14.167834 123.0
274 3260.0 -0.444607 1.519338 0.0 -0.861109 -0.9519 -16.194352 -0.221372 0.040034 14.167834 123.0
275 3260.0 -0.467416 1.530839 0.0 -0.883 -0.9519 -16.194352 -0.221372 0.040034 14.167834 123.0
276 3260.0 -0.462046 1.527719 0.0 -0.877775 -0.9519 -16.194352 -0.221372 0.040034 14.167834 123.0
277 3260.0 -0.463721 1.519417 0.0 -0.877793 -0.9519 -16.194352 -0.221372 0.040034 14.167834 123.0
278 3260.0 -0.486925 1.5159 0.0 -0.897419 -0.9519 -16.194352 -0.221372 0.040034 14.167834 123.0
279 3260.0 -0.496872 1.510319 0.0 -0.905125 -0.9519 -16.194352 -0.221372 0.040034 14.167834 123.0
280 3260.0 -0.477346 1.502806 0.0 -0.88679 -0.9519 -16.194352 -0.221372 0.040034 14.167834 123.0
281 3260.0 -0.472638 1.488257 0.0 -0.880155 -0.9519 -16.194352 -0.221372 0.040034 14.167834 123.0
282 3260.0 -0.479739 1.502182 0.0 -0.888768 -0.9519 -16.194352 -0.221372 0.040034 14.167834 123.0
283 3260.0 -0.481616 1.509533 0.0 -0.891683 -0.9519 -16.194352 -0.221372 0.040034 14.167834 123.0
284 3260.0 -0.503879 1.515171 0.0 -0.912079 -0.9519 -16.194352 -0.221372 0.040034 14.167834 123.0
285 3260.0 -0.523279 1.511228 0.0 -0.928314 -0.9519 -16.194352 -0.221372 0.040034 14.167834 123.0
286 3260.0 -0.526549 1.487382 0.0 -0.927022 -0.9519 -16.194352 -0.221372 0.040034 14.167834 123.0
287 3260.0 -0.550941 1.477048 0.0 -0.946499 -0.9519 -16.194352 -0.221372 0.040034 14.167834 123.0
