 time p.x p.y p.z deep.node-0 CV opes.bias opes.rct opes.zed opes.neff opes.nker
0 4005.0 0.81466 0.666783 0.0 1.120571 -0.75114 -14.502976 -0.242153 0.039711 14.167834 124.0
1 4005.0 0.79972 0.679311 0.0 1.098177 -0.75114 -14.502976 -0.242153 0.039711 14.167834 124.0
2 4005.0 0.789624 0.681768 0.0 1.087843 -0.75114 -14.502976 -0.242153 0.039711 14.167834 124.0
3 4005.0 0.788023 0.690958 0.0 1.079174 -0.75114 -14.502976 -0.242153 0.039711 14.167834 124.0
4 4005.0 0.751359 0.670814 0.0 1.067747 -0.75114 -14.502976 -0.242153 0.039711 14.167834 124.0
5 4005.0 0.748996 0.670622 0.0 1.066116 -0.75114 -14.502976 -0.242153 0.039711 14.167834 124.0
6 4005.0 0.742971 0.678725 0.0 1.054087 -0.75114 -14.502976 -0.242153 0.039711 14.167834 124.0
7 4005.0 0.744322 0.648838 0.0 1.0825 -0.75114 -14.502976 -0.242153 0.039711 14.167834 124.0
8 4005.0 0.735262 0.623087 0.0 1.099164 -0.75114 -14.502976 -0.242153 0.039711 14.167834 124.0
9 4005.0 0.682352 0.605384 0.0 1.074932 -0.75114 -14.502976 -0.242153 0.039711 14.167834 124.0
10 4005.0 0.678968 0.616938 0.0 1.06176 -0.75114 -14.502976 -0.242153 0.039711 14.167834 124.0
11 4005.0 0.693058 0.632921 0.0 1.057889 -0.75114 -14.502976 -0.242153 0.039711 14.167834 124.0
12 4005.0 0.673248 0.630365 0.0 1.045086 -0.75114 -14.502976 -0.242153 0.039711 14.167834 124.0
13 4005.0 0.659342 0.632834 0.0 1.032192 -0.75114 -14.502976 -0.242153 0.039711 14.167834 124.0
14 4005.0 0.662979 0.645914 0.0 1.02299 -0.75114 -14.502976 -0.242153 0.039711 14.167834 124.0
15 4005.0 0.67223 0.648934 0.0 1.027296 -0.75114 -14.502976 -0.242153 0.039711 14.167834 124.0
16 4005.0 0.676805 0.635724 0.0 1.042896 -0.75114 -14.502976 -0.242153 0.039711 14.167834 124.0
17 4005.0 0.680453 0.633607 0.0 1.047624 -0.75114 -14.502976 -0.242153 0.039711 14.167834 124.0
18 4005.0 0.677423 0.64467 0.0 1.035173 -0.75114 -14.502976 -0.242153 0.039711 14.167834 124.0
19 4005.0 0.681057 0.648418 0.0 1.034516 -0.75114 -14.502976 -0.242153 0.039711 14.167834 124.0
20 4005.0 0.696068 0.6437 0.0 1.050315 -0.75114 -14.502976 -0.242153 0.039711 14.167834 124.0
21 4005.0 0.688407 0.613162 0.0 1.072435 -0.75114 -14.502976 -0.242153 0.039711 14.167834 124.0
22 4005.0 0.662392 0.604803 0.0 1.060204 -0.75114 -14.502976 -0.242153 0.039711 14.167834 124.0
23 4005.0 0.641496 0.623682 0.0 1.026933 -0.75114 -14.502976 -0.242153 0.039711 14.167834 124.0
24 4005.0 0.608239 0.622277 0.0 1.002794 -0.75114 -14.502976 -0.242153 0.039711 14.167834 124.0
25 4005.0 0.608084 0.61248 0.0 1.011651 -0.75114 -14.502976 -0.242153 0.039711 14.167834 124.0
26 4005.0 0.621133 0.585638 0.0 1.046217 -0.75114 -14.502976 -0.242153 0.039711 14.167834 124.0
27 4005.0 0.641619 0.574174 0.0 1.072382 -0.75114 -14.502976 -0.242153 0.039711 14.167834 124.0
28 4005.0 0.677295 0.608573 0.0 1.068144 -0.75114 -14.502976 -0.242153 0.039711 14.167834 124.0
29 4005.0 0.672274 0.622525 0.0 1.051523 -0.75114 -14.502976 -0.242153 0.039711 14.167834 124.0
30 4005.0 0.671048 0.606707 0.0 1.065078 -0.75114 -14.502976 -0.242153 0.039711 14.167834 124.0
31 4005.0 0.692673 0.609032 0.0 1.07948 -0.75114 -14.502976 -0.242153 0.039711 14.167834 124.0
32 4005.0 0.699785 0.625892 0.0 1.069472 -0.75114 -14.502976 -0.242153 0.039711 14.167834 124.0
33 4005.0 0.687667 0.622203 0.0 1.063587 -0.75114 -14.502976 -0.242153 0.039711 14.167834 124.0
34 4005.0 0.673459 0.594854 0.0 1.077779 -0.75114 -14.502976 -0.242153 0.039711 14.167834 124.0
35 4005.0 0.707878 0.617766 0.0 1.083103 -0.75114 -14.502976 -0.242153 0.039711 14.167834 124.0
36 4005.0 0.707362 0.626765 0.0 1.074465 -0.75114 -14.502976 -0.242153 0.039711 14.167834 124.0
37 4005.0 0.714393 0.647913 0.0 1.060466 -0.75114 -14.502976 -0.242153 0.039711 14.167834 124.0
38 4005.0 0.700328 0.646078 0.0 1.051394 -0.75114 -14.502976 -0.242153 0.039711 14.167834 124.0
39 4005.0 0.725246 0.632669 0.0 1.082728 -0.75114 -14.502976 -0.242153 0.039711 14.167834 124.0
40 4005.0 0.72767 0.635762 0.0 1.081748 -0.75114 -14.502976 -0.242153 0.039711 14.167834 124.0
41 4005.0 0.712905 0.606561 0.0 1.097211 -0.75114 -14.502976 -0.242153 0.039711 14.167834 124.0
42 4005.0 0.691359 0.618561 0.0 1.069746 -0.75114 -14.502976 -0.242153 0.039711 14.167834 124.0
43 4005.0 0.70721 0.609778 0.0 1.089911 -0.75114 -14.502976 -0.242153 0.039711 14.167834 124.0
44 4005.0 0.705756 0.589947 0.0 1.106967 -0.75114 -14.502976 -0.242153 0.039711 14.167834 124.0
45 4005.0 0.711277 0.583715 0.0 1.116898 -0.75114 -14.502976 -0.242153 0.039711 14.167834 124.0
46 4005.0 0.703774 0.566206 0.0 1.127201 -0.75114 -14.502976 -0.242153 0.039711 14.167834 124.0
47 4005.0 0.701312 0.569155 0.0 1.122617 -0.75114 -14.502976 -0.242153 0.039711 14.167834 124.0
48 4005.0 0.693431 0.581577 0.0 1.105212 -0.75114 -14.502976 -0.242153 0.039711 14.167834 124.0
49 4005.0 0.709182 0.578839 0.0 1.119762 -0.75114 -14.502976 -0.242153 0.039711 14.167834 124.0
50 4005.0 0.73953 0.600513 0.0 1.123109 -0.75114 -14.502976 -0.242153 0.039711 14.167834 124.0
51 4005.0 0.724119 0.635442 0.0 1.079326 -0.75114 -14.502976 -0.242153 0.039711 14.167834 124.0
52 4005.0 0.727805 0.628316 0.0 1.088673 -0.75114 -14.502976 -0.242153 0.039711 14.167834 124.0
53 4005.0 0.737653 0.613243 0.0 1.110011 -0.75114 -14.502976 -0.242153 0.039711 14.167834 124.0
54 4005.0 0.724 0.575616 0.0 1.134044 -0.75114 -14.502976 -0.242153 0.039711 14.167834 124.0
55 4005.0 0.702127 0.567223 0.0 1.125011 -0.75114 -14.502976 -0.242153 0.039711 14.167834 124.0
56 4005.0 0.690357 0.574067 0.0 1.109741 -0.75114 -14.502976 -0.242153 0.039711 14.167834 124.0
57 4005.0 0.646573 0.550338 0.0 1.098007 -0.75114 -14.502976 -0.242153 0.039711 14.167834 124.0
58 4005.0 0.624023 0.551454 0.0 1.079745 -0.75114 -14.502976 -0.242153 0.039711 14.167834 124.0
59 4005.0 0.59609 0.55356 0.0 1.056459 -0.75114 -14.502976 -0.242153 0.039711 14.167834 124.0
60 4005.0 0.572566 0.541593 0.0 1.049438 -0.75114 -14.502976 -0.242153 0.039711 14.167834 124.0
61 4005.0 0.560871 0.529063 0.0 1.051976 -0.75114 -14.502976 -0.242153 0.039711 14.167834 124.0
62 4005.0 0.53592 0.534228 0.0 1.028168 -0.75114 -14.502976 -0.242153 0.039711 14.167834 124.0
63 4005.0 0.507538 0.525746 0.0 1.01424 -0.75114 -14.502976 -0.242153 0.039711 14.167834 124.0
64 4005.0 0.508869 0.509624 0.0 1.030028 -0.75114 -14.502976 -0.242153 0.039711 14.167834 124.0
65 4005.0 0.525353 0.498095 0.0 1.053192 -0.75114 -14.502976 -0.242153 0.039711 14.167834 124.0
66 4005.0 0.54188 0.520166 0.0 1.045608 -0.75114 -14.502976 -0.242153 0.039711 14.167834 124.0
67 4005.0 0.536263 0.522229 0.0 1.039424 -0.75114 -14.502976 -0.242153 0.039711 14.167834 124.0
68 4005.0 0.536082 0.526896 0.0 1.03501 -0.75114 -14.502976 -0.242153 0.039711 14.167834 124.0
69 4005.0 0.518699 0.566296 0.0 0.985624 -0.75114 -14.502976 -0.242153 0.039711 14.167834 124.0
70 4005.0 0.504098 0.551381 0.0 0.988125 -0.75114 -14.502976 -0.242153 0.039711 14.167834 124.0
71 4005.0 0.493703 0.545387 0.0 0.985669 -0.75114 -14.502976 -0.242153 0.039711 14.167834 124.0
72 4005.0 0.47368 0.531613 0.0 0.98298 -0.75114 -14.502976 -0.242153 0.039711 14.167834 124.0
73 4005.0 0.463781 0.550702 0.0 0.957924 -0.75114 -14.502976 -0.242153 0.039711 14.167834 124.0
74 4005.0 0.466822 0.551172 0.0 0.959819 -0.75114 -14.502976 -0.242153 0.039711 14.167834 124.0
75 4005.0 0.46226 0.53421 0.0 0.97187 -0.75114 -14.502976 -0.242153 0.039711 14.167834 124.0
76 4005.0 0.44824 0.517382 0.0 0.976568 -0.75114 -14.502976 -0.242153 0.039711 14.167834 124.0
77 4005.0 0.43288 0.522926 0.0 0.959745 -0.75114 -14.502976 -0.242153 0.039711 14.167834 124.0
78 4005.0 0.443913 0.514825 0.0 0.975602 -0.75114 -14.502976 -0.242153 0.039711 14.167834 124.0
79 4005.0 0.438129 0.526971 0.0 0.960053 -0.75114 -14.502976 -0.242153 0.039711 14.167834 124.0
80 4005.0 0.435953 0.510985 0.0 0.973035 -0.75114 -14.502976 -0.242153 0.039711 14.167834 124.0
81 4005.0 0.434938 0.528205 0.0 0.956483 -0.75114 -14.502976 -0.242153 0.039711 14.167834 124.0
82 4005.0 0.422157 0.474903 0.0 0.995543 -0.75114 -14.502976 -0.242153 0.039711 14.167834 124.0
83 4005.0 0.400634 0.47799 0.0 0.976781 -0.75114 -14.502976 -0.242153 0.039711 14.167834 124.0
84 4005.0 0.393698 0.534872 0.0 0.918847 -0.75114 -14.502976 -0.242153 0.039711 14.167834 124.0
85 4005.0 0.37266 0.556004 0.0 0.883402 -0.75114 -14.502976 -0.242153 0.039711 14.167834 124.0
86 4005.0 0.369683 0.528126 0.0 0.906666 -0.75114 -14.502976 -0.242153 0.039711 14.167834 124.0
87 4005.0 0.357659 0.500402 0.0 0.924582 -0.75114 -14.502976 -0.242153 0.039711 14.167834 124.0
88 4005.0 0.363173 0.52503 0.0 0.904525 -0.75114 -14.502976 -0.242153 0.039711 14.167834 124.0
89 4005.0 0.357593 0.510258 0.0 0.914894 -0.75114 -14.502976 -0.242153 0.039711 14.167834 124.0
90 4005.0 0.349207 0.496983 0.0 0.921973 -0.75114 -14.502976 -0.242153 0.039711 14.167834 124.0
91 4005.0 0.350125 0.511813 0.0 0.908112 -0.75114 -14.502976 -0.242153 0.039711 14.167834 124.0
92 4005.0 0.330891 0.483588 0.0 0.922173 -0.75114 -14.502976 -0.242153 0.039711 14.167834 124.0
93 4005.0 0.295091 0.491555 0.0 0.889159 -0.75114 -14.502976 -0.242153 0.039711 14.167834 124.0
94 4005.0 0.309916 0.499661 0.0 0.891673 -0.75114 -14.502976 -0.242153 0.039711 14.167834 124.0
95 4005.0 0.273471 0.489816 0.0 0.876147 -0.75114 -14.502976 -0.242153 0.039711 14.167834 124.0
96 4005.0 0.254833 0.512721 0.0 0.840517 -0.75114 -14.502976 -0.242153 0.039711 14.167834 124.0
97 4005.0 0.265319 0.518285 0.0 0.842036 -0.75114 -14.502976 -0.242153 0.039711 14.167834 124.0
98 4005.0 0.255624 0.504068 0.0 0.849809 -0.75114 -14.502976 -0.242153 0.039711 14.167834 124.0
99 4005.0 0.246035 0.509314 0.0 0.838101 -0.75114 -14.502976 -0.242153 0.039711 14.167834 124.0
100 4005.0 0.222938 0.503527 0.0 0.828558 -0.75114 -14.502976 -0.242153 0.039711 14.167834 124.0
101 4005.0 0.24266 0.493686 0.0 0.851679 -0.75114 -14.502976 -0.242153 0.039711 14.167834 124.0
102 4005.0 0.231942 0.507178 0.0 0.830865 -0.75114 -14.502976 -0.242153 0.039711 14.167834 124.0
103 4005.0 0.230713 0.535597 0.0 0.801261 -0.75114 -14.502976 -0.242153 0.039711 14.167834 124.0
104 4005.0 0.225284 0.511082 0.0 0.82247 -0.75114 -14.502976 -0.242153 0.039711 14.167834 124.0
105 4005.0 0.2217 0.511724 0.0 0.819431 -0.75114 -14.502976 -0.242153 0.039711 14.167834 124.0
106 4005.0 0.21291 0.496315 0.0 0.829175 -0.75114 -14.502976 -0.242153 0.039711 14.167834 124.0
107 4005.0 0.215626 0.52311 0.0 0.803847 -0.75114 -14.502976 -0.242153 0.039711 14.167834 124.0
108 4005.0 0.211916 0.537054 0.0 0.787249 -0.75114 -14.502976 -0.242153 0.039711 14.167834 124.0
109 4005.0 0.206398 0.542094 0.0 0.778464 -0.75114 -14.502976 -0.242153 0.039711 14.167834 124.0
110 4005.0 0.211879 0.521992 0.0 0.80248 -0.75114 -14.502976 -0.242153 0.039711 14.167834 124.0
111 4005.0 0.252976 0.528722 0.0 0.823131 -0.75114 -14.502976 -0.242153 0.039711 14.167834 124.0
112 4005.0 0.263952 0.52468 0.0 0.834818 -0.75114 -14.502976 -0.242153 0.039711 14.167834 124.0
113 4005.0 0.268312 0.52269 0.0 0.839836 -0.75114 -14.502976 -0.242153 0.039711 14.167834 124.0
114 4005.0 0.279348 0.526703 0.0 0.843684 -0.75114 -14.502976 -0.242153 0.039711 14.167834 124.0
115 4005.0 0.256615 0.51596 0.0 0.838424 -0.75114 -14.502976 -0.242153 0.039711 14.167834 124.0
116 4005.0 0.242663 0.505086 0.0 0.840134 -0.75114 -14.502976 -0.242153 0.039711 14.167834 124.0
117 4005.0 0.212614 0.491314 0.0 0.834043 -0.75114 -14.502976 -0.242153 0.039711 14.167834 124.0
118 4005.0 0.193855 0.488137 0.0 0.824751 -0.75114 -14.502976 -0.242153 0.039711 14.167834 124.0
119 4005.0 0.1831 0.486737 0.0 0.818997 -0.75114 -14.502976 -0.242153 0.039711 14.167834 124.0
120 4005.0 0.236966 0.499962 0.0 0.841524 -0.75114 -14.502976 -0.242153 0.039711 14.167834 124.0
121 4005.0 0.243162 0.51022 0.0 0.835266 -0.75114 -14.502976 -0.242153 0.039711 14.167834 124.0
122 4005.0 0.225912 0.532089 0.0 0.801612 -0.75114 -14.502976 -0.242153 0.039711 14.167834 124.0
123 4005.0 0.230859 0.536575 0.0 0.800368 -0.75114 -14.502976 -0.242153 0.039711 14.167834 124.0
124 4005.0 0.217846 0.545281 0.0 0.782871 -0.75114 -14.502976 -0.242153 0.039711 14.167834 124.0
125 4005.0 0.183084 0.556478 0.0 0.748346 -0.75114 -14.502976 -0.242153 0.039711 14.167834 124.0
126 4005.0 0.166566 0.569341 0.0 0.724302 -0.75114 -14.502976 -0.242153 0.039711 14.167834 124.0
127 4005.0 0.1464 0.536796 0.0 0.743818 -0.75114 -14.502976 -0.242153 0.039711 14.167834 124.0
128 4005.0 0.157613 0.522643 0.0 0.76563 -0.75114 -14.502976 -0.242153 0.039711 14.167834 124.0
129 4005.0 0.133727 0.507744 0.0 0.764792 -0.75114 -14.502976 -0.242153 0.039711 14.167834 124.0
130 4005.0 0.101605 0.524996 0.0 0.725895 -0.75114 -14.502976 -0.242153 0.039711 14.167834 124.0
131 4005.0 0.068166 0.505004 0.0 0.723845 -0.75114 -14.502976 -0.242153 0.039711 14.167834 124.0
132 4005.0 0.06153 0.493976 0.0 0.730589 -0.75114 -14.502976 -0.242153 0.039711 14.167834 124.0
133 4005.0 0.036321 0.528843 0.0 0.678461 -0.75114 -14.502976 -0.242153 0.039711 14.167834 124.0
134 4005.0 0.047176 0.492521 0.0 0.72249 -0.75114 -14.502976 -0.242153 0.039711 14.167834 124.0
135 4005.0 0.056327 0.478161 0.0 0.743138 -0.75114 -14.502976 -0.242153 0.039711 14.167834 124.0
136 4005.0 0.077061 0.495985 0.0 0.738912 -0.75114 -14.502976 -0.242153 0.039711 14.167834 124.0
137 4005.0 0.067861 0.498038 0.0 0.730697 -0.75114 -14.502976 -0.242153 0.039711 14.167834 124.0
138 4005.0 0.055079 0.523157 0.0 0.696731 -0.75114 -14.502976 -0.242153 0.039711 14.167834 124.0
139 4005.0 0.037254 0.509799 0.0 0.698373 -0.75114 -14.502976 -0.242153 0.039711 14.167834 124.0
140 4005.0 0.019459 0.505981 0.0 0.690372 -0.75114 -14.502976 -0.242153 0.039711 14.167834 124.0
141 4005.0 0.038431 0.504786 0.0 0.704236 -0.75114 -14.502976 -0.242153 0.039711 14.167834 124.0
142 4005.0 0.0405 0.46212 0.0 0.74883 -0.75114 -14.502976 -0.242153 0.039711 14.167834 124.0
143 4005.0 0.033251 0.482439 0.0 0.723415 -0.75114 -14.502976 -0.242153 0.039711 14.167834 124.0
144 4005.0 0.041383 0.514521 0.0 0.696344 -0.75114 -14.502976 -0.242153 0.039711 14.167834 124.0
145 4005.0 0.040395 0.539302 0.0 0.670585 -0.75114 -14.502976 -0.242153 0.039711 14.167834 124.0
146 4005.0 0.037924 0.530981 0.0 0.677365 -0.75114 -14.502976 -0.242153 0.039711 14.167834 124.0
147 4005.0 0.049414 0.484683 0.0 0.731922 -0.75114 -14.502976 -0.242153 0.039711 14.167834 124.0
148 4005.0 0.02499 0.483118 0.0 0.717218 -0.75114 -14.502976 -0.242153 0.039711 14.167834 124.0
149 4005.0 0.066252 0.482584 0.0 0.745277 -0.75114 -14.502976 -0.242153 0.039711 14.167834 124.0
150 4005.0 0.048569 0.451516 0.0 0.764952 -0.75114 -14.502976 -0.242153 0.039711 14.167834 124.0
151 4005.0 0.047246 0.452847 0.0 0.762722 -0.75114 -14.502976 -0.242153 0.039711 14.167834 124.0
152 4005.0 0.051595 0.485038 0.0 0.733017 -0.75114 -14.502976 -0.242153 0.039711 14.167834 124.0
153 4005.0 0.047092 0.502551 0.0 0.712276 -0.75114 -14.502976 -0.242153 0.039711 14.167834 124.0
154 4005.0 0.049098 0.513247 0.0 0.702779 -0.75114 -14.502976 -0.242153 0.039711 14.167834 124.0
155 4005.0 0.038274 0.478884 0.0 0.730366 -0.75114 -14.502976 -0.242153 0.039711 14.167834 124.0
156 4005.0 0.044931 0.50069 0.0 0.712719 -0.75114 -14.502976 -0.242153 0.039711 14.167834 124.0
157 4005.0 0.056196 0.50211 0.0 0.718794 -0.75114 -14.502976 -0.242153 0.039711 14.167834 124.0
158 4005.0 0.050874 0.480415 0.0 0.737218 -0.75114 -14.502976 -0.242153 0.039711 14.167834 124.0
159 4005.0 0.035024 0.50787 0.0 0.69884 -0.75114 -14.502976 -0.242153 0.039711 14.167834 124.0
160 4005.0 0.065236 0.519451 0.0 0.707258 -0.75114 -14.502976 -0.242153 0.039711 14.167834 124.0
161 4005.0 0.055713 0.516181 0.0 0.704219 -0.75114 -14.502976 -0.242153 0.039711 14.167834 124.0
162 4005.0 0.043286 0.515661 0.0 0.696458 -0.75114 -14.502976 -0.242153 0.039711 14.167834 124.0
163 4005.0 0.024133 0.502298 0.0 0.69722 -0.75114 -14.502976 -0.242153 0.039711 14.167834 124.0
164 4005.0 0.028525 0.493924 0.0 0.70863 -0.75114 -14.502976 -0.242153 0.039711 14.167834 124.0
165 4005.0 0.018254 0.478393 0.0 0.717512 -0.75114 -14.502976 -0.242153 0.039711 14.167834 124.0
166 4005.0 0.012095 0.485987 0.0 0.705712 -0.75114 -14.502976 -0.242153 0.039711 14.167834 124.0
167 4005.0 0.027843 0.498319 0.0 0.703724 -0.75114 -14.502976 -0.242153 0.039711 14.167834 124.0
168 4005.0 0.058346 0.480755 0.0 0.741857 -0.75114 -14.502976 -0.242153 0.039711 14.167834 124.0
169 4005.0 0.081843 0.48443 0.0 0.753805 -0.75114 -14.502976 -0.242153 0.039711 14.167834 124.0
170 4005.0 0.079588 0.480576 0.0 0.756205 -0.75114 -14.502976 -0.242153 0.039711 14.167834 124.0
171 4005.0 0.116159 0.488751 0.0 0.772314 -0.75114 -14.502976 -0.242153 0.039711 14.167834 124.0
172 4005.0 0.131234 0.470579 0.0 0.800774 -0.75114 -14.502976 -0.242153 0.039711 14.167834 124.0
173 4005.0 0.133039 0.481283 0.0 0.791135 -0.75114 -14.502976 -0.242153 0.039711 14.167834 124.0
174 4005.0 0.121427 0.483239 0.0 0.78141 -0.75114 -14.502976 -0.242153 0.039711 14.167834 124.0
175 4005.0 0.107542 0.487403 0.0 0.767933 -0.75114 -14.502976 -0.242153 0.039711 14.167834 124.0
176 4005.0 0.128227 0.483766 0.0 0.785412 -0.75114 -14.502976 -0.242153 0.039711 14.167834 124.0
177 4005.0 0.107358 0.494745 0.0 0.760373 -0.75114 -14.502976 -0.242153 0.039711 14.167834 124.0
178 4005.0 0.094958 0.499203 0.0 0.747588 -0.75114 -14.502976 -0.242153 0.039711 14.167834 124.0
179 4005.0 0.099198 0.517656 0.0 0.731725 -0.75114 -14.502976 -0.242153 0.039711 14.167834 124.0
180 4005.0 0.09964 0.513815 0.0 0.73591 -0.75114 -14.502976 -0.242153 0.039711 14.167834 124.0
181 4005.0 0.091383 0.497713 0.0 0.746713 -0.75114 -14.502976 -0.242153 0.039711 14.167834 124.0
182 4005.0 0.083424 0.491065 0.0 0.748139 -0.75114 -14.502976 -0.242153 0.039711 14.167834 124.0
183 4005.0 0.0808 0.53251 0.0 0.70441 -0.75114 -14.502976 -0.242153 0.039711 14.167834 124.0
184 4005.0 0.08117 0.537977 0.0 0.699119 -0.75114 -14.502976 -0.242153 0.039711 14.167834 124.0
185 4005.0 0.061109 0.536155 0.0 0.687586 -0.75114 -14.502976 -0.242153 0.039711 14.167834 124.0
186 4005.0 0.058573 0.548224 0.0 0.67367 -0.75114 -14.502976 -0.242153 0.039711 14.167834 124.0
187 4005.0 0.031248 0.534807 0.0 0.669037 -0.75114 -14.502976 -0.242153 0.039711 14.167834 124.0
188 4005.0 0.011232 0.570971 0.0 0.619058 -0.75114 -14.502976 -0.242153 0.039711 14.167834 124.0
189 4005.0 0.019362 0.533926 0.0 0.662003 -0.75114 -14.502976 -0.242153 0.039711 14.167834 124.0
190 4005.0 -0.009819 0.507241 0.0 0.66957 -0.75114 -14.502976 -0.242153 0.039711 14.167834 124.0
191 4005.0 0.038142 0.526473 0.0 0.682076 -0.75114 -14.502976 -0.242153 0.039711 14.167834 124.0
192 4005.0 0.017643 0.53287 0.0 0.661926 -0.75114 -14.502976 -0.242153 0.039711 14.167834 124.0
193 4005.0 0.018316 0.535309 0.0 0.659904 -0.75114 -14.502976 -0.242153 0.039711 14.167834 124.0
194 4005.0 -0.005298 0.526872 0.0 0.652702 -0.75114 -14.502976 -0.242153 0.039711 14.167834 124.0
195 4005.0 -0.021672 0.503884 0.0 0.665066 -0.75114 -14.502976 -0.242153 0.039711 14.167834 124.0
196 4005.0 -0.014125 0.481708 0.0 0.69256 -0.75114 -14.502976 -0.242153 0.039711 14.167834 124.0
197 4005.0 -0.049843 0.487048 0.0 0.662855 -0.75114 -14.502976 -0.242153 0.039711 14.167834 124.0
198 4005.0 -0.07575 0.503739 0.0 0.622706 -0.75114 -14.502976 -0.242153 0.039711 14.167834 124.0
199 4005.0 -0.083053 0.482204 0.0 0.639454 -0.75114 -14.502976 -0.242153 0.039711 14.167834 124.0
200 4005.0 -0.107329 0.496426 0.0 0.603348 -0.75114 -14.502976 -0.242153 0.039711 14.167834 124.0
201 4005.0 -0.12058 0.498126 0.0 0.590124 -0.75114 -14.502976 -0.242153 0.039711 14.167834 124.0
202 4005.0 -0.132274 0.509222 0.0 0.568192 -0.75114 -14.502976 -0.242153 0.039711 14.167834 124.0
203 4005.0 -0.164675 0.484181 0.0 0.567089 -0.75114 -14.502976 -0.242153 0.039711 14.167834 124.0
204 4005.0 -0.165671 0.486456 0.0 0.563798 -0.75114 -14.502976 -0.242153 0.039711 14.167834 124.0
205 4005.0 -0.185324 0.486095 0.0 0.547269 -0.75114 -14.502976 -0.242153 0.039711 14.167834 124.0
206 4005.0 -0.216926 0.47158 0.0 0.535595 -0.75114 -14.502976 -0.242153 0.039711 14.167834 124.0
207 4005.0 -0.185785 0.46482 0.0 0.569627 -0.75114 -14.502976 -0.242153 0.039711 14.167834 124.0
208 4005.0 -0.19126 0.49145 0.0 0.536432 -0.75114 -14.502976 -0.242153 0.039711 14.167834 124.0
209 4005.0 -0.170032 0.50381 0.0 0.541482 -0.75114 -14.502976 -0.242153 0.039711 14.167834 124.0
210 4005.0 -0.15048 0.505848 0.0 0.556131 -0.75114 -14.502976 -0.242153 0.039711 14.167834 124.0
211 4005.0 -0.145733 0.519537 0.0 0.545574 -0.75114 -14.502976 -0.242153 0.039711 14.167834 124.0
212 4005.0 -0.133925 0.516169 0.0 0.55934 -0.75114 -14.502976 -0.242153 0.039711 14.167834 124.0
213 4005.0 -0.10709 0.544513 0.0 0.55212 -0.75114 -14.502976 -0.242153 0.039711 14.167834 124.0
214 4005.0 -0.113724 0.538344 0.0 0.553008 -0.75114 -14.502976 -0.242153 0.039711 14.167834 124.0
215 4005.0 -0.090858 0.512469 0.0 0.600365 -0.75114 -14.502976 -0.242153 0.039711 14.167834 124.0
216 4005.0 -0.077208 0.533376 0.0 0.589751 -0.75114 -14.502976 -0.242153 0.039711 14.167834 124.0
217 4005.0 -0.06165 0.51461 0.0 0.623212 -0.75114 -14.502976 -0.242153 0.039711 14.167834 124.0
218 4005.0 -0.069781 0.523346 0.0 0.606871 -0.75114 -14.502976 -0.242153 0.039711 14.167834 124.0
219 4005.0 -0.084389 0.504244 0.0 0.614729 -0.75114 -14.502976 -0.242153 0.039711 14.167834 124.0
220 4005.0 -0.093256 0.498274 0.0 0.613483 -0.75114 -14.502976 -0.242153 0.039711 14.167834 124.0
221 4005.0 -0.112178 0.529356 0.0 0.563953 -0.75114 -14.502976 -0.242153 0.039711 14.167834 124.0
222 4005.0 -0.09029 0.537121 0.0 0.574487 -0.75114 -14.502976 -0.242153 0.039711 14.167834 124.0
223 4005.0 -0.057773 0.505119 0.0 0.636702 -0.75114 -14.502976 -0.242153 0.039711 14.167834 124.0
224 4005.0 -0.056764 0.524964 0.0 0.616344 -0.75114 -14.502976 -0.242153 0.039711 14.167834 124.0
225 4005.0 -0.054337 0.544628 0.0 0.5974 -0.75114 -14.502976 -0.242153 0.039711 14.167834 124.0
226 4005.0 -0.05146 0.558028 0.0 0.585544 -0.75114 -14.502976 -0.242153 0.039711 14.167834 124.0
227 4005.0 -0.090304 0.545086 0.0 0.565955 -0.75114 -14.502976 -0.242153 0.039711 14.167834 124.0
228 4005.0 -0.092378 0.565744 0.0 0.542075 -0.75114 -14.502976 -0.242153 0.039711 14.167834 124.0
229 4005.0 -0.069119 0.561977 0.0 0.566122 -0.75114 -14.502976 -0.242153 0.039711 14.167834 124.0
230 4005.0 -0.071676 0.549159 0.0 0.577631 -0.75114 -14.502976 -0.242153 0.039711 14.167834 124.0
231 4005.0 -0.078001 0.542826 0.0 0.578961 -0.75114 -14.502976 -0.242153 0.039711 14.167834 124.0
232 4005.0 -0.056923 0.53503 0.0 0.60544 -0.75114 -14.502976 -0.242153 0.039711 14.167834 124.0
233 4005.0 -0.055935 0.544378 0.0 0.596292 -0.75114 -14.502976 -0.242153 0.039711 14.167834 124.0
234 4005.0 -0.075362 0.531867 0.0 0.592954 -0.75114 -14.502976 -0.242153 0.039711 14.167834 124.0
235 4005.0 -0.070574 0.510761 0.0 0.61965 -0.75114 -14.502976 -0.242153 0.039711 14.167834 124.0
236 4005.0 -0.057656 0.496618 0.0 0.645895 -0.75114 -14.502976 -0.242153 0.039711 14.167834 124.0
237 4005.0 -0.039942 0.531593 0.0 0.623733 -0.75114 -14.502976 -0.242153 0.039711 14.167834 124.0
238 4005.0 -0.034653 0.533359 0.0 0.626395 -0.75114 -14.502976 -0.242153 0.039711 14.167834 124.0
239 4005.0 -0.037725 0.520931 0.0 0.637044 -0.75114 -14.502976 -0.242153 0.039711 14.167834 124.0
240 4005.0 -0.044007 0.516418 0.0 0.636465 -0.75114 -14.502976 -0.242153 0.039711 14.167834 124.0
241 4005.0 -0.048328 0.559364 0.0 0.586811 -0.75114 -14.502976 -0.242153 0.039711 14.167834 124.0
242 4005.0 -0.044161 0.550507 0.0 0.599871 -0.75114 -14.502976 -0.242153 0.039711 14.167834 124.0
243 4005.0 -0.056047 0.563698 0.0 0.575532 -0.75114 -14.502976 -0.242153 0.039711 14.167834 124.0
244 4005.0 -0.05943 0.579677 0.0 0.555529 -0.75114 -14.502976 -0.242153 0.039711 14.167834 124.0
245 4005.0 -0.082938 0.555795 0.0 0.56084 -0.75114 -14.502976 -0.242153 0.039711 14.167834 124.0
246 4005.0 -0.102103 0.542237 0.0 0.558847 -0.75114 -14.502976 -0.242153 0.039711 14.167834 124.0
247 4005.0 -0.067277 0.547916 0.0 0.582747 -0.75114 -14.502976 -0.242153 0.039711 14.167834 124.0
248 4005.0 -0.116227 0.547788 0.0 0.540754 -0.75114 -14.502976 -0.242153 0.039711 14.167834 124.0
249 4005.0 -0.110631 0.536975 0.0 0.557135 -0.75114 -14.502976 -0.242153 0.039711 14.167834 124.0
250 4005.0 -0.104329 0.544092 0.0 0.554947 -0.75114 -14.502976 -0.242153 0.039711 14.167834 124.0
251 4005.0 -0.101481 0.516289 0.0 0.587136 -0.75114 -14.502976 -0.242153 0.039711 14.167834 124.0
252 4005.0 -0.065636 0.542329 0.0 0.590135 -0.75114 -14.502976 -0.242153 0.039711 14.167834 124.0
253 4005.0 -0.052737 0.575118 0.0 0.566166 -0.75114 -14.502976 -0.242153 0.039711 14.167834 124.0
254 4005.0 -0.058217 0.586238 0.0 0.549556 -0.75114 -14.502976 -0.242153 0.039711 14.167834 124.0
255 4005.0 -0.05217 0.571205 0.0 0.570839 -0.75114 -14.502976 -0.242153 0.039711 14.167834 124.0
256 4005.0 -0.065675 0.568857 0.0 0.561727 -0.75114 -14.502976 -0.242153 0.039711 14.167834 124.0
257 4005.0 -0.063986 0.558203 0.0 0.574576 -0.75114 -14.502976 -0.242153 0.039711 14.167834 124.0
258 4005.0 -0.065818 0.54146 0.0 0.590908 -0.75114 -14.502976 -0.242153 0.039711 14.167834 124.0
259 4005.0 -0.07122 0.527354 0.0 0.601346 -0.75114 -14.502976 -0.242153 0.039711 14.167834 124.0
260 4005.0 -0.063803 0.543122 0.0 0.590865 -0.75114 -14.502976 -0.242153 0.039711 14.167834 124.0
261 4005.0 -0.057042 0.564838 0.0 0.573455 -0.75114 -14.502976 -0.242153 0.039711 14.167834 124.0
262 4005.0 -0.060068 0.576429 0.0 0.558454 -0.75114 -14.502976 -0.242153 0.039711 14.167834 124.0
263 4005.0 -0.070415 0.557138 0.0 0.570182 -0.75114 -14.502976 -0.242153 0.039711 14.167834 124.0
264 4005.0 -0.072291 0.572233 0.0 0.552422 -0.75114 -14.502976 -0.242153 0.039711 14.167834 124.0
265 4005.0 -0.078148 0.549569 0.0 0.571622 -0.75114 -14.502976 -0.242153 0.039711 14.167834 124.0
266 4005.0 -0.069002 0.561799 0.0 0.566413 -0.75114 -14.502976 -0.242153 0.039711 14.167834 124.0
267 4005.0 -0.073908 0.5668 0.0 0.556842 -0.75114 -14.502976 -0.242153 0.039711 14.167834 124.0
268 4005.0 -0.080252 0.549423 0.0 0.569967 -0.75114 -14.502976 -0.242153 0.039711 14.167834 124.0
269 4005.0 -0.088962 0.538503 0.0 0.574152 -0.75114 -14.502976 -0.242153 0.039711 14.167834 124.0
270 4005.0 -0.131391 0.518542 0.0 0.558982 -0.75114 -14.502976 -0.242153 0.039711 14.167834 124.0
271 4005.0 -0.147574 0.519981 0.0 0.543515 -0.75114 -14.502976 -0.242153 0.039711 14.167834 124.0
272 4005.0 -0.128452 0.493811 0.0 0.587965 -0.75114 -14.502976 -0.242153 0.039711 14.167834 124.0
273 4005.0 -0.145273 0.505896 0.0 0.560561 -0.75114 -14.502976 -0.242153 0.039711 14.167834 124.0
274 4005.0 -0.142934 0.512881 0.0 0.555102 -0.75114 -14.502976 -0.242153 0.039711 14.167834 124.0
275 4005.0 -0.165732 0.495721 0.0 0.553836 -0.75114 -14.502976 -0.242153 0.039711 14.167834 124.0
276 4005.0 -0.207552 0.502279 0.0 0.509989 -0.75114 -14.502976 -0.242153 0.039711 14.167834 124.0
277 4005.0 -0.212257 0.500383 0.0 0.507564 -0.75114 -14.502976 -0.242153 0.039711 14.167834 124.0
278 4005.0 -0.209687 0.483076 0.0 0.529529 -0.75114 -14.502976 -0.242153 0.039711 14.167834 124.0
279 4005.0 -0.221184 0.500074 0.0 0.49901 -0.75114 -14.502976 -0.242153 0.039711 14.167834 124.0
280 4005.0 -0.230857 0.487788 0.0 0.504095 -0.75114 -14.502976 -0.242153 0.039711 14.167834 124.0
281 4005.0 -0.259891 0.504835 0.0 0.454595 -0.75114 -14.502976 -0.242153 0.039711 14.167834 124.0
282 4005.0 -0.265883 0.532861 0.0 0.414947 -0.75114 -14.502976 -0.242153 0.039711 14.167834 124.0
283 4005.0 -0.285204 0.529294 0.0 0.399916 -0.75114 -14.502976 -0.242153 0.039711 14.167834 124.0
284 4005.0 -0.279206 0.550967 0.0 0.379883 -0.75114 -14.502976 -0.242153 0.039711 14.167834 124.0
285 4005.0 -0.305649 0.545693 0.0 0.359781 -0.75114 -14.502976 -0.242153 0.039711 14.167834 124.0
286 4005.0 -0.29109 0.544416 0.0 0.375871 -0.75114 -14.502976 -0.242153 0.039711 14.167834 124.0
287 4005.0 -0.269159 0.568034 0.0 0.369431 -0.75114 -14.502976 -0.242153 0.039711 14.167834 124.0
