 time p.x p.y p.z deep.node-0 CV opes.bias opes.rct opes.zed opes.neff opes.nker
0 10430.0 0.629471 0.445264 0.0 1.181193 -2.165302 -15.303549 -0.338219 0.036207 14.167834 136.0
1 10430.0 0.63174 0.502833 0.0 1.130187 -2.165302 -15.303549 -0.338219 0.036207 14.167834 136.0
2 10430.0 0.628039 0.497331 0.0 1.132399 -2.165302 -15.303549 -0.338219 0.036207 14.167834 136.0
3 10430.0 0.621479 0.509207 0.0 1.116503 -2.165302 -15.303549 -0.338219 0.036207 14.167834 136.0
4 10430.0 0.605417 0.512967 0.0 1.100778 -2.165302 -15.303549 -0.338219 0.036207 14.167834 136.0
5 10430.0 0.600306 0.517586 0.0 1.09264 -2.165302 -15.303549 -0.338219 0.036207 14.167834 136.0
6 10430.0 0.625362 0.529856 0.0 1.100554 -2.165302 -15.303549 -0.338219 0.036207 14.167834 136.0
7 10430.0 0.587308 0.567644 0.0 1.036843 -2.165302 -15.303549 -0.338219 0.036207 14.167834 136.0
8 10430.0 0.591982 0.55353 0.0 1.053346 -2.165302 -15.303549 -0.338219 0.036207 14.167834 136.0
9 10430.0 0.575295 0.568858 0.0 1.026546 -2.165302 -15.303549 -0.338219 0.036207 14.167834 136.0
10 10430.0 0.571825 0.574063 0.0 1.019125 -2.165302 -15.303549 -0.338219 0.036207 14.167834 136.0
11 10430.0 0.558983 0.589903 0.0 0.994795 -2.165302 -15.303549 -0.338219 0.036207 14.167834 136.0
12 10430.0 0.566122 0.582168 0.0 1.007339 -2.165302 -15.303549 -0.338219 0.036207 14.167834 136.0
13 10430.0 0.556505 0.585041 0.0 0.997355 -2.165302 -15.303549 -0.338219 0.036207 14.167834 136.0
14 10430.0 0.575811 0.585799 0.0 1.011421 -2.165302 -15.303549 -0.338219 0.036207 14.167834 136.0
15 10430.0 0.54351 0.595043 0.0 0.978257 -2.165302 -15.303549 -0.338219 0.036207 14.167834 136.0
16 10430.0 0.53014 0.586167 0.0 0.976166 -2.165302 -15.303549 -0.338219 0.036207 14.167834 136.0
17 10430.0 0.493429 0.587349 0.0 0.947017 -2.165302 -15.303549 -0.338219 0.036207 14.167834 136.0
18 10430.0 0.50634 0.574945 0.0 0.968252 -2.165302 -15.303549 -0.338219 0.036207 14.167834 136.0
19 10430.0 0.533961 0.561965 0.0 1.001261 -2.165302 -15.303549 -0.338219 0.036207 14.167834 136.0
20 10430.0 0.538631 0.550925 0.0 1.014944 -2.165302 -15.303549 -0.338219 0.036207 14.167834 136.0
21 10430.0 0.520618 0.518519 0.0 1.030861 -2.165302 -15.303549 -0.338219 0.036207 14.167834 136.0
22 10430.0 0.527694 0.524651 0.0 1.030653 -2.165302 -15.303549 -0.338219 0.036207 14.167834 136.0
23 10430.0 0.530278 0.517649 0.0 1.039043 -2.165302 -15.303549 -0.338219 0.036207 14.167834 136.0
24 10430.0 0.522595 0.506751 0.0 1.043154 -2.165302 -15.303549 -0.338219 0.036207 14.167834 136.0
25 10430.0 0.510861 0.505214 0.0 1.035591 -2.165302 -15.303549 -0.338219 0.036207 14.167834 136.0
26 10430.0 0.502306 0.504774 0.0 1.029453 -2.165302 -15.303549 -0.338219 0.036207 14.167834 136.0
27 10430.0 0.519292 0.49849 0.0 1.048196 -2.165302 -15.303549 -0.338219 0.036207 14.167834 136.0
28 10430.0 0.519449 0.516567 0.0 1.031756 -2.165302 -15.303549 -0.338219 0.036207 14.167834 136.0
29 10430.0 0.522484 0.527531 0.0 1.024031 -2.165302 -15.303549 -0.338219 0.036207 14.167834 136.0
30 10430.0 0.514158 0.535754 0.0 1.010132 -2.165302 -15.303549 -0.338219 0.036207 14.167834 136.0
31 10430.0 0.509002 0.544701 0.0 0.997995 -2.165302 -15.303549 -0.338219 0.036207 14.167834 136.0
32 10430.0 0.505403 0.556192 0.0 0.984715 -2.165302 -15.303549 -0.338219 0.036207 14.167834 136.0
33 10430.0 0.492755 0.566322 0.0 0.965766 -2.165302 -15.303549 -0.338219 0.036207 14.167834 136.0
34 10430.0 0.516689 0.568319 0.0 0.982234 -2.165302 -15.303549 -0.338219 0.036207 14.167834 136.0
35 10430.0 0.487902 0.541734 0.0 0.98458 -2.165302 -15.303549 -0.338219 0.036207 14.167834 136.0
36 10430.0 0.507028 0.531856 0.0 1.008253 -2.165302 -15.303549 -0.338219 0.036207 14.167834 136.0
37 10430.0 0.488461 0.519662 0.0 1.005229 -2.165302 -15.303549 -0.338219 0.036207 14.167834 136.0
38 10430.0 0.470765 0.521459 0.0 0.990054 -2.165302 -15.303549 -0.338219 0.036207 14.167834 136.0
39 10430.0 0.461007 0.509514 0.0 0.993536 -2.165302 -15.303549 -0.338219 0.036207 14.167834 136.0
40 10430.0 0.447818 0.498463 0.0 0.993578 -2.165302 -15.303549 -0.338219 0.036207 14.167834 136.0
41 10430.0 0.427082 0.509809 0.0 0.96733 -2.165302 -15.303549 -0.338219 0.036207 14.167834 136.0
42 10430.0 0.421633 0.507145 0.0 0.965604 -2.165302 -15.303549 -0.338219 0.036207 14.167834 136.0
43 10430.0 0.414149 0.520608 0.0 0.947549 -2.165302 -15.303549 -0.338219 0.036207 14.167834 136.0
44 10430.0 0.417677 0.502048 0.0 0.96725 -2.165302 -15.303549 -0.338219 0.036207 14.167834 136.0
45 10430.0 0.420265 0.499215 0.0 0.971823 -2.165302 -15.303549 -0.338219 0.036207 14.167834 136.0
46 10430.0 0.404152 0.50897 0.0 0.950568 -2.165302 -15.303549 -0.338219 0.036207 14.167834 136.0
47 10430.0 0.381517 0.503534 0.0 0.938325 -2.165302 -15.303549 -0.338219 0.036207 14.167834 136.0
48 10430.0 0.376193 0.500279 0.0 0.937759 -2.165302 -15.303549 -0.338219 0.036207 14.167834 136.0
49 10430.0 0.372324 0.495946 0.0 0.939272 -2.165302 -15.303549 -0.338219 0.036207 14.167834 136.0
50 10430.0 0.358531 0.476754 0.0 0.948331 -2.165302 -15.303549 -0.338219 0.036207 14.167834 136.0
51 10430.0 0.363511 0.473673 0.0 0.954852 -2.165302 -15.303549 -0.338219 0.036207 14.167834 136.0
52 10430.0 0.35103 0.489807 0.0 0.930277 -2.165302 -15.303549 -0.338219 0.036207 14.167834 136.0
53 10430.0 0.366978 0.475517 0.0 0.955492 -2.165302 -15.303549 -0.338219 0.036207 14.167834 136.0
54 10430.0 0.333409 0.470831 0.0 0.936427 -2.165302 -15.303549 -0.338219 0.036207 14.167834 136.0
55 10430.0 0.34771 0.503945 0.0 0.914108 -2.165302 -15.303549 -0.338219 0.036207 14.167834 136.0
56 10430.0 0.351933 0.498498 0.0 0.922412 -2.165302 -15.303549 -0.338219 0.036207 14.167834 136.0
57 10430.0 0.339372 0.495724 0.0 0.916275 -2.165302 -15.303549 -0.338219 0.036207 14.167834 136.0
58 10430.0 0.328242 0.490611 0.0 0.913437 -2.165302 -15.303549 -0.338219 0.036207 14.167834 136.0
59 10430.0 0.341495 0.490129 0.0 0.923245 -2.165302 -15.303549 -0.338219 0.036207 14.167834 136.0
60 10430.0 0.338822 0.476999 0.0 0.934206 -2.165302 -15.303549 -0.338219 0.036207 14.167834 136.0
61 10430.0 0.334595 0.488827 0.0 0.919657 -2.165302 -15.303549 -0.338219 0.036207 14.167834 136.0
62 10430.0 0.339209 0.479766 0.0 0.931772 -2.165302 -15.303549 -0.338219 0.036207 14.167834 136.0
63 10430.0 0.322172 0.482587 0.0 0.91701 -2.165302 -15.303549 -0.338219 0.036207 14.167834 136.0
64 10430.0 0.334221 0.508056 0.0 0.900584 -2.165302 -15.303549 -0.338219 0.036207 14.167834 136.0
65 10430.0 0.312968 0.497446 0.0 0.895991 -2.165302 -15.303549 -0.338219 0.036207 14.167834 136.0
66 10430.0 0.323108 0.490556 0.0 0.909873 -2.165302 -15.303549 -0.338219 0.036207 14.167834 136.0
67 10430.0 0.305679 0.504469 0.0 0.883985 -2.165302 -15.303549 -0.338219 0.036207 14.167834 136.0
68 10430.0 0.296186 0.501266 0.0 0.880431 -2.165302 -15.303549 -0.338219 0.036207 14.167834 136.0
69 10430.0 0.284252 0.489277 0.0 0.883883 -2.165302 -15.303549 -0.338219 0.036207 14.167834 136.0
70 10430.0 0.279996 0.488956 0.0 0.881369 -2.165302 -15.303549 -0.338219 0.036207 14.167834 136.0
71 10430.0 0.28809 0.523704 0.0 0.852777 -2.165302 -15.303549 -0.338219 0.036207 14.167834 136.0
72 10430.0 0.286977 0.535318 0.0 0.840631 -2.165302 -15.303549 -0.338219 0.036207 14.167834 136.0
73 10430.0 0.284341 0.517432 0.0 0.856272 -2.165302 -15.303549 -0.338219 0.036207 14.167834 136.0
74 10430.0 0.267676 0.530594 0.0 0.831655 -2.165302 -15.303549 -0.338219 0.036207 14.167834 136.0
75 10430.0 0.244502 0.531738 0.0 0.814365 -2.165302 -15.303549 -0.338219 0.036207 14.167834 136.0
76 10430.0 0.226757 0.521345 0.0 0.813058 -2.165302 -15.303549 -0.338219 0.036207 14.167834 136.0
77 10430.0 0.179878 0.506115 0.0 0.79722 -2.165302 -15.303549 -0.338219 0.036207 14.167834 136.0
78 10430.0 0.142311 0.496953 0.0 0.781447 -2.165302 -15.303549 -0.338219 0.036207 14.167834 136.0
79 10430.0 0.118002 0.510423 0.0 0.751592 -2.165302 -15.303549 -0.338219 0.036207 14.167834 136.0
80 10430.0 0.101202 0.522571 0.0 0.728084 -2.165302 -15.303549 -0.338219 0.036207 14.167834 136.0
81 10430.0 0.1232 0.509072 0.0 0.756426 -2.165302 -15.303549 -0.338219 0.036207 14.167834 136.0
82 10430.0 0.140696 0.462763 0.0 0.815001 -2.165302 -15.303549 -0.338219 0.036207 14.167834 136.0
83 10430.0 0.129945 0.491206 0.0 0.779021 -2.165302 -15.303549 -0.338219 0.036207 14.167834 136.0
84 10430.0 0.124051 0.492451 0.0 0.77383 -2.165302 -15.303549 -0.338219 0.036207 14.167834 136.0
85 10430.0 0.133399 0.466246 0.0 0.806607 -2.165302 -15.303549 -0.338219 0.036207 14.167834 136.0
86 10430.0 0.128647 0.481652 0.0 0.787833 -2.165302 -15.303549 -0.338219 0.036207 14.167834 136.0
87 10430.0 0.127547 0.48277 0.0 0.785966 -2.165302 -15.303549 -0.338219 0.036207 14.167834 136.0
88 10430.0 0.113319 0.48441 0.0 0.774817 -2.165302 -15.303549 -0.338219 0.036207 14.167834 136.0
89 10430.0 0.111969 0.490516 0.0 0.767733 -2.165302 -15.303549 -0.338219 0.036207 14.167834 136.0
90 10430.0 0.088678 0.504219 0.0 0.73832 -2.165302 -15.303549 -0.338219 0.036207 14.167834 136.0
91 10430.0 0.0807 0.522045 0.0 0.714944 -2.165302 -15.303549 -0.338219 0.036207 14.167834 136.0
92 10430.0 0.094972 0.492006 0.0 0.754887 -2.165302 -15.303549 -0.338219 0.036207 14.167834 136.0
93 10430.0 0.081439 0.518138 0.0 0.719394 -2.165302 -15.303549 -0.338219 0.036207 14.167834 136.0
94 10430.0 0.089281 0.497743 0.0 0.74528 -2.165302 -15.303549 -0.338219 0.036207 14.167834 136.0
95 10430.0 0.076733 0.507421 0.0 0.72711 -2.165302 -15.303549 -0.338219 0.036207 14.167834 136.0
96 10430.0 0.06962 0.533128 0.0 0.696328 -2.165302 -15.303549 -0.338219 0.036207 14.167834 136.0
97 10430.0 0.055667 0.512559 0.0 0.707857 -2.165302 -15.303549 -0.338219 0.036207 14.167834 136.0
98 10430.0 0.072057 0.507156 0.0 0.72426 -2.165302 -15.303549 -0.338219 0.036207 14.167834 136.0
99 10430.0 0.076388 0.512414 0.0 0.721823 -2.165302 -15.303549 -0.338219 0.036207 14.167834 136.0
100 10430.0 0.048741 0.517563 0.0 0.69817 -2.165302 -15.303549 -0.338219 0.036207 14.167834 136.0
101 10430.0 0.032638 0.502053 0.0 0.70314 -2.165302 -15.303549 -0.338219 0.036207 14.167834 136.0
102 10430.0 0.039608 0.499994 0.0 0.709874 -2.165302 -15.303549 -0.338219 0.036207 14.167834 136.0
103 10430.0 0.047239 0.492737 0.0 0.722313 -2.165302 -15.303549 -0.338219 0.036207 14.167834 136.0
104 10430.0 0.039619 0.475293 0.0 0.7349 -2.165302 -15.303549 -0.338219 0.036207 14.167834 136.0
105 10430.0 0.035406 0.488832 0.0 0.718378 -2.165302 -15.303549 -0.338219 0.036207 14.167834 136.0
106 10430.0 0.032005 0.483609 0.0 0.721399 -2.165302 -15.303549 -0.338219 0.036207 14.167834 136.0
107 10430.0 0.025064 0.510936 0.0 0.689092 -2.165302 -15.303549 -0.338219 0.036207 14.167834 136.0
108 10430.0 0.041931 0.532003 0.0 0.679001 -2.165302 -15.303549 -0.338219 0.036207 14.167834 136.0
109 10430.0 -0.007758 0.523297 0.0 0.654682 -2.165302 -15.303549 -0.338219 0.036207 14.167834 136.0
110 10430.0 -0.016255 0.517087 0.0 0.655306 -2.165302 -15.303549 -0.338219 0.036207 14.167834 136.0
111 10430.0 -0.001844 0.485692 0.0 0.696715 -2.165302 -15.303549 -0.338219 0.036207 14.167834 136.0
112 10430.0 -4.8e-05 0.500442 0.0 0.682974 -2.165302 -15.303549 -0.338219 0.036207 14.167834 136.0
113 10430.0 -0.001228 0.502173 0.0 0.680433 -2.165302 -15.303549 -0.338219 0.036207 14.167834 136.0
114 10430.0 0.005553 0.516597 0.0 0.670346 -2.165302 -15.303549 -0.338219 0.036207 14.167834 136.0
115 10430.0 0.003177 0.502493 0.0 0.683047 -2.165302 -15.303549 -0.338219 0.036207 14.167834 136.0
116 10430.0 -0.009119 0.500593 0.0 0.676771 -2.165302 -15.303549 -0.338219 0.036207 14.167834 136.0
117 10430.0 0.006021 0.488347 0.0 0.699272 -2.165302 -15.303549 -0.338219 0.036207 14.167834 136.0
118 10430.0 -0.01258 0.511075 0.0 0.663846 -2.165302 -15.303549 -0.338219 0.036207 14.167834 136.0
119 10430.0 -0.023363 0.525107 0.0 0.642442 -2.165302 -15.303549 -0.338219 0.036207 14.167834 136.0
120 10430.0 -0.041628 0.485966 0.0 0.669906 -2.165302 -15.303549 -0.338219 0.036207 14.167834 136.0
121 10430.0 -0.031321 0.513287 0.0 0.649107 -2.165302 -15.303549 -0.338219 0.036207 14.167834 136.0
122 10430.0 -0.015087 0.497081 0.0 0.676347 -2.165302 -15.303549 -0.338219 0.036207 14.167834 136.0
123 10430.0 -0.035518 0.474966 0.0 0.685122 -2.165302 -15.303549 -0.338219 0.036207 14.167834 136.0
124 10430.0 -0.066143 0.488 0.0 0.647808 -2.165302 -15.303549 -0.338219 0.036207 14.167834 136.0
125 10430.0 -0.059338 0.491969 0.0 0.64942 -2.165302 -15.303549 -0.338219 0.036207 14.167834 136.0
126 10430.0 -0.057165 0.493114 0.0 0.650065 -2.165302 -15.303549 -0.338219 0.036207 14.167834 136.0
127 10430.0 -0.06029 0.513719 0.0 0.625338 -2.165302 -15.303549 -0.338219 0.036207 14.167834 136.0
128 10430.0 -0.070228 0.525729 0.0 0.603937 -2.165302 -15.303549 -0.338219 0.036207 14.167834 136.0
129 10430.0 -0.044907 0.532258 0.0 0.618748 -2.165302 -15.303549 -0.338219 0.036207 14.167834 136.0
130 10430.0 -0.038757 0.526037 0.0 0.630695 -2.165302 -15.303549 -0.338219 0.036207 14.167834 136.0
131 10430.0 -0.053919 0.518657 0.0 0.625538 -2.165302 -15.303549 -0.338219 0.036207 14.167834 136.0
132 10430.0 -0.064029 0.50102 0.0 0.635702 -2.165302 -15.303549 -0.338219 0.036207 14.167834 136.0
133 10430.0 -0.060436 0.515245 0.0 0.623579 -2.165302 -15.303549 -0.338219 0.036207 14.167834 136.0
134 10430.0 -0.063855 0.511863 0.0 0.624254 -2.165302 -15.303549 -0.338219 0.036207 14.167834 136.0
135 10430.0 -0.086341 0.526924 0.0 0.588792 -2.165302 -15.303549 -0.338219 0.036207 14.167834 136.0
136 10430.0 -0.1016 0.519537 0.0 0.583559 -2.165302 -15.303549 -0.338219 0.036207 14.167834 136.0
137 10430.0 -0.107978 0.535622 0.0 0.560865 -2.165302 -15.303549 -0.338219 0.036207 14.167834 136.0
138 10430.0 -0.130856 0.537796 0.0 0.538849 -2.165302 -15.303549 -0.338219 0.036207 14.167834 136.0
139 10430.0 -0.141563 0.546278 0.0 0.520562 -2.165302 -15.303549 -0.338219 0.036207 14.167834 136.0
140 10430.0 -0.1316 0.512537 0.0 0.565226 -2.165302 -15.303549 -0.338219 0.036207 14.167834 136.0
141 10430.0 -0.130631 0.521336 0.0 0.556648 -2.165302 -15.303549 -0.338219 0.036207 14.167834 136.0
142 10430.0 -0.126833 0.529715 0.0 0.550956 -2.165302 -15.303549 -0.338219 0.036207 14.167834 136.0
143 10430.0 -0.119147 0.540533 0.0 0.546 -2.165302 -15.303549 -0.338219 0.036207 14.167834 136.0
144 10430.0 -0.127015 0.526513 0.0 0.554224 -2.165302 -15.303549 -0.338219 0.036207 14.167834 136.0
145 10430.0 -0.12696 0.54892 0.0 0.530305 -2.165302 -15.303549 -0.338219 0.036207 14.167834 136.0
146 10430.0 -0.131965 0.550376 0.0 0.52444 -2.165302 -15.303549 -0.338219 0.036207 14.167834 136.0
147 10430.0 -0.139246 0.539504 0.0 0.529802 -2.165302 -15.303549 -0.338219 0.036207 14.167834 136.0
148 10430.0 -0.136167 0.509475 0.0 0.56457 -2.165302 -15.303549 -0.338219 0.036207 14.167834 136.0
149 10430.0 -0.130391 0.520975 0.0 0.557241 -2.165302 -15.303549 -0.338219 0.036207 14.167834 136.0
150 10430.0 -0.149703 0.522007 0.0 0.539516 -2.165302 -15.303549 -0.338219 0.036207 14.167834 136.0
151 10430.0 -0.149331 0.524972 0.0 0.536665 -2.165302 -15.303549 -0.338219 0.036207 14.167834 136.0
152 10430.0 -0.13578 0.523412 0.0 0.549996 -2.165302 -15.303549 -0.338219 0.036207 14.167834 136.0
153 10430.0 -0.116395 0.528422 0.0 0.561322 -2.165302 -15.303549 -0.338219 0.036207 14.167834 136.0
154 10430.0 -0.102422 0.520832 0.0 0.581467 -2.165302 -15.303549 -0.338219 0.036207 14.167834 136.0
155 10430.0 -0.128325 0.503966 0.0 0.577212 -2.165302 -15.303549 -0.338219 0.036207 14.167834 136.0
156 10430.0 -0.13635 0.489418 0.0 0.585865 -2.165302 -15.303549 -0.338219 0.036207 14.167834 136.0
157 10430.0 -0.149547 0.508792 0.0 0.553786 -2.165302 -15.303549 -0.338219 0.036207 14.167834 136.0
158 10430.0 -0.154163 0.479802 0.0 0.580819 -2.165302 -15.303549 -0.338219 0.036207 14.167834 136.0
159 10430.0 -0.148077 0.49086 0.0 0.57423 -2.165302 -15.303549 -0.338219 0.036207 14.167834 136.0
160 10430.0 -0.153977 0.46501 0.0 0.596801 -2.165302 -15.303549 -0.338219 0.036207 14.167834 136.0
161 10430.0 -0.171437 0.465258 0.0 0.581508 -2.165302 -15.303549 -0.338219 0.036207 14.167834 136.0
162 10430.0 -0.166359 0.468259 0.0 0.582669 -2.165302 -15.303549 -0.338219 0.036207 14.167834 136.0
163 10430.0 -0.191452 0.482679 0.0 0.545648 -2.165302 -15.303549 -0.338219 0.036207 14.167834 136.0
164 10430.0 -0.197465 0.486905 0.0 0.535953 -2.165302 -15.303549 -0.338219 0.036207 14.167834 136.0
165 10430.0 -0.19844 0.490713 0.0 0.531041 -2.165302 -15.303549 -0.338219 0.036207 14.167834 136.0
166 10430.0 -0.191071 0.503924 0.0 0.523253 -2.165302 -15.303549 -0.338219 0.036207 14.167834 136.0
167 10430.0 -0.202309 0.528717 0.0 0.48348 -2.165302 -15.303549 -0.338219 0.036207 14.167834 136.0
168 10430.0 -0.205503 0.508958 0.0 0.504017 -2.165302 -15.303549 -0.338219 0.036207 14.167834 136.0
169 10430.0 -0.22691 0.547259 0.0 0.436618 -2.165302 -15.303549 -0.338219 0.036207 14.167834 136.0
170 10430.0 -0.223404 0.516904 0.0 0.476578 -2.165302 -15.303549 -0.338219 0.036207 14.167834 136.0
171 10430.0 -0.214054 0.530494 0.0 0.469604 -2.165302 -15.303549 -0.338219 0.036207 14.167834 136.0
172 10430.0 -0.232338 0.523447 0.0 0.459789 -2.165302 -15.303549 -0.338219 0.036207 14.167834 136.0
173 10430.0 -0.197563 0.520335 0.0 0.498291 -2.165302 -15.303549 -0.338219 0.036207 14.167834 136.0
174 10430.0 -0.184908 0.522123 0.0 0.508796 -2.165302 -15.303549 -0.338219 0.036207 14.167834 136.0
175 10430.0 -0.190861 0.49782 0.0 0.529962 -2.165302 -15.303549 -0.338219 0.036207 14.167834 136.0
176 10430.0 -0.20154 0.48073 0.0 0.53905 -2.165302 -15.303549 -0.338219 0.036207 14.167834 136.0
177 10430.0 -0.208937 0.49539 0.0 0.516878 -2.165302 -15.303549 -0.338219 0.036207 14.167834 136.0
178 10430.0 -0.204355 0.513429 0.0 0.499795 -2.165302 -15.303549 -0.338219 0.036207 14.167834 136.0
179 10430.0 -0.19495 0.498703 0.0 0.525499 -2.165302 -15.303549 -0.338219 0.036207 14.167834 136.0
180 10430.0 -0.20307 0.476268 0.0 0.542506 -2.165302 -15.303549 -0.338219 0.036207 14.167834 136.0
181 10430.0 -0.197124 0.49906 0.0 0.523245 -2.165302 -15.303549 -0.338219 0.036207 14.167834 136.0
182 10430.0 -0.222081 0.499299 0.0 0.499044 -2.165302 -15.303549 -0.338219 0.036207 14.167834 136.0
183 10430.0 -0.229386 0.534094 0.0 0.449954 -2.165302 -15.303549 -0.338219 0.036207 14.167834 136.0
184 10430.0 -0.217265 0.534542 0.0 0.461532 -2.165302 -15.303549 -0.338219 0.036207 14.167834 136.0
185 10430.0 -0.224295 0.539956 0.0 0.448003 -2.165302 -15.303549 -0.338219 0.036207 14.167834 136.0
186 10430.0 -0.215714 0.567962 0.0 0.422947 -2.165302 -15.303549 -0.338219 0.036207 14.167834 136.0
187 10430.0 -0.222489 0.535906 0.0 0.454672 -2.165302 -15.303549 -0.338219 0.036207 14.167834 136.0
188 10430.0 -0.242838 0.553339 0.0 0.413392 -2.165302 -15.303549 -0.338219 0.036207 14.167834 136.0
189 10430.0 -0.236708 0.564981 0.0 0.405539 -2.165302 -15.303549 -0.338219 0.036207 14.167834 136.0
190 10430.0 -0.252683 0.562645 0.0 0.392374 -2.165302 -15.303549 -0.338219 0.036207 14.167834 136.0
191 10430.0 -0.26162 0.558918 0.0 0.387915 -2.165302 -15.303549 -0.338219 0.036207 14.167834 136.0
192 10430.0 -0.249727 0.551138 0.0 0.409149 -2.165302 -15.303549 -0.338219 0.036207 14.167834 136.0
193 10430.0 -0.25866 0.53115 0.0 0.424223 -2.165302 -15.303549 -0.338219 0.036207 14.167834 136.0
194 10430.0 -0.285703 0.534424 0.0 0.393256 -2.165302 -15.303549 -0.338219 0.036207 14.167834 136.0
195 10430.0 -0.274685 0.533445 0.0 0.405447 -2.165302 -15.303549 -0.338219 0.036207 14.167834 136.0
196 10430.0 -0.288558 0.547224 0.0 0.37503 -2.165302 -15.303549 -0.338219 0.036207 14.167834 136.0
197 10430.0 -0.287027 0.536635 0.0 0.389277 -2.165302 -15.303549 -0.338219 0.036207 14.167834 136.0
198 10430.0 -0.293744 0.524525 0.0 0.397105 -2.165302 -15.303549 -0.338219 0.036207 14.167834 136.0
199 10430.0 -0.325706 0.513655 0.0 0.378208 -2.165302 -15.303549 -0.338219 0.036207 14.167834 136.0
200 10430.0 -0.352536 0.541364 0.0 0.318107 -2.165302 -15.303549 -0.338219 0.036207 14.167834 136.0
201 10430.0 -0.392933 0.543404 0.0 0.275271 -2.165302 -15.303549 -0.338219 0.036207 14.167834 136.0
202 10430.0 -0.393348 0.557134 0.0 0.258367 -2.165302 -15.303549 -0.338219 0.036207 14.167834 136.0
203 10430.0 -0.397292 0.556157 0.0 0.255598 -2.165302 -15.303549 -0.338219 0.036207 14.167834 136.0
204 10430.0 -0.40721 0.532824 0.0 0.273704 -2.165302 -15.303549 -0.338219 0.036207 14.167834 136.0
205 10430.0 -0.428867 0.546334 0.0 0.235829 -2.165302 -15.303549 -0.338219 0.036207 14.167834 136.0
206 10430.0 -0.420432 0.540765 0.0 0.250949 -2.165302 -15.303549 -0.338219 0.036207 14.167834 136.0
207 10430.0 -0.460677 0.537586 0.0 0.214534 -2.165302 -15.303549 -0.338219 0.036207 14.167834 136.0
208 10430.0 -0.470061 0.525124 0.0 0.220118 -2.165302 -15.303549 -0.338219 0.036207 14.167834 136.0
209 10430.0 -0.477347 0.538013 0.0 0.197356 -2.165302 -15.303549 -0.338219 0.036207 14.167834 136.0
210 10430.0 -0.490398 0.56294 0.0 0.154372 -2.165302 -15.303549 -0.338219 0.036207 14.167834 136.0
211 10430.0 -0.494099 0.547191 0.0 0.169586 -2.165302 -15.303549 -0.338219 0.036207 14.167834 136.0
212 10430.0 -0.532355 0.52077 0.0 0.163072 -2.165302 -15.303549 -0.338219 0.036207 14.167834 136.0
213 10430.0 -0.544378 0.516703 0.0 0.155936 -2.165302 -15.303549 -0.338219 0.036207 14.167834 136.0
214 10430.0 -0.55445 0.531996 0.0 0.1275 -2.165302 -15.303549 -0.338219 0.036207 14.167834 136.0
215 10430.0 -0.565732 0.552349 0.0 0.091779 -2.165302 -15.303549 -0.338219 0.036207 14.167834 136.0
216 10430.0 -0.565873 0.539106 0.0 0.107543 -2.165302 -15.303549 -0.338219 0.036207 14.167834 136.0
217 10430.0 -0.579043 0.54876 0.0 0.082781 -2.165302 -15.303549 -0.338219 0.036207 14.167834 136.0
218 10430.0 -0.584322 0.542852 0.0 0.0846 -2.165302 -15.303549 -0.338219 0.036207 14.167834 136.0
219 10430.0 -0.608502 0.542102 0.0 0.061327 -2.165302 -15.303549 -0.338219 0.036207 14.167834 136.0
220 10430.0 -0.632584 0.539315 0.0 0.040599 -2.165302 -15.303549 -0.338219 0.036207 14.167834 136.0
221 10430.0 -0.630515 0.507911 0.0 0.080383 -2.165302 -15.303549 -0.338219 0.036207 14.167834 136.0
222 10430.0 -0.619667 0.515979 0.0 0.081537 -2.165302 -15.303549 -0.338219 0.036207 14.167834 136.0
223 10430.0 -0.606485 0.515861 0.0 0.094858 -2.165302 -15.303549 -0.338219 0.036207 14.167834 136.0
224 10430.0 -0.617145 0.537138 0.0 0.058648 -2.165302 -15.303549 -0.338219 0.036207 14.167834 136.0
225 10430.0 -0.643286 0.560565 0.0 0.004379 -2.165302 -15.303549 -0.338219 0.036207 14.167834 136.0
226 10430.0 -0.664002 0.558614 0.0 -0.013987 -2.165302 -15.303549 -0.338219 0.036207 14.167834 136.0
227 10430.0 -0.67433 0.556016 0.0 -0.021193 -2.165302 -15.303549 -0.338219 0.036207 14.167834 136.0
228 10430.0 -0.721468 0.563268 0.0 -0.077027 -2.165302 -15.303549 -0.338219 0.036207 14.167834 136.0
229 10430.0 -0.6963 0.569796 0.0 -0.059705 -2.165302 -15.303549 -0.338219 0.036207 14.167834 136.0
230 10430.0 -0.694026 0.575258 0.0 -0.063992 -2.165302 -15.303549 -0.338219 0.036207 14.167834 136.0
231 10430.0 -0.666435 0.580653 0.0 -0.042888 -2.165302 -15.303549 -0.338219 0.036207 14.167834 136.0
232 10430.0 -0.649245 0.59819 0.0 -0.046764 -2.165302 -15.303549 -0.338219 0.036207 14.167834 136.0
233 10430.0 -0.660952 0.624015 0.0 -0.089483 -2.165302 -15.303549 -0.338219 0.036207 14.167834 136.0
234 10430.0 -0.660523 0.627049 0.0 -0.092697 -2.165302 -15.303549 -0.338219 0.036207 14.167834 136.0
235 10430.0 -0.672781 0.632715 0.0 -0.111756 -2.165302 -15.303549 -0.338219 0.036207 14.167834 136.0
236 10430.0 -0.6905 0.639506 0.0 -0.138133 -2.165302 -15.303549 -0.338219 0.036207 14.167834 136.0
237 10430.0 -0.694631 0.645474 0.0 -0.149821 -2.165302 -15.303549 -0.338219 0.036207 14.167834 136.0
238 10430.0 -0.696379 0.658746 0.0 -0.168262 -2.165302 -15.303549 -0.338219 0.036207 14.167834 136.0
239 10430.0 -0.685913 0.682357 0.0 -0.187241 -2.165302 -15.303549 -0.338219 0.036207 14.167834 136.0
240 10430.0 -0.691768 0.689494 0.0 -0.200019 -2.165302 -15.303549 -0.338219 0.036207 14.167834 136.0
241 10430.0 -0.706563 0.685727 0.0 -0.209067 -2.165302 -15.303549 -0.338219 0.036207 14.167834 136.0
242 10430.0 -0.724803 0.719871 0.0 -0.261571 -2.165302 -15.303549 -0.338219 0.036207 14.167834 136.0
243 10430.0 -0.73319 0.734954 0.0 -0.288098 -2.165302 -15.303549 -0.338219 0.036207 14.167834 136.0
244 10430.0 -0.714501 0.732382 0.0 -0.266363 -2.165302 -15.303549 -0.338219 0.036207 14.167834 136.0
245 10430.0 -0.745688 0.745276 0.0 -0.314561 -2.165302 -15.303549 -0.338219 0.036207 14.167834 136.0
246 10430.0 -0.743622 0.743179 0.0 -0.309644 -2.165302 -15.303549 -0.338219 0.036207 14.167834 136.0
247 10430.0 -0.772881 0.752236 0.0 -0.350647 -2.165302 -15.303549 -0.338219 0.036207 14.167834 136.0
248 10430.0 -0.761878 0.75888 0.0 -0.349165 -2.165302 -15.303549 -0.338219 0.036207 14.167834 136.0
249 10430.0 -0.750633 0.750888 0.0 -0.32715 -2.165302 -15.303549 -0.338219 0.036207 14.167834 136.0
250 10430.0 -0.748233 0.755825 0.0 -0.331664 -2.165302 -15.303549 -0.338219 0.036207 14.167834 136.0
251 10430.0 -0.744372 0.741441 0.0 -0.307963 -2.165302 -15.303549 -0.338219 0.036207 14.167834 136.0
252 10430.0 -0.727125 0.764391 0.0 -0.323023 -2.165302 -15.303549 -0.338219 0.036207 14.167834 136.0
253 10430.0 -0.72223 0.749804 0.0 -0.298036 -2.165302 -15.303549 -0.338219 0.036207 14.167834 136.0
254 10430.0 -0.742298 0.742903 0.0 -0.307974 -2.165302 -15.303549 -0.338219 0.036207 14.167834 136.0
255 10430.0 -0.743583 0.737789 0.0 -0.302133 -2.165302 -15.303549 -0.338219 0.036207 14.167834 136.0
256 10430.0 -0.742102 0.758628 0.0 -0.32959 -2.165302 -15.303549 -0.338219 0.036207 14.167834 136.0
257 10430.0 -0.762815 0.788005 0.0 -0.390464 -2.165302 -15.303549 -0.338219 0.036207 14.167834 136.0
258 10430.0 -0.792841 0.809928 0.0 -0.450053 -2.165302 -15.303549 -0.338219 0.036207 14.167834 136.0
259 10430.0 -0.822199 0.829722 0.0 -0.50837 -2.165302 -15.303549 -0.338219 0.036207 14.167834 136.0
260 10430.0 -0.81555 0.852803 0.0 -0.537516 -2.165302 -15.303549 -0.338219 0.036207 14.167834 136.0
261 10430.0 -0.810221 0.865078 0.0 -0.551209 -2.165302 -15.303549 -0.338219 0.036207 14.167834 136.0
262 10430.0 -0.817115 0.86583 0.0 -0.559326 -2.165302 -15.303549 -0.338219 0.036207 14.167834 136.0
263 10430.0 -0.8425 0.909396 0.0 -0.651216 -2.165302 -15.303549 -0.338219 0.036207 14.167834 136.0
264 10430.0 -0.8324 0.943162 0.0 -0.690473 -2.165302 -15.303549 -0.338219 0.036207 14.167834 136.0
265 10430.0 -0.859844 0.978258 0.0 -0.760202 -2.165302 -15.303549 -0.338219 0.036207 14.167834 136.0
266 10430.0 -0.83405 0.993961 0.0 -0.756694 -2.165302 -15.303549 -0.338219 0.036207 14.167834 136.0
267 10430.0 -0.822656 1.031953 0.0 -0.785666 -2.165302 -15.303549 -0.338219 0.036207 14.167834 136.0
268 10430.0 -0.833286 1.034389 0.0 -0.795866 -2.165302 -15.303549 -0.338219 0.036207 14.167834 136.0
269 10430.0 -0.842232 1.068257 0.0 -0.835721 -2.165302 -15.303549 -0.338219 0.036207 14.167834 136.0
270 10430.0 -0.861179 1.083508 0.0 -0.864623 -2.165302 -15.303549 -0.338219 0.036207 14.167834 136.0
271 10430.0 -0.846664 1.109034 0.0 -0.879051 -2.165302 -15.303549 -0.338219 0.036207 14.167834 136.0
272 10430.0 -0.85897 1.125547 0.0 -0.904317 -2.165302 -15.303549 -0.338219 0.036207 14.167834 136.0
273 10430.0 -0.861235 1.138121 0.0 -0.918338 -2.165302 -15.303549 -0.338219 0.036207 14.167834 136.0
274 10430.0 -0.854113 1.132248 0.0 -0.907336 -2.165302 -15.303549 -0.338219 0.036207 14.167834 136.0
275 10430.0 -0.845062 1.122241 0.0 -0.890854 -2.165302 -15.303549 -0.338219 0.036207 14.167834 136.0
276 10430.0 -0.849982 1.14372 0.0 -0.915578 -2.165302 -15.303549 -0.338219 0.036207 14.167834 136.0
277 10430.0 -0.833741 1.152474 0.0 -0.912255 -2.165302 -15.303549 -0.338219 0.036207 14.167834 136.0
278 10430.0 -0.822326 1.203847 0.0 -0.954363 -2.165302 -15.303549 -0.338219 0.036207 14.167834 136.0
279 10430.0 -0.786549 1.196321 0.0 -0.920694 -2.165302 -15.303549 -0.338219 0.036207 14.167834 136.0
280 10430.0 -0.792477 1.23366 0.0 -0.961745 -2.165302 -15.303549 -0.338219 0.036207 14.167834 136.0
281 10430.0 -0.781183 1.225715 0.0 -0.945643 -2.165302 -15.303549 -0.338219 0.036207 14.167834 136.0
282 10430.0 -0.777143 1.240047 0.0 -0.956762 -2.165302 -15.303549 -0.338219 0.036207 14.167834 136.0
283 10430.0 -0.764593 1.249401 0.0 -0.956486 -2.165302 -15.303549 -0.338219 0.036207 14.167834 136.0
284 10430.0 -0.753993 1.260955 0.0 -0.957141 -2.165302 -15.303549 -0.338219 0.036207 14.167834 136.0
285 10430.0 -0.7297 1.265625 0.0 -0.94401 -2.165302 -15.303549 -0.338219 0.036207 14.167834 136.0
286 10430.0 -0.73179 1.257997 0.0 -0.940406 -2.165302 -15.303549 -0.338219 0.036207 14.167834 136.0
287 10430.0 -0.762842 1.293268 0.0 -0.984109 -2.165302 -15.303549 -0.338219 0.036207 14.167834 136.0
