 time p.x p.y p.z deep.node-0 CV opes.bias opes.rct opes.zed opes.neff opes.nker
0 1690.0 0.760842 0.659352 0.0 1.085498 -0.614479 -14.788835 -0.154982 0.047348 14.167834 104.0
1 1690.0 0.734458 0.648027 0.0 1.075702 -0.614479 -14.788835 -0.154982 0.047348 14.167834 104.0
2 1690.0 0.726316 0.64341 0.0 1.073706 -0.614479 -14.788835 -0.154982 0.047348 14.167834 104.0
3 1690.0 0.716115 0.63796 0.0 1.070901 -0.614479 -14.788835 -0.154982 0.047348 14.167834 104.0
4 1690.0 0.696572 0.664963 0.0 1.031221 -0.614479 -14.788835 -0.154982 0.047348 14.167834 104.0
5 1690.0 0.686029 0.645617 0.0 1.040884 -0.614479 -14.788835 -0.154982 0.047348 14.167834 104.0
6 1690.0 0.705403 0.609972 0.0 1.088351 -0.614479 -14.788835 -0.154982 0.047348 14.167834 104.0
7 1690.0 0.682845 0.619266 0.0 1.062591 -0.614479 -14.788835 -0.154982 0.047348 14.167834 104.0
8 1690.0 0.691483 0.647683 0.0 1.043161 -0.614479 -14.788835 -0.154982 0.047348 14.167834 104.0
9 1690.0 0.719412 0.664545 0.0 1.049066 -0.614479 -14.788835 -0.154982 0.047348 14.167834 104.0
10 1690.0 0.709111 0.655577 0.0 1.049406 -0.614479 -14.788835 -0.154982 0.047348 14.167834 104.0
11 1690.0 0.689492 0.652732 0.0 1.037013 -0.614479 -14.788835 -0.154982 0.047348 14.167834 104.0
12 1690.0 0.70598 0.614482 0.0 1.084661 -0.614479 -14.788835 -0.154982 0.047348 14.167834 104.0
13 1690.0 0.686851 0.587129 0.0 1.095095 -0.614479 -14.788835 -0.154982 0.047348 14.167834 104.0
14 1690.0 0.666862 0.574314 0.0 1.091553 -0.614479 -14.788835 -0.154982 0.047348 14.167834 104.0
15 1690.0 0.643731 0.545796 0.0 1.099995 -0.614479 -14.788835 -0.154982 0.047348 14.167834 104.0
16 1690.0 0.621095 0.541635 0.0 1.086501 -0.614479 -14.788835 -0.154982 0.047348 14.167834 104.0
17 1690.0 0.602548 0.552873 0.0 1.062026 -0.614479 -14.788835 -0.154982 0.047348 14.167834 104.0
18 1690.0 0.562311 0.564673 0.0 1.020454 -0.614479 -14.788835 -0.154982 0.047348 14.167834 104.0
19 1690.0 0.540219 0.545552 0.0 1.021081 -0.614479 -14.788835 -0.154982 0.047348 14.167834 104.0
20 1690.0 0.559787 0.547925 0.0 1.033867 -0.614479 -14.788835 -0.154982 0.047348 14.167834 104.0
21 1690.0 0.550388 0.565796 0.0 1.010309 -0.614479 -14.788835 -0.154982 0.047348 14.167834 104.0
22 1690.0 0.548524 0.551146 0.0 1.022306 -0.614479 -14.788835 -0.154982 0.047348 14.167834 104.0
23 1690.0 0.546355 0.543844 0.0 1.027336 -0.614479 -14.788835 -0.154982 0.047348 14.167834 104.0
24 1690.0 0.544307 0.533923 0.0 1.03486 -0.614479 -14.788835 -0.154982 0.047348 14.167834 104.0
25 1690.0 0.519168 0.509318 0.0 1.038182 -0.614479 -14.788835 -0.154982 0.047348 14.167834 104.0
26 1690.0 0.495565 0.508767 0.0 1.020641 -0.614479 -14.788835 -0.154982 0.047348 14.167834 104.0
27 1690.0 0.510227 0.483996 0.0 1.054545 -0.614479 -14.788835 -0.154982 0.047348 14.167834 104.0
28 1690.0 0.503558 0.502546 0.0 1.032451 -0.614479 -14.788835 -0.154982 0.047348 14.167834 104.0
29 1690.0 0.473171 0.528846 0.0 0.985126 -0.614479 -14.788835 -0.154982 0.047348 14.167834 104.0
30 1690.0 0.453848 0.512324 0.0 0.985489 -0.614479 -14.788835 -0.154982 0.047348 14.167834 104.0
31 1690.0 0.436472 0.518609 0.0 0.966447 -0.614479 -14.788835 -0.154982 0.047348 14.167834 104.0
32 1690.0 0.427947 0.509472 0.0 0.9683 -0.614479 -14.788835 -0.154982 0.047348 14.167834 104.0
33 1690.0 0.403086 0.513782 0.0 0.945344 -0.614479 -14.788835 -0.154982 0.047348 14.167834 104.0
34 1690.0 0.386506 0.529155 0.0 0.918585 -0.614479 -14.788835 -0.154982 0.047348 14.167834 104.0
35 1690.0 0.357911 0.526115 0.0 0.899606 -0.614479 -14.788835 -0.154982 0.047348 14.167834 104.0
36 1690.0 0.380748 0.54797 0.0 0.896945 -0.614479 -14.788835 -0.154982 0.047348 14.167834 104.0
37 1690.0 0.371649 0.522652 0.0 0.913184 -0.614479 -14.788835 -0.154982 0.047348 14.167834 104.0
38 1690.0 0.32647 0.543795 0.0 0.860161 -0.614479 -14.788835 -0.154982 0.047348 14.167834 104.0
39 1690.0 0.334228 0.549851 0.0 0.859701 -0.614479 -14.788835 -0.154982 0.047348 14.167834 104.0
40 1690.0 0.342945 0.549093 0.0 0.867016 -0.614479 -14.788835 -0.154982 0.047348 14.167834 104.0
41 1690.0 0.347054 0.544073 0.0 0.874756 -0.614479 -14.788835 -0.154982 0.047348 14.167834 104.0
42 1690.0 0.352221 0.54782 0.0 0.875274 -0.614479 -14.788835 -0.154982 0.047348 14.167834 104.0
43 1690.0 0.341832 0.550908 0.0 0.864502 -0.614479 -14.788835 -0.154982 0.047348 14.167834 104.0
44 1690.0 0.343139 0.543775 0.0 0.872036 -0.614479 -14.788835 -0.154982 0.047348 14.167834 104.0
45 1690.0 0.337271 0.573866 0.0 0.839982 -0.614479 -14.788835 -0.154982 0.047348 14.167834 104.0
46 1690.0 0.356379 0.563996 0.0 0.863633 -0.614479 -14.788835 -0.154982 0.047348 14.167834 104.0
47 1690.0 0.324486 0.581717 0.0 0.823016 -0.614479 -14.788835 -0.154982 0.047348 14.167834 104.0
48 1690.0 0.301448 0.578592 0.0 0.808492 -0.614479 -14.788835 -0.154982 0.047348 14.167834 104.0
49 1690.0 0.302678 0.583981 0.0 0.804269 -0.614479 -14.788835 -0.154982 0.047348 14.167834 104.0
50 1690.0 0.306203 0.570909 0.0 0.819358 -0.614479 -14.788835 -0.154982 0.047348 14.167834 104.0
51 1690.0 0.323767 0.569003 0.0 0.834113 -0.614479 -14.788835 -0.154982 0.047348 14.167834 104.0
52 1690.0 0.324686 0.539774 0.0 0.862837 -0.614479 -14.788835 -0.154982 0.047348 14.167834 104.0
53 1690.0 0.338675 0.528199 0.0 0.884015 -0.614479 -14.788835 -0.154982 0.047348 14.167834 104.0
54 1690.0 0.339156 0.494831 0.0 0.916997 -0.614479 -14.788835 -0.154982 0.047348 14.167834 104.0
55 1690.0 0.351186 0.506225 0.0 0.914326 -0.614479 -14.788835 -0.154982 0.047348 14.167834 104.0
56 1690.0 0.339056 0.522933 0.0 0.889435 -0.614479 -14.788835 -0.154982 0.047348 14.167834 104.0
57 1690.0 0.32028 0.523916 0.0 0.875246 -0.614479 -14.788835 -0.154982 0.047348 14.167834 104.0
58 1690.0 0.310302 0.556234 0.0 0.836602 -0.614479 -14.788835 -0.154982 0.047348 14.167834 104.0
59 1690.0 0.314449 0.535306 0.0 0.859997 -0.614479 -14.788835 -0.154982 0.047348 14.167834 104.0
60 1690.0 0.307563 0.572203 0.0 0.81905 -0.614479 -14.788835 -0.154982 0.047348 14.167834 104.0
61 1690.0 0.314188 0.540593 0.0 0.85464 -0.614479 -14.788835 -0.154982 0.047348 14.167834 104.0
62 1690.0 0.308194 0.551009 0.0 0.840228 -0.614479 -14.788835 -0.154982 0.047348 14.167834 104.0
63 1690.0 0.319347 0.566483 0.0 0.833044 -0.614479 -14.788835 -0.154982 0.047348 14.167834 104.0
64 1690.0 0.291836 0.539513 0.0 0.839951 -0.614479 -14.788835 -0.154982 0.047348 14.167834 104.0
65 1690.0 0.24388 0.488797 0.0 0.857444 -0.614479 -14.788835 -0.154982 0.047348 14.167834 104.0
66 1690.0 0.240767 0.514366 0.0 0.829471 -0.614479 -14.788835 -0.154982 0.047348 14.167834 104.0
67 1690.0 0.244636 0.530751 0.0 0.815454 -0.614479 -14.788835 -0.154982 0.047348 14.167834 104.0
68 1690.0 0.233216 0.543736 0.0 0.794686 -0.614479 -14.788835 -0.154982 0.047348 14.167834 104.0
69 1690.0 0.214102 0.53552 0.0 0.79026 -0.614479 -14.788835 -0.154982 0.047348 14.167834 104.0
70 1690.0 0.221812 0.551982 0.0 0.778729 -0.614479 -14.788835 -0.154982 0.047348 14.167834 104.0
71 1690.0 0.21957 0.532332 0.0 0.797137 -0.614479 -14.788835 -0.154982 0.047348 14.167834 104.0
72 1690.0 0.198065 0.529897 0.0 0.78526 -0.614479 -14.788835 -0.154982 0.047348 14.167834 104.0
73 1690.0 0.175666 0.546245 0.0 0.753765 -0.614479 -14.788835 -0.154982 0.047348 14.167834 104.0
74 1690.0 0.177042 0.532882 0.0 0.768217 -0.614479 -14.788835 -0.154982 0.047348 14.167834 104.0
75 1690.0 0.178194 0.532111 0.0 0.769767 -0.614479 -14.788835 -0.154982 0.047348 14.167834 104.0
76 1690.0 0.207765 0.501897 0.0 0.82009 -0.614479 -14.788835 -0.154982 0.047348 14.167834 104.0
77 1690.0 0.21469 0.4959 0.0 0.830784 -0.614479 -14.788835 -0.154982 0.047348 14.167834 104.0
78 1690.0 0.206452 0.48945 0.0 0.831823 -0.614479 -14.788835 -0.154982 0.047348 14.167834 104.0
79 1690.0 0.180561 0.498002 0.0 0.805894 -0.614479 -14.788835 -0.154982 0.047348 14.167834 104.0
80 1690.0 0.165213 0.5142 0.0 0.779251 -0.614479 -14.788835 -0.154982 0.047348 14.167834 104.0
81 1690.0 0.162488 0.529231 0.0 0.762209 -0.614479 -14.788835 -0.154982 0.047348 14.167834 104.0
82 1690.0 0.160921 0.517819 0.0 0.772723 -0.614479 -14.788835 -0.154982 0.047348 14.167834 104.0
83 1690.0 0.142367 0.502193 0.0 0.776177 -0.614479 -14.788835 -0.154982 0.047348 14.167834 104.0
84 1690.0 0.144036 0.495995 0.0 0.783567 -0.614479 -14.788835 -0.154982 0.047348 14.167834 104.0
85 1690.0 0.114549 0.537669 0.0 0.721691 -0.614479 -14.788835 -0.154982 0.047348 14.167834 104.0
86 1690.0 0.140871 0.553192 0.0 0.723522 -0.614479 -14.788835 -0.154982 0.047348 14.167834 104.0
87 1690.0 0.187645 0.576356 0.0 0.731254 -0.614479 -14.788835 -0.154982 0.047348 14.167834 104.0
88 1690.0 0.212149 0.587228 0.0 0.737135 -0.614479 -14.788835 -0.154982 0.047348 14.167834 104.0
89 1690.0 0.228387 0.555563 0.0 0.779552 -0.614479 -14.788835 -0.154982 0.047348 14.167834 104.0
90 1690.0 0.209763 0.565357 0.0 0.757146 -0.614479 -14.788835 -0.154982 0.047348 14.167834 104.0
91 1690.0 0.215397 0.566776 0.0 0.759466 -0.614479 -14.788835 -0.154982 0.047348 14.167834 104.0
92 1690.0 0.211481 0.520602 0.0 0.803623 -0.614479 -14.788835 -0.154982 0.047348 14.167834 104.0
93 1690.0 0.222885 0.49923 0.0 0.832875 -0.614479 -14.788835 -0.154982 0.047348 14.167834 104.0
94 1690.0 0.226588 0.52802 0.0 0.806184 -0.614479 -14.788835 -0.154982 0.047348 14.167834 104.0
95 1690.0 0.200285 0.499982 0.0 0.817042 -0.614479 -14.788835 -0.154982 0.047348 14.167834 104.0
96 1690.0 0.181709 0.494038 0.0 0.810674 -0.614479 -14.788835 -0.154982 0.047348 14.167834 104.0
97 1690.0 0.206613 0.494869 0.0 0.826441 -0.614479 -14.788835 -0.154982 0.047348 14.167834 104.0
98 1690.0 0.182333 0.511443 0.0 0.793461 -0.614479 -14.788835 -0.154982 0.047348 14.167834 104.0
99 1690.0 0.213173 0.504533 0.0 0.821028 -0.614479 -14.788835 -0.154982 0.047348 14.167834 104.0
100 1690.0 0.20114 0.504252 0.0 0.813287 -0.614479 -14.788835 -0.154982 0.047348 14.167834 104.0
101 1690.0 0.189431 0.539461 0.0 0.769816 -0.614479 -14.788835 -0.154982 0.047348 14.167834 104.0
102 1690.0 0.180084 0.545712 0.0 0.75725 -0.614479 -14.788835 -0.154982 0.047348 14.167834 104.0
103 1690.0 0.166074 0.542171 0.0 0.751494 -0.614479 -14.788835 -0.154982 0.047348 14.167834 104.0
104 1690.0 0.162673 0.514583 0.0 0.777169 -0.614479 -14.788835 -0.154982 0.047348 14.167834 104.0
105 1690.0 0.161833 0.521168 0.0 0.769939 -0.614479 -14.788835 -0.154982 0.047348 14.167834 104.0
106 1690.0 0.181606 0.510418 0.0 0.794014 -0.614479 -14.788835 -0.154982 0.047348 14.167834 104.0
107 1690.0 0.173037 0.505265 0.0 0.793519 -0.614479 -14.788835 -0.154982 0.047348 14.167834 104.0
108 1690.0 0.17836 0.49888 0.0 0.803536 -0.614479 -14.788835 -0.154982 0.047348 14.167834 104.0
109 1690.0 0.173806 0.470408 0.0 0.829338 -0.614479 -14.788835 -0.154982 0.047348 14.167834 104.0
110 1690.0 0.159222 0.495598 0.0 0.794097 -0.614479 -14.788835 -0.154982 0.047348 14.167834 104.0
111 1690.0 0.156866 0.520214 0.0 0.767593 -0.614479 -14.788835 -0.154982 0.047348 14.167834 104.0
112 1690.0 0.172473 0.52743 0.0 0.770692 -0.614479 -14.788835 -0.154982 0.047348 14.167834 104.0
113 1690.0 0.139626 0.543153 0.0 0.732861 -0.614479 -14.788835 -0.154982 0.047348 14.167834 104.0
114 1690.0 0.121158 0.544617 0.0 0.719062 -0.614479 -14.788835 -0.154982 0.047348 14.167834 104.0
115 1690.0 0.122312 0.549681 0.0 0.714702 -0.614479 -14.788835 -0.154982 0.047348 14.167834 104.0
116 1690.0 0.099196 0.55546 0.0 0.693433 -0.614479 -14.788835 -0.154982 0.047348 14.167834 104.0
117 1690.0 0.105028 0.55849 0.0 0.694253 -0.614479 -14.788835 -0.154982 0.047348 14.167834 104.0
118 1690.0 0.079617 0.537022 0.0 0.699051 -0.614479 -14.788835 -0.154982 0.047348 14.167834 104.0
119 1690.0 0.097365 0.550846 0.0 0.696885 -0.614479 -14.788835 -0.154982 0.047348 14.167834 104.0
120 1690.0 0.085114 0.531364 0.0 0.708447 -0.614479 -14.788835 -0.154982 0.047348 14.167834 104.0
121 1690.0 0.078596 0.520551 0.0 0.715053 -0.614479 -14.788835 -0.154982 0.047348 14.167834 104.0
122 1690.0 0.094172 0.530832 0.0 0.715027 -0.614479 -14.788835 -0.154982 0.047348 14.167834 104.0
123 1690.0 0.093844 0.504448 0.0 0.741533 -0.614479 -14.788835 -0.154982 0.047348 14.167834 104.0
124 1690.0 0.101568 0.487714 0.0 0.763633 -0.614479 -14.788835 -0.154982 0.047348 14.167834 104.0
125 1690.0 0.087272 0.491959 0.0 0.7498 -0.614479 -14.788835 -0.154982 0.047348 14.167834 104.0
126 1690.0 0.077965 0.50848 0.0 0.726859 -0.614479 -14.788835 -0.154982 0.047348 14.167834 104.0
127 1690.0 0.071487 0.509855 0.0 0.721146 -0.614479 -14.788835 -0.154982 0.047348 14.167834 104.0
128 1690.0 0.077431 0.513261 0.0 0.72166 -0.614479 -14.788835 -0.154982 0.047348 14.167834 104.0
129 1690.0 0.074065 0.520945 0.0 0.711632 -0.614479 -14.788835 -0.154982 0.047348 14.167834 104.0
130 1690.0 0.062289 0.504049 0.0 0.720893 -0.614479 -14.788835 -0.154982 0.047348 14.167834 104.0
131 1690.0 0.06991 0.498712 0.0 0.731382 -0.614479 -14.788835 -0.154982 0.047348 14.167834 104.0
132 1690.0 0.054762 0.504438 0.0 0.715479 -0.614479 -14.788835 -0.154982 0.047348 14.167834 104.0
133 1690.0 0.029985 0.465378 0.0 0.738519 -0.614479 -14.788835 -0.154982 0.047348 14.167834 104.0
134 1690.0 0.01094 0.438142 0.0 0.753404 -0.614479 -14.788835 -0.154982 0.047348 14.167834 104.0
135 1690.0 0.021609 0.468977 0.0 0.729287 -0.614479 -14.788835 -0.154982 0.047348 14.167834 104.0
136 1690.0 0.028947 0.498765 0.0 0.704009 -0.614479 -14.788835 -0.154982 0.047348 14.167834 104.0
137 1690.0 0.012859 0.529644 0.0 0.662003 -0.614479 -14.788835 -0.154982 0.047348 14.167834 104.0
138 1690.0 0.037811 0.51652 0.0 0.691937 -0.614479 -14.788835 -0.154982 0.047348 14.167834 104.0
139 1690.0 0.02798 0.503002 0.0 0.699073 -0.614479 -14.788835 -0.154982 0.047348 14.167834 104.0
140 1690.0 0.021125 0.492755 0.0 0.70488 -0.614479 -14.788835 -0.154982 0.047348 14.167834 104.0
141 1690.0 -0.01533 0.500328 0.0 0.672898 -0.614479 -14.788835 -0.154982 0.047348 14.167834 104.0
142 1690.0 -0.03732 0.498729 0.0 0.659852 -0.614479 -14.788835 -0.154982 0.047348 14.167834 104.0
143 1690.0 -0.053255 0.513092 0.0 0.632062 -0.614479 -14.788835 -0.154982 0.047348 14.167834 104.0
144 1690.0 -0.088785 0.516482 0.0 0.597856 -0.614479 -14.788835 -0.154982 0.047348 14.167834 104.0
145 1690.0 -0.115618 0.532857 0.0 0.557247 -0.614479 -14.788835 -0.154982 0.047348 14.167834 104.0
146 1690.0 -0.150045 0.52466 0.0 0.536384 -0.614479 -14.788835 -0.154982 0.047348 14.167834 104.0
147 1690.0 -0.153165 0.505485 0.0 0.554208 -0.614479 -14.788835 -0.154982 0.047348 14.167834 104.0
148 1690.0 -0.15481 0.517208 0.0 0.540254 -0.614479 -14.788835 -0.154982 0.047348 14.167834 104.0
149 1690.0 -0.173468 0.501064 0.0 0.541462 -0.614479 -14.788835 -0.154982 0.047348 14.167834 104.0
150 1690.0 -0.180407 0.465966 0.0 0.573031 -0.614479 -14.788835 -0.154982 0.047348 14.167834 104.0
151 1690.0 -0.198039 0.455955 0.0 0.568563 -0.614479 -14.788835 -0.154982 0.047348 14.167834 104.0
152 1690.0 -0.172851 0.477884 0.0 0.566787 -0.614479 -14.788835 -0.154982 0.047348 14.167834 104.0
153 1690.0 -0.172953 0.464765 0.0 0.58073 -0.614479 -14.788835 -0.154982 0.047348 14.167834 104.0
154 1690.0 -0.178632 0.454435 0.0 0.586892 -0.614479 -14.788835 -0.154982 0.047348 14.167834 104.0
155 1690.0 -0.189137 0.456782 0.0 0.57534 -0.614479 -14.788835 -0.154982 0.047348 14.167834 104.0
156 1690.0 -0.180397 0.461612 0.0 0.577697 -0.614479 -14.788835 -0.154982 0.047348 14.167834 104.0
157 1690.0 -0.161033 0.473209 0.0 0.581957 -0.614479 -14.788835 -0.154982 0.047348 14.167834 104.0
158 1690.0 -0.14174 0.457062 0.0 0.615833 -0.614479 -14.788835 -0.154982 0.047348 14.167834 104.0
159 1690.0 -0.172291 0.480611 0.0 0.564352 -0.614479 -14.788835 -0.154982 0.047348 14.167834 104.0
160 1690.0 -0.159483 0.507695 0.0 0.546406 -0.614479 -14.788835 -0.154982 0.047348 14.167834 104.0
161 1690.0 -0.154348 0.494876 0.0 0.564537 -0.614479 -14.788835 -0.154982 0.047348 14.167834 104.0
162 1690.0 -0.150133 0.510976 0.0 0.550944 -0.614479 -14.788835 -0.154982 0.047348 14.167834 104.0
163 1690.0 -0.175414 0.511912 0.0 0.528185 -0.614479 -14.788835 -0.154982 0.047348 14.167834 104.0
164 1690.0 -0.163228 0.519465 0.0 0.530594 -0.614479 -14.788835 -0.154982 0.047348 14.167834 104.0
165 1690.0 -0.191376 0.503194 0.0 0.523771 -0.614479 -14.788835 -0.154982 0.047348 14.167834 104.0
166 1690.0 -0.16229 0.491173 0.0 0.561662 -0.614479 -14.788835 -0.154982 0.047348 14.167834 104.0
167 1690.0 -0.13325 0.494087 0.0 0.58354 -0.614479 -14.788835 -0.154982 0.047348 14.167834 104.0
168 1690.0 -0.125094 0.515418 0.0 0.567744 -0.614479 -14.788835 -0.154982 0.047348 14.167834 104.0
169 1690.0 -0.133586 0.527679 0.0 0.54732 -0.614479 -14.788835 -0.154982 0.047348 14.167834 104.0
170 1690.0 -0.147532 0.52682 0.0 0.536236 -0.614479 -14.788835 -0.154982 0.047348 14.167834 104.0
171 1690.0 -0.152564 0.509395 0.0 0.550543 -0.614479 -14.788835 -0.154982 0.047348 14.167834 104.0
172 1690.0 -0.117888 0.530212 0.0 0.558123 -0.614479 -14.788835 -0.154982 0.047348 14.167834 104.0
173 1690.0 -0.126642 0.547229 0.0 0.532387 -0.614479 -14.788835 -0.154982 0.047348 14.167834 104.0
174 1690.0 -0.120878 0.544739 0.0 0.540011 -0.614479 -14.788835 -0.154982 0.047348 14.167834 104.0
175 1690.0 -0.113617 0.536354 0.0 0.555229 -0.614479 -14.788835 -0.154982 0.047348 14.167834 104.0
176 1690.0 -0.140301 0.519794 0.0 0.549975 -0.614479 -14.788835 -0.154982 0.047348 14.167834 104.0
177 1690.0 -0.123886 0.480194 0.0 0.606459 -0.614479 -14.788835 -0.154982 0.047348 14.167834 104.0
178 1690.0 -0.120131 0.499975 0.0 0.588533 -0.614479 -14.788835 -0.154982 0.047348 14.167834 104.0
179 1690.0 -0.100643 0.514612 0.0 0.589651 -0.614479 -14.788835 -0.154982 0.047348 14.167834 104.0
180 1690.0 -0.099191 0.52318 0.0 0.581736 -0.614479 -14.788835 -0.154982 0.047348 14.167834 104.0
181 1690.0 -0.088309 0.530275 0.0 0.583513 -0.614479 -14.788835 -0.154982 0.047348 14.167834 104.0
182 1690.0 -0.107189 0.502217 0.0 0.597275 -0.614479 -14.788835 -0.154982 0.047348 14.167834 104.0
183 1690.0 -0.099176 0.50092 0.0 0.605558 -0.614479 -14.788835 -0.154982 0.047348 14.167834 104.0
184 1690.0 -0.082536 0.514345 0.0 0.605521 -0.614479 -14.788835 -0.154982 0.047348 14.167834 104.0
185 1690.0 -0.082331 0.500998 0.0 0.619973 -0.614479 -14.788835 -0.154982 0.047348 14.167834 104.0
186 1690.0 -0.099208 0.505838 0.0 0.60027 -0.614479 -14.788835 -0.154982 0.047348 14.167834 104.0
187 1690.0 -0.105868 0.515179 0.0 0.584547 -0.614479 -14.788835 -0.154982 0.047348 14.167834 104.0
188 1690.0 -0.118062 0.506598 0.0 0.58323 -0.614479 -14.788835 -0.154982 0.047348 14.167834 104.0
189 1690.0 -0.106083 0.500746 0.0 0.599799 -0.614479 -14.788835 -0.154982 0.047348 14.167834 104.0
190 1690.0 -0.114371 0.49915 0.0 0.594373 -0.614479 -14.788835 -0.154982 0.047348 14.167834 104.0
191 1690.0 -0.100079 0.511855 0.0 0.593085 -0.614479 -14.788835 -0.154982 0.047348 14.167834 104.0
192 1690.0 -0.105069 0.523882 0.0 0.575926 -0.614479 -14.788835 -0.154982 0.047348 14.167834 104.0
193 1690.0 -0.102509 0.516571 0.0 0.58595 -0.614479 -14.788835 -0.154982 0.047348 14.167834 104.0
194 1690.0 -0.131696 0.51751 0.0 0.559824 -0.614479 -14.788835 -0.154982 0.047348 14.167834 104.0
195 1690.0 -0.109631 0.537481 0.0 0.557455 -0.614479 -14.788835 -0.154982 0.047348 14.167834 104.0
196 1690.0 -0.107643 0.545923 0.0 0.550136 -0.614479 -14.788835 -0.154982 0.047348 14.167834 104.0
197 1690.0 -0.088165 0.566088 0.0 0.545333 -0.614479 -14.788835 -0.154982 0.047348 14.167834 104.0
198 1690.0 -0.08132 0.553977 0.0 0.564177 -0.614479 -14.788835 -0.154982 0.047348 14.167834 104.0
199 1690.0 -0.080763 0.556474 0.0 0.561986 -0.614479 -14.788835 -0.154982 0.047348 14.167834 104.0
200 1690.0 -0.081328 0.52658 0.0 0.593473 -0.614479 -14.788835 -0.154982 0.047348 14.167834 104.0
201 1690.0 -0.088634 0.484062 0.0 0.632663 -0.614479 -14.788835 -0.154982 0.047348 14.167834 104.0
202 1690.0 -0.087766 0.48839 0.0 0.62878 -0.614479 -14.788835 -0.154982 0.047348 14.167834 104.0
203 1690.0 -0.073299 0.499152 0.0 0.629721 -0.614479 -14.788835 -0.154982 0.047348 14.167834 104.0
204 1690.0 -0.070292 0.493914 0.0 0.637911 -0.614479 -14.788835 -0.154982 0.047348 14.167834 104.0
205 1690.0 -0.085199 0.490848 0.0 0.628361 -0.614479 -14.788835 -0.154982 0.047348 14.167834 104.0
206 1690.0 -0.062721 0.504471 0.0 0.633136 -0.614479 -14.788835 -0.154982 0.047348 14.167834 104.0
207 1690.0 -0.052837 0.47134 0.0 0.67708 -0.614479 -14.788835 -0.154982 0.047348 14.167834 104.0
208 1690.0 -0.04631 0.451082 0.0 0.702118 -0.614479 -14.788835 -0.154982 0.047348 14.167834 104.0
209 1690.0 -0.056693 0.458829 0.0 0.687143 -0.614479 -14.788835 -0.154982 0.047348 14.167834 104.0
210 1690.0 -0.037675 0.478714 0.0 0.679888 -0.614479 -14.788835 -0.154982 0.047348 14.167834 104.0
211 1690.0 -0.036791 0.483646 0.0 0.675482 -0.614479 -14.788835 -0.154982 0.047348 14.167834 104.0
212 1690.0 -0.053859 0.469016 0.0 0.678686 -0.614479 -14.788835 -0.154982 0.047348 14.167834 104.0
213 1690.0 -0.018239 0.51164 0.0 0.659499 -0.614479 -14.788835 -0.154982 0.047348 14.167834 104.0
214 1690.0 -0.008764 0.503898 0.0 0.67366 -0.614479 -14.788835 -0.154982 0.047348 14.167834 104.0
215 1690.0 -0.005845 0.496987 0.0 0.682607 -0.614479 -14.788835 -0.154982 0.047348 14.167834 104.0
216 1690.0 -0.010325 0.528484 0.0 0.647716 -0.614479 -14.788835 -0.154982 0.047348 14.167834 104.0
217 1690.0 -0.025228 0.506038 0.0 0.660514 -0.614479 -14.788835 -0.154982 0.047348 14.167834 104.0
218 1690.0 -0.014422 0.507266 0.0 0.666475 -0.614479 -14.788835 -0.154982 0.047348 14.167834 104.0
219 1690.0 -0.02219 0.495019 0.0 0.6737 -0.614479 -14.788835 -0.154982 0.047348 14.167834 104.0
220 1690.0 -0.028135 0.502791 0.0 0.661863 -0.614479 -14.788835 -0.154982 0.047348 14.167834 104.0
221 1690.0 -0.004553 0.483742 0.0 0.696884 -0.614479 -14.788835 -0.154982 0.047348 14.167834 104.0
222 1690.0 0.00636 0.465585 0.0 0.722553 -0.614479 -14.788835 -0.154982 0.047348 14.167834 104.0
223 1690.0 0.024484 0.446136 0.0 0.75434 -0.614479 -14.788835 -0.154982 0.047348 14.167834 104.0
224 1690.0 0.014797 0.47556 0.0 0.718077 -0.614479 -14.788835 -0.154982 0.047348 14.167834 104.0
225 1690.0 0.013507 0.487263 0.0 0.705362 -0.614479 -14.788835 -0.154982 0.047348 14.167834 104.0
226 1690.0 0.010054 0.472931 0.0 0.717576 -0.614479 -14.788835 -0.154982 0.047348 14.167834 104.0
227 1690.0 0.02808 0.501593 0.0 0.700566 -0.614479 -14.788835 -0.154982 0.047348 14.167834 104.0
228 1690.0 0.01505 0.525652 0.0 0.667508 -0.614479 -14.788835 -0.154982 0.047348 14.167834 104.0
229 1690.0 0.002629 0.498986 0.0 0.686234 -0.614479 -14.788835 -0.154982 0.047348 14.167834 104.0
230 1690.0 0.001044 0.532953 0.0 0.650772 -0.614479 -14.788835 -0.154982 0.047348 14.167834 104.0
231 1690.0 0.00732 0.531229 0.0 0.656704 -0.614479 -14.788835 -0.154982 0.047348 14.167834 104.0
232 1690.0 -0.008577 0.49739 0.0 0.680376 -0.614479 -14.788835 -0.154982 0.047348 14.167834 104.0
233 1690.0 -0.022591 0.481385 0.0 0.687242 -0.614479 -14.788835 -0.154982 0.047348 14.167834 104.0
234 1690.0 -0.029934 0.471941 0.0 0.691911 -0.614479 -14.788835 -0.154982 0.047348 14.167834 104.0
235 1690.0 -0.009684 0.485027 0.0 0.692161 -0.614479 -14.788835 -0.154982 0.047348 14.167834 104.0
236 1690.0 -0.041666 0.469451 0.0 0.686609 -0.614479 -14.788835 -0.154982 0.047348 14.167834 104.0
237 1690.0 -0.046798 0.448857 0.0 0.704045 -0.614479 -14.788835 -0.154982 0.047348 14.167834 104.0
238 1690.0 -0.074884 0.449793 0.0 0.681151 -0.614479 -14.788835 -0.154982 0.047348 14.167834 104.0
239 1690.0 -0.090601 0.462323 0.0 0.654221 -0.614479 -14.788835 -0.154982 0.047348 14.167834 104.0
240 1690.0 -0.08429 0.512657 0.0 0.605816 -0.614479 -14.788835 -0.154982 0.047348 14.167834 104.0
241 1690.0 -0.090059 0.573202 0.0 0.536093 -0.614479 -14.788835 -0.154982 0.047348 14.167834 104.0
242 1690.0 -0.085 0.578902 0.0 0.534351 -0.614479 -14.788835 -0.154982 0.047348 14.167834 104.0
243 1690.0 -0.095826 0.582609 0.0 0.521068 -0.614479 -14.788835 -0.154982 0.047348 14.167834 104.0
244 1690.0 -0.100347 0.537024 0.0 0.565934 -0.614479 -14.788835 -0.154982 0.047348 14.167834 104.0
245 1690.0 -0.088109 0.519223 0.0 0.595507 -0.614479 -14.788835 -0.154982 0.047348 14.167834 104.0
246 1690.0 -0.09822 0.537318 0.0 0.567449 -0.614479 -14.788835 -0.154982 0.047348 14.167834 104.0
247 1690.0 -0.12515 0.513719 0.0 0.569512 -0.614479 -14.788835 -0.154982 0.047348 14.167834 104.0
248 1690.0 -0.130313 0.49591 0.0 0.584118 -0.614479 -14.788835 -0.154982 0.047348 14.167834 104.0
249 1690.0 -0.108535 0.492373 0.0 0.606645 -0.614479 -14.788835 -0.154982 0.047348 14.167834 104.0
250 1690.0 -0.099879 0.503984 0.0 0.601676 -0.614479 -14.788835 -0.154982 0.047348 14.167834 104.0
251 1690.0 -0.151171 0.515145 0.0 0.545593 -0.614479 -14.788835 -0.154982 0.047348 14.167834 104.0
252 1690.0 -0.163958 0.510155 0.0 0.539924 -0.614479 -14.788835 -0.154982 0.047348 14.167834 104.0
253 1690.0 -0.15792 0.523735 0.0 0.530596 -0.614479 -14.788835 -0.154982 0.047348 14.167834 104.0
254 1690.0 -0.157403 0.513207 0.0 0.542301 -0.614479 -14.788835 -0.154982 0.047348 14.167834 104.0
255 1690.0 -0.15533 0.531774 0.0 0.524226 -0.614479 -14.788835 -0.154982 0.047348 14.167834 104.0
256 1690.0 -0.159912 0.535564 0.0 0.51623 -0.614479 -14.788835 -0.154982 0.047348 14.167834 104.0
257 1690.0 -0.157715 0.513544 0.0 0.541672 -0.614479 -14.788835 -0.154982 0.047348 14.167834 104.0
258 1690.0 -0.145476 0.517857 0.0 0.547593 -0.614479 -14.788835 -0.154982 0.047348 14.167834 104.0
259 1690.0 -0.149324 0.495049 0.0 0.568676 -0.614479 -14.788835 -0.154982 0.047348 14.167834 104.0
260 1690.0 -0.149168 0.509887 0.0 0.55294 -0.614479 -14.788835 -0.154982 0.047348 14.167834 104.0
261 1690.0 -0.129382 0.497676 0.0 0.58303 -0.614479 -14.788835 -0.154982 0.047348 14.167834 104.0
262 1690.0 -0.153079 0.507972 0.0 0.551622 -0.614479 -14.788835 -0.154982 0.047348 14.167834 104.0
263 1690.0 -0.16033 0.484153 0.0 0.570858 -0.614479 -14.788835 -0.154982 0.047348 14.167834 104.0
264 1690.0 -0.163573 0.483374 0.0 0.5689 -0.614479 -14.788835 -0.154982 0.047348 14.167834 104.0
265 1690.0 -0.146047 0.477792 0.0 0.589954 -0.614479 -14.788835 -0.154982 0.047348 14.167834 104.0
266 1690.0 -0.146561 0.485962 0.0 0.580774 -0.614479 -14.788835 -0.154982 0.047348 14.167834 104.0
267 1690.0 -0.162265 0.476888 0.0 0.576964 -0.614479 -14.788835 -0.154982 0.047348 14.167834 104.0
268 1690.0 -0.16052 0.465813 0.0 0.59031 -0.614479 -14.788835 -0.154982 0.047348 14.167834 104.0
269 1690.0 -0.17393 0.482519 0.0 0.5609 -0.614479 -14.788835 -0.154982 0.047348 14.167834 104.0
270 1690.0 -0.164534 0.475479 0.0 0.576517 -0.614479 -14.788835 -0.154982 0.047348 14.167834 104.0
271 1690.0 -0.148491 0.46181 0.0 0.604945 -0.614479 -14.788835 -0.154982 0.047348 14.167834 104.0
272 1690.0 -0.172799 0.483844 0.0 0.560457 -0.614479 -14.788835 -0.154982 0.047348 14.167834 104.0
273 1690.0 -0.17795 0.503657 0.0 0.534832 -0.614479 -14.788835 -0.154982 0.047348 14.167834 104.0
274 1690.0 -0.164505 0.508773 0.0 0.540931 -0.614479 -14.788835 -0.154982 0.047348 14.167834 104.0
275 1690.0 -0.17766 0.505123 0.0 0.533514 -0.614479 -14.788835 -0.154982 0.047348 14.167834 104.0
276 1690.0 -0.160157 0.486957 0.0 0.568008 -0.614479 -14.788835 -0.154982 0.047348 14.167834 104.0
277 1690.0 -0.177184 0.475697 0.0 0.565396 -0.614479 -14.788835 -0.154982 0.047348 14.167834 104.0
278 1690.0 -0.18074 0.492878 0.0 0.54396 -0.614479 -14.788835 -0.154982 0.047348 14.167834 104.0
279 1690.0 -0.20034 0.509008 0.0 0.509118 -0.614479 -14.788835 -0.154982 0.047348 14.167834 104.0
280 1690.0 -0.193758 0.509 0.0 0.515511 -0.614479 -14.788835 -0.154982 0.047348 14.167834 104.0
281 1690.0 -0.20797 0.495976 0.0 0.517142 -0.614479 -14.788835 -0.154982 0.047348 14.167834 104.0
282 1690.0 -0.204976 0.504061 0.0 0.510425 -0.614479 -14.788835 -0.154982 0.047348 14.167834 104.0
283 1690.0 -0.224961 0.482296 0.0 0.516585 -0.614479 -14.788835 -0.154982 0.047348 14.167834 104.0
284 1690.0 -0.233202 0.472337 0.0 0.520306 -0.614479 -14.788835 -0.154982 0.047348 14.167834 104.0
285 1690.0 -0.214762 0.492796 0.0 0.51417 -0.614479 -14.788835 -0.154982 0.047348 14.167834 104.0
286 1690.0 -0.220973 0.509349 0.0 0.488082 -0.614479 -14.788835 -0.154982 0.047348 14.167834 104.0
287 1690.0 -0.221022 0.523516 0.0 0.471019 -0.614479 -14.788835 -0.154982 0.047348 14.167834 104.0
