 time p.x p.y p.z deep.node-0 CV opes.bias opes.rct opes.zed opes.neff opes.nker
0 12370.0 0.918286 0.52894 0.0 1.325342 -2.361153 -16.983019 -0.355325 0.036207 14.167834 136.0
1 12370.0 0.898314 0.549183 0.0 1.291528 -2.361153 -16.983019 -0.355325 0.036207 14.167834 136.0
2 12370.0 0.871891 0.540685 0.0 1.279112 -2.361153 -16.983019 -0.355325 0.036207 14.167834 136.0
3 12370.0 0.845459 0.578323 0.0 1.224422 -2.361153 -16.983019 -0.355325 0.036207 14.167834 136.0
4 12370.0 0.839436 0.601433 0.0 1.198646 -2.361153 -16.983019 -0.355325 0.036207 14.167834 136.0
5 12370.0 0.821199 0.606785 0.0 1.179801 -2.361153 -16.983019 -0.355325 0.036207 14.167834 136.0
6 12370.0 0.800529 0.61106 0.0 1.160081 -2.361153 -16.983019 -0.355325 0.036207 14.167834 136.0
7 12370.0 0.784261 0.61287 0.0 1.145985 -2.361153 -16.983019 -0.355325 0.036207 14.167834 136.0
8 12370.0 0.770412 0.638213 0.0 1.11218 -2.361153 -16.983019 -0.355325 0.036207 14.167834 136.0
9 12370.0 0.7624 0.644208 0.0 1.100563 -2.361153 -16.983019 -0.355325 0.036207 14.167834 136.0
10 12370.0 0.755083 0.634225 0.0 1.104115 -2.361153 -16.983019 -0.355325 0.036207 14.167834 136.0
11 12370.0 0.765819 0.620625 0.0 1.124781 -2.361153 -16.983019 -0.355325 0.036207 14.167834 136.0
12 12370.0 0.743615 0.641035 0.0 1.089108 -2.361153 -16.983019 -0.355325 0.036207 14.167834 136.0
13 12370.0 0.735544 0.650496 0.0 1.07427 -2.361153 -16.983019 -0.355325 0.036207 14.167834 136.0
14 12370.0 0.737834 0.6567 0.0 1.070336 -2.361153 -16.983019 -0.355325 0.036207 14.167834 136.0
15 12370.0 0.735594 0.667052 0.0 1.059141 -2.361153 -16.983019 -0.355325 0.036207 14.167834 136.0
16 12370.0 0.738629 0.653794 0.0 1.073608 -2.361153 -16.983019 -0.355325 0.036207 14.167834 136.0
17 12370.0 0.752924 0.660005 0.0 1.078846 -2.361153 -16.983019 -0.355325 0.036207 14.167834 136.0
18 12370.0 0.736521 0.645879 0.0 1.079247 -2.361153 -16.983019 -0.355325 0.036207 14.167834 136.0
19 12370.0 0.745226 0.605379 0.0 1.123006 -2.361153 -16.983019 -0.355325 0.036207 14.167834 136.0
20 12370.0 0.724699 0.619508 0.0 1.094368 -2.361153 -16.983019 -0.355325 0.036207 14.167834 136.0
21 12370.0 0.73736 0.616642 0.0 1.106674 -2.361153 -16.983019 -0.355325 0.036207 14.167834 136.0
22 12370.0 0.715604 0.618739 0.0 1.088119 -2.361153 -16.983019 -0.355325 0.036207 14.167834 136.0
23 12370.0 0.74175 0.614099 0.0 1.112359 -2.361153 -16.983019 -0.355325 0.036207 14.167834 136.0
24 12370.0 0.718028 0.590657 0.0 1.115699 -2.361153 -16.983019 -0.355325 0.036207 14.167834 136.0
25 12370.0 0.729153 0.586185 0.0 1.128301 -2.361153 -16.983019 -0.355325 0.036207 14.167834 136.0
26 12370.0 0.725375 0.593786 0.0 1.118449 -2.361153 -16.983019 -0.355325 0.036207 14.167834 136.0
27 12370.0 0.729127 0.585075 0.0 1.129298 -2.361153 -16.983019 -0.355325 0.036207 14.167834 136.0
28 12370.0 0.724964 0.600816 0.0 1.111695 -2.361153 -16.983019 -0.355325 0.036207 14.167834 136.0
29 12370.0 0.736659 0.595658 0.0 1.125361 -2.361153 -16.983019 -0.355325 0.036207 14.167834 136.0
30 12370.0 0.7484 0.594481 0.0 1.135417 -2.361153 -16.983019 -0.355325 0.036207 14.167834 136.0
31 12370.0 0.742593 0.608871 0.0 1.117793 -2.361153 -16.983019 -0.355325 0.036207 14.167834 136.0
32 12370.0 0.754545 0.613965 0.0 1.122264 -2.361153 -16.983019 -0.355325 0.036207 14.167834 136.0
33 12370.0 0.738128 0.598165 0.0 1.124187 -2.361153 -16.983019 -0.355325 0.036207 14.167834 136.0
34 12370.0 0.711287 0.603446 0.0 1.098829 -2.361153 -16.983019 -0.355325 0.036207 14.167834 136.0
35 12370.0 0.691405 0.609991 0.0 1.077633 -2.361153 -16.983019 -0.355325 0.036207 14.167834 136.0
36 12370.0 0.703693 0.597845 0.0 1.098155 -2.361153 -16.983019 -0.355325 0.036207 14.167834 136.0
37 12370.0 0.686259 0.609854 0.0 1.073823 -2.361153 -16.983019 -0.355325 0.036207 14.167834 136.0
38 12370.0 0.670109 0.601624 0.0 1.069016 -2.361153 -16.983019 -0.355325 0.036207 14.167834 136.0
39 12370.0 0.688728 0.57937 0.0 1.103638 -2.361153 -16.983019 -0.355325 0.036207 14.167834 136.0
40 12370.0 0.680133 0.555302 0.0 1.119117 -2.361153 -16.983019 -0.355325 0.036207 14.167834 136.0
41 12370.0 0.693848 0.564138 0.0 1.121507 -2.361153 -16.983019 -0.355325 0.036207 14.167834 136.0
42 12370.0 0.68225 0.570541 0.0 1.106775 -2.361153 -16.983019 -0.355325 0.036207 14.167834 136.0
43 12370.0 0.670534 0.567153 0.0 1.100921 -2.361153 -16.983019 -0.355325 0.036207 14.167834 136.0
44 12370.0 0.625843 0.579443 0.0 1.055494 -2.361153 -16.983019 -0.355325 0.036207 14.167834 136.0
45 12370.0 0.622982 0.554874 0.0 1.075815 -2.361153 -16.983019 -0.355325 0.036207 14.167834 136.0
46 12370.0 0.579817 0.561536 0.0 1.036712 -2.361153 -16.983019 -0.355325 0.036207 14.167834 136.0
47 12370.0 0.569478 0.553034 0.0 1.036596 -2.361153 -16.983019 -0.355325 0.036207 14.167834 136.0
48 12370.0 0.541784 0.552158 0.0 1.016226 -2.361153 -16.983019 -0.355325 0.036207 14.167834 136.0
49 12370.0 0.572219 0.519939 0.0 1.069011 -2.361153 -16.983019 -0.355325 0.036207 14.167834 136.0
50 12370.0 0.563171 0.509986 0.0 1.071211 -2.361153 -16.983019 -0.355325 0.036207 14.167834 136.0
51 12370.0 0.541164 0.531772 0.0 1.034428 -2.361153 -16.983019 -0.355325 0.036207 14.167834 136.0
52 12370.0 0.517351 0.550184 0.0 0.999355 -2.361153 -16.983019 -0.355325 0.036207 14.167834 136.0
53 12370.0 0.504433 0.558867 0.0 0.981523 -2.361153 -16.983019 -0.355325 0.036207 14.167834 136.0
54 12370.0 0.502121 0.546532 0.0 0.991057 -2.361153 -16.983019 -0.355325 0.036207 14.167834 136.0
55 12370.0 0.480665 0.536682 0.0 0.983676 -2.361153 -16.983019 -0.355325 0.036207 14.167834 136.0
56 12370.0 0.481016 0.551728 0.0 0.970161 -2.361153 -16.983019 -0.355325 0.036207 14.167834 136.0
57 12370.0 0.493875 0.535895 0.0 0.994497 -2.361153 -16.983019 -0.355325 0.036207 14.167834 136.0
58 12370.0 0.486615 0.535128 0.0 0.989649 -2.361153 -16.983019 -0.355325 0.036207 14.167834 136.0
59 12370.0 0.475501 0.519469 0.0 0.995498 -2.361153 -16.983019 -0.355325 0.036207 14.167834 136.0
60 12370.0 0.449061 0.510612 0.0 0.983397 -2.361153 -16.983019 -0.355325 0.036207 14.167834 136.0
61 12370.0 0.458607 0.504499 0.0 0.996296 -2.361153 -16.983019 -0.355325 0.036207 14.167834 136.0
62 12370.0 0.479544 0.502831 0.0 1.013831 -2.361153 -16.983019 -0.355325 0.036207 14.167834 136.0
63 12370.0 0.503776 0.526659 0.0 1.010527 -2.361153 -16.983019 -0.355325 0.036207 14.167834 136.0
64 12370.0 0.519076 0.529268 0.0 1.019834 -2.361153 -16.983019 -0.355325 0.036207 14.167834 136.0
65 12370.0 0.49405 0.525408 0.0 1.004238 -2.361153 -16.983019 -0.355325 0.036207 14.167834 136.0
66 12370.0 0.485808 0.5213 0.0 1.0017 -2.361153 -16.983019 -0.355325 0.036207 14.167834 136.0
67 12370.0 0.47091 0.535384 0.0 0.977407 -2.361153 -16.983019 -0.355325 0.036207 14.167834 136.0
68 12370.0 0.46705 0.55542 0.0 0.956101 -2.361153 -16.983019 -0.355325 0.036207 14.167834 136.0
69 12370.0 0.480716 0.534703 0.0 0.985528 -2.361153 -16.983019 -0.355325 0.036207 14.167834 136.0
70 12370.0 0.445203 0.514474 0.0 0.97691 -2.361153 -16.983019 -0.355325 0.036207 14.167834 136.0
71 12370.0 0.433945 0.491281 0.0 0.989551 -2.361153 -16.983019 -0.355325 0.036207 14.167834 136.0
72 12370.0 0.415538 0.484151 0.0 0.98201 -2.361153 -16.983019 -0.355325 0.036207 14.167834 136.0
73 12370.0 0.40003 0.482934 0.0 0.97152 -2.361153 -16.983019 -0.355325 0.036207 14.167834 136.0
74 12370.0 0.384485 0.484936 0.0 0.95861 -2.361153 -16.983019 -0.355325 0.036207 14.167834 136.0
75 12370.0 0.373107 0.484769 0.0 0.950758 -2.361153 -16.983019 -0.355325 0.036207 14.167834 136.0
76 12370.0 0.370366 0.499246 0.0 0.934665 -2.361153 -16.983019 -0.355325 0.036207 14.167834 136.0
77 12370.0 0.366095 0.527151 0.0 0.904816 -2.361153 -16.983019 -0.355325 0.036207 14.167834 136.0
78 12370.0 0.376941 0.508179 0.0 0.930558 -2.361153 -16.983019 -0.355325 0.036207 14.167834 136.0
79 12370.0 0.380237 0.487714 0.0 0.9529 -2.361153 -16.983019 -0.355325 0.036207 14.167834 136.0
80 12370.0 0.354345 0.494197 0.0 0.928318 -2.361153 -16.983019 -0.355325 0.036207 14.167834 136.0
81 12370.0 0.341258 0.49479 0.0 0.918518 -2.361153 -16.983019 -0.355325 0.036207 14.167834 136.0
82 12370.0 0.348044 0.497614 0.0 0.920536 -2.361153 -16.983019 -0.355325 0.036207 14.167834 136.0
83 12370.0 0.359613 0.503607 0.0 0.922823 -2.361153 -16.983019 -0.355325 0.036207 14.167834 136.0
84 12370.0 0.346381 0.510876 0.0 0.90639 -2.361153 -16.983019 -0.355325 0.036207 14.167834 136.0
85 12370.0 0.33617 0.511549 0.0 0.898539 -2.361153 -16.983019 -0.355325 0.036207 14.167834 136.0
86 12370.0 0.336319 0.503655 0.0 0.906367 -2.361153 -16.983019 -0.355325 0.036207 14.167834 136.0
87 12370.0 0.342033 0.504205 0.0 0.909853 -2.361153 -16.983019 -0.355325 0.036207 14.167834 136.0
88 12370.0 0.376804 0.502031 0.0 0.936475 -2.361153 -16.983019 -0.355325 0.036207 14.167834 136.0
89 12370.0 0.365076 0.509876 0.0 0.920539 -2.361153 -16.983019 -0.355325 0.036207 14.167834 136.0
90 12370.0 0.33738 0.558273 0.0 0.854351 -2.361153 -16.983019 -0.355325 0.036207 14.167834 136.0
91 12370.0 0.319708 0.549999 0.0 0.849328 -2.361153 -16.983019 -0.355325 0.036207 14.167834 136.0
92 12370.0 0.321833 0.545166 0.0 0.855552 -2.361153 -16.983019 -0.355325 0.036207 14.167834 136.0
93 12370.0 0.320311 0.522094 0.0 0.877051 -2.361153 -16.983019 -0.355325 0.036207 14.167834 136.0
94 12370.0 0.337265 0.524835 0.0 0.886313 -2.361153 -16.983019 -0.355325 0.036207 14.167834 136.0
95 12370.0 0.310458 0.509726 0.0 0.882209 -2.361153 -16.983019 -0.355325 0.036207 14.167834 136.0
96 12370.0 0.322114 0.494067 0.0 0.905739 -2.361153 -16.983019 -0.355325 0.036207 14.167834 136.0
97 12370.0 0.292373 0.513955 0.0 0.865331 -2.361153 -16.983019 -0.355325 0.036207 14.167834 136.0
98 12370.0 0.283798 0.511677 0.0 0.86152 -2.361153 -16.983019 -0.355325 0.036207 14.167834 136.0
99 12370.0 0.263279 0.521753 0.0 0.837207 -2.361153 -16.983019 -0.355325 0.036207 14.167834 136.0
100 12370.0 0.236083 0.52164 0.0 0.818979 -2.361153 -16.983019 -0.355325 0.036207 14.167834 136.0
101 12370.0 0.229018 0.502615 0.0 0.833537 -2.361153 -16.983019 -0.355325 0.036207 14.167834 136.0
102 12370.0 0.19933 0.523092 0.0 0.792997 -2.361153 -16.983019 -0.355325 0.036207 14.167834 136.0
103 12370.0 0.185383 0.522142 0.0 0.784659 -2.361153 -16.983019 -0.355325 0.036207 14.167834 136.0
104 12370.0 0.196095 0.52762 0.0 0.786254 -2.361153 -16.983019 -0.355325 0.036207 14.167834 136.0
105 12370.0 0.176983 0.514532 0.0 0.786764 -2.361153 -16.983019 -0.355325 0.036207 14.167834 136.0
106 12370.0 0.172484 0.502265 0.0 0.796189 -2.361153 -16.983019 -0.355325 0.036207 14.167834 136.0
107 12370.0 0.158186 0.49892 0.0 0.790042 -2.361153 -16.983019 -0.355325 0.036207 14.167834 136.0
108 12370.0 0.165368 0.527058 0.0 0.766331 -2.361153 -16.983019 -0.355325 0.036207 14.167834 136.0
109 12370.0 0.140724 0.514423 0.0 0.762694 -2.361153 -16.983019 -0.355325 0.036207 14.167834 136.0
110 12370.0 0.142443 0.538336 0.0 0.739619 -2.361153 -16.983019 -0.355325 0.036207 14.167834 136.0
111 12370.0 0.135234 0.524138 0.0 0.749192 -2.361153 -16.983019 -0.355325 0.036207 14.167834 136.0
112 12370.0 0.15803 0.507531 0.0 0.781216 -2.361153 -16.983019 -0.355325 0.036207 14.167834 136.0
113 12370.0 0.164306 0.490037 0.0 0.80312 -2.361153 -16.983019 -0.355325 0.036207 14.167834 136.0
114 12370.0 0.149402 0.494187 0.0 0.788978 -2.361153 -16.983019 -0.355325 0.036207 14.167834 136.0
115 12370.0 0.146895 0.493736 0.0 0.787763 -2.361153 -16.983019 -0.355325 0.036207 14.167834 136.0
116 12370.0 0.126605 0.492417 0.0 0.775567 -2.361153 -16.983019 -0.355325 0.036207 14.167834 136.0
117 12370.0 0.130072 0.501756 0.0 0.768419 -2.361153 -16.983019 -0.355325 0.036207 14.167834 136.0
118 12370.0 0.137463 0.510191 0.0 0.764805 -2.361153 -16.983019 -0.355325 0.036207 14.167834 136.0
119 12370.0 0.119525 0.503127 0.0 0.759997 -2.361153 -16.983019 -0.355325 0.036207 14.167834 136.0
120 12370.0 0.114909 0.509489 0.0 0.750476 -2.361153 -16.983019 -0.355325 0.036207 14.167834 136.0
121 12370.0 0.118962 0.514312 0.0 0.748293 -2.361153 -16.983019 -0.355325 0.036207 14.167834 136.0
122 12370.0 0.105782 0.512649 0.0 0.741187 -2.361153 -16.983019 -0.355325 0.036207 14.167834 136.0
123 12370.0 0.080245 0.517972 0.0 0.718765 -2.361153 -16.983019 -0.355325 0.036207 14.167834 136.0
124 12370.0 0.075753 0.511846 0.0 0.721975 -2.361153 -16.983019 -0.355325 0.036207 14.167834 136.0
125 12370.0 0.06628 0.519056 0.0 0.708354 -2.361153 -16.983019 -0.355325 0.036207 14.167834 136.0
126 12370.0 0.081709 0.513786 0.0 0.723981 -2.361153 -16.983019 -0.355325 0.036207 14.167834 136.0
127 12370.0 0.079608 0.500085 0.0 0.736458 -2.361153 -16.983019 -0.355325 0.036207 14.167834 136.0
128 12370.0 0.076438 0.495175 0.0 0.739317 -2.361153 -16.983019 -0.355325 0.036207 14.167834 136.0
129 12370.0 0.046371 0.464948 0.0 0.749882 -2.361153 -16.983019 -0.355325 0.036207 14.167834 136.0
130 12370.0 0.06026 0.466059 0.0 0.758019 -2.361153 -16.983019 -0.355325 0.036207 14.167834 136.0
131 12370.0 0.05064 0.467875 0.0 0.749764 -2.361153 -16.983019 -0.355325 0.036207 14.167834 136.0
132 12370.0 0.025904 0.490729 0.0 0.71012 -2.361153 -16.983019 -0.355325 0.036207 14.167834 136.0
133 12370.0 0.038722 0.503627 0.0 0.705603 -2.361153 -16.983019 -0.355325 0.036207 14.167834 136.0
134 12370.0 0.023907 0.526932 0.0 0.672118 -2.361153 -16.983019 -0.355325 0.036207 14.167834 136.0
135 12370.0 0.015935 0.521597 0.0 0.672205 -2.361153 -16.983019 -0.355325 0.036207 14.167834 136.0
136 12370.0 -0.003584 0.523918 0.0 0.656837 -2.361153 -16.983019 -0.355325 0.036207 14.167834 136.0
137 12370.0 -0.003947 0.515168 0.0 0.665458 -2.361153 -16.983019 -0.355325 0.036207 14.167834 136.0
138 12370.0 -0.000256 0.502213 0.0 0.681041 -2.361153 -16.983019 -0.355325 0.036207 14.167834 136.0
139 12370.0 -0.019267 0.50284 0.0 0.667727 -2.361153 -16.983019 -0.355325 0.036207 14.167834 136.0
140 12370.0 -0.028087 0.519807 0.0 0.64466 -2.361153 -16.983019 -0.355325 0.036207 14.167834 136.0
141 12370.0 -0.013912 0.485199 0.0 0.689167 -2.361153 -16.983019 -0.355325 0.036207 14.167834 136.0
142 12370.0 0.001214 0.488004 0.0 0.696413 -2.361153 -16.983019 -0.355325 0.036207 14.167834 136.0
143 12370.0 -0.01253 0.508416 0.0 0.666572 -2.361153 -16.983019 -0.355325 0.036207 14.167834 136.0
144 12370.0 -0.025683 0.525743 0.0 0.640251 -2.361153 -16.983019 -0.355325 0.036207 14.167834 136.0
145 12370.0 -0.034978 0.523087 0.0 0.636741 -2.361153 -16.983019 -0.355325 0.036207 14.167834 136.0
146 12370.0 -0.035375 0.500584 0.0 0.65927 -2.361153 -16.983019 -0.355325 0.036207 14.167834 136.0
147 12370.0 -0.045976 0.512672 0.0 0.638777 -2.361153 -16.983019 -0.355325 0.036207 14.167834 136.0
148 12370.0 -0.019942 0.515731 0.0 0.65422 -2.361153 -16.983019 -0.355325 0.036207 14.167834 136.0
149 12370.0 -0.003079 0.506772 0.0 0.67454 -2.361153 -16.983019 -0.355325 0.036207 14.167834 136.0
150 12370.0 0.00514 0.514343 0.0 0.672354 -2.361153 -16.983019 -0.355325 0.036207 14.167834 136.0
151 12370.0 -0.021276 0.506014 0.0 0.663172 -2.361153 -16.983019 -0.355325 0.036207 14.167834 136.0
152 12370.0 -0.022581 0.516911 0.0 0.651264 -2.361153 -16.983019 -0.355325 0.036207 14.167834 136.0
153 12370.0 -0.03899 0.514687 0.0 0.642574 -2.361153 -16.983019 -0.355325 0.036207 14.167834 136.0
154 12370.0 -0.053438 0.519419 0.0 0.625138 -2.361153 -16.983019 -0.355325 0.036207 14.167834 136.0
155 12370.0 -0.058339 0.538618 0.0 0.600384 -2.361153 -16.983019 -0.355325 0.036207 14.167834 136.0
156 12370.0 -0.060378 0.529185 0.0 0.608719 -2.361153 -16.983019 -0.355325 0.036207 14.167834 136.0
157 12370.0 -0.060481 0.512345 0.0 0.626642 -2.361153 -16.983019 -0.355325 0.036207 14.167834 136.0
158 12370.0 -0.073745 0.516929 0.0 0.610324 -2.361153 -16.983019 -0.355325 0.036207 14.167834 136.0
159 12370.0 -0.07629 0.531726 0.0 0.592306 -2.361153 -16.983019 -0.355325 0.036207 14.167834 136.0
160 12370.0 -0.089081 0.539929 0.0 0.572523 -2.361153 -16.983019 -0.355325 0.036207 14.167834 136.0
161 12370.0 -0.080568 0.528482 0.0 0.592094 -2.361153 -16.983019 -0.355325 0.036207 14.167834 136.0
162 12370.0 -0.100315 0.526779 0.0 0.576919 -2.361153 -16.983019 -0.355325 0.036207 14.167834 136.0
163 12370.0 -0.141402 0.539206 0.0 0.528265 -2.361153 -16.983019 -0.355325 0.036207 14.167834 136.0
164 12370.0 -0.141064 0.550751 0.0 0.516208 -2.361153 -16.983019 -0.355325 0.036207 14.167834 136.0
165 12370.0 -0.176143 0.549957 0.0 0.484129 -2.361153 -16.983019 -0.355325 0.036207 14.167834 136.0
166 12370.0 -0.178619 0.547503 0.0 0.484601 -2.361153 -16.983019 -0.355325 0.036207 14.167834 136.0
167 12370.0 -0.183566 0.515538 0.0 0.51729 -2.361153 -16.983019 -0.355325 0.036207 14.167834 136.0
168 12370.0 -0.199958 0.493488 0.0 0.526766 -2.361153 -16.983019 -0.355325 0.036207 14.167834 136.0
169 12370.0 -0.21136 0.491871 0.0 0.518682 -2.361153 -16.983019 -0.355325 0.036207 14.167834 136.0
170 12370.0 -0.220272 0.501667 0.0 0.498008 -2.361153 -16.983019 -0.355325 0.036207 14.167834 136.0
171 12370.0 -0.215324 0.501706 0.0 0.502907 -2.361153 -16.983019 -0.355325 0.036207 14.167834 136.0
172 12370.0 -0.251387 0.487125 0.0 0.484366 -2.361153 -16.983019 -0.355325 0.036207 14.167834 136.0
173 12370.0 -0.268297 0.480944 0.0 0.474884 -2.361153 -16.983019 -0.355325 0.036207 14.167834 136.0
174 12370.0 -0.258391 0.498367 0.0 0.463863 -2.361153 -16.983019 -0.355325 0.036207 14.167834 136.0
175 12370.0 -0.288175 0.494545 0.0 0.438678 -2.361153 -16.983019 -0.355325 0.036207 14.167834 136.0
176 12370.0 -0.272674 0.473802 0.0 0.479086 -2.361153 -16.983019 -0.355325 0.036207 14.167834 136.0
177 12370.0 -0.274979 0.499442 0.0 0.445989 -2.361153 -16.983019 -0.355325 0.036207 14.167834 136.0
178 12370.0 -0.276742 0.514095 0.0 0.426628 -2.361153 -16.983019 -0.355325 0.036207 14.167834 136.0
179 12370.0 -0.251537 0.534104 0.0 0.427796 -2.361153 -16.983019 -0.355325 0.036207 14.167834 136.0
180 12370.0 -0.245078 0.4941 0.0 0.482297 -2.361153 -16.983019 -0.355325 0.036207 14.167834 136.0
181 12370.0 -0.270504 0.512972 0.0 0.434213 -2.361153 -16.983019 -0.355325 0.036207 14.167834 136.0
182 12370.0 -0.257967 0.510698 0.0 0.449478 -2.361153 -16.983019 -0.355325 0.036207 14.167834 136.0
183 12370.0 -0.253631 0.507236 0.0 0.457971 -2.361153 -16.983019 -0.355325 0.036207 14.167834 136.0
184 12370.0 -0.255008 0.488579 0.0 0.479001 -2.361153 -16.983019 -0.355325 0.036207 14.167834 136.0
185 12370.0 -0.262721 0.51018 0.0 0.445347 -2.361153 -16.983019 -0.355325 0.036207 14.167834 136.0
186 12370.0 -0.276006 0.4997 0.0 0.444652 -2.361153 -16.983019 -0.355325 0.036207 14.167834 136.0
187 12370.0 -0.28317 0.519287 0.0 0.413967 -2.361153 -16.983019 -0.355325 0.036207 14.167834 136.0
188 12370.0 -0.301787 0.544094 0.0 0.365563 -2.361153 -16.983019 -0.355325 0.036207 14.167834 136.0
189 12370.0 -0.31291 0.552465 0.0 0.34439 -2.361153 -16.983019 -0.355325 0.036207 14.167834 136.0
190 12370.0 -0.313567 0.543816 0.0 0.35412 -2.361153 -16.983019 -0.355325 0.036207 14.167834 136.0
191 12370.0 -0.32951 0.528826 0.0 0.356184 -2.361153 -16.983019 -0.355325 0.036207 14.167834 136.0
192 12370.0 -0.350567 0.530932 0.0 0.332604 -2.361153 -16.983019 -0.355325 0.036207 14.167834 136.0
193 12370.0 -0.357624 0.517879 0.0 0.341225 -2.361153 -16.983019 -0.355325 0.036207 14.167834 136.0
194 12370.0 -0.353838 0.495301 0.0 0.372125 -2.361153 -16.983019 -0.355325 0.036207 14.167834 136.0
195 12370.0 -0.379446 0.513868 0.0 0.324227 -2.361153 -16.983019 -0.355325 0.036207 14.167834 136.0
196 12370.0 -0.37593 0.512202 0.0 0.329742 -2.361153 -16.983019 -0.355325 0.036207 14.167834 136.0
197 12370.0 -0.407397 0.523998 0.0 0.284117 -2.361153 -16.983019 -0.355325 0.036207 14.167834 136.0
198 12370.0 -0.43224 0.52593 0.0 0.256962 -2.361153 -16.983019 -0.355325 0.036207 14.167834 136.0
199 12370.0 -0.442504 0.535653 0.0 0.235023 -2.361153 -16.983019 -0.355325 0.036207 14.167834 136.0
200 12370.0 -0.4385 0.525698 0.0 0.250982 -2.361153 -16.983019 -0.355325 0.036207 14.167834 136.0
201 12370.0 -0.431241 0.512056 0.0 0.274622 -2.361153 -16.983019 -0.355325 0.036207 14.167834 136.0
202 12370.0 -0.454069 0.517555 0.0 0.245196 -2.361153 -16.983019 -0.355325 0.036207 14.167834 136.0
203 12370.0 -0.459393 0.526996 0.0 0.228536 -2.361153 -16.983019 -0.355325 0.036207 14.167834 136.0
204 12370.0 -0.485327 0.519799 0.0 0.211252 -2.361153 -16.983019 -0.355325 0.036207 14.167834 136.0
205 12370.0 -0.521576 0.52536 0.0 0.168334 -2.361153 -16.983019 -0.355325 0.036207 14.167834 136.0
206 12370.0 -0.539401 0.511592 0.0 0.16705 -2.361153 -16.983019 -0.355325 0.036207 14.167834 136.0
207 12370.0 -0.529237 0.51391 0.0 0.174427 -2.361153 -16.983019 -0.355325 0.036207 14.167834 136.0
208 12370.0 -0.544196 0.516558 0.0 0.156292 -2.361153 -16.983019 -0.355325 0.036207 14.167834 136.0
209 12370.0 -0.583931 0.536615 0.0 0.092481 -2.361153 -16.983019 -0.355325 0.036207 14.167834 136.0
210 12370.0 -0.617893 0.536872 0.0 0.058219 -2.361153 -16.983019 -0.355325 0.036207 14.167834 136.0
211 12370.0 -0.603235 0.568202 0.0 0.035247 -2.361153 -16.983019 -0.355325 0.036207 14.167834 136.0
212 12370.0 -0.591687 0.575256 0.0 0.03832 -2.361153 -16.983019 -0.355325 0.036207 14.167834 136.0
213 12370.0 -0.609698 0.576895 0.0 0.018346 -2.361153 -16.983019 -0.355325 0.036207 14.167834 136.0
214 12370.0 -0.598397 0.590936 0.0 0.012781 -2.361153 -16.983019 -0.355325 0.036207 14.167834 136.0
215 12370.0 -0.627987 0.600586 0.0 -0.028389 -2.361153 -16.983019 -0.355325 0.036207 14.167834 136.0
216 12370.0 -0.630386 0.577905 0.0 -0.003549 -2.361153 -16.983019 -0.355325 0.036207 14.167834 136.0
217 12370.0 -0.623712 0.569038 0.0 0.013772 -2.361153 -16.983019 -0.355325 0.036207 14.167834 136.0
218 12370.0 -0.6385 0.580809 0.0 -0.015147 -2.361153 -16.983019 -0.355325 0.036207 14.167834 136.0
219 12370.0 -0.663797 0.590884 0.0 -0.052538 -2.361153 -16.983019 -0.355325 0.036207 14.167834 136.0
220 12370.0 -0.658704 0.599687 0.0 -0.058018 -2.361153 -16.983019 -0.355325 0.036207 14.167834 136.0
221 12370.0 -0.68124 0.593913 0.0 -0.073614 -2.361153 -16.983019 -0.355325 0.036207 14.167834 136.0
222 12370.0 -0.705469 0.59127 0.0 -0.094662 -2.361153 -16.983019 -0.355325 0.036207 14.167834 136.0
223 12370.0 -0.687634 0.596045 0.0 -0.082566 -2.361153 -16.983019 -0.355325 0.036207 14.167834 136.0
224 12370.0 -0.704207 0.622467 0.0 -0.130867 -2.361153 -16.983019 -0.355325 0.036207 14.167834 136.0
225 12370.0 -0.711553 0.639099 0.0 -0.158997 -2.361153 -16.983019 -0.355325 0.036207 14.167834 136.0
226 12370.0 -0.686714 0.66827 0.0 -0.170409 -2.361153 -16.983019 -0.355325 0.036207 14.167834 136.0
227 12370.0 -0.683792 0.656955 0.0 -0.153233 -2.361153 -16.983019 -0.355325 0.036207 14.167834 136.0
228 12370.0 -0.707227 0.6698 0.0 -0.192674 -2.361153 -16.983019 -0.355325 0.036207 14.167834 136.0
229 12370.0 -0.701128 0.700662 0.0 -0.220189 -2.361153 -16.983019 -0.355325 0.036207 14.167834 136.0
230 12370.0 -0.691065 0.690021 0.0 -0.199961 -2.361153 -16.983019 -0.355325 0.036207 14.167834 136.0
231 12370.0 -0.704141 0.693766 0.0 -0.215497 -2.361153 -16.983019 -0.355325 0.036207 14.167834 136.0
232 12370.0 -0.712071 0.703174 0.0 -0.232528 -2.361153 -16.983019 -0.355325 0.036207 14.167834 136.0
233 12370.0 -0.728899 0.716365 0.0 -0.26145 -2.361153 -16.983019 -0.355325 0.036207 14.167834 136.0
234 12370.0 -0.723772 0.704431 0.0 -0.2442 -2.361153 -16.983019 -0.355325 0.036207 14.167834 136.0
235 12370.0 -0.729847 0.692191 0.0 -0.236516 -2.361153 -16.983019 -0.355325 0.036207 14.167834 136.0
236 12370.0 -0.715369 0.708722 0.0 -0.241356 -2.361153 -16.983019 -0.355325 0.036207 14.167834 136.0
237 12370.0 -0.702334 0.731883 0.0 -0.254537 -2.361153 -16.983019 -0.355325 0.036207 14.167834 136.0
238 12370.0 -0.708826 0.76043 0.0 -0.299743 -2.361153 -16.983019 -0.355325 0.036207 14.167834 136.0
239 12370.0 -0.707637 0.766369 0.0 -0.306823 -2.361153 -16.983019 -0.355325 0.036207 14.167834 136.0
240 12370.0 -0.727275 0.767272 0.0 -0.327164 -2.361153 -16.983019 -0.355325 0.036207 14.167834 136.0
241 12370.0 -0.718501 0.773683 0.0 -0.327525 -2.361153 -16.983019 -0.355325 0.036207 14.167834 136.0
242 12370.0 -0.717072 0.757595 0.0 -0.303827 -2.361153 -16.983019 -0.355325 0.036207 14.167834 136.0
243 12370.0 -0.728401 0.768359 0.0 -0.329766 -2.361153 -16.983019 -0.355325 0.036207 14.167834 136.0
244 12370.0 -0.733372 0.770157 0.0 -0.337093 -2.361153 -16.983019 -0.355325 0.036207 14.167834 136.0
245 12370.0 -0.761198 0.794758 0.0 -0.398256 -2.361153 -16.983019 -0.355325 0.036207 14.167834 136.0
246 12370.0 -0.770117 0.793594 0.0 -0.405311 -2.361153 -16.983019 -0.355325 0.036207 14.167834 136.0
247 12370.0 -0.791183 0.805702 0.0 -0.442581 -2.361153 -16.983019 -0.355325 0.036207 14.167834 136.0
248 12370.0 -0.825154 0.809621 0.0 -0.481039 -2.361153 -16.983019 -0.355325 0.036207 14.167834 136.0
249 12370.0 -0.822664 0.821109 0.0 -0.495462 -2.361153 -16.983019 -0.355325 0.036207 14.167834 136.0
250 12370.0 -0.834302 0.833992 0.0 -0.527202 -2.361153 -16.983019 -0.355325 0.036207 14.167834 136.0
251 12370.0 -0.872138 0.8622 0.0 -0.607395 -2.361153 -16.983019 -0.355325 0.036207 14.167834 136.0
252 12370.0 -0.922306 0.86449 0.0 -0.659076 -2.361153 -16.983019 -0.355325 0.036207 14.167834 136.0
253 12370.0 -0.92651 0.88575 0.0 -0.69317 -2.361153 -16.983019 -0.355325 0.036207 14.167834 136.0
254 12370.0 -0.910557 0.887693 0.0 -0.681983 -2.361153 -16.983019 -0.355325 0.036207 14.167834 136.0
255 12370.0 -0.934362 0.936299 0.0 -0.769618 -2.361153 -16.983019 -0.355325 0.036207 14.167834 136.0
256 12370.0 -0.938642 0.96634 0.0 -0.806351 -2.361153 -16.983019 -0.355325 0.036207 14.167834 136.0
257 12370.0 -0.958145 0.994999 0.0 -0.848838 -2.361153 -16.983019 -0.355325 0.036207 14.167834 136.0
258 12370.0 -0.931884 1.013164 0.0 -0.847407 -2.361153 -16.983019 -0.355325 0.036207 14.167834 136.0
259 12370.0 -0.92772 1.028787 0.0 -0.859704 -2.361153 -16.983019 -0.355325 0.036207 14.167834 136.0
260 12370.0 -0.939396 1.065389 0.0 -0.90425 -2.361153 -16.983019 -0.355325 0.036207 14.167834 136.0
261 12370.0 -0.949532 1.056025 0.0 -0.902491 -2.361153 -16.983019 -0.355325 0.036207 14.167834 136.0
262 12370.0 -0.904771 1.080851 0.0 -0.894022 -2.361153 -16.983019 -0.355325 0.036207 14.167834 136.0
263 12370.0 -0.895664 1.092166 0.0 -0.898454 -2.361153 -16.983019 -0.355325 0.036207 14.167834 136.0
264 12370.0 -0.897577 1.107829 0.0 -0.915253 -2.361153 -16.983019 -0.355325 0.036207 14.167834 136.0
265 12370.0 -0.890923 1.111037 0.0 -0.91352 -2.361153 -16.983019 -0.355325 0.036207 14.167834 136.0
266 12370.0 -0.864365 1.118713 0.0 -0.901562 -2.361153 -16.983019 -0.355325 0.036207 14.167834 136.0
267 12370.0 -0.840197 1.124576 0.0 -0.889578 -2.361153 -16.983019 -0.355325 0.036207 14.167834 136.0
268 12370.0 -0.812446 1.160075 0.0 -0.904088 -2.361153 -16.983019 -0.355325 0.036207 14.167834 136.0
269 12370.0 -0.797222 1.163553 0.0 -0.896327 -2.361153 -16.983019 -0.355325 0.036207 14.167834 136.0
270 12370.0 -0.795321 1.188302 0.0 -0.919255 -2.361153 -16.983019 -0.355325 0.036207 14.167834 136.0
271 12370.0 -0.770744 1.195067 0.0 -0.907857 -2.361153 -16.983019 -0.355325 0.036207 14.167834 136.0
272 12370.0 -0.773203 1.232691 0.0 -0.946639 -2.361153 -16.983019 -0.355325 0.036207 14.167834 136.0
273 12370.0 -0.754752 1.239583 0.0 -0.939864 -2.361153 -16.983019 -0.355325 0.036207 14.167834 136.0
274 12370.0 -0.74435 1.254305 0.0 -0.946296 -2.361153 -16.983019 -0.355325 0.036207 14.167834 136.0
275 12370.0 -0.697235 1.266835 0.0 -0.923078 -2.361153 -16.983019 -0.355325 0.036207 14.167834 136.0
276 12370.0 -0.68597 1.270296 0.0 -0.917788 -2.361153 -16.983019 -0.355325 0.036207 14.167834 136.0
277 12370.0 -0.699893 1.276355 0.0 -0.931031 -2.361153 -16.983019 -0.355325 0.036207 14.167834 136.0
278 12370.0 -0.698481 1.271307 0.0 -0.926812 -2.361153 -16.983019 -0.355325 0.036207 14.167834 136.0
279 12370.0 -0.722842 1.292388 0.0 -0.956781 -2.361153 -16.983019 -0.355325 0.036207 14.167834 136.0
280 12370.0 -0.723095 1.297339 0.0 -0.960162 -2.361153 -16.983019 -0.355325 0.036207 14.167834 136.0
281 12370.0 -0.711128 1.291762 0.0 -0.948539 -2.361153 -16.983019 -0.355325 0.036207 14.167834 136.0
282 12370.0 -0.720711 1.302042 0.0 -0.961617 -2.361153 -16.983019 -0.355325 0.036207 14.167834 136.0
283 12370.0 -0.706808 1.3184 0.0 -0.962926 -2.361153 -16.983019 -0.355325 0.036207 14.167834 136.0
284 12370.0 -0.74005 1.324082 0.0 -0.988849 -2.361153 -16.983019 -0.355325 0.036207 14.167834 136.0
285 12370.0 -0.733848 1.367607 0.0 -1.0138 -2.361153 -16.983019 -0.355325 0.036207 14.167834 136.0
286 12370.0 -0.745598 1.378047 0.0 -1.027216 -2.361153 -16.983019 -0.355325 0.036207 14.167834 136.0
287 12370.0 -0.74372 1.394346 0.0 -1.035811 -2.361153 -16.983019 -0.355325 0.036207 14.167834 136.0
