 time p.x p.y p.z deep.node-0 CV opes.bias opes.rct opes.zed opes.neff opes.nker
0 12825.0 -0.06462 0.499931 0.0 0.636358 -1.063688 -10.22637 -0.358952 0.037304 14.167834 132.0
1 12825.0 -0.080874 0.519514 0.0 0.601422 -1.063688 -10.22637 -0.358952 0.037304 14.167834 132.0
2 12825.0 -0.061911 0.501153 0.0 0.637382 -1.063688 -10.22637 -0.358952 0.037304 14.167834 132.0
3 12825.0 -0.043953 0.519129 0.0 0.633611 -1.063688 -10.22637 -0.358952 0.037304 14.167834 132.0
4 12825.0 -0.040315 0.50812 0.0 0.648342 -1.063688 -10.22637 -0.358952 0.037304 14.167834 132.0
5 12825.0 -0.051852 0.535264 0.0 0.609555 -1.063688 -10.22637 -0.358952 0.037304 14.167834 132.0
6 12825.0 -0.063121 0.55332 0.0 0.580543 -1.063688 -10.22637 -0.358952 0.037304 14.167834 132.0
7 12825.0 -0.057422 0.53576 0.0 0.604231 -1.063688 -10.22637 -0.358952 0.037304 14.167834 132.0
8 12825.0 -0.07843 0.54036 0.0 0.58123 -1.063688 -10.22637 -0.358952 0.037304 14.167834 132.0
9 12825.0 -0.074637 0.543725 0.0 0.580895 -1.063688 -10.22637 -0.358952 0.037304 14.167834 132.0
10 12825.0 -0.080282 0.530266 0.0 0.590431 -1.063688 -10.22637 -0.358952 0.037304 14.167834 132.0
11 12825.0 -0.086714 0.55337 0.0 0.560184 -1.063688 -10.22637 -0.358952 0.037304 14.167834 132.0
12 12825.0 -0.07318 0.549249 0.0 0.57624 -1.063688 -10.22637 -0.358952 0.037304 14.167834 132.0
13 12825.0 -0.0734 0.5276 0.0 0.599206 -1.063688 -10.22637 -0.358952 0.037304 14.167834 132.0
14 12825.0 -0.084003 0.544894 0.0 0.571583 -1.063688 -10.22637 -0.358952 0.037304 14.167834 132.0
15 12825.0 -0.055741 0.505233 0.0 0.638328 -1.063688 -10.22637 -0.358952 0.037304 14.167834 132.0
16 12825.0 -0.064931 0.482934 0.0 0.65427 -1.063688 -10.22637 -0.358952 0.037304 14.167834 132.0
17 12825.0 -0.082442 0.495965 0.0 0.62526 -1.063688 -10.22637 -0.358952 0.037304 14.167834 132.0
18 12825.0 -0.089556 0.51632 0.0 0.597367 -1.063688 -10.22637 -0.358952 0.037304 14.167834 132.0
19 12825.0 -0.07929 0.519218 0.0 0.603103 -1.063688 -10.22637 -0.358952 0.037304 14.167834 132.0
20 12825.0 -0.080375 0.538372 0.0 0.581682 -1.063688 -10.22637 -0.358952 0.037304 14.167834 132.0
21 12825.0 -0.062368 0.546999 0.0 0.587952 -1.063688 -10.22637 -0.358952 0.037304 14.167834 132.0
22 12825.0 -0.064959 0.539085 0.0 0.594187 -1.063688 -10.22637 -0.358952 0.037304 14.167834 132.0
23 12825.0 -0.080481 0.558379 0.0 0.560191 -1.063688 -10.22637 -0.358952 0.037304 14.167834 132.0
24 12825.0 -0.077504 0.55853 0.0 0.562592 -1.063688 -10.22637 -0.358952 0.037304 14.167834 132.0
25 12825.0 -0.084159 0.562785 0.0 0.552313 -1.063688 -10.22637 -0.358952 0.037304 14.167834 132.0
26 12825.0 -0.089142 0.552668 0.0 0.558845 -1.063688 -10.22637 -0.358952 0.037304 14.167834 132.0
27 12825.0 -0.079806 0.551419 0.0 0.568216 -1.063688 -10.22637 -0.358952 0.037304 14.167834 132.0
28 12825.0 -0.072545 0.522834 0.0 0.60504 -1.063688 -10.22637 -0.358952 0.037304 14.167834 132.0
29 12825.0 -0.074 0.518532 0.0 0.60839 -1.063688 -10.22637 -0.358952 0.037304 14.167834 132.0
30 12825.0 -0.065635 0.490585 0.0 0.64548 -1.063688 -10.22637 -0.358952 0.037304 14.167834 132.0
31 12825.0 -0.062361 0.481947 0.0 0.657538 -1.063688 -10.22637 -0.358952 0.037304 14.167834 132.0
32 12825.0 -0.057511 0.473251 0.0 0.671013 -1.063688 -10.22637 -0.358952 0.037304 14.167834 132.0
33 12825.0 -0.06479 0.486736 0.0 0.650324 -1.063688 -10.22637 -0.358952 0.037304 14.167834 132.0
34 12825.0 -0.066684 0.521228 0.0 0.611801 -1.063688 -10.22637 -0.358952 0.037304 14.167834 132.0
35 12825.0 -0.072067 0.523604 0.0 0.604628 -1.063688 -10.22637 -0.358952 0.037304 14.167834 132.0
36 12825.0 -0.075954 0.514708 0.0 0.610798 -1.063688 -10.22637 -0.358952 0.037304 14.167834 132.0
37 12825.0 -0.057203 0.52011 0.0 0.621159 -1.063688 -10.22637 -0.358952 0.037304 14.167834 132.0
38 12825.0 -0.055322 0.504093 0.0 0.639909 -1.063688 -10.22637 -0.358952 0.037304 14.167834 132.0
39 12825.0 -0.044638 0.492864 0.0 0.660911 -1.063688 -10.22637 -0.358952 0.037304 14.167834 132.0
40 12825.0 -0.056165 0.488165 0.0 0.656219 -1.063688 -10.22637 -0.358952 0.037304 14.167834 132.0
41 12825.0 -0.048146 0.500155 0.0 0.650298 -1.063688 -10.22637 -0.358952 0.037304 14.167834 132.0
42 12825.0 -0.063828 0.482919 0.0 0.655235 -1.063688 -10.22637 -0.358952 0.037304 14.167834 132.0
43 12825.0 -0.072123 0.476793 0.0 0.654648 -1.063688 -10.22637 -0.358952 0.037304 14.167834 132.0
44 12825.0 -0.053276 0.448516 0.0 0.700071 -1.063688 -10.22637 -0.358952 0.037304 14.167834 132.0
45 12825.0 -0.06155 0.484187 0.0 0.65584 -1.063688 -10.22637 -0.358952 0.037304 14.167834 132.0
46 12825.0 -0.057046 0.492869 0.0 0.650431 -1.063688 -10.22637 -0.358952 0.037304 14.167834 132.0
47 12825.0 -0.095846 0.503161 0.0 0.606027 -1.063688 -10.22637 -0.358952 0.037304 14.167834 132.0
48 12825.0 -0.092459 0.51223 0.0 0.599243 -1.063688 -10.22637 -0.358952 0.037304 14.167834 132.0
49 12825.0 -0.071888 0.513943 0.0 0.615115 -1.063688 -10.22637 -0.358952 0.037304 14.167834 132.0
50 12825.0 -0.074766 0.497293 0.0 0.630447 -1.063688 -10.22637 -0.358952 0.037304 14.167834 132.0
51 12825.0 -0.069474 0.518527 0.0 0.61229 -1.063688 -10.22637 -0.358952 0.037304 14.167834 132.0
52 12825.0 -0.076505 0.546839 0.0 0.575957 -1.063688 -10.22637 -0.358952 0.037304 14.167834 132.0
53 12825.0 -0.071134 0.53255 0.0 0.595862 -1.063688 -10.22637 -0.358952 0.037304 14.167834 132.0
54 12825.0 -0.045764 0.529452 0.0 0.621012 -1.063688 -10.22637 -0.358952 0.037304 14.167834 132.0
55 12825.0 -0.046558 0.509633 0.0 0.641526 -1.063688 -10.22637 -0.358952 0.037304 14.167834 132.0
56 12825.0 -0.056908 0.509165 0.0 0.633119 -1.063688 -10.22637 -0.358952 0.037304 14.167834 132.0
57 12825.0 -0.073344 0.498679 0.0 0.630189 -1.063688 -10.22637 -0.358952 0.037304 14.167834 132.0
58 12825.0 -0.076784 0.527839 0.0 0.596039 -1.063688 -10.22637 -0.358952 0.037304 14.167834 132.0
59 12825.0 -0.081311 0.521406 0.0 0.599022 -1.063688 -10.22637 -0.358952 0.037304 14.167834 132.0
60 12825.0 -0.101378 0.502816 0.0 0.601635 -1.063688 -10.22637 -0.358952 0.037304 14.167834 132.0
61 12825.0 -0.090654 0.512836 0.0 0.600147 -1.063688 -10.22637 -0.358952 0.037304 14.167834 132.0
62 12825.0 -0.130817 0.511555 0.0 0.56695 -1.063688 -10.22637 -0.358952 0.037304 14.167834 132.0
63 12825.0 -0.126317 0.504884 0.0 0.577958 -1.063688 -10.22637 -0.358952 0.037304 14.167834 132.0
64 12825.0 -0.139533 0.504163 0.0 0.567355 -1.063688 -10.22637 -0.358952 0.037304 14.167834 132.0
65 12825.0 -0.159692 0.545174 0.0 0.50614 -1.063688 -10.22637 -0.358952 0.037304 14.167834 132.0
66 12825.0 -0.155164 0.545444 0.0 0.509748 -1.063688 -10.22637 -0.358952 0.037304 14.167834 132.0
67 12825.0 -0.157179 0.546125 0.0 0.507285 -1.063688 -10.22637 -0.358952 0.037304 14.167834 132.0
68 12825.0 -0.153663 0.518357 0.0 0.540011 -1.063688 -10.22637 -0.358952 0.037304 14.167834 132.0
69 12825.0 -0.146607 0.505508 0.0 0.559828 -1.063688 -10.22637 -0.358952 0.037304 14.167834 132.0
70 12825.0 -0.125389 0.52719 0.0 0.554899 -1.063688 -10.22637 -0.358952 0.037304 14.167834 132.0
71 12825.0 -0.141865 0.535958 0.0 0.531341 -1.063688 -10.22637 -0.358952 0.037304 14.167834 132.0
72 12825.0 -0.161434 0.505489 0.0 0.547087 -1.063688 -10.22637 -0.358952 0.037304 14.167834 132.0
73 12825.0 -0.161131 0.504068 0.0 0.548867 -1.063688 -10.22637 -0.358952 0.037304 14.167834 132.0
74 12825.0 -0.164733 0.505033 0.0 0.544736 -1.063688 -10.22637 -0.358952 0.037304 14.167834 132.0
75 12825.0 -0.16901 0.513765 0.0 0.531715 -1.063688 -10.22637 -0.358952 0.037304 14.167834 132.0
76 12825.0 -0.188224 0.505867 0.0 0.523625 -1.063688 -10.22637 -0.358952 0.037304 14.167834 132.0
77 12825.0 -0.161371 0.511463 0.0 0.540751 -1.063688 -10.22637 -0.358952 0.037304 14.167834 132.0
78 12825.0 -0.147537 0.507628 0.0 0.556761 -1.063688 -10.22637 -0.358952 0.037304 14.167834 132.0
79 12825.0 -0.138547 0.496164 0.0 0.576759 -1.063688 -10.22637 -0.358952 0.037304 14.167834 132.0
80 12825.0 -0.114535 0.503093 0.0 0.590015 -1.063688 -10.22637 -0.358952 0.037304 14.167834 132.0
81 12825.0 -0.109706 0.466222 0.0 0.633608 -1.063688 -10.22637 -0.358952 0.037304 14.167834 132.0
82 12825.0 -0.093743 0.456913 0.0 0.657303 -1.063688 -10.22637 -0.358952 0.037304 14.167834 132.0
83 12825.0 -0.092357 0.484442 0.0 0.629052 -1.063688 -10.22637 -0.358952 0.037304 14.167834 132.0
84 12825.0 -0.111308 0.502273 0.0 0.59367 -1.063688 -10.22637 -0.358952 0.037304 14.167834 132.0
85 12825.0 -0.102164 0.499551 0.0 0.604451 -1.063688 -10.22637 -0.358952 0.037304 14.167834 132.0
86 12825.0 -0.123165 0.515193 0.0 0.569646 -1.063688 -10.22637 -0.358952 0.037304 14.167834 132.0
87 12825.0 -0.105896 0.52127 0.0 0.578008 -1.063688 -10.22637 -0.358952 0.037304 14.167834 132.0
88 12825.0 -0.114503 0.490471 0.0 0.603543 -1.063688 -10.22637 -0.358952 0.037304 14.167834 132.0
89 12825.0 -0.109412 0.486286 0.0 0.6124 -1.063688 -10.22637 -0.358952 0.037304 14.167834 132.0
90 12825.0 -0.095313 0.480837 0.0 0.630364 -1.063688 -10.22637 -0.358952 0.037304 14.167834 132.0
91 12825.0 -0.075452 0.488787 0.0 0.638955 -1.063688 -10.22637 -0.358952 0.037304 14.167834 132.0
92 12825.0 -0.040485 0.51206 0.0 0.644157 -1.063688 -10.22637 -0.358952 0.037304 14.167834 132.0
93 12825.0 -0.043865 0.524034 0.0 0.628441 -1.063688 -10.22637 -0.358952 0.037304 14.167834 132.0
94 12825.0 -0.050745 0.489346 0.0 0.659621 -1.063688 -10.22637 -0.358952 0.037304 14.167834 132.0
95 12825.0 -0.044942 0.495362 0.0 0.658179 -1.063688 -10.22637 -0.358952 0.037304 14.167834 132.0
96 12825.0 -0.038 0.492677 0.0 0.665528 -1.063688 -10.22637 -0.358952 0.037304 14.167834 132.0
97 12825.0 -0.047908 0.491601 0.0 0.659652 -1.063688 -10.22637 -0.358952 0.037304 14.167834 132.0
98 12825.0 -0.037811 0.507409 0.0 0.650732 -1.063688 -10.22637 -0.358952 0.037304 14.167834 132.0
99 12825.0 -0.0425 0.49966 0.0 0.655455 -1.063688 -10.22637 -0.358952 0.037304 14.167834 132.0
100 12825.0 -0.037999 0.486571 0.0 0.671714 -1.063688 -10.22637 -0.358952 0.037304 14.167834 132.0
101 12825.0 -0.055445 0.475593 0.0 0.670286 -1.063688 -10.22637 -0.358952 0.037304 14.167834 132.0
102 12825.0 -0.077762 0.504611 0.0 0.620042 -1.063688 -10.22637 -0.358952 0.037304 14.167834 132.0
103 12825.0 -0.104444 0.527904 0.0 0.572162 -1.063688 -10.22637 -0.358952 0.037304 14.167834 132.0
104 12825.0 -0.114443 0.542576 0.0 0.547864 -1.063688 -10.22637 -0.358952 0.037304 14.167834 132.0
105 12825.0 -0.099979 0.518016 0.0 0.586582 -1.063688 -10.22637 -0.358952 0.037304 14.167834 132.0
106 12825.0 -0.094667 0.509993 0.0 0.599735 -1.063688 -10.22637 -0.358952 0.037304 14.167834 132.0
107 12825.0 -0.084441 0.535213 0.0 0.581561 -1.063688 -10.22637 -0.358952 0.037304 14.167834 132.0
108 12825.0 -0.075906 0.559821 0.0 0.562586 -1.063688 -10.22637 -0.358952 0.037304 14.167834 132.0
109 12825.0 -0.090606 0.557922 0.0 0.551966 -1.063688 -10.22637 -0.358952 0.037304 14.167834 132.0
110 12825.0 -0.067155 0.565489 0.0 0.564055 -1.063688 -10.22637 -0.358952 0.037304 14.167834 132.0
111 12825.0 -0.061009 0.567689 0.0 0.566993 -1.063688 -10.22637 -0.358952 0.037304 14.167834 132.0
112 12825.0 -0.056676 0.559241 0.0 0.579757 -1.063688 -10.22637 -0.358952 0.037304 14.167834 132.0
113 12825.0 -0.085287 0.576802 0.0 0.536349 -1.063688 -10.22637 -0.358952 0.037304 14.167834 132.0
114 12825.0 -0.073695 0.576679 0.0 0.546458 -1.063688 -10.22637 -0.358952 0.037304 14.167834 132.0
115 12825.0 -0.050775 0.554385 0.0 0.590031 -1.063688 -10.22637 -0.358952 0.037304 14.167834 132.0
116 12825.0 -0.048815 0.540629 0.0 0.60643 -1.063688 -10.22637 -0.358952 0.037304 14.167834 132.0
117 12825.0 -0.04907 0.536977 0.0 0.610117 -1.063688 -10.22637 -0.358952 0.037304 14.167834 132.0
118 12825.0 -0.065288 0.531295 0.0 0.602236 -1.063688 -10.22637 -0.358952 0.037304 14.167834 132.0
119 12825.0 -0.074404 0.536907 0.0 0.588388 -1.063688 -10.22637 -0.358952 0.037304 14.167834 132.0
120 12825.0 -0.078447 0.547279 0.0 0.573813 -1.063688 -10.22637 -0.358952 0.037304 14.167834 132.0
121 12825.0 -0.07374 0.538547 0.0 0.587204 -1.063688 -10.22637 -0.358952 0.037304 14.167834 132.0
122 12825.0 -0.06488 0.523197 0.0 0.611249 -1.063688 -10.22637 -0.358952 0.037304 14.167834 132.0
123 12825.0 -0.0907 0.530242 0.0 0.58149 -1.063688 -10.22637 -0.358952 0.037304 14.167834 132.0
124 12825.0 -0.084515 0.53184 0.0 0.585105 -1.063688 -10.22637 -0.358952 0.037304 14.167834 132.0
125 12825.0 -0.096125 0.514326 0.0 0.593845 -1.063688 -10.22637 -0.358952 0.037304 14.167834 132.0
126 12825.0 -0.064139 0.514703 0.0 0.620971 -1.063688 -10.22637 -0.358952 0.037304 14.167834 132.0
127 12825.0 -0.052247 0.533938 0.0 0.610633 -1.063688 -10.22637 -0.358952 0.037304 14.167834 132.0
128 12825.0 -0.054665 0.527914 0.0 0.614995 -1.063688 -10.22637 -0.358952 0.037304 14.167834 132.0
129 12825.0 -0.053289 0.517273 0.0 0.627562 -1.063688 -10.22637 -0.358952 0.037304 14.167834 132.0
130 12825.0 -0.053966 0.519035 0.0 0.625094 -1.063688 -10.22637 -0.358952 0.037304 14.167834 132.0
131 12825.0 -0.047758 0.516036 0.0 0.633645 -1.063688 -10.22637 -0.358952 0.037304 14.167834 132.0
132 12825.0 -0.069328 0.484609 0.0 0.648694 -1.063688 -10.22637 -0.358952 0.037304 14.167834 132.0
133 12825.0 -0.068815 0.46716 0.0 0.667799 -1.063688 -10.22637 -0.358952 0.037304 14.167834 132.0
134 12825.0 -0.092342 0.45328 0.0 0.662395 -1.063688 -10.22637 -0.358952 0.037304 14.167834 132.0
135 12825.0 -0.118247 0.456743 0.0 0.636396 -1.063688 -10.22637 -0.358952 0.037304 14.167834 132.0
136 12825.0 -0.118594 0.437601 0.0 0.656571 -1.063688 -10.22637 -0.358952 0.037304 14.167834 132.0
137 12825.0 -0.108244 0.444864 0.0 0.65771 -1.063688 -10.22637 -0.358952 0.037304 14.167834 132.0
138 12825.0 -0.079155 0.445201 0.0 0.682386 -1.063688 -10.22637 -0.358952 0.037304 14.167834 132.0
139 12825.0 -0.08385 0.448622 0.0 0.674686 -1.063688 -10.22637 -0.358952 0.037304 14.167834 132.0
140 12825.0 -0.100546 0.452271 0.0 0.656413 -1.063688 -10.22637 -0.358952 0.037304 14.167834 132.0
141 12825.0 -0.096761 0.467006 0.0 0.643911 -1.063688 -10.22637 -0.358952 0.037304 14.167834 132.0
142 12825.0 -0.103037 0.479417 0.0 0.625235 -1.063688 -10.22637 -0.358952 0.037304 14.167834 132.0
143 12825.0 -0.116941 0.482841 0.0 0.609605 -1.063688 -10.22637 -0.358952 0.037304 14.167834 132.0
144 12825.0 -0.135063 0.482064 0.0 0.594839 -1.063688 -10.22637 -0.358952 0.037304 14.167834 132.0
145 12825.0 -0.124422 0.476167 0.0 0.610305 -1.063688 -10.22637 -0.358952 0.037304 14.167834 132.0
146 12825.0 -0.124691 0.485491 0.0 0.6001 -1.063688 -10.22637 -0.358952 0.037304 14.167834 132.0
147 12825.0 -0.133041 0.480299 0.0 0.598468 -1.063688 -10.22637 -0.358952 0.037304 14.167834 132.0
148 12825.0 -0.111447 0.494091 0.0 0.602301 -1.063688 -10.22637 -0.358952 0.037304 14.167834 132.0
149 12825.0 -0.143236 0.49149 0.0 0.577722 -1.063688 -10.22637 -0.358952 0.037304 14.167834 132.0
150 12825.0 -0.179831 0.503266 0.0 0.533631 -1.063688 -10.22637 -0.358952 0.037304 14.167834 132.0
151 12825.0 -0.180262 0.50699 0.0 0.529277 -1.063688 -10.22637 -0.358952 0.037304 14.167834 132.0
152 12825.0 -0.182179 0.496214 0.0 0.539153 -1.063688 -10.22637 -0.358952 0.037304 14.167834 132.0
153 12825.0 -0.194231 0.482104 0.0 0.543872 -1.063688 -10.22637 -0.358952 0.037304 14.167834 132.0
154 12825.0 -0.177769 0.496347 0.0 0.542806 -1.063688 -10.22637 -0.358952 0.037304 14.167834 132.0
155 12825.0 -0.170979 0.519005 0.0 0.524415 -1.063688 -10.22637 -0.358952 0.037304 14.167834 132.0
156 12825.0 -0.18361 0.52664 0.0 0.504668 -1.063688 -10.22637 -0.358952 0.037304 14.167834 132.0
157 12825.0 -0.17363 0.546559 0.0 0.490723 -1.063688 -10.22637 -0.358952 0.037304 14.167834 132.0
158 12825.0 -0.186932 0.563095 0.0 0.457566 -1.063688 -10.22637 -0.358952 0.037304 14.167834 132.0
159 12825.0 -0.185282 0.542975 0.0 0.483378 -1.063688 -10.22637 -0.358952 0.037304 14.167834 132.0
160 12825.0 -0.163223 0.550787 0.0 0.49605 -1.063688 -10.22637 -0.358952 0.037304 14.167834 132.0
161 12825.0 -0.188944 0.552203 0.0 0.468636 -1.063688 -10.22637 -0.358952 0.037304 14.167834 132.0
162 12825.0 -0.198796 0.50959 0.0 0.509964 -1.063688 -10.22637 -0.358952 0.037304 14.167834 132.0
163 12825.0 -0.211869 0.534631 0.0 0.466821 -1.063688 -10.22637 -0.358952 0.037304 14.167834 132.0
164 12825.0 -0.194971 0.528951 0.0 0.490534 -1.063688 -10.22637 -0.358952 0.037304 14.167834 132.0
165 12825.0 -0.204494 0.535983 0.0 0.472569 -1.063688 -10.22637 -0.358952 0.037304 14.167834 132.0
166 12825.0 -0.205873 0.551916 0.0 0.452056 -1.063688 -10.22637 -0.358952 0.037304 14.167834 132.0
167 12825.0 -0.198474 0.556323 0.0 0.45416 -1.063688 -10.22637 -0.358952 0.037304 14.167834 132.0
168 12825.0 -0.188525 0.566715 0.0 0.451625 -1.063688 -10.22637 -0.358952 0.037304 14.167834 132.0
169 12825.0 -0.194043 0.549804 0.0 0.46642 -1.063688 -10.22637 -0.358952 0.037304 14.167834 132.0
170 12825.0 -0.190767 0.556819 0.0 0.461269 -1.063688 -10.22637 -0.358952 0.037304 14.167834 132.0
171 12825.0 -0.186602 0.526206 0.0 0.502199 -1.063688 -10.22637 -0.358952 0.037304 14.167834 132.0
172 12825.0 -0.178808 0.501206 0.0 0.536714 -1.063688 -10.22637 -0.358952 0.037304 14.167834 132.0
173 12825.0 -0.182029 0.50136 0.0 0.533777 -1.063688 -10.22637 -0.358952 0.037304 14.167834 132.0
174 12825.0 -0.180178 0.496717 0.0 0.540337 -1.063688 -10.22637 -0.358952 0.037304 14.167834 132.0
175 12825.0 -0.166202 0.504839 0.0 0.543678 -1.063688 -10.22637 -0.358952 0.037304 14.167834 132.0
176 12825.0 -0.153385 0.496351 0.0 0.563788 -1.063688 -10.22637 -0.358952 0.037304 14.167834 132.0
177 12825.0 -0.159951 0.517725 0.0 0.535275 -1.063688 -10.22637 -0.358952 0.037304 14.167834 132.0
178 12825.0 -0.155075 0.516851 0.0 0.540407 -1.063688 -10.22637 -0.358952 0.037304 14.167834 132.0
179 12825.0 -0.169368 0.522717 0.0 0.521832 -1.063688 -10.22637 -0.358952 0.037304 14.167834 132.0
180 12825.0 -0.200138 0.541829 0.0 0.469903 -1.063688 -10.22637 -0.358952 0.037304 14.167834 132.0
181 12825.0 -0.213655 0.548086 0.0 0.448875 -1.063688 -10.22637 -0.358952 0.037304 14.167834 132.0
182 12825.0 -0.216733 0.524927 0.0 0.473612 -1.063688 -10.22637 -0.358952 0.037304 14.167834 132.0
183 12825.0 -0.215543 0.515017 0.0 0.486703 -1.063688 -10.22637 -0.358952 0.037304 14.167834 132.0
184 12825.0 -0.197586 0.515749 0.0 0.503776 -1.063688 -10.22637 -0.358952 0.037304 14.167834 132.0
185 12825.0 -0.183156 0.491318 0.0 0.543549 -1.063688 -10.22637 -0.358952 0.037304 14.167834 132.0
186 12825.0 -0.203932 0.483354 0.0 0.534186 -1.063688 -10.22637 -0.358952 0.037304 14.167834 132.0
187 12825.0 -0.197078 0.476245 0.0 0.547688 -1.063688 -10.22637 -0.358952 0.037304 14.167834 132.0
188 12825.0 -0.216026 0.476734 0.0 0.530856 -1.063688 -10.22637 -0.358952 0.037304 14.167834 132.0
189 12825.0 -0.22992 0.475972 0.0 0.519221 -1.063688 -10.22637 -0.358952 0.037304 14.167834 132.0
190 12825.0 -0.22259 0.483824 0.0 0.51712 -1.063688 -10.22637 -0.358952 0.037304 14.167834 132.0
191 12825.0 -0.241343 0.508103 0.0 0.469214 -1.063688 -10.22637 -0.358952 0.037304 14.167834 132.0
192 12825.0 -0.233134 0.512234 0.0 0.472459 -1.063688 -10.22637 -0.358952 0.037304 14.167834 132.0
193 12825.0 -0.242606 0.491055 0.0 0.488425 -1.063688 -10.22637 -0.358952 0.037304 14.167834 132.0
194 12825.0 -0.237579 0.485396 0.0 0.500248 -1.063688 -10.22637 -0.358952 0.037304 14.167834 132.0
195 12825.0 -0.244245 0.510321 0.0 0.463648 -1.063688 -10.22637 -0.358952 0.037304 14.167834 132.0
196 12825.0 -0.238385 0.479009 0.0 0.507112 -1.063688 -10.22637 -0.358952 0.037304 14.167834 132.0
197 12825.0 -0.226104 0.501458 0.0 0.492429 -1.063688 -10.22637 -0.358952 0.037304 14.167834 132.0
198 12825.0 -0.212174 0.4932 0.0 0.516272 -1.063688 -10.22637 -0.358952 0.037304 14.167834 132.0
199 12825.0 -0.193895 0.523824 0.0 0.497768 -1.063688 -10.22637 -0.358952 0.037304 14.167834 132.0
200 12825.0 -0.195856 0.517371 0.0 0.503558 -1.063688 -10.22637 -0.358952 0.037304 14.167834 132.0
201 12825.0 -0.17394 0.51683 0.0 0.524193 -1.063688 -10.22637 -0.358952 0.037304 14.167834 132.0
202 12825.0 -0.181328 0.515518 0.0 0.519238 -1.063688 -10.22637 -0.358952 0.037304 14.167834 132.0
203 12825.0 -0.171111 0.545212 0.0 0.49486 -1.063688 -10.22637 -0.358952 0.037304 14.167834 132.0
204 12825.0 -0.189126 0.524794 0.0 0.50137 -1.063688 -10.22637 -0.358952 0.037304 14.167834 132.0
205 12825.0 -0.192773 0.530288 0.0 0.491126 -1.063688 -10.22637 -0.358952 0.037304 14.167834 132.0
206 12825.0 -0.210236 0.522309 0.0 0.483252 -1.063688 -10.22637 -0.358952 0.037304 14.167834 132.0
207 12825.0 -0.239521 0.511083 0.0 0.467456 -1.063688 -10.22637 -0.358952 0.037304 14.167834 132.0
208 12825.0 -0.247146 0.521734 0.0 0.447042 -1.063688 -10.22637 -0.358952 0.037304 14.167834 132.0
209 12825.0 -0.279239 0.549319 0.0 0.38183 -1.063688 -10.22637 -0.358952 0.037304 14.167834 132.0
210 12825.0 -0.294588 0.555463 0.0 0.359106 -1.063688 -10.22637 -0.358952 0.037304 14.167834 132.0
211 12825.0 -0.311105 0.536953 0.0 0.364824 -1.063688 -10.22637 -0.358952 0.037304 14.167834 132.0
212 12825.0 -0.336164 0.516628 0.0 0.364181 -1.063688 -10.22637 -0.358952 0.037304 14.167834 132.0
213 12825.0 -0.296416 0.485433 0.0 0.441382 -1.063688 -10.22637 -0.358952 0.037304 14.167834 132.0
214 12825.0 -0.289022 0.515895 0.0 0.41219 -1.063688 -10.22637 -0.358952 0.037304 14.167834 132.0
215 12825.0 -0.304794 0.535072 0.0 0.373392 -1.063688 -10.22637 -0.358952 0.037304 14.167834 132.0
216 12825.0 -0.34892 0.552998 0.0 0.30775 -1.063688 -10.22637 -0.358952 0.037304 14.167834 132.0
217 12825.0 -0.35805 0.533514 0.0 0.322022 -1.063688 -10.22637 -0.358952 0.037304 14.167834 132.0
218 12825.0 -0.378669 0.550732 0.0 0.28073 -1.063688 -10.22637 -0.358952 0.037304 14.167834 132.0
219 12825.0 -0.392679 0.549217 0.0 0.268544 -1.063688 -10.22637 -0.358952 0.037304 14.167834 132.0
220 12825.0 -0.371076 0.545843 0.0 0.294194 -1.063688 -10.22637 -0.358952 0.037304 14.167834 132.0
221 12825.0 -0.396207 0.539077 0.0 0.277195 -1.063688 -10.22637 -0.358952 0.037304 14.167834 132.0
222 12825.0 -0.397841 0.537324 0.0 0.277667 -1.063688 -10.22637 -0.358952 0.037304 14.167834 132.0
223 12825.0 -0.393416 0.530578 0.0 0.290192 -1.063688 -10.22637 -0.358952 0.037304 14.167834 132.0
224 12825.0 -0.386415 0.540952 0.0 0.284733 -1.063688 -10.22637 -0.358952 0.037304 14.167834 132.0
225 12825.0 -0.380421 0.552604 0.0 0.276731 -1.063688 -10.22637 -0.358952 0.037304 14.167834 132.0
226 12825.0 -0.400655 0.554725 0.0 0.253955 -1.063688 -10.22637 -0.358952 0.037304 14.167834 132.0
227 12825.0 -0.416903 0.555736 0.0 0.236497 -1.063688 -10.22637 -0.358952 0.037304 14.167834 132.0
228 12825.0 -0.428817 0.526943 0.0 0.259167 -1.063688 -10.22637 -0.358952 0.037304 14.167834 132.0
229 12825.0 -0.462727 0.527551 0.0 0.224536 -1.063688 -10.22637 -0.358952 0.037304 14.167834 132.0
230 12825.0 -0.47972 0.54969 0.0 0.18096 -1.063688 -10.22637 -0.358952 0.037304 14.167834 132.0
231 12825.0 -0.480814 0.55511 0.0 0.173358 -1.063688 -10.22637 -0.358952 0.037304 14.167834 132.0
232 12825.0 -0.489341 0.556753 0.0 0.162859 -1.063688 -10.22637 -0.358952 0.037304 14.167834 132.0
233 12825.0 -0.460444 0.556881 0.0 0.191594 -1.063688 -10.22637 -0.358952 0.037304 14.167834 132.0
234 12825.0 -0.487333 0.551003 0.0 0.171772 -1.063688 -10.22637 -0.358952 0.037304 14.167834 132.0
235 12825.0 -0.520222 0.532586 0.0 0.16101 -1.063688 -10.22637 -0.358952 0.037304 14.167834 132.0
236 12825.0 -0.537124 0.525242 0.0 0.152933 -1.063688 -10.22637 -0.358952 0.037304 14.167834 132.0
237 12825.0 -0.574041 0.506631 0.0 0.138377 -1.063688 -10.22637 -0.358952 0.037304 14.167834 132.0
238 12825.0 -0.556026 0.507866 0.0 0.154904 -1.063688 -10.22637 -0.358952 0.037304 14.167834 132.0
239 12825.0 -0.568757 0.497952 0.0 0.154084 -1.063688 -10.22637 -0.358952 0.037304 14.167834 132.0
240 12825.0 -0.59133 0.507134 0.0 0.12049 -1.063688 -10.22637 -0.358952 0.037304 14.167834 132.0
241 12825.0 -0.588859 0.530401 0.0 0.095017 -1.063688 -10.22637 -0.358952 0.037304 14.167834 132.0
242 12825.0 -0.608261 0.532554 0.0 0.073035 -1.063688 -10.22637 -0.358952 0.037304 14.167834 132.0
243 12825.0 -0.642557 0.563404 0.0 0.001699 -1.063688 -10.22637 -0.358952 0.037304 14.167834 132.0
244 12825.0 -0.639037 0.554225 0.0 0.016241 -1.063688 -10.22637 -0.358952 0.037304 14.167834 132.0
245 12825.0 -0.630781 0.579542 0.0 -0.00591 -1.063688 -10.22637 -0.358952 0.037304 14.167834 132.0
246 12825.0 -0.643691 0.585873 0.0 -0.02642 -1.063688 -10.22637 -0.358952 0.037304 14.167834 132.0
247 12825.0 -0.676226 0.58813 0.0 -0.061656 -1.063688 -10.22637 -0.358952 0.037304 14.167834 132.0
248 12825.0 -0.689875 0.608 0.0 -0.099164 -1.063688 -10.22637 -0.358952 0.037304 14.167834 132.0
249 12825.0 -0.687933 0.602228 0.0 -0.090291 -1.063688 -10.22637 -0.358952 0.037304 14.167834 132.0
250 12825.0 -0.683747 0.565672 0.0 -0.042204 -1.063688 -10.22637 -0.358952 0.037304 14.167834 132.0
251 12825.0 -0.689673 0.570002 0.0 -0.053327 -1.063688 -10.22637 -0.358952 0.037304 14.167834 132.0
252 12825.0 -0.674054 0.606359 0.0 -0.081377 -1.063688 -10.22637 -0.358952 0.037304 14.167834 132.0
253 12825.0 -0.685823 0.616493 0.0 -0.105313 -1.063688 -10.22637 -0.358952 0.037304 14.167834 132.0
254 12825.0 -0.672329 0.628648 0.0 -0.106421 -1.063688 -10.22637 -0.358952 0.037304 14.167834 132.0
255 12825.0 -0.682818 0.616776 0.0 -0.102649 -1.063688 -10.22637 -0.358952 0.037304 14.167834 132.0
256 12825.0 -0.691889 0.620219 0.0 -0.115852 -1.063688 -10.22637 -0.358952 0.037304 14.167834 132.0
257 12825.0 -0.700588 0.610704 0.0 -0.113121 -1.063688 -10.22637 -0.358952 0.037304 14.167834 132.0
258 12825.0 -0.719391 0.608227 0.0 -0.128944 -1.063688 -10.22637 -0.358952 0.037304 14.167834 132.0
259 12825.0 -0.7068 0.60217 0.0 -0.109083 -1.063688 -10.22637 -0.358952 0.037304 14.167834 132.0
260 12825.0 -0.708805 0.595161 0.0 -0.10267 -1.063688 -10.22637 -0.358952 0.037304 14.167834 132.0
261 12825.0 -0.707051 0.595603 0.0 -0.101446 -1.063688 -10.22637 -0.358952 0.037304 14.167834 132.0
262 12825.0 -0.705388 0.614412 0.0 -0.122373 -1.063688 -10.22637 -0.358952 0.037304 14.167834 132.0
263 12825.0 -0.706439 0.622264 0.0 -0.132854 -1.063688 -10.22637 -0.358952 0.037304 14.167834 132.0
264 12825.0 -0.720311 0.64121 0.0 -0.170538 -1.063688 -10.22637 -0.358952 0.037304 14.167834 132.0
265 12825.0 -0.721117 0.645052 0.0 -0.176183 -1.063688 -10.22637 -0.358952 0.037304 14.167834 132.0
266 12825.0 -0.733742 0.63761 0.0 -0.179655 -1.063688 -10.22637 -0.358952 0.037304 14.167834 132.0
267 12825.0 -0.745903 0.629832 0.0 -0.182235 -1.063688 -10.22637 -0.358952 0.037304 14.167834 132.0
268 12825.0 -0.750628 0.631963 0.0 -0.189708 -1.063688 -10.22637 -0.358952 0.037304 14.167834 132.0
269 12825.0 -0.74157 0.64133 0.0 -0.192275 -1.063688 -10.22637 -0.358952 0.037304 14.167834 132.0
270 12825.0 -0.764818 0.646139 0.0 -0.2183 -1.063688 -10.22637 -0.358952 0.037304 14.167834 132.0
271 12825.0 -0.743491 0.660217 0.0 -0.214477 -1.063688 -10.22637 -0.358952 0.037304 14.167834 132.0
272 12825.0 -0.741805 0.664104 0.0 -0.217132 -1.063688 -10.22637 -0.358952 0.037304 14.167834 132.0
273 12825.0 -0.744614 0.678119 0.0 -0.234553 -1.063688 -10.22637 -0.358952 0.037304 14.167834 132.0
274 12825.0 -0.74253 0.697861 0.0 -0.253759 -1.063688 -10.22637 -0.358952 0.037304 14.167834 132.0
275 12825.0 -0.732096 0.695506 0.0 -0.242036 -1.063688 -10.22637 -0.358952 0.037304 14.167834 132.0
276 12825.0 -0.720794 0.709031 0.0 -0.246475 -1.063688 -10.22637 -0.358952 0.037304 14.167834 132.0
277 12825.0 -0.717359 0.677738 0.0 -0.210082 -1.063688 -10.22637 -0.358952 0.037304 14.167834 132.0
278 12825.0 -0.717501 0.694562 0.0 -0.228143 -1.063688 -10.22637 -0.358952 0.037304 14.167834 132.0
279 12825.0 -0.723759 0.721149 0.0 -0.262012 -1.063688 -10.22637 -0.358952 0.037304 14.167834 132.0
280 12825.0 -0.731118 0.716409 0.0 -0.263457 -1.063688 -10.22637 -0.358952 0.037304 14.167834 132.0
281 12825.0 -0.747264 0.731397 0.0 -0.296846 -1.063688 -10.22637 -0.358952 0.037304 14.167834 132.0
282 12825.0 -0.763221 0.72945 0.0 -0.309658 -1.063688 -10.22637 -0.358952 0.037304 14.167834 132.0
283 12825.0 -0.778344 0.746622 0.0 -0.348173 -1.063688 -10.22637 -0.358952 0.037304 14.167834 132.0
284 12825.0 -0.791838 0.765852 0.0 -0.387956 -1.063688 -10.22637 -0.358952 0.037304 14.167834 132.0
285 12825.0 -0.799253 0.781848 0.0 -0.417346 -1.063688 -10.22637 -0.358952 0.037304 14.167834 132.0
286 12825.0 -0.80218 0.797564 0.0 -0.441986 -1.063688 -10.22637 -0.358952 0.037304 14.167834 132.0
287 12825.0 -0.790937 0.794877 0.0 -0.427331 -1.063688 -10.22637 -0.358952 0.037304 14.167834 132.0
