 time p.x p.y p.z deep.node-0 CV opes.bias opes.rct opes.zed opes.neff opes.nker
0 4425.0 0.608308 0.508363 0.0 1.107207 -1.064746 -15.615999 -0.252183 0.039393 14.167834 125.0
1 4425.0 0.592862 0.504086 0.0 1.099316 -1.064746 -15.615999 -0.252183 0.039393 14.167834 125.0
2 4425.0 0.597606 0.479365 0.0 1.125591 -1.064746 -15.615999 -0.252183 0.039393 14.167834 125.0
3 4425.0 0.562633 0.49476 0.0 1.084749 -1.064746 -15.615999 -0.252183 0.039393 14.167834 125.0
4 4425.0 0.557729 0.487629 0.0 1.087532 -1.064746 -15.615999 -0.252183 0.039393 14.167834 125.0
5 4425.0 0.55217 0.479465 0.0 1.090762 -1.064746 -15.615999 -0.252183 0.039393 14.167834 125.0
6 4425.0 0.547071 0.509781 0.0 1.05909 -1.064746 -15.615999 -0.252183 0.039393 14.167834 125.0
7 4425.0 0.573497 0.506252 0.0 1.082528 -1.064746 -15.615999 -0.252183 0.039393 14.167834 125.0
8 4425.0 0.578798 0.524093 0.0 1.070235 -1.064746 -15.615999 -0.252183 0.039393 14.167834 125.0
9 4425.0 0.589615 0.523527 0.0 1.079023 -1.064746 -15.615999 -0.252183 0.039393 14.167834 125.0
10 4425.0 0.577346 0.500657 0.0 1.090595 -1.064746 -15.615999 -0.252183 0.039393 14.167834 125.0
11 4425.0 0.593694 0.514372 0.0 1.090529 -1.064746 -15.615999 -0.252183 0.039393 14.167834 125.0
12 4425.0 0.589687 0.535301 0.0 1.068291 -1.064746 -15.615999 -0.252183 0.039393 14.167834 125.0
13 4425.0 0.597324 0.552384 0.0 1.05848 -1.064746 -15.615999 -0.252183 0.039393 14.167834 125.0
14 4425.0 0.601483 0.558814 0.0 1.055769 -1.064746 -15.615999 -0.252183 0.039393 14.167834 125.0
15 4425.0 0.564584 0.553837 0.0 1.032119 -1.064746 -15.615999 -0.252183 0.039393 14.167834 125.0
16 4425.0 0.579934 0.564378 0.0 1.034197 -1.064746 -15.615999 -0.252183 0.039393 14.167834 125.0
17 4425.0 0.57805 0.566267 0.0 1.031026 -1.064746 -15.615999 -0.252183 0.039393 14.167834 125.0
18 4425.0 0.544168 0.609532 0.0 0.965486 -1.064746 -15.615999 -0.252183 0.039393 14.167834 125.0
19 4425.0 0.537558 0.581464 0.0 0.986146 -1.064746 -15.615999 -0.252183 0.039393 14.167834 125.0
20 4425.0 0.530201 0.586133 0.0 0.976244 -1.064746 -15.615999 -0.252183 0.039393 14.167834 125.0
21 4425.0 0.521476 0.576541 0.0 0.978362 -1.064746 -15.615999 -0.252183 0.039393 14.167834 125.0
22 4425.0 0.482795 0.586382 0.0 0.939773 -1.064746 -15.615999 -0.252183 0.039393 14.167834 125.0
23 4425.0 0.48979 0.596281 0.0 0.936052 -1.064746 -15.615999 -0.252183 0.039393 14.167834 125.0
24 4425.0 0.487854 0.587732 0.0 0.942404 -1.064746 -15.615999 -0.252183 0.039393 14.167834 125.0
25 4425.0 0.49078 0.5723 0.0 0.958779 -1.064746 -15.615999 -0.252183 0.039393 14.167834 125.0
26 4425.0 0.52102 0.529326 0.0 1.021268 -1.064746 -15.615999 -0.252183 0.039393 14.167834 125.0
27 4425.0 0.506119 0.510621 0.0 1.027012 -1.064746 -15.615999 -0.252183 0.039393 14.167834 125.0
28 4425.0 0.536127 0.509154 0.0 1.051298 -1.064746 -15.615999 -0.252183 0.039393 14.167834 125.0
29 4425.0 0.542332 0.518752 0.0 1.047248 -1.064746 -15.615999 -0.252183 0.039393 14.167834 125.0
30 4425.0 0.526012 0.555441 0.0 1.00116 -1.064746 -15.615999 -0.252183 0.039393 14.167834 125.0
31 4425.0 0.498822 0.563486 0.0 0.973002 -1.064746 -15.615999 -0.252183 0.039393 14.167834 125.0
32 4425.0 0.48473 0.529034 0.0 0.993791 -1.064746 -15.615999 -0.252183 0.039393 14.167834 125.0
33 4425.0 0.477269 0.544644 0.0 0.973786 -1.064746 -15.615999 -0.252183 0.039393 14.167834 125.0
34 4425.0 0.460725 0.542491 0.0 0.96311 -1.064746 -15.615999 -0.252183 0.039393 14.167834 125.0
35 4425.0 0.45814 0.554072 0.0 0.950524 -1.064746 -15.615999 -0.252183 0.039393 14.167834 125.0
36 4425.0 0.474508 0.542655 0.0 0.973497 -1.064746 -15.615999 -0.252183 0.039393 14.167834 125.0
37 4425.0 0.469135 0.558244 0.0 0.955108 -1.064746 -15.615999 -0.252183 0.039393 14.167834 125.0
38 4425.0 0.456221 0.566452 0.0 0.937716 -1.064746 -15.615999 -0.252183 0.039393 14.167834 125.0
39 4425.0 0.432105 0.541962 0.0 0.941714 -1.064746 -15.615999 -0.252183 0.039393 14.167834 125.0
40 4425.0 0.47114 0.533211 0.0 0.979573 -1.064746 -15.615999 -0.252183 0.039393 14.167834 125.0
41 4425.0 0.488105 0.525368 0.0 0.999729 -1.064746 -15.615999 -0.252183 0.039393 14.167834 125.0
42 4425.0 0.466298 0.517322 0.0 0.990429 -1.064746 -15.615999 -0.252183 0.039393 14.167834 125.0
43 4425.0 0.428656 0.520566 0.0 0.958678 -1.064746 -15.615999 -0.252183 0.039393 14.167834 125.0
44 4425.0 0.464234 0.497199 0.0 1.007286 -1.064746 -15.615999 -0.252183 0.039393 14.167834 125.0
45 4425.0 0.461027 0.535812 0.0 0.969459 -1.064746 -15.615999 -0.252183 0.039393 14.167834 125.0
46 4425.0 0.457163 0.524425 0.0 0.976937 -1.064746 -15.615999 -0.252183 0.039393 14.167834 125.0
47 4425.0 0.429837 0.508778 0.0 0.970381 -1.064746 -15.615999 -0.252183 0.039393 14.167834 125.0
48 4425.0 0.405175 0.482015 0.0 0.976044 -1.064746 -15.615999 -0.252183 0.039393 14.167834 125.0
49 4425.0 0.379844 0.525701 0.0 0.916655 -1.064746 -15.615999 -0.252183 0.039393 14.167834 125.0
50 4425.0 0.376687 0.566154 0.0 0.877182 -1.064746 -15.615999 -0.252183 0.039393 14.167834 125.0
51 4425.0 0.344527 0.542463 0.0 0.8743 -1.064746 -15.615999 -0.252183 0.039393 14.167834 125.0
52 4425.0 0.312972 0.555314 0.0 0.839383 -1.064746 -15.615999 -0.252183 0.039393 14.167834 125.0
53 4425.0 0.320629 0.573959 0.0 0.827174 -1.064746 -15.615999 -0.252183 0.039393 14.167834 125.0
54 4425.0 0.347203 0.539504 0.0 0.879055 -1.064746 -15.615999 -0.252183 0.039393 14.167834 125.0
55 4425.0 0.314211 0.51194 0.0 0.882686 -1.064746 -15.615999 -0.252183 0.039393 14.167834 125.0
56 4425.0 0.292689 0.518071 0.0 0.861528 -1.064746 -15.615999 -0.252183 0.039393 14.167834 125.0
57 4425.0 0.280025 0.497644 0.0 0.87259 -1.064746 -15.615999 -0.252183 0.039393 14.167834 125.0
58 4425.0 0.257734 0.503535 0.0 0.851756 -1.064746 -15.615999 -0.252183 0.039393 14.167834 125.0
59 4425.0 0.285642 0.49463 0.0 0.879495 -1.064746 -15.615999 -0.252183 0.039393 14.167834 125.0
60 4425.0 0.280184 0.506876 0.0 0.863669 -1.064746 -15.615999 -0.252183 0.039393 14.167834 125.0
61 4425.0 0.269309 0.498057 0.0 0.865024 -1.064746 -15.615999 -0.252183 0.039393 14.167834 125.0
62 4425.0 0.280527 0.488127 0.0 0.882563 -1.064746 -15.615999 -0.252183 0.039393 14.167834 125.0
63 4425.0 0.286575 0.507168 0.0 0.867887 -1.064746 -15.615999 -0.252183 0.039393 14.167834 125.0
64 4425.0 0.277176 0.525275 0.0 0.843552 -1.064746 -15.615999 -0.252183 0.039393 14.167834 125.0
65 4425.0 0.292221 0.533299 0.0 0.846301 -1.064746 -15.615999 -0.252183 0.039393 14.167834 125.0
66 4425.0 0.294422 0.517373 0.0 0.863431 -1.064746 -15.615999 -0.252183 0.039393 14.167834 125.0
67 4425.0 0.271827 0.511137 0.0 0.853613 -1.064746 -15.615999 -0.252183 0.039393 14.167834 125.0
68 4425.0 0.277013 0.507997 0.0 0.860339 -1.064746 -15.615999 -0.252183 0.039393 14.167834 125.0
69 4425.0 0.256589 0.511357 0.0 0.843069 -1.064746 -15.615999 -0.252183 0.039393 14.167834 125.0
70 4425.0 0.213784 0.501767 0.0 0.824236 -1.064746 -15.615999 -0.252183 0.039393 14.167834 125.0
71 4425.0 0.203493 0.504336 0.0 0.814772 -1.064746 -15.615999 -0.252183 0.039393 14.167834 125.0
72 4425.0 0.209059 0.532055 0.0 0.790407 -1.064746 -15.615999 -0.252183 0.039393 14.167834 125.0
73 4425.0 0.215855 0.529691 0.0 0.797333 -1.064746 -15.615999 -0.252183 0.039393 14.167834 125.0
74 4425.0 0.191309 0.579908 0.0 0.7301 -1.064746 -15.615999 -0.252183 0.039393 14.167834 125.0
75 4425.0 0.212271 0.558218 0.0 0.766049 -1.064746 -15.615999 -0.252183 0.039393 14.167834 125.0
76 4425.0 0.215723 0.534321 0.0 0.792556 -1.064746 -15.615999 -0.252183 0.039393 14.167834 125.0
77 4425.0 0.166503 0.515182 0.0 0.779117 -1.064746 -15.615999 -0.252183 0.039393 14.167834 125.0
78 4425.0 0.146655 0.513256 0.0 0.767831 -1.064746 -15.615999 -0.252183 0.039393 14.167834 125.0
79 4425.0 0.161104 0.512326 0.0 0.778409 -1.064746 -15.615999 -0.252183 0.039393 14.167834 125.0
80 4425.0 0.159819 0.485523 0.0 0.804701 -1.064746 -15.615999 -0.252183 0.039393 14.167834 125.0
81 4425.0 0.147651 0.480224 0.0 0.801953 -1.064746 -15.615999 -0.252183 0.039393 14.167834 125.0
82 4425.0 0.151176 0.517168 0.0 0.766884 -1.064746 -15.615999 -0.252183 0.039393 14.167834 125.0
83 4425.0 0.182397 0.490919 0.0 0.814292 -1.064746 -15.615999 -0.252183 0.039393 14.167834 125.0
84 4425.0 0.182175 0.486385 0.0 0.818736 -1.064746 -15.615999 -0.252183 0.039393 14.167834 125.0
85 4425.0 0.160869 0.523185 0.0 0.767253 -1.064746 -15.615999 -0.252183 0.039393 14.167834 125.0
86 4425.0 0.155147 0.522811 0.0 0.763817 -1.064746 -15.615999 -0.252183 0.039393 14.167834 125.0
87 4425.0 0.153231 0.505795 0.0 0.779773 -1.064746 -15.615999 -0.252183 0.039393 14.167834 125.0
88 4425.0 0.148183 0.500996 0.0 0.781268 -1.064746 -15.615999 -0.252183 0.039393 14.167834 125.0
89 4425.0 0.123275 0.525616 0.0 0.739719 -1.064746 -15.615999 -0.252183 0.039393 14.167834 125.0
90 4425.0 0.151349 0.535714 0.0 0.748214 -1.064746 -15.615999 -0.252183 0.039393 14.167834 125.0
91 4425.0 0.148189 0.550445 0.0 0.731186 -1.064746 -15.615999 -0.252183 0.039393 14.167834 125.0
92 4425.0 0.147132 0.541076 0.0 0.73997 -1.064746 -15.615999 -0.252183 0.039393 14.167834 125.0
93 4425.0 0.176925 0.54343 0.0 0.757455 -1.064746 -15.615999 -0.252183 0.039393 14.167834 125.0
94 4425.0 0.167771 0.560976 0.0 0.733578 -1.064746 -15.615999 -0.252183 0.039393 14.167834 125.0
95 4425.0 0.157365 0.543568 0.0 0.74427 -1.064746 -15.615999 -0.252183 0.039393 14.167834 125.0
96 4425.0 0.158896 0.547523 0.0 0.741286 -1.064746 -15.615999 -0.252183 0.039393 14.167834 125.0
97 4425.0 0.139722 0.538412 0.0 0.737727 -1.064746 -15.615999 -0.252183 0.039393 14.167834 125.0
98 4425.0 0.131007 0.519106 0.0 0.75147 -1.064746 -15.615999 -0.252183 0.039393 14.167834 125.0
99 4425.0 0.116481 0.518574 0.0 0.742321 -1.064746 -15.615999 -0.252183 0.039393 14.167834 125.0
100 4425.0 0.117556 0.544016 0.0 0.717268 -1.064746 -15.615999 -0.252183 0.039393 14.167834 125.0
101 4425.0 0.126504 0.560391 0.0 0.70665 -1.064746 -15.615999 -0.252183 0.039393 14.167834 125.0
102 4425.0 0.109133 0.538341 0.0 0.717399 -1.064746 -15.615999 -0.252183 0.039393 14.167834 125.0
103 4425.0 0.120123 0.537157 0.0 0.725928 -1.064746 -15.615999 -0.252183 0.039393 14.167834 125.0
104 4425.0 0.089047 0.526242 0.0 0.716259 -1.064746 -15.615999 -0.252183 0.039393 14.167834 125.0
105 4425.0 0.075002 0.507044 0.0 0.726338 -1.064746 -15.615999 -0.252183 0.039393 14.167834 125.0
106 4425.0 0.093697 0.52359 0.0 0.722046 -1.064746 -15.615999 -0.252183 0.039393 14.167834 125.0
107 4425.0 0.093079 0.510331 0.0 0.735064 -1.064746 -15.615999 -0.252183 0.039393 14.167834 125.0
108 4425.0 0.074735 0.479181 0.0 0.754381 -1.064746 -15.615999 -0.252183 0.039393 14.167834 125.0
109 4425.0 0.048145 0.508091 0.0 0.707366 -1.064746 -15.615999 -0.252183 0.039393 14.167834 125.0
110 4425.0 0.061025 0.505376 0.0 0.718706 -1.064746 -15.615999 -0.252183 0.039393 14.167834 125.0
111 4425.0 0.070385 0.466956 0.0 0.763863 -1.064746 -15.615999 -0.252183 0.039393 14.167834 125.0
112 4425.0 0.057504 0.482845 0.0 0.739178 -1.064746 -15.615999 -0.252183 0.039393 14.167834 125.0
113 4425.0 0.052915 0.50872 0.0 0.70991 -1.064746 -15.615999 -0.252183 0.039393 14.167834 125.0
114 4425.0 0.041282 0.492985 0.0 0.71809 -1.064746 -15.615999 -0.252183 0.039393 14.167834 125.0
115 4425.0 0.067906 0.502723 0.0 0.725982 -1.064746 -15.615999 -0.252183 0.039393 14.167834 125.0
116 4425.0 0.057676 0.499745 0.0 0.722176 -1.064746 -15.615999 -0.252183 0.039393 14.167834 125.0
117 4425.0 0.036991 0.52287 0.0 0.684958 -1.064746 -15.615999 -0.252183 0.039393 14.167834 125.0
118 4425.0 0.054428 0.532893 0.0 0.686434 -1.064746 -15.615999 -0.252183 0.039393 14.167834 125.0
119 4425.0 0.024336 0.5478 0.0 0.651267 -1.064746 -15.615999 -0.252183 0.039393 14.167834 125.0
120 4425.0 0.018593 0.537509 0.0 0.65786 -1.064746 -15.615999 -0.252183 0.039393 14.167834 125.0
121 4425.0 -0.014259 0.535604 0.0 0.637881 -1.064746 -15.615999 -0.252183 0.039393 14.167834 125.0
122 4425.0 -0.009094 0.504519 0.0 0.672811 -1.064746 -15.615999 -0.252183 0.039393 14.167834 125.0
123 4425.0 -0.009459 0.524626 0.0 0.652202 -1.064746 -15.615999 -0.252183 0.039393 14.167834 125.0
124 4425.0 -0.034848 0.556606 0.0 0.601363 -1.064746 -15.615999 -0.252183 0.039393 14.167834 125.0
125 4425.0 -0.044308 0.55536 0.0 0.594554 -1.064746 -15.615999 -0.252183 0.039393 14.167834 125.0
126 4425.0 -0.05126 0.562966 0.0 0.580435 -1.064746 -15.615999 -0.252183 0.039393 14.167834 125.0
127 4425.0 -0.047573 0.537481 0.0 0.610867 -1.064746 -15.615999 -0.252183 0.039393 14.167834 125.0
128 4425.0 -0.05709 0.54897 0.0 0.590388 -1.064746 -15.615999 -0.252183 0.039393 14.167834 125.0
129 4425.0 -0.062453 0.551476 0.0 0.58309 -1.064746 -15.615999 -0.252183 0.039393 14.167834 125.0
130 4425.0 -0.07139 0.53411 0.0 0.593974 -1.064746 -15.615999 -0.252183 0.039393 14.167834 125.0
131 4425.0 -0.036627 0.531953 0.0 0.6262 -1.064746 -15.615999 -0.252183 0.039393 14.167834 125.0
132 4425.0 -0.051109 0.521904 0.0 0.624484 -1.064746 -15.615999 -0.252183 0.039393 14.167834 125.0
133 4425.0 -0.06099 0.525874 0.0 0.611734 -1.064746 -15.615999 -0.252183 0.039393 14.167834 125.0
134 4425.0 -0.067789 0.507717 0.0 0.625303 -1.064746 -15.615999 -0.252183 0.039393 14.167834 125.0
135 4425.0 -0.050831 0.51137 0.0 0.635991 -1.064746 -15.615999 -0.252183 0.039393 14.167834 125.0
136 4425.0 -0.073741 0.525964 0.0 0.600662 -1.064746 -15.615999 -0.252183 0.039393 14.167834 125.0
137 4425.0 -0.075847 0.531202 0.0 0.593248 -1.064746 -15.615999 -0.252183 0.039393 14.167834 125.0
138 4425.0 -0.082198 0.52396 0.0 0.595528 -1.064746 -15.615999 -0.252183 0.039393 14.167834 125.0
139 4425.0 -0.096483 0.527332 0.0 0.579626 -1.064746 -15.615999 -0.252183 0.039393 14.167834 125.0
140 4425.0 -0.104253 0.520699 0.0 0.580032 -1.064746 -15.615999 -0.252183 0.039393 14.167834 125.0
141 4425.0 -0.146423 0.525851 0.0 0.538227 -1.064746 -15.615999 -0.252183 0.039393 14.167834 125.0
142 4425.0 -0.166981 0.53405 0.0 0.511764 -1.064746 -15.615999 -0.252183 0.039393 14.167834 125.0
143 4425.0 -0.194868 0.540543 0.0 0.476716 -1.064746 -15.615999 -0.252183 0.039393 14.167834 125.0
144 4425.0 -0.193996 0.508896 0.0 0.515417 -1.064746 -15.615999 -0.252183 0.039393 14.167834 125.0
145 4425.0 -0.207845 0.479154 0.0 0.53531 -1.064746 -15.615999 -0.252183 0.039393 14.167834 125.0
146 4425.0 -0.235544 0.476854 0.0 0.512541 -1.064746 -15.615999 -0.252183 0.039393 14.167834 125.0
147 4425.0 -0.243333 0.511395 0.0 0.463271 -1.064746 -15.615999 -0.252183 0.039393 14.167834 125.0
148 4425.0 -0.247518 0.500948 0.0 0.471633 -1.064746 -15.615999 -0.252183 0.039393 14.167834 125.0
149 4425.0 -0.283833 0.494696 0.0 0.442838 -1.064746 -15.615999 -0.252183 0.039393 14.167834 125.0
150 4425.0 -0.275323 0.470528 0.0 0.480369 -1.064746 -15.615999 -0.252183 0.039393 14.167834 125.0
151 4425.0 -0.247735 0.498054 0.0 0.474892 -1.064746 -15.615999 -0.252183 0.039393 14.167834 125.0
152 4425.0 -0.225469 0.510361 0.0 0.482372 -1.064746 -15.615999 -0.252183 0.039393 14.167834 125.0
153 4425.0 -0.224382 0.488174 0.0 0.510104 -1.064746 -15.615999 -0.252183 0.039393 14.167834 125.0
154 4425.0 -0.257989 0.484781 0.0 0.480582 -1.064746 -15.615999 -0.252183 0.039393 14.167834 125.0
155 4425.0 -0.262345 0.502071 0.0 0.455462 -1.064746 -15.615999 -0.252183 0.039393 14.167834 125.0
156 4425.0 -0.248741 0.488859 0.0 0.484929 -1.064746 -15.615999 -0.252183 0.039393 14.167834 125.0
157 4425.0 -0.235659 0.474042 0.0 0.515802 -1.064746 -15.615999 -0.252183 0.039393 14.167834 125.0
158 4425.0 -0.201505 0.475942 0.0 0.544202 -1.064746 -15.615999 -0.252183 0.039393 14.167834 125.0
159 4425.0 -0.192581 0.47949 0.0 0.548088 -1.064746 -15.615999 -0.252183 0.039393 14.167834 125.0
160 4425.0 -0.189685 0.439245 0.0 0.593625 -1.064746 -15.615999 -0.252183 0.039393 14.167834 125.0
161 4425.0 -0.19203 0.413092 0.0 0.619581 -1.064746 -15.615999 -0.252183 0.039393 14.167834 125.0
162 4425.0 -0.200656 0.460501 0.0 0.561448 -1.064746 -15.615999 -0.252183 0.039393 14.167834 125.0
163 4425.0 -0.19001 0.468218 0.0 0.562357 -1.064746 -15.615999 -0.252183 0.039393 14.167834 125.0
164 4425.0 -0.179607 0.474259 0.0 0.564849 -1.064746 -15.615999 -0.252183 0.039393 14.167834 125.0
165 4425.0 -0.179198 0.461846 0.0 0.578478 -1.064746 -15.615999 -0.252183 0.039393 14.167834 125.0
166 4425.0 -0.182588 0.483972 0.0 0.551894 -1.064746 -15.615999 -0.252183 0.039393 14.167834 125.0
167 4425.0 -0.173914 0.507308 0.0 0.534399 -1.064746 -15.615999 -0.252183 0.039393 14.167834 125.0
168 4425.0 -0.187831 0.509838 0.0 0.519715 -1.064746 -15.615999 -0.252183 0.039393 14.167834 125.0
169 4425.0 -0.180182 0.509314 0.0 0.52686 -1.064746 -15.615999 -0.252183 0.039393 14.167834 125.0
170 4425.0 -0.2026 0.527766 0.0 0.484331 -1.064746 -15.615999 -0.252183 0.039393 14.167834 125.0
171 4425.0 -0.211098 0.512057 0.0 0.494702 -1.064746 -15.615999 -0.252183 0.039393 14.167834 125.0
172 4425.0 -0.230114 0.500551 0.0 0.489509 -1.064746 -15.615999 -0.252183 0.039393 14.167834 125.0
173 4425.0 -0.205772 0.503023 0.0 0.510875 -1.064746 -15.615999 -0.252183 0.039393 14.167834 125.0
174 4425.0 -0.213978 0.501041 0.0 0.505052 -1.064746 -15.615999 -0.252183 0.039393 14.167834 125.0
175 4425.0 -0.24016 0.543614 0.0 0.427749 -1.064746 -15.615999 -0.252183 0.039393 14.167834 125.0
176 4425.0 -0.220179 0.544945 0.0 0.446125 -1.064746 -15.615999 -0.252183 0.039393 14.167834 125.0
177 4425.0 -0.216429 0.53244 0.0 0.464893 -1.064746 -15.615999 -0.252183 0.039393 14.167834 125.0
178 4425.0 -0.19794 0.541298 0.0 0.472738 -1.064746 -15.615999 -0.252183 0.039393 14.167834 125.0
179 4425.0 -0.221767 0.544991 0.0 0.444483 -1.064746 -15.615999 -0.252183 0.039393 14.167834 125.0
180 4425.0 -0.229219 0.566185 0.0 0.411581 -1.064746 -15.615999 -0.252183 0.039393 14.167834 125.0
181 4425.0 -0.24705 0.575856 0.0 0.382139 -1.064746 -15.615999 -0.252183 0.039393 14.167834 125.0
182 4425.0 -0.215071 0.555629 0.0 0.438402 -1.064746 -15.615999 -0.252183 0.039393 14.167834 125.0
183 4425.0 -0.208946 0.539127 0.0 0.464343 -1.064746 -15.615999 -0.252183 0.039393 14.167834 125.0
184 4425.0 -0.219292 0.534811 0.0 0.459183 -1.064746 -15.615999 -0.252183 0.039393 14.167834 125.0
185 4425.0 -0.207962 0.535354 0.0 0.469858 -1.064746 -15.615999 -0.252183 0.039393 14.167834 125.0
186 4425.0 -0.203762 0.560895 0.0 0.443383 -1.064746 -15.615999 -0.252183 0.039393 14.167834 125.0
187 4425.0 -0.205756 0.590981 0.0 0.405258 -1.064746 -15.615999 -0.252183 0.039393 14.167834 125.0
188 4425.0 -0.188237 0.564093 0.0 0.455062 -1.064746 -15.615999 -0.252183 0.039393 14.167834 125.0
189 4425.0 -0.18789 0.547361 0.0 0.475504 -1.064746 -15.615999 -0.252183 0.039393 14.167834 125.0
190 4425.0 -0.188034 0.537891 0.0 0.486734 -1.064746 -15.615999 -0.252183 0.039393 14.167834 125.0
191 4425.0 -0.185995 0.517165 0.0 0.51346 -1.064746 -15.615999 -0.252183 0.039393 14.167834 125.0
192 4425.0 -0.193903 0.512192 0.0 0.51173 -1.064746 -15.615999 -0.252183 0.039393 14.167834 125.0
193 4425.0 -0.16957 0.503951 0.0 0.54173 -1.064746 -15.615999 -0.252183 0.039393 14.167834 125.0
194 4425.0 -0.160307 0.47087 0.0 0.585085 -1.064746 -15.615999 -0.252183 0.039393 14.167834 125.0
195 4425.0 -0.136139 0.489332 0.0 0.586139 -1.064746 -15.615999 -0.252183 0.039393 14.167834 125.0
196 4425.0 -0.135834 0.485998 0.0 0.589967 -1.064746 -15.615999 -0.252183 0.039393 14.167834 125.0
197 4425.0 -0.159392 0.475882 0.0 0.580511 -1.064746 -15.615999 -0.252183 0.039393 14.167834 125.0
198 4425.0 -0.1425 0.499045 0.0 0.570276 -1.064746 -15.615999 -0.252183 0.039393 14.167834 125.0
199 4425.0 -0.119266 0.488176 0.0 0.601898 -1.064746 -15.615999 -0.252183 0.039393 14.167834 125.0
200 4425.0 -0.160804 0.465171 0.0 0.590752 -1.064746 -15.615999 -0.252183 0.039393 14.167834 125.0
201 4425.0 -0.153998 0.499766 0.0 0.559607 -1.064746 -15.615999 -0.252183 0.039393 14.167834 125.0
202 4425.0 -0.161022 0.549377 0.0 0.499944 -1.064746 -15.615999 -0.252183 0.039393 14.167834 125.0
203 4425.0 -0.157343 0.549518 0.0 0.503452 -1.064746 -15.615999 -0.252183 0.039393 14.167834 125.0
204 4425.0 -0.175342 0.555482 0.0 0.478295 -1.064746 -15.615999 -0.252183 0.039393 14.167834 125.0
205 4425.0 -0.148533 0.546527 0.0 0.514296 -1.064746 -15.615999 -0.252183 0.039393 14.167834 125.0
206 4425.0 -0.133565 0.510391 0.0 0.56583 -1.064746 -15.615999 -0.252183 0.039393 14.167834 125.0
207 4425.0 -0.121284 0.54643 0.0 0.537853 -1.064746 -15.615999 -0.252183 0.039393 14.167834 125.0
208 4425.0 -0.134532 0.522952 0.0 0.551563 -1.064746 -15.615999 -0.252183 0.039393 14.167834 125.0
209 4425.0 -0.10888 0.527 0.0 0.569311 -1.064746 -15.615999 -0.252183 0.039393 14.167834 125.0
210 4425.0 -0.109157 0.533779 0.0 0.561822 -1.064746 -15.615999 -0.252183 0.039393 14.167834 125.0
211 4425.0 -0.118867 0.500666 0.0 0.588883 -1.064746 -15.615999 -0.252183 0.039393 14.167834 125.0
212 4425.0 -0.12 0.503477 0.0 0.5849 -1.064746 -15.615999 -0.252183 0.039393 14.167834 125.0
213 4425.0 -0.130898 0.52797 0.0 0.549323 -1.064746 -15.615999 -0.252183 0.039393 14.167834 125.0
214 4425.0 -0.12788 0.526098 0.0 0.553923 -1.064746 -15.615999 -0.252183 0.039393 14.167834 125.0
215 4425.0 -0.15581 0.517522 0.0 0.539057 -1.064746 -15.615999 -0.252183 0.039393 14.167834 125.0
216 4425.0 -0.150022 0.535047 0.0 0.525294 -1.064746 -15.615999 -0.252183 0.039393 14.167834 125.0
217 4425.0 -0.18462 0.517673 0.0 0.5141 -1.064746 -15.615999 -0.252183 0.039393 14.167834 125.0
218 4425.0 -0.204294 0.555491 0.0 0.449341 -1.064746 -15.615999 -0.252183 0.039393 14.167834 125.0
219 4425.0 -0.227586 0.537013 0.0 0.448246 -1.064746 -15.615999 -0.252183 0.039393 14.167834 125.0
220 4425.0 -0.221354 0.526032 0.0 0.467665 -1.064746 -15.615999 -0.252183 0.039393 14.167834 125.0
221 4425.0 -0.242464 0.519892 0.0 0.453935 -1.064746 -15.615999 -0.252183 0.039393 14.167834 125.0
222 4425.0 -0.239046 0.508385 0.0 0.471172 -1.064746 -15.615999 -0.252183 0.039393 14.167834 125.0
223 4425.0 -0.247235 0.494958 0.0 0.47911 -1.064746 -15.615999 -0.252183 0.039393 14.167834 125.0
224 4425.0 -0.241208 0.523155 0.0 0.451272 -1.064746 -15.615999 -0.252183 0.039393 14.167834 125.0
225 4425.0 -0.248668 0.495897 0.0 0.47655 -1.064746 -15.615999 -0.252183 0.039393 14.167834 125.0
226 4425.0 -0.225262 0.499118 0.0 0.496081 -1.064746 -15.615999 -0.252183 0.039393 14.167834 125.0
227 4425.0 -0.226362 0.495264 0.0 0.49961 -1.064746 -15.615999 -0.252183 0.039393 14.167834 125.0
228 4425.0 -0.246141 0.506813 0.0 0.465967 -1.064746 -15.615999 -0.252183 0.039393 14.167834 125.0
229 4425.0 -0.266268 0.497704 0.0 0.456785 -1.064746 -15.615999 -0.252183 0.039393 14.167834 125.0
230 4425.0 -0.271457 0.511711 0.0 0.434775 -1.064746 -15.615999 -0.252183 0.039393 14.167834 125.0
231 4425.0 -0.273616 0.515349 0.0 0.428248 -1.064746 -15.615999 -0.252183 0.039393 14.167834 125.0
232 4425.0 -0.307315 0.531817 0.0 0.374781 -1.064746 -15.615999 -0.252183 0.039393 14.167834 125.0
233 4425.0 -0.288706 0.506363 0.0 0.423955 -1.064746 -15.615999 -0.252183 0.039393 14.167834 125.0
234 4425.0 -0.27684 0.522002 0.0 0.417035 -1.064746 -15.615999 -0.252183 0.039393 14.167834 125.0
235 4425.0 -0.267433 0.524231 0.0 0.423761 -1.064746 -15.615999 -0.252183 0.039393 14.167834 125.0
236 4425.0 -0.286887 0.523498 0.0 0.405193 -1.064746 -15.615999 -0.252183 0.039393 14.167834 125.0
237 4425.0 -0.327757 0.500975 0.0 0.391384 -1.064746 -15.615999 -0.252183 0.039393 14.167834 125.0
238 4425.0 -0.319253 0.506389 0.0 0.393385 -1.064746 -15.615999 -0.252183 0.039393 14.167834 125.0
239 4425.0 -0.338629 0.496992 0.0 0.385299 -1.064746 -15.615999 -0.252183 0.039393 14.167834 125.0
240 4425.0 -0.360246 0.476709 0.0 0.388047 -1.064746 -15.615999 -0.252183 0.039393 14.167834 125.0
241 4425.0 -0.319939 0.479206 0.0 0.425345 -1.064746 -15.615999 -0.252183 0.039393 14.167834 125.0
242 4425.0 -0.308951 0.494023 0.0 0.418535 -1.064746 -15.615999 -0.252183 0.039393 14.167834 125.0
243 4425.0 -0.272775 0.525776 0.0 0.416566 -1.064746 -15.615999 -0.252183 0.039393 14.167834 125.0
244 4425.0 -0.25426 0.532838 0.0 0.426595 -1.064746 -15.615999 -0.252183 0.039393 14.167834 125.0
245 4425.0 -0.248853 0.5328 0.0 0.432046 -1.064746 -15.615999 -0.252183 0.039393 14.167834 125.0
246 4425.0 -0.261082 0.538466 0.0 0.413015 -1.064746 -15.615999 -0.252183 0.039393 14.167834 125.0
247 4425.0 -0.281782 0.562584 0.0 0.363356 -1.064746 -15.615999 -0.252183 0.039393 14.167834 125.0
248 4425.0 -0.26188 0.547362 0.0 0.401533 -1.064746 -15.615999 -0.252183 0.039393 14.167834 125.0
249 4425.0 -0.268426 0.547295 0.0 0.39507 -1.064746 -15.615999 -0.252183 0.039393 14.167834 125.0
250 4425.0 -0.289364 0.540596 0.0 0.382184 -1.064746 -15.615999 -0.252183 0.039393 14.167834 125.0
251 4425.0 -0.305053 0.524627 0.0 0.385677 -1.064746 -15.615999 -0.252183 0.039393 14.167834 125.0
252 4425.0 -0.295986 0.551907 0.0 0.361979 -1.064746 -15.615999 -0.252183 0.039393 14.167834 125.0
253 4425.0 -0.301567 0.52965 0.0 0.383129 -1.064746 -15.615999 -0.252183 0.039393 14.167834 125.0
254 4425.0 -0.299983 0.537451 0.0 0.375345 -1.064746 -15.615999 -0.252183 0.039393 14.167834 125.0
255 4425.0 -0.327463 0.510733 0.0 0.37996 -1.064746 -15.615999 -0.252183 0.039393 14.167834 125.0
256 4425.0 -0.346007 0.510934 0.0 0.361179 -1.064746 -15.615999 -0.252183 0.039393 14.167834 125.0
257 4425.0 -0.358645 0.510439 0.0 0.349139 -1.064746 -15.615999 -0.252183 0.039393 14.167834 125.0
258 4425.0 -0.360671 0.496109 0.0 0.364324 -1.064746 -15.615999 -0.252183 0.039393 14.167834 125.0
259 4425.0 -0.340707 0.502824 0.0 0.376218 -1.064746 -15.615999 -0.252183 0.039393 14.167834 125.0
260 4425.0 -0.327958 0.535835 0.0 0.349317 -1.064746 -15.615999 -0.252183 0.039393 14.167834 125.0
261 4425.0 -0.32632 0.518639 0.0 0.371607 -1.064746 -15.615999 -0.252183 0.039393 14.167834 125.0
262 4425.0 -0.323356 0.491466 0.0 0.407204 -1.064746 -15.615999 -0.252183 0.039393 14.167834 125.0
263 4425.0 -0.330465 0.520504 0.0 0.365224 -1.064746 -15.615999 -0.252183 0.039393 14.167834 125.0
264 4425.0 -0.354721 0.52437 0.0 0.336332 -1.064746 -15.615999 -0.252183 0.039393 14.167834 125.0
265 4425.0 -0.321836 0.530445 0.0 0.361911 -1.064746 -15.615999 -0.252183 0.039393 14.167834 125.0
266 4425.0 -0.342829 0.537985 0.0 0.331869 -1.064746 -15.615999 -0.252183 0.039393 14.167834 125.0
267 4425.0 -0.372036 0.542101 0.0 0.297727 -1.064746 -15.615999 -0.252183 0.039393 14.167834 125.0
268 4425.0 -0.382988 0.547908 0.0 0.279805 -1.064746 -15.615999 -0.252183 0.039393 14.167834 125.0
269 4425.0 -0.406905 0.531837 0.0 0.275195 -1.064746 -15.615999 -0.252183 0.039393 14.167834 125.0
270 4425.0 -0.430819 0.54333 0.0 0.237486 -1.064746 -15.615999 -0.252183 0.039393 14.167834 125.0
271 4425.0 -0.420168 0.545591 0.0 0.245417 -1.064746 -15.615999 -0.252183 0.039393 14.167834 125.0
272 4425.0 -0.411109 0.572515 0.0 0.222139 -1.064746 -15.615999 -0.252183 0.039393 14.167834 125.0
273 4425.0 -0.44578 0.566763 0.0 0.194387 -1.064746 -15.615999 -0.252183 0.039393 14.167834 125.0
274 4425.0 -0.471955 0.542806 0.0 0.19699 -1.064746 -15.615999 -0.252183 0.039393 14.167834 125.0
275 4425.0 -0.478713 0.508796 0.0 0.231078 -1.064746 -15.615999 -0.252183 0.039393 14.167834 125.0
276 4425.0 -0.459787 0.556855 0.0 0.192282 -1.064746 -15.615999 -0.252183 0.039393 14.167834 125.0
277 4425.0 -0.460962 0.575272 0.0 0.168989 -1.064746 -15.615999 -0.252183 0.039393 14.167834 125.0
278 4425.0 -0.464313 0.532473 0.0 0.217039 -1.064746 -15.615999 -0.252183 0.039393 14.167834 125.0
279 4425.0 -0.48467 0.505998 0.0 0.228484 -1.064746 -15.615999 -0.252183 0.039393 14.167834 125.0
280 4425.0 -0.498882 0.531467 0.0 0.183689 -1.064746 -15.615999 -0.252183 0.039393 14.167834 125.0
281 4425.0 -0.465887 0.572745 0.0 0.1671 -1.064746 -15.615999 -0.252183 0.039393 14.167834 125.0
282 4425.0 -0.505521 0.55439 0.0 0.149522 -1.064746 -15.615999 -0.252183 0.039393 14.167834 125.0
283 4425.0 -0.508619 0.561045 0.0 0.138432 -1.064746 -15.615999 -0.252183 0.039393 14.167834 125.0
284 4425.0 -0.521153 0.576829 0.0 0.106946 -1.064746 -15.615999 -0.252183 0.039393 14.167834 125.0
285 4425.0 -0.553283 0.559094 0.0 0.096123 -1.064746 -15.615999 -0.252183 0.039393 14.167834 125.0
286 4425.0 -0.566905 0.563688 0.0 0.076989 -1.064746 -15.615999 -0.252183 0.039393 14.167834 125.0
287 4425.0 -0.597498 0.566971 0.0 0.042461 -1.064746 -15.615999 -0.252183 0.039393 14.167834 125.0
