 time p.x p.y p.z deep.node-0 CV opes.bias opes.rct opes.zed opes.neff opes.nker
0 11025.0 0.384325 0.443334 0.0 0.999196 -1.95366 -12.508858 -0.343798 0.035426 14.167834 139.0
1 11025.0 0.37365 0.442178 0.0 0.992805 -1.95366 -12.508858 -0.343798 0.035426 14.167834 139.0
2 11025.0 0.371538 0.463887 0.0 0.970081 -1.95366 -12.508858 -0.343798 0.035426 14.167834 139.0
3 11025.0 0.355281 0.473111 0.0 0.949605 -1.95366 -12.508858 -0.343798 0.035426 14.167834 139.0
4 11025.0 0.348219 0.480548 0.0 0.937354 -1.95366 -12.508858 -0.343798 0.035426 14.167834 139.0
5 11025.0 0.331395 0.483521 0.0 0.922594 -1.95366 -12.508858 -0.343798 0.035426 14.167834 139.0
6 11025.0 0.341317 0.476614 0.0 0.93634 -1.95366 -12.508858 -0.343798 0.035426 14.167834 139.0
7 11025.0 0.332907 0.467699 0.0 0.939138 -1.95366 -12.508858 -0.343798 0.035426 14.167834 139.0
8 11025.0 0.325958 0.452962 0.0 0.948659 -1.95366 -12.508858 -0.343798 0.035426 14.167834 139.0
9 11025.0 0.324863 0.473868 0.0 0.927436 -1.95366 -12.508858 -0.343798 0.035426 14.167834 139.0
10 11025.0 0.303996 0.510475 0.0 0.876924 -1.95366 -12.508858 -0.343798 0.035426 14.167834 139.0
11 11025.0 0.292797 0.513157 0.0 0.86641 -1.95366 -12.508858 -0.343798 0.035426 14.167834 139.0
12 11025.0 0.291023 0.501666 0.0 0.876402 -1.95366 -12.508858 -0.343798 0.035426 14.167834 139.0
13 11025.0 0.304636 0.497211 0.0 0.890351 -1.95366 -12.508858 -0.343798 0.035426 14.167834 139.0
14 11025.0 0.308676 0.516289 0.0 0.874533 -1.95366 -12.508858 -0.343798 0.035426 14.167834 139.0
15 11025.0 0.313946 0.487893 0.0 0.906025 -1.95366 -12.508858 -0.343798 0.035426 14.167834 139.0
16 11025.0 0.288738 0.486048 0.0 0.890145 -1.95366 -12.508858 -0.343798 0.035426 14.167834 139.0
17 11025.0 0.289191 0.501895 0.0 0.874888 -1.95366 -12.508858 -0.343798 0.035426 14.167834 139.0
18 11025.0 0.298495 0.514011 0.0 0.86959 -1.95366 -12.508858 -0.343798 0.035426 14.167834 139.0
19 11025.0 0.311272 0.519052 0.0 0.873659 -1.95366 -12.508858 -0.343798 0.035426 14.167834 139.0
20 11025.0 0.316105 0.501973 0.0 0.893771 -1.95366 -12.508858 -0.343798 0.035426 14.167834 139.0
21 11025.0 0.335044 0.510009 0.0 0.899252 -1.95366 -12.508858 -0.343798 0.035426 14.167834 139.0
22 11025.0 0.331954 0.496543 0.0 0.910249 -1.95366 -12.508858 -0.343798 0.035426 14.167834 139.0
23 11025.0 0.31894 0.501069 0.0 0.896653 -1.95366 -12.508858 -0.343798 0.035426 14.167834 139.0
24 11025.0 0.309439 0.495549 0.0 0.89536 -1.95366 -12.508858 -0.343798 0.035426 14.167834 139.0
25 11025.0 0.279221 0.513727 0.0 0.856289 -1.95366 -12.508858 -0.343798 0.035426 14.167834 139.0
26 11025.0 0.26362 0.535954 0.0 0.823555 -1.95366 -12.508858 -0.343798 0.035426 14.167834 139.0
27 11025.0 0.256321 0.532162 0.0 0.822122 -1.95366 -12.508858 -0.343798 0.035426 14.167834 139.0
28 11025.0 0.270317 0.522961 0.0 0.840984 -1.95366 -12.508858 -0.343798 0.035426 14.167834 139.0
29 11025.0 0.269735 0.502431 0.0 0.860878 -1.95366 -12.508858 -0.343798 0.035426 14.167834 139.0
30 11025.0 0.278748 0.495202 0.0 0.874211 -1.95366 -12.508858 -0.343798 0.035426 14.167834 139.0
31 11025.0 0.286482 0.492698 0.0 0.881976 -1.95366 -12.508858 -0.343798 0.035426 14.167834 139.0
32 11025.0 0.27745 0.48636 0.0 0.8823 -1.95366 -12.508858 -0.343798 0.035426 14.167834 139.0
33 11025.0 0.270322 0.508631 0.0 0.855006 -1.95366 -12.508858 -0.343798 0.035426 14.167834 139.0
34 11025.0 0.265032 0.523335 0.0 0.836894 -1.95366 -12.508858 -0.343798 0.035426 14.167834 139.0
35 11025.0 0.286904 0.513373 0.0 0.862048 -1.95366 -12.508858 -0.343798 0.035426 14.167834 139.0
36 11025.0 0.281688 0.507325 0.0 0.864289 -1.95366 -12.508858 -0.343798 0.035426 14.167834 139.0
37 11025.0 0.280426 0.519275 0.0 0.85171 -1.95366 -12.508858 -0.343798 0.035426 14.167834 139.0
38 11025.0 0.279795 0.502204 0.0 0.867966 -1.95366 -12.508858 -0.343798 0.035426 14.167834 139.0
39 11025.0 0.265388 0.507576 0.0 0.852768 -1.95366 -12.508858 -0.343798 0.035426 14.167834 139.0
40 11025.0 0.288484 0.509985 0.0 0.866475 -1.95366 -12.508858 -0.343798 0.035426 14.167834 139.0
41 11025.0 0.252952 0.502602 0.0 0.849512 -1.95366 -12.508858 -0.343798 0.035426 14.167834 139.0
42 11025.0 0.274319 0.502008 0.0 0.864363 -1.95366 -12.508858 -0.343798 0.035426 14.167834 139.0
43 11025.0 0.2515 0.501987 0.0 0.849167 -1.95366 -12.508858 -0.343798 0.035426 14.167834 139.0
44 11025.0 0.223862 0.493733 0.0 0.839095 -1.95366 -12.508858 -0.343798 0.035426 14.167834 139.0
45 11025.0 0.218255 0.489544 0.0 0.839599 -1.95366 -12.508858 -0.343798 0.035426 14.167834 139.0
46 11025.0 0.187565 0.513201 0.0 0.795169 -1.95366 -12.508858 -0.343798 0.035426 14.167834 139.0
47 11025.0 0.172158 0.519448 0.0 0.778567 -1.95366 -12.508858 -0.343798 0.035426 14.167834 139.0
48 11025.0 0.163729 0.507371 0.0 0.785179 -1.95366 -12.508858 -0.343798 0.035426 14.167834 139.0
49 11025.0 0.153279 0.516268 0.0 0.769197 -1.95366 -12.508858 -0.343798 0.035426 14.167834 139.0
50 11025.0 0.134056 0.502501 0.0 0.770323 -1.95366 -12.508858 -0.343798 0.035426 14.167834 139.0
51 11025.0 0.110917 0.501626 0.0 0.755777 -1.95366 -12.508858 -0.343798 0.035426 14.167834 139.0
52 11025.0 0.103673 0.518211 0.0 0.734148 -1.95366 -12.508858 -0.343798 0.035426 14.167834 139.0
53 11025.0 0.085644 0.538617 0.0 0.701454 -1.95366 -12.508858 -0.343798 0.035426 14.167834 139.0
54 11025.0 0.10886 0.504099 0.0 0.7519 -1.95366 -12.508858 -0.343798 0.035426 14.167834 139.0
55 11025.0 0.125398 0.522094 0.0 0.744703 -1.95366 -12.508858 -0.343798 0.035426 14.167834 139.0
56 11025.0 0.124659 0.545855 0.0 0.720143 -1.95366 -12.508858 -0.343798 0.035426 14.167834 139.0
57 11025.0 0.108701 0.52935 0.0 0.726219 -1.95366 -12.508858 -0.343798 0.035426 14.167834 139.0
58 11025.0 0.109706 0.484219 0.0 0.7726 -1.95366 -12.508858 -0.343798 0.035426 14.167834 139.0
59 11025.0 0.090625 0.486796 0.0 0.757265 -1.95366 -12.508858 -0.343798 0.035426 14.167834 139.0
60 11025.0 0.108336 0.493555 0.0 0.76223 -1.95366 -12.508858 -0.343798 0.035426 14.167834 139.0
61 11025.0 0.111235 0.49379 0.0 0.763926 -1.95366 -12.508858 -0.343798 0.035426 14.167834 139.0
62 11025.0 0.110153 0.515638 0.0 0.741076 -1.95366 -12.508858 -0.343798 0.035426 14.167834 139.0
63 11025.0 0.069245 0.499819 0.0 0.729816 -1.95366 -12.508858 -0.343798 0.035426 14.167834 139.0
64 11025.0 0.08397 0.5176 0.0 0.721626 -1.95366 -12.508858 -0.343798 0.035426 14.167834 139.0
65 11025.0 0.101471 0.514145 0.0 0.736797 -1.95366 -12.508858 -0.343798 0.035426 14.167834 139.0
66 11025.0 0.090961 0.527246 0.0 0.716519 -1.95366 -12.508858 -0.343798 0.035426 14.167834 139.0
67 11025.0 0.043781 0.525896 0.0 0.686422 -1.95366 -12.508858 -0.343798 0.035426 14.167834 139.0
68 11025.0 0.030163 0.52423 0.0 0.679027 -1.95366 -12.508858 -0.343798 0.035426 14.167834 139.0
69 11025.0 0.034708 0.521488 0.0 0.684835 -1.95366 -12.508858 -0.343798 0.035426 14.167834 139.0
70 11025.0 0.009811 0.504838 0.0 0.685096 -1.95366 -12.508858 -0.343798 0.035426 14.167834 139.0
71 11025.0 -0.002494 0.526907 0.0 0.654537 -1.95366 -12.508858 -0.343798 0.035426 14.167834 139.0
72 11025.0 0.012271 0.543919 0.0 0.647152 -1.95366 -12.508858 -0.343798 0.035426 14.167834 139.0
73 11025.0 -0.009396 0.53273 0.0 0.644035 -1.95366 -12.508858 -0.343798 0.035426 14.167834 139.0
74 11025.0 -0.002645 0.524465 0.0 0.656909 -1.95366 -12.508858 -0.343798 0.035426 14.167834 139.0
75 11025.0 -0.021682 0.520265 0.0 0.648467 -1.95366 -12.508858 -0.343798 0.035426 14.167834 139.0
76 11025.0 -0.039268 0.489009 0.0 0.668398 -1.95366 -12.508858 -0.343798 0.035426 14.167834 139.0
77 11025.0 -0.040004 0.50725 0.0 0.649431 -1.95366 -12.508858 -0.343798 0.035426 14.167834 139.0
78 11025.0 -0.03237 0.512514 0.0 0.64919 -1.95366 -12.508858 -0.343798 0.035426 14.167834 139.0
79 11025.0 -0.047846 0.50274 0.0 0.64779 -1.95366 -12.508858 -0.343798 0.035426 14.167834 139.0
80 11025.0 -0.065122 0.497675 0.0 0.638339 -1.95366 -12.508858 -0.343798 0.035426 14.167834 139.0
81 11025.0 -0.099509 0.506644 0.0 0.599149 -1.95366 -12.508858 -0.343798 0.035426 14.167834 139.0
82 11025.0 -0.11623 0.48289 0.0 0.610165 -1.95366 -12.508858 -0.343798 0.035426 14.167834 139.0
83 11025.0 -0.143346 0.482444 0.0 0.587303 -1.95366 -12.508858 -0.343798 0.035426 14.167834 139.0
84 11025.0 -0.156569 0.488985 0.0 0.568926 -1.95366 -12.508858 -0.343798 0.035426 14.167834 139.0
85 11025.0 -0.16586 0.49805 0.0 0.551234 -1.95366 -12.508858 -0.343798 0.035426 14.167834 139.0
86 11025.0 -0.189346 0.518862 0.0 0.508275 -1.95366 -12.508858 -0.343798 0.035426 14.167834 139.0
87 11025.0 -0.19605 0.517605 0.0 0.503082 -1.95366 -12.508858 -0.343798 0.035426 14.167834 139.0
88 11025.0 -0.18677 0.52163 0.0 0.507526 -1.95366 -12.508858 -0.343798 0.035426 14.167834 139.0
89 11025.0 -0.195357 0.528813 0.0 0.490314 -1.95366 -12.508858 -0.343798 0.035426 14.167834 139.0
90 11025.0 -0.173576 0.521431 0.0 0.519584 -1.95366 -12.508858 -0.343798 0.035426 14.167834 139.0
91 11025.0 -0.15846 0.509697 0.0 0.545146 -1.95366 -12.508858 -0.343798 0.035426 14.167834 139.0
92 11025.0 -0.178591 0.490273 0.0 0.548595 -1.95366 -12.508858 -0.343798 0.035426 14.167834 139.0
93 11025.0 -0.194408 0.490268 0.0 0.534987 -1.95366 -12.508858 -0.343798 0.035426 14.167834 139.0
94 11025.0 -0.213766 0.490843 0.0 0.517512 -1.95366 -12.508858 -0.343798 0.035426 14.167834 139.0
95 11025.0 -0.229406 0.480397 0.0 0.514422 -1.95366 -12.508858 -0.343798 0.035426 14.167834 139.0
96 11025.0 -0.235039 0.50115 0.0 0.483867 -1.95366 -12.508858 -0.343798 0.035426 14.167834 139.0
97 11025.0 -0.22765 0.522838 0.0 0.465206 -1.95366 -12.508858 -0.343798 0.035426 14.167834 139.0
98 11025.0 -0.213922 0.51493 0.0 0.488428 -1.95366 -12.508858 -0.343798 0.035426 14.167834 139.0
99 11025.0 -0.2237 0.526491 0.0 0.464768 -1.95366 -12.508858 -0.343798 0.035426 14.167834 139.0
100 11025.0 -0.197122 0.546836 0.0 0.466906 -1.95366 -12.508858 -0.343798 0.035426 14.167834 139.0
101 11025.0 -0.198581 0.49651 0.0 0.524719 -1.95366 -12.508858 -0.343798 0.035426 14.167834 139.0
102 11025.0 -0.185024 0.492481 0.0 0.540697 -1.95366 -12.508858 -0.343798 0.035426 14.167834 139.0
103 11025.0 -0.181613 0.512889 0.0 0.521804 -1.95366 -12.508858 -0.343798 0.035426 14.167834 139.0
104 11025.0 -0.198212 0.510949 0.0 0.508915 -1.95366 -12.508858 -0.343798 0.035426 14.167834 139.0
105 11025.0 -0.20239 0.524168 0.0 0.488862 -1.95366 -12.508858 -0.343798 0.035426 14.167834 139.0
106 11025.0 -0.209947 0.535277 0.0 0.467966 -1.95366 -12.508858 -0.343798 0.035426 14.167834 139.0
107 11025.0 -0.197781 0.530035 0.0 0.486424 -1.95366 -12.508858 -0.343798 0.035426 14.167834 139.0
108 11025.0 -0.226935 0.53133 0.0 0.455723 -1.95366 -12.508858 -0.343798 0.035426 14.167834 139.0
109 11025.0 -0.22338 0.538837 0.0 0.450261 -1.95366 -12.508858 -0.343798 0.035426 14.167834 139.0
110 11025.0 -0.241506 0.547022 0.0 0.42231 -1.95366 -12.508858 -0.343798 0.035426 14.167834 139.0
111 11025.0 -0.260147 0.536604 0.0 0.416187 -1.95366 -12.508858 -0.343798 0.035426 14.167834 139.0
112 11025.0 -0.251207 0.526881 0.0 0.436801 -1.95366 -12.508858 -0.343798 0.035426 14.167834 139.0
113 11025.0 -0.229268 0.511966 0.0 0.476647 -1.95366 -12.508858 -0.343798 0.035426 14.167834 139.0
114 11025.0 -0.228225 0.503501 0.0 0.487856 -1.95366 -12.508858 -0.343798 0.035426 14.167834 139.0
115 11025.0 -0.232337 0.509181 0.0 0.476923 -1.95366 -12.508858 -0.343798 0.035426 14.167834 139.0
116 11025.0 -0.257907 0.52883 0.0 0.427762 -1.95366 -12.508858 -0.343798 0.035426 14.167834 139.0
117 11025.0 -0.274486 0.520027 0.0 0.42176 -1.95366 -12.508858 -0.343798 0.035426 14.167834 139.0
118 11025.0 -0.279206 0.517489 0.0 0.42009 -1.95366 -12.508858 -0.343798 0.035426 14.167834 139.0
119 11025.0 -0.286678 0.526504 0.0 0.401792 -1.95366 -12.508858 -0.343798 0.035426 14.167834 139.0
120 11025.0 -0.274163 0.541175 0.0 0.396684 -1.95366 -12.508858 -0.343798 0.035426 14.167834 139.0
121 11025.0 -0.280021 0.538399 0.0 0.394162 -1.95366 -12.508858 -0.343798 0.035426 14.167834 139.0
122 11025.0 -0.288955 0.554233 0.0 0.366215 -1.95366 -12.508858 -0.343798 0.035426 14.167834 139.0
123 11025.0 -0.322426 0.518722 0.0 0.375401 -1.95366 -12.508858 -0.343798 0.035426 14.167834 139.0
124 11025.0 -0.329574 0.515477 0.0 0.372152 -1.95366 -12.508858 -0.343798 0.035426 14.167834 139.0
125 11025.0 -0.34276 0.500995 0.0 0.376362 -1.95366 -12.508858 -0.343798 0.035426 14.167834 139.0
126 11025.0 -0.34567 0.524416 0.0 0.345325 -1.95366 -12.508858 -0.343798 0.035426 14.167834 139.0
127 11025.0 -0.373238 0.50342 0.0 0.342981 -1.95366 -12.508858 -0.343798 0.035426 14.167834 139.0
128 11025.0 -0.401041 0.525563 0.0 0.288593 -1.95366 -12.508858 -0.343798 0.035426 14.167834 139.0
129 11025.0 -0.393579 0.495146 0.0 0.332582 -1.95366 -12.508858 -0.343798 0.035426 14.167834 139.0
130 11025.0 -0.396002 0.502824 0.0 0.320939 -1.95366 -12.508858 -0.343798 0.035426 14.167834 139.0
131 11025.0 -0.382484 0.514591 0.0 0.320321 -1.95366 -12.508858 -0.343798 0.035426 14.167834 139.0
132 11025.0 -0.383865 0.525253 0.0 0.306136 -1.95366 -12.508858 -0.343798 0.035426 14.167834 139.0
133 11025.0 -0.382963 0.537877 0.0 0.291877 -1.95366 -12.508858 -0.343798 0.035426 14.167834 139.0
134 11025.0 -0.392475 0.510822 0.0 0.314859 -1.95366 -12.508858 -0.343798 0.035426 14.167834 139.0
135 11025.0 -0.395058 0.501064 0.0 0.323997 -1.95366 -12.508858 -0.343798 0.035426 14.167834 139.0
136 11025.0 -0.405219 0.509652 0.0 0.303524 -1.95366 -12.508858 -0.343798 0.035426 14.167834 139.0
137 11025.0 -0.411994 0.526571 0.0 0.276431 -1.95366 -12.508858 -0.343798 0.035426 14.167834 139.0
138 11025.0 -0.40363 0.546669 0.0 0.260656 -1.95366 -12.508858 -0.343798 0.035426 14.167834 139.0
139 11025.0 -0.392301 0.555982 0.0 0.260797 -1.95366 -12.508858 -0.343798 0.035426 14.167834 139.0
140 11025.0 -0.405031 0.573593 0.0 0.226921 -1.95366 -12.508858 -0.343798 0.035426 14.167834 139.0
141 11025.0 -0.447652 0.579298 0.0 0.17746 -1.95366 -12.508858 -0.343798 0.035426 14.167834 139.0
142 11025.0 -0.477482 0.575161 0.0 0.152607 -1.95366 -12.508858 -0.343798 0.035426 14.167834 139.0
143 11025.0 -0.45676 0.548932 0.0 0.204823 -1.95366 -12.508858 -0.343798 0.035426 14.167834 139.0
144 11025.0 -0.463478 0.555288 0.0 0.190474 -1.95366 -12.508858 -0.343798 0.035426 14.167834 139.0
145 11025.0 -0.484489 0.569604 0.0 0.152276 -1.95366 -12.508858 -0.343798 0.035426 14.167834 139.0
146 11025.0 -0.480491 0.549775 0.0 0.180087 -1.95366 -12.508858 -0.343798 0.035426 14.167834 139.0
147 11025.0 -0.48957 0.563873 0.0 0.154079 -1.95366 -12.508858 -0.343798 0.035426 14.167834 139.0
148 11025.0 -0.492254 0.572728 0.0 0.140761 -1.95366 -12.508858 -0.343798 0.035426 14.167834 139.0
149 11025.0 -0.492264 0.558287 0.0 0.158095 -1.95366 -12.508858 -0.343798 0.035426 14.167834 139.0
150 11025.0 -0.505717 0.538026 0.0 0.168979 -1.95366 -12.508858 -0.343798 0.035426 14.167834 139.0
151 11025.0 -0.500284 0.545726 0.0 0.165162 -1.95366 -12.508858 -0.343798 0.035426 14.167834 139.0
152 11025.0 -0.500929 0.54328 0.0 0.167455 -1.95366 -12.508858 -0.343798 0.035426 14.167834 139.0
153 11025.0 -0.526419 0.541706 0.0 0.143863 -1.95366 -12.508858 -0.343798 0.035426 14.167834 139.0
154 11025.0 -0.488507 0.552975 0.0 0.168229 -1.95366 -12.508858 -0.343798 0.035426 14.167834 139.0
155 11025.0 -0.496402 0.554318 0.0 0.158724 -1.95366 -12.508858 -0.343798 0.035426 14.167834 139.0
156 11025.0 -0.515589 0.558544 0.0 0.134468 -1.95366 -12.508858 -0.343798 0.035426 14.167834 139.0
157 11025.0 -0.499141 0.5458 0.0 0.166216 -1.95366 -12.508858 -0.343798 0.035426 14.167834 139.0
158 11025.0 -0.493224 0.570954 0.0 0.141921 -1.95366 -12.508858 -0.343798 0.035426 14.167834 139.0
159 11025.0 -0.494783 0.575646 0.0 0.134729 -1.95366 -12.508858 -0.343798 0.035426 14.167834 139.0
160 11025.0 -0.503465 0.590932 0.0 0.107692 -1.95366 -12.508858 -0.343798 0.035426 14.167834 139.0
161 11025.0 -0.489114 0.582601 0.0 0.132043 -1.95366 -12.508858 -0.343798 0.035426 14.167834 139.0
162 11025.0 -0.493399 0.59902 0.0 0.108042 -1.95366 -12.508858 -0.343798 0.035426 14.167834 139.0
163 11025.0 -0.501291 0.59297 0.0 0.107417 -1.95366 -12.508858 -0.343798 0.035426 14.167834 139.0
164 11025.0 -0.540432 0.591887 0.0 0.069589 -1.95366 -12.508858 -0.343798 0.035426 14.167834 139.0
165 11025.0 -0.574379 0.596423 0.0 0.030203 -1.95366 -12.508858 -0.343798 0.035426 14.167834 139.0
166 11025.0 -0.573569 0.58444 0.0 0.045404 -1.95366 -12.508858 -0.343798 0.035426 14.167834 139.0
167 11025.0 -0.581482 0.609836 0.0 0.006994 -1.95366 -12.508858 -0.343798 0.035426 14.167834 139.0
168 11025.0 -0.569541 0.604939 0.0 0.024812 -1.95366 -12.508858 -0.343798 0.035426 14.167834 139.0
169 11025.0 -0.565362 0.596529 0.0 0.03909 -1.95366 -12.508858 -0.343798 0.035426 14.167834 139.0
170 11025.0 -0.580714 0.56231 0.0 0.064839 -1.95366 -12.508858 -0.343798 0.035426 14.167834 139.0
171 11025.0 -0.605403 0.555649 0.0 0.048155 -1.95366 -12.508858 -0.343798 0.035426 14.167834 139.0
172 11025.0 -0.605821 0.561373 0.0 0.040863 -1.95366 -12.508858 -0.343798 0.035426 14.167834 139.0
173 11025.0 -0.626245 0.560467 0.0 0.021534 -1.95366 -12.508858 -0.343798 0.035426 14.167834 139.0
174 11025.0 -0.62306 0.555084 0.0 0.031183 -1.95366 -12.508858 -0.343798 0.035426 14.167834 139.0
175 11025.0 -0.633296 0.524176 0.0 0.058069 -1.95366 -12.508858 -0.343798 0.035426 14.167834 139.0
176 11025.0 -0.657614 0.514835 0.0 0.044976 -1.95366 -12.508858 -0.343798 0.035426 14.167834 139.0
177 11025.0 -0.656172 0.527036 0.0 0.031765 -1.95366 -12.508858 -0.343798 0.035426 14.167834 139.0
178 11025.0 -0.645898 0.510522 0.0 0.061868 -1.95366 -12.508858 -0.343798 0.035426 14.167834 139.0
179 11025.0 -0.657692 0.50787 0.0 0.053263 -1.95366 -12.508858 -0.343798 0.035426 14.167834 139.0
180 11025.0 -0.657245 0.5121 0.0 0.048629 -1.95366 -12.508858 -0.343798 0.035426 14.167834 139.0
181 11025.0 -0.666528 0.510525 0.0 0.04124 -1.95366 -12.508858 -0.343798 0.035426 14.167834 139.0
182 11025.0 -0.676573 0.508307 0.0 0.033861 -1.95366 -12.508858 -0.343798 0.035426 14.167834 139.0
183 11025.0 -0.671792 0.511663 0.0 0.034611 -1.95366 -12.508858 -0.343798 0.035426 14.167834 139.0
184 11025.0 -0.681771 0.523428 0.0 0.010506 -1.95366 -12.508858 -0.343798 0.035426 14.167834 139.0
185 11025.0 -0.694775 0.512948 0.0 0.010092 -1.95366 -12.508858 -0.343798 0.035426 14.167834 139.0
186 11025.0 -0.683322 0.529668 0.0 0.00146 -1.95366 -12.508858 -0.343798 0.035426 14.167834 139.0
187 11025.0 -0.687477 0.562437 0.0 -0.042047 -1.95366 -12.508858 -0.343798 0.035426 14.167834 139.0
188 11025.0 -0.672563 0.571184 0.0 -0.037642 -1.95366 -12.508858 -0.343798 0.035426 14.167834 139.0
189 11025.0 -0.662743 0.555627 0.0 -0.009143 -1.95366 -12.508858 -0.343798 0.035426 14.167834 139.0
190 11025.0 -0.65474 0.554908 0.0 -0.000278 -1.95366 -12.508858 -0.343798 0.035426 14.167834 139.0
191 11025.0 -0.65397 0.541936 0.0 0.016071 -1.95366 -12.508858 -0.343798 0.035426 14.167834 139.0
192 11025.0 -0.623117 0.551206 0.0 0.035782 -1.95366 -12.508858 -0.343798 0.035426 14.167834 139.0
193 11025.0 -0.626454 0.566962 0.0 0.013525 -1.95366 -12.508858 -0.343798 0.035426 14.167834 139.0
194 11025.0 -0.615379 0.551051 0.0 0.043705 -1.95366 -12.508858 -0.343798 0.035426 14.167834 139.0
195 11025.0 -0.61722 0.550851 0.0 0.042104 -1.95366 -12.508858 -0.343798 0.035426 14.167834 139.0
196 11025.0 -0.631957 0.548265 0.0 0.030478 -1.95366 -12.508858 -0.343798 0.035426 14.167834 139.0
197 11025.0 -0.648363 0.543566 0.0 0.01972 -1.95366 -12.508858 -0.343798 0.035426 14.167834 139.0
198 11025.0 -0.693068 0.562876 0.0 -0.048164 -1.95366 -12.508858 -0.343798 0.035426 14.167834 139.0
199 11025.0 -0.687592 0.564021 0.0 -0.044064 -1.95366 -12.508858 -0.343798 0.035426 14.167834 139.0
200 11025.0 -0.68253 0.568853 0.0 -0.044807 -1.95366 -12.508858 -0.343798 0.035426 14.167834 139.0
201 11025.0 -0.690282 0.593501 0.0 -0.082157 -1.95366 -12.508858 -0.343798 0.035426 14.167834 139.0
202 11025.0 -0.692027 0.589053 0.0 -0.07856 -1.95366 -12.508858 -0.343798 0.035426 14.167834 139.0
203 11025.0 -0.678991 0.595165 0.0 -0.072868 -1.95366 -12.508858 -0.343798 0.035426 14.167834 139.0
204 11025.0 -0.677551 0.605788 0.0 -0.084188 -1.95366 -12.508858 -0.343798 0.035426 14.167834 139.0
205 11025.0 -0.675965 0.58032 0.0 -0.052015 -1.95366 -12.508858 -0.343798 0.035426 14.167834 139.0
206 11025.0 -0.694574 0.584834 0.0 -0.07604 -1.95366 -12.508858 -0.343798 0.035426 14.167834 139.0
207 11025.0 -0.700731 0.592591 0.0 -0.091511 -1.95366 -12.508858 -0.343798 0.035426 14.167834 139.0
208 11025.0 -0.684814 0.605564 0.0 -0.091179 -1.95366 -12.508858 -0.343798 0.035426 14.167834 139.0
209 11025.0 -0.699259 0.593624 0.0 -0.09128 -1.95366 -12.508858 -0.343798 0.035426 14.167834 139.0
210 11025.0 -0.711598 0.572477 0.0 -0.078219 -1.95366 -12.508858 -0.343798 0.035426 14.167834 139.0
211 11025.0 -0.757181 0.57384 0.0 -0.125426 -1.95366 -12.508858 -0.343798 0.035426 14.167834 139.0
212 11025.0 -0.761383 0.581294 0.0 -0.138579 -1.95366 -12.508858 -0.343798 0.035426 14.167834 139.0
213 11025.0 -0.730856 0.593219 0.0 -0.122383 -1.95366 -12.508858 -0.343798 0.035426 14.167834 139.0
214 11025.0 -0.75641 0.604565 0.0 -0.161555 -1.95366 -12.508858 -0.343798 0.035426 14.167834 139.0
215 11025.0 -0.746299 0.615161 0.0 -0.164215 -1.95366 -12.508858 -0.343798 0.035426 14.167834 139.0
216 11025.0 -0.770198 0.64889 0.0 -0.225984 -1.95366 -12.508858 -0.343798 0.035426 14.167834 139.0
217 11025.0 -0.795479 0.653662 0.0 -0.253393 -1.95366 -12.508858 -0.343798 0.035426 14.167834 139.0
218 11025.0 -0.790322 0.668081 0.0 -0.264211 -1.95366 -12.508858 -0.343798 0.035426 14.167834 139.0
219 11025.0 -0.799341 0.635607 0.0 -0.237556 -1.95366 -12.508858 -0.343798 0.035426 14.167834 139.0
220 11025.0 -0.777554 0.61941 0.0 -0.201051 -1.95366 -12.508858 -0.343798 0.035426 14.167834 139.0
221 11025.0 -0.776039 0.612938 0.0 -0.191618 -1.95366 -12.508858 -0.343798 0.035426 14.167834 139.0
222 11025.0 -0.799344 0.653075 0.0 -0.25618 -1.95366 -12.508858 -0.343798 0.035426 14.167834 139.0
223 11025.0 -0.804401 0.664583 0.0 -0.272913 -1.95366 -12.508858 -0.343798 0.035426 14.167834 139.0
224 11025.0 -0.798485 0.658486 0.0 -0.26119 -1.95366 -12.508858 -0.343798 0.035426 14.167834 139.0
225 11025.0 -0.805187 0.65417 0.0 -0.262506 -1.95366 -12.508858 -0.343798 0.035426 14.167834 139.0
226 11025.0 -0.815446 0.662927 0.0 -0.2809 -1.95366 -12.508858 -0.343798 0.035426 14.167834 139.0
227 11025.0 -0.828275 0.690516 0.0 -0.321639 -1.95366 -12.508858 -0.343798 0.035426 14.167834 139.0
228 11025.0 -0.853384 0.711316 0.0 -0.372157 -1.95366 -12.508858 -0.343798 0.035426 14.167834 139.0
229 11025.0 -0.875393 0.736661 0.0 -0.428699 -1.95366 -12.508858 -0.343798 0.035426 14.167834 139.0
230 11025.0 -0.886943 0.735396 0.0 -0.438171 -1.95366 -12.508858 -0.343798 0.035426 14.167834 139.0
231 11025.0 -0.910152 0.740632 0.0 -0.467049 -1.95366 -12.508858 -0.343798 0.035426 14.167834 139.0
232 11025.0 -0.895311 0.746914 0.0 -0.461907 -1.95366 -12.508858 -0.343798 0.035426 14.167834 139.0
233 11025.0 -0.910859 0.763348 0.0 -0.498711 -1.95366 -12.508858 -0.343798 0.035426 14.167834 139.0
234 11025.0 -0.916698 0.784256 0.0 -0.53265 -1.95366 -12.508858 -0.343798 0.035426 14.167834 139.0
235 11025.0 -0.935502 0.79455 0.0 -0.564634 -1.95366 -12.508858 -0.343798 0.035426 14.167834 139.0
236 11025.0 -0.934006 0.825166 0.0 -0.610086 -1.95366 -12.508858 -0.343798 0.035426 14.167834 139.0
237 11025.0 -0.945697 0.856091 0.0 -0.668674 -1.95366 -12.508858 -0.343798 0.035426 14.167834 139.0
238 11025.0 -0.95272 0.863063 0.0 -0.684696 -1.95366 -12.508858 -0.343798 0.035426 14.167834 139.0
239 11025.0 -0.943729 0.888477 0.0 -0.711888 -1.95366 -12.508858 -0.343798 0.035426 14.167834 139.0
240 11025.0 -0.940691 0.897716 0.0 -0.721975 -1.95366 -12.508858 -0.343798 0.035426 14.167834 139.0
241 11025.0 -0.951547 0.937234 0.0 -0.78584 -1.95366 -12.508858 -0.343798 0.035426 14.167834 139.0
242 11025.0 -0.952871 0.989036 0.0 -0.839105 -1.95366 -12.508858 -0.343798 0.035426 14.167834 139.0
243 11025.0 -0.97275 1.008127 0.0 -0.872465 -1.95366 -12.508858 -0.343798 0.035426 14.167834 139.0
244 11025.0 -0.923565 1.000995 0.0 -0.829339 -1.95366 -12.508858 -0.343798 0.035426 14.167834 139.0
245 11025.0 -0.935953 1.015752 0.0 -0.852939 -1.95366 -12.508858 -0.343798 0.035426 14.167834 139.0
246 11025.0 -0.942896 1.028392 0.0 -0.870461 -1.95366 -12.508858 -0.343798 0.035426 14.167834 139.0
247 11025.0 -0.942902 1.038341 0.0 -0.880243 -1.95366 -12.508858 -0.343798 0.035426 14.167834 139.0
248 11025.0 -0.916977 1.05534 0.0 -0.877912 -1.95366 -12.508858 -0.343798 0.035426 14.167834 139.0
249 11025.0 -0.912596 1.055701 0.0 -0.875049 -1.95366 -12.508858 -0.343798 0.035426 14.167834 139.0
250 11025.0 -0.891349 1.073504 0.0 -0.876944 -1.95366 -12.508858 -0.343798 0.035426 14.167834 139.0
251 11025.0 -0.881455 1.093932 0.0 -0.889757 -1.95366 -12.508858 -0.343798 0.035426 14.167834 139.0
252 11025.0 -0.877937 1.09926 0.0 -0.89241 -1.95366 -12.508858 -0.343798 0.035426 14.167834 139.0
253 11025.0 -0.885617 1.11787 0.0 -0.91634 -1.95366 -12.508858 -0.343798 0.035426 14.167834 139.0
254 11025.0 -0.877597 1.136879 0.0 -0.929132 -1.95366 -12.508858 -0.343798 0.035426 14.167834 139.0
255 11025.0 -0.884997 1.145633 0.0 -0.943169 -1.95366 -12.508858 -0.343798 0.035426 14.167834 139.0
256 11025.0 -0.857606 1.137885 0.0 -0.915442 -1.95366 -12.508858 -0.343798 0.035426 14.167834 139.0
257 11025.0 -0.860448 1.130525 0.0 -0.910294 -1.95366 -12.508858 -0.343798 0.035426 14.167834 139.0
258 11025.0 -0.833651 1.134648 0.0 -0.894669 -1.95366 -12.508858 -0.343798 0.035426 14.167834 139.0
259 11025.0 -0.806897 1.129732 0.0 -0.870192 -1.95366 -12.508858 -0.343798 0.035426 14.167834 139.0
260 11025.0 -0.792002 1.127439 0.0 -0.857 -1.95366 -12.508858 -0.343798 0.035426 14.167834 139.0
261 11025.0 -0.805362 1.155471 0.0 -0.894362 -1.95366 -12.508858 -0.343798 0.035426 14.167834 139.0
262 11025.0 -0.815418 1.155046 0.0 -0.901329 -1.95366 -12.508858 -0.343798 0.035426 14.167834 139.0
263 11025.0 -0.807468 1.185763 0.0 -0.92568 -1.95366 -12.508858 -0.343798 0.035426 14.167834 139.0
264 11025.0 -0.776462 1.2112 0.0 -0.927911 -1.95366 -12.508858 -0.343798 0.035426 14.167834 139.0
265 11025.0 -0.775652 1.22173 0.0 -0.937666 -1.95366 -12.508858 -0.343798 0.035426 14.167834 139.0
266 11025.0 -0.771529 1.247354 0.0 -0.959733 -1.95366 -12.508858 -0.343798 0.035426 14.167834 139.0
267 11025.0 -0.751458 1.250534 0.0 -0.948209 -1.95366 -12.508858 -0.343798 0.035426 14.167834 139.0
268 11025.0 -0.740048 1.249098 0.0 -0.938418 -1.95366 -12.508858 -0.343798 0.035426 14.167834 139.0
269 11025.0 -0.716051 1.246632 0.0 -0.918373 -1.95366 -12.508858 -0.343798 0.035426 14.167834 139.0
270 11025.0 -0.71895 1.239669 0.0 -0.913659 -1.95366 -12.508858 -0.343798 0.035426 14.167834 139.0
271 11025.0 -0.717912 1.27201 0.0 -0.940266 -1.95366 -12.508858 -0.343798 0.035426 14.167834 139.0
272 11025.0 -0.669102 1.279064 0.0 -0.912191 -1.95366 -12.508858 -0.343798 0.035426 14.167834 139.0
273 11025.0 -0.663367 1.284127 0.0 -0.911639 -1.95366 -12.508858 -0.343798 0.035426 14.167834 139.0
274 11025.0 -0.659187 1.284673 0.0 -0.909196 -1.95366 -12.508858 -0.343798 0.035426 14.167834 139.0
275 11025.0 -0.688987 1.30782 0.0 -0.944143 -1.95366 -12.508858 -0.343798 0.035426 14.167834 139.0
276 11025.0 -0.682471 1.296403 0.0 -0.93238 -1.95366 -12.508858 -0.343798 0.035426 14.167834 139.0
277 11025.0 -0.707664 1.321857 0.0 -0.965741 -1.95366 -12.508858 -0.343798 0.035426 14.167834 139.0
278 11025.0 -0.711248 1.324371 0.0 -0.969769 -1.95366 -12.508858 -0.343798 0.035426 14.167834 139.0
279 11025.0 -0.685414 1.30742 0.0 -0.941494 -1.95366 -12.508858 -0.343798 0.035426 14.167834 139.0
280 11025.0 -0.672476 1.314573 0.0 -0.937479 -1.95366 -12.508858 -0.343798 0.035426 14.167834 139.0
281 11025.0 -0.679876 1.336581 0.0 -0.956703 -1.95366 -12.508858 -0.343798 0.035426 14.167834 139.0
282 11025.0 -0.669806 1.339458 0.0 -0.951834 -1.95366 -12.508858 -0.343798 0.035426 14.167834 139.0
283 11025.0 -0.625762 1.332332 0.0 -0.917749 -1.95366 -12.508858 -0.343798 0.035426 14.167834 139.0
284 11025.0 -0.615802 1.333557 0.0 -0.911593 -1.95366 -12.508858 -0.343798 0.035426 14.167834 139.0
285 11025.0 -0.621582 1.333248 0.0 -0.915529 -1.95366 -12.508858 -0.343798 0.035426 14.167834 139.0
286 11025.0 -0.645204 1.346503 0.0 -0.939945 -1.95366 -12.508858 -0.343798 0.035426 14.167834 139.0
287 11025.0 -0.639031 1.368675 0.0 -0.954464 -1.95366 -12.508858 -0.343798 0.035426 14.167834 139.0
