 time p.x p.y p.z deep.node-0 CV opes.bias opes.rct opes.zed opes.neff opes.nker
0 7305.0 -0.002163 0.563353 0.0 0.617841 -1.093642 -13.539492 -0.302527 0.037024 14.167834 133.0
1 7305.0 -0.018608 0.542607 0.0 0.627887 -1.093642 -13.539492 -0.302527 0.037024 14.167834 133.0
2 7305.0 -0.043732 0.526664 0.0 0.625742 -1.093642 -13.539492 -0.302527 0.037024 14.167834 133.0
3 7305.0 -0.036971 0.520839 0.0 0.63769 -1.093642 -13.539492 -0.302527 0.037024 14.167834 133.0
4 7305.0 -0.045496 0.518621 0.0 0.632827 -1.093642 -13.539492 -0.302527 0.037024 14.167834 133.0
5 7305.0 -0.075055 0.512452 0.0 0.613984 -1.093642 -13.539492 -0.302527 0.037024 14.167834 133.0
6 7305.0 -0.062514 0.510977 0.0 0.626355 -1.093642 -13.539492 -0.302527 0.037024 14.167834 133.0
7 7305.0 -0.06784 0.510328 0.0 0.622466 -1.093642 -13.539492 -0.302527 0.037024 14.167834 133.0
8 7305.0 -0.070194 0.524834 0.0 0.604924 -1.093642 -13.539492 -0.302527 0.037024 14.167834 133.0
9 7305.0 -0.051478 0.501664 0.0 0.645814 -1.093642 -13.539492 -0.302527 0.037024 14.167834 133.0
10 7305.0 -0.031524 0.473759 0.0 0.689009 -1.093642 -13.539492 -0.302527 0.037024 14.167834 133.0
11 7305.0 -0.037709 0.478018 0.0 0.680571 -1.093642 -13.539492 -0.302527 0.037024 14.167834 133.0
12 7305.0 -0.025724 0.472406 0.0 0.694247 -1.093642 -13.539492 -0.302527 0.037024 14.167834 133.0
13 7305.0 -0.022383 0.48186 0.0 0.686899 -1.093642 -13.539492 -0.302527 0.037024 14.167834 133.0
14 7305.0 -0.04946 0.490075 0.0 0.659947 -1.093642 -13.539492 -0.302527 0.037024 14.167834 133.0
15 7305.0 -0.047874 0.511684 0.0 0.638199 -1.093642 -13.539492 -0.302527 0.037024 14.167834 133.0
16 7305.0 -0.066586 0.48648 0.0 0.649052 -1.093642 -13.539492 -0.302527 0.037024 14.167834 133.0
17 7305.0 -0.050785 0.475291 0.0 0.674612 -1.093642 -13.539492 -0.302527 0.037024 14.167834 133.0
18 7305.0 -0.047167 0.474543 0.0 0.677782 -1.093642 -13.539492 -0.302527 0.037024 14.167834 133.0
19 7305.0 -0.050538 0.462834 0.0 0.687394 -1.093642 -13.539492 -0.302527 0.037024 14.167834 133.0
20 7305.0 -0.051551 0.467086 0.0 0.682412 -1.093642 -13.539492 -0.302527 0.037024 14.167834 133.0
21 7305.0 -0.078852 0.465127 0.0 0.661334 -1.093642 -13.539492 -0.302527 0.037024 14.167834 133.0
22 7305.0 -0.068918 0.472412 0.0 0.662092 -1.093642 -13.539492 -0.302527 0.037024 14.167834 133.0
23 7305.0 -0.049213 0.470323 0.0 0.680692 -1.093642 -13.539492 -0.302527 0.037024 14.167834 133.0
24 7305.0 -0.057739 0.488286 0.0 0.654735 -1.093642 -13.539492 -0.302527 0.037024 14.167834 133.0
25 7305.0 -0.065569 0.502689 0.0 0.632591 -1.093642 -13.539492 -0.302527 0.037024 14.167834 133.0
26 7305.0 -0.089208 0.500481 0.0 0.614606 -1.093642 -13.539492 -0.302527 0.037024 14.167834 133.0
27 7305.0 -0.076823 0.485758 0.0 0.641014 -1.093642 -13.539492 -0.302527 0.037024 14.167834 133.0
28 7305.0 -0.082446 0.502476 0.0 0.618293 -1.093642 -13.539492 -0.302527 0.037024 14.167834 133.0
29 7305.0 -0.109521 0.479968 0.0 0.619064 -1.093642 -13.539492 -0.302527 0.037024 14.167834 133.0
30 7305.0 -0.117172 0.47483 0.0 0.617975 -1.093642 -13.539492 -0.302527 0.037024 14.167834 133.0
31 7305.0 -0.082498 0.505706 0.0 0.614794 -1.093642 -13.539492 -0.302527 0.037024 14.167834 133.0
32 7305.0 -0.075524 0.523378 0.0 0.601895 -1.093642 -13.539492 -0.302527 0.037024 14.167834 133.0
33 7305.0 -0.131207 0.522945 0.0 0.554432 -1.093642 -13.539492 -0.302527 0.037024 14.167834 133.0
34 7305.0 -0.120313 0.514116 0.0 0.573251 -1.093642 -13.539492 -0.302527 0.037024 14.167834 133.0
35 7305.0 -0.117191 0.518913 0.0 0.570808 -1.093642 -13.539492 -0.302527 0.037024 14.167834 133.0
36 7305.0 -0.108853 0.516114 0.0 0.580977 -1.093642 -13.539492 -0.302527 0.037024 14.167834 133.0
37 7305.0 -0.125924 0.536429 0.0 0.544557 -1.093642 -13.539492 -0.302527 0.037024 14.167834 133.0
38 7305.0 -0.106379 0.523596 0.0 0.575105 -1.093642 -13.539492 -0.302527 0.037024 14.167834 133.0
39 7305.0 -0.090442 0.522352 0.0 0.590152 -1.093642 -13.539492 -0.302527 0.037024 14.167834 133.0
40 7305.0 -0.102884 0.508355 0.0 0.594414 -1.093642 -13.539492 -0.302527 0.037024 14.167834 133.0
41 7305.0 -0.087091 0.529002 0.0 0.585923 -1.093642 -13.539492 -0.302527 0.037024 14.167834 133.0
42 7305.0 -0.09187 0.529516 0.0 0.58126 -1.093642 -13.539492 -0.302527 0.037024 14.167834 133.0
43 7305.0 -0.098283 0.522848 0.0 0.582873 -1.093642 -13.539492 -0.302527 0.037024 14.167834 133.0
44 7305.0 -0.104671 0.499306 0.0 0.602556 -1.093642 -13.539492 -0.302527 0.037024 14.167834 133.0
45 7305.0 -0.099466 0.47158 0.0 0.63669 -1.093642 -13.539492 -0.302527 0.037024 14.167834 133.0
46 7305.0 -0.101752 0.469737 0.0 0.636693 -1.093642 -13.539492 -0.302527 0.037024 14.167834 133.0
47 7305.0 -0.083819 0.45261 0.0 0.670448 -1.093642 -13.539492 -0.302527 0.037024 14.167834 133.0
48 7305.0 -0.088847 0.48495 0.0 0.63153 -1.093642 -13.539492 -0.302527 0.037024 14.167834 133.0
49 7305.0 -0.083806 0.495952 0.0 0.624101 -1.093642 -13.539492 -0.302527 0.037024 14.167834 133.0
50 7305.0 -0.081788 0.50446 0.0 0.616737 -1.093642 -13.539492 -0.302527 0.037024 14.167834 133.0
51 7305.0 -0.110968 0.507312 0.0 0.588572 -1.093642 -13.539492 -0.302527 0.037024 14.167834 133.0
52 7305.0 -0.098349 0.519976 0.0 0.585888 -1.093642 -13.539492 -0.302527 0.037024 14.167834 133.0
53 7305.0 -0.098748 0.513002 0.0 0.593004 -1.093642 -13.539492 -0.302527 0.037024 14.167834 133.0
54 7305.0 -0.086933 0.505991 0.0 0.610671 -1.093642 -13.539492 -0.302527 0.037024 14.167834 133.0
55 7305.0 -0.104727 0.520328 0.0 0.580021 -1.093642 -13.539492 -0.302527 0.037024 14.167834 133.0
56 7305.0 -0.124769 0.513994 0.0 0.569547 -1.093642 -13.539492 -0.302527 0.037024 14.167834 133.0
57 7305.0 -0.144449 0.510658 0.0 0.556177 -1.093642 -13.539492 -0.302527 0.037024 14.167834 133.0
58 7305.0 -0.154985 0.505186 0.0 0.552961 -1.093642 -13.539492 -0.302527 0.037024 14.167834 133.0
59 7305.0 -0.158609 0.502216 0.0 0.553019 -1.093642 -13.539492 -0.302527 0.037024 14.167834 133.0
60 7305.0 -0.15495 0.51409 0.0 0.543468 -1.093642 -13.539492 -0.302527 0.037024 14.167834 133.0
61 7305.0 -0.141627 0.498372 0.0 0.571747 -1.093642 -13.539492 -0.302527 0.037024 14.167834 133.0
62 7305.0 -0.131203 0.506067 0.0 0.572487 -1.093642 -13.539492 -0.302527 0.037024 14.167834 133.0
63 7305.0 -0.113129 0.51033 0.0 0.583484 -1.093642 -13.539492 -0.302527 0.037024 14.167834 133.0
64 7305.0 -0.112606 0.491814 0.0 0.603739 -1.093642 -13.539492 -0.302527 0.037024 14.167834 133.0
65 7305.0 -0.096217 0.520909 0.0 0.586725 -1.093642 -13.539492 -0.302527 0.037024 14.167834 133.0
66 7305.0 -0.105093 0.523086 0.0 0.576756 -1.093642 -13.539492 -0.302527 0.037024 14.167834 133.0
67 7305.0 -0.099463 0.524239 0.0 0.58037 -1.093642 -13.539492 -0.302527 0.037024 14.167834 133.0
68 7305.0 -0.075041 0.538744 0.0 0.585874 -1.093642 -13.539492 -0.302527 0.037024 14.167834 133.0
69 7305.0 -0.086829 0.509706 0.0 0.606788 -1.093642 -13.539492 -0.302527 0.037024 14.167834 133.0
70 7305.0 -0.086568 0.495707 0.0 0.621985 -1.093642 -13.539492 -0.302527 0.037024 14.167834 133.0
71 7305.0 -0.099088 0.498523 0.0 0.608198 -1.093642 -13.539492 -0.302527 0.037024 14.167834 133.0
72 7305.0 -0.093553 0.531481 0.0 0.57771 -1.093642 -13.539492 -0.302527 0.037024 14.167834 133.0
73 7305.0 -0.093516 0.517213 0.0 0.593003 -1.093642 -13.539492 -0.302527 0.037024 14.167834 133.0
74 7305.0 -0.114192 0.511808 0.0 0.580988 -1.093642 -13.539492 -0.302527 0.037024 14.167834 133.0
75 7305.0 -0.107732 0.50068 0.0 0.598451 -1.093642 -13.539492 -0.302527 0.037024 14.167834 133.0
76 7305.0 -0.103173 0.482034 0.0 0.622318 -1.093642 -13.539492 -0.302527 0.037024 14.167834 133.0
77 7305.0 -0.104231 0.469428 0.0 0.634891 -1.093642 -13.539492 -0.302527 0.037024 14.167834 133.0
78 7305.0 -0.09289 0.480843 0.0 0.632442 -1.093642 -13.539492 -0.302527 0.037024 14.167834 133.0
79 7305.0 -0.096329 0.483472 0.0 0.626671 -1.093642 -13.539492 -0.302527 0.037024 14.167834 133.0
80 7305.0 -0.107868 0.486809 0.0 0.61317 -1.093642 -13.539492 -0.302527 0.037024 14.167834 133.0
81 7305.0 -0.102294 0.483417 0.0 0.621596 -1.093642 -13.539492 -0.302527 0.037024 14.167834 133.0
82 7305.0 -0.12289 0.515368 0.0 0.569695 -1.093642 -13.539492 -0.302527 0.037024 14.167834 133.0
83 7305.0 -0.09419 0.525468 0.0 0.583593 -1.093642 -13.539492 -0.302527 0.037024 14.167834 133.0
84 7305.0 -0.093984 0.510963 0.0 0.599285 -1.093642 -13.539492 -0.302527 0.037024 14.167834 133.0
85 7305.0 -0.098335 0.514598 0.0 0.591652 -1.093642 -13.539492 -0.302527 0.037024 14.167834 133.0
86 7305.0 -0.084367 0.507909 0.0 0.610829 -1.093642 -13.539492 -0.302527 0.037024 14.167834 133.0
87 7305.0 -0.078814 0.506191 0.0 0.617445 -1.093642 -13.539492 -0.302527 0.037024 14.167834 133.0
88 7305.0 -0.070743 0.50223 0.0 0.628629 -1.093642 -13.539492 -0.302527 0.037024 14.167834 133.0
89 7305.0 -0.066772 0.513269 0.0 0.620239 -1.093642 -13.539492 -0.302527 0.037024 14.167834 133.0
90 7305.0 -0.066871 0.502303 0.0 0.631883 -1.093642 -13.539492 -0.302527 0.037024 14.167834 133.0
91 7305.0 -0.047928 0.516077 0.0 0.633455 -1.093642 -13.539492 -0.302527 0.037024 14.167834 133.0
92 7305.0 -0.037632 0.516439 0.0 0.641706 -1.093642 -13.539492 -0.302527 0.037024 14.167834 133.0
93 7305.0 -0.0457 0.504835 0.0 0.647397 -1.093642 -13.539492 -0.302527 0.037024 14.167834 133.0
94 7305.0 -0.047522 0.5084 0.0 0.642015 -1.093642 -13.539492 -0.302527 0.037024 14.167834 133.0
95 7305.0 -0.028141 0.519956 0.0 0.644473 -1.093642 -13.539492 -0.302527 0.037024 14.167834 133.0
96 7305.0 -0.041638 0.521845 0.0 0.6327 -1.093642 -13.539492 -0.302527 0.037024 14.167834 133.0
97 7305.0 -0.020988 0.504373 0.0 0.665027 -1.093642 -13.539492 -0.302527 0.037024 14.167834 133.0
98 7305.0 0.001749 0.528186 0.0 0.656071 -1.093642 -13.539492 -0.302527 0.037024 14.167834 133.0
99 7305.0 -0.002994 0.525267 0.0 0.655864 -1.093642 -13.539492 -0.302527 0.037024 14.167834 133.0
100 7305.0 0.017365 0.514224 0.0 0.680627 -1.093642 -13.539492 -0.302527 0.037024 14.167834 133.0
101 7305.0 0.017639 0.542747 0.0 0.651919 -1.093642 -13.539492 -0.302527 0.037024 14.167834 133.0
102 7305.0 -0.00452 0.560714 0.0 0.618943 -1.093642 -13.539492 -0.302527 0.037024 14.167834 133.0
103 7305.0 -0.016034 0.5443 0.0 0.627889 -1.093642 -13.539492 -0.302527 0.037024 14.167834 133.0
104 7305.0 -0.022334 0.517435 0.0 0.650899 -1.093642 -13.539492 -0.302527 0.037024 14.167834 133.0
105 7305.0 -0.007978 0.526001 0.0 0.651797 -1.093642 -13.539492 -0.302527 0.037024 14.167834 133.0
106 7305.0 -0.016203 0.510692 0.0 0.661818 -1.093642 -13.539492 -0.302527 0.037024 14.167834 133.0
107 7305.0 -0.038204 0.487865 0.0 0.670267 -1.093642 -13.539492 -0.302527 0.037024 14.167834 133.0
108 7305.0 -0.041624 0.46617 0.0 0.68996 -1.093642 -13.539492 -0.302527 0.037024 14.167834 133.0
109 7305.0 -0.02903 0.472189 0.0 0.692262 -1.093642 -13.539492 -0.302527 0.037024 14.167834 133.0
110 7305.0 -0.029577 0.478323 0.0 0.685684 -1.093642 -13.539492 -0.302527 0.037024 14.167834 133.0
111 7305.0 -0.03235 0.503469 0.0 0.658365 -1.093642 -13.539492 -0.302527 0.037024 14.167834 133.0
112 7305.0 -0.042279 0.496509 0.0 0.658793 -1.093642 -13.539492 -0.302527 0.037024 14.167834 133.0
113 7305.0 -0.046271 0.511238 0.0 0.640056 -1.093642 -13.539492 -0.302527 0.037024 14.167834 133.0
114 7305.0 -0.029329 0.508475 0.0 0.655309 -1.093642 -13.539492 -0.302527 0.037024 14.167834 133.0
115 7305.0 -0.029712 0.50391 0.0 0.659678 -1.093642 -13.539492 -0.302527 0.037024 14.167834 133.0
116 7305.0 -0.031264 0.499789 0.0 0.662817 -1.093642 -13.539492 -0.302527 0.037024 14.167834 133.0
117 7305.0 -0.021106 0.500134 0.0 0.669242 -1.093642 -13.539492 -0.302527 0.037024 14.167834 133.0
118 7305.0 0.001854 0.533986 0.0 0.650266 -1.093642 -13.539492 -0.302527 0.037024 14.167834 133.0
119 7305.0 -0.005403 0.515959 0.0 0.663685 -1.093642 -13.539492 -0.302527 0.037024 14.167834 133.0
120 7305.0 0.000599 0.511021 0.0 0.672689 -1.093642 -13.539492 -0.302527 0.037024 14.167834 133.0
121 7305.0 0.012171 0.514317 0.0 0.677069 -1.093642 -13.539492 -0.302527 0.037024 14.167834 133.0
122 7305.0 0.0092 0.524733 0.0 0.664537 -1.093642 -13.539492 -0.302527 0.037024 14.167834 133.0
123 7305.0 0.00597 0.536225 0.0 0.650743 -1.093642 -13.539492 -0.302527 0.037024 14.167834 133.0
124 7305.0 -0.005055 0.521509 0.0 0.658296 -1.093642 -13.539492 -0.302527 0.037024 14.167834 133.0
125 7305.0 0.004072 0.531929 0.0 0.653829 -1.093642 -13.539492 -0.302527 0.037024 14.167834 133.0
126 7305.0 -0.009699 0.526332 0.0 0.650313 -1.093642 -13.539492 -0.302527 0.037024 14.167834 133.0
127 7305.0 -0.004046 0.510192 0.0 0.670432 -1.093642 -13.539492 -0.302527 0.037024 14.167834 133.0
128 7305.0 -0.005181 0.533662 0.0 0.645902 -1.093642 -13.539492 -0.302527 0.037024 14.167834 133.0
129 7305.0 0.003654 0.510044 0.0 0.675716 -1.093642 -13.539492 -0.302527 0.037024 14.167834 133.0
130 7305.0 -0.004347 0.516059 0.0 0.664288 -1.093642 -13.539492 -0.302527 0.037024 14.167834 133.0
131 7305.0 -0.016426 0.517075 0.0 0.655204 -1.093642 -13.539492 -0.302527 0.037024 14.167834 133.0
132 7305.0 -0.009927 0.535368 0.0 0.641009 -1.093642 -13.539492 -0.302527 0.037024 14.167834 133.0
133 7305.0 0.014311 0.532025 0.0 0.66056 -1.093642 -13.539492 -0.302527 0.037024 14.167834 133.0
134 7305.0 0.00955 0.523787 0.0 0.665729 -1.093642 -13.539492 -0.302527 0.037024 14.167834 133.0
135 7305.0 0.010227 0.516085 0.0 0.673982 -1.093642 -13.539492 -0.302527 0.037024 14.167834 133.0
136 7305.0 0.002228 0.516155 0.0 0.668576 -1.093642 -13.539492 -0.302527 0.037024 14.167834 133.0
137 7305.0 0.009477 0.489618 0.0 0.700289 -1.093642 -13.539492 -0.302527 0.037024 14.167834 133.0
138 7305.0 0.003745 0.500234 0.0 0.685713 -1.093642 -13.539492 -0.302527 0.037024 14.167834 133.0
139 7305.0 0.006241 0.491171 0.0 0.696558 -1.093642 -13.539492 -0.302527 0.037024 14.167834 133.0
140 7305.0 -0.003491 0.497547 0.0 0.68361 -1.093642 -13.539492 -0.302527 0.037024 14.167834 133.0
141 7305.0 0.003877 0.47332 0.0 0.713062 -1.093642 -13.539492 -0.302527 0.037024 14.167834 133.0
142 7305.0 -0.002795 0.470971 0.0 0.710992 -1.093642 -13.539492 -0.302527 0.037024 14.167834 133.0
143 7305.0 0.003834 0.452316 0.0 0.734309 -1.093642 -13.539492 -0.302527 0.037024 14.167834 133.0
144 7305.0 0.027226 0.4793 0.0 0.722577 -1.093642 -13.539492 -0.302527 0.037024 14.167834 133.0
145 7305.0 0.025188 0.494279 0.0 0.706046 -1.093642 -13.539492 -0.302527 0.037024 14.167834 133.0
146 7305.0 0.017682 0.484541 0.0 0.710904 -1.093642 -13.539492 -0.302527 0.037024 14.167834 133.0
147 7305.0 0.016398 0.4773 0.0 0.717381 -1.093642 -13.539492 -0.302527 0.037024 14.167834 133.0
148 7305.0 -0.000326 0.45997 0.0 0.723782 -1.093642 -13.539492 -0.302527 0.037024 14.167834 133.0
149 7305.0 0.007726 0.469781 0.0 0.719214 -1.093642 -13.539492 -0.302527 0.037024 14.167834 133.0
150 7305.0 -0.016724 0.462989 0.0 0.709788 -1.093642 -13.539492 -0.302527 0.037024 14.167834 133.0
151 7305.0 -0.030876 0.476481 0.0 0.686684 -1.093642 -13.539492 -0.302527 0.037024 14.167834 133.0
152 7305.0 -0.02635 0.512264 0.0 0.653458 -1.093642 -13.539492 -0.302527 0.037024 14.167834 133.0
153 7305.0 -0.017534 0.508692 0.0 0.662956 -1.093642 -13.539492 -0.302527 0.037024 14.167834 133.0
154 7305.0 -0.016325 0.487091 0.0 0.685642 -1.093642 -13.539492 -0.302527 0.037024 14.167834 133.0
155 7305.0 -0.030085 0.488408 0.0 0.675131 -1.093642 -13.539492 -0.302527 0.037024 14.167834 133.0
156 7305.0 -0.023301 0.486008 0.0 0.682086 -1.093642 -13.539492 -0.302527 0.037024 14.167834 133.0
157 7305.0 -0.01543 0.48593 0.0 0.687414 -1.093642 -13.539492 -0.302527 0.037024 14.167834 133.0
158 7305.0 -0.007887 0.508408 0.0 0.669677 -1.093642 -13.539492 -0.302527 0.037024 14.167834 133.0
159 7305.0 0.009665 0.534989 0.0 0.654459 -1.093642 -13.539492 -0.302527 0.037024 14.167834 133.0
160 7305.0 0.019041 0.514929 0.0 0.681031 -1.093642 -13.539492 -0.302527 0.037024 14.167834 133.0
161 7305.0 0.005909 0.508765 0.0 0.678516 -1.093642 -13.539492 -0.302527 0.037024 14.167834 133.0
162 7305.0 -0.034031 0.49196 0.0 0.668901 -1.093642 -13.539492 -0.302527 0.037024 14.167834 133.0
163 7305.0 -0.053372 0.495894 0.0 0.650356 -1.093642 -13.539492 -0.302527 0.037024 14.167834 133.0
164 7305.0 -0.037893 0.494319 0.0 0.663936 -1.093642 -13.539492 -0.302527 0.037024 14.167834 133.0
165 7305.0 -0.022804 0.483486 0.0 0.684972 -1.093642 -13.539492 -0.302527 0.037024 14.167834 133.0
166 7305.0 -0.017833 0.489124 0.0 0.682576 -1.093642 -13.539492 -0.302527 0.037024 14.167834 133.0
167 7305.0 -0.013888 0.510405 0.0 0.663652 -1.093642 -13.539492 -0.302527 0.037024 14.167834 133.0
168 7305.0 -0.014626 0.502415 0.0 0.671253 -1.093642 -13.539492 -0.302527 0.037024 14.167834 133.0
169 7305.0 -0.002624 0.505493 0.0 0.67614 -1.093642 -13.539492 -0.302527 0.037024 14.167834 133.0
170 7305.0 -0.00663 0.502022 0.0 0.676984 -1.093642 -13.539492 -0.302527 0.037024 14.167834 133.0
171 7305.0 -0.01974 0.495587 0.0 0.674758 -1.093642 -13.539492 -0.302527 0.037024 14.167834 133.0
172 7305.0 -0.043102 0.510846 0.0 0.643202 -1.093642 -13.539492 -0.302527 0.037024 14.167834 133.0
173 7305.0 -0.05664 0.522997 0.0 0.618556 -1.093642 -13.539492 -0.302527 0.037024 14.167834 133.0
174 7305.0 -0.042922 0.515798 0.0 0.638062 -1.093642 -13.539492 -0.302527 0.037024 14.167834 133.0
175 7305.0 -0.045963 0.514772 0.0 0.636542 -1.093642 -13.539492 -0.302527 0.037024 14.167834 133.0
176 7305.0 -0.047999 0.531456 0.0 0.616945 -1.093642 -13.539492 -0.302527 0.037024 14.167834 133.0
177 7305.0 -0.04553 0.517405 0.0 0.634098 -1.093642 -13.539492 -0.302527 0.037024 14.167834 133.0
178 7305.0 -0.074958 0.510764 0.0 0.615873 -1.093642 -13.539492 -0.302527 0.037024 14.167834 133.0
179 7305.0 -0.083781 0.520631 0.0 0.597725 -1.093642 -13.539492 -0.302527 0.037024 14.167834 133.0
180 7305.0 -0.088244 0.529776 0.0 0.584103 -1.093642 -13.539492 -0.302527 0.037024 14.167834 133.0
181 7305.0 -0.053219 0.535715 0.0 0.607896 -1.093642 -13.539492 -0.302527 0.037024 14.167834 133.0
182 7305.0 -0.038388 0.519577 0.0 0.637922 -1.093642 -13.539492 -0.302527 0.037024 14.167834 133.0
183 7305.0 -0.063178 0.505314 0.0 0.631841 -1.093642 -13.539492 -0.302527 0.037024 14.167834 133.0
184 7305.0 -0.079444 0.506101 0.0 0.616999 -1.093642 -13.539492 -0.302527 0.037024 14.167834 133.0
185 7305.0 -0.092171 0.499499 0.0 0.613107 -1.093642 -13.539492 -0.302527 0.037024 14.167834 133.0
186 7305.0 -0.101438 0.502022 0.0 0.602433 -1.093642 -13.539492 -0.302527 0.037024 14.167834 133.0
187 7305.0 -0.106127 0.495274 0.0 0.605614 -1.093642 -13.539492 -0.302527 0.037024 14.167834 133.0
188 7305.0 -0.100216 0.504239 0.0 0.601113 -1.093642 -13.539492 -0.302527 0.037024 14.167834 133.0
189 7305.0 -0.12482 0.508741 0.0 0.575121 -1.093642 -13.539492 -0.302527 0.037024 14.167834 133.0
190 7305.0 -0.12278 0.524067 0.0 0.560485 -1.093642 -13.539492 -0.302527 0.037024 14.167834 133.0
191 7305.0 -0.134043 0.538412 0.0 0.535448 -1.093642 -13.539492 -0.302527 0.037024 14.167834 133.0
192 7305.0 -0.149632 0.524753 0.0 0.53664 -1.093642 -13.539492 -0.302527 0.037024 14.167834 133.0
193 7305.0 -0.166623 0.504901 0.0 0.54325 -1.093642 -13.539492 -0.302527 0.037024 14.167834 133.0
194 7305.0 -0.163231 0.500442 0.0 0.550939 -1.093642 -13.539492 -0.302527 0.037024 14.167834 133.0
195 7305.0 -0.1777 0.483228 0.0 0.556897 -1.093642 -13.539492 -0.302527 0.037024 14.167834 133.0
196 7305.0 -0.1913 0.470896 0.0 0.558381 -1.093642 -13.539492 -0.302527 0.037024 14.167834 133.0
197 7305.0 -0.223951 0.486998 0.0 0.511948 -1.093642 -13.539492 -0.302527 0.037024 14.167834 133.0
198 7305.0 -0.214592 0.501171 0.0 0.504281 -1.093642 -13.539492 -0.302527 0.037024 14.167834 133.0
199 7305.0 -0.238537 0.490199 0.0 0.493521 -1.093642 -13.539492 -0.302527 0.037024 14.167834 133.0
200 7305.0 -0.24068 0.50535 0.0 0.473183 -1.093642 -13.539492 -0.302527 0.037024 14.167834 133.0
201 7305.0 -0.25448 0.500676 0.0 0.465 -1.093642 -13.539492 -0.302527 0.037024 14.167834 133.0
202 7305.0 -0.253552 0.509407 0.0 0.455442 -1.093642 -13.539492 -0.302527 0.037024 14.167834 133.0
203 7305.0 -0.279744 0.506106 0.0 0.433223 -1.093642 -13.539492 -0.302527 0.037024 14.167834 133.0
204 7305.0 -0.319471 0.525535 0.0 0.370173 -1.093642 -13.539492 -0.302527 0.037024 14.167834 133.0
205 7305.0 -0.314391 0.527936 0.0 0.372368 -1.093642 -13.539492 -0.302527 0.037024 14.167834 133.0
206 7305.0 -0.332308 0.524537 0.0 0.358538 -1.093642 -13.539492 -0.302527 0.037024 14.167834 133.0
207 7305.0 -0.359521 0.519306 0.0 0.337615 -1.093642 -13.539492 -0.302527 0.037024 14.167834 133.0
208 7305.0 -0.363884 0.532156 0.0 0.31782 -1.093642 -13.539492 -0.302527 0.037024 14.167834 133.0
209 7305.0 -0.36455 0.566217 0.0 0.276248 -1.093642 -13.539492 -0.302527 0.037024 14.167834 133.0
210 7305.0 -0.380867 0.565808 0.0 0.260427 -1.093642 -13.539492 -0.302527 0.037024 14.167834 133.0
211 7305.0 -0.397684 0.523808 0.0 0.294056 -1.093642 -13.539492 -0.302527 0.037024 14.167834 133.0
212 7305.0 -0.445408 0.509842 0.0 0.263119 -1.093642 -13.539492 -0.302527 0.037024 14.167834 133.0
213 7305.0 -0.449404 0.496072 0.0 0.27566 -1.093642 -13.539492 -0.302527 0.037024 14.167834 133.0
214 7305.0 -0.441989 0.497086 0.0 0.281856 -1.093642 -13.539492 -0.302527 0.037024 14.167834 133.0
215 7305.0 -0.449098 0.497581 0.0 0.274155 -1.093642 -13.539492 -0.302527 0.037024 14.167834 133.0
216 7305.0 -0.462508 0.490954 0.0 0.268707 -1.093642 -13.539492 -0.302527 0.037024 14.167834 133.0
217 7305.0 -0.456097 0.503471 0.0 0.260083 -1.093642 -13.539492 -0.302527 0.037024 14.167834 133.0
218 7305.0 -0.460076 0.509553 0.0 0.248802 -1.093642 -13.539492 -0.302527 0.037024 14.167834 133.0
219 7305.0 -0.453704 0.506541 0.0 0.258789 -1.093642 -13.539492 -0.302527 0.037024 14.167834 133.0
220 7305.0 -0.453416 0.524423 0.0 0.237601 -1.093642 -13.539492 -0.302527 0.037024 14.167834 133.0
221 7305.0 -0.466402 0.519666 0.0 0.230332 -1.093642 -13.539492 -0.302527 0.037024 14.167834 133.0
222 7305.0 -0.502135 0.527789 0.0 0.184853 -1.093642 -13.539492 -0.302527 0.037024 14.167834 133.0
223 7305.0 -0.504009 0.531352 0.0 0.1787 -1.093642 -13.539492 -0.302527 0.037024 14.167834 133.0
224 7305.0 -0.494951 0.522694 0.0 0.198155 -1.093642 -13.539492 -0.302527 0.037024 14.167834 133.0
225 7305.0 -0.47955 0.551529 0.0 0.178922 -1.093642 -13.539492 -0.302527 0.037024 14.167834 133.0
226 7305.0 -0.482103 0.535532 0.0 0.19558 -1.093642 -13.539492 -0.302527 0.037024 14.167834 133.0
227 7305.0 -0.505748 0.527928 0.0 0.181075 -1.093642 -13.539492 -0.302527 0.037024 14.167834 133.0
228 7305.0 -0.508594 0.513314 0.0 0.19578 -1.093642 -13.539492 -0.302527 0.037024 14.167834 133.0
229 7305.0 -0.519224 0.515311 0.0 0.182755 -1.093642 -13.539492 -0.302527 0.037024 14.167834 133.0
230 7305.0 -0.520615 0.509457 0.0 0.188395 -1.093642 -13.539492 -0.302527 0.037024 14.167834 133.0
231 7305.0 -0.522463 0.517529 0.0 0.176853 -1.093642 -13.539492 -0.302527 0.037024 14.167834 133.0
232 7305.0 -0.527038 0.517667 0.0 0.172113 -1.093642 -13.539492 -0.302527 0.037024 14.167834 133.0
233 7305.0 -0.521275 0.508284 0.0 0.189143 -1.093642 -13.539492 -0.302527 0.037024 14.167834 133.0
234 7305.0 -0.544885 0.511319 0.0 0.161896 -1.093642 -13.539492 -0.302527 0.037024 14.167834 133.0
235 7305.0 -0.564873 0.536176 0.0 0.112061 -1.093642 -13.539492 -0.302527 0.037024 14.167834 133.0
236 7305.0 -0.551725 0.513409 0.0 0.152548 -1.093642 -13.539492 -0.302527 0.037024 14.167834 133.0
237 7305.0 -0.534362 0.545877 0.0 0.130912 -1.093642 -13.539492 -0.302527 0.037024 14.167834 133.0
238 7305.0 -0.546829 0.552496 0.0 0.110499 -1.093642 -13.539492 -0.302527 0.037024 14.167834 133.0
239 7305.0 -0.576824 0.538312 0.0 0.097547 -1.093642 -13.539492 -0.302527 0.037024 14.167834 133.0
240 7305.0 -0.5813 0.560427 0.0 0.066514 -1.093642 -13.539492 -0.302527 0.037024 14.167834 133.0
241 7305.0 -0.603572 0.560078 0.0 0.044667 -1.093642 -13.539492 -0.302527 0.037024 14.167834 133.0
242 7305.0 -0.578379 0.56755 0.0 0.060881 -1.093642 -13.539492 -0.302527 0.037024 14.167834 133.0
243 7305.0 -0.577835 0.578124 0.0 0.048724 -1.093642 -13.539492 -0.302527 0.037024 14.167834 133.0
244 7305.0 -0.575629 0.58679 0.0 0.040523 -1.093642 -13.539492 -0.302527 0.037024 14.167834 133.0
245 7305.0 -0.581194 0.606 0.0 0.011888 -1.093642 -13.539492 -0.302527 0.037024 14.167834 133.0
246 7305.0 -0.573447 0.605309 0.0 0.020462 -1.093642 -13.539492 -0.302527 0.037024 14.167834 133.0
247 7305.0 -0.582648 0.617405 0.0 -0.003263 -1.093642 -13.539492 -0.302527 0.037024 14.167834 133.0
248 7305.0 -0.599609 0.617482 0.0 -0.020311 -1.093642 -13.539492 -0.302527 0.037024 14.167834 133.0
249 7305.0 -0.639624 0.622826 0.0 -0.066733 -1.093642 -13.539492 -0.302527 0.037024 14.167834 133.0
250 7305.0 -0.668886 0.658657 0.0 -0.140237 -1.093642 -13.539492 -0.302527 0.037024 14.167834 133.0
251 7305.0 -0.668781 0.656068 0.0 -0.136879 -1.093642 -13.539492 -0.302527 0.037024 14.167834 133.0
252 7305.0 -0.692999 0.675511 0.0 -0.185884 -1.093642 -13.539492 -0.302527 0.037024 14.167834 133.0
253 7305.0 -0.723376 0.677693 0.0 -0.215347 -1.093642 -13.539492 -0.302527 0.037024 14.167834 133.0
254 7305.0 -0.729933 0.678744 0.0 -0.222257 -1.093642 -13.539492 -0.302527 0.037024 14.167834 133.0
255 7305.0 -0.71418 0.69626 0.0 -0.22702 -1.093642 -13.539492 -0.302527 0.037024 14.167834 133.0
256 7305.0 -0.700673 0.707874 0.0 -0.227476 -1.093642 -13.539492 -0.302527 0.037024 14.167834 133.0
257 7305.0 -0.687997 0.710899 0.0 -0.219508 -1.093642 -13.539492 -0.302527 0.037024 14.167834 133.0
258 7305.0 -0.725994 0.699517 0.0 -0.240923 -1.093642 -13.539492 -0.302527 0.037024 14.167834 133.0
259 7305.0 -0.735366 0.68271 0.0 -0.231281 -1.093642 -13.539492 -0.302527 0.037024 14.167834 133.0
260 7305.0 -0.749142 0.708236 0.0 -0.270657 -1.093642 -13.539492 -0.302527 0.037024 14.167834 133.0
261 7305.0 -0.743979 0.72523 0.0 -0.2851 -1.093642 -13.539492 -0.302527 0.037024 14.167834 133.0
262 7305.0 -0.721241 0.725843 0.0 -0.264793 -1.093642 -13.539492 -0.302527 0.037024 14.167834 133.0
263 7305.0 -0.713474 0.722418 0.0 -0.254283 -1.093642 -13.539492 -0.302527 0.037024 14.167834 133.0
264 7305.0 -0.727129 0.703484 0.0 -0.246155 -1.093642 -13.539492 -0.302527 0.037024 14.167834 133.0
265 7305.0 -0.712491 0.706374 0.0 -0.236311 -1.093642 -13.539492 -0.302527 0.037024 14.167834 133.0
266 7305.0 -0.71438 0.727211 0.0 -0.260193 -1.093642 -13.539492 -0.302527 0.037024 14.167834 133.0
267 7305.0 -0.713619 0.747871 0.0 -0.286987 -1.093642 -13.539492 -0.302527 0.037024 14.167834 133.0
268 7305.0 -0.736534 0.744832 0.0 -0.305046 -1.093642 -13.539492 -0.302527 0.037024 14.167834 133.0
269 7305.0 -0.737878 0.745868 0.0 -0.30779 -1.093642 -13.539492 -0.302527 0.037024 14.167834 133.0
270 7305.0 -0.748341 0.743676 0.0 -0.314921 -1.093642 -13.539492 -0.302527 0.037024 14.167834 133.0
271 7305.0 -0.734152 0.744194 0.0 -0.301846 -1.093642 -13.539492 -0.302527 0.037024 14.167834 133.0
272 7305.0 -0.711914 0.723517 0.0 -0.254077 -1.093642 -13.539492 -0.302527 0.037024 14.167834 133.0
273 7305.0 -0.723928 0.738815 0.0 -0.284449 -1.093642 -13.539492 -0.302527 0.037024 14.167834 133.0
274 7305.0 -0.713395 0.741812 0.0 -0.278367 -1.093642 -13.539492 -0.302527 0.037024 14.167834 133.0
275 7305.0 -0.716598 0.729219 0.0 -0.264291 -1.093642 -13.539492 -0.302527 0.037024 14.167834 133.0
276 7305.0 -0.700486 0.716719 0.0 -0.23674 -1.093642 -13.539492 -0.302527 0.037024 14.167834 133.0
277 7305.0 -0.738719 0.724302 0.0 -0.278701 -1.093642 -13.539492 -0.302527 0.037024 14.167834 133.0
278 7305.0 -0.761488 0.734724 0.0 -0.315286 -1.093642 -13.539492 -0.302527 0.037024 14.167834 133.0
279 7305.0 -0.7705 0.742249 0.0 -0.334482 -1.093642 -13.539492 -0.302527 0.037024 14.167834 133.0
280 7305.0 -0.775834 0.732936 0.0 -0.326753 -1.093642 -13.539492 -0.302527 0.037024 14.167834 133.0
281 7305.0 -0.779636 0.75667 0.0 -0.363361 -1.093642 -13.539492 -0.302527 0.037024 14.167834 133.0
282 7305.0 -0.802607 0.767785 0.0 -0.401105 -1.093642 -13.539492 -0.302527 0.037024 14.167834 133.0
283 7305.0 -0.798445 0.780513 0.0 -0.41471 -1.093642 -13.539492 -0.302527 0.037024 14.167834 133.0
284 7305.0 -0.804411 0.788566 0.0 -0.431676 -1.093642 -13.539492 -0.302527 0.037024 14.167834 133.0
285 7305.0 -0.799278 0.78892 0.0 -0.427177 -1.093642 -13.539492 -0.302527 0.037024 14.167834 133.0
286 7305.0 -0.77397 0.804482 0.0 -0.424157 -1.093642 -13.539492 -0.302527 0.037024 14.167834 133.0
287 7305.0 -0.784352 0.833316 0.0 -0.475801 -1.093642 -13.539492 -0.302527 0.037024 14.167834 133.0
