 time p.x p.y p.z deep.node-0 CV opes.bias opes.rct opes.zed opes.neff opes.nker
0 5120.0 0.008101 0.501662 0.0 0.687172 -1.611627 -14.678812 -0.266806 0.037878 14.167834 130.0
1 5120.0 0.012891 0.519315 0.0 0.672486 -1.611627 -14.678812 -0.266806 0.037878 14.167834 130.0
2 5120.0 -0.012463 0.514907 0.0 0.660043 -1.611627 -14.678812 -0.266806 0.037878 14.167834 130.0
3 5120.0 -0.005299 0.498852 0.0 0.681082 -1.611627 -14.678812 -0.266806 0.037878 14.167834 130.0
4 5120.0 -0.000144 0.491606 0.0 0.691859 -1.611627 -14.678812 -0.266806 0.037878 14.167834 130.0
5 5120.0 -0.005452 0.499136 0.0 0.680692 -1.611627 -14.678812 -0.266806 0.037878 14.167834 130.0
6 5120.0 -0.012148 0.512569 0.0 0.66262 -1.611627 -14.678812 -0.266806 0.037878 14.167834 130.0
7 5120.0 0.004137 0.526101 0.0 0.659774 -1.611627 -14.678812 -0.266806 0.037878 14.167834 130.0
8 5120.0 0.000306 0.536488 0.0 0.646699 -1.611627 -14.678812 -0.266806 0.037878 14.167834 130.0
9 5120.0 0.002743 0.506659 0.0 0.678537 -1.611627 -14.678812 -0.266806 0.037878 14.167834 130.0
10 5120.0 0.006136 0.479916 0.0 0.707888 -1.611627 -14.678812 -0.266806 0.037878 14.167834 130.0
11 5120.0 0.000505 0.499094 0.0 0.684708 -1.611627 -14.678812 -0.266806 0.037878 14.167834 130.0
12 5120.0 -0.00132 0.489481 0.0 0.693228 -1.611627 -14.678812 -0.266806 0.037878 14.167834 130.0
13 5120.0 0.000389 0.473988 0.0 0.71006 -1.611627 -14.678812 -0.266806 0.037878 14.167834 130.0
14 5120.0 0.010283 0.472283 0.0 0.718385 -1.611627 -14.678812 -0.266806 0.037878 14.167834 130.0
15 5120.0 0.01531 0.502817 0.0 0.69081 -1.611627 -14.678812 -0.266806 0.037878 14.167834 130.0
16 5120.0 0.016633 0.518929 0.0 0.675373 -1.611627 -14.678812 -0.266806 0.037878 14.167834 130.0
17 5120.0 0.00059 0.507816 0.0 0.67593 -1.611627 -14.678812 -0.266806 0.037878 14.167834 130.0
18 5120.0 0.015955 0.499705 0.0 0.694392 -1.611627 -14.678812 -0.266806 0.037878 14.167834 130.0
19 5120.0 0.017254 0.520596 0.0 0.674099 -1.611627 -14.678812 -0.266806 0.037878 14.167834 130.0
20 5120.0 0.011796 0.534518 0.0 0.656358 -1.611627 -14.678812 -0.266806 0.037878 14.167834 130.0
21 5120.0 0.020641 0.550964 0.0 0.645597 -1.611627 -14.678812 -0.266806 0.037878 14.167834 130.0
22 5120.0 0.003084 0.543736 0.0 0.641211 -1.611627 -14.678812 -0.266806 0.037878 14.167834 130.0
23 5120.0 0.020966 0.533197 0.0 0.66381 -1.611627 -14.678812 -0.266806 0.037878 14.167834 130.0
24 5120.0 0.032316 0.543199 0.0 0.66125 -1.611627 -14.678812 -0.266806 0.037878 14.167834 130.0
25 5120.0 0.051095 0.53071 0.0 0.686423 -1.611627 -14.678812 -0.266806 0.037878 14.167834 130.0
26 5120.0 0.035572 0.525866 0.0 0.680977 -1.611627 -14.678812 -0.266806 0.037878 14.167834 130.0
27 5120.0 0.019073 0.515939 0.0 0.680028 -1.611627 -14.678812 -0.266806 0.037878 14.167834 130.0
28 5120.0 0.034655 0.498019 0.0 0.708571 -1.611627 -14.678812 -0.266806 0.037878 14.167834 130.0
29 5120.0 0.011387 0.484462 0.0 0.706785 -1.611627 -14.678812 -0.266806 0.037878 14.167834 130.0
30 5120.0 0.027069 0.473118 0.0 0.728734 -1.611627 -14.678812 -0.266806 0.037878 14.167834 130.0
31 5120.0 -0.009146 0.490722 0.0 0.686751 -1.611627 -14.678812 -0.266806 0.037878 14.167834 130.0
32 5120.0 0.003151 0.521616 0.0 0.66366 -1.611627 -14.678812 -0.266806 0.037878 14.167834 130.0
33 5120.0 -0.008577 0.521161 0.0 0.6563 -1.611627 -14.678812 -0.266806 0.037878 14.167834 130.0
34 5120.0 -0.019806 0.537631 0.0 0.632129 -1.611627 -14.678812 -0.266806 0.037878 14.167834 130.0
35 5120.0 -0.015126 0.512982 0.0 0.660217 -1.611627 -14.678812 -0.266806 0.037878 14.167834 130.0
36 5120.0 -0.030742 0.508248 0.0 0.654597 -1.611627 -14.678812 -0.266806 0.037878 14.167834 130.0
37 5120.0 -0.016979 0.514068 0.0 0.65788 -1.611627 -14.678812 -0.266806 0.037878 14.167834 130.0
38 5120.0 -0.006929 0.51764 0.0 0.660965 -1.611627 -14.678812 -0.266806 0.037878 14.167834 130.0
39 5120.0 -0.001097 0.509543 0.0 0.673055 -1.611627 -14.678812 -0.266806 0.037878 14.167834 130.0
40 5120.0 0.016481 0.51094 0.0 0.683363 -1.611627 -14.678812 -0.266806 0.037878 14.167834 130.0
41 5120.0 0.016577 0.525257 0.0 0.668926 -1.611627 -14.678812 -0.266806 0.037878 14.167834 130.0
42 5120.0 0.027114 0.514094 0.0 0.68726 -1.611627 -14.678812 -0.266806 0.037878 14.167834 130.0
43 5120.0 0.058697 0.532544 0.0 0.689635 -1.611627 -14.678812 -0.266806 0.037878 14.167834 130.0
44 5120.0 0.064635 0.508779 0.0 0.717666 -1.611627 -14.678812 -0.266806 0.037878 14.167834 130.0
45 5120.0 0.080002 0.523264 0.0 0.713243 -1.611627 -14.678812 -0.266806 0.037878 14.167834 130.0
46 5120.0 0.075802 0.520688 0.0 0.713052 -1.611627 -14.678812 -0.266806 0.037878 14.167834 130.0
47 5120.0 0.071013 0.533121 0.0 0.697265 -1.611627 -14.678812 -0.266806 0.037878 14.167834 130.0
48 5120.0 0.056221 0.545147 0.0 0.675218 -1.611627 -14.678812 -0.266806 0.037878 14.167834 130.0
49 5120.0 0.067566 0.553314 0.0 0.674512 -1.611627 -14.678812 -0.266806 0.037878 14.167834 130.0
50 5120.0 0.043618 0.5431 0.0 0.668887 -1.611627 -14.678812 -0.266806 0.037878 14.167834 130.0
51 5120.0 0.055068 0.51922 0.0 0.70071 -1.611627 -14.678812 -0.266806 0.037878 14.167834 130.0
52 5120.0 0.051317 0.489191 0.0 0.728625 -1.611627 -14.678812 -0.266806 0.037878 14.167834 130.0
53 5120.0 0.040803 0.506434 0.0 0.704148 -1.611627 -14.678812 -0.266806 0.037878 14.167834 130.0
54 5120.0 0.046071 0.547257 0.0 0.666312 -1.611627 -14.678812 -0.266806 0.037878 14.167834 130.0
55 5120.0 0.031211 0.51687 0.0 0.68718 -1.611627 -14.678812 -0.266806 0.037878 14.167834 130.0
56 5120.0 0.035132 0.521664 0.0 0.68494 -1.611627 -14.678812 -0.266806 0.037878 14.167834 130.0
57 5120.0 0.052766 0.528258 0.0 0.690021 -1.611627 -14.678812 -0.266806 0.037878 14.167834 130.0
58 5120.0 0.077668 0.52089 0.0 0.714092 -1.611627 -14.678812 -0.266806 0.037878 14.167834 130.0
59 5120.0 0.077707 0.50663 0.0 0.728561 -1.611627 -14.678812 -0.266806 0.037878 14.167834 130.0
60 5120.0 0.086408 0.501262 0.0 0.7398 -1.611627 -14.678812 -0.266806 0.037878 14.167834 130.0
61 5120.0 0.073834 0.504302 0.0 0.728335 -1.611627 -14.678812 -0.266806 0.037878 14.167834 130.0
62 5120.0 0.065784 0.504105 0.0 0.723167 -1.611627 -14.678812 -0.266806 0.037878 14.167834 130.0
63 5120.0 0.067174 0.51149 0.0 0.716613 -1.611627 -14.678812 -0.266806 0.037878 14.167834 130.0
64 5120.0 0.066916 0.50598 0.0 0.722022 -1.611627 -14.678812 -0.266806 0.037878 14.167834 130.0
65 5120.0 0.0633 0.508984 0.0 0.716568 -1.611627 -14.678812 -0.266806 0.037878 14.167834 130.0
66 5120.0 0.064663 0.518375 0.0 0.707965 -1.611627 -14.678812 -0.266806 0.037878 14.167834 130.0
67 5120.0 0.059401 0.537831 0.0 0.684749 -1.611627 -14.678812 -0.266806 0.037878 14.167834 130.0
68 5120.0 0.066123 0.539989 0.0 0.687047 -1.611627 -14.678812 -0.266806 0.037878 14.167834 130.0
69 5120.0 0.057228 0.542298 0.0 0.678776 -1.611627 -14.678812 -0.266806 0.037878 14.167834 130.0
70 5120.0 0.066628 0.524329 0.0 0.703245 -1.611627 -14.678812 -0.266806 0.037878 14.167834 130.0
71 5120.0 0.06066 0.519472 0.0 0.704184 -1.611627 -14.678812 -0.266806 0.037878 14.167834 130.0
72 5120.0 0.059586 0.495079 0.0 0.728176 -1.611627 -14.678812 -0.266806 0.037878 14.167834 130.0
73 5120.0 0.059367 0.48065 0.0 0.742645 -1.611627 -14.678812 -0.266806 0.037878 14.167834 130.0
74 5120.0 0.082937 0.487275 0.0 0.751653 -1.611627 -14.678812 -0.266806 0.037878 14.167834 130.0
75 5120.0 0.081469 0.488858 0.0 0.74907 -1.611627 -14.678812 -0.266806 0.037878 14.167834 130.0
76 5120.0 0.06112 0.494271 0.0 0.730017 -1.611627 -14.678812 -0.266806 0.037878 14.167834 130.0
77 5120.0 0.049457 0.470196 0.0 0.746624 -1.611627 -14.678812 -0.266806 0.037878 14.167834 130.0
78 5120.0 0.031484 0.467043 0.0 0.737831 -1.611627 -14.678812 -0.266806 0.037878 14.167834 130.0
79 5120.0 0.021861 0.496588 0.0 0.701488 -1.611627 -14.678812 -0.266806 0.037878 14.167834 130.0
80 5120.0 0.039918 0.499972 0.0 0.710103 -1.611627 -14.678812 -0.266806 0.037878 14.167834 130.0
81 5120.0 0.054619 0.50352 0.0 0.716313 -1.611627 -14.678812 -0.266806 0.037878 14.167834 130.0
82 5120.0 0.060162 0.516463 0.0 0.7069 -1.611627 -14.678812 -0.266806 0.037878 14.167834 130.0
83 5120.0 0.031672 0.503901 0.0 0.700625 -1.611627 -14.678812 -0.266806 0.037878 14.167834 130.0
84 5120.0 0.02867 0.502735 0.0 0.699803 -1.611627 -14.678812 -0.266806 0.037878 14.167834 130.0
85 5120.0 0.051559 0.519077 0.0 0.698515 -1.611627 -14.678812 -0.266806 0.037878 14.167834 130.0
86 5120.0 0.007672 0.4946 0.0 0.694039 -1.611627 -14.678812 -0.266806 0.037878 14.167834 130.0
87 5120.0 0.004465 0.493281 0.0 0.693237 -1.611627 -14.678812 -0.266806 0.037878 14.167834 130.0
88 5120.0 -0.007012 0.491797 0.0 0.687086 -1.611627 -14.678812 -0.266806 0.037878 14.167834 130.0
89 5120.0 0.012394 0.481358 0.0 0.7106 -1.611627 -14.678812 -0.266806 0.037878 14.167834 130.0
90 5120.0 0.006877 0.511512 0.0 0.67638 -1.611627 -14.678812 -0.266806 0.037878 14.167834 130.0
91 5120.0 2.3e-05 0.503802 0.0 0.679618 -1.611627 -14.678812 -0.266806 0.037878 14.167834 130.0
92 5120.0 0.012546 0.511972 0.0 0.679694 -1.611627 -14.678812 -0.266806 0.037878 14.167834 130.0
93 5120.0 0.008715 0.47491 0.0 0.714678 -1.611627 -14.678812 -0.266806 0.037878 14.167834 130.0
94 5120.0 -0.025914 0.477018 0.0 0.689449 -1.611627 -14.678812 -0.266806 0.037878 14.167834 130.0
95 5120.0 -0.046976 0.474862 0.0 0.677587 -1.611627 -14.678812 -0.266806 0.037878 14.167834 130.0
96 5120.0 -0.050758 0.502914 0.0 0.645098 -1.611627 -14.678812 -0.266806 0.037878 14.167834 130.0
97 5120.0 -0.054107 0.502041 0.0 0.64315 -1.611627 -14.678812 -0.266806 0.037878 14.167834 130.0
98 5120.0 -0.036907 0.4963 0.0 0.662587 -1.611627 -14.678812 -0.266806 0.037878 14.167834 130.0
99 5120.0 -0.029578 0.50852 0.0 0.655097 -1.611627 -14.678812 -0.266806 0.037878 14.167834 130.0
100 5120.0 -0.058905 0.508456 0.0 0.632158 -1.611627 -14.678812 -0.266806 0.037878 14.167834 130.0
101 5120.0 -0.058825 0.492151 0.0 0.649666 -1.611627 -14.678812 -0.266806 0.037878 14.167834 130.0
102 5120.0 -0.068926 0.504302 0.0 0.627977 -1.611627 -14.678812 -0.266806 0.037878 14.167834 130.0
103 5120.0 -0.090102 0.513955 0.0 0.599426 -1.611627 -14.678812 -0.266806 0.037878 14.167834 130.0
104 5120.0 -0.090409 0.51711 0.0 0.595787 -1.611627 -14.678812 -0.266806 0.037878 14.167834 130.0
105 5120.0 -0.107672 0.525723 0.0 0.571717 -1.611627 -14.678812 -0.266806 0.037878 14.167834 130.0
106 5120.0 -0.087715 0.508854 0.0 0.606936 -1.611627 -14.678812 -0.266806 0.037878 14.167834 130.0
107 5120.0 -0.093262 0.487825 0.0 0.624655 -1.611627 -14.678812 -0.266806 0.037878 14.167834 130.0
108 5120.0 -0.123752 0.490669 0.0 0.59537 -1.611627 -14.678812 -0.266806 0.037878 14.167834 130.0
109 5120.0 -0.119735 0.5156 0.0 0.572161 -1.611627 -14.678812 -0.266806 0.037878 14.167834 130.0
110 5120.0 -0.092902 0.507478 0.0 0.603944 -1.611627 -14.678812 -0.266806 0.037878 14.167834 130.0
111 5120.0 -0.0944 0.503949 0.0 0.606429 -1.611627 -14.678812 -0.266806 0.037878 14.167834 130.0
112 5120.0 -0.096608 0.504893 0.0 0.603519 -1.611627 -14.678812 -0.266806 0.037878 14.167834 130.0
113 5120.0 -0.071942 0.511979 0.0 0.617169 -1.611627 -14.678812 -0.266806 0.037878 14.167834 130.0
114 5120.0 -0.089393 0.548836 0.0 0.562728 -1.611627 -14.678812 -0.266806 0.037878 14.167834 130.0
115 5120.0 -0.101291 0.536818 0.0 0.565342 -1.611627 -14.678812 -0.266806 0.037878 14.167834 130.0
116 5120.0 -0.045749 0.516618 0.0 0.634751 -1.611627 -14.678812 -0.266806 0.037878 14.167834 130.0
117 5120.0 -0.058157 0.520172 0.0 0.620271 -1.611627 -14.678812 -0.266806 0.037878 14.167834 130.0
118 5120.0 -0.077943 0.514528 0.0 0.609278 -1.611627 -14.678812 -0.266806 0.037878 14.167834 130.0
119 5120.0 -0.086739 0.487242 0.0 0.630892 -1.611627 -14.678812 -0.266806 0.037878 14.167834 130.0
120 5120.0 -0.087654 0.509203 0.0 0.606615 -1.611627 -14.678812 -0.266806 0.037878 14.167834 130.0
121 5120.0 -0.08479 0.508535 0.0 0.609795 -1.611627 -14.678812 -0.266806 0.037878 14.167834 130.0
122 5120.0 -0.088025 0.524807 0.0 0.589606 -1.611627 -14.678812 -0.266806 0.037878 14.167834 130.0
123 5120.0 -0.062051 0.530149 0.0 0.606248 -1.611627 -14.678812 -0.266806 0.037878 14.167834 130.0
124 5120.0 -0.070487 0.518631 0.0 0.611308 -1.611627 -14.678812 -0.266806 0.037878 14.167834 130.0
125 5120.0 -0.085547 0.501337 0.0 0.616842 -1.611627 -14.678812 -0.266806 0.037878 14.167834 130.0
126 5120.0 -0.120605 0.490164 0.0 0.598619 -1.611627 -14.678812 -0.266806 0.037878 14.167834 130.0
127 5120.0 -0.148853 0.501011 0.0 0.562705 -1.611627 -14.678812 -0.266806 0.037878 14.167834 130.0
128 5120.0 -0.145898 0.52774 0.0 0.536659 -1.611627 -14.678812 -0.266806 0.037878 14.167834 130.0
129 5120.0 -0.120338 0.542386 0.0 0.542993 -1.611627 -14.678812 -0.266806 0.037878 14.167834 130.0
130 5120.0 -0.123193 0.519649 0.0 0.564855 -1.611627 -14.678812 -0.266806 0.037878 14.167834 130.0
131 5120.0 -0.122209 0.518938 0.0 0.566462 -1.611627 -14.678812 -0.266806 0.037878 14.167834 130.0
132 5120.0 -0.112912 0.55203 0.0 0.539069 -1.611627 -14.678812 -0.266806 0.037878 14.167834 130.0
133 5120.0 -0.115131 0.543953 0.0 0.545798 -1.611627 -14.678812 -0.266806 0.037878 14.167834 130.0
134 5120.0 -0.12208 0.549799 0.0 0.533564 -1.611627 -14.678812 -0.266806 0.037878 14.167834 130.0
135 5120.0 -0.118376 0.565989 0.0 0.519436 -1.611627 -14.678812 -0.266806 0.037878 14.167834 130.0
136 5120.0 -0.129361 0.555388 0.0 0.52132 -1.611627 -14.678812 -0.266806 0.037878 14.167834 130.0
137 5120.0 -0.133937 0.56288 0.0 0.509368 -1.611627 -14.678812 -0.266806 0.037878 14.167834 130.0
138 5120.0 -0.124444 0.554401 0.0 0.526608 -1.611627 -14.678812 -0.266806 0.037878 14.167834 130.0
139 5120.0 -0.152034 0.561715 0.0 0.494112 -1.611627 -14.678812 -0.266806 0.037878 14.167834 130.0
140 5120.0 -0.171231 0.564035 0.0 0.472134 -1.611627 -14.678812 -0.266806 0.037878 14.167834 130.0
141 5120.0 -0.192051 0.547258 0.0 0.471467 -1.611627 -14.678812 -0.266806 0.037878 14.167834 130.0
142 5120.0 -0.187905 0.510816 0.0 0.518606 -1.611627 -14.678812 -0.266806 0.037878 14.167834 130.0
143 5120.0 -0.170939 0.52432 0.0 0.518764 -1.611627 -14.678812 -0.266806 0.037878 14.167834 130.0
144 5120.0 -0.200758 0.514569 0.0 0.502022 -1.611627 -14.678812 -0.266806 0.037878 14.167834 130.0
145 5120.0 -0.198318 0.565631 0.0 0.443138 -1.611627 -14.678812 -0.266806 0.037878 14.167834 130.0
146 5120.0 -0.181687 0.55956 0.0 0.467055 -1.611627 -14.678812 -0.266806 0.037878 14.167834 130.0
147 5120.0 -0.155873 0.560032 0.0 0.492295 -1.611627 -14.678812 -0.266806 0.037878 14.167834 130.0
148 5120.0 -0.156449 0.55729 0.0 0.495011 -1.611627 -14.678812 -0.266806 0.037878 14.167834 130.0
149 5120.0 -0.144303 0.554256 0.0 0.50967 -1.611627 -14.678812 -0.266806 0.037878 14.167834 130.0
150 5120.0 -0.156935 0.549997 0.0 0.503284 -1.611627 -14.678812 -0.266806 0.037878 14.167834 130.0
151 5120.0 -0.184141 0.563863 0.0 0.459434 -1.611627 -14.678812 -0.266806 0.037878 14.167834 130.0
152 5120.0 -0.218194 0.551488 0.0 0.440252 -1.611627 -14.678812 -0.266806 0.037878 14.167834 130.0
153 5120.0 -0.227111 0.571631 0.0 0.407147 -1.611627 -14.678812 -0.266806 0.037878 14.167834 130.0
154 5120.0 -0.243114 0.554224 0.0 0.412054 -1.611627 -14.678812 -0.266806 0.037878 14.167834 130.0
155 5120.0 -0.233155 0.535487 0.0 0.444512 -1.611627 -14.678812 -0.266806 0.037878 14.167834 130.0
156 5120.0 -0.228469 0.529531 0.0 0.45635 -1.611627 -14.678812 -0.266806 0.037878 14.167834 130.0
157 5120.0 -0.232988 0.541263 0.0 0.437742 -1.611627 -14.678812 -0.266806 0.037878 14.167834 130.0
158 5120.0 -0.243702 0.554907 0.0 0.410645 -1.611627 -14.678812 -0.266806 0.037878 14.167834 130.0
159 5120.0 -0.259062 0.546924 0.0 0.404877 -1.611627 -14.678812 -0.266806 0.037878 14.167834 130.0
160 5120.0 -0.250924 0.550787 0.0 0.408374 -1.611627 -14.678812 -0.266806 0.037878 14.167834 130.0
161 5120.0 -0.241507 0.543005 0.0 0.427133 -1.611627 -14.678812 -0.266806 0.037878 14.167834 130.0
162 5120.0 -0.280357 0.526487 0.0 0.408132 -1.611627 -14.678812 -0.266806 0.037878 14.167834 130.0
163 5120.0 -0.263927 0.523483 0.0 0.428165 -1.611627 -14.678812 -0.266806 0.037878 14.167834 130.0
164 5120.0 -0.257351 0.511141 0.0 0.449562 -1.611627 -14.678812 -0.266806 0.037878 14.167834 130.0
165 5120.0 -0.256594 0.515061 0.0 0.44561 -1.611627 -14.678812 -0.266806 0.037878 14.167834 130.0
166 5120.0 -0.230077 0.528117 0.0 0.456441 -1.611627 -14.678812 -0.266806 0.037878 14.167834 130.0
167 5120.0 -0.246963 0.532478 0.0 0.434321 -1.611627 -14.678812 -0.266806 0.037878 14.167834 130.0
168 5120.0 -0.251151 0.550072 0.0 0.409005 -1.611627 -14.678812 -0.266806 0.037878 14.167834 130.0
169 5120.0 -0.251888 0.55086 0.0 0.407321 -1.611627 -14.678812 -0.266806 0.037878 14.167834 130.0
170 5120.0 -0.217635 0.553198 0.0 0.438758 -1.611627 -14.678812 -0.266806 0.037878 14.167834 130.0
171 5120.0 -0.238551 0.559959 0.0 0.409727 -1.611627 -14.678812 -0.266806 0.037878 14.167834 130.0
172 5120.0 -0.270256 0.550453 0.0 0.389449 -1.611627 -14.678812 -0.266806 0.037878 14.167834 130.0
173 5120.0 -0.285136 0.560234 0.0 0.362826 -1.611627 -14.678812 -0.266806 0.037878 14.167834 130.0
174 5120.0 -0.283268 0.572015 0.0 0.350544 -1.611627 -14.678812 -0.266806 0.037878 14.167834 130.0
175 5120.0 -0.304777 0.546594 0.0 0.359571 -1.611627 -14.678812 -0.266806 0.037878 14.167834 130.0
176 5120.0 -0.312771 0.532593 0.0 0.368394 -1.611627 -14.678812 -0.266806 0.037878 14.167834 130.0
177 5120.0 -0.313779 0.535977 0.0 0.363323 -1.611627 -14.678812 -0.266806 0.037878 14.167834 130.0
178 5120.0 -0.324979 0.532 0.0 0.356902 -1.611627 -14.678812 -0.266806 0.037878 14.167834 130.0
179 5120.0 -0.357827 0.533658 0.0 0.322073 -1.611627 -14.678812 -0.266806 0.037878 14.167834 130.0
180 5120.0 -0.342698 0.554277 0.0 0.312434 -1.611627 -14.678812 -0.266806 0.037878 14.167834 130.0
181 5120.0 -0.377369 0.554287 0.0 0.27776 -1.611627 -14.678812 -0.266806 0.037878 14.167834 130.0
182 5120.0 -0.388713 0.546689 0.0 0.275546 -1.611627 -14.678812 -0.266806 0.037878 14.167834 130.0
183 5120.0 -0.394288 0.55114 0.0 0.264625 -1.611627 -14.678812 -0.266806 0.037878 14.167834 130.0
184 5120.0 -0.369242 0.528034 0.0 0.317414 -1.611627 -14.678812 -0.266806 0.037878 14.167834 130.0
185 5120.0 -0.376261 0.520453 0.0 0.319503 -1.611627 -14.678812 -0.266806 0.037878 14.167834 130.0
186 5120.0 -0.384262 0.515924 0.0 0.316942 -1.611627 -14.678812 -0.266806 0.037878 14.167834 130.0
187 5120.0 -0.380633 0.496422 0.0 0.343993 -1.611627 -14.678812 -0.266806 0.037878 14.167834 130.0
188 5120.0 -0.414612 0.505649 0.0 0.298941 -1.611627 -14.678812 -0.266806 0.037878 14.167834 130.0
189 5120.0 -0.423121 0.502584 0.0 0.294115 -1.611627 -14.678812 -0.266806 0.037878 14.167834 130.0
190 5120.0 -0.439597 0.511485 0.0 0.266955 -1.611627 -14.678812 -0.266806 0.037878 14.167834 130.0
191 5120.0 -0.461545 0.510902 0.0 0.245713 -1.611627 -14.678812 -0.266806 0.037878 14.167834 130.0
192 5120.0 -0.479229 0.513439 0.0 0.224987 -1.611627 -14.678812 -0.266806 0.037878 14.167834 130.0
193 5120.0 -0.497408 0.513018 0.0 0.207319 -1.611627 -14.678812 -0.266806 0.037878 14.167834 130.0
194 5120.0 -0.497487 0.483214 0.0 0.243034 -1.611627 -14.678812 -0.266806 0.037878 14.167834 130.0
195 5120.0 -0.506767 0.492863 0.0 0.222168 -1.611627 -14.678812 -0.266806 0.037878 14.167834 130.0
196 5120.0 -0.511608 0.492279 0.0 0.21803 -1.611627 -14.678812 -0.266806 0.037878 14.167834 130.0
197 5120.0 -0.536657 0.493582 0.0 0.191423 -1.611627 -14.678812 -0.266806 0.037878 14.167834 130.0
198 5120.0 -0.56718 0.474764 0.0 0.183507 -1.611627 -14.678812 -0.266806 0.037878 14.167834 130.0
199 5120.0 -0.583695 0.497917 0.0 0.139191 -1.611627 -14.678812 -0.266806 0.037878 14.167834 130.0
200 5120.0 -0.611402 0.511269 0.0 0.095458 -1.611627 -14.678812 -0.266806 0.037878 14.167834 130.0
201 5120.0 -0.645738 0.519628 0.0 0.051092 -1.611627 -14.678812 -0.266806 0.037878 14.167834 130.0
202 5120.0 -0.655248 0.516182 0.0 0.045724 -1.611627 -14.678812 -0.266806 0.037878 14.167834 130.0
203 5120.0 -0.673094 0.494954 0.0 0.053376 -1.611627 -14.678812 -0.266806 0.037878 14.167834 130.0
204 5120.0 -0.688461 0.515178 0.0 0.013725 -1.611627 -14.678812 -0.266806 0.037878 14.167834 130.0
205 5120.0 -0.69647 0.52969 0.0 -0.011709 -1.611627 -14.678812 -0.266806 0.037878 14.167834 130.0
206 5120.0 -0.707435 0.535389 0.0 -0.029516 -1.611627 -14.678812 -0.266806 0.037878 14.167834 130.0
207 5120.0 -0.692636 0.553201 0.0 -0.036112 -1.611627 -14.678812 -0.266806 0.037878 14.167834 130.0
208 5120.0 -0.686375 0.572177 0.0 -0.052643 -1.611627 -14.678812 -0.266806 0.037878 14.167834 130.0
209 5120.0 -0.703693 0.563112 0.0 -0.059069 -1.611627 -14.678812 -0.266806 0.037878 14.167834 130.0
210 5120.0 -0.699869 0.567707 0.0 -0.060764 -1.611627 -14.678812 -0.266806 0.037878 14.167834 130.0
211 5120.0 -0.734564 0.580083 0.0 -0.110313 -1.611627 -14.678812 -0.266806 0.037878 14.167834 130.0
212 5120.0 -0.763412 0.592063 0.0 -0.15354 -1.611627 -14.678812 -0.266806 0.037878 14.167834 130.0
213 5120.0 -0.763627 0.60321 0.0 -0.167142 -1.611627 -14.678812 -0.266806 0.037878 14.167834 130.0
214 5120.0 -0.771632 0.614258 0.0 -0.188801 -1.611627 -14.678812 -0.266806 0.037878 14.167834 130.0
215 5120.0 -0.763126 0.640933 0.0 -0.211257 -1.611627 -14.678812 -0.266806 0.037878 14.167834 130.0
216 5120.0 -0.756276 0.633919 0.0 -0.197731 -1.611627 -14.678812 -0.266806 0.037878 14.167834 130.0
217 5120.0 -0.742499 0.614112 0.0 -0.159114 -1.611627 -14.678812 -0.266806 0.037878 14.167834 130.0
218 5120.0 -0.725415 0.608608 0.0 -0.135425 -1.611627 -14.678812 -0.266806 0.037878 14.167834 130.0
219 5120.0 -0.749728 0.589177 0.0 -0.136394 -1.611627 -14.678812 -0.266806 0.037878 14.167834 130.0
220 5120.0 -0.736444 0.571949 0.0 -0.102424 -1.611627 -14.678812 -0.266806 0.037878 14.167834 130.0
221 5120.0 -0.730415 0.585358 0.0 -0.1125 -1.611627 -14.678812 -0.266806 0.037878 14.167834 130.0
222 5120.0 -0.739629 0.611084 0.0 -0.152608 -1.611627 -14.678812 -0.266806 0.037878 14.167834 130.0
223 5120.0 -0.751404 0.610916 0.0 -0.164177 -1.611627 -14.678812 -0.266806 0.037878 14.167834 130.0
224 5120.0 -0.784241 0.622971 0.0 -0.210752 -1.611627 -14.678812 -0.266806 0.037878 14.167834 130.0
225 5120.0 -0.797048 0.614873 0.0 -0.213427 -1.611627 -14.678812 -0.266806 0.037878 14.167834 130.0
226 5120.0 -0.821615 0.606326 0.0 -0.226007 -1.611627 -14.678812 -0.266806 0.037878 14.167834 130.0
227 5120.0 -0.832841 0.617496 0.0 -0.247827 -1.611627 -14.678812 -0.266806 0.037878 14.167834 130.0
228 5120.0 -0.818343 0.61901 0.0 -0.236641 -1.611627 -14.678812 -0.266806 0.037878 14.167834 130.0
229 5120.0 -0.815948 0.624451 0.0 -0.240326 -1.611627 -14.678812 -0.266806 0.037878 14.167834 130.0
230 5120.0 -0.79189 0.662316 0.0 -0.25945 -1.611627 -14.678812 -0.266806 0.037878 14.167834 130.0
231 5120.0 -0.788398 0.668326 0.0 -0.262774 -1.611627 -14.678812 -0.266806 0.037878 14.167834 130.0
232 5120.0 -0.767255 0.681552 0.0 -0.258205 -1.611627 -14.678812 -0.266806 0.037878 14.167834 130.0
233 5120.0 -0.771965 0.70331 0.0 -0.285559 -1.611627 -14.678812 -0.266806 0.037878 14.167834 130.0
234 5120.0 -0.783271 0.708203 0.0 -0.300757 -1.611627 -14.678812 -0.266806 0.037878 14.167834 130.0
235 5120.0 -0.77617 0.714689 0.0 -0.301776 -1.611627 -14.678812 -0.266806 0.037878 14.167834 130.0
236 5120.0 -0.753337 0.74329 0.0 -0.319242 -1.611627 -14.678812 -0.266806 0.037878 14.167834 130.0
237 5120.0 -0.789101 0.749876 0.0 -0.363141 -1.611627 -14.678812 -0.266806 0.037878 14.167834 130.0
238 5120.0 -0.801203 0.726902 0.0 -0.343047 -1.611627 -14.678812 -0.266806 0.037878 14.167834 130.0
239 5120.0 -0.796001 0.707951 0.0 -0.311728 -1.611627 -14.678812 -0.266806 0.037878 14.167834 130.0
240 5120.0 -0.820364 0.703404 0.0 -0.329088 -1.611627 -14.678812 -0.266806 0.037878 14.167834 130.0
241 5120.0 -0.827665 0.695195 0.0 -0.326088 -1.611627 -14.678812 -0.266806 0.037878 14.167834 130.0
242 5120.0 -0.830566 0.705476 0.0 -0.341877 -1.611627 -14.678812 -0.266806 0.037878 14.167834 130.0
243 5120.0 -0.820626 0.712821 0.0 -0.3424 -1.611627 -14.678812 -0.266806 0.037878 14.167834 130.0
244 5120.0 -0.837538 0.704471 0.0 -0.347261 -1.611627 -14.678812 -0.266806 0.037878 14.167834 130.0
245 5120.0 -0.870364 0.697012 0.0 -0.368828 -1.611627 -14.678812 -0.266806 0.037878 14.167834 130.0
246 5120.0 -0.869652 0.696769 0.0 -0.367798 -1.611627 -14.678812 -0.266806 0.037878 14.167834 130.0
247 5120.0 -0.891057 0.709382 0.0 -0.406097 -1.611627 -14.678812 -0.266806 0.037878 14.167834 130.0
248 5120.0 -0.87877 0.709647 0.0 -0.39452 -1.611627 -14.678812 -0.266806 0.037878 14.167834 130.0
249 5120.0 -0.871089 0.724058 0.0 -0.407037 -1.611627 -14.678812 -0.266806 0.037878 14.167834 130.0
250 5120.0 -0.878726 0.718253 0.0 -0.406411 -1.611627 -14.678812 -0.266806 0.037878 14.167834 130.0
251 5120.0 -0.899103 0.733442 0.0 -0.447021 -1.611627 -14.678812 -0.266806 0.037878 14.167834 130.0
252 5120.0 -0.899831 0.724012 0.0 -0.434822 -1.611627 -14.678812 -0.266806 0.037878 14.167834 130.0
253 5120.0 -0.929294 0.69237 0.0 -0.41886 -1.611627 -14.678812 -0.266806 0.037878 14.167834 130.0
254 5120.0 -0.928161 0.687729 0.0 -0.411476 -1.611627 -14.678812 -0.266806 0.037878 14.167834 130.0
255 5120.0 -0.929363 0.709498 0.0 -0.442304 -1.611627 -14.678812 -0.266806 0.037878 14.167834 130.0
256 5120.0 -0.91684 0.70214 0.0 -0.420685 -1.611627 -14.678812 -0.266806 0.037878 14.167834 130.0
257 5120.0 -0.927728 0.698189 0.0 -0.425357 -1.611627 -14.678812 -0.266806 0.037878 14.167834 130.0
258 5120.0 -0.951357 0.713598 0.0 -0.46823 -1.611627 -14.678812 -0.266806 0.037878 14.167834 130.0
259 5120.0 -0.961734 0.706485 0.0 -0.468111 -1.611627 -14.678812 -0.266806 0.037878 14.167834 130.0
260 5120.0 -0.944435 0.724639 0.0 -0.476905 -1.611627 -14.678812 -0.266806 0.037878 14.167834 130.0
261 5120.0 -0.98157 0.729312 0.0 -0.517606 -1.611627 -14.678812 -0.266806 0.037878 14.167834 130.0
262 5120.0 -0.97842 0.732246 0.0 -0.518701 -1.611627 -14.678812 -0.266806 0.037878 14.167834 130.0
263 5120.0 -0.989425 0.7316 0.0 -0.52799 -1.611627 -14.678812 -0.266806 0.037878 14.167834 130.0
264 5120.0 -0.982812 0.75657 0.0 -0.555963 -1.611627 -14.678812 -0.266806 0.037878 14.167834 130.0
265 5120.0 -1.003906 0.780252 0.0 -0.608422 -1.611627 -14.678812 -0.266806 0.037878 14.167834 130.0
266 5120.0 -1.010826 0.788281 0.0 -0.627364 -1.611627 -14.678812 -0.266806 0.037878 14.167834 130.0
267 5120.0 -1.019741 0.8284 0.0 -0.695189 -1.611627 -14.678812 -0.266806 0.037878 14.167834 130.0
268 5120.0 -1.000681 0.817237 0.0 -0.661967 -1.611627 -14.678812 -0.266806 0.037878 14.167834 130.0
269 5120.0 -1.01188 0.839481 0.0 -0.70362 -1.611627 -14.678812 -0.266806 0.037878 14.167834 130.0
270 5120.0 -1.020559 0.865355 0.0 -0.746801 -1.611627 -14.678812 -0.266806 0.037878 14.167834 130.0
271 5120.0 -0.978129 0.872799 0.0 -0.720186 -1.611627 -14.678812 -0.266806 0.037878 14.167834 130.0
272 5120.0 -0.976006 0.877091 0.0 -0.724252 -1.611627 -14.678812 -0.266806 0.037878 14.167834 130.0
273 5120.0 -0.967162 0.907241 0.0 -0.758095 -1.611627 -14.678812 -0.266806 0.037878 14.167834 130.0
274 5120.0 -0.974621 0.946054 0.0 -0.812833 -1.611627 -14.678812 -0.266806 0.037878 14.167834 130.0
275 5120.0 -0.959898 0.980707 0.0 -0.836079 -1.611627 -14.678812 -0.266806 0.037878 14.167834 130.0
276 5120.0 -0.970649 1.003226 0.0 -0.866106 -1.611627 -14.678812 -0.266806 0.037878 14.167834 130.0
277 5120.0 -0.971329 1.018038 0.0 -0.881162 -1.611627 -14.678812 -0.266806 0.037878 14.167834 130.0
278 5120.0 -0.93823 1.035856 0.0 -0.874369 -1.611627 -14.678812 -0.266806 0.037878 14.167834 130.0
279 5120.0 -0.897308 1.02164 0.0 -0.830348 -1.611627 -14.678812 -0.266806 0.037878 14.167834 130.0
280 5120.0 -0.926203 1.048106 0.0 -0.877577 -1.611627 -14.678812 -0.266806 0.037878 14.167834 130.0
281 5120.0 -0.927347 1.085226 0.0 -0.9149 -1.611627 -14.678812 -0.266806 0.037878 14.167834 130.0
282 5120.0 -0.893431 1.068037 0.0 -0.873101 -1.611627 -14.678812 -0.266806 0.037878 14.167834 130.0
283 5120.0 -0.908183 1.077765 0.0 -0.893494 -1.611627 -14.678812 -0.266806 0.037878 14.167834 130.0
284 5120.0 -0.878552 1.081962 0.0 -0.87586 -1.611627 -14.678812 -0.266806 0.037878 14.167834 130.0
285 5120.0 -0.881208 1.109188 0.0 -0.904568 -1.611627 -14.678812 -0.266806 0.037878 14.167834 130.0
286 5120.0 -0.884327 1.12372 0.0 -0.921141 -1.611627 -14.678812 -0.266806 0.037878 14.167834 130.0
287 5120.0 -0.885278 1.126381 0.0 -0.924455 -1.611627 -14.678812 -0.266806 0.037878 14.167834 130.0
