 time p.x p.y p.z deep.node-0 CV opes.bias opes.rct opes.zed opes.neff opes.nker
0 13445.0 0.759727 0.377075 0.0 1.343248 -2.365647 -17.058503 -0.363667 0.03847 14.167834 128.0
1 13445.0 0.77697 0.392928 0.0 1.341907 -2.365647 -17.058503 -0.363667 0.03847 14.167834 128.0
2 13445.0 0.810448 0.45781 0.0 1.308061 -2.365647 -17.058503 -0.363667 0.03847 14.167834 128.0
3 13445.0 0.800392 0.499414 0.0 1.262259 -2.365647 -17.058503 -0.363667 0.03847 14.167834 128.0
4 13445.0 0.789625 0.525961 0.0 1.229707 -2.365647 -17.058503 -0.363667 0.03847 14.167834 128.0
5 13445.0 0.737416 0.539917 0.0 1.177006 -2.365647 -17.058503 -0.363667 0.03847 14.167834 128.0
6 13445.0 0.689109 0.5341 0.0 1.145403 -2.365647 -17.058503 -0.363667 0.03847 14.167834 128.0
7 13445.0 0.715483 0.547617 0.0 1.153183 -2.365647 -17.058503 -0.363667 0.03847 14.167834 128.0
8 13445.0 0.688838 0.555087 0.0 1.125968 -2.365647 -17.058503 -0.363667 0.03847 14.167834 128.0
9 13445.0 0.683526 0.576735 0.0 1.102075 -2.365647 -17.058503 -0.363667 0.03847 14.167834 128.0
10 13445.0 0.638991 0.570064 0.0 1.074138 -2.365647 -17.058503 -0.363667 0.03847 14.167834 128.0
11 13445.0 0.633815 0.570822 0.0 1.069487 -2.365647 -17.058503 -0.363667 0.03847 14.167834 128.0
12 13445.0 0.633468 0.570667 0.0 1.069364 -2.365647 -17.058503 -0.363667 0.03847 14.167834 128.0
13 13445.0 0.622254 0.550777 0.0 1.079012 -2.365647 -17.058503 -0.363667 0.03847 14.167834 128.0
14 13445.0 0.623769 0.565168 0.0 1.066986 -2.365647 -17.058503 -0.363667 0.03847 14.167834 128.0
15 13445.0 0.604441 0.584484 0.0 1.034514 -2.365647 -17.058503 -0.363667 0.03847 14.167834 128.0
16 13445.0 0.595459 0.576014 0.0 1.035407 -2.365647 -17.058503 -0.363667 0.03847 14.167834 128.0
17 13445.0 0.565997 0.608144 0.0 0.983446 -2.365647 -17.058503 -0.363667 0.03847 14.167834 128.0
18 13445.0 0.549835 0.611682 0.0 0.967849 -2.365647 -17.058503 -0.363667 0.03847 14.167834 128.0
19 13445.0 0.530967 0.63087 0.0 0.935845 -2.365647 -17.058503 -0.363667 0.03847 14.167834 128.0
20 13445.0 0.53533 0.621901 0.0 0.947398 -2.365647 -17.058503 -0.363667 0.03847 14.167834 128.0
21 13445.0 0.53364 0.625494 0.0 0.942814 -2.365647 -17.058503 -0.363667 0.03847 14.167834 128.0
22 13445.0 0.515041 0.623941 0.0 0.930017 -2.365647 -17.058503 -0.363667 0.03847 14.167834 128.0
23 13445.0 0.473802 0.610586 0.0 0.910723 -2.365647 -17.058503 -0.363667 0.03847 14.167834 128.0
24 13445.0 0.44296 0.548539 0.0 0.943988 -2.365647 -17.058503 -0.363667 0.03847 14.167834 128.0
25 13445.0 0.459743 0.541793 0.0 0.962998 -2.365647 -17.058503 -0.363667 0.03847 14.167834 128.0
26 13445.0 0.450441 0.542997 0.0 0.954783 -2.365647 -17.058503 -0.363667 0.03847 14.167834 128.0
27 13445.0 0.434085 0.555509 0.0 0.930817 -2.365647 -17.058503 -0.363667 0.03847 14.167834 128.0
28 13445.0 0.431796 0.556141 0.0 0.928487 -2.365647 -17.058503 -0.363667 0.03847 14.167834 128.0
29 13445.0 0.414375 0.553762 0.0 0.917348 -2.365647 -17.058503 -0.363667 0.03847 14.167834 128.0
30 13445.0 0.381349 0.546116 0.0 0.899104 -2.365647 -17.058503 -0.363667 0.03847 14.167834 128.0
31 13445.0 0.369109 0.563326 0.0 0.87398 -2.365647 -17.058503 -0.363667 0.03847 14.167834 128.0
32 13445.0 0.356969 0.559466 0.0 0.868235 -2.365647 -17.058503 -0.363667 0.03847 14.167834 128.0
33 13445.0 0.357881 0.532074 0.0 0.894026 -2.365647 -17.058503 -0.363667 0.03847 14.167834 128.0
34 13445.0 0.365434 0.516465 0.0 0.914346 -2.365647 -17.058503 -0.363667 0.03847 14.167834 128.0
35 13445.0 0.377616 0.481041 0.0 0.957582 -2.365647 -17.058503 -0.363667 0.03847 14.167834 128.0
36 13445.0 0.356933 0.504918 0.0 0.919653 -2.365647 -17.058503 -0.363667 0.03847 14.167834 128.0
37 13445.0 0.384153 0.511893 0.0 0.9326 -2.365647 -17.058503 -0.363667 0.03847 14.167834 128.0
38 13445.0 0.37088 0.510726 0.0 0.923796 -2.365647 -17.058503 -0.363667 0.03847 14.167834 128.0
39 13445.0 0.338158 0.494673 0.0 0.916449 -2.365647 -17.058503 -0.363667 0.03847 14.167834 128.0
40 13445.0 0.339856 0.494646 0.0 0.917671 -2.365647 -17.058503 -0.363667 0.03847 14.167834 128.0
41 13445.0 0.344042 0.53817 0.0 0.878041 -2.365647 -17.058503 -0.363667 0.03847 14.167834 128.0
42 13445.0 0.342075 0.534455 0.0 0.880291 -2.365647 -17.058503 -0.363667 0.03847 14.167834 128.0
43 13445.0 0.305217 0.521122 0.0 0.867368 -2.365647 -17.058503 -0.363667 0.03847 14.167834 128.0
44 13445.0 0.275429 0.512972 0.0 0.854357 -2.365647 -17.058503 -0.363667 0.03847 14.167834 128.0
45 13445.0 0.29095 0.514589 0.0 0.863708 -2.365647 -17.058503 -0.363667 0.03847 14.167834 128.0
46 13445.0 0.29191 0.542599 0.0 0.836983 -2.365647 -17.058503 -0.363667 0.03847 14.167834 128.0
47 13445.0 0.275079 0.540497 0.0 0.827183 -2.365647 -17.058503 -0.363667 0.03847 14.167834 128.0
48 13445.0 0.268383 0.524922 0.0 0.837702 -2.365647 -17.058503 -0.363667 0.03847 14.167834 128.0
49 13445.0 0.256109 0.543105 0.0 0.811268 -2.365647 -17.058503 -0.363667 0.03847 14.167834 128.0
50 13445.0 0.257628 0.521425 0.0 0.833565 -2.365647 -17.058503 -0.363667 0.03847 14.167834 128.0
51 13445.0 0.261488 0.533507 0.0 0.824446 -2.365647 -17.058503 -0.363667 0.03847 14.167834 128.0
52 13445.0 0.24971 0.52902 0.0 0.820591 -2.365647 -17.058503 -0.363667 0.03847 14.167834 128.0
53 13445.0 0.230931 0.517698 0.0 0.819535 -2.365647 -17.058503 -0.363667 0.03847 14.167834 128.0
54 13445.0 0.228817 0.520533 0.0 0.815254 -2.365647 -17.058503 -0.363667 0.03847 14.167834 128.0
55 13445.0 0.241342 0.522071 0.0 0.82205 -2.365647 -17.058503 -0.363667 0.03847 14.167834 128.0
56 13445.0 0.244272 0.522657 0.0 0.823409 -2.365647 -17.058503 -0.363667 0.03847 14.167834 128.0
57 13445.0 0.237229 0.495696 0.0 0.846021 -2.365647 -17.058503 -0.363667 0.03847 14.167834 128.0
58 13445.0 0.252906 0.496272 0.0 0.855893 -2.365647 -17.058503 -0.363667 0.03847 14.167834 128.0
59 13445.0 0.251129 0.48773 0.0 0.86336 -2.365647 -17.058503 -0.363667 0.03847 14.167834 128.0
60 13445.0 0.242034 0.475496 0.0 0.869686 -2.365647 -17.058503 -0.363667 0.03847 14.167834 128.0
61 13445.0 0.238553 0.491395 0.0 0.85126 -2.365647 -17.058503 -0.363667 0.03847 14.167834 128.0
62 13445.0 0.232126 0.496502 0.0 0.841801 -2.365647 -17.058503 -0.363667 0.03847 14.167834 128.0
63 13445.0 0.226649 0.480457 0.0 0.8544 -2.365647 -17.058503 -0.363667 0.03847 14.167834 128.0
64 13445.0 0.195488 0.502448 0.0 0.811345 -2.365647 -17.058503 -0.363667 0.03847 14.167834 128.0
65 13445.0 0.211602 0.488928 0.0 0.835785 -2.365647 -17.058503 -0.363667 0.03847 14.167834 128.0
66 13445.0 0.215056 0.51428 0.0 0.81241 -2.365647 -17.058503 -0.363667 0.03847 14.167834 128.0
67 13445.0 0.189819 0.510734 0.0 0.799171 -2.365647 -17.058503 -0.363667 0.03847 14.167834 128.0
68 13445.0 0.174422 0.499084 0.0 0.800703 -2.365647 -17.058503 -0.363667 0.03847 14.167834 128.0
69 13445.0 0.180562 0.505259 0.0 0.798544 -2.365647 -17.058503 -0.363667 0.03847 14.167834 128.0
70 13445.0 0.153082 0.505192 0.0 0.780285 -2.365647 -17.058503 -0.363667 0.03847 14.167834 128.0
71 13445.0 0.148553 0.511614 0.0 0.77076 -2.365647 -17.058503 -0.363667 0.03847 14.167834 128.0
72 13445.0 0.148072 0.500754 0.0 0.781438 -2.365647 -17.058503 -0.363667 0.03847 14.167834 128.0
73 13445.0 0.155693 0.521685 0.0 0.765321 -2.365647 -17.058503 -0.363667 0.03847 14.167834 128.0
74 13445.0 0.131859 0.532587 0.0 0.738384 -2.365647 -17.058503 -0.363667 0.03847 14.167834 128.0
75 13445.0 0.131652 0.50171 0.0 0.76952 -2.365647 -17.058503 -0.363667 0.03847 14.167834 128.0
76 13445.0 0.126781 0.505565 0.0 0.762368 -2.365647 -17.058503 -0.363667 0.03847 14.167834 128.0
77 13445.0 0.094962 0.520855 0.0 0.72566 -2.365647 -17.058503 -0.363667 0.03847 14.167834 128.0
78 13445.0 0.075459 0.520798 0.0 0.71271 -2.365647 -17.058503 -0.363667 0.03847 14.167834 128.0
79 13445.0 0.07323 0.510807 0.0 0.721344 -2.365647 -17.058503 -0.363667 0.03847 14.167834 128.0
80 13445.0 0.070185 0.523294 0.0 0.706665 -2.365647 -17.058503 -0.363667 0.03847 14.167834 128.0
81 13445.0 0.060979 0.518676 0.0 0.705204 -2.365647 -17.058503 -0.363667 0.03847 14.167834 128.0
82 13445.0 0.066178 0.517707 0.0 0.709652 -2.365647 -17.058503 -0.363667 0.03847 14.167834 128.0
83 13445.0 0.078657 0.515224 0.0 0.720489 -2.365647 -17.058503 -0.363667 0.03847 14.167834 128.0
84 13445.0 0.078692 0.492803 0.0 0.743223 -2.365647 -17.058503 -0.363667 0.03847 14.167834 128.0
85 13445.0 0.064716 0.477878 0.0 0.749019 -2.365647 -17.058503 -0.363667 0.03847 14.167834 128.0
86 13445.0 0.075882 0.496269 0.0 0.737838 -2.365647 -17.058503 -0.363667 0.03847 14.167834 128.0
87 13445.0 0.098852 0.504519 0.0 0.7448 -2.365647 -17.058503 -0.363667 0.03847 14.167834 128.0
88 13445.0 0.090431 0.506322 0.0 0.737359 -2.365647 -17.058503 -0.363667 0.03847 14.167834 128.0
89 13445.0 0.099672 0.509694 0.0 0.740105 -2.365647 -17.058503 -0.363667 0.03847 14.167834 128.0
90 13445.0 0.077488 0.510188 0.0 0.724811 -2.365647 -17.058503 -0.363667 0.03847 14.167834 128.0
91 13445.0 0.060917 0.493059 0.0 0.73111 -2.365647 -17.058503 -0.363667 0.03847 14.167834 128.0
92 13445.0 0.057653 0.512959 0.0 0.708776 -2.365647 -17.058503 -0.363667 0.03847 14.167834 128.0
93 13445.0 0.061606 0.519424 0.0 0.704864 -2.365647 -17.058503 -0.363667 0.03847 14.167834 128.0
94 13445.0 0.041594 0.534928 0.0 0.675814 -2.365647 -17.058503 -0.363667 0.03847 14.167834 128.0
95 13445.0 0.041055 0.532183 0.0 0.678235 -2.365647 -17.058503 -0.363667 0.03847 14.167834 128.0
96 13445.0 0.031543 0.534791 0.0 0.66925 -2.365647 -17.058503 -0.363667 0.03847 14.167834 128.0
97 13445.0 0.042065 0.529216 0.0 0.681914 -2.365647 -17.058503 -0.363667 0.03847 14.167834 128.0
98 13445.0 0.019011 0.528223 0.0 0.667545 -2.365647 -17.058503 -0.363667 0.03847 14.167834 128.0
99 13445.0 0.013086 0.54618 0.0 0.645405 -2.365647 -17.058503 -0.363667 0.03847 14.167834 128.0
100 13445.0 0.018751 0.521679 0.0 0.673999 -2.365647 -17.058503 -0.363667 0.03847 14.167834 128.0
101 13445.0 0.021542 0.494276 0.0 0.703617 -2.365647 -17.058503 -0.363667 0.03847 14.167834 128.0
102 13445.0 0.034312 0.48284 0.0 0.723717 -2.365647 -17.058503 -0.363667 0.03847 14.167834 128.0
103 13445.0 0.028746 0.500859 0.0 0.701753 -2.365647 -17.058503 -0.363667 0.03847 14.167834 128.0
104 13445.0 0.062261 0.51268 0.0 0.712132 -2.365647 -17.058503 -0.363667 0.03847 14.167834 128.0
105 13445.0 0.093391 0.52019 0.0 0.725285 -2.365647 -17.058503 -0.363667 0.03847 14.167834 128.0
106 13445.0 0.080208 0.516376 0.0 0.720357 -2.365647 -17.058503 -0.363667 0.03847 14.167834 128.0
107 13445.0 0.071429 0.507585 0.0 0.723406 -2.365647 -17.058503 -0.363667 0.03847 14.167834 128.0
108 13445.0 0.060177 0.527667 0.0 0.695561 -2.365647 -17.058503 -0.363667 0.03847 14.167834 128.0
109 13445.0 0.044824 0.512311 0.0 0.700877 -2.365647 -17.058503 -0.363667 0.03847 14.167834 128.0
110 13445.0 0.057255 0.532555 0.0 0.688663 -2.365647 -17.058503 -0.363667 0.03847 14.167834 128.0
111 13445.0 0.051174 0.4962 0.0 0.72143 -2.365647 -17.058503 -0.363667 0.03847 14.167834 128.0
112 13445.0 0.034118 0.512223 0.0 0.693826 -2.365647 -17.058503 -0.363667 0.03847 14.167834 128.0
113 13445.0 0.036039 0.527729 0.0 0.679401 -2.365647 -17.058503 -0.363667 0.03847 14.167834 128.0
114 13445.0 0.018744 0.548929 0.0 0.646394 -2.365647 -17.058503 -0.363667 0.03847 14.167834 128.0
115 13445.0 -0.000225 0.561221 0.0 0.621294 -2.365647 -17.058503 -0.363667 0.03847 14.167834 128.0
116 13445.0 -0.015799 0.55224 0.0 0.620004 -2.365647 -17.058503 -0.363667 0.03847 14.167834 128.0
117 13445.0 -0.038713 0.551098 0.0 0.603928 -2.365647 -17.058503 -0.363667 0.03847 14.167834 128.0
118 13445.0 -0.045604 0.529401 0.0 0.621204 -2.365647 -17.058503 -0.363667 0.03847 14.167834 128.0
119 13445.0 -0.050637 0.536894 0.0 0.608858 -2.365647 -17.058503 -0.363667 0.03847 14.167834 128.0
120 13445.0 -0.031456 0.52118 0.0 0.641023 -2.365647 -17.058503 -0.363667 0.03847 14.167834 128.0
121 13445.0 -0.031211 0.525472 0.0 0.636839 -2.365647 -17.058503 -0.363667 0.03847 14.167834 128.0
122 13445.0 -0.042087 0.49046 0.0 0.665048 -2.365647 -17.058503 -0.363667 0.03847 14.167834 128.0
123 13445.0 -0.043985 0.495475 0.0 0.658703 -2.365647 -17.058503 -0.363667 0.03847 14.167834 128.0
124 13445.0 -0.03897 0.518574 0.0 0.638494 -2.365647 -17.058503 -0.363667 0.03847 14.167834 128.0
125 13445.0 -0.05798 0.4864 0.0 0.656545 -2.365647 -17.058503 -0.363667 0.03847 14.167834 128.0
126 13445.0 -0.063852 0.497815 0.0 0.639282 -2.365647 -17.058503 -0.363667 0.03847 14.167834 128.0
127 13445.0 -0.049887 0.501823 0.0 0.647014 -2.365647 -17.058503 -0.363667 0.03847 14.167834 128.0
128 13445.0 -0.061743 0.477799 0.0 0.662506 -2.365647 -17.058503 -0.363667 0.03847 14.167834 128.0
129 13445.0 -0.058796 0.503905 0.0 0.63712 -2.365647 -17.058503 -0.363667 0.03847 14.167834 128.0
130 13445.0 -0.075999 0.504931 0.0 0.621216 -2.365647 -17.058503 -0.363667 0.03847 14.167834 128.0
131 13445.0 -0.079867 0.488282 0.0 0.635694 -2.365647 -17.058503 -0.363667 0.03847 14.167834 128.0
132 13445.0 -0.07314 0.500828 0.0 0.628065 -2.365647 -17.058503 -0.363667 0.03847 14.167834 128.0
133 13445.0 -0.06685 0.500933 0.0 0.633367 -2.365647 -17.058503 -0.363667 0.03847 14.167834 128.0
134 13445.0 -0.071806 0.494905 0.0 0.635548 -2.365647 -17.058503 -0.363667 0.03847 14.167834 128.0
135 13445.0 -0.0723 0.502752 0.0 0.62673 -2.365647 -17.058503 -0.363667 0.03847 14.167834 128.0
136 13445.0 -0.069997 0.499878 0.0 0.631787 -2.365647 -17.058503 -0.363667 0.03847 14.167834 128.0
137 13445.0 -0.086557 0.476101 0.0 0.642965 -2.365647 -17.058503 -0.363667 0.03847 14.167834 128.0
138 13445.0 -0.058941 0.494041 0.0 0.647545 -2.365647 -17.058503 -0.363667 0.03847 14.167834 128.0
139 13445.0 -0.029009 0.500303 0.0 0.6638 -2.365647 -17.058503 -0.363667 0.03847 14.167834 128.0
140 13445.0 -0.01201 0.514018 0.0 0.661246 -2.365647 -17.058503 -0.363667 0.03847 14.167834 128.0
141 13445.0 -0.035064 0.50293 0.0 0.657101 -2.365647 -17.058503 -0.363667 0.03847 14.167834 128.0
142 13445.0 -0.039647 0.516521 0.0 0.640107 -2.365647 -17.058503 -0.363667 0.03847 14.167834 128.0
143 13445.0 -0.016055 0.545299 0.0 0.626864 -2.365647 -17.058503 -0.363667 0.03847 14.167834 128.0
144 13445.0 0.002138 0.533009 0.0 0.651445 -2.365647 -17.058503 -0.363667 0.03847 14.167834 128.0
145 13445.0 0.008281 0.513395 0.0 0.675408 -2.365647 -17.058503 -0.363667 0.03847 14.167834 128.0
146 13445.0 0.020705 0.539426 0.0 0.657327 -2.365647 -17.058503 -0.363667 0.03847 14.167834 128.0
147 13445.0 0.027945 0.52612 0.0 0.675633 -2.365647 -17.058503 -0.363667 0.03847 14.167834 128.0
148 13445.0 0.022475 0.547705 0.0 0.650122 -2.365647 -17.058503 -0.363667 0.03847 14.167834 128.0
149 13445.0 -0.006356 0.53016 0.0 0.648666 -2.365647 -17.058503 -0.363667 0.03847 14.167834 128.0
150 13445.0 -0.006801 0.525346 0.0 0.653245 -2.365647 -17.058503 -0.363667 0.03847 14.167834 128.0
151 13445.0 -0.019145 0.517596 0.0 0.652863 -2.365647 -17.058503 -0.363667 0.03847 14.167834 128.0
152 13445.0 -0.031212 0.525374 0.0 0.636937 -2.365647 -17.058503 -0.363667 0.03847 14.167834 128.0
153 13445.0 -0.029694 0.535447 0.0 0.627747 -2.365647 -17.058503 -0.363667 0.03847 14.167834 128.0
154 13445.0 -0.039334 0.545025 0.0 0.609889 -2.365647 -17.058503 -0.363667 0.03847 14.167834 128.0
155 13445.0 -0.028609 0.533781 0.0 0.630157 -2.365647 -17.058503 -0.363667 0.03847 14.167834 128.0
156 13445.0 -0.024525 0.538535 0.0 0.628066 -2.365647 -17.058503 -0.363667 0.03847 14.167834 128.0
157 13445.0 -0.022794 0.577392 0.0 0.589505 -2.365647 -17.058503 -0.363667 0.03847 14.167834 128.0
158 13445.0 -0.048889 0.546522 0.0 0.600064 -2.365647 -17.058503 -0.363667 0.03847 14.167834 128.0
159 13445.0 -0.072487 0.533133 0.0 0.594075 -2.365647 -17.058503 -0.363667 0.03847 14.167834 128.0
160 13445.0 -0.055567 0.540496 0.0 0.600762 -2.365647 -17.058503 -0.363667 0.03847 14.167834 128.0
161 13445.0 -0.035354 0.539607 0.0 0.619109 -2.365647 -17.058503 -0.363667 0.03847 14.167834 128.0
162 13445.0 -0.044999 0.543237 0.0 0.606926 -2.365647 -17.058503 -0.363667 0.03847 14.167834 128.0
163 13445.0 -0.042877 0.538524 0.0 0.613792 -2.365647 -17.058503 -0.363667 0.03847 14.167834 128.0
164 13445.0 -0.052432 0.553432 0.0 0.589623 -2.365647 -17.058503 -0.363667 0.03847 14.167834 128.0
165 13445.0 -0.061059 0.529899 0.0 0.60737 -2.365647 -17.058503 -0.363667 0.03847 14.167834 128.0
166 13445.0 -0.075756 0.508914 0.0 0.617165 -2.365647 -17.058503 -0.363667 0.03847 14.167834 128.0
167 13445.0 -0.090601 0.52741 0.0 0.584605 -2.365647 -17.058503 -0.363667 0.03847 14.167834 128.0
168 13445.0 -0.0812 0.521309 0.0 0.599222 -2.365647 -17.058503 -0.363667 0.03847 14.167834 128.0
169 13445.0 -0.118663 0.517163 0.0 0.571413 -2.365647 -17.058503 -0.363667 0.03847 14.167834 128.0
170 13445.0 -0.109287 0.507331 0.0 0.59 -2.365647 -17.058503 -0.363667 0.03847 14.167834 128.0
171 13445.0 -0.124962 0.497411 0.0 0.587118 -2.365647 -17.058503 -0.363667 0.03847 14.167834 128.0
172 13445.0 -0.102928 0.512658 0.0 0.589775 -2.365647 -17.058503 -0.363667 0.03847 14.167834 128.0
173 13445.0 -0.094388 0.525758 0.0 0.583113 -2.365647 -17.058503 -0.363667 0.03847 14.167834 128.0
174 13445.0 -0.088058 0.544166 0.0 0.568872 -2.365647 -17.058503 -0.363667 0.03847 14.167834 128.0
175 13445.0 -0.099028 0.516631 0.0 0.588881 -2.365647 -17.058503 -0.363667 0.03847 14.167834 128.0
176 13445.0 -0.099803 0.498994 0.0 0.607078 -2.365647 -17.058503 -0.363667 0.03847 14.167834 128.0
177 13445.0 -0.127645 0.511943 0.0 0.569266 -2.365647 -17.058503 -0.363667 0.03847 14.167834 128.0
178 13445.0 -0.159165 0.555261 0.0 0.494733 -2.365647 -17.058503 -0.363667 0.03847 14.167834 128.0
179 13445.0 -0.153854 0.557746 0.0 0.497059 -2.365647 -17.058503 -0.363667 0.03847 14.167834 128.0
180 13445.0 -0.150769 0.570751 0.0 0.484524 -2.365647 -17.058503 -0.363667 0.03847 14.167834 128.0
181 13445.0 -0.154309 0.58092 0.0 0.468772 -2.365647 -17.058503 -0.363667 0.03847 14.167834 128.0
182 13445.0 -0.155284 0.56886 0.0 0.482282 -2.365647 -17.058503 -0.363667 0.03847 14.167834 128.0
183 13445.0 -0.164782 0.566968 0.0 0.475058 -2.365647 -17.058503 -0.363667 0.03847 14.167834 128.0
184 13445.0 -0.172539 0.535483 0.0 0.505116 -2.365647 -17.058503 -0.363667 0.03847 14.167834 128.0
185 13445.0 -0.191017 0.521543 0.0 0.503384 -2.365647 -17.058503 -0.363667 0.03847 14.167834 128.0
186 13445.0 -0.194258 0.537051 0.0 0.48152 -2.365647 -17.058503 -0.363667 0.03847 14.167834 128.0
187 13445.0 -0.200848 0.545486 0.0 0.464801 -2.365647 -17.058503 -0.363667 0.03847 14.167834 128.0
188 13445.0 -0.204458 0.55129 0.0 0.454222 -2.365647 -17.058503 -0.363667 0.03847 14.167834 128.0
189 13445.0 -0.221502 0.543823 0.0 0.446151 -2.365647 -17.058503 -0.363667 0.03847 14.167834 128.0
190 13445.0 -0.232361 0.517281 0.0 0.46717 -2.365647 -17.058503 -0.363667 0.03847 14.167834 128.0
191 13445.0 -0.234772 0.501388 0.0 0.483848 -2.365647 -17.058503 -0.363667 0.03847 14.167834 128.0
192 13445.0 -0.247316 0.496497 0.0 0.477181 -2.365647 -17.058503 -0.363667 0.03847 14.167834 128.0
193 13445.0 -0.24689 0.504364 0.0 0.468159 -2.365647 -17.058503 -0.363667 0.03847 14.167834 128.0
194 13445.0 -0.262291 0.496378 0.0 0.462353 -2.365647 -17.058503 -0.363667 0.03847 14.167834 128.0
195 13445.0 -0.275431 0.513262 0.0 0.428939 -2.365647 -17.058503 -0.363667 0.03847 14.167834 128.0
196 13445.0 -0.303061 0.504738 0.0 0.411554 -2.365647 -17.058503 -0.363667 0.03847 14.167834 128.0
197 13445.0 -0.323498 0.489641 0.0 0.409254 -2.365647 -17.058503 -0.363667 0.03847 14.167834 128.0
198 13445.0 -0.327888 0.511019 0.0 0.379191 -2.365647 -17.058503 -0.363667 0.03847 14.167834 128.0
199 13445.0 -0.325897 0.524025 0.0 0.365562 -2.365647 -17.058503 -0.363667 0.03847 14.167834 128.0
200 13445.0 -0.348235 0.508276 0.0 0.362145 -2.365647 -17.058503 -0.363667 0.03847 14.167834 128.0
201 13445.0 -0.32252 0.525157 0.0 0.36758 -2.365647 -17.058503 -0.363667 0.03847 14.167834 128.0
202 13445.0 -0.329042 0.518167 0.0 0.369452 -2.365647 -17.058503 -0.363667 0.03847 14.167834 128.0
203 13445.0 -0.335662 0.531793 0.0 0.346471 -2.365647 -17.058503 -0.363667 0.03847 14.167834 128.0
204 13445.0 -0.33329 0.54858 0.0 0.328682 -2.365647 -17.058503 -0.363667 0.03847 14.167834 128.0
205 13445.0 -0.328742 0.518383 0.0 0.369494 -2.365647 -17.058503 -0.363667 0.03847 14.167834 128.0
206 13445.0 -0.351323 0.53094 0.0 0.331839 -2.365647 -17.058503 -0.363667 0.03847 14.167834 128.0
207 13445.0 -0.333323 0.514091 0.0 0.370069 -2.365647 -17.058503 -0.363667 0.03847 14.167834 128.0
208 13445.0 -0.339455 0.488247 0.0 0.394976 -2.365647 -17.058503 -0.363667 0.03847 14.167834 128.0
209 13445.0 -0.324586 0.490203 0.0 0.407491 -2.365647 -17.058503 -0.363667 0.03847 14.167834 128.0
210 13445.0 -0.352906 0.508736 0.0 0.356923 -2.365647 -17.058503 -0.363667 0.03847 14.167834 128.0
211 13445.0 -0.389771 0.511869 0.0 0.316306 -2.365647 -17.058503 -0.363667 0.03847 14.167834 128.0
212 13445.0 -0.40036 0.519077 0.0 0.297063 -2.365647 -17.058503 -0.363667 0.03847 14.167834 128.0
213 13445.0 -0.42752 0.535245 0.0 0.250493 -2.365647 -17.058503 -0.363667 0.03847 14.167834 128.0
214 13445.0 -0.437158 0.545662 0.0 0.228347 -2.365647 -17.058503 -0.363667 0.03847 14.167834 128.0
215 13445.0 -0.418783 0.577034 0.0 0.209041 -2.365647 -17.058503 -0.363667 0.03847 14.167834 128.0
216 13445.0 -0.405885 0.59371 0.0 0.201908 -2.365647 -17.058503 -0.363667 0.03847 14.167834 128.0
217 13445.0 -0.398174 0.597667 0.0 0.204864 -2.365647 -17.058503 -0.363667 0.03847 14.167834 128.0
218 13445.0 -0.399076 0.581239 0.0 0.223691 -2.365647 -17.058503 -0.363667 0.03847 14.167834 128.0
219 13445.0 -0.412106 0.573719 0.0 0.219696 -2.365647 -17.058503 -0.363667 0.03847 14.167834 128.0
220 13445.0 -0.403447 0.556817 0.0 0.248653 -2.365647 -17.058503 -0.363667 0.03847 14.167834 128.0
221 13445.0 -0.416285 0.557168 0.0 0.235396 -2.365647 -17.058503 -0.363667 0.03847 14.167834 128.0
222 13445.0 -0.469841 0.586498 0.0 0.146632 -2.365647 -17.058503 -0.363667 0.03847 14.167834 128.0
223 13445.0 -0.491714 0.582272 0.0 0.129839 -2.365647 -17.058503 -0.363667 0.03847 14.167834 128.0
224 13445.0 -0.50985 0.573989 0.0 0.121656 -2.365647 -17.058503 -0.363667 0.03847 14.167834 128.0
225 13445.0 -0.518556 0.554408 0.0 0.136468 -2.365647 -17.058503 -0.363667 0.03847 14.167834 128.0
226 13445.0 -0.508919 0.5803 0.0 0.115007 -2.365647 -17.058503 -0.363667 0.03847 14.167834 128.0
227 13445.0 -0.485588 0.575656 0.0 0.14391 -2.365647 -17.058503 -0.363667 0.03847 14.167834 128.0
228 13445.0 -0.492537 0.574682 0.0 0.138131 -2.365647 -17.058503 -0.363667 0.03847 14.167834 128.0
229 13445.0 -0.520394 0.556294 0.0 0.132366 -2.365647 -17.058503 -0.363667 0.03847 14.167834 128.0
230 13445.0 -0.554485 0.580108 0.0 0.069686 -2.365647 -17.058503 -0.363667 0.03847 14.167834 128.0
231 13445.0 -0.560505 0.592612 0.0 0.048651 -2.365647 -17.058503 -0.363667 0.03847 14.167834 128.0
232 13445.0 -0.567353 0.594206 0.0 0.039889 -2.365647 -17.058503 -0.363667 0.03847 14.167834 128.0
233 13445.0 -0.574365 0.599659 0.0 0.026331 -2.365647 -17.058503 -0.363667 0.03847 14.167834 128.0
234 13445.0 -0.59232 0.59818 0.0 0.010157 -2.365647 -17.058503 -0.363667 0.03847 14.167834 128.0
235 13445.0 -0.576655 0.609897 0.0 0.011746 -2.365647 -17.058503 -0.363667 0.03847 14.167834 128.0
236 13445.0 -0.582244 0.616855 0.0 -0.002198 -2.365647 -17.058503 -0.363667 0.03847 14.167834 128.0
237 13445.0 -0.597159 0.617168 0.0 -0.017485 -2.365647 -17.058503 -0.363667 0.03847 14.167834 128.0
238 13445.0 -0.586375 0.625321 0.0 -0.016496 -2.365647 -17.058503 -0.363667 0.03847 14.167834 128.0
239 13445.0 -0.5761 0.605267 0.0 0.017861 -2.365647 -17.058503 -0.363667 0.03847 14.167834 128.0
240 13445.0 -0.602979 0.632481 0.0 -0.041694 -2.365647 -17.058503 -0.363667 0.03847 14.167834 128.0
241 13445.0 -0.608726 0.617885 0.0 -0.02991 -2.365647 -17.058503 -0.363667 0.03847 14.167834 128.0
242 13445.0 -0.642162 0.638326 0.0 -0.087884 -2.365647 -17.058503 -0.363667 0.03847 14.167834 128.0
243 13445.0 -0.646713 0.648625 0.0 -0.105127 -2.365647 -17.058503 -0.363667 0.03847 14.167834 128.0
244 13445.0 -0.646393 0.641704 0.0 -0.096172 -2.365647 -17.058503 -0.363667 0.03847 14.167834 128.0
245 13445.0 -0.648482 0.636324 0.0 -0.091799 -2.365647 -17.058503 -0.363667 0.03847 14.167834 128.0
246 13445.0 -0.665084 0.638114 0.0 -0.11058 -2.365647 -17.058503 -0.363667 0.03847 14.167834 128.0
247 13445.0 -0.683288 0.666144 0.0 -0.164261 -2.365647 -17.058503 -0.363667 0.03847 14.167834 128.0
248 13445.0 -0.699973 0.642333 0.0 -0.1513 -2.365647 -17.058503 -0.363667 0.03847 14.167834 128.0
249 13445.0 -0.702649 0.667764 0.0 -0.185953 -2.365647 -17.058503 -0.363667 0.03847 14.167834 128.0
250 13445.0 -0.706323 0.676798 0.0 -0.199336 -2.365647 -17.058503 -0.363667 0.03847 14.167834 128.0
251 13445.0 -0.696108 0.666448 0.0 -0.177658 -2.365647 -17.058503 -0.363667 0.03847 14.167834 128.0
252 13445.0 -0.68766 0.684387 0.0 -0.190947 -2.365647 -17.058503 -0.363667 0.03847 14.167834 128.0
253 13445.0 -0.690475 0.688153 0.0 -0.197448 -2.365647 -17.058503 -0.363667 0.03847 14.167834 128.0
254 13445.0 -0.705921 0.697043 0.0 -0.220563 -2.365647 -17.058503 -0.363667 0.03847 14.167834 128.0
255 13445.0 -0.695374 0.716119 0.0 -0.231587 -2.365647 -17.058503 -0.363667 0.03847 14.167834 128.0
256 13445.0 -0.710785 0.733648 0.0 -0.264508 -2.365647 -17.058503 -0.363667 0.03847 14.167834 128.0
257 13445.0 -0.756268 0.725065 0.0 -0.296819 -2.365647 -17.058503 -0.363667 0.03847 14.167834 128.0
258 13445.0 -0.766574 0.712812 0.0 -0.290928 -2.365647 -17.058503 -0.363667 0.03847 14.167834 128.0
259 13445.0 -0.784519 0.703961 0.0 -0.297336 -2.365647 -17.058503 -0.363667 0.03847 14.167834 128.0
260 13445.0 -0.799529 0.714777 0.0 -0.324604 -2.365647 -17.058503 -0.363667 0.03847 14.167834 128.0
261 13445.0 -0.78801 0.737193 0.0 -0.344493 -2.365647 -17.058503 -0.363667 0.03847 14.167834 128.0
262 13445.0 -0.794367 0.76058 0.0 -0.383104 -2.365647 -17.058503 -0.363667 0.03847 14.167834 128.0
263 13445.0 -0.794263 0.788583 0.0 -0.421836 -2.365647 -17.058503 -0.363667 0.03847 14.167834 128.0
264 13445.0 -0.782694 0.795151 0.0 -0.419698 -2.365647 -17.058503 -0.363667 0.03847 14.167834 128.0
265 13445.0 -0.790973 0.7976 0.0 -0.431142 -2.365647 -17.058503 -0.363667 0.03847 14.167834 128.0
266 13445.0 -0.801503 0.82492 0.0 -0.480048 -2.365647 -17.058503 -0.363667 0.03847 14.167834 128.0
267 13445.0 -0.788809 0.844304 0.0 -0.497359 -2.365647 -17.058503 -0.363667 0.03847 14.167834 128.0
268 13445.0 -0.806846 0.868055 0.0 -0.55243 -2.365647 -17.058503 -0.363667 0.03847 14.167834 128.0
269 13445.0 -0.795651 0.882753 0.0 -0.563973 -2.365647 -17.058503 -0.363667 0.03847 14.167834 128.0
270 13445.0 -0.812767 0.913685 0.0 -0.629233 -2.365647 -17.058503 -0.363667 0.03847 14.167834 128.0
271 13445.0 -0.836849 0.937496 0.0 -0.686535 -2.365647 -17.058503 -0.363667 0.03847 14.167834 128.0
272 13445.0 -0.863083 0.981249 0.0 -0.765519 -2.365647 -17.058503 -0.363667 0.03847 14.167834 128.0
273 13445.0 -0.887386 1.018051 0.0 -0.819535 -2.365647 -17.058503 -0.363667 0.03847 14.167834 128.0
274 13445.0 -0.887995 1.053857 0.0 -0.855173 -2.365647 -17.058503 -0.363667 0.03847 14.167834 128.0
275 13445.0 -0.889147 1.094921 0.0 -0.896377 -2.365647 -17.058503 -0.363667 0.03847 14.167834 128.0
276 13445.0 -0.896731 1.09656 0.0 -0.903557 -2.365647 -17.058503 -0.363667 0.03847 14.167834 128.0
277 13445.0 -0.907569 1.102756 0.0 -0.917605 -2.365647 -17.058503 -0.363667 0.03847 14.167834 128.0
278 13445.0 -0.898696 1.126897 0.0 -0.934815 -2.365647 -17.058503 -0.363667 0.03847 14.167834 128.0
279 13445.0 -0.881437 1.106083 0.0 -0.901685 -2.365647 -17.058503 -0.363667 0.03847 14.167834 128.0
280 13445.0 -0.876606 1.14061 0.0 -0.932072 -2.365647 -17.058503 -0.363667 0.03847 14.167834 128.0
281 13445.0 -0.873532 1.147786 0.0 -0.936867 -2.365647 -17.058503 -0.363667 0.03847 14.167834 128.0
282 13445.0 -0.866643 1.158019 0.0 -0.941865 -2.365647 -17.058503 -0.363667 0.03847 14.167834 128.0
283 13445.0 -0.848472 1.173522 0.0 -0.943759 -2.365647 -17.058503 -0.363667 0.03847 14.167834 128.0
284 13445.0 -0.850698 1.183661 0.0 -0.955357 -2.365647 -17.058503 -0.363667 0.03847 14.167834 128.0
285 13445.0 -0.869253 1.199758 0.0 -0.984803 -2.365647 -17.058503 -0.363667 0.03847 14.167834 128.0
286 13445.0 -0.873186 1.203478 0.0 -0.991348 -2.365647 -17.058503 -0.363667 0.03847 14.167834 128.0
287 13445.0 -0.884626 1.22856 0.0 -1.022399 -2.365647 -17.058503 -0.363667 0.03847 14.167834 128.0
