 time p.x p.y p.z deep.node-0 CV opes.bias opes.rct opes.zed opes.neff opes.nker
0 11285.0 0.207142 0.482395 0.0 0.839429 -0.394556 -7.35842 -0.346117 0.036748 14.167834 134.0
1 11285.0 0.190974 0.442658 0.0 0.868895 -0.394556 -7.35842 -0.346117 0.036748 14.167834 134.0
2 11285.0 0.18038 0.457562 0.0 0.846734 -0.394556 -7.35842 -0.346117 0.036748 14.167834 134.0
3 11285.0 0.190648 0.475608 0.0 0.835303 -0.394556 -7.35842 -0.346117 0.036748 14.167834 134.0
4 11285.0 0.18664 0.479931 0.0 0.828251 -0.394556 -7.35842 -0.346117 0.036748 14.167834 134.0
5 11285.0 0.206114 0.50322 0.0 0.81765 -0.394556 -7.35842 -0.346117 0.036748 14.167834 134.0
6 11285.0 0.206278 0.488537 0.0 0.832631 -0.394556 -7.35842 -0.346117 0.036748 14.167834 134.0
7 11285.0 0.194959 0.494602 0.0 0.81894 -0.394556 -7.35842 -0.346117 0.036748 14.167834 134.0
8 11285.0 0.178724 0.485376 0.0 0.817457 -0.394556 -7.35842 -0.346117 0.036748 14.167834 134.0
9 11285.0 0.182932 0.50178 0.0 0.803649 -0.394556 -7.35842 -0.346117 0.036748 14.167834 134.0
10 11285.0 0.174163 0.525191 0.0 0.774087 -0.394556 -7.35842 -0.346117 0.036748 14.167834 134.0
11 11285.0 0.183425 0.532149 0.0 0.773217 -0.394556 -7.35842 -0.346117 0.036748 14.167834 134.0
12 11285.0 0.156939 0.52078 0.0 0.767069 -0.394556 -7.35842 -0.346117 0.036748 14.167834 134.0
13 11285.0 0.145212 0.521559 0.0 0.758459 -0.394556 -7.35842 -0.346117 0.036748 14.167834 134.0
14 11285.0 0.162003 0.487466 0.0 0.804189 -0.394556 -7.35842 -0.346117 0.036748 14.167834 134.0
15 11285.0 0.13699 0.475752 0.0 0.799373 -0.394556 -7.35842 -0.346117 0.036748 14.167834 134.0
16 11285.0 0.139244 0.477783 0.0 0.798818 -0.394556 -7.35842 -0.346117 0.036748 14.167834 134.0
17 11285.0 0.144852 0.4925 0.0 0.787652 -0.394556 -7.35842 -0.346117 0.036748 14.167834 134.0
18 11285.0 0.120015 0.495614 0.0 0.767934 -0.394556 -7.35842 -0.346117 0.036748 14.167834 134.0
19 11285.0 0.112754 0.494113 0.0 0.764612 -0.394556 -7.35842 -0.346117 0.036748 14.167834 134.0
20 11285.0 0.108965 0.495852 0.0 0.760323 -0.394556 -7.35842 -0.346117 0.036748 14.167834 134.0
21 11285.0 0.087603 0.504087 0.0 0.737736 -0.394556 -7.35842 -0.346117 0.036748 14.167834 134.0
22 11285.0 0.084508 0.488429 0.0 0.751532 -0.394556 -7.35842 -0.346117 0.036748 14.167834 134.0
23 11285.0 0.093528 0.497164 0.0 0.7487 -0.394556 -7.35842 -0.346117 0.036748 14.167834 134.0
24 11285.0 0.081561 0.509451 0.0 0.728274 -0.394556 -7.35842 -0.346117 0.036748 14.167834 134.0
25 11285.0 0.07827 0.494438 0.0 0.741285 -0.394556 -7.35842 -0.346117 0.036748 14.167834 134.0
26 11285.0 0.068923 0.516428 0.0 0.712779 -0.394556 -7.35842 -0.346117 0.036748 14.167834 134.0
27 11285.0 0.081425 0.513964 0.0 0.723612 -0.394556 -7.35842 -0.346117 0.036748 14.167834 134.0
28 11285.0 0.086368 0.539937 0.0 0.700601 -0.394556 -7.35842 -0.346117 0.036748 14.167834 134.0
29 11285.0 0.106725 0.538171 0.0 0.715965 -0.394556 -7.35842 -0.346117 0.036748 14.167834 134.0
30 11285.0 0.128378 0.521832 0.0 0.746956 -0.394556 -7.35842 -0.346117 0.036748 14.167834 134.0
31 11285.0 0.140274 0.507869 0.0 0.769032 -0.394556 -7.35842 -0.346117 0.036748 14.167834 134.0
32 11285.0 0.128988 0.504046 0.0 0.765377 -0.394556 -7.35842 -0.346117 0.036748 14.167834 134.0
33 11285.0 0.133315 0.514681 0.0 0.757491 -0.394556 -7.35842 -0.346117 0.036748 14.167834 134.0
34 11285.0 0.095587 0.51428 0.0 0.732737 -0.394556 -7.35842 -0.346117 0.036748 14.167834 134.0
35 11285.0 0.106164 0.50078 0.0 0.753465 -0.394556 -7.35842 -0.346117 0.036748 14.167834 134.0
36 11285.0 0.115877 0.479522 0.0 0.781473 -0.394556 -7.35842 -0.346117 0.036748 14.167834 134.0
37 11285.0 0.101674 0.45807 0.0 0.79373 -0.394556 -7.35842 -0.346117 0.036748 14.167834 134.0
38 11285.0 0.075701 0.479461 0.0 0.754741 -0.394556 -7.35842 -0.346117 0.036748 14.167834 134.0
39 11285.0 0.088515 0.467598 0.0 0.775303 -0.394556 -7.35842 -0.346117 0.036748 14.167834 134.0
40 11285.0 0.087779 0.508715 0.0 0.733166 -0.394556 -7.35842 -0.346117 0.036748 14.167834 134.0
41 11285.0 0.071738 0.508716 0.0 0.722467 -0.394556 -7.35842 -0.346117 0.036748 14.167834 134.0
42 11285.0 0.092122 0.500113 0.0 0.744775 -0.394556 -7.35842 -0.346117 0.036748 14.167834 134.0
43 11285.0 0.104873 0.512424 0.0 0.740809 -0.394556 -7.35842 -0.346117 0.036748 14.167834 134.0
44 11285.0 0.095267 0.496646 0.0 0.750385 -0.394556 -7.35842 -0.346117 0.036748 14.167834 134.0
45 11285.0 0.094815 0.5139 0.0 0.732606 -0.394556 -7.35842 -0.346117 0.036748 14.167834 134.0
46 11285.0 0.075119 0.508692 0.0 0.724746 -0.394556 -7.35842 -0.346117 0.036748 14.167834 134.0
47 11285.0 0.095306 0.499123 0.0 0.747902 -0.394556 -7.35842 -0.346117 0.036748 14.167834 134.0
48 11285.0 0.094467 0.477386 0.0 0.769359 -0.394556 -7.35842 -0.346117 0.036748 14.167834 134.0
49 11285.0 0.088843 0.485453 0.0 0.757437 -0.394556 -7.35842 -0.346117 0.036748 14.167834 134.0
50 11285.0 0.082325 0.522513 0.0 0.715553 -0.394556 -7.35842 -0.346117 0.036748 14.167834 134.0
51 11285.0 0.066289 0.493305 0.0 0.734443 -0.394556 -7.35842 -0.346117 0.036748 14.167834 134.0
52 11285.0 0.091515 0.503577 0.0 0.740862 -0.394556 -7.35842 -0.346117 0.036748 14.167834 134.0
53 11285.0 0.098484 0.490608 0.0 0.758645 -0.394556 -7.35842 -0.346117 0.036748 14.167834 134.0
54 11285.0 0.100597 0.500353 0.0 0.750184 -0.394556 -7.35842 -0.346117 0.036748 14.167834 134.0
55 11285.0 0.084651 0.460742 0.0 0.779671 -0.394556 -7.35842 -0.346117 0.036748 14.167834 134.0
56 11285.0 0.095046 0.465657 0.0 0.781625 -0.394556 -7.35842 -0.346117 0.036748 14.167834 134.0
57 11285.0 0.085771 0.464919 0.0 0.776187 -0.394556 -7.35842 -0.346117 0.036748 14.167834 134.0
58 11285.0 0.104382 0.475575 0.0 0.777805 -0.394556 -7.35842 -0.346117 0.036748 14.167834 134.0
59 11285.0 0.10175 0.460498 0.0 0.791321 -0.394556 -7.35842 -0.346117 0.036748 14.167834 134.0
60 11285.0 0.082729 0.491154 0.0 0.747585 -0.394556 -7.35842 -0.346117 0.036748 14.167834 134.0
61 11285.0 0.079282 0.494021 0.0 0.742383 -0.394556 -7.35842 -0.346117 0.036748 14.167834 134.0
62 11285.0 0.096557 0.480505 0.0 0.767593 -0.394556 -7.35842 -0.346117 0.036748 14.167834 134.0
63 11285.0 0.088782 0.481089 0.0 0.761817 -0.394556 -7.35842 -0.346117 0.036748 14.167834 134.0
64 11285.0 0.063427 0.512177 0.0 0.713419 -0.394556 -7.35842 -0.346117 0.036748 14.167834 134.0
65 11285.0 0.069839 0.52884 0.0 0.700818 -0.394556 -7.35842 -0.346117 0.036748 14.167834 134.0
66 11285.0 0.057082 0.527746 0.0 0.693418 -0.394556 -7.35842 -0.346117 0.036748 14.167834 134.0
67 11285.0 0.067636 0.513623 0.0 0.714761 -0.394556 -7.35842 -0.346117 0.036748 14.167834 134.0
68 11285.0 0.061655 0.485111 0.0 0.739652 -0.394556 -7.35842 -0.346117 0.036748 14.167834 134.0
69 11285.0 0.063072 0.495404 0.0 0.730172 -0.394556 -7.35842 -0.346117 0.036748 14.167834 134.0
70 11285.0 0.043787 0.518005 0.0 0.694417 -0.394556 -7.35842 -0.346117 0.036748 14.167834 134.0
71 11285.0 0.032817 0.527991 0.0 0.676987 -0.394556 -7.35842 -0.346117 0.036748 14.167834 134.0
72 11285.0 0.051979 0.531908 0.0 0.6858 -0.394556 -7.35842 -0.346117 0.036748 14.167834 134.0
73 11285.0 0.047166 0.503382 0.0 0.711483 -0.394556 -7.35842 -0.346117 0.036748 14.167834 134.0
74 11285.0 0.079983 0.512331 0.0 0.724304 -0.394556 -7.35842 -0.346117 0.036748 14.167834 134.0
75 11285.0 0.100136 0.509042 0.0 0.741076 -0.394556 -7.35842 -0.346117 0.036748 14.167834 134.0
76 11285.0 0.066561 0.504052 0.0 0.723739 -0.394556 -7.35842 -0.346117 0.036748 14.167834 134.0
77 11285.0 0.081176 0.525124 0.0 0.712142 -0.394556 -7.35842 -0.346117 0.036748 14.167834 134.0
78 11285.0 0.0863 0.535815 0.0 0.70473 -0.394556 -7.35842 -0.346117 0.036748 14.167834 134.0
79 11285.0 0.092639 0.542581 0.0 0.702104 -0.394556 -7.35842 -0.346117 0.036748 14.167834 134.0
80 11285.0 0.087304 0.553858 0.0 0.687125 -0.394556 -7.35842 -0.346117 0.036748 14.167834 134.0
81 11285.0 0.070784 0.567058 0.0 0.662737 -0.394556 -7.35842 -0.346117 0.036748 14.167834 134.0
82 11285.0 0.064062 0.550498 0.0 0.675028 -0.394556 -7.35842 -0.346117 0.036748 14.167834 134.0
83 11285.0 0.075394 0.560474 0.0 0.67248 -0.394556 -7.35842 -0.346117 0.036748 14.167834 134.0
84 11285.0 0.055864 0.568454 0.0 0.651373 -0.394556 -7.35842 -0.346117 0.036748 14.167834 134.0
85 11285.0 0.043404 0.546589 0.0 0.66521 -0.394556 -7.35842 -0.346117 0.036748 14.167834 134.0
86 11285.0 0.055911 0.560026 0.0 0.659941 -0.394556 -7.35842 -0.346117 0.036748 14.167834 134.0
87 11285.0 0.050773 0.533308 0.0 0.683577 -0.394556 -7.35842 -0.346117 0.036748 14.167834 134.0
88 11285.0 0.031637 0.526449 0.0 0.677762 -0.394556 -7.35842 -0.346117 0.036748 14.167834 134.0
89 11285.0 0.031407 0.535281 0.0 0.668663 -0.394556 -7.35842 -0.346117 0.036748 14.167834 134.0
90 11285.0 0.020889 0.547185 0.0 0.649591 -0.394556 -7.35842 -0.346117 0.036748 14.167834 134.0
91 11285.0 0.035002 0.544408 0.0 0.661816 -0.394556 -7.35842 -0.346117 0.036748 14.167834 134.0
92 11285.0 0.036749 0.522615 0.0 0.685055 -0.394556 -7.35842 -0.346117 0.036748 14.167834 134.0
93 11285.0 0.036846 0.527102 0.0 0.680575 -0.394556 -7.35842 -0.346117 0.036748 14.167834 134.0
94 11285.0 0.044323 0.530104 0.0 0.682521 -0.394556 -7.35842 -0.346117 0.036748 14.167834 134.0
95 11285.0 0.046396 0.530667 0.0 0.683333 -0.394556 -7.35842 -0.346117 0.036748 14.167834 134.0
96 11285.0 0.017566 0.525966 0.0 0.668868 -0.394556 -7.35842 -0.346117 0.036748 14.167834 134.0
97 11285.0 0.019369 0.508143 0.0 0.688123 -0.394556 -7.35842 -0.346117 0.036748 14.167834 134.0
98 11285.0 0.039215 0.523163 0.0 0.686144 -0.394556 -7.35842 -0.346117 0.036748 14.167834 134.0
99 11285.0 0.038659 0.514657 0.0 0.69439 -0.394556 -7.35842 -0.346117 0.036748 14.167834 134.0
100 11285.0 0.012309 0.504695 0.0 0.686907 -0.394556 -7.35842 -0.346117 0.036748 14.167834 134.0
101 11285.0 -0.017524 0.509528 0.0 0.662116 -0.394556 -7.35842 -0.346117 0.036748 14.167834 134.0
102 11285.0 -0.014236 0.52399 0.0 0.649659 -0.394556 -7.35842 -0.346117 0.036748 14.167834 134.0
103 11285.0 -0.005621 0.526429 0.0 0.652935 -0.394556 -7.35842 -0.346117 0.036748 14.167834 134.0
104 11285.0 -0.011574 0.531234 0.0 0.644098 -0.394556 -7.35842 -0.346117 0.036748 14.167834 134.0
105 11285.0 -0.003637 0.511097 0.0 0.669787 -0.394556 -7.35842 -0.346117 0.036748 14.167834 134.0
106 11285.0 -0.009833 0.52011 0.0 0.656526 -0.394556 -7.35842 -0.346117 0.036748 14.167834 134.0
107 11285.0 -0.011366 0.495337 0.0 0.680596 -0.394556 -7.35842 -0.346117 0.036748 14.167834 134.0
108 11285.0 -0.000706 0.484612 0.0 0.698568 -0.394556 -7.35842 -0.346117 0.036748 14.167834 134.0
109 11285.0 -0.009351 0.495393 0.0 0.681884 -0.394556 -7.35842 -0.346117 0.036748 14.167834 134.0
110 11285.0 -0.011019 0.477678 0.0 0.698714 -0.394556 -7.35842 -0.346117 0.036748 14.167834 134.0
111 11285.0 0.003656 0.479122 0.0 0.707038 -0.394556 -7.35842 -0.346117 0.036748 14.167834 134.0
112 11285.0 0.014834 0.478412 0.0 0.715212 -0.394556 -7.35842 -0.346117 0.036748 14.167834 134.0
113 11285.0 0.008589 0.47016 0.0 0.719405 -0.394556 -7.35842 -0.346117 0.036748 14.167834 134.0
114 11285.0 0.024561 0.468274 0.0 0.731968 -0.394556 -7.35842 -0.346117 0.036748 14.167834 134.0
115 11285.0 0.057043 0.499749 0.0 0.721749 -0.394556 -7.35842 -0.346117 0.036748 14.167834 134.0
116 11285.0 0.048006 0.512119 0.0 0.703193 -0.394556 -7.35842 -0.346117 0.036748 14.167834 134.0
117 11285.0 0.052801 0.524539 0.0 0.693811 -0.394556 -7.35842 -0.346117 0.036748 14.167834 134.0
118 11285.0 0.033398 0.507429 0.0 0.698201 -0.394556 -7.35842 -0.346117 0.036748 14.167834 134.0
119 11285.0 0.037956 0.52512 0.0 0.683322 -0.394556 -7.35842 -0.346117 0.036748 14.167834 134.0
120 11285.0 0.043835 0.512883 0.0 0.699638 -0.394556 -7.35842 -0.346117 0.036748 14.167834 134.0
121 11285.0 0.065201 0.517215 0.0 0.709499 -0.394556 -7.35842 -0.346117 0.036748 14.167834 134.0
122 11285.0 0.061131 0.493116 0.0 0.731194 -0.394556 -7.35842 -0.346117 0.036748 14.167834 134.0
123 11285.0 0.047284 0.531761 0.0 0.682817 -0.394556 -7.35842 -0.346117 0.036748 14.167834 134.0
124 11285.0 0.042227 0.521158 0.0 0.690184 -0.394556 -7.35842 -0.346117 0.036748 14.167834 134.0
125 11285.0 0.031408 0.513307 0.0 0.690921 -0.394556 -7.35842 -0.346117 0.036748 14.167834 134.0
126 11285.0 0.031371 0.479254 0.0 0.725389 -0.394556 -7.35842 -0.346117 0.036748 14.167834 134.0
127 11285.0 0.044935 0.502543 0.0 0.710844 -0.394556 -7.35842 -0.346117 0.036748 14.167834 134.0
128 11285.0 0.037141 0.489514 0.0 0.718844 -0.394556 -7.35842 -0.346117 0.036748 14.167834 134.0
129 11285.0 0.032272 0.495295 0.0 0.709741 -0.394556 -7.35842 -0.346117 0.036748 14.167834 134.0
130 11285.0 0.034301 0.524753 0.0 0.681257 -0.394556 -7.35842 -0.346117 0.036748 14.167834 134.0
131 11285.0 0.041614 0.501141 0.0 0.710051 -0.394556 -7.35842 -0.346117 0.036748 14.167834 134.0
132 11285.0 0.02374 0.516291 0.0 0.682785 -0.394556 -7.35842 -0.346117 0.036748 14.167834 134.0
133 11285.0 0.00646 0.510681 0.0 0.676943 -0.394556 -7.35842 -0.346117 0.036748 14.167834 134.0
134 11285.0 0.018651 0.51707 0.0 0.678601 -0.394556 -7.35842 -0.346117 0.036748 14.167834 134.0
135 11285.0 -0.005388 0.522836 0.0 0.656729 -0.394556 -7.35842 -0.346117 0.036748 14.167834 134.0
136 11285.0 -0.011291 0.524523 0.0 0.651084 -0.394556 -7.35842 -0.346117 0.036748 14.167834 134.0
137 11285.0 -0.022987 0.522843 0.0 0.644986 -0.394556 -7.35842 -0.346117 0.036748 14.167834 134.0
138 11285.0 0.00791 0.517354 0.0 0.67115 -0.394556 -7.35842 -0.346117 0.036748 14.167834 134.0
139 11285.0 -0.012102 0.516383 0.0 0.658789 -0.394556 -7.35842 -0.346117 0.036748 14.167834 134.0
140 11285.0 -0.023051 0.490499 0.0 0.677704 -0.394556 -7.35842 -0.346117 0.036748 14.167834 134.0
141 11285.0 -0.033102 0.505291 0.0 0.656018 -0.394556 -7.35842 -0.346117 0.036748 14.167834 134.0
142 11285.0 -0.029221 0.49549 0.0 0.668534 -0.394556 -7.35842 -0.346117 0.036748 14.167834 134.0
143 11285.0 -0.036833 0.497491 0.0 0.661431 -0.394556 -7.35842 -0.346117 0.036748 14.167834 134.0
144 11285.0 -0.032709 0.47979 0.0 0.68211 -0.394556 -7.35842 -0.346117 0.036748 14.167834 134.0
145 11285.0 -0.017486 0.507325 0.0 0.664372 -0.394556 -7.35842 -0.346117 0.036748 14.167834 134.0
146 11285.0 -0.00483 0.516779 0.0 0.663237 -0.394556 -7.35842 -0.346117 0.036748 14.167834 134.0
147 11285.0 -0.007061 0.52278 0.0 0.655671 -0.394556 -7.35842 -0.346117 0.036748 14.167834 134.0
148 11285.0 -0.019494 0.546508 0.0 0.623345 -0.394556 -7.35842 -0.346117 0.036748 14.167834 134.0
149 11285.0 -0.006753 0.518503 0.0 0.660208 -0.394556 -7.35842 -0.346117 0.036748 14.167834 134.0
150 11285.0 0.000545 0.518727 0.0 0.664848 -0.394556 -7.35842 -0.346117 0.036748 14.167834 134.0
151 11285.0 -0.000641 0.543959 0.0 0.638501 -0.394556 -7.35842 -0.346117 0.036748 14.167834 134.0
152 11285.0 0.009763 0.529772 0.0 0.659809 -0.394556 -7.35842 -0.346117 0.036748 14.167834 134.0
153 11285.0 0.003293 0.543576 0.0 0.641512 -0.394556 -7.35842 -0.346117 0.036748 14.167834 134.0
154 11285.0 0.002082 0.522773 0.0 0.661775 -0.394556 -7.35842 -0.346117 0.036748 14.167834 134.0
155 11285.0 -0.008359 0.50961 0.0 0.668144 -0.394556 -7.35842 -0.346117 0.036748 14.167834 134.0
156 11285.0 -0.001639 0.509851 0.0 0.672382 -0.394556 -7.35842 -0.346117 0.036748 14.167834 134.0
157 11285.0 0.012416 0.5056 0.0 0.686062 -0.394556 -7.35842 -0.346117 0.036748 14.167834 134.0
158 11285.0 -0.022239 0.496077 0.0 0.672595 -0.394556 -7.35842 -0.346117 0.036748 14.167834 134.0
159 11285.0 -0.046299 0.511929 0.0 0.639293 -0.394556 -7.35842 -0.346117 0.036748 14.167834 134.0
160 11285.0 -0.041646 0.513089 0.0 0.642057 -0.394556 -7.35842 -0.346117 0.036748 14.167834 134.0
161 11285.0 -0.045267 0.502153 0.0 0.650638 -0.394556 -7.35842 -0.346117 0.036748 14.167834 134.0
162 11285.0 -0.037623 0.512292 0.0 0.645912 -0.394556 -7.35842 -0.346117 0.036748 14.167834 134.0
163 11285.0 -0.017923 0.52769 0.0 0.643453 -0.394556 -7.35842 -0.346117 0.036748 14.167834 134.0
164 11285.0 -0.02414 0.516341 0.0 0.650803 -0.394556 -7.35842 -0.346117 0.036748 14.167834 134.0
165 11285.0 -0.014959 0.510783 0.0 0.662555 -0.394556 -7.35842 -0.346117 0.036748 14.167834 134.0
166 11285.0 -0.031367 0.501562 0.0 0.660953 -0.394556 -7.35842 -0.346117 0.036748 14.167834 134.0
167 11285.0 -0.027224 0.474863 0.0 0.690758 -0.394556 -7.35842 -0.346117 0.036748 14.167834 134.0
168 11285.0 -0.063795 0.478848 0.0 0.659618 -0.394556 -7.35842 -0.346117 0.036748 14.167834 134.0
169 11285.0 -0.042169 0.45089 0.0 0.705073 -0.394556 -7.35842 -0.346117 0.036748 14.167834 134.0
170 11285.0 -0.046535 0.474488 0.0 0.67826 -0.394556 -7.35842 -0.346117 0.036748 14.167834 134.0
171 11285.0 -0.04722 0.486404 0.0 0.665734 -0.394556 -7.35842 -0.346117 0.036748 14.167834 134.0
172 11285.0 -0.015988 0.472705 0.0 0.700438 -0.394556 -7.35842 -0.346117 0.036748 14.167834 134.0
173 11285.0 -0.020863 0.524476 0.0 0.644748 -0.394556 -7.35842 -0.346117 0.036748 14.167834 134.0
174 11285.0 0.013056 0.533306 0.0 0.658425 -0.394556 -7.35842 -0.346117 0.036748 14.167834 134.0
175 11285.0 0.029449 0.538864 0.0 0.663728 -0.394556 -7.35842 -0.346117 0.036748 14.167834 134.0
176 11285.0 0.061677 0.532325 0.0 0.691844 -0.394556 -7.35842 -0.346117 0.036748 14.167834 134.0
177 11285.0 0.061355 0.523492 0.0 0.700576 -0.394556 -7.35842 -0.346117 0.036748 14.167834 134.0
178 11285.0 0.051178 0.537968 0.0 0.679127 -0.394556 -7.35842 -0.346117 0.036748 14.167834 134.0
179 11285.0 0.069572 0.526913 0.0 0.702591 -0.394556 -7.35842 -0.346117 0.036748 14.167834 134.0
180 11285.0 0.076222 0.51564 0.0 0.718444 -0.394556 -7.35842 -0.346117 0.036748 14.167834 134.0
181 11285.0 0.044001 0.538185 0.0 0.674121 -0.394556 -7.35842 -0.346117 0.036748 14.167834 134.0
182 11285.0 0.036086 0.516099 0.0 0.691212 -0.394556 -7.35842 -0.346117 0.036748 14.167834 134.0
183 11285.0 0.035253 0.503846 0.0 0.703068 -0.394556 -7.35842 -0.346117 0.036748 14.167834 134.0
184 11285.0 0.037054 0.520847 0.0 0.687049 -0.394556 -7.35842 -0.346117 0.036748 14.167834 134.0
185 11285.0 0.058037 0.516583 0.0 0.705362 -0.394556 -7.35842 -0.346117 0.036748 14.167834 134.0
186 11285.0 0.043213 0.505841 0.0 0.706356 -0.394556 -7.35842 -0.346117 0.036748 14.167834 134.0
187 11285.0 0.05342 0.51491 0.0 0.703977 -0.394556 -7.35842 -0.346117 0.036748 14.167834 134.0
188 11285.0 0.053873 0.545737 0.0 0.673055 -0.394556 -7.35842 -0.346117 0.036748 14.167834 134.0
189 11285.0 0.056825 0.559973 0.0 0.660604 -0.394556 -7.35842 -0.346117 0.036748 14.167834 134.0
190 11285.0 0.040691 0.554492 0.0 0.655397 -0.394556 -7.35842 -0.346117 0.036748 14.167834 134.0
191 11285.0 0.055432 0.569661 0.0 0.649863 -0.394556 -7.35842 -0.346117 0.036748 14.167834 134.0
192 11285.0 0.051167 0.557268 0.0 0.659571 -0.394556 -7.35842 -0.346117 0.036748 14.167834 134.0
193 11285.0 0.054069 0.528418 0.0 0.690728 -0.394556 -7.35842 -0.346117 0.036748 14.167834 134.0
194 11285.0 0.074454 0.51022 0.0 0.722755 -0.394556 -7.35842 -0.346117 0.036748 14.167834 134.0
195 11285.0 0.07107 0.51769 0.0 0.712932 -0.394556 -7.35842 -0.346117 0.036748 14.167834 134.0
196 11285.0 0.093351 0.536313 0.0 0.708928 -0.394556 -7.35842 -0.346117 0.036748 14.167834 134.0
197 11285.0 0.069096 0.538558 0.0 0.690479 -0.394556 -7.35842 -0.346117 0.036748 14.167834 134.0
198 11285.0 0.060357 0.516201 0.0 0.707295 -0.394556 -7.35842 -0.346117 0.036748 14.167834 134.0
199 11285.0 0.09049 0.520237 0.0 0.723304 -0.394556 -7.35842 -0.346117 0.036748 14.167834 134.0
200 11285.0 0.12483 0.515755 0.0 0.750744 -0.394556 -7.35842 -0.346117 0.036748 14.167834 134.0
201 11285.0 0.126778 0.484939 0.0 0.783257 -0.394556 -7.35842 -0.346117 0.036748 14.167834 134.0
202 11285.0 0.130079 0.480625 0.0 0.789828 -0.394556 -7.35842 -0.346117 0.036748 14.167834 134.0
203 11285.0 0.117909 0.48124 0.0 0.781089 -0.394556 -7.35842 -0.346117 0.036748 14.167834 134.0
204 11285.0 0.11418 0.522175 0.0 0.73714 -0.394556 -7.35842 -0.346117 0.036748 14.167834 134.0
205 11285.0 0.11829 0.53312 0.0 0.728794 -0.394556 -7.35842 -0.346117 0.036748 14.167834 134.0
206 11285.0 0.137555 0.531733 0.0 0.743048 -0.394556 -7.35842 -0.346117 0.036748 14.167834 134.0
207 11285.0 0.151988 0.544893 0.0 0.739343 -0.394556 -7.35842 -0.346117 0.036748 14.167834 134.0
208 11285.0 0.180468 0.536877 0.0 0.766456 -0.394556 -7.35842 -0.346117 0.036748 14.167834 134.0
209 11285.0 0.17759 0.51659 0.0 0.785084 -0.394556 -7.35842 -0.346117 0.036748 14.167834 134.0
210 11285.0 0.169769 0.519463 0.0 0.776959 -0.394556 -7.35842 -0.346117 0.036748 14.167834 134.0
211 11285.0 0.128335 0.512474 0.0 0.756406 -0.394556 -7.35842 -0.346117 0.036748 14.167834 134.0
212 11285.0 0.112948 0.51735 0.0 0.741205 -0.394556 -7.35842 -0.346117 0.036748 14.167834 134.0
213 11285.0 0.095581 0.518017 0.0 0.728948 -0.394556 -7.35842 -0.346117 0.036748 14.167834 134.0
214 11285.0 0.093361 0.508876 0.0 0.736725 -0.394556 -7.35842 -0.346117 0.036748 14.167834 134.0
215 11285.0 0.105718 0.517093 0.0 0.736643 -0.394556 -7.35842 -0.346117 0.036748 14.167834 134.0
216 11285.0 0.105632 0.523474 0.0 0.730123 -0.394556 -7.35842 -0.346117 0.036748 14.167834 134.0
217 11285.0 0.104099 0.516427 0.0 0.736238 -0.394556 -7.35842 -0.346117 0.036748 14.167834 134.0
218 11285.0 0.09866 0.504098 0.0 0.745099 -0.394556 -7.35842 -0.346117 0.036748 14.167834 134.0
219 11285.0 0.08851 0.495221 0.0 0.747321 -0.394556 -7.35842 -0.346117 0.036748 14.167834 134.0
220 11285.0 0.081079 0.49787 0.0 0.739683 -0.394556 -7.35842 -0.346117 0.036748 14.167834 134.0
221 11285.0 0.093502 0.496623 0.0 0.749231 -0.394556 -7.35842 -0.346117 0.036748 14.167834 134.0
222 11285.0 0.090034 0.497775 0.0 0.74575 -0.394556 -7.35842 -0.346117 0.036748 14.167834 134.0
223 11285.0 0.104578 0.477233 0.0 0.776257 -0.394556 -7.35842 -0.346117 0.036748 14.167834 134.0
224 11285.0 0.11992 0.468538 0.0 0.795295 -0.394556 -7.35842 -0.346117 0.036748 14.167834 134.0
225 11285.0 0.127412 0.483987 0.0 0.784644 -0.394556 -7.35842 -0.346117 0.036748 14.167834 134.0
226 11285.0 0.097306 0.469549 0.0 0.77919 -0.394556 -7.35842 -0.346117 0.036748 14.167834 134.0
227 11285.0 0.116143 0.477502 0.0 0.783696 -0.394556 -7.35842 -0.346117 0.036748 14.167834 134.0
228 11285.0 0.091341 0.477807 0.0 0.766847 -0.394556 -7.35842 -0.346117 0.036748 14.167834 134.0
229 11285.0 0.071359 0.500885 0.0 0.730147 -0.394556 -7.35842 -0.346117 0.036748 14.167834 134.0
230 11285.0 0.078899 0.525109 0.0 0.710639 -0.394556 -7.35842 -0.346117 0.036748 14.167834 134.0
231 11285.0 0.058673 0.526856 0.0 0.69538 -0.394556 -7.35842 -0.346117 0.036748 14.167834 134.0
232 11285.0 0.046392 0.530812 0.0 0.683182 -0.394556 -7.35842 -0.346117 0.036748 14.167834 134.0
233 11285.0 0.037149 0.531266 0.0 0.676559 -0.394556 -7.35842 -0.346117 0.036748 14.167834 134.0
234 11285.0 0.027702 0.497299 0.0 0.704663 -0.394556 -7.35842 -0.346117 0.036748 14.167834 134.0
235 11285.0 0.025293 0.495916 0.0 0.704458 -0.394556 -7.35842 -0.346117 0.036748 14.167834 134.0
236 11285.0 0.044183 0.492186 0.0 0.720833 -0.394556 -7.35842 -0.346117 0.036748 14.167834 134.0
237 11285.0 0.032299 0.513466 0.0 0.691354 -0.394556 -7.35842 -0.346117 0.036748 14.167834 134.0
238 11285.0 0.042983 0.50179 0.0 0.710306 -0.394556 -7.35842 -0.346117 0.036748 14.167834 134.0
239 11285.0 0.01975 0.507417 0.0 0.689112 -0.394556 -7.35842 -0.346117 0.036748 14.167834 134.0
240 11285.0 0.016093 0.506527 0.0 0.687575 -0.394556 -7.35842 -0.346117 0.036748 14.167834 134.0
241 11285.0 -0.003394 0.514887 0.0 0.666111 -0.394556 -7.35842 -0.346117 0.036748 14.167834 134.0
242 11285.0 -0.022051 0.513925 0.0 0.654643 -0.394556 -7.35842 -0.346117 0.036748 14.167834 134.0
243 11285.0 -0.072191 0.506966 0.0 0.622318 -0.394556 -7.35842 -0.346117 0.036748 14.167834 134.0
244 11285.0 -0.080695 0.538946 0.0 0.580792 -0.394556 -7.35842 -0.346117 0.036748 14.167834 134.0
245 11285.0 -0.075241 0.546125 0.0 0.577807 -0.394556 -7.35842 -0.346117 0.036748 14.167834 134.0
246 11285.0 -0.084438 0.524881 0.0 0.592615 -0.394556 -7.35842 -0.346117 0.036748 14.167834 134.0
247 11285.0 -0.091923 0.512292 0.0 0.599638 -0.394556 -7.35842 -0.346117 0.036748 14.167834 134.0
248 11285.0 -0.102851 0.501143 0.0 0.602156 -0.394556 -7.35842 -0.346117 0.036748 14.167834 134.0
249 11285.0 -0.109506 0.51902 0.0 0.577308 -0.394556 -7.35842 -0.346117 0.036748 14.167834 134.0
250 11285.0 -0.125401 0.502914 0.0 0.580855 -0.394556 -7.35842 -0.346117 0.036748 14.167834 134.0
251 11285.0 -0.130646 0.523578 0.0 0.554238 -0.394556 -7.35842 -0.346117 0.036748 14.167834 134.0
252 11285.0 -0.117125 0.495884 0.0 0.595496 -0.394556 -7.35842 -0.346117 0.036748 14.167834 134.0
253 11285.0 -0.12818 0.481772 0.0 0.601076 -0.394556 -7.35842 -0.346117 0.036748 14.167834 134.0
254 11285.0 -0.143562 0.509842 0.0 0.557812 -0.394556 -7.35842 -0.346117 0.036748 14.167834 134.0
255 11285.0 -0.120013 0.526008 0.0 0.56079 -0.394556 -7.35842 -0.346117 0.036748 14.167834 134.0
256 11285.0 -0.121967 0.522565 0.0 0.562791 -0.394556 -7.35842 -0.346117 0.036748 14.167834 134.0
257 11285.0 -0.114676 0.485696 0.0 0.6085 -0.394556 -7.35842 -0.346117 0.036748 14.167834 134.0
258 11285.0 -0.136862 0.512788 0.0 0.560429 -0.394556 -7.35842 -0.346117 0.036748 14.167834 134.0
259 11285.0 -0.155423 0.517961 0.0 0.53892 -0.394556 -7.35842 -0.346117 0.036748 14.167834 134.0
260 11285.0 -0.148456 0.533224 0.0 0.528592 -0.394556 -7.35842 -0.346117 0.036748 14.167834 134.0
261 11285.0 -0.181276 0.54071 0.0 0.490104 -0.394556 -7.35842 -0.346117 0.036748 14.167834 134.0
262 11285.0 -0.182368 0.544064 0.0 0.484985 -0.394556 -7.35842 -0.346117 0.036748 14.167834 134.0
263 11285.0 -0.158458 0.536459 0.0 0.516523 -0.394556 -7.35842 -0.346117 0.036748 14.167834 134.0
264 11285.0 -0.149513 0.519288 0.0 0.542587 -0.394556 -7.35842 -0.346117 0.036748 14.167834 134.0
265 11285.0 -0.152253 0.523859 0.0 0.53534 -0.394556 -7.35842 -0.346117 0.036748 14.167834 134.0
266 11285.0 -0.175916 0.498709 0.0 0.541875 -0.394556 -7.35842 -0.346117 0.036748 14.167834 134.0
267 11285.0 -0.17659 0.520852 0.0 0.517611 -0.394556 -7.35842 -0.346117 0.036748 14.167834 134.0
268 11285.0 -0.16502 0.523615 0.0 0.524613 -0.394556 -7.35842 -0.346117 0.036748 14.167834 134.0
269 11285.0 -0.144692 0.536699 0.0 0.528114 -0.394556 -7.35842 -0.346117 0.036748 14.167834 134.0
270 11285.0 -0.156619 0.524122 0.0 0.531302 -0.394556 -7.35842 -0.346117 0.036748 14.167834 134.0
271 11285.0 -0.201984 0.518804 0.0 0.495711 -0.394556 -7.35842 -0.346117 0.036748 14.167834 134.0
272 11285.0 -0.2116 0.529553 0.0 0.473188 -0.394556 -7.35842 -0.346117 0.036748 14.167834 134.0
273 11285.0 -0.221592 0.520655 0.0 0.473884 -0.394556 -7.35842 -0.346117 0.036748 14.167834 134.0
274 11285.0 -0.215366 0.498322 0.0 0.50693 -0.394556 -7.35842 -0.346117 0.036748 14.167834 134.0
275 11285.0 -0.170717 0.511343 0.0 0.532835 -0.394556 -7.35842 -0.346117 0.036748 14.167834 134.0
276 11285.0 -0.165715 0.506834 0.0 0.541963 -0.394556 -7.35842 -0.346117 0.036748 14.167834 134.0
277 11285.0 -0.198406 0.492388 0.0 0.529279 -0.394556 -7.35842 -0.346117 0.036748 14.167834 134.0
278 11285.0 -0.216784 0.508265 0.0 0.493572 -0.394556 -7.35842 -0.346117 0.036748 14.167834 134.0
279 11285.0 -0.207994 0.519996 0.0 0.48827 -0.394556 -7.35842 -0.346117 0.036748 14.167834 134.0
280 11285.0 -0.198092 0.504002 0.0 0.517126 -0.394556 -7.35842 -0.346117 0.036748 14.167834 134.0
281 11285.0 -0.190526 0.495623 0.0 0.5326 -0.394556 -7.35842 -0.346117 0.036748 14.167834 134.0
282 11285.0 -0.177936 0.523709 0.0 0.513396 -0.394556 -7.35842 -0.346117 0.036748 14.167834 134.0
283 11285.0 -0.174092 0.527869 0.0 0.512255 -0.394556 -7.35842 -0.346117 0.036748 14.167834 134.0
284 11285.0 -0.184747 0.534435 0.0 0.49417 -0.394556 -7.35842 -0.346117 0.036748 14.167834 134.0
285 11285.0 -0.204777 0.540739 0.0 0.466575 -0.394556 -7.35842 -0.346117 0.036748 14.167834 134.0
286 11285.0 -0.216116 0.561941 0.0 0.429775 -0.394556 -7.35842 -0.346117 0.036748 14.167834 134.0
287 11285.0 -0.214878 0.550401 0.0 0.444873 -0.394556 -7.35842 -0.346117 0.036748 14.167834 134.0
