 time p.x p.y p.z deep.node-0 CV opes.bias opes.rct opes.zed opes.neff opes.nker
0 8045.0 0.330645 0.490274 0.0 0.91546 -1.87538 -14.105067 -0.312181 0.037878 14.167834 130.0
1 8045.0 0.326611 0.499265 0.0 0.903821 -1.87538 -14.105067 -0.312181 0.037878 14.167834 130.0
2 8045.0 0.341558 0.514777 0.0 0.899176 -1.87538 -14.105067 -0.312181 0.037878 14.167834 130.0
3 8045.0 0.345249 0.498207 0.0 0.917987 -1.87538 -14.105067 -0.312181 0.037878 14.167834 130.0
4 8045.0 0.337307 0.50134 0.0 0.909327 -1.87538 -14.105067 -0.312181 0.037878 14.167834 130.0
5 8045.0 0.347231 0.492991 0.0 0.924487 -1.87538 -14.105067 -0.312181 0.037878 14.167834 130.0
6 8045.0 0.357641 0.504572 0.0 0.92049 -1.87538 -14.105067 -0.312181 0.037878 14.167834 130.0
7 8045.0 0.347412 0.521376 0.0 0.896845 -1.87538 -14.105067 -0.312181 0.037878 14.167834 130.0
8 8045.0 0.322538 0.494773 0.0 0.905347 -1.87538 -14.105067 -0.312181 0.037878 14.167834 130.0
9 8045.0 0.297781 0.519632 0.0 0.863588 -1.87538 -14.105067 -0.312181 0.037878 14.167834 130.0
10 8045.0 0.277438 0.529528 0.0 0.839576 -1.87538 -14.105067 -0.312181 0.037878 14.167834 130.0
11 8045.0 0.257056 0.544673 0.0 0.810401 -1.87538 -14.105067 -0.312181 0.037878 14.167834 130.0
12 8045.0 0.262605 0.544396 0.0 0.814581 -1.87538 -14.105067 -0.312181 0.037878 14.167834 130.0
13 8045.0 0.251745 0.532758 0.0 0.818316 -1.87538 -14.105067 -0.312181 0.037878 14.167834 130.0
14 8045.0 0.240801 0.510933 0.0 0.83297 -1.87538 -14.105067 -0.312181 0.037878 14.167834 130.0
15 8045.0 0.249246 0.509118 0.0 0.84044 -1.87538 -14.105067 -0.312181 0.037878 14.167834 130.0
16 8045.0 0.239849 0.517234 0.0 0.825953 -1.87538 -14.105067 -0.312181 0.037878 14.167834 130.0
17 8045.0 0.237207 0.510683 0.0 0.830826 -1.87538 -14.105067 -0.312181 0.037878 14.167834 130.0
18 8045.0 0.23961 0.528458 0.0 0.814424 -1.87538 -14.105067 -0.312181 0.037878 14.167834 130.0
19 8045.0 0.247503 0.527725 0.0 0.820431 -1.87538 -14.105067 -0.312181 0.037878 14.167834 130.0
20 8045.0 0.218653 0.546411 0.0 0.782265 -1.87538 -14.105067 -0.312181 0.037878 14.167834 130.0
21 8045.0 0.197271 0.553137 0.0 0.761192 -1.87538 -14.105067 -0.312181 0.037878 14.167834 130.0
22 8045.0 0.208096 0.560929 0.0 0.760518 -1.87538 -14.105067 -0.312181 0.037878 14.167834 130.0
23 8045.0 0.202651 0.530083 0.0 0.788131 -1.87538 -14.105067 -0.312181 0.037878 14.167834 130.0
24 8045.0 0.191188 0.542125 0.0 0.768289 -1.87538 -14.105067 -0.312181 0.037878 14.167834 130.0
25 8045.0 0.190159 0.531851 0.0 0.778009 -1.87538 -14.105067 -0.312181 0.037878 14.167834 130.0
26 8045.0 0.194556 0.506077 0.0 0.807048 -1.87538 -14.105067 -0.312181 0.037878 14.167834 130.0
27 8045.0 0.184295 0.52245 0.0 0.78362 -1.87538 -14.105067 -0.312181 0.037878 14.167834 130.0
28 8045.0 0.184238 0.501654 0.0 0.804646 -1.87538 -14.105067 -0.312181 0.037878 14.167834 130.0
29 8045.0 0.181157 0.500535 0.0 0.803726 -1.87538 -14.105067 -0.312181 0.037878 14.167834 130.0
30 8045.0 0.175541 0.497079 0.0 0.803481 -1.87538 -14.105067 -0.312181 0.037878 14.167834 130.0
31 8045.0 0.178923 0.505009 0.0 0.797703 -1.87538 -14.105067 -0.312181 0.037878 14.167834 130.0
32 8045.0 0.164293 0.502571 0.0 0.790416 -1.87538 -14.105067 -0.312181 0.037878 14.167834 130.0
33 8045.0 0.130765 0.504297 0.0 0.766308 -1.87538 -14.105067 -0.312181 0.037878 14.167834 130.0
34 8045.0 0.091904 0.510957 0.0 0.733647 -1.87538 -14.105067 -0.312181 0.037878 14.167834 130.0
35 8045.0 0.081748 0.522978 0.0 0.714697 -1.87538 -14.105067 -0.312181 0.037878 14.167834 130.0
36 8045.0 0.056888 0.527352 0.0 0.693687 -1.87538 -14.105067 -0.312181 0.037878 14.167834 130.0
37 8045.0 0.046565 0.531827 0.0 0.682271 -1.87538 -14.105067 -0.312181 0.037878 14.167834 130.0
38 8045.0 0.037414 0.550144 0.0 0.657615 -1.87538 -14.105067 -0.312181 0.037878 14.167834 130.0
39 8045.0 0.037017 0.528658 0.0 0.679113 -1.87538 -14.105067 -0.312181 0.037878 14.167834 130.0
40 8045.0 0.024264 0.526161 0.0 0.673138 -1.87538 -14.105067 -0.312181 0.037878 14.167834 130.0
41 8045.0 0.049 0.543673 0.0 0.671895 -1.87538 -14.105067 -0.312181 0.037878 14.167834 130.0
42 8045.0 0.052336 0.520324 0.0 0.69777 -1.87538 -14.105067 -0.312181 0.037878 14.167834 130.0
43 8045.0 0.039588 0.490861 0.0 0.719111 -1.87538 -14.105067 -0.312181 0.037878 14.167834 130.0
44 8045.0 0.03859 0.508461 0.0 0.700619 -1.87538 -14.105067 -0.312181 0.037878 14.167834 130.0
45 8045.0 0.036181 0.498587 0.0 0.709013 -1.87538 -14.105067 -0.312181 0.037878 14.167834 130.0
46 8045.0 0.059398 0.482007 0.0 0.741291 -1.87538 -14.105067 -0.312181 0.037878 14.167834 130.0
47 8045.0 0.06119 0.486994 0.0 0.737434 -1.87538 -14.105067 -0.312181 0.037878 14.167834 130.0
48 8045.0 0.083799 0.48095 0.0 0.758634 -1.87538 -14.105067 -0.312181 0.037878 14.167834 130.0
49 8045.0 0.100625 0.473769 0.0 0.77713 -1.87538 -14.105067 -0.312181 0.037878 14.167834 130.0
50 8045.0 0.086225 0.470969 0.0 0.770362 -1.87538 -14.105067 -0.312181 0.037878 14.167834 130.0
51 8045.0 0.087515 0.492613 0.0 0.749299 -1.87538 -14.105067 -0.312181 0.037878 14.167834 130.0
52 8045.0 0.081758 0.490934 0.0 0.74716 -1.87538 -14.105067 -0.312181 0.037878 14.167834 130.0
53 8045.0 0.048318 0.508382 0.0 0.707186 -1.87538 -14.105067 -0.312181 0.037878 14.167834 130.0
54 8045.0 0.028286 0.521148 0.0 0.680896 -1.87538 -14.105067 -0.312181 0.037878 14.167834 130.0
55 8045.0 0.023732 0.512121 0.0 0.687003 -1.87538 -14.105067 -0.312181 0.037878 14.167834 130.0
56 8045.0 0.009357 0.505043 0.0 0.684585 -1.87538 -14.105067 -0.312181 0.037878 14.167834 130.0
57 8045.0 -0.003212 0.529452 0.0 0.651479 -1.87538 -14.105067 -0.312181 0.037878 14.167834 130.0
58 8045.0 -0.020435 0.532794 0.0 0.636608 -1.87538 -14.105067 -0.312181 0.037878 14.167834 130.0
59 8045.0 0.003718 0.53104 0.0 0.654493 -1.87538 -14.105067 -0.312181 0.037878 14.167834 130.0
60 8045.0 -0.014118 0.514342 0.0 0.65951 -1.87538 -14.105067 -0.312181 0.037878 14.167834 130.0
61 8045.0 -0.03038 0.526349 0.0 0.636504 -1.87538 -14.105067 -0.312181 0.037878 14.167834 130.0
62 8045.0 -0.045665 0.525519 0.0 0.625304 -1.87538 -14.105067 -0.312181 0.037878 14.167834 130.0
63 8045.0 -0.067733 0.533094 0.0 0.598208 -1.87538 -14.105067 -0.312181 0.037878 14.167834 130.0
64 8045.0 -0.049487 0.545996 0.0 0.600112 -1.87538 -14.105067 -0.312181 0.037878 14.167834 130.0
65 8045.0 -0.050053 0.523625 0.0 0.623553 -1.87538 -14.105067 -0.312181 0.037878 14.167834 130.0
66 8045.0 -0.054487 0.520863 0.0 0.62269 -1.87538 -14.105067 -0.312181 0.037878 14.167834 130.0
67 8045.0 -0.064443 0.495675 0.0 0.641062 -1.87538 -14.105067 -0.312181 0.037878 14.167834 130.0
68 8045.0 -0.066728 0.481507 0.0 0.654249 -1.87538 -14.105067 -0.312181 0.037878 14.167834 130.0
69 8045.0 -0.042521 0.5132 0.0 0.641185 -1.87538 -14.105067 -0.312181 0.037878 14.167834 130.0
70 8045.0 -0.038365 0.525459 0.0 0.631651 -1.87538 -14.105067 -0.312181 0.037878 14.167834 130.0
71 8045.0 -0.06389 0.512224 0.0 0.623837 -1.87538 -14.105067 -0.312181 0.037878 14.167834 130.0
72 8045.0 -0.044295 0.491046 0.0 0.662983 -1.87538 -14.105067 -0.312181 0.037878 14.167834 130.0
73 8045.0 -0.033502 0.520922 0.0 0.639919 -1.87538 -14.105067 -0.312181 0.037878 14.167834 130.0
74 8045.0 -0.034738 0.514253 0.0 0.645849 -1.87538 -14.105067 -0.312181 0.037878 14.167834 130.0
75 8045.0 -0.041592 0.494983 0.0 0.660797 -1.87538 -14.105067 -0.312181 0.037878 14.167834 130.0
76 8045.0 -0.037976 0.497327 0.0 0.660834 -1.87538 -14.105067 -0.312181 0.037878 14.167834 130.0
77 8045.0 -0.034685 0.494402 0.0 0.665991 -1.87538 -14.105067 -0.312181 0.037878 14.167834 130.0
78 8045.0 -0.030555 0.510274 0.0 0.652669 -1.87538 -14.105067 -0.312181 0.037878 14.167834 130.0
79 8045.0 -0.03151 0.511396 0.0 0.650896 -1.87538 -14.105067 -0.312181 0.037878 14.167834 130.0
80 8045.0 -0.019344 0.521485 0.0 0.64879 -1.87538 -14.105067 -0.312181 0.037878 14.167834 130.0
81 8045.0 -0.046741 0.53704 0.0 0.612055 -1.87538 -14.105067 -0.312181 0.037878 14.167834 130.0
82 8045.0 -0.055865 0.550008 0.0 0.590331 -1.87538 -14.105067 -0.312181 0.037878 14.167834 130.0
83 8045.0 -0.040238 0.533687 0.0 0.621237 -1.87538 -14.105067 -0.312181 0.037878 14.167834 130.0
84 8045.0 -0.058376 0.528067 0.0 0.611638 -1.87538 -14.105067 -0.312181 0.037878 14.167834 130.0
85 8045.0 -0.050869 0.522439 0.0 0.624119 -1.87538 -14.105067 -0.312181 0.037878 14.167834 130.0
86 8045.0 -0.042281 0.520074 0.0 0.63404 -1.87538 -14.105067 -0.312181 0.037878 14.167834 130.0
87 8045.0 -0.04737 0.538373 0.0 0.610087 -1.87538 -14.105067 -0.312181 0.037878 14.167834 130.0
88 8045.0 -0.062465 0.522539 0.0 0.614031 -1.87538 -14.105067 -0.312181 0.037878 14.167834 130.0
89 8045.0 -0.062509 0.497271 0.0 0.641019 -1.87538 -14.105067 -0.312181 0.037878 14.167834 130.0
90 8045.0 -0.061536 0.534816 0.0 0.601699 -1.87538 -14.105067 -0.312181 0.037878 14.167834 130.0
91 8045.0 -0.042738 0.519377 0.0 0.634392 -1.87538 -14.105067 -0.312181 0.037878 14.167834 130.0
92 8045.0 -0.050288 0.514575 0.0 0.633029 -1.87538 -14.105067 -0.312181 0.037878 14.167834 130.0
93 8045.0 -0.050297 0.521328 0.0 0.625799 -1.87538 -14.105067 -0.312181 0.037878 14.167834 130.0
94 8045.0 -0.050718 0.488352 0.0 0.660708 -1.87538 -14.105067 -0.312181 0.037878 14.167834 130.0
95 8045.0 -0.050296 0.514471 0.0 0.633134 -1.87538 -14.105067 -0.312181 0.037878 14.167834 130.0
96 8045.0 -0.05794 0.517134 0.0 0.623707 -1.87538 -14.105067 -0.312181 0.037878 14.167834 130.0
97 8045.0 -0.062923 0.523902 0.0 0.612179 -1.87538 -14.105067 -0.312181 0.037878 14.167834 130.0
98 8045.0 -0.063522 0.505183 0.0 0.631685 -1.87538 -14.105067 -0.312181 0.037878 14.167834 130.0
99 8045.0 -0.047344 0.511929 0.0 0.638394 -1.87538 -14.105067 -0.312181 0.037878 14.167834 130.0
100 8045.0 -0.03324 0.48865 0.0 0.672782 -1.87538 -14.105067 -0.312181 0.037878 14.167834 130.0
101 8045.0 -0.027044 0.52081 0.0 0.644339 -1.87538 -14.105067 -0.312181 0.037878 14.167834 130.0
102 8045.0 -0.032021 0.522667 0.0 0.639139 -1.87538 -14.105067 -0.312181 0.037878 14.167834 130.0
103 8045.0 -0.025686 0.552325 0.0 0.613323 -1.87538 -14.105067 -0.312181 0.037878 14.167834 130.0
104 8045.0 -0.041832 0.54553 0.0 0.607198 -1.87538 -14.105067 -0.312181 0.037878 14.167834 130.0
105 8045.0 -0.052954 0.541073 0.0 0.602393 -1.87538 -14.105067 -0.312181 0.037878 14.167834 130.0
106 8045.0 -0.082943 0.557294 0.0 0.559232 -1.87538 -14.105067 -0.312181 0.037878 14.167834 130.0
107 8045.0 -0.072616 0.566096 0.0 0.558707 -1.87538 -14.105067 -0.312181 0.037878 14.167834 130.0
108 8045.0 -0.080387 0.572445 0.0 0.545228 -1.87538 -14.105067 -0.312181 0.037878 14.167834 130.0
109 8045.0 -0.074781 0.546073 0.0 0.57826 -1.87538 -14.105067 -0.312181 0.037878 14.167834 130.0
110 8045.0 -0.051272 0.562616 0.0 0.580799 -1.87538 -14.105067 -0.312181 0.037878 14.167834 130.0
111 8045.0 -0.02423 0.588033 0.0 0.576888 -1.87538 -14.105067 -0.312181 0.037878 14.167834 130.0
112 8045.0 -0.016519 0.57768 0.0 0.593756 -1.87538 -14.105067 -0.312181 0.037878 14.167834 130.0
113 8045.0 -0.038633 0.552795 0.0 0.602182 -1.87538 -14.105067 -0.312181 0.037878 14.167834 130.0
114 8045.0 -0.031353 0.55669 0.0 0.60428 -1.87538 -14.105067 -0.312181 0.037878 14.167834 130.0
115 8045.0 -0.050932 0.523816 0.0 0.622592 -1.87538 -14.105067 -0.312181 0.037878 14.167834 130.0
116 8045.0 -0.035205 0.529062 0.0 0.630517 -1.87538 -14.105067 -0.312181 0.037878 14.167834 130.0
117 8045.0 -0.034151 0.512748 0.0 0.647766 -1.87538 -14.105067 -0.312181 0.037878 14.167834 130.0
118 8045.0 -0.021159 0.497468 0.0 0.671907 -1.87538 -14.105067 -0.312181 0.037878 14.167834 130.0
119 8045.0 -0.006137 0.510898 0.0 0.668322 -1.87538 -14.105067 -0.312181 0.037878 14.167834 130.0
120 8045.0 -0.022559 0.497179 0.0 0.671265 -1.87538 -14.105067 -0.312181 0.037878 14.167834 130.0
121 8045.0 -0.010767 0.515459 0.0 0.660614 -1.87538 -14.105067 -0.312181 0.037878 14.167834 130.0
122 8045.0 0.004971 0.545524 0.0 0.640657 -1.87538 -14.105067 -0.312181 0.037878 14.167834 130.0
123 8045.0 -0.022055 0.55681 0.0 0.611202 -1.87538 -14.105067 -0.312181 0.037878 14.167834 130.0
124 8045.0 -0.032758 0.539595 0.0 0.621357 -1.87538 -14.105067 -0.312181 0.037878 14.167834 130.0
125 8045.0 -0.048035 0.517677 0.0 0.631651 -1.87538 -14.105067 -0.312181 0.037878 14.167834 130.0
126 8045.0 -0.048862 0.502829 0.0 0.64682 -1.87538 -14.105067 -0.312181 0.037878 14.167834 130.0
127 8045.0 -0.068662 0.525592 0.0 0.605432 -1.87538 -14.105067 -0.312181 0.037878 14.167834 130.0
128 8045.0 -0.10438 0.482267 0.0 0.62103 -1.87538 -14.105067 -0.312181 0.037878 14.167834 130.0
129 8045.0 -0.118303 0.474996 0.0 0.616824 -1.87538 -14.105067 -0.312181 0.037878 14.167834 130.0
130 8045.0 -0.111737 0.47004 0.0 0.627776 -1.87538 -14.105067 -0.312181 0.037878 14.167834 130.0
131 8045.0 -0.126526 0.469723 0.0 0.615386 -1.87538 -14.105067 -0.312181 0.037878 14.167834 130.0
132 8045.0 -0.143881 0.479499 0.0 0.589993 -1.87538 -14.105067 -0.312181 0.037878 14.167834 130.0
133 8045.0 -0.147805 0.471407 0.0 0.595271 -1.87538 -14.105067 -0.312181 0.037878 14.167834 130.0
134 8045.0 -0.177045 0.503453 0.0 0.535829 -1.87538 -14.105067 -0.312181 0.037878 14.167834 130.0
135 8045.0 -0.166278 0.484967 0.0 0.564868 -1.87538 -14.105067 -0.312181 0.037878 14.167834 130.0
136 8045.0 -0.144743 0.49349 0.0 0.574287 -1.87538 -14.105067 -0.312181 0.037878 14.167834 130.0
137 8045.0 -0.134622 0.522151 0.0 0.552342 -1.87538 -14.105067 -0.312181 0.037878 14.167834 130.0
138 8045.0 -0.150089 0.515549 0.0 0.546092 -1.87538 -14.105067 -0.312181 0.037878 14.167834 130.0
139 8045.0 -0.134269 0.517403 0.0 0.557724 -1.87538 -14.105067 -0.312181 0.037878 14.167834 130.0
140 8045.0 -0.140382 0.498787 0.0 0.572374 -1.87538 -14.105067 -0.312181 0.037878 14.167834 130.0
141 8045.0 -0.121813 0.488885 0.0 0.598947 -1.87538 -14.105067 -0.312181 0.037878 14.167834 130.0
142 8045.0 -0.100588 0.519603 0.0 0.58436 -1.87538 -14.105067 -0.312181 0.037878 14.167834 130.0
143 8045.0 -0.128742 0.535543 0.0 0.543079 -1.87538 -14.105067 -0.312181 0.037878 14.167834 130.0
144 8045.0 -0.113307 0.540919 0.0 0.550613 -1.87538 -14.105067 -0.312181 0.037878 14.167834 130.0
145 8045.0 -0.110135 0.560928 0.0 0.531942 -1.87538 -14.105067 -0.312181 0.037878 14.167834 130.0
146 8045.0 -0.132374 0.558449 0.0 0.515454 -1.87538 -14.105067 -0.312181 0.037878 14.167834 130.0
147 8045.0 -0.1143 0.554813 0.0 0.534898 -1.87538 -14.105067 -0.312181 0.037878 14.167834 130.0
148 8045.0 -0.12199 0.55065 0.0 0.532732 -1.87538 -14.105067 -0.312181 0.037878 14.167834 130.0
149 8045.0 -0.115631 0.552475 0.0 0.536253 -1.87538 -14.105067 -0.312181 0.037878 14.167834 130.0
150 8045.0 -0.118371 0.533974 0.0 0.553683 -1.87538 -14.105067 -0.312181 0.037878 14.167834 130.0
151 8045.0 -0.128026 0.513561 0.0 0.567207 -1.87538 -14.105067 -0.312181 0.037878 14.167834 130.0
152 8045.0 -0.126968 0.530335 0.0 0.550177 -1.87538 -14.105067 -0.312181 0.037878 14.167834 130.0
153 8045.0 -0.123752 0.522208 0.0 0.561637 -1.87538 -14.105067 -0.312181 0.037878 14.167834 130.0
154 8045.0 -0.11513 0.536342 0.0 0.553941 -1.87538 -14.105067 -0.312181 0.037878 14.167834 130.0
155 8045.0 -0.099541 0.551944 0.0 0.550669 -1.87538 -14.105067 -0.312181 0.037878 14.167834 130.0
156 8045.0 -0.115833 0.550316 0.0 0.538388 -1.87538 -14.105067 -0.312181 0.037878 14.167834 130.0
157 8045.0 -0.131636 0.533268 0.0 0.543022 -1.87538 -14.105067 -0.312181 0.037878 14.167834 130.0
158 8045.0 -0.128064 0.524744 0.0 0.555213 -1.87538 -14.105067 -0.312181 0.037878 14.167834 130.0
159 8045.0 -0.132206 0.539876 0.0 0.535463 -1.87538 -14.105067 -0.312181 0.037878 14.167834 130.0
160 8045.0 -0.136755 0.505552 0.0 0.56826 -1.87538 -14.105067 -0.312181 0.037878 14.167834 130.0
161 8045.0 -0.121381 0.468413 0.0 0.621215 -1.87538 -14.105067 -0.312181 0.037878 14.167834 130.0
162 8045.0 -0.15049 0.493287 0.0 0.569557 -1.87538 -14.105067 -0.312181 0.037878 14.167834 130.0
163 8045.0 -0.151636 0.520964 0.0 0.538967 -1.87538 -14.105067 -0.312181 0.037878 14.167834 130.0
164 8045.0 -0.17899 0.526833 0.0 0.509055 -1.87538 -14.105067 -0.312181 0.037878 14.167834 130.0
165 8045.0 -0.17555 0.530542 0.0 0.50804 -1.87538 -14.105067 -0.312181 0.037878 14.167834 130.0
166 8045.0 -0.142124 0.527593 0.0 0.540065 -1.87538 -14.105067 -0.312181 0.037878 14.167834 130.0
167 8045.0 -0.162111 0.514169 0.0 0.537221 -1.87538 -14.105067 -0.312181 0.037878 14.167834 130.0
168 8045.0 -0.168392 0.494299 0.0 0.553067 -1.87538 -14.105067 -0.312181 0.037878 14.167834 130.0
169 8045.0 -0.143689 0.514638 0.0 0.552574 -1.87538 -14.105067 -0.312181 0.037878 14.167834 130.0
170 8045.0 -0.124783 0.531935 0.0 0.550346 -1.87538 -14.105067 -0.312181 0.037878 14.167834 130.0
171 8045.0 -0.138074 0.529795 0.0 0.541195 -1.87538 -14.105067 -0.312181 0.037878 14.167834 130.0
172 8045.0 -0.128999 0.544789 0.0 0.532968 -1.87538 -14.105067 -0.312181 0.037878 14.167834 130.0
173 8045.0 -0.125455 0.556675 0.0 0.523306 -1.87538 -14.105067 -0.312181 0.037878 14.167834 130.0
174 8045.0 -0.133642 0.538466 0.0 0.535735 -1.87538 -14.105067 -0.312181 0.037878 14.167834 130.0
175 8045.0 -0.149196 0.545449 0.0 0.514879 -1.87538 -14.105067 -0.312181 0.037878 14.167834 130.0
176 8045.0 -0.172422 0.532123 0.0 0.509143 -1.87538 -14.105067 -0.312181 0.037878 14.167834 130.0
177 8045.0 -0.162991 0.519246 0.0 0.531032 -1.87538 -14.105067 -0.312181 0.037878 14.167834 130.0
178 8045.0 -0.162343 0.541934 0.0 0.507323 -1.87538 -14.105067 -0.312181 0.037878 14.167834 130.0
179 8045.0 -0.153417 0.541771 0.0 0.51518 -1.87538 -14.105067 -0.312181 0.037878 14.167834 130.0
180 8045.0 -0.152492 0.525856 0.0 0.532999 -1.87538 -14.105067 -0.312181 0.037878 14.167834 130.0
181 8045.0 -0.144595 0.503256 0.0 0.563969 -1.87538 -14.105067 -0.312181 0.037878 14.167834 130.0
182 8045.0 -0.186634 0.505976 0.0 0.524877 -1.87538 -14.105067 -0.312181 0.037878 14.167834 130.0
183 8045.0 -0.176424 0.494451 0.0 0.545992 -1.87538 -14.105067 -0.312181 0.037878 14.167834 130.0
184 8045.0 -0.187206 0.485901 0.0 0.545856 -1.87538 -14.105067 -0.312181 0.037878 14.167834 130.0
185 8045.0 -0.234359 0.474089 0.0 0.517046 -1.87538 -14.105067 -0.312181 0.037878 14.167834 130.0
186 8045.0 -0.241233 0.491328 0.0 0.489471 -1.87538 -14.105067 -0.312181 0.037878 14.167834 130.0
187 8045.0 -0.247634 0.479185 0.0 0.497654 -1.87538 -14.105067 -0.312181 0.037878 14.167834 130.0
188 8045.0 -0.247196 0.486523 0.0 0.48928 -1.87538 -14.105067 -0.312181 0.037878 14.167834 130.0
189 8045.0 -0.260826 0.491415 0.0 0.469778 -1.87538 -14.105067 -0.312181 0.037878 14.167834 130.0
190 8045.0 -0.261093 0.495297 0.0 0.464849 -1.87538 -14.105067 -0.312181 0.037878 14.167834 130.0
191 8045.0 -0.269613 0.470146 0.0 0.486537 -1.87538 -14.105067 -0.312181 0.037878 14.167834 130.0
192 8045.0 -0.266586 0.490638 0.0 0.464953 -1.87538 -14.105067 -0.312181 0.037878 14.167834 130.0
193 8045.0 -0.27815 0.494339 0.0 0.448947 -1.87538 -14.105067 -0.312181 0.037878 14.167834 130.0
194 8045.0 -0.292332 0.51129 0.0 0.414412 -1.87538 -14.105067 -0.312181 0.037878 14.167834 130.0
195 8045.0 -0.309193 0.507668 0.0 0.401906 -1.87538 -14.105067 -0.312181 0.037878 14.167834 130.0
196 8045.0 -0.321154 0.508031 0.0 0.389513 -1.87538 -14.105067 -0.312181 0.037878 14.167834 130.0
197 8045.0 -0.330264 0.488353 0.0 0.404037 -1.87538 -14.105067 -0.312181 0.037878 14.167834 130.0
198 8045.0 -0.367672 0.49938 0.0 0.353396 -1.87538 -14.105067 -0.312181 0.037878 14.167834 130.0
199 8045.0 -0.372546 0.51167 0.0 0.333764 -1.87538 -14.105067 -0.312181 0.037878 14.167834 130.0
200 8045.0 -0.406597 0.516358 0.0 0.294093 -1.87538 -14.105067 -0.312181 0.037878 14.167834 130.0
201 8045.0 -0.43255 0.535409 0.0 0.245267 -1.87538 -14.105067 -0.312181 0.037878 14.167834 130.0
202 8045.0 -0.421071 0.533198 0.0 0.259398 -1.87538 -14.105067 -0.312181 0.037878 14.167834 130.0
203 8045.0 -0.432451 0.514859 0.0 0.270045 -1.87538 -14.105067 -0.312181 0.037878 14.167834 130.0
204 8045.0 -0.428172 0.542903 0.0 0.240644 -1.87538 -14.105067 -0.312181 0.037878 14.167834 130.0
205 8045.0 -0.445651 0.546652 0.0 0.218668 -1.87538 -14.105067 -0.312181 0.037878 14.167834 130.0
206 8045.0 -0.453965 0.544231 0.0 0.213264 -1.87538 -14.105067 -0.312181 0.037878 14.167834 130.0
207 8045.0 -0.473879 0.557804 0.0 0.177054 -1.87538 -14.105067 -0.312181 0.037878 14.167834 130.0
208 8045.0 -0.485061 0.569864 0.0 0.151391 -1.87538 -14.105067 -0.312181 0.037878 14.167834 130.0
209 8045.0 -0.473899 0.562306 0.0 0.171628 -1.87538 -14.105067 -0.312181 0.037878 14.167834 130.0
210 8045.0 -0.478656 0.543826 0.0 0.189066 -1.87538 -14.105067 -0.312181 0.037878 14.167834 130.0
211 8045.0 -0.481219 0.527904 0.0 0.205625 -1.87538 -14.105067 -0.312181 0.037878 14.167834 130.0
212 8045.0 -0.494067 0.545179 0.0 0.172033 -1.87538 -14.105067 -0.312181 0.037878 14.167834 130.0
213 8045.0 -0.516711 0.536649 0.0 0.159641 -1.87538 -14.105067 -0.312181 0.037878 14.167834 130.0
214 8045.0 -0.507601 0.528388 0.0 0.17867 -1.87538 -14.105067 -0.312181 0.037878 14.167834 130.0
215 8045.0 -0.499584 0.501786 0.0 0.218632 -1.87538 -14.105067 -0.312181 0.037878 14.167834 130.0
216 8045.0 -0.511806 0.488861 0.0 0.221936 -1.87538 -14.105067 -0.312181 0.037878 14.167834 130.0
217 8045.0 -0.496644 0.471784 0.0 0.257603 -1.87538 -14.105067 -0.312181 0.037878 14.167834 130.0
218 8045.0 -0.501367 0.480115 0.0 0.242876 -1.87538 -14.105067 -0.312181 0.037878 14.167834 130.0
219 8045.0 -0.498837 0.492815 0.0 0.230153 -1.87538 -14.105067 -0.312181 0.037878 14.167834 130.0
220 8045.0 -0.481912 0.521234 0.0 0.212943 -1.87538 -14.105067 -0.312181 0.037878 14.167834 130.0
221 8045.0 -0.474227 0.547582 0.0 0.188983 -1.87538 -14.105067 -0.312181 0.037878 14.167834 130.0
222 8045.0 -0.5066 0.55778 0.0 0.144372 -1.87538 -14.105067 -0.312181 0.037878 14.167834 130.0
223 8045.0 -0.499124 0.562404 0.0 0.146292 -1.87538 -14.105067 -0.312181 0.037878 14.167834 130.0
224 8045.0 -0.524801 0.575312 0.0 0.10512 -1.87538 -14.105067 -0.312181 0.037878 14.167834 130.0
225 8045.0 -0.540186 0.547715 0.0 0.122883 -1.87538 -14.105067 -0.312181 0.037878 14.167834 130.0
226 8045.0 -0.544233 0.563424 0.0 0.099972 -1.87538 -14.105067 -0.312181 0.037878 14.167834 130.0
227 8045.0 -0.531868 0.586541 0.0 0.08457 -1.87538 -14.105067 -0.312181 0.037878 14.167834 130.0
228 8045.0 -0.519322 0.591594 0.0 0.091044 -1.87538 -14.105067 -0.312181 0.037878 14.167834 130.0
229 8045.0 -0.532205 0.570285 0.0 0.103755 -1.87538 -14.105067 -0.312181 0.037878 14.167834 130.0
230 8045.0 -0.542073 0.573471 0.0 0.090064 -1.87538 -14.105067 -0.312181 0.037878 14.167834 130.0
231 8045.0 -0.556582 0.572969 0.0 0.076162 -1.87538 -14.105067 -0.312181 0.037878 14.167834 130.0
232 8045.0 -0.558284 0.579773 0.0 0.06629 -1.87538 -14.105067 -0.312181 0.037878 14.167834 130.0
233 8045.0 -0.591981 0.580749 0.0 0.03143 -1.87538 -14.105067 -0.312181 0.037878 14.167834 130.0
234 8045.0 -0.606728 0.587815 0.0 0.0082 -1.87538 -14.105067 -0.312181 0.037878 14.167834 130.0
235 8045.0 -0.62317 0.583682 0.0 -0.003273 -1.87538 -14.105067 -0.312181 0.037878 14.167834 130.0
236 8045.0 -0.631047 0.575547 0.0 -0.001378 -1.87538 -14.105067 -0.312181 0.037878 14.167834 130.0
237 8045.0 -0.662485 0.596179 0.0 -0.057585 -1.87538 -14.105067 -0.312181 0.037878 14.167834 130.0
238 8045.0 -0.684134 0.623077 0.0 -0.111531 -1.87538 -14.105067 -0.312181 0.037878 14.167834 130.0
239 8045.0 -0.677666 0.60719 0.0 -0.085985 -1.87538 -14.105067 -0.312181 0.037878 14.167834 130.0
240 8045.0 -0.681904 0.614233 0.0 -0.098681 -1.87538 -14.105067 -0.312181 0.037878 14.167834 130.0
241 8045.0 -0.69043 0.630468 0.0 -0.126712 -1.87538 -14.105067 -0.312181 0.037878 14.167834 130.0
242 8045.0 -0.6986 0.629284 0.0 -0.13352 -1.87538 -14.105067 -0.312181 0.037878 14.167834 130.0
243 8045.0 -0.709781 0.652377 0.0 -0.173871 -1.87538 -14.105067 -0.312181 0.037878 14.167834 130.0
244 8045.0 -0.732257 0.640223 0.0 -0.181429 -1.87538 -14.105067 -0.312181 0.037878 14.167834 130.0
245 8045.0 -0.726908 0.664376 0.0 -0.204269 -1.87538 -14.105067 -0.312181 0.037878 14.167834 130.0
246 8045.0 -0.71993 0.644612 0.0 -0.174425 -1.87538 -14.105067 -0.312181 0.037878 14.167834 130.0
247 8045.0 -0.733693 0.631548 0.0 -0.171993 -1.87538 -14.105067 -0.312181 0.037878 14.167834 130.0
248 8045.0 -0.753361 0.643416 0.0 -0.205281 -1.87538 -14.105067 -0.312181 0.037878 14.167834 130.0
249 8045.0 -0.767857 0.643238 0.0 -0.217891 -1.87538 -14.105067 -0.312181 0.037878 14.167834 130.0
250 8045.0 -0.766658 0.656187 0.0 -0.230636 -1.87538 -14.105067 -0.312181 0.037878 14.167834 130.0
251 8045.0 -0.767621 0.671617 0.0 -0.247937 -1.87538 -14.105067 -0.312181 0.037878 14.167834 130.0
252 8045.0 -0.780584 0.656664 0.0 -0.243442 -1.87538 -14.105067 -0.312181 0.037878 14.167834 130.0
253 8045.0 -0.766392 0.671609 0.0 -0.246843 -1.87538 -14.105067 -0.312181 0.037878 14.167834 130.0
254 8045.0 -0.777681 0.685211 0.0 -0.27131 -1.87538 -14.105067 -0.312181 0.037878 14.167834 130.0
255 8045.0 -0.798174 0.726145 0.0 -0.339053 -1.87538 -14.105067 -0.312181 0.037878 14.167834 130.0
256 8045.0 -0.80918 0.749326 0.0 -0.381896 -1.87538 -14.105067 -0.312181 0.037878 14.167834 130.0
257 8045.0 -0.828659 0.733714 0.0 -0.379183 -1.87538 -14.105067 -0.312181 0.037878 14.167834 130.0
258 8045.0 -0.826092 0.74777 0.0 -0.396179 -1.87538 -14.105067 -0.312181 0.037878 14.167834 130.0
259 8045.0 -0.824773 0.764146 0.0 -0.417605 -1.87538 -14.105067 -0.312181 0.037878 14.167834 130.0
260 8045.0 -0.848814 0.769682 0.0 -0.448653 -1.87538 -14.105067 -0.312181 0.037878 14.167834 130.0
261 8045.0 -0.873247 0.785754 0.0 -0.494533 -1.87538 -14.105067 -0.312181 0.037878 14.167834 130.0
262 8045.0 -0.872113 0.800232 0.0 -0.513249 -1.87538 -14.105067 -0.312181 0.037878 14.167834 130.0
263 8045.0 -0.880235 0.827704 0.0 -0.562339 -1.87538 -14.105067 -0.312181 0.037878 14.167834 130.0
264 8045.0 -0.890691 0.846912 0.0 -0.601797 -1.87538 -14.105067 -0.312181 0.037878 14.167834 130.0
265 8045.0 -0.904918 0.860386 0.0 -0.636095 -1.87538 -14.105067 -0.312181 0.037878 14.167834 130.0
266 8045.0 -0.922309 0.894959 0.0 -0.702203 -1.87538 -14.105067 -0.312181 0.037878 14.167834 130.0
267 8045.0 -0.924814 0.926529 0.0 -0.747866 -1.87538 -14.105067 -0.312181 0.037878 14.167834 130.0
268 8045.0 -0.917858 0.929038 0.0 -0.745277 -1.87538 -14.105067 -0.312181 0.037878 14.167834 130.0
269 8045.0 -0.92283 0.955369 0.0 -0.783957 -1.87538 -14.105067 -0.312181 0.037878 14.167834 130.0
270 8045.0 -0.92156 0.958993 0.0 -0.786587 -1.87538 -14.105067 -0.312181 0.037878 14.167834 130.0
271 8045.0 -0.915499 0.974312 0.0 -0.797191 -1.87538 -14.105067 -0.312181 0.037878 14.167834 130.0
272 8045.0 -0.889072 1.012428 0.0 -0.815247 -1.87538 -14.105067 -0.312181 0.037878 14.167834 130.0
273 8045.0 -0.902126 1.037267 0.0 -0.849244 -1.87538 -14.105067 -0.312181 0.037878 14.167834 130.0
274 8045.0 -0.861383 1.066094 0.0 -0.847657 -1.87538 -14.105067 -0.312181 0.037878 14.167834 130.0
275 8045.0 -0.853574 1.074854 0.0 -0.850532 -1.87538 -14.105067 -0.312181 0.037878 14.167834 130.0
276 8045.0 -0.851565 1.080016 0.0 -0.854131 -1.87538 -14.105067 -0.312181 0.037878 14.167834 130.0
277 8045.0 -0.859433 1.080966 0.0 -0.860842 -1.87538 -14.105067 -0.312181 0.037878 14.167834 130.0
278 8045.0 -0.870102 1.08085 0.0 -0.868562 -1.87538 -14.105067 -0.312181 0.037878 14.167834 130.0
279 8045.0 -0.882469 1.112219 0.0 -0.908473 -1.87538 -14.105067 -0.312181 0.037878 14.167834 130.0
280 8045.0 -0.866436 1.143712 0.0 -0.927652 -1.87538 -14.105067 -0.312181 0.037878 14.167834 130.0
281 8045.0 -0.866132 1.141704 0.0 -0.925456 -1.87538 -14.105067 -0.312181 0.037878 14.167834 130.0
282 8045.0 -0.860915 1.123665 0.0 -0.903896 -1.87538 -14.105067 -0.312181 0.037878 14.167834 130.0
283 8045.0 -0.861675 1.144265 0.0 -0.9247 -1.87538 -14.105067 -0.312181 0.037878 14.167834 130.0
284 8045.0 -0.838751 1.159277 0.0 -0.922621 -1.87538 -14.105067 -0.312181 0.037878 14.167834 130.0
285 8045.0 -0.84979 1.177864 0.0 -0.948994 -1.87538 -14.105067 -0.312181 0.037878 14.167834 130.0
286 8045.0 -0.834953 1.225429 0.0 -0.984846 -1.87538 -14.105067 -0.312181 0.037878 14.167834 130.0
287 8045.0 -0.806989 1.220961 0.0 -0.95992 -1.87538 -14.105067 -0.312181 0.037878 14.167834 130.0
