 time p.x p.y p.z deep.node-0 CV opes.bias opes.rct opes.zed opes.neff opes.nker
0 8000.0 0.102919 0.519345 0.0 0.732496 -1.624709 -12.651237 -0.311618 0.038172 14.167834 129.0
1 8000.0 0.086581 0.488644 0.0 0.752697 -1.624709 -12.651237 -0.311618 0.038172 14.167834 129.0
2 8000.0 0.085281 0.475183 0.0 0.765464 -1.624709 -12.651237 -0.311618 0.038172 14.167834 129.0
3 8000.0 0.065254 0.474654 0.0 0.752643 -1.624709 -12.651237 -0.311618 0.038172 14.167834 129.0
4 8000.0 0.087069 0.470175 0.0 0.771729 -1.624709 -12.651237 -0.311618 0.038172 14.167834 129.0
5 8000.0 0.09674 0.496757 0.0 0.751255 -1.624709 -12.651237 -0.311618 0.038172 14.167834 129.0
6 8000.0 0.092129 0.490481 0.0 0.754536 -1.624709 -12.651237 -0.311618 0.038172 14.167834 129.0
7 8000.0 0.074974 0.502217 0.0 0.731207 -1.624709 -12.651237 -0.311618 0.038172 14.167834 129.0
8 8000.0 0.052392 0.501523 0.0 0.716851 -1.624709 -12.651237 -0.311618 0.038172 14.167834 129.0
9 8000.0 0.059012 0.496824 0.0 0.726026 -1.624709 -12.651237 -0.311618 0.038172 14.167834 129.0
10 8000.0 0.072205 0.490419 0.0 0.741311 -1.624709 -12.651237 -0.311618 0.038172 14.167834 129.0
11 8000.0 0.057301 0.49688 0.0 0.724827 -1.624709 -12.651237 -0.311618 0.038172 14.167834 129.0
12 8000.0 0.062723 0.499476 0.0 0.725814 -1.624709 -12.651237 -0.311618 0.038172 14.167834 129.0
13 8000.0 0.050703 0.496261 0.0 0.721054 -1.624709 -12.651237 -0.311618 0.038172 14.167834 129.0
14 8000.0 0.057302 0.517053 0.0 0.704395 -1.624709 -12.651237 -0.311618 0.038172 14.167834 129.0
15 8000.0 0.044938 0.526767 0.0 0.68631 -1.624709 -12.651237 -0.311618 0.038172 14.167834 129.0
16 8000.0 0.030318 0.53015 0.0 0.673134 -1.624709 -12.651237 -0.311618 0.038172 14.167834 129.0
17 8000.0 0.012869 0.526009 0.0 0.665691 -1.624709 -12.651237 -0.311618 0.038172 14.167834 129.0
18 8000.0 -0.002469 0.534653 0.0 0.646707 -1.624709 -12.651237 -0.311618 0.038172 14.167834 129.0
19 8000.0 -0.019506 0.518318 0.0 0.65189 -1.624709 -12.651237 -0.311618 0.038172 14.167834 129.0
20 8000.0 -0.023861 0.544118 0.0 0.622854 -1.624709 -12.651237 -0.311618 0.038172 14.167834 129.0
21 8000.0 -0.021618 0.519566 0.0 0.649218 -1.624709 -12.651237 -0.311618 0.038172 14.167834 129.0
22 8000.0 -0.012705 0.523299 0.0 0.651381 -1.624709 -12.651237 -0.311618 0.038172 14.167834 129.0
23 8000.0 -0.026642 0.519596 0.0 0.645837 -1.624709 -12.651237 -0.311618 0.038172 14.167834 129.0
24 8000.0 -0.015461 0.541028 0.0 0.631586 -1.624709 -12.651237 -0.311618 0.038172 14.167834 129.0
25 8000.0 -0.019393 0.549566 0.0 0.620316 -1.624709 -12.651237 -0.311618 0.038172 14.167834 129.0
26 8000.0 -0.046467 0.529273 0.0 0.620598 -1.624709 -12.651237 -0.311618 0.038172 14.167834 129.0
27 8000.0 -0.023505 0.527046 0.0 0.640383 -1.624709 -12.651237 -0.311618 0.038172 14.167834 129.0
28 8000.0 -0.028331 0.523122 0.0 0.64114 -1.624709 -12.651237 -0.311618 0.038172 14.167834 129.0
29 8000.0 -0.008664 0.540419 0.0 0.636736 -1.624709 -12.651237 -0.311618 0.038172 14.167834 129.0
30 8000.0 -0.014156 0.551937 0.0 0.621407 -1.624709 -12.651237 -0.311618 0.038172 14.167834 129.0
31 8000.0 -0.032034 0.539461 0.0 0.62212 -1.624709 -12.651237 -0.311618 0.038172 14.167834 129.0
32 8000.0 -0.059705 0.511295 0.0 0.628433 -1.624709 -12.651237 -0.311618 0.038172 14.167834 129.0
33 8000.0 -0.09134 0.480539 0.0 0.634102 -1.624709 -12.651237 -0.311618 0.038172 14.167834 129.0
34 8000.0 -0.097345 0.482671 0.0 0.626653 -1.624709 -12.651237 -0.311618 0.038172 14.167834 129.0
35 8000.0 -0.133958 0.474624 0.0 0.603748 -1.624709 -12.651237 -0.311618 0.038172 14.167834 129.0
36 8000.0 -0.189706 0.485717 0.0 0.543902 -1.624709 -12.651237 -0.311618 0.038172 14.167834 129.0
37 8000.0 -0.199774 0.481932 0.0 0.539285 -1.624709 -12.651237 -0.311618 0.038172 14.167834 129.0
38 8000.0 -0.205681 0.479808 0.0 0.536473 -1.624709 -12.651237 -0.311618 0.038172 14.167834 129.0
39 8000.0 -0.216982 0.473967 0.0 0.532993 -1.624709 -12.651237 -0.311618 0.038172 14.167834 129.0
40 8000.0 -0.225809 0.477481 0.0 0.521519 -1.624709 -12.651237 -0.311618 0.038172 14.167834 129.0
41 8000.0 -0.217653 0.466193 0.0 0.540731 -1.624709 -12.651237 -0.311618 0.038172 14.167834 129.0
42 8000.0 -0.216937 0.444752 0.0 0.56428 -1.624709 -12.651237 -0.311618 0.038172 14.167834 129.0
43 8000.0 -0.20475 0.436601 0.0 0.583487 -1.624709 -12.651237 -0.311618 0.038172 14.167834 129.0
44 8000.0 -0.205252 0.468297 0.0 0.549154 -1.624709 -12.651237 -0.311618 0.038172 14.167834 129.0
45 8000.0 -0.195919 0.480818 0.0 0.543794 -1.624709 -12.651237 -0.311618 0.038172 14.167834 129.0
46 8000.0 -0.160192 0.492526 0.0 0.562021 -1.624709 -12.651237 -0.311618 0.038172 14.167834 129.0
47 8000.0 -0.159441 0.499655 0.0 0.555042 -1.624709 -12.651237 -0.311618 0.038172 14.167834 129.0
48 8000.0 -0.172437 0.503259 0.0 0.540003 -1.624709 -12.651237 -0.311618 0.038172 14.167834 129.0
49 8000.0 -0.18235 0.530406 0.0 0.501405 -1.624709 -12.651237 -0.311618 0.038172 14.167834 129.0
50 8000.0 -0.184555 0.530515 0.0 0.49907 -1.624709 -12.651237 -0.311618 0.038172 14.167834 129.0
51 8000.0 -0.195495 0.522395 0.0 0.497885 -1.624709 -12.651237 -0.311618 0.038172 14.167834 129.0
52 8000.0 -0.199017 0.500112 0.0 0.520491 -1.624709 -12.651237 -0.311618 0.038172 14.167834 129.0
53 8000.0 -0.18799 0.51562 0.0 0.513395 -1.624709 -12.651237 -0.311618 0.038172 14.167834 129.0
54 8000.0 -0.160774 0.48475 0.0 0.569837 -1.624709 -12.651237 -0.311618 0.038172 14.167834 129.0
55 8000.0 -0.174074 0.517308 0.0 0.523567 -1.624709 -12.651237 -0.311618 0.038172 14.167834 129.0
56 8000.0 -0.178904 0.506905 0.0 0.530536 -1.624709 -12.651237 -0.311618 0.038172 14.167834 129.0
57 8000.0 -0.184029 0.506666 0.0 0.52638 -1.624709 -12.651237 -0.311618 0.038172 14.167834 129.0
58 8000.0 -0.202145 0.504442 0.0 0.512797 -1.624709 -12.651237 -0.311618 0.038172 14.167834 129.0
59 8000.0 -0.20941 0.506449 0.0 0.503124 -1.624709 -12.651237 -0.311618 0.038172 14.167834 129.0
60 8000.0 -0.205556 0.519918 0.0 0.490802 -1.624709 -12.651237 -0.311618 0.038172 14.167834 129.0
61 8000.0 -0.190742 0.5018 0.0 0.525807 -1.624709 -12.651237 -0.311618 0.038172 14.167834 129.0
62 8000.0 -0.205686 0.50381 0.0 0.510017 -1.624709 -12.651237 -0.311618 0.038172 14.167834 129.0
63 8000.0 -0.235695 0.481525 0.0 0.506779 -1.624709 -12.651237 -0.311618 0.038172 14.167834 129.0
64 8000.0 -0.22523 0.467988 0.0 0.532289 -1.624709 -12.651237 -0.311618 0.038172 14.167834 129.0
65 8000.0 -0.222416 0.498813 0.0 0.499293 -1.624709 -12.651237 -0.311618 0.038172 14.167834 129.0
66 8000.0 -0.223078 0.499593 0.0 0.497694 -1.624709 -12.651237 -0.311618 0.038172 14.167834 129.0
67 8000.0 -0.234435 0.518502 0.0 0.463632 -1.624709 -12.651237 -0.311618 0.038172 14.167834 129.0
68 8000.0 -0.231351 0.513495 0.0 0.472728 -1.624709 -12.651237 -0.311618 0.038172 14.167834 129.0
69 8000.0 -0.251419 0.51298 0.0 0.453283 -1.624709 -12.651237 -0.311618 0.038172 14.167834 129.0
70 8000.0 -0.230683 0.490362 0.0 0.501177 -1.624709 -12.651237 -0.311618 0.038172 14.167834 129.0
71 8000.0 -0.224695 0.499092 0.0 0.496679 -1.624709 -12.651237 -0.311618 0.038172 14.167834 129.0
72 8000.0 -0.241581 0.486542 0.0 0.49487 -1.624709 -12.651237 -0.311618 0.038172 14.167834 129.0
73 8000.0 -0.266931 0.496961 0.0 0.457013 -1.624709 -12.651237 -0.311618 0.038172 14.167834 129.0
74 8000.0 -0.249712 0.483677 0.0 0.490182 -1.624709 -12.651237 -0.311618 0.038172 14.167834 129.0
75 8000.0 -0.269998 0.469265 0.0 0.48721 -1.624709 -12.651237 -0.311618 0.038172 14.167834 129.0
76 8000.0 -0.266445 0.493077 0.0 0.462165 -1.624709 -12.651237 -0.311618 0.038172 14.167834 129.0
77 8000.0 -0.294095 0.487869 0.0 0.440777 -1.624709 -12.651237 -0.311618 0.038172 14.167834 129.0
78 8000.0 -0.311673 0.473898 0.0 0.439983 -1.624709 -12.651237 -0.311618 0.038172 14.167834 129.0
79 8000.0 -0.307858 0.48185 0.0 0.434247 -1.624709 -12.651237 -0.311618 0.038172 14.167834 129.0
80 8000.0 -0.331954 0.486934 0.0 0.404052 -1.624709 -12.651237 -0.311618 0.038172 14.167834 129.0
81 8000.0 -0.325219 0.495687 0.0 0.400274 -1.624709 -12.651237 -0.311618 0.038172 14.167834 129.0
82 8000.0 -0.333763 0.496547 0.0 0.390698 -1.624709 -12.651237 -0.311618 0.038172 14.167834 129.0
83 8000.0 -0.329633 0.487823 0.0 0.405304 -1.624709 -12.651237 -0.311618 0.038172 14.167834 129.0
84 8000.0 -0.330246 0.483283 0.0 0.410144 -1.624709 -12.651237 -0.311618 0.038172 14.167834 129.0
85 8000.0 -0.333284 0.459575 0.0 0.435579 -1.624709 -12.651237 -0.311618 0.038172 14.167834 129.0
86 8000.0 -0.351534 0.491126 0.0 0.379442 -1.624709 -12.651237 -0.311618 0.038172 14.167834 129.0
87 8000.0 -0.358327 0.504694 0.0 0.356356 -1.624709 -12.651237 -0.311618 0.038172 14.167834 129.0
88 8000.0 -0.374373 0.502918 0.0 0.342449 -1.624709 -12.651237 -0.311618 0.038172 14.167834 129.0
89 8000.0 -0.392822 0.48342 0.0 0.347421 -1.624709 -12.651237 -0.311618 0.038172 14.167834 129.0
90 8000.0 -0.400343 0.490268 0.0 0.331678 -1.624709 -12.651237 -0.311618 0.038172 14.167834 129.0
91 8000.0 -0.399984 0.531704 0.0 0.282275 -1.624709 -12.651237 -0.311618 0.038172 14.167834 129.0
92 8000.0 -0.376919 0.533099 0.0 0.303656 -1.624709 -12.651237 -0.311618 0.038172 14.167834 129.0
93 8000.0 -0.364501 0.543559 0.0 0.303509 -1.624709 -12.651237 -0.311618 0.038172 14.167834 129.0
94 8000.0 -0.3615 0.552497 0.0 0.295775 -1.624709 -12.651237 -0.311618 0.038172 14.167834 129.0
95 8000.0 -0.359164 0.581908 0.0 0.262788 -1.624709 -12.651237 -0.311618 0.038172 14.167834 129.0
96 8000.0 -0.352159 0.579315 0.0 0.272906 -1.624709 -12.651237 -0.311618 0.038172 14.167834 129.0
97 8000.0 -0.367569 0.57806 0.0 0.259007 -1.624709 -12.651237 -0.311618 0.038172 14.167834 129.0
98 8000.0 -0.346273 0.564213 0.0 0.296927 -1.624709 -12.651237 -0.311618 0.038172 14.167834 129.0
99 8000.0 -0.369618 0.563612 0.0 0.274311 -1.624709 -12.651237 -0.311618 0.038172 14.167834 129.0
100 8000.0 -0.385437 0.558399 0.0 0.264757 -1.624709 -12.651237 -0.311618 0.038172 14.167834 129.0
101 8000.0 -0.414552 0.552306 0.0 0.242968 -1.624709 -12.651237 -0.311618 0.038172 14.167834 129.0
102 8000.0 -0.414092 0.51609 0.0 0.286922 -1.624709 -12.651237 -0.311618 0.038172 14.167834 129.0
103 8000.0 -0.441843 0.523702 0.0 0.250036 -1.624709 -12.651237 -0.311618 0.038172 14.167834 129.0
104 8000.0 -0.442308 0.511034 0.0 0.264786 -1.624709 -12.651237 -0.311618 0.038172 14.167834 129.0
105 8000.0 -0.453558 0.51376 0.0 0.250265 -1.624709 -12.651237 -0.311618 0.038172 14.167834 129.0
106 8000.0 -0.457634 0.517904 0.0 0.241214 -1.624709 -12.651237 -0.311618 0.038172 14.167834 129.0
107 8000.0 -0.463465 0.541953 0.0 0.206502 -1.624709 -12.651237 -0.311618 0.038172 14.167834 129.0
108 8000.0 -0.492563 0.550681 0.0 0.166931 -1.624709 -12.651237 -0.311618 0.038172 14.167834 129.0
109 8000.0 -0.520226 0.554417 0.0 0.134788 -1.624709 -12.651237 -0.311618 0.038172 14.167834 129.0
110 8000.0 -0.562332 0.546541 0.0 0.102153 -1.624709 -12.651237 -0.311618 0.038172 14.167834 129.0
111 8000.0 -0.566279 0.561324 0.0 0.080453 -1.624709 -12.651237 -0.311618 0.038172 14.167834 129.0
112 8000.0 -0.578932 0.553505 0.0 0.077194 -1.624709 -12.651237 -0.311618 0.038172 14.167834 129.0
113 8000.0 -0.573624 0.547077 0.0 0.09022 -1.624709 -12.651237 -0.311618 0.038172 14.167834 129.0
114 8000.0 -0.595795 0.551781 0.0 0.062407 -1.624709 -12.651237 -0.311618 0.038172 14.167834 129.0
115 8000.0 -0.591783 0.524266 0.0 0.099461 -1.624709 -12.651237 -0.311618 0.038172 14.167834 129.0
116 8000.0 -0.598297 0.531684 0.0 0.08404 -1.624709 -12.651237 -0.311618 0.038172 14.167834 129.0
117 8000.0 -0.60296 0.530849 0.0 0.080382 -1.624709 -12.651237 -0.311618 0.038172 14.167834 129.0
118 8000.0 -0.617566 0.500373 0.0 0.102381 -1.624709 -12.651237 -0.311618 0.038172 14.167834 129.0
119 8000.0 -0.621188 0.513194 0.0 0.083363 -1.624709 -12.651237 -0.311618 0.038172 14.167834 129.0
120 8000.0 -0.631624 0.525451 0.0 0.058209 -1.624709 -12.651237 -0.311618 0.038172 14.167834 129.0
121 8000.0 -0.629101 0.526883 0.0 0.059012 -1.624709 -12.651237 -0.311618 0.038172 14.167834 129.0
122 8000.0 -0.623983 0.529759 0.0 0.060673 -1.624709 -12.651237 -0.311618 0.038172 14.167834 129.0
123 8000.0 -0.66441 0.523253 0.0 0.028073 -1.624709 -12.651237 -0.311618 0.038172 14.167834 129.0
124 8000.0 -0.678869 0.530175 0.0 0.005303 -1.624709 -12.651237 -0.311618 0.038172 14.167834 129.0
125 8000.0 -0.697523 0.515525 0.0 0.004249 -1.624709 -12.651237 -0.311618 0.038172 14.167834 129.0
126 8000.0 -0.700824 0.532438 0.0 -0.019362 -1.624709 -12.651237 -0.311618 0.038172 14.167834 129.0
127 8000.0 -0.703495 0.563478 0.0 -0.05931 -1.624709 -12.651237 -0.311618 0.038172 14.167834 129.0
128 8000.0 -0.704512 0.553415 0.0 -0.048242 -1.624709 -12.651237 -0.311618 0.038172 14.167834 129.0
129 8000.0 -0.718084 0.555614 0.0 -0.064452 -1.624709 -12.651237 -0.311618 0.038172 14.167834 129.0
130 8000.0 -0.723092 0.565715 0.0 -0.081589 -1.624709 -12.651237 -0.311618 0.038172 14.167834 129.0
131 8000.0 -0.732856 0.574671 0.0 -0.102105 -1.624709 -12.651237 -0.311618 0.038172 14.167834 129.0
132 8000.0 -0.720524 0.577877 0.0 -0.093628 -1.624709 -12.651237 -0.311618 0.038172 14.167834 129.0
133 8000.0 -0.728035 0.571759 0.0 -0.093789 -1.624709 -12.651237 -0.311618 0.038172 14.167834 129.0
134 8000.0 -0.734993 0.599525 0.0 -0.134092 -1.624709 -12.651237 -0.311618 0.038172 14.167834 129.0
135 8000.0 -0.725707 0.590899 0.0 -0.114448 -1.624709 -12.651237 -0.311618 0.038172 14.167834 129.0
136 8000.0 -0.736246 0.610236 0.0 -0.148208 -1.624709 -12.651237 -0.311618 0.038172 14.167834 129.0
137 8000.0 -0.736269 0.610093 0.0 -0.148059 -1.624709 -12.651237 -0.311618 0.038172 14.167834 129.0
138 8000.0 -0.706392 0.617798 0.0 -0.127444 -1.624709 -12.651237 -0.311618 0.038172 14.167834 129.0
139 8000.0 -0.735136 0.627761 0.0 -0.168702 -1.624709 -12.651237 -0.311618 0.038172 14.167834 129.0
140 8000.0 -0.745864 0.650816 0.0 -0.206551 -1.624709 -12.651237 -0.311618 0.038172 14.167834 129.0
141 8000.0 -0.740441 0.637446 0.0 -0.186251 -1.624709 -12.651237 -0.311618 0.038172 14.167834 129.0
142 8000.0 -0.742916 0.655076 0.0 -0.20849 -1.624709 -12.651237 -0.311618 0.038172 14.167834 129.0
143 8000.0 -0.753791 0.693955 0.0 -0.259538 -1.624709 -12.651237 -0.311618 0.038172 14.167834 129.0
144 8000.0 -0.733295 0.712061 0.0 -0.260743 -1.624709 -12.651237 -0.311618 0.038172 14.167834 129.0
145 8000.0 -0.75318 0.737182 0.0 -0.310619 -1.624709 -12.651237 -0.311618 0.038172 14.167834 129.0
146 8000.0 -0.779965 0.73119 0.0 -0.328348 -1.624709 -12.651237 -0.311618 0.038172 14.167834 129.0
147 8000.0 -0.798805 0.709301 0.0 -0.316308 -1.624709 -12.651237 -0.311618 0.038172 14.167834 129.0
148 8000.0 -0.791666 0.721284 0.0 -0.325984 -1.624709 -12.651237 -0.311618 0.038172 14.167834 129.0
149 8000.0 -0.778505 0.709863 0.0 -0.298319 -1.624709 -12.651237 -0.311618 0.038172 14.167834 129.0
150 8000.0 -0.787642 0.697461 0.0 -0.293164 -1.624709 -12.651237 -0.311618 0.038172 14.167834 129.0
151 8000.0 -0.813891 0.690949 0.0 -0.3094 -1.624709 -12.651237 -0.311618 0.038172 14.167834 129.0
152 8000.0 -0.828654 0.715834 0.0 -0.354383 -1.624709 -12.651237 -0.311618 0.038172 14.167834 129.0
153 8000.0 -0.816191 0.716465 0.0 -0.343142 -1.624709 -12.651237 -0.311618 0.038172 14.167834 129.0
154 8000.0 -0.812263 0.722174 0.0 -0.34724 -1.624709 -12.651237 -0.311618 0.038172 14.167834 129.0
155 8000.0 -0.831091 0.70846 0.0 -0.346526 -1.624709 -12.651237 -0.311618 0.038172 14.167834 129.0
156 8000.0 -0.851278 0.693565 0.0 -0.345494 -1.624709 -12.651237 -0.311618 0.038172 14.167834 129.0
157 8000.0 -0.87283 0.696482 0.0 -0.37049 -1.624709 -12.651237 -0.311618 0.038172 14.167834 129.0
158 8000.0 -0.87614 0.692353 0.0 -0.367981 -1.624709 -12.651237 -0.311618 0.038172 14.167834 129.0
159 8000.0 -0.874022 0.716934 0.0 -0.400009 -1.624709 -12.651237 -0.311618 0.038172 14.167834 129.0
160 8000.0 -0.889132 0.730721 0.0 -0.433817 -1.624709 -12.651237 -0.311618 0.038172 14.167834 129.0
161 8000.0 -0.891836 0.745414 0.0 -0.456648 -1.624709 -12.651237 -0.311618 0.038172 14.167834 129.0
162 8000.0 -0.899285 0.762287 0.0 -0.486565 -1.624709 -12.651237 -0.311618 0.038172 14.167834 129.0
163 8000.0 -0.927344 0.784113 0.0 -0.542294 -1.624709 -12.651237 -0.311618 0.038172 14.167834 129.0
164 8000.0 -0.92885 0.823489 0.0 -0.602565 -1.624709 -12.651237 -0.311618 0.038172 14.167834 129.0
165 8000.0 -0.949188 0.824483 0.0 -0.623619 -1.624709 -12.651237 -0.311618 0.038172 14.167834 129.0
166 8000.0 -0.9682 0.828554 0.0 -0.64811 -1.624709 -12.651237 -0.311618 0.038172 14.167834 129.0
167 8000.0 -0.969969 0.847122 0.0 -0.677727 -1.624709 -12.651237 -0.311618 0.038172 14.167834 129.0
168 8000.0 -0.990394 0.875114 0.0 -0.73403 -1.624709 -12.651237 -0.311618 0.038172 14.167834 129.0
169 8000.0 -0.992299 0.88955 0.0 -0.75557 -1.624709 -12.651237 -0.311618 0.038172 14.167834 129.0
170 8000.0 -0.989547 0.891663 0.0 -0.756089 -1.624709 -12.651237 -0.311618 0.038172 14.167834 129.0
171 8000.0 -1.004755 0.902078 0.0 -0.78365 -1.624709 -12.651237 -0.311618 0.038172 14.167834 129.0
172 8000.0 -1.005788 0.91931 0.0 -0.808284 -1.624709 -12.651237 -0.311618 0.038172 14.167834 129.0
173 8000.0 -0.995412 0.931638 0.0 -0.813932 -1.624709 -12.651237 -0.311618 0.038172 14.167834 129.0
174 8000.0 -1.010656 0.965967 0.0 -0.858865 -1.624709 -12.651237 -0.311618 0.038172 14.167834 129.0
175 8000.0 -1.000185 0.975921 0.0 -0.860959 -1.624709 -12.651237 -0.311618 0.038172 14.167834 129.0
176 8000.0 -0.987209 0.980505 0.0 -0.855935 -1.624709 -12.651237 -0.311618 0.038172 14.167834 129.0
177 8000.0 -0.96967 0.96614 0.0 -0.828938 -1.624709 -12.651237 -0.311618 0.038172 14.167834 129.0
178 8000.0 -0.960092 0.964424 0.0 -0.820219 -1.624709 -12.651237 -0.311618 0.038172 14.167834 129.0
179 8000.0 -0.943156 0.993684 0.0 -0.836539 -1.624709 -12.651237 -0.311618 0.038172 14.167834 129.0
180 8000.0 -0.945703 1.017818 0.0 -0.862129 -1.624709 -12.651237 -0.311618 0.038172 14.167834 129.0
181 8000.0 -0.936882 1.027008 0.0 -0.864683 -1.624709 -12.651237 -0.311618 0.038172 14.167834 129.0
182 8000.0 -0.931519 1.02329 0.0 -0.857091 -1.624709 -12.651237 -0.311618 0.038172 14.167834 129.0
183 8000.0 -0.945864 1.05742 0.0 -0.901169 -1.624709 -12.651237 -0.311618 0.038172 14.167834 129.0
184 8000.0 -0.930726 1.022756 0.0 -0.855984 -1.624709 -12.651237 -0.311618 0.038172 14.167834 129.0
185 8000.0 -0.936731 1.062775 0.0 -0.899725 -1.624709 -12.651237 -0.311618 0.038172 14.167834 129.0
186 8000.0 -0.939691 1.072257 0.0 -0.911217 -1.624709 -12.651237 -0.311618 0.038172 14.167834 129.0
187 8000.0 -0.937604 1.089891 0.0 -0.927016 -1.624709 -12.651237 -0.311618 0.038172 14.167834 129.0
188 8000.0 -0.922424 1.093839 0.0 -0.91975 -1.624709 -12.651237 -0.311618 0.038172 14.167834 129.0
189 8000.0 -0.89588 1.123718 0.0 -0.929623 -1.624709 -12.651237 -0.311618 0.038172 14.167834 129.0
190 8000.0 -0.880959 1.145676 0.0 -0.940246 -1.624709 -12.651237 -0.311618 0.038172 14.167834 129.0
191 8000.0 -0.86412 1.174036 0.0 -0.955753 -1.624709 -12.651237 -0.311618 0.038172 14.167834 129.0
192 8000.0 -0.866846 1.180488 0.0 -0.964096 -1.624709 -12.651237 -0.311618 0.038172 14.167834 129.0
193 8000.0 -0.842358 1.199532 0.0 -0.964832 -1.624709 -12.651237 -0.311618 0.038172 14.167834 129.0
194 8000.0 -0.806639 1.199698 0.0 -0.938766 -1.624709 -12.651237 -0.311618 0.038172 14.167834 129.0
195 8000.0 -0.788755 1.20017 0.0 -0.926097 -1.624709 -12.651237 -0.311618 0.038172 14.167834 129.0
196 8000.0 -0.794097 1.233631 0.0 -0.962906 -1.624709 -12.651237 -0.311618 0.038172 14.167834 129.0
197 8000.0 -0.760743 1.236822 0.0 -0.941551 -1.624709 -12.651237 -0.311618 0.038172 14.167834 129.0
198 8000.0 -0.731692 1.244817 0.0 -0.928075 -1.624709 -12.651237 -0.311618 0.038172 14.167834 129.0
199 8000.0 -0.732688 1.247774 0.0 -0.931712 -1.624709 -12.651237 -0.311618 0.038172 14.167834 129.0
200 8000.0 -0.724818 1.234348 0.0 -0.912738 -1.624709 -12.651237 -0.311618 0.038172 14.167834 129.0
201 8000.0 -0.711709 1.263255 0.0 -0.930439 -1.624709 -12.651237 -0.311618 0.038172 14.167834 129.0
202 8000.0 -0.702259 1.282946 0.0 -0.936889 -1.624709 -12.651237 -0.311618 0.038172 14.167834 129.0
203 8000.0 -0.709634 1.287272 0.0 -0.944628 -1.624709 -12.651237 -0.311618 0.038172 14.167834 129.0
204 8000.0 -0.70165 1.296817 0.0 -0.945477 -1.624709 -12.651237 -0.311618 0.038172 14.167834 129.0
205 8000.0 -0.675966 1.308732 0.0 -0.936025 -1.624709 -12.651237 -0.311618 0.038172 14.167834 129.0
206 8000.0 -0.679092 1.327237 0.0 -0.950118 -1.624709 -12.651237 -0.311618 0.038172 14.167834 129.0
207 8000.0 -0.668177 1.325006 0.0 -0.94137 -1.624709 -12.651237 -0.311618 0.038172 14.167834 129.0
208 8000.0 -0.656899 1.325517 0.0 -0.934157 -1.624709 -12.651237 -0.311618 0.038172 14.167834 129.0
209 8000.0 -0.655133 1.3612 0.0 -0.957973 -1.624709 -12.651237 -0.311618 0.038172 14.167834 129.0
210 8000.0 -0.649867 1.345801 0.0 -0.942609 -1.624709 -12.651237 -0.311618 0.038172 14.167834 129.0
211 8000.0 -0.664838 1.36007 0.0 -0.963128 -1.624709 -12.651237 -0.311618 0.038172 14.167834 129.0
212 8000.0 -0.64292 1.374456 0.0 -0.962142 -1.624709 -12.651237 -0.311618 0.038172 14.167834 129.0
213 8000.0 -0.65107 1.366764 0.0 -0.9604 -1.624709 -12.651237 -0.311618 0.038172 14.167834 129.0
214 8000.0 -0.658366 1.36296 0.0 -0.961615 -1.624709 -12.651237 -0.311618 0.038172 14.167834 129.0
215 8000.0 -0.650112 1.364012 0.0 -0.957312 -1.624709 -12.651237 -0.311618 0.038172 14.167834 129.0
216 8000.0 -0.644909 1.384773 0.0 -0.972697 -1.624709 -12.651237 -0.311618 0.038172 14.167834 129.0
217 8000.0 -0.642328 1.346695 0.0 -0.938146 -1.624709 -12.651237 -0.311618 0.038172 14.167834 129.0
218 8000.0 -0.646209 1.323681 0.0 -0.925815 -1.624709 -12.651237 -0.311618 0.038172 14.167834 129.0
219 8000.0 -0.656079 1.330326 0.0 -0.936728 -1.624709 -12.651237 -0.311618 0.038172 14.167834 129.0
220 8000.0 -0.652691 1.334461 0.0 -0.937143 -1.624709 -12.651237 -0.311618 0.038172 14.167834 129.0
221 8000.0 -0.655889 1.32935 0.0 -0.935967 -1.624709 -12.651237 -0.311618 0.038172 14.167834 129.0
222 8000.0 -0.637421 1.350923 0.0 -0.937606 -1.624709 -12.651237 -0.311618 0.038172 14.167834 129.0
223 8000.0 -0.6303 1.362999 0.0 -0.943801 -1.624709 -12.651237 -0.311618 0.038172 14.167834 129.0
224 8000.0 -0.638615 1.368244 0.0 -0.953812 -1.624709 -12.651237 -0.311618 0.038172 14.167834 129.0
225 8000.0 -0.64614 1.380866 0.0 -0.969961 -1.624709 -12.651237 -0.311618 0.038172 14.167834 129.0
226 8000.0 -0.629359 1.37373 0.0 -0.952864 -1.624709 -12.651237 -0.311618 0.038172 14.167834 129.0
227 8000.0 -0.623365 1.372025 0.0 -0.947517 -1.624709 -12.651237 -0.311618 0.038172 14.167834 129.0
228 8000.0 -0.63724 1.363624 0.0 -0.948777 -1.624709 -12.651237 -0.311618 0.038172 14.167834 129.0
229 8000.0 -0.615229 1.367546 0.0 -0.938311 -1.624709 -12.651237 -0.311618 0.038172 14.167834 129.0
230 8000.0 -0.624969 1.370288 0.0 -0.946974 -1.624709 -12.651237 -0.311618 0.038172 14.167834 129.0
231 8000.0 -0.644693 1.354959 0.0 -0.945716 -1.624709 -12.651237 -0.311618 0.038172 14.167834 129.0
232 8000.0 -0.609233 1.385258 0.0 -0.950445 -1.624709 -12.651237 -0.311618 0.038172 14.167834 129.0
233 8000.0 -0.606816 1.404219 0.0 -0.962646 -1.624709 -12.651237 -0.311618 0.038172 14.167834 129.0
234 8000.0 -0.621272 1.400966 0.0 -0.969158 -1.624709 -12.651237 -0.311618 0.038172 14.167834 129.0
235 8000.0 -0.607771 1.407531 0.0 -0.965117 -1.624709 -12.651237 -0.311618 0.038172 14.167834 129.0
236 8000.0 -0.58887 1.392902 0.0 -0.943938 -1.624709 -12.651237 -0.311618 0.038172 14.167834 129.0
237 8000.0 -0.574321 1.407407 0.0 -0.944949 -1.624709 -12.651237 -0.311618 0.038172 14.167834 129.0
238 8000.0 -0.569857 1.385402 0.0 -0.92404 -1.624709 -12.651237 -0.311618 0.038172 14.167834 129.0
239 8000.0 -0.578268 1.400776 0.0 -0.94345 -1.624709 -12.651237 -0.311618 0.038172 14.167834 129.0
240 8000.0 -0.576853 1.415399 0.0 -0.951339 -1.624709 -12.651237 -0.311618 0.038172 14.167834 129.0
241 8000.0 -0.593406 1.425493 0.0 -0.967169 -1.624709 -12.651237 -0.311618 0.038172 14.167834 129.0
242 8000.0 -0.574466 1.402685 0.0 -0.942207 -1.624709 -12.651237 -0.311618 0.038172 14.167834 129.0
243 8000.0 -0.58019 1.380872 0.0 -0.927049 -1.624709 -12.651237 -0.311618 0.038172 14.167834 129.0
244 8000.0 -0.571067 1.368203 0.0 -0.909142 -1.624709 -12.651237 -0.311618 0.038172 14.167834 129.0
245 8000.0 -0.552899 1.401233 0.0 -0.926715 -1.624709 -12.651237 -0.311618 0.038172 14.167834 129.0
246 8000.0 -0.574478 1.40418 0.0 -0.943112 -1.624709 -12.651237 -0.311618 0.038172 14.167834 129.0
247 8000.0 -0.605278 1.397597 0.0 -0.957921 -1.624709 -12.651237 -0.311618 0.038172 14.167834 129.0
248 8000.0 -0.59011 1.399566 0.0 -0.950166 -1.624709 -12.651237 -0.311618 0.038172 14.167834 129.0
249 8000.0 -0.6078 1.397027 0.0 -0.959056 -1.624709 -12.651237 -0.311618 0.038172 14.167834 129.0
250 8000.0 -0.617801 1.394895 0.0 -0.96363 -1.624709 -12.651237 -0.311618 0.038172 14.167834 129.0
251 8000.0 -0.591198 1.406751 0.0 -0.955041 -1.624709 -12.651237 -0.311618 0.038172 14.167834 129.0
252 8000.0 -0.586343 1.423288 0.0 -0.961791 -1.624709 -12.651237 -0.311618 0.038172 14.167834 129.0
253 8000.0 -0.561643 1.44721 0.0 -0.950649 -1.624709 -12.651237 -0.311618 0.038172 14.167834 129.0
254 8000.0 -0.572412 1.419581 0.0 -0.951057 -1.624709 -12.651237 -0.311618 0.038172 14.167834 129.0
255 8000.0 -0.564884 1.42001 0.0 -0.946369 -1.624709 -12.651237 -0.311618 0.038172 14.167834 129.0
256 8000.0 -0.582241 1.442907 0.0 -0.967389 -1.624709 -12.651237 -0.311618 0.038172 14.167834 129.0
257 8000.0 -0.577839 1.442188 0.0 -0.963651 -1.624709 -12.651237 -0.311618 0.038172 14.167834 129.0
258 8000.0 -0.572896 1.433771 0.0 -0.958055 -1.624709 -12.651237 -0.311618 0.038172 14.167834 129.0
259 8000.0 -0.563647 1.459404 0.0 -0.954515 -1.624709 -12.651237 -0.311618 0.038172 14.167834 129.0
260 8000.0 -0.534529 1.457977 0.0 -0.928872 -1.624709 -12.651237 -0.311618 0.038172 14.167834 129.0
261 8000.0 -0.52396 1.489117 0.0 -0.925065 -1.624709 -12.651237 -0.311618 0.038172 14.167834 129.0
262 8000.0 -0.523957 1.496061 0.0 -0.926269 -1.624709 -12.651237 -0.311618 0.038172 14.167834 129.0
263 8000.0 -0.492131 1.4726 0.0 -0.894436 -1.624709 -12.651237 -0.311618 0.038172 14.167834 129.0
264 8000.0 -0.515691 1.468606 0.0 -0.91429 -1.624709 -12.651237 -0.311618 0.038172 14.167834 129.0
265 8000.0 -0.501399 1.471884 0.0 -0.902394 -1.624709 -12.651237 -0.311618 0.038172 14.167834 129.0
266 8000.0 -0.494557 1.464506 0.0 -0.895145 -1.624709 -12.651237 -0.311618 0.038172 14.167834 129.0
267 8000.0 -0.484394 1.447536 0.0 -0.883333 -1.624709 -12.651237 -0.311618 0.038172 14.167834 129.0
268 8000.0 -0.493559 1.468926 0.0 -0.895043 -1.624709 -12.651237 -0.311618 0.038172 14.167834 129.0
269 8000.0 -0.476092 1.483158 0.0 -0.882282 -1.624709 -12.651237 -0.311618 0.038172 14.167834 129.0
270 8000.0 -0.483094 1.487159 0.0 -0.889084 -1.624709 -12.651237 -0.311618 0.038172 14.167834 129.0
271 8000.0 -0.487167 1.505751 0.0 -0.895867 -1.624709 -12.651237 -0.311618 0.038172 14.167834 129.0
272 8000.0 -0.484279 1.49173 0.0 -0.890912 -1.624709 -12.651237 -0.311618 0.038172 14.167834 129.0
273 8000.0 -0.478047 1.505532 0.0 -0.887874 -1.624709 -12.651237 -0.311618 0.038172 14.167834 129.0
274 8000.0 -0.471214 1.540679 0.0 -0.888023 -1.624709 -12.651237 -0.311618 0.038172 14.167834 129.0
275 8000.0 -0.465483 1.520152 0.0 -0.879458 -1.624709 -12.651237 -0.311618 0.038172 14.167834 129.0
276 8000.0 -0.485013 1.543139 0.0 -0.900485 -1.624709 -12.651237 -0.311618 0.038172 14.167834 129.0
277 8000.0 -0.482535 1.540972 0.0 -0.897947 -1.624709 -12.651237 -0.311618 0.038172 14.167834 129.0
278 8000.0 -0.478174 1.511877 0.0 -0.889088 -1.624709 -12.651237 -0.311618 0.038172 14.167834 129.0
279 8000.0 -0.481604 1.500233 0.0 -0.890056 -1.624709 -12.651237 -0.311618 0.038172 14.167834 129.0
280 8000.0 -0.489447 1.487757 0.0 -0.894729 -1.624709 -12.651237 -0.311618 0.038172 14.167834 129.0
281 8000.0 -0.506492 1.476305 0.0 -0.907604 -1.624709 -12.651237 -0.311618 0.038172 14.167834 129.0
282 8000.0 -0.522307 1.470534 0.0 -0.920395 -1.624709 -12.651237 -0.311618 0.038172 14.167834 129.0
283 8000.0 -0.497176 1.478933 0.0 -0.899936 -1.624709 -12.651237 -0.311618 0.038172 14.167834 129.0
284 8000.0 -0.493856 1.493216 0.0 -0.899522 -1.624709 -12.651237 -0.311618 0.038172 14.167834 129.0
285 8000.0 -0.477396 1.492145 0.0 -0.884981 -1.624709 -12.651237 -0.311618 0.038172 14.167834 129.0
286 8000.0 -0.468725 1.5051 0.0 -0.87967 -1.624709 -12.651237 -0.311618 0.038172 14.167834 129.0
287 8000.0 -0.482707 1.507104 0.0 -0.892212 -1.624709 -12.651237 -0.311618 0.038172 14.167834 129.0
