 time p.x p.y p.z deep.node-0 CV opes.bias opes.rct opes.zed opes.neff opes.nker
0 2370.0 0.275415 0.462653 0.0 0.904957 -1.853682 -17.819247 -0.189271 0.042819 14.167834 115.0
1 2370.0 0.24757 0.468489 0.0 0.880475 -1.853682 -17.819247 -0.189271 0.042819 14.167834 115.0
2 2370.0 0.248188 0.459274 0.0 0.890221 -1.853682 -17.819247 -0.189271 0.042819 14.167834 115.0
3 2370.0 0.239636 0.481601 0.0 0.861903 -1.853682 -17.819247 -0.189271 0.042819 14.167834 115.0
4 2370.0 0.237494 0.504048 0.0 0.837738 -1.853682 -17.819247 -0.189271 0.042819 14.167834 115.0
5 2370.0 0.232601 0.527147 0.0 0.811078 -1.853682 -17.819247 -0.189271 0.042819 14.167834 115.0
6 2370.0 0.234415 0.531471 0.0 0.807908 -1.853682 -17.819247 -0.189271 0.042819 14.167834 115.0
7 2370.0 0.20918 0.555802 0.0 0.766435 -1.853682 -17.819247 -0.189271 0.042819 14.167834 115.0
8 2370.0 0.211694 0.556364 0.0 0.767542 -1.853682 -17.819247 -0.189271 0.042819 14.167834 115.0
9 2370.0 0.226113 0.551943 0.0 0.781636 -1.853682 -17.819247 -0.189271 0.042819 14.167834 115.0
10 2370.0 0.254973 0.509641 0.0 0.84373 -1.853682 -17.819247 -0.189271 0.042819 14.167834 115.0
11 2370.0 0.228789 0.483843 0.0 0.852398 -1.853682 -17.819247 -0.189271 0.042819 14.167834 115.0
12 2370.0 0.211234 0.488462 0.0 0.836012 -1.853682 -17.819247 -0.189271 0.042819 14.167834 115.0
13 2370.0 0.228629 0.502845 0.0 0.833045 -1.853682 -17.819247 -0.189271 0.042819 14.167834 115.0
14 2370.0 0.249351 0.497247 0.0 0.852535 -1.853682 -17.819247 -0.189271 0.042819 14.167834 115.0
15 2370.0 0.255528 0.496143 0.0 0.857773 -1.853682 -17.819247 -0.189271 0.042819 14.167834 115.0
16 2370.0 0.264067 0.487841 0.0 0.871876 -1.853682 -17.819247 -0.189271 0.042819 14.167834 115.0
17 2370.0 0.238542 0.484506 0.0 0.858231 -1.853682 -17.819247 -0.189271 0.042819 14.167834 115.0
18 2370.0 0.245192 0.501341 0.0 0.845613 -1.853682 -17.819247 -0.189271 0.042819 14.167834 115.0
19 2370.0 0.252164 0.493987 0.0 0.857712 -1.853682 -17.819247 -0.189271 0.042819 14.167834 115.0
20 2370.0 0.242665 0.507432 0.0 0.837759 -1.853682 -17.819247 -0.189271 0.042819 14.167834 115.0
21 2370.0 0.212531 0.509898 0.0 0.815165 -1.853682 -17.819247 -0.189271 0.042819 14.167834 115.0
22 2370.0 0.19697 0.498266 0.0 0.81657 -1.853682 -17.819247 -0.189271 0.042819 14.167834 115.0
23 2370.0 0.198655 0.498127 0.0 0.817833 -1.853682 -17.819247 -0.189271 0.042819 14.167834 115.0
24 2370.0 0.222538 0.493756 0.0 0.838189 -1.853682 -17.819247 -0.189271 0.042819 14.167834 115.0
25 2370.0 0.225494 0.470694 0.0 0.863519 -1.853682 -17.819247 -0.189271 0.042819 14.167834 115.0
26 2370.0 0.222284 0.475288 0.0 0.856725 -1.853682 -17.819247 -0.189271 0.042819 14.167834 115.0
27 2370.0 0.209224 0.471294 0.0 0.852061 -1.853682 -17.819247 -0.189271 0.042819 14.167834 115.0
28 2370.0 0.206318 0.487819 0.0 0.833385 -1.853682 -17.819247 -0.189271 0.042819 14.167834 115.0
29 2370.0 0.217851 0.489808 0.0 0.839062 -1.853682 -17.819247 -0.189271 0.042819 14.167834 115.0
30 2370.0 0.209234 0.494279 0.0 0.828787 -1.853682 -17.819247 -0.189271 0.042819 14.167834 115.0
31 2370.0 0.227716 0.537953 0.0 0.796876 -1.853682 -17.819247 -0.189271 0.042819 14.167834 115.0
32 2370.0 0.218128 0.541025 0.0 0.78737 -1.853682 -17.819247 -0.189271 0.042819 14.167834 115.0
33 2370.0 0.218151 0.551204 0.0 0.777075 -1.853682 -17.819247 -0.189271 0.042819 14.167834 115.0
34 2370.0 0.202904 0.548833 0.0 0.769308 -1.853682 -17.819247 -0.189271 0.042819 14.167834 115.0
35 2370.0 0.188909 0.542304 0.0 0.766588 -1.853682 -17.819247 -0.189271 0.042819 14.167834 115.0
36 2370.0 0.181223 0.516821 0.0 0.787273 -1.853682 -17.819247 -0.189271 0.042819 14.167834 115.0
37 2370.0 0.173697 0.490628 0.0 0.808785 -1.853682 -17.819247 -0.189271 0.042819 14.167834 115.0
38 2370.0 0.163085 0.507196 0.0 0.784926 -1.853682 -17.819247 -0.189271 0.042819 14.167834 115.0
39 2370.0 0.141988 0.504471 0.0 0.773617 -1.853682 -17.819247 -0.189271 0.042819 14.167834 115.0
40 2370.0 0.130818 0.518179 0.0 0.752282 -1.853682 -17.819247 -0.189271 0.042819 14.167834 115.0
41 2370.0 0.137481 0.500741 0.0 0.774389 -1.853682 -17.819247 -0.189271 0.042819 14.167834 115.0
42 2370.0 0.131239 0.514744 0.0 0.756042 -1.853682 -17.819247 -0.189271 0.042819 14.167834 115.0
43 2370.0 0.10785 0.536186 0.0 0.718726 -1.853682 -17.819247 -0.189271 0.042819 14.167834 115.0
44 2370.0 0.093555 0.531738 0.0 0.713698 -1.853682 -17.819247 -0.189271 0.042819 14.167834 115.0
45 2370.0 0.078944 0.528342 0.0 0.707394 -1.853682 -17.819247 -0.189271 0.042819 14.167834 115.0
46 2370.0 0.06253 0.527639 0.0 0.697159 -1.853682 -17.819247 -0.189271 0.042819 14.167834 115.0
47 2370.0 0.044545 0.539014 0.0 0.673644 -1.853682 -17.819247 -0.189271 0.042819 14.167834 115.0
48 2370.0 0.040534 0.54604 0.0 0.663853 -1.853682 -17.819247 -0.189271 0.042819 14.167834 115.0
49 2370.0 0.01286 0.546053 0.0 0.645383 -1.853682 -17.819247 -0.189271 0.042819 14.167834 115.0
50 2370.0 0.019327 0.544337 0.0 0.651434 -1.853682 -17.819247 -0.189271 0.042819 14.167834 115.0
51 2370.0 0.022777 0.515841 0.0 0.682598 -1.853682 -17.819247 -0.189271 0.042819 14.167834 115.0
52 2370.0 0.018137 0.498955 0.0 0.696607 -1.853682 -17.819247 -0.189271 0.042819 14.167834 115.0
53 2370.0 0.027689 0.480764 0.0 0.721403 -1.853682 -17.819247 -0.189271 0.042819 14.167834 115.0
54 2370.0 0.01029 0.487939 0.0 0.702532 -1.853682 -17.819247 -0.189271 0.042819 14.167834 115.0
55 2370.0 0.007372 0.490089 0.0 0.698409 -1.853682 -17.819247 -0.189271 0.042819 14.167834 115.0
56 2370.0 -0.006662 0.517627 0.0 0.661156 -1.853682 -17.819247 -0.189271 0.042819 14.167834 115.0
57 2370.0 0.00839 0.500824 0.0 0.688214 -1.853682 -17.819247 -0.189271 0.042819 14.167834 115.0
58 2370.0 -0.007726 0.509211 0.0 0.668971 -1.853682 -17.819247 -0.189271 0.042819 14.167834 115.0
59 2370.0 -0.017263 0.487591 0.0 0.684509 -1.853682 -17.819247 -0.189271 0.042819 14.167834 115.0
60 2370.0 -0.022008 0.501831 0.0 0.666921 -1.853682 -17.819247 -0.189271 0.042819 14.167834 115.0
61 2370.0 -0.04022 0.49907 0.0 0.657572 -1.853682 -17.819247 -0.189271 0.042819 14.167834 115.0
62 2370.0 -0.042434 0.51557 0.0 0.638726 -1.853682 -17.819247 -0.189271 0.042819 14.167834 115.0
63 2370.0 -0.04283 0.529981 0.0 0.622971 -1.853682 -17.819247 -0.189271 0.042819 14.167834 115.0
64 2370.0 -0.053717 0.54673 0.0 0.595686 -1.853682 -17.819247 -0.189271 0.042819 14.167834 115.0
65 2370.0 -0.067744 0.541941 0.0 0.588735 -1.853682 -17.819247 -0.189271 0.042819 14.167834 115.0
66 2370.0 -0.077179 0.517729 0.0 0.606512 -1.853682 -17.819247 -0.189271 0.042819 14.167834 115.0
67 2370.0 -0.066772 0.532413 0.0 0.599763 -1.853682 -17.819247 -0.189271 0.042819 14.167834 115.0
68 2370.0 -0.075528 0.502469 0.0 0.624255 -1.853682 -17.819247 -0.189271 0.042819 14.167834 115.0
69 2370.0 -0.063918 0.486133 0.0 0.65172 -1.853682 -17.819247 -0.189271 0.042819 14.167834 115.0
70 2370.0 -0.072836 0.492146 0.0 0.637612 -1.853682 -17.819247 -0.189271 0.042819 14.167834 115.0
71 2370.0 -0.019037 0.49456 0.0 0.676267 -1.853682 -17.819247 -0.189271 0.042819 14.167834 115.0
72 2370.0 -0.022964 0.497432 0.0 0.67074 -1.853682 -17.819247 -0.189271 0.042819 14.167834 115.0
73 2370.0 -0.00916 0.526203 0.0 0.650803 -1.853682 -17.819247 -0.189271 0.042819 14.167834 115.0
74 2370.0 -0.009296 0.540952 0.0 0.635773 -1.853682 -17.819247 -0.189271 0.042819 14.167834 115.0
75 2370.0 -0.023068 0.541213 0.0 0.626325 -1.853682 -17.819247 -0.189271 0.042819 14.167834 115.0
76 2370.0 -0.005076 0.515862 0.0 0.664001 -1.853682 -17.819247 -0.189271 0.042819 14.167834 115.0
77 2370.0 -0.010303 0.512549 0.0 0.663871 -1.853682 -17.819247 -0.189271 0.042819 14.167834 115.0
78 2370.0 -0.022609 0.521212 0.0 0.64689 -1.853682 -17.819247 -0.189271 0.042819 14.167834 115.0
79 2370.0 -0.038493 0.508742 0.0 0.648928 -1.853682 -17.819247 -0.189271 0.042819 14.167834 115.0
80 2370.0 -0.044886 0.522824 0.0 0.628856 -1.853682 -17.819247 -0.189271 0.042819 14.167834 115.0
81 2370.0 -0.065649 0.523583 0.0 0.610174 -1.853682 -17.819247 -0.189271 0.042819 14.167834 115.0
82 2370.0 -0.072154 0.517737 0.0 0.610829 -1.853682 -17.819247 -0.189271 0.042819 14.167834 115.0
83 2370.0 -0.085934 0.509063 0.0 0.608246 -1.853682 -17.819247 -0.189271 0.042819 14.167834 115.0
84 2370.0 -0.100121 0.491723 0.0 0.614581 -1.853682 -17.819247 -0.189271 0.042819 14.167834 115.0
85 2370.0 -0.095338 0.482283 0.0 0.628795 -1.853682 -17.819247 -0.189271 0.042819 14.167834 115.0
86 2370.0 -0.071611 0.484921 0.0 0.646395 -1.853682 -17.819247 -0.189271 0.042819 14.167834 115.0
87 2370.0 -0.091004 0.475938 0.0 0.639312 -1.853682 -17.819247 -0.189271 0.042819 14.167834 115.0
88 2370.0 -0.114604 0.475163 0.0 0.619828 -1.853682 -17.819247 -0.189271 0.042819 14.167834 115.0
89 2370.0 -0.081961 0.478546 0.0 0.644306 -1.853682 -17.819247 -0.189271 0.042819 14.167834 115.0
90 2370.0 -0.089234 0.472041 0.0 0.645003 -1.853682 -17.819247 -0.189271 0.042819 14.167834 115.0
91 2370.0 -0.091339 0.501849 0.0 0.61131 -1.853682 -17.819247 -0.189271 0.042819 14.167834 115.0
92 2370.0 -0.103138 0.509607 0.0 0.592857 -1.853682 -17.819247 -0.189271 0.042819 14.167834 115.0
93 2370.0 -0.09881 0.511745 0.0 0.594295 -1.853682 -17.819247 -0.189271 0.042819 14.167834 115.0
94 2370.0 -0.108058 0.471829 0.0 0.629029 -1.853682 -17.819247 -0.189271 0.042819 14.167834 115.0
95 2370.0 -0.115745 0.491173 0.0 0.601723 -1.853682 -17.819247 -0.189271 0.042819 14.167834 115.0
96 2370.0 -0.104797 0.483671 0.0 0.61917 -1.853682 -17.819247 -0.189271 0.042819 14.167834 115.0
97 2370.0 -0.09319 0.506312 0.0 0.604943 -1.853682 -17.819247 -0.189271 0.042819 14.167834 115.0
98 2370.0 -0.096315 0.495383 0.0 0.613943 -1.853682 -17.819247 -0.189271 0.042819 14.167834 115.0
99 2370.0 -0.115939 0.507971 0.0 0.583589 -1.853682 -17.819247 -0.189271 0.042819 14.167834 115.0
100 2370.0 -0.124725 0.502632 0.0 0.581737 -1.853682 -17.819247 -0.189271 0.042819 14.167834 115.0
101 2370.0 -0.123083 0.503391 0.0 0.582339 -1.853682 -17.819247 -0.189271 0.042819 14.167834 115.0
102 2370.0 -0.123285 0.508591 0.0 0.576603 -1.853682 -17.819247 -0.189271 0.042819 14.167834 115.0
103 2370.0 -0.126139 0.515346 0.0 0.566921 -1.853682 -17.819247 -0.189271 0.042819 14.167834 115.0
104 2370.0 -0.116709 0.537324 0.0 0.551531 -1.853682 -17.819247 -0.189271 0.042819 14.167834 115.0
105 2370.0 -0.104042 0.547178 0.0 0.551892 -1.853682 -17.819247 -0.189271 0.042819 14.167834 115.0
106 2370.0 -0.07856 0.543499 0.0 0.57776 -1.853682 -17.819247 -0.189271 0.042819 14.167834 115.0
107 2370.0 -0.100253 0.550114 0.0 0.552014 -1.853682 -17.819247 -0.189271 0.042819 14.167834 115.0
108 2370.0 -0.101972 0.5573 0.0 0.542848 -1.853682 -17.819247 -0.189271 0.042819 14.167834 115.0
109 2370.0 -0.110645 0.56473 0.0 0.527436 -1.853682 -17.819247 -0.189271 0.042819 14.167834 115.0
110 2370.0 -0.120283 0.539858 0.0 0.545744 -1.853682 -17.819247 -0.189271 0.042819 14.167834 115.0
111 2370.0 -0.108758 0.519219 0.0 0.577739 -1.853682 -17.819247 -0.189271 0.042819 14.167834 115.0
112 2370.0 -0.0925 0.526692 0.0 0.583739 -1.853682 -17.819247 -0.189271 0.042819 14.167834 115.0
113 2370.0 -0.100478 0.547876 0.0 0.554214 -1.853682 -17.819247 -0.189271 0.042819 14.167834 115.0
114 2370.0 -0.10001 0.549161 0.0 0.553243 -1.853682 -17.819247 -0.189271 0.042819 14.167834 115.0
115 2370.0 -0.089549 0.549333 0.0 0.562062 -1.853682 -17.819247 -0.189271 0.042819 14.167834 115.0
116 2370.0 -0.096206 0.522785 0.0 0.584728 -1.853682 -17.819247 -0.189271 0.042819 14.167834 115.0
117 2370.0 -0.09058 0.525442 0.0 0.586728 -1.853682 -17.819247 -0.189271 0.042819 14.167834 115.0
118 2370.0 -0.123164 0.534217 0.0 0.549297 -1.853682 -17.819247 -0.189271 0.042819 14.167834 115.0
119 2370.0 -0.141766 0.528896 0.0 0.538978 -1.853682 -17.819247 -0.189271 0.042819 14.167834 115.0
120 2370.0 -0.150426 0.507419 0.0 0.554498 -1.853682 -17.819247 -0.189271 0.042819 14.167834 115.0
121 2370.0 -0.159222 0.493816 0.0 0.561476 -1.853682 -17.819247 -0.189271 0.042819 14.167834 115.0
122 2370.0 -0.179138 0.486557 0.0 0.552099 -1.853682 -17.819247 -0.189271 0.042819 14.167834 115.0
123 2370.0 -0.168399 0.48197 0.0 0.566247 -1.853682 -17.819247 -0.189271 0.042819 14.167834 115.0
124 2370.0 -0.140635 0.485841 0.0 0.586003 -1.853682 -17.819247 -0.189271 0.042819 14.167834 115.0
125 2370.0 -0.15102 0.474581 0.0 0.589109 -1.853682 -17.819247 -0.189271 0.042819 14.167834 115.0
126 2370.0 -0.132519 0.486554 0.0 0.592226 -1.853682 -17.819247 -0.189271 0.042819 14.167834 115.0
127 2370.0 -0.141177 0.510417 0.0 0.559251 -1.853682 -17.819247 -0.189271 0.042819 14.167834 115.0
128 2370.0 -0.13342 0.512698 0.0 0.563487 -1.853682 -17.819247 -0.189271 0.042819 14.167834 115.0
129 2370.0 -0.112274 0.494188 0.0 0.601485 -1.853682 -17.819247 -0.189271 0.042819 14.167834 115.0
130 2370.0 -0.103518 0.491256 0.0 0.612158 -1.853682 -17.819247 -0.189271 0.042819 14.167834 115.0
131 2370.0 -0.103809 0.49697 0.0 0.605796 -1.853682 -17.819247 -0.189271 0.042819 14.167834 115.0
132 2370.0 -0.094348 0.458757 0.0 0.65481 -1.853682 -17.819247 -0.189271 0.042819 14.167834 115.0
133 2370.0 -0.096074 0.47923 0.0 0.631427 -1.853682 -17.819247 -0.189271 0.042819 14.167834 115.0
134 2370.0 -0.082094 0.489082 0.0 0.632922 -1.853682 -17.819247 -0.189271 0.042819 14.167834 115.0
135 2370.0 -0.094611 0.495096 0.0 0.615716 -1.853682 -17.819247 -0.189271 0.042819 14.167834 115.0
136 2370.0 -0.096062 0.495388 0.0 0.614156 -1.853682 -17.819247 -0.189271 0.042819 14.167834 115.0
137 2370.0 -0.110114 0.504523 0.0 0.59229 -1.853682 -17.819247 -0.189271 0.042819 14.167834 115.0
138 2370.0 -0.107136 0.484834 0.0 0.615913 -1.853682 -17.819247 -0.189271 0.042819 14.167834 115.0
139 2370.0 -0.114933 0.518559 0.0 0.57313 -1.853682 -17.819247 -0.189271 0.042819 14.167834 115.0
140 2370.0 -0.14022 0.523058 0.0 0.546553 -1.853682 -17.819247 -0.189271 0.042819 14.167834 115.0
141 2370.0 -0.131804 0.521199 0.0 0.555786 -1.853682 -17.819247 -0.189271 0.042819 14.167834 115.0
142 2370.0 -0.13171 0.541233 0.0 0.534438 -1.853682 -17.819247 -0.189271 0.042819 14.167834 115.0
143 2370.0 -0.144567 0.533525 0.0 0.531616 -1.853682 -17.819247 -0.189271 0.042819 14.167834 115.0
144 2370.0 -0.122015 0.536165 0.0 0.548203 -1.853682 -17.819247 -0.189271 0.042819 14.167834 115.0
145 2370.0 -0.116444 0.541128 0.0 0.547691 -1.853682 -17.819247 -0.189271 0.042819 14.167834 115.0
146 2370.0 -0.127832 0.539607 0.0 0.539516 -1.853682 -17.819247 -0.189271 0.042819 14.167834 115.0
147 2370.0 -0.129776 0.516895 0.0 0.562135 -1.853682 -17.819247 -0.189271 0.042819 14.167834 115.0
148 2370.0 -0.152563 0.502822 0.0 0.557575 -1.853682 -17.819247 -0.189271 0.042819 14.167834 115.0
149 2370.0 -0.167532 0.505223 0.0 0.542123 -1.853682 -17.819247 -0.189271 0.042819 14.167834 115.0
150 2370.0 -0.155728 0.510972 0.0 0.546134 -1.853682 -17.819247 -0.189271 0.042819 14.167834 115.0
151 2370.0 -0.161087 0.501122 0.0 0.552056 -1.853682 -17.819247 -0.189271 0.042819 14.167834 115.0
152 2370.0 -0.163765 0.500204 0.0 0.550733 -1.853682 -17.819247 -0.189271 0.042819 14.167834 115.0
153 2370.0 -0.163384 0.493389 0.0 0.55835 -1.853682 -17.819247 -0.189271 0.042819 14.167834 115.0
154 2370.0 -0.147216 0.500914 0.0 0.564217 -1.853682 -17.819247 -0.189271 0.042819 14.167834 115.0
155 2370.0 -0.141686 0.502333 0.0 0.56746 -1.853682 -17.819247 -0.189271 0.042819 14.167834 115.0
156 2370.0 -0.133474 0.517426 0.0 0.558384 -1.853682 -17.819247 -0.189271 0.042819 14.167834 115.0
157 2370.0 -0.128633 0.515153 0.0 0.564982 -1.853682 -17.819247 -0.189271 0.042819 14.167834 115.0
158 2370.0 -0.135687 0.51696 0.0 0.556978 -1.853682 -17.819247 -0.189271 0.042819 14.167834 115.0
159 2370.0 -0.161174 0.510002 0.0 0.542484 -1.853682 -17.819247 -0.189271 0.042819 14.167834 115.0
160 2370.0 -0.150938 0.501907 0.0 0.559952 -1.853682 -17.819247 -0.189271 0.042819 14.167834 115.0
161 2370.0 -0.13688 0.473238 0.0 0.602716 -1.853682 -17.819247 -0.189271 0.042819 14.167834 115.0
162 2370.0 -0.110369 0.489662 0.0 0.607966 -1.853682 -17.819247 -0.189271 0.042819 14.167834 115.0
163 2370.0 -0.122889 0.481753 0.0 0.605649 -1.853682 -17.819247 -0.189271 0.042819 14.167834 115.0
164 2370.0 -0.108104 0.477752 0.0 0.622655 -1.853682 -17.819247 -0.189271 0.042819 14.167834 115.0
165 2370.0 -0.118021 0.471764 0.0 0.620523 -1.853682 -17.819247 -0.189271 0.042819 14.167834 115.0
166 2370.0 -0.124992 0.46007 0.0 0.627031 -1.853682 -17.819247 -0.189271 0.042819 14.167834 115.0
167 2370.0 -0.131987 0.482742 0.0 0.596761 -1.853682 -17.819247 -0.189271 0.042819 14.167834 115.0
168 2370.0 -0.123364 0.519914 0.0 0.564424 -1.853682 -17.819247 -0.189271 0.042819 14.167834 115.0
169 2370.0 -0.138636 0.526492 0.0 0.544245 -1.853682 -17.819247 -0.189271 0.042819 14.167834 115.0
170 2370.0 -0.147997 0.500858 0.0 0.563605 -1.853682 -17.819247 -0.189271 0.042819 14.167834 115.0
171 2370.0 -0.148128 0.513052 0.0 0.55045 -1.853682 -17.819247 -0.189271 0.042819 14.167834 115.0
172 2370.0 -0.145297 0.511963 0.0 0.554051 -1.853682 -17.819247 -0.189271 0.042819 14.167834 115.0
173 2370.0 -0.150239 0.51144 0.0 0.550357 -1.853682 -17.819247 -0.189271 0.042819 14.167834 115.0
174 2370.0 -0.13121 0.511869 0.0 0.566277 -1.853682 -17.819247 -0.189271 0.042819 14.167834 115.0
175 2370.0 -0.13224 0.516667 0.0 0.560258 -1.853682 -17.819247 -0.189271 0.042819 14.167834 115.0
176 2370.0 -0.140358 0.519084 0.0 0.550686 -1.853682 -17.819247 -0.189271 0.042819 14.167834 115.0
177 2370.0 -0.145648 0.541259 0.0 0.522414 -1.853682 -17.819247 -0.189271 0.042819 14.167834 115.0
178 2370.0 -0.149993 0.534402 0.0 0.526009 -1.853682 -17.819247 -0.189271 0.042819 14.167834 115.0
179 2370.0 -0.129435 0.495044 0.0 0.5858 -1.853682 -17.819247 -0.189271 0.042819 14.167834 115.0
180 2370.0 -0.132058 0.494689 0.0 0.583922 -1.853682 -17.819247 -0.189271 0.042819 14.167834 115.0
181 2370.0 -0.121629 0.490834 0.0 0.597021 -1.853682 -17.819247 -0.189271 0.042819 14.167834 115.0
182 2370.0 -0.12343 0.513197 0.0 0.571551 -1.853682 -17.819247 -0.189271 0.042819 14.167834 115.0
183 2370.0 -0.163294 0.532026 0.0 0.517102 -1.853682 -17.819247 -0.189271 0.042819 14.167834 115.0
184 2370.0 -0.17364 0.517259 0.0 0.523992 -1.853682 -17.819247 -0.189271 0.042819 14.167834 115.0
185 2370.0 -0.177631 0.532058 0.0 0.504138 -1.853682 -17.819247 -0.189271 0.042819 14.167834 115.0
186 2370.0 -0.1728 0.527587 0.0 0.513669 -1.853682 -17.819247 -0.189271 0.042819 14.167834 115.0
187 2370.0 -0.198577 0.500895 0.0 0.520032 -1.853682 -17.819247 -0.189271 0.042819 14.167834 115.0
188 2370.0 -0.202337 0.516089 0.0 0.498618 -1.853682 -17.819247 -0.189271 0.042819 14.167834 115.0
189 2370.0 -0.233565 0.503773 0.0 0.48219 -1.853682 -17.819247 -0.189271 0.042819 14.167834 115.0
190 2370.0 -0.254769 0.502544 0.0 0.462468 -1.853682 -17.819247 -0.189271 0.042819 14.167834 115.0
191 2370.0 -0.249141 0.493755 0.0 0.47865 -1.853682 -17.819247 -0.189271 0.042819 14.167834 115.0
192 2370.0 -0.255482 0.509221 0.0 0.453735 -1.853682 -17.819247 -0.189271 0.042819 14.167834 115.0
193 2370.0 -0.269204 0.489136 0.0 0.464139 -1.853682 -17.819247 -0.189271 0.042819 14.167834 115.0
194 2370.0 -0.271348 0.480171 0.0 0.472763 -1.853682 -17.819247 -0.189271 0.042819 14.167834 115.0
195 2370.0 -0.259057 0.485413 0.0 0.478755 -1.853682 -17.819247 -0.189271 0.042819 14.167834 115.0
196 2370.0 -0.259708 0.503909 0.0 0.455891 -1.853682 -17.819247 -0.189271 0.042819 14.167834 115.0
197 2370.0 -0.277667 0.508163 0.0 0.432829 -1.853682 -17.819247 -0.189271 0.042819 14.167834 115.0
198 2370.0 -0.283043 0.522636 0.0 0.410071 -1.853682 -17.819247 -0.189271 0.042819 14.167834 115.0
199 2370.0 -0.26169 0.523222 0.0 0.430715 -1.853682 -17.819247 -0.189271 0.042819 14.167834 115.0
200 2370.0 -0.287334 0.513564 0.0 0.416678 -1.853682 -17.819247 -0.189271 0.042819 14.167834 115.0
201 2370.0 -0.287805 0.504724 0.0 0.426823 -1.853682 -17.819247 -0.189271 0.042819 14.167834 115.0
202 2370.0 -0.309428 0.505854 0.0 0.403849 -1.853682 -17.819247 -0.189271 0.042819 14.167834 115.0
203 2370.0 -0.320711 0.490001 0.0 0.411608 -1.853682 -17.819247 -0.189271 0.042819 14.167834 115.0
204 2370.0 -0.345572 0.482831 0.0 0.395365 -1.853682 -17.819247 -0.189271 0.042819 14.167834 115.0
205 2370.0 -0.360763 0.475244 0.0 0.389289 -1.853682 -17.819247 -0.189271 0.042819 14.167834 115.0
206 2370.0 -0.374033 0.471138 0.0 0.380955 -1.853682 -17.819247 -0.189271 0.042819 14.167834 115.0
207 2370.0 -0.381643 0.519526 0.0 0.315235 -1.853682 -17.819247 -0.189271 0.042819 14.167834 115.0
208 2370.0 -0.410502 0.518878 0.0 0.287162 -1.853682 -17.819247 -0.189271 0.042819 14.167834 115.0
209 2370.0 -0.450227 0.509309 0.0 0.25894 -1.853682 -17.819247 -0.189271 0.042819 14.167834 115.0
210 2370.0 -0.460181 0.524767 0.0 0.230425 -1.853682 -17.819247 -0.189271 0.042819 14.167834 115.0
211 2370.0 -0.492161 0.514228 0.0 0.21111 -1.853682 -17.819247 -0.189271 0.042819 14.167834 115.0
212 2370.0 -0.512331 0.530293 0.0 0.171653 -1.853682 -17.819247 -0.189271 0.042819 14.167834 115.0
213 2370.0 -0.516141 0.540312 0.0 0.155812 -1.853682 -17.819247 -0.189271 0.042819 14.167834 115.0
214 2370.0 -0.533945 0.550785 0.0 0.125435 -1.853682 -17.819247 -0.189271 0.042819 14.167834 115.0
215 2370.0 -0.533733 0.535901 0.0 0.143522 -1.853682 -17.819247 -0.189271 0.042819 14.167834 115.0
216 2370.0 -0.532777 0.55715 0.0 0.118959 -1.853682 -17.819247 -0.189271 0.042819 14.167834 115.0
217 2370.0 -0.56047 0.536819 0.0 0.11569 -1.853682 -17.819247 -0.189271 0.042819 14.167834 115.0
218 2370.0 -0.559967 0.513467 0.0 0.144238 -1.853682 -17.819247 -0.189271 0.042819 14.167834 115.0
219 2370.0 -0.589903 0.511254 0.0 0.116969 -1.853682 -17.819247 -0.189271 0.042819 14.167834 115.0
220 2370.0 -0.575181 0.522574 0.0 0.118092 -1.853682 -17.819247 -0.189271 0.042819 14.167834 115.0
221 2370.0 -0.580226 0.507478 0.0 0.131177 -1.853682 -17.819247 -0.189271 0.042819 14.167834 115.0
222 2370.0 -0.56962 0.53073 0.0 0.113855 -1.853682 -17.819247 -0.189271 0.042819 14.167834 115.0
223 2370.0 -0.59468 0.514554 0.0 0.108229 -1.853682 -17.819247 -0.189271 0.042819 14.167834 115.0
224 2370.0 -0.58159 0.540762 0.0 0.08984 -1.853682 -17.819247 -0.189271 0.042819 14.167834 115.0
225 2370.0 -0.603852 0.50663 0.0 0.108576 -1.853682 -17.819247 -0.189271 0.042819 14.167834 115.0
226 2370.0 -0.612559 0.523855 0.0 0.079185 -1.853682 -17.819247 -0.189271 0.042819 14.167834 115.0
227 2370.0 -0.613637 0.526395 0.0 0.075057 -1.853682 -17.819247 -0.189271 0.042819 14.167834 115.0
228 2370.0 -0.615072 0.536108 0.0 0.061958 -1.853682 -17.819247 -0.189271 0.042819 14.167834 115.0
229 2370.0 -0.585189 0.565587 0.0 0.056429 -1.853682 -17.819247 -0.189271 0.042819 14.167834 115.0
230 2370.0 -0.605528 0.570683 0.0 0.029976 -1.853682 -17.819247 -0.189271 0.042819 14.167834 115.0
231 2370.0 -0.623077 0.594299 0.0 -0.01593 -1.853682 -17.819247 -0.189271 0.042819 14.167834 115.0
232 2370.0 -0.623485 0.563143 0.0 0.021079 -1.853682 -17.819247 -0.189271 0.042819 14.167834 115.0
233 2370.0 -0.608596 0.560213 0.0 0.039482 -1.853682 -17.819247 -0.189271 0.042819 14.167834 115.0
234 2370.0 -0.625139 0.523853 0.0 0.066611 -1.853682 -17.819247 -0.189271 0.042819 14.167834 115.0
235 2370.0 -0.65546 0.525827 0.0 0.033928 -1.853682 -17.819247 -0.189271 0.042819 14.167834 115.0
236 2370.0 -0.65052 0.526398 0.0 0.038181 -1.853682 -17.819247 -0.189271 0.042819 14.167834 115.0
237 2370.0 -0.645859 0.548344 0.0 0.016485 -1.853682 -17.819247 -0.189271 0.042819 14.167834 115.0
238 2370.0 -0.648717 0.565448 0.0 -0.006914 -1.853682 -17.819247 -0.189271 0.042819 14.167834 115.0
239 2370.0 -0.67069 0.553098 0.0 -0.014049 -1.853682 -17.819247 -0.189271 0.042819 14.167834 115.0
240 2370.0 -0.679885 0.562375 0.0 -0.034383 -1.853682 -17.819247 -0.189271 0.042819 14.167834 115.0
241 2370.0 -0.681541 0.569699 0.0 -0.044834 -1.853682 -17.819247 -0.189271 0.042819 14.167834 115.0
242 2370.0 -0.67908 0.559526 0.0 -0.030157 -1.853682 -17.819247 -0.189271 0.042819 14.167834 115.0
243 2370.0 -0.695409 0.5884 0.0 -0.081157 -1.853682 -17.819247 -0.189271 0.042819 14.167834 115.0
244 2370.0 -0.69347 0.608364 0.0 -0.103195 -1.853682 -17.819247 -0.189271 0.042819 14.167834 115.0
245 2370.0 -0.695236 0.635575 0.0 -0.138004 -1.853682 -17.819247 -0.189271 0.042819 14.167834 115.0
246 2370.0 -0.696398 0.650216 0.0 -0.15757 -1.853682 -17.819247 -0.189271 0.042819 14.167834 115.0
247 2370.0 -0.710371 0.638238 0.0 -0.156715 -1.853682 -17.819247 -0.189271 0.042819 14.167834 115.0
248 2370.0 -0.730645 0.660345 0.0 -0.203271 -1.853682 -17.819247 -0.189271 0.042819 14.167834 115.0
249 2370.0 -0.745298 0.698103 0.0 -0.256462 -1.853682 -17.819247 -0.189271 0.042819 14.167834 115.0
250 2370.0 -0.747698 0.706919 0.0 -0.267979 -1.853682 -17.819247 -0.189271 0.042819 14.167834 115.0
251 2370.0 -0.775719 0.718988 0.0 -0.307299 -1.853682 -17.819247 -0.189271 0.042819 14.167834 115.0
252 2370.0 -0.804807 0.729933 0.0 -0.350752 -1.853682 -17.819247 -0.189271 0.042819 14.167834 115.0
253 2370.0 -0.793193 0.728515 0.0 -0.337497 -1.853682 -17.819247 -0.189271 0.042819 14.167834 115.0
254 2370.0 -0.801032 0.730248 0.0 -0.34752 -1.853682 -17.819247 -0.189271 0.042819 14.167834 115.0
255 2370.0 -0.80749 0.749415 0.0 -0.380378 -1.853682 -17.819247 -0.189271 0.042819 14.167834 115.0
256 2370.0 -0.823417 0.788579 0.0 -0.45017 -1.853682 -17.819247 -0.189271 0.042819 14.167834 115.0
257 2370.0 -0.820091 0.836293 0.0 -0.516451 -1.853682 -17.819247 -0.189271 0.042819 14.167834 115.0
258 2370.0 -0.823909 0.869833 0.0 -0.572393 -1.853682 -17.819247 -0.189271 0.042819 14.167834 115.0
259 2370.0 -0.830526 0.861658 0.0 -0.566366 -1.853682 -17.819247 -0.189271 0.042819 14.167834 115.0
260 2370.0 -0.844467 0.896263 0.0 -0.632991 -1.853682 -17.819247 -0.189271 0.042819 14.167834 115.0
261 2370.0 -0.84367 0.912934 0.0 -0.657758 -1.853682 -17.819247 -0.189271 0.042819 14.167834 115.0
262 2370.0 -0.84785 0.9365 0.0 -0.694722 -1.853682 -17.819247 -0.189271 0.042819 14.167834 115.0
263 2370.0 -0.881728 0.967433 0.0 -0.765632 -1.853682 -17.819247 -0.189271 0.042819 14.167834 115.0
264 2370.0 -0.889279 0.976264 0.0 -0.779856 -1.853682 -17.819247 -0.189271 0.042819 14.167834 115.0
265 2370.0 -0.892719 0.996363 0.0 -0.802136 -1.853682 -17.819247 -0.189271 0.042819 14.167834 115.0
266 2370.0 -0.873183 1.017509 0.0 -0.808573 -1.853682 -17.819247 -0.189271 0.042819 14.167834 115.0
267 2370.0 -0.896631 1.015896 0.0 -0.824205 -1.853682 -17.819247 -0.189271 0.042819 14.167834 115.0
268 2370.0 -0.913796 1.044411 0.0 -0.864835 -1.853682 -17.819247 -0.189271 0.042819 14.167834 115.0
269 2370.0 -0.913643 1.071615 0.0 -0.891459 -1.853682 -17.819247 -0.189271 0.042819 14.167834 115.0
270 2370.0 -0.91297 1.083614 0.0 -0.902757 -1.853682 -17.819247 -0.189271 0.042819 14.167834 115.0
271 2370.0 -0.883405 1.106952 0.0 -0.903985 -1.853682 -17.819247 -0.189271 0.042819 14.167834 115.0
272 2370.0 -0.871312 1.102158 0.0 -0.890393 -1.853682 -17.819247 -0.189271 0.042819 14.167834 115.0
273 2370.0 -0.871285 1.12503 0.0 -0.912852 -1.853682 -17.819247 -0.189271 0.042819 14.167834 115.0
274 2370.0 -0.856619 1.138853 0.0 -0.915668 -1.853682 -17.819247 -0.189271 0.042819 14.167834 115.0
275 2370.0 -0.839131 1.137504 0.0 -0.901501 -1.853682 -17.819247 -0.189271 0.042819 14.167834 115.0
276 2370.0 -0.832654 1.136553 0.0 -0.895809 -1.853682 -17.819247 -0.189271 0.042819 14.167834 115.0
277 2370.0 -0.834613 1.138978 0.0 -0.899632 -1.853682 -17.819247 -0.189271 0.042819 14.167834 115.0
278 2370.0 -0.826684 1.169847 0.0 -0.924147 -1.853682 -17.819247 -0.189271 0.042819 14.167834 115.0
279 2370.0 -0.819497 1.176728 0.0 -0.925633 -1.853682 -17.819247 -0.189271 0.042819 14.167834 115.0
280 2370.0 -0.822536 1.191269 0.0 -0.942156 -1.853682 -17.819247 -0.189271 0.042819 14.167834 115.0
281 2370.0 -0.808085 1.213837 0.0 -0.953724 -1.853682 -17.819247 -0.189271 0.042819 14.167834 115.0
282 2370.0 -0.791043 1.220473 0.0 -0.947732 -1.853682 -17.819247 -0.189271 0.042819 14.167834 115.0
283 2370.0 -0.796566 1.236557 0.0 -0.967595 -1.853682 -17.819247 -0.189271 0.042819 14.167834 115.0
284 2370.0 -0.786177 1.254886 0.0 -0.974494 -1.853682 -17.819247 -0.189271 0.042819 14.167834 115.0
285 2370.0 -0.772439 1.233723 0.0 -0.947092 -1.853682 -17.819247 -0.189271 0.042819 14.167834 115.0
286 2370.0 -0.742292 1.259343 0.0 -0.948287 -1.853682 -17.819247 -0.189271 0.042819 14.167834 115.0
287 2370.0 -0.754344 1.248903 0.0 -0.948725 -1.853682 -17.819247 -0.189271 0.042819 14.167834 115.0
