 time p.x p.y p.z deep.node-0 CV opes.bias opes.rct opes.zed opes.neff opes.nker
0 11790.0 0.097626 0.505504 0.0 0.742986 -1.011873 -10.76971 -0.350521 0.035943 14.167834 137.0
1 11790.0 0.086599 0.502853 0.0 0.738317 -1.011873 -10.76971 -0.350521 0.035943 14.167834 137.0
2 11790.0 0.076986 0.50804 0.0 0.726652 -1.011873 -10.76971 -0.350521 0.035943 14.167834 137.0
3 11790.0 0.099847 0.512621 0.0 0.737258 -1.011873 -10.76971 -0.350521 0.035943 14.167834 137.0
4 11790.0 0.095932 0.519205 0.0 0.727978 -1.011873 -10.76971 -0.350521 0.035943 14.167834 137.0
5 11790.0 0.09366 0.533188 0.0 0.712299 -1.011873 -10.76971 -0.350521 0.035943 14.167834 137.0
6 11790.0 0.092106 0.552635 0.0 0.691565 -1.011873 -10.76971 -0.350521 0.035943 14.167834 137.0
7 11790.0 0.082868 0.55231 0.0 0.685734 -1.011873 -10.76971 -0.350521 0.035943 14.167834 137.0
8 11790.0 0.091648 0.546504 0.0 0.69747 -1.011873 -10.76971 -0.350521 0.035943 14.167834 137.0
9 11790.0 0.080246 0.570649 0.0 0.66541 -1.011873 -10.76971 -0.350521 0.035943 14.167834 137.0
10 11790.0 0.079678 0.572648 0.0 0.663007 -1.011873 -10.76971 -0.350521 0.035943 14.167834 137.0
11 11790.0 0.07993 0.534598 0.0 0.701715 -1.011873 -10.76971 -0.350521 0.035943 14.167834 137.0
12 11790.0 0.066047 0.539806 0.0 0.687182 -1.011873 -10.76971 -0.350521 0.035943 14.167834 137.0
13 11790.0 0.069083 0.527687 0.0 0.701482 -1.011873 -10.76971 -0.350521 0.035943 14.167834 137.0
14 11790.0 0.047811 0.525395 0.0 0.689616 -1.011873 -10.76971 -0.350521 0.035943 14.167834 137.0
15 11790.0 0.048026 0.534552 0.0 0.680485 -1.011873 -10.76971 -0.350521 0.035943 14.167834 137.0
16 11790.0 0.068733 0.550471 0.0 0.67817 -1.011873 -10.76971 -0.350521 0.035943 14.167834 137.0
17 11790.0 0.070143 0.534221 0.0 0.69557 -1.011873 -10.76971 -0.350521 0.035943 14.167834 137.0
18 11790.0 0.068166 0.515167 0.0 0.713551 -1.011873 -10.76971 -0.350521 0.035943 14.167834 137.0
19 11790.0 0.061289 0.506112 0.0 0.718137 -1.011873 -10.76971 -0.350521 0.035943 14.167834 137.0
20 11790.0 0.072799 0.506273 0.0 0.725649 -1.011873 -10.76971 -0.350521 0.035943 14.167834 137.0
21 11790.0 0.048391 0.536534 0.0 0.678721 -1.011873 -10.76971 -0.350521 0.035943 14.167834 137.0
22 11790.0 0.057027 0.501021 0.0 0.720451 -1.011873 -10.76971 -0.350521 0.035943 14.167834 137.0
23 11790.0 0.042533 0.504032 0.0 0.707735 -1.011873 -10.76971 -0.350521 0.035943 14.167834 137.0
24 11790.0 0.038803 0.501561 0.0 0.707749 -1.011873 -10.76971 -0.350521 0.035943 14.167834 137.0
25 11790.0 0.03135 0.502021 0.0 0.702313 -1.011873 -10.76971 -0.350521 0.035943 14.167834 137.0
26 11790.0 0.03096 0.499795 0.0 0.704307 -1.011873 -10.76971 -0.350521 0.035943 14.167834 137.0
27 11790.0 0.009837 0.493239 0.0 0.696862 -1.011873 -10.76971 -0.350521 0.035943 14.167834 137.0
28 11790.0 -0.009511 0.498448 0.0 0.678682 -1.011873 -10.76971 -0.350521 0.035943 14.167834 137.0
29 11790.0 -0.01024 0.485762 0.0 0.691046 -1.011873 -10.76971 -0.350521 0.035943 14.167834 137.0
30 11790.0 -0.003389 0.503692 0.0 0.677454 -1.011873 -10.76971 -0.350521 0.035943 14.167834 137.0
31 11790.0 -0.012619 0.511466 0.0 0.663423 -1.011873 -10.76971 -0.350521 0.035943 14.167834 137.0
32 11790.0 -0.030544 0.521231 0.0 0.641579 -1.011873 -10.76971 -0.350521 0.035943 14.167834 137.0
33 11790.0 -0.05067 0.532082 0.0 0.613976 -1.011873 -10.76971 -0.350521 0.035943 14.167834 137.0
34 11790.0 -0.063364 0.527071 0.0 0.60841 -1.011873 -10.76971 -0.350521 0.035943 14.167834 137.0
35 11790.0 -0.064777 0.535265 0.0 0.598429 -1.011873 -10.76971 -0.350521 0.035943 14.167834 137.0
36 11790.0 -0.048526 0.525407 0.0 0.622961 -1.011873 -10.76971 -0.350521 0.035943 14.167834 137.0
37 11790.0 -0.042465 0.506769 0.0 0.648113 -1.011873 -10.76971 -0.350521 0.035943 14.167834 137.0
38 11790.0 -0.038968 0.485025 0.0 0.672633 -1.011873 -10.76971 -0.350521 0.035943 14.167834 137.0
39 11790.0 -0.05615 0.498265 0.0 0.645429 -1.011873 -10.76971 -0.350521 0.035943 14.167834 137.0
40 11790.0 -0.033612 0.502874 0.0 0.658126 -1.011873 -10.76971 -0.350521 0.035943 14.167834 137.0
41 11790.0 -0.048914 0.499368 0.0 0.650478 -1.011873 -10.76971 -0.350521 0.035943 14.167834 137.0
42 11790.0 -0.060574 0.49507 0.0 0.645039 -1.011873 -10.76971 -0.350521 0.035943 14.167834 137.0
43 11790.0 -0.062064 0.494937 0.0 0.643899 -1.011873 -10.76971 -0.350521 0.035943 14.167834 137.0
44 11790.0 -0.063827 0.480594 0.0 0.657723 -1.011873 -10.76971 -0.350521 0.035943 14.167834 137.0
45 11790.0 -0.052926 0.468361 0.0 0.68019 -1.011873 -10.76971 -0.350521 0.035943 14.167834 137.0
46 11790.0 -0.06242 0.490775 0.0 0.648044 -1.011873 -10.76971 -0.350521 0.035943 14.167834 137.0
47 11790.0 -0.066148 0.493442 0.0 0.641982 -1.011873 -10.76971 -0.350521 0.035943 14.167834 137.0
48 11790.0 -0.093914 0.49434 0.0 0.617125 -1.011873 -10.76971 -0.350521 0.035943 14.167834 137.0
49 11790.0 -0.108056 0.504228 0.0 0.594377 -1.011873 -10.76971 -0.350521 0.035943 14.167834 137.0
50 11790.0 -0.119144 0.503025 0.0 0.586121 -1.011873 -10.76971 -0.350521 0.035943 14.167834 137.0
51 11790.0 -0.128404 0.492895 0.0 0.588986 -1.011873 -10.76971 -0.350521 0.035943 14.167834 137.0
52 11790.0 -0.111005 0.494278 0.0 0.602482 -1.011873 -10.76971 -0.350521 0.035943 14.167834 137.0
53 11790.0 -0.096015 0.492631 0.0 0.617145 -1.011873 -10.76971 -0.350521 0.035943 14.167834 137.0
54 11790.0 -0.08967 0.493093 0.0 0.622111 -1.011873 -10.76971 -0.350521 0.035943 14.167834 137.0
55 11790.0 -0.079312 0.497232 0.0 0.626599 -1.011873 -10.76971 -0.350521 0.035943 14.167834 137.0
56 11790.0 -0.069212 0.504618 0.0 0.627392 -1.011873 -10.76971 -0.350521 0.035943 14.167834 137.0
57 11790.0 -0.086037 0.519768 0.0 0.596707 -1.011873 -10.76971 -0.350521 0.035943 14.167834 137.0
58 11790.0 -0.093997 0.527118 0.0 0.581994 -1.011873 -10.76971 -0.350521 0.035943 14.167834 137.0
59 11790.0 -0.108002 0.490632 0.0 0.608965 -1.011873 -10.76971 -0.350521 0.035943 14.167834 137.0
60 11790.0 -0.136232 0.506306 0.0 0.567904 -1.011873 -10.76971 -0.350521 0.035943 14.167834 137.0
61 11790.0 -0.149476 0.508351 0.0 0.554318 -1.011873 -10.76971 -0.350521 0.035943 14.167834 137.0
62 11790.0 -0.127104 0.513462 0.0 0.568106 -1.011873 -10.76971 -0.350521 0.035943 14.167834 137.0
63 11790.0 -0.142649 0.511619 0.0 0.556698 -1.011873 -10.76971 -0.350521 0.035943 14.167834 137.0
64 11790.0 -0.15406 0.507513 0.0 0.551269 -1.011873 -10.76971 -0.350521 0.035943 14.167834 137.0
65 11790.0 -0.147731 0.496438 0.0 0.568562 -1.011873 -10.76971 -0.350521 0.035943 14.167834 137.0
66 11790.0 -0.155033 0.509994 0.0 0.547777 -1.011873 -10.76971 -0.350521 0.035943 14.167834 137.0
67 11790.0 -0.192688 0.514873 0.0 0.509724 -1.011873 -10.76971 -0.350521 0.035943 14.167834 137.0
68 11790.0 -0.17644 0.499158 0.0 0.540943 -1.011873 -10.76971 -0.350521 0.035943 14.167834 137.0
69 11790.0 -0.173339 0.513494 0.0 0.528279 -1.011873 -10.76971 -0.350521 0.035943 14.167834 137.0
70 11790.0 -0.153224 0.507151 0.0 0.552376 -1.011873 -10.76971 -0.350521 0.035943 14.167834 137.0
71 11790.0 -0.188657 0.520364 0.0 0.50716 -1.011873 -10.76971 -0.350521 0.035943 14.167834 137.0
72 11790.0 -0.188494 0.533559 0.0 0.491476 -1.011873 -10.76971 -0.350521 0.035943 14.167834 137.0
73 11790.0 -0.16923 0.536776 0.0 0.506871 -1.011873 -10.76971 -0.350521 0.035943 14.167834 137.0
74 11790.0 -0.168816 0.535554 0.0 0.508577 -1.011873 -10.76971 -0.350521 0.035943 14.167834 137.0
75 11790.0 -0.179802 0.535548 0.0 0.497776 -1.011873 -10.76971 -0.350521 0.035943 14.167834 137.0
76 11790.0 -0.180572 0.526497 0.0 0.507877 -1.011873 -10.76971 -0.350521 0.035943 14.167834 137.0
77 11790.0 -0.200922 0.504342 0.0 0.51414 -1.011873 -10.76971 -0.350521 0.035943 14.167834 137.0
78 11790.0 -0.169819 0.476421 0.0 0.57096 -1.011873 -10.76971 -0.350521 0.035943 14.167834 137.0
79 11790.0 -0.173546 0.480327 0.0 0.563575 -1.011873 -10.76971 -0.350521 0.035943 14.167834 137.0
80 11790.0 -0.204121 0.467349 0.0 0.551141 -1.011873 -10.76971 -0.350521 0.035943 14.167834 137.0
81 11790.0 -0.216449 0.475355 0.0 0.531967 -1.011873 -10.76971 -0.350521 0.035943 14.167834 137.0
82 11790.0 -0.193147 0.511583 0.0 0.513217 -1.011873 -10.76971 -0.350521 0.035943 14.167834 137.0
83 11790.0 -0.182001 0.503972 0.0 0.531008 -1.011873 -10.76971 -0.350521 0.035943 14.167834 137.0
84 11790.0 -0.209631 0.511566 0.0 0.496758 -1.011873 -10.76971 -0.350521 0.035943 14.167834 137.0
85 11790.0 -0.197763 0.501224 0.0 0.520381 -1.011873 -10.76971 -0.350521 0.035943 14.167834 137.0
86 11790.0 -0.194102 0.502058 0.0 0.52264 -1.011873 -10.76971 -0.350521 0.035943 14.167834 137.0
87 11790.0 -0.172398 0.511536 0.0 0.531183 -1.011873 -10.76971 -0.350521 0.035943 14.167834 137.0
88 11790.0 -0.158216 0.507916 0.0 0.547261 -1.011873 -10.76971 -0.350521 0.035943 14.167834 137.0
89 11790.0 -0.162404 0.510597 0.0 0.540789 -1.011873 -10.76971 -0.350521 0.035943 14.167834 137.0
90 11790.0 -0.159047 0.504606 0.0 0.550086 -1.011873 -10.76971 -0.350521 0.035943 14.167834 137.0
91 11790.0 -0.158565 0.482456 0.0 0.574192 -1.011873 -10.76971 -0.350521 0.035943 14.167834 137.0
92 11790.0 -0.182758 0.457499 0.0 0.580063 -1.011873 -10.76971 -0.350521 0.035943 14.167834 137.0
93 11790.0 -0.212866 0.443759 0.0 0.568845 -1.011873 -10.76971 -0.350521 0.035943 14.167834 137.0
94 11790.0 -0.201458 0.436209 0.0 0.586741 -1.011873 -10.76971 -0.350521 0.035943 14.167834 137.0
95 11790.0 -0.202916 0.436626 0.0 0.585039 -1.011873 -10.76971 -0.350521 0.035943 14.167834 137.0
96 11790.0 -0.203498 0.455575 0.0 0.564271 -1.011873 -10.76971 -0.350521 0.035943 14.167834 137.0
97 11790.0 -0.213546 0.470974 0.0 0.539152 -1.011873 -10.76971 -0.350521 0.035943 14.167834 137.0
98 11790.0 -0.203653 0.469296 0.0 0.549462 -1.011873 -10.76971 -0.350521 0.035943 14.167834 137.0
99 11790.0 -0.213565 0.461162 0.0 0.54963 -1.011873 -10.76971 -0.350521 0.035943 14.167834 137.0
100 11790.0 -0.237783 0.478951 0.0 0.507783 -1.011873 -10.76971 -0.350521 0.035943 14.167834 137.0
101 11790.0 -0.237222 0.484934 0.0 0.501159 -1.011873 -10.76971 -0.350521 0.035943 14.167834 137.0
102 11790.0 -0.225197 0.498875 0.0 0.496438 -1.011873 -10.76971 -0.350521 0.035943 14.167834 137.0
103 11790.0 -0.185297 0.503152 0.0 0.529048 -1.011873 -10.76971 -0.350521 0.035943 14.167834 137.0
104 11790.0 -0.180843 0.526039 0.0 0.508156 -1.011873 -10.76971 -0.350521 0.035943 14.167834 137.0
105 11790.0 -0.213012 0.53226 0.0 0.468526 -1.011873 -10.76971 -0.350521 0.035943 14.167834 137.0
106 11790.0 -0.217389 0.556898 0.0 0.43456 -1.011873 -10.76971 -0.350521 0.035943 14.167834 137.0
107 11790.0 -0.204153 0.577175 0.0 0.42344 -1.011873 -10.76971 -0.350521 0.035943 14.167834 137.0
108 11790.0 -0.197545 0.580181 0.0 0.426436 -1.011873 -10.76971 -0.350521 0.035943 14.167834 137.0
109 11790.0 -0.197583 0.57576 0.0 0.431708 -1.011873 -10.76971 -0.350521 0.035943 14.167834 137.0
110 11790.0 -0.203066 0.56346 0.0 0.440999 -1.011873 -10.76971 -0.350521 0.035943 14.167834 137.0
111 11790.0 -0.180504 0.558644 0.0 0.469338 -1.011873 -10.76971 -0.350521 0.035943 14.167834 137.0
112 11790.0 -0.188853 0.574261 0.0 0.442236 -1.011873 -10.76971 -0.350521 0.035943 14.167834 137.0
113 11790.0 -0.180099 0.576554 0.0 0.448233 -1.011873 -10.76971 -0.350521 0.035943 14.167834 137.0
114 11790.0 -0.169299 0.558314 0.0 0.480936 -1.011873 -10.76971 -0.350521 0.035943 14.167834 137.0
115 11790.0 -0.176779 0.542523 0.0 0.492423 -1.011873 -10.76971 -0.350521 0.035943 14.167834 137.0
116 11790.0 -0.195483 0.548636 0.0 0.466382 -1.011873 -10.76971 -0.350521 0.035943 14.167834 137.0
117 11790.0 -0.211043 0.556851 0.0 0.440961 -1.011873 -10.76971 -0.350521 0.035943 14.167834 137.0
118 11790.0 -0.211709 0.569305 0.0 0.425338 -1.011873 -10.76971 -0.350521 0.035943 14.167834 137.0
119 11790.0 -0.192436 0.556321 0.0 0.460199 -1.011873 -10.76971 -0.350521 0.035943 14.167834 137.0
120 11790.0 -0.198036 0.571184 0.0 0.43675 -1.011873 -10.76971 -0.350521 0.035943 14.167834 137.0
121 11790.0 -0.188633 0.566626 0.0 0.451624 -1.011873 -10.76971 -0.350521 0.035943 14.167834 137.0
122 11790.0 -0.200028 0.553024 0.0 0.456568 -1.011873 -10.76971 -0.350521 0.035943 14.167834 137.0
123 11790.0 -0.213036 0.532904 0.0 0.467728 -1.011873 -10.76971 -0.350521 0.035943 14.167834 137.0
124 11790.0 -0.215658 0.500705 0.0 0.503776 -1.011873 -10.76971 -0.350521 0.035943 14.167834 137.0
125 11790.0 -0.215163 0.513388 0.0 0.489039 -1.011873 -10.76971 -0.350521 0.035943 14.167834 137.0
126 11790.0 -0.208603 0.506932 0.0 0.503351 -1.011873 -10.76971 -0.350521 0.035943 14.167834 137.0
127 11790.0 -0.233707 0.506309 0.0 0.479003 -1.011873 -10.76971 -0.350521 0.035943 14.167834 137.0
128 11790.0 -0.245044 0.501471 0.0 0.473479 -1.011873 -10.76971 -0.350521 0.035943 14.167834 137.0
129 11790.0 -0.227002 0.523509 0.0 0.465048 -1.011873 -10.76971 -0.350521 0.035943 14.167834 137.0
130 11790.0 -0.209628 0.497033 0.0 0.514214 -1.011873 -10.76971 -0.350521 0.035943 14.167834 137.0
131 11790.0 -0.23323 0.521681 0.0 0.461017 -1.011873 -10.76971 -0.350521 0.035943 14.167834 137.0
132 11790.0 -0.247372 0.525768 0.0 0.441972 -1.011873 -10.76971 -0.350521 0.035943 14.167834 137.0
133 11790.0 -0.252396 0.527093 0.0 0.435357 -1.011873 -10.76971 -0.350521 0.035943 14.167834 137.0
134 11790.0 -0.271738 0.515392 0.0 0.430073 -1.011873 -10.76971 -0.350521 0.035943 14.167834 137.0
135 11790.0 -0.235576 0.506698 0.0 0.476666 -1.011873 -10.76971 -0.350521 0.035943 14.167834 137.0
136 11790.0 -0.235871 0.510049 0.0 0.472348 -1.011873 -10.76971 -0.350521 0.035943 14.167834 137.0
137 11790.0 -0.258653 0.504422 0.0 0.456329 -1.011873 -10.76971 -0.350521 0.035943 14.167834 137.0
138 11790.0 -0.256317 0.497594 0.0 0.466864 -1.011873 -10.76971 -0.350521 0.035943 14.167834 137.0
139 11790.0 -0.2594 0.470011 0.0 0.496909 -1.011873 -10.76971 -0.350521 0.035943 14.167834 137.0
140 11790.0 -0.258265 0.462428 0.0 0.507151 -1.011873 -10.76971 -0.350521 0.035943 14.167834 137.0
141 11790.0 -0.253692 0.492454 0.0 0.475663 -1.011873 -10.76971 -0.350521 0.035943 14.167834 137.0
142 11790.0 -0.236188 0.479918 0.0 0.508217 -1.011873 -10.76971 -0.350521 0.035943 14.167834 137.0
143 11790.0 -0.238892 0.493135 0.0 0.48964 -1.011873 -10.76971 -0.350521 0.035943 14.167834 137.0
144 11790.0 -0.229648 0.502522 0.0 0.487608 -1.011873 -10.76971 -0.350521 0.035943 14.167834 137.0
145 11790.0 -0.227266 0.525959 0.0 0.461842 -1.011873 -10.76971 -0.350521 0.035943 14.167834 137.0
146 11790.0 -0.227452 0.527358 0.0 0.459976 -1.011873 -10.76971 -0.350521 0.035943 14.167834 137.0
147 11790.0 -0.262698 0.538931 0.0 0.410842 -1.011873 -10.76971 -0.350521 0.035943 14.167834 137.0
148 11790.0 -0.27834 0.544725 0.0 0.388246 -1.011873 -10.76971 -0.350521 0.035943 14.167834 137.0
149 11790.0 -0.285643 0.548859 0.0 0.375979 -1.011873 -10.76971 -0.350521 0.035943 14.167834 137.0
150 11790.0 -0.283948 0.517548 0.0 0.415278 -1.011873 -10.76971 -0.350521 0.035943 14.167834 137.0
151 11790.0 -0.295052 0.542144 0.0 0.374638 -1.011873 -10.76971 -0.350521 0.035943 14.167834 137.0
152 11790.0 -0.318098 0.522239 0.0 0.375503 -1.011873 -10.76971 -0.350521 0.035943 14.167834 137.0
153 11790.0 -0.346675 0.48472 0.0 0.391994 -1.011873 -10.76971 -0.350521 0.035943 14.167834 137.0
154 11790.0 -0.36075 0.500066 0.0 0.359492 -1.011873 -10.76971 -0.350521 0.035943 14.167834 137.0
155 11790.0 -0.36233 0.512759 0.0 0.342669 -1.011873 -10.76971 -0.350521 0.035943 14.167834 137.0
156 11790.0 -0.358483 0.508212 0.0 0.351977 -1.011873 -10.76971 -0.350521 0.035943 14.167834 137.0
157 11790.0 -0.335273 0.509101 0.0 0.374111 -1.011873 -10.76971 -0.350521 0.035943 14.167834 137.0
158 11790.0 -0.339685 0.484862 0.0 0.398812 -1.011873 -10.76971 -0.350521 0.035943 14.167834 137.0
159 11790.0 -0.357722 0.498673 0.0 0.364193 -1.011873 -10.76971 -0.350521 0.035943 14.167834 137.0
160 11790.0 -0.392713 0.482462 0.0 0.348681 -1.011873 -10.76971 -0.350521 0.035943 14.167834 137.0
161 11790.0 -0.396314 0.491509 0.0 0.334216 -1.011873 -10.76971 -0.350521 0.035943 14.167834 137.0
162 11790.0 -0.408192 0.474907 0.0 0.342279 -1.011873 -10.76971 -0.350521 0.035943 14.167834 137.0
163 11790.0 -0.388134 0.482812 0.0 0.352838 -1.011873 -10.76971 -0.350521 0.035943 14.167834 137.0
164 11790.0 -0.39557 0.482851 0.0 0.345357 -1.011873 -10.76971 -0.350521 0.035943 14.167834 137.0
165 11790.0 -0.387451 0.483938 0.0 0.352168 -1.011873 -10.76971 -0.350521 0.035943 14.167834 137.0
166 11790.0 -0.414366 0.49826 0.0 0.308061 -1.011873 -10.76971 -0.350521 0.035943 14.167834 137.0
167 11790.0 -0.413277 0.498053 0.0 0.309399 -1.011873 -10.76971 -0.350521 0.035943 14.167834 137.0
168 11790.0 -0.4331 0.507639 0.0 0.278069 -1.011873 -10.76971 -0.350521 0.035943 14.167834 137.0
169 11790.0 -0.419767 0.535424 0.0 0.258029 -1.011873 -10.76971 -0.350521 0.035943 14.167834 137.0
170 11790.0 -0.4115 0.514515 0.0 0.291405 -1.011873 -10.76971 -0.350521 0.035943 14.167834 137.0
171 11790.0 -0.413258 0.544312 0.0 0.253861 -1.011873 -10.76971 -0.350521 0.035943 14.167834 137.0
172 11790.0 -0.435419 0.56768 0.0 0.203643 -1.011873 -10.76971 -0.350521 0.035943 14.167834 137.0
173 11790.0 -0.457101 0.54467 0.0 0.209601 -1.011873 -10.76971 -0.350521 0.035943 14.167834 137.0
174 11790.0 -0.491889 0.517147 0.0 0.207877 -1.011873 -10.76971 -0.350521 0.035943 14.167834 137.0
175 11790.0 -0.477214 0.515267 0.0 0.224806 -1.011873 -10.76971 -0.350521 0.035943 14.167834 137.0
176 11790.0 -0.473807 0.494094 0.0 0.253639 -1.011873 -10.76971 -0.350521 0.035943 14.167834 137.0
177 11790.0 -0.460488 0.500552 0.0 0.2592 -1.011873 -10.76971 -0.350521 0.035943 14.167834 137.0
178 11790.0 -0.480947 0.52353 0.0 0.211149 -1.011873 -10.76971 -0.350521 0.035943 14.167834 137.0
179 11790.0 -0.480919 0.515224 0.0 0.221154 -1.011873 -10.76971 -0.350521 0.035943 14.167834 137.0
180 11790.0 -0.467851 0.538772 0.0 0.205938 -1.011873 -10.76971 -0.350521 0.035943 14.167834 137.0
181 11790.0 -0.488329 0.534838 0.0 0.190189 -1.011873 -10.76971 -0.350521 0.035943 14.167834 137.0
182 11790.0 -0.489118 0.568529 0.0 0.148939 -1.011873 -10.76971 -0.350521 0.035943 14.167834 137.0
183 11790.0 -0.491525 0.565335 0.0 0.150369 -1.011873 -10.76971 -0.350521 0.035943 14.167834 137.0
184 11790.0 -0.509877 0.569264 0.0 0.127303 -1.011873 -10.76971 -0.350521 0.035943 14.167834 137.0
185 11790.0 -0.493927 0.563267 0.0 0.150451 -1.011873 -10.76971 -0.350521 0.035943 14.167834 137.0
186 11790.0 -0.51207 0.536747 0.0 0.164163 -1.011873 -10.76971 -0.350521 0.035943 14.167834 137.0
187 11790.0 -0.518758 0.541898 0.0 0.15129 -1.011873 -10.76971 -0.350521 0.035943 14.167834 137.0
188 11790.0 -0.519726 0.534312 0.0 0.159433 -1.011873 -10.76971 -0.350521 0.035943 14.167834 137.0
189 11790.0 -0.525317 0.523628 0.0 0.166676 -1.011873 -10.76971 -0.350521 0.035943 14.167834 137.0
190 11790.0 -0.515035 0.509084 0.0 0.19442 -1.011873 -10.76971 -0.350521 0.035943 14.167834 137.0
191 11790.0 -0.516303 0.518793 0.0 0.181493 -1.011873 -10.76971 -0.350521 0.035943 14.167834 137.0
192 11790.0 -0.545959 0.549451 0.0 0.115027 -1.011873 -10.76971 -0.350521 0.035943 14.167834 137.0
193 11790.0 -0.546876 0.540277 0.0 0.125128 -1.011873 -10.76971 -0.350521 0.035943 14.167834 137.0
194 11790.0 -0.529461 0.528938 0.0 0.156155 -1.011873 -10.76971 -0.350521 0.035943 14.167834 137.0
195 11790.0 -0.531322 0.533271 0.0 0.149091 -1.011873 -10.76971 -0.350521 0.035943 14.167834 137.0
196 11790.0 -0.546802 0.500122 0.0 0.173426 -1.011873 -10.76971 -0.350521 0.035943 14.167834 137.0
197 11790.0 -0.572701 0.49214 0.0 0.15712 -1.011873 -10.76971 -0.350521 0.035943 14.167834 137.0
198 11790.0 -0.600762 0.523028 0.0 0.091972 -1.011873 -10.76971 -0.350521 0.035943 14.167834 137.0
199 11790.0 -0.607631 0.49671 0.0 0.116712 -1.011873 -10.76971 -0.350521 0.035943 14.167834 137.0
200 11790.0 -0.606029 0.524177 0.0 0.085327 -1.011873 -10.76971 -0.350521 0.035943 14.167834 137.0
201 11790.0 -0.621514 0.549952 0.0 0.038891 -1.011873 -10.76971 -0.350521 0.035943 14.167834 137.0
202 11790.0 -0.636171 0.555538 0.0 0.017529 -1.011873 -10.76971 -0.350521 0.035943 14.167834 137.0
203 11790.0 -0.629447 0.553943 0.0 0.026168 -1.011873 -10.76971 -0.350521 0.035943 14.167834 137.0
204 11790.0 -0.630054 0.560285 0.0 0.017944 -1.011873 -10.76971 -0.350521 0.035943 14.167834 137.0
205 11790.0 -0.639784 0.563411 0.0 0.004463 -1.011873 -10.76971 -0.350521 0.035943 14.167834 137.0
206 11790.0 -0.646441 0.565353 0.0 -0.004524 -1.011873 -10.76971 -0.350521 0.035943 14.167834 137.0
207 11790.0 -0.673976 0.559032 0.0 -0.024461 -1.011873 -10.76971 -0.350521 0.035943 14.167834 137.0
208 11790.0 -0.682215 0.578706 0.0 -0.056325 -1.011873 -10.76971 -0.350521 0.035943 14.167834 137.0
209 11790.0 -0.691966 0.604997 0.0 -0.097649 -1.011873 -10.76971 -0.350521 0.035943 14.167834 137.0
210 11790.0 -0.708205 0.610616 0.0 -0.12063 -1.011873 -10.76971 -0.350521 0.035943 14.167834 137.0
211 11790.0 -0.710431 0.622978 0.0 -0.137703 -1.011873 -10.76971 -0.350521 0.035943 14.167834 137.0
212 11790.0 -0.705536 0.604003 0.0 -0.11002 -1.011873 -10.76971 -0.350521 0.035943 14.167834 137.0
213 11790.0 -0.700329 0.591338 0.0 -0.089604 -1.011873 -10.76971 -0.350521 0.035943 14.167834 137.0
214 11790.0 -0.723783 0.587259 0.0 -0.108153 -1.011873 -10.76971 -0.350521 0.035943 14.167834 137.0
215 11790.0 -0.749988 0.598294 0.0 -0.147604 -1.011873 -10.76971 -0.350521 0.035943 14.167834 137.0
216 11790.0 -0.762464 0.573888 0.0 -0.130765 -1.011873 -10.76971 -0.350521 0.035943 14.167834 137.0
217 11790.0 -0.769432 0.581932 0.0 -0.147392 -1.011873 -10.76971 -0.350521 0.035943 14.167834 137.0
218 11790.0 -0.7438 0.595015 0.0 -0.137479 -1.011873 -10.76971 -0.350521 0.035943 14.167834 137.0
219 11790.0 -0.761837 0.607672 0.0 -0.170712 -1.011873 -10.76971 -0.350521 0.035943 14.167834 137.0
220 11790.0 -0.76867 0.609792 0.0 -0.180185 -1.011873 -10.76971 -0.350521 0.035943 14.167834 137.0
221 11790.0 -0.752152 0.598796 0.0 -0.15037 -1.011873 -10.76971 -0.350521 0.035943 14.167834 137.0
222 11790.0 -0.756908 0.614823 0.0 -0.174561 -1.011873 -10.76971 -0.350521 0.035943 14.167834 137.0
223 11790.0 -0.758231 0.626178 0.0 -0.190163 -1.011873 -10.76971 -0.350521 0.035943 14.167834 137.0
224 11790.0 -0.763179 0.624945 0.0 -0.19364 -1.011873 -10.76971 -0.350521 0.035943 14.167834 137.0
225 11790.0 -0.7731 0.629541 0.0 -0.20792 -1.011873 -10.76971 -0.350521 0.035943 14.167834 137.0
226 11790.0 -0.789232 0.641019 0.0 -0.234399 -1.011873 -10.76971 -0.350521 0.035943 14.167834 137.0
227 11790.0 -0.753261 0.650063 0.0 -0.21228 -1.011873 -10.76971 -0.350521 0.035943 14.167834 137.0
228 11790.0 -0.747574 0.6568 0.0 -0.21444 -1.011873 -10.76971 -0.350521 0.035943 14.167834 137.0
229 11790.0 -0.742384 0.647103 0.0 -0.19952 -1.011873 -10.76971 -0.350521 0.035943 14.167834 137.0
230 11790.0 -0.732702 0.660585 0.0 -0.205344 -1.011873 -10.76971 -0.350521 0.035943 14.167834 137.0
231 11790.0 -0.740588 0.63861 0.0 -0.187862 -1.011873 -10.76971 -0.350521 0.035943 14.167834 137.0
232 11790.0 -0.74064 0.616156 0.0 -0.159718 -1.011873 -10.76971 -0.350521 0.035943 14.167834 137.0
233 11790.0 -0.751982 0.617894 0.0 -0.173416 -1.011873 -10.76971 -0.350521 0.035943 14.167834 137.0
234 11790.0 -0.792922 0.614577 0.0 -0.209468 -1.011873 -10.76971 -0.350521 0.035943 14.167834 137.0
235 11790.0 -0.799021 0.595112 0.0 -0.192801 -1.011873 -10.76971 -0.350521 0.035943 14.167834 137.0
236 11790.0 -0.816862 0.57932 0.0 -0.191671 -1.011873 -10.76971 -0.350521 0.035943 14.167834 137.0
237 11790.0 -0.813335 0.627524 0.0 -0.241294 -1.011873 -10.76971 -0.350521 0.035943 14.167834 137.0
238 11790.0 -0.803813 0.604153 0.0 -0.207973 -1.011873 -10.76971 -0.350521 0.035943 14.167834 137.0
239 11790.0 -0.80167 0.598421 0.0 -0.199423 -1.011873 -10.76971 -0.350521 0.035943 14.167834 137.0
240 11790.0 -0.808485 0.592048 0.0 -0.198583 -1.011873 -10.76971 -0.350521 0.035943 14.167834 137.0
241 11790.0 -0.789261 0.624844 0.0 -0.217181 -1.011873 -10.76971 -0.350521 0.035943 14.167834 137.0
242 11790.0 -0.785835 0.613968 0.0 -0.202561 -1.011873 -10.76971 -0.350521 0.035943 14.167834 137.0
243 11790.0 -0.803739 0.62697 0.0 -0.232232 -1.011873 -10.76971 -0.350521 0.035943 14.167834 137.0
244 11790.0 -0.796682 0.650156 0.0 -0.250718 -1.011873 -10.76971 -0.350521 0.035943 14.167834 137.0
245 11790.0 -0.792629 0.633865 0.0 -0.229772 -1.011873 -10.76971 -0.350521 0.035943 14.167834 137.0
246 11790.0 -0.790735 0.659193 0.0 -0.2551 -1.011873 -10.76971 -0.350521 0.035943 14.167834 137.0
247 11790.0 -0.772007 0.643558 0.0 -0.221897 -1.011873 -10.76971 -0.350521 0.035943 14.167834 137.0
248 11790.0 -0.785169 0.621746 0.0 -0.210266 -1.011873 -10.76971 -0.350521 0.035943 14.167834 137.0
249 11790.0 -0.789223 0.617255 0.0 -0.209058 -1.011873 -10.76971 -0.350521 0.035943 14.167834 137.0
250 11790.0 -0.779025 0.620517 0.0 -0.20353 -1.011873 -10.76971 -0.350521 0.035943 14.167834 137.0
251 11790.0 -0.803972 0.619291 0.0 -0.224251 -1.011873 -10.76971 -0.350521 0.035943 14.167834 137.0
252 11790.0 -0.775244 0.603986 0.0 -0.179689 -1.011873 -10.76971 -0.350521 0.035943 14.167834 137.0
253 11790.0 -0.751315 0.603108 0.0 -0.154712 -1.011873 -10.76971 -0.350521 0.035943 14.167834 137.0
254 11790.0 -0.783431 0.629409 0.0 -0.2169 -1.011873 -10.76971 -0.350521 0.035943 14.167834 137.0
255 11790.0 -0.790583 0.617817 0.0 -0.210857 -1.011873 -10.76971 -0.350521 0.035943 14.167834 137.0
256 11790.0 -0.792473 0.602166 0.0 -0.194777 -1.011873 -10.76971 -0.350521 0.035943 14.167834 137.0
257 11790.0 -0.790332 0.595806 0.0 -0.184948 -1.011873 -10.76971 -0.350521 0.035943 14.167834 137.0
258 11790.0 -0.782494 0.615909 0.0 -0.201681 -1.011873 -10.76971 -0.350521 0.035943 14.167834 137.0
259 11790.0 -0.774621 0.632677 0.0 -0.212605 -1.011873 -10.76971 -0.350521 0.035943 14.167834 137.0
260 11790.0 -0.792161 0.643255 0.0 -0.239369 -1.011873 -10.76971 -0.350521 0.035943 14.167834 137.0
261 11790.0 -0.816685 0.636896 0.0 -0.254244 -1.011873 -10.76971 -0.350521 0.035943 14.167834 137.0
262 11790.0 -0.791668 0.626946 0.0 -0.221547 -1.011873 -10.76971 -0.350521 0.035943 14.167834 137.0
263 11790.0 -0.784355 0.645958 0.0 -0.235358 -1.011873 -10.76971 -0.350521 0.035943 14.167834 137.0
264 11790.0 -0.799087 0.654048 0.0 -0.25699 -1.011873 -10.76971 -0.350521 0.035943 14.167834 137.0
265 11790.0 -0.797636 0.659915 0.0 -0.261963 -1.011873 -10.76971 -0.350521 0.035943 14.167834 137.0
266 11790.0 -0.802001 0.665331 0.0 -0.271591 -1.011873 -10.76971 -0.350521 0.035943 14.167834 137.0
267 11790.0 -0.797786 0.671323 0.0 -0.274257 -1.011873 -10.76971 -0.350521 0.035943 14.167834 137.0
268 11790.0 -0.815797 0.655464 0.0 -0.273254 -1.011873 -10.76971 -0.350521 0.035943 14.167834 137.0
269 11790.0 -0.805732 0.664991 0.0 -0.274524 -1.011873 -10.76971 -0.350521 0.035943 14.167834 137.0
270 11790.0 -0.796371 0.677057 0.0 -0.279121 -1.011873 -10.76971 -0.350521 0.035943 14.167834 137.0
271 11790.0 -0.793641 0.66669 0.0 -0.265658 -1.011873 -10.76971 -0.350521 0.035943 14.167834 137.0
272 11790.0 -0.803717 0.644355 0.0 -0.250746 -1.011873 -10.76971 -0.350521 0.035943 14.167834 137.0
273 11790.0 -0.814807 0.652752 0.0 -0.269488 -1.011873 -10.76971 -0.350521 0.035943 14.167834 137.0
274 11790.0 -0.815301 0.643184 0.0 -0.259726 -1.011873 -10.76971 -0.350521 0.035943 14.167834 137.0
275 11790.0 -0.787482 0.63213 0.0 -0.223378 -1.011873 -10.76971 -0.350521 0.035943 14.167834 137.0
276 11790.0 -0.790279 0.644904 0.0 -0.239466 -1.011873 -10.76971 -0.350521 0.035943 14.167834 137.0
277 11790.0 -0.802977 0.656573 0.0 -0.263117 -1.011873 -10.76971 -0.350521 0.035943 14.167834 137.0
278 11790.0 -0.788934 0.662205 0.0 -0.256721 -1.011873 -10.76971 -0.350521 0.035943 14.167834 137.0
279 11790.0 -0.808783 0.640962 0.0 -0.251601 -1.011873 -10.76971 -0.350521 0.035943 14.167834 137.0
280 11790.0 -0.814964 0.618162 0.0 -0.232753 -1.011873 -10.76971 -0.350521 0.035943 14.167834 137.0
281 11790.0 -0.822035 0.628242 0.0 -0.249742 -1.011873 -10.76971 -0.350521 0.035943 14.167834 137.0
282 11790.0 -0.819502 0.631558 0.0 -0.251041 -1.011873 -10.76971 -0.350521 0.035943 14.167834 137.0
283 11790.0 -0.807264 0.62614 0.0 -0.234459 -1.011873 -10.76971 -0.350521 0.035943 14.167834 137.0
284 11790.0 -0.808669 0.631451 0.0 -0.241361 -1.011873 -10.76971 -0.350521 0.035943 14.167834 137.0
285 11790.0 -0.818949 0.645889 0.0 -0.26583 -1.011873 -10.76971 -0.350521 0.035943 14.167834 137.0
286 11790.0 -0.827661 0.657693 0.0 -0.286106 -1.011873 -10.76971 -0.350521 0.035943 14.167834 137.0
287 11790.0 -0.804368 0.660834 0.0 -0.268887 -1.011873 -10.76971 -0.350521 0.035943 14.167834 137.0
