 time p.x p.y p.z deep.node-0 CV opes.bias opes.rct opes.zed opes.neff opes.nker
0 14405.0 0.306416 0.450206 0.0 0.938238 -1.892256 -10.657601 -0.370577 0.039081 14.167834 126.0
1 14405.0 0.319616 0.469188 0.0 0.928318 -1.892256 -10.657601 -0.370577 0.039081 14.167834 126.0
2 14405.0 0.349037 0.480165 0.0 0.938305 -1.892256 -10.657601 -0.370577 0.039081 14.167834 126.0
3 14405.0 0.34878 0.491386 0.0 0.927147 -1.892256 -10.657601 -0.370577 0.039081 14.167834 126.0
4 14405.0 0.353204 0.487233 0.0 0.934326 -1.892256 -10.657601 -0.370577 0.039081 14.167834 126.0
5 14405.0 0.34017 0.498207 0.0 0.914409 -1.892256 -10.657601 -0.370577 0.039081 14.167834 126.0
6 14405.0 0.323395 0.506195 0.0 0.894777 -1.892256 -10.657601 -0.370577 0.039081 14.167834 126.0
7 14405.0 0.343496 0.513567 0.0 0.901726 -1.892256 -10.657601 -0.370577 0.039081 14.167834 126.0
8 14405.0 0.33584 0.519486 0.0 0.890542 -1.892256 -10.657601 -0.370577 0.039081 14.167834 126.0
9 14405.0 0.33647 0.504495 0.0 0.905651 -1.892256 -10.657601 -0.370577 0.039081 14.167834 126.0
10 14405.0 0.346037 0.494628 0.0 0.922043 -1.892256 -10.657601 -0.370577 0.039081 14.167834 126.0
11 14405.0 0.34116 0.498095 0.0 0.915216 -1.892256 -10.657601 -0.370577 0.039081 14.167834 126.0
12 14405.0 0.341317 0.498661 0.0 0.914772 -1.892256 -10.657601 -0.370577 0.039081 14.167834 126.0
13 14405.0 0.350836 0.509295 0.0 0.911076 -1.892256 -10.657601 -0.370577 0.039081 14.167834 126.0
14 14405.0 0.363778 0.526725 0.0 0.903435 -1.892256 -10.657601 -0.370577 0.039081 14.167834 126.0
15 14405.0 0.321484 0.557633 0.0 0.84311 -1.892256 -10.657601 -0.370577 0.039081 14.167834 126.0
16 14405.0 0.296563 0.544739 0.0 0.838169 -1.892256 -10.657601 -0.370577 0.039081 14.167834 126.0
17 14405.0 0.30971 0.529149 0.0 0.862681 -1.892256 -10.657601 -0.370577 0.039081 14.167834 126.0
18 14405.0 0.305112 0.514784 0.0 0.873495 -1.892256 -10.657601 -0.370577 0.039081 14.167834 126.0
19 14405.0 0.289782 0.537974 0.0 0.840009 -1.892256 -10.657601 -0.370577 0.039081 14.167834 126.0
20 14405.0 0.29571 0.53029 0.0 0.851703 -1.892256 -10.657601 -0.370577 0.039081 14.167834 126.0
21 14405.0 0.291925 0.538711 0.0 0.840798 -1.892256 -10.657601 -0.370577 0.039081 14.167834 126.0
22 14405.0 0.268549 0.549151 0.0 0.814117 -1.892256 -10.657601 -0.370577 0.039081 14.167834 126.0
23 14405.0 0.262324 0.535579 0.0 0.823008 -1.892256 -10.657601 -0.370577 0.039081 14.167834 126.0
24 14405.0 0.239254 0.532412 0.0 0.810182 -1.892256 -10.657601 -0.370577 0.039081 14.167834 126.0
25 14405.0 0.240648 0.540373 0.0 0.803048 -1.892256 -10.657601 -0.370577 0.039081 14.167834 126.0
26 14405.0 0.238205 0.539017 0.0 0.802794 -1.892256 -10.657601 -0.370577 0.039081 14.167834 126.0
27 14405.0 0.26214 0.503981 0.0 0.854243 -1.892256 -10.657601 -0.370577 0.039081 14.167834 126.0
28 14405.0 0.255001 0.48042 0.0 0.873346 -1.892256 -10.657601 -0.370577 0.039081 14.167834 126.0
29 14405.0 0.288158 0.480171 0.0 0.89571 -1.892256 -10.657601 -0.370577 0.039081 14.167834 126.0
30 14405.0 0.269038 0.464223 0.0 0.899113 -1.892256 -10.657601 -0.370577 0.039081 14.167834 126.0
31 14405.0 0.264219 0.479973 0.0 0.879947 -1.892256 -10.657601 -0.370577 0.039081 14.167834 126.0
32 14405.0 0.255129 0.51028 0.0 0.843187 -1.892256 -10.657601 -0.370577 0.039081 14.167834 126.0
33 14405.0 0.248333 0.521995 0.0 0.826789 -1.892256 -10.657601 -0.370577 0.039081 14.167834 126.0
34 14405.0 0.230131 0.514131 0.0 0.822615 -1.892256 -10.657601 -0.370577 0.039081 14.167834 126.0
35 14405.0 0.219172 0.527155 0.0 0.802114 -1.892256 -10.657601 -0.370577 0.039081 14.167834 126.0
36 14405.0 0.24801 0.536097 0.0 0.812418 -1.892256 -10.657601 -0.370577 0.039081 14.167834 126.0
37 14405.0 0.246979 0.520918 0.0 0.826976 -1.892256 -10.657601 -0.370577 0.039081 14.167834 126.0
38 14405.0 0.233152 0.513006 0.0 0.825769 -1.892256 -10.657601 -0.370577 0.039081 14.167834 126.0
39 14405.0 0.25343 0.52397 0.0 0.828188 -1.892256 -10.657601 -0.370577 0.039081 14.167834 126.0
40 14405.0 0.244061 0.526278 0.0 0.819602 -1.892256 -10.657601 -0.370577 0.039081 14.167834 126.0
41 14405.0 0.231555 0.514962 0.0 0.822723 -1.892256 -10.657601 -0.370577 0.039081 14.167834 126.0
42 14405.0 0.223372 0.526028 0.0 0.806057 -1.892256 -10.657601 -0.370577 0.039081 14.167834 126.0
43 14405.0 0.218441 0.528862 0.0 0.799898 -1.892256 -10.657601 -0.370577 0.039081 14.167834 126.0
44 14405.0 0.234483 0.504424 0.0 0.83535 -1.892256 -10.657601 -0.370577 0.039081 14.167834 126.0
45 14405.0 0.243459 0.510313 0.0 0.835371 -1.892256 -10.657601 -0.370577 0.039081 14.167834 126.0
46 14405.0 0.242796 0.49311 0.0 0.852353 -1.892256 -10.657601 -0.370577 0.039081 14.167834 126.0
47 14405.0 0.250564 0.506547 0.0 0.843924 -1.892256 -10.657601 -0.370577 0.039081 14.167834 126.0
48 14405.0 0.249015 0.510231 0.0 0.839159 -1.892256 -10.657601 -0.370577 0.039081 14.167834 126.0
49 14405.0 0.243714 0.51283 0.0 0.832992 -1.892256 -10.657601 -0.370577 0.039081 14.167834 126.0
50 14405.0 0.237803 0.525433 0.0 0.816284 -1.892256 -10.657601 -0.370577 0.039081 14.167834 126.0
51 14405.0 0.235879 0.564635 0.0 0.775954 -1.892256 -10.657601 -0.370577 0.039081 14.167834 126.0
52 14405.0 0.229017 0.554038 0.0 0.781487 -1.892256 -10.657601 -0.370577 0.039081 14.167834 126.0
53 14405.0 0.207425 0.5467 0.0 0.774485 -1.892256 -10.657601 -0.370577 0.039081 14.167834 126.0
54 14405.0 0.189249 0.520553 0.0 0.788846 -1.892256 -10.657601 -0.370577 0.039081 14.167834 126.0
55 14405.0 0.18097 0.534562 0.0 0.769135 -1.892256 -10.657601 -0.370577 0.039081 14.167834 126.0
56 14405.0 0.182376 0.504612 0.0 0.800408 -1.892256 -10.657601 -0.370577 0.039081 14.167834 126.0
57 14405.0 0.175832 0.507699 0.0 0.792917 -1.892256 -10.657601 -0.370577 0.039081 14.167834 126.0
58 14405.0 0.170249 0.490266 0.0 0.806852 -1.892256 -10.657601 -0.370577 0.039081 14.167834 126.0
59 14405.0 0.155459 0.499 0.0 0.788141 -1.892256 -10.657601 -0.370577 0.039081 14.167834 126.0
60 14405.0 0.149172 0.500426 0.0 0.782505 -1.892256 -10.657601 -0.370577 0.039081 14.167834 126.0
61 14405.0 0.117935 0.495543 0.0 0.766618 -1.892256 -10.657601 -0.370577 0.039081 14.167834 126.0
62 14405.0 0.117492 0.484265 0.0 0.777746 -1.892256 -10.657601 -0.370577 0.039081 14.167834 126.0
63 14405.0 0.088693 0.491489 0.0 0.751224 -1.892256 -10.657601 -0.370577 0.039081 14.167834 126.0
64 14405.0 0.080948 0.472285 0.0 0.76551 -1.892256 -10.657601 -0.370577 0.039081 14.167834 126.0
65 14405.0 0.074811 0.480893 0.0 0.752697 -1.892256 -10.657601 -0.370577 0.039081 14.167834 126.0
66 14405.0 0.043502 0.47406 0.0 0.738739 -1.892256 -10.657601 -0.370577 0.039081 14.167834 126.0
67 14405.0 0.02308 0.456559 0.0 0.742846 -1.892256 -10.657601 -0.370577 0.039081 14.167834 126.0
68 14405.0 0.03732 0.478975 0.0 0.729638 -1.892256 -10.657601 -0.370577 0.039081 14.167834 126.0
69 14405.0 0.071594 0.474994 0.0 0.756527 -1.892256 -10.657601 -0.370577 0.039081 14.167834 126.0
70 14405.0 0.071259 0.505404 0.0 0.725502 -1.892256 -10.657601 -0.370577 0.039081 14.167834 126.0
71 14405.0 0.076161 0.505992 0.0 0.728176 -1.892256 -10.657601 -0.370577 0.039081 14.167834 126.0
72 14405.0 0.051479 0.495669 0.0 0.722171 -1.892256 -10.657601 -0.370577 0.039081 14.167834 126.0
73 14405.0 0.041544 0.483805 0.0 0.727563 -1.892256 -10.657601 -0.370577 0.039081 14.167834 126.0
74 14405.0 0.053295 0.511373 0.0 0.707476 -1.892256 -10.657601 -0.370577 0.039081 14.167834 126.0
75 14405.0 0.052931 0.499297 0.0 0.719466 -1.892256 -10.657601 -0.370577 0.039081 14.167834 126.0
76 14405.0 0.052318 0.493204 0.0 0.725227 -1.892256 -10.657601 -0.370577 0.039081 14.167834 126.0
77 14405.0 0.041412 0.502719 0.0 0.708317 -1.892256 -10.657601 -0.370577 0.039081 14.167834 126.0
78 14405.0 0.002169 0.496365 0.0 0.688581 -1.892256 -10.657601 -0.370577 0.039081 14.167834 126.0
79 14405.0 0.000365 0.520157 0.0 0.663279 -1.892256 -10.657601 -0.370577 0.039081 14.167834 126.0
80 14405.0 -0.005413 0.544967 0.0 0.634298 -1.892256 -10.657601 -0.370577 0.039081 14.167834 126.0
81 14405.0 -0.013417 0.542711 0.0 0.631244 -1.892256 -10.657601 -0.370577 0.039081 14.167834 126.0
82 14405.0 -0.011455 0.513963 0.0 0.661671 -1.892256 -10.657601 -0.370577 0.039081 14.167834 126.0
83 14405.0 0.005846 0.533307 0.0 0.653615 -1.892256 -10.657601 -0.370577 0.039081 14.167834 126.0
84 14405.0 0.000292 0.532382 0.0 0.650848 -1.892256 -10.657601 -0.370577 0.039081 14.167834 126.0
85 14405.0 0.006462 0.503225 0.0 0.684496 -1.892256 -10.657601 -0.370577 0.039081 14.167834 126.0
86 14405.0 -0.008551 0.501079 0.0 0.676657 -1.892256 -10.657601 -0.370577 0.039081 14.167834 126.0
87 14405.0 -0.010229 0.50131 0.0 0.675304 -1.892256 -10.657601 -0.370577 0.039081 14.167834 126.0
88 14405.0 -0.003176 0.495725 0.0 0.685665 -1.892256 -10.657601 -0.370577 0.039081 14.167834 126.0
89 14405.0 -0.013002 0.513568 0.0 0.66104 -1.892256 -10.657601 -0.370577 0.039081 14.167834 126.0
90 14405.0 -0.036938 0.498376 0.0 0.660463 -1.892256 -10.657601 -0.370577 0.039081 14.167834 126.0
91 14405.0 -0.022291 0.512342 0.0 0.656086 -1.892256 -10.657601 -0.370577 0.039081 14.167834 126.0
92 14405.0 -0.031259 0.530858 0.0 0.631351 -1.892256 -10.657601 -0.370577 0.039081 14.167834 126.0
93 14405.0 -0.017689 0.53283 0.0 0.638403 -1.892256 -10.657601 -0.370577 0.039081 14.167834 126.0
94 14405.0 -0.016115 0.506127 0.0 0.6665 -1.892256 -10.657601 -0.370577 0.039081 14.167834 126.0
95 14405.0 -0.026404 0.493843 0.0 0.672081 -1.892256 -10.657601 -0.370577 0.039081 14.167834 126.0
96 14405.0 -0.007148 0.489447 0.0 0.689375 -1.892256 -10.657601 -0.370577 0.039081 14.167834 126.0
97 14405.0 0.002855 0.537519 0.0 0.647355 -1.892256 -10.657601 -0.370577 0.039081 14.167834 126.0
98 14405.0 -0.020273 0.526028 0.0 0.643569 -1.892256 -10.657601 -0.370577 0.039081 14.167834 126.0
99 14405.0 -0.010447 0.525326 0.0 0.650834 -1.892256 -10.657601 -0.370577 0.039081 14.167834 126.0
100 14405.0 -0.003321 0.518029 0.0 0.662977 -1.892256 -10.657601 -0.370577 0.039081 14.167834 126.0
101 14405.0 -0.004556 0.514777 0.0 0.665448 -1.892256 -10.657601 -0.370577 0.039081 14.167834 126.0
102 14405.0 -0.015023 0.538823 0.0 0.634111 -1.892256 -10.657601 -0.370577 0.039081 14.167834 126.0
103 14405.0 -0.024294 0.518636 0.0 0.648376 -1.892256 -10.657601 -0.370577 0.039081 14.167834 126.0
104 14405.0 -0.021177 0.518201 0.0 0.650895 -1.892256 -10.657601 -0.370577 0.039081 14.167834 126.0
105 14405.0 -0.024553 0.533672 0.0 0.632972 -1.892256 -10.657601 -0.370577 0.039081 14.167834 126.0
106 14405.0 -0.028934 0.522077 0.0 0.641796 -1.892256 -10.657601 -0.370577 0.039081 14.167834 126.0
107 14405.0 -0.056317 0.520771 0.0 0.621214 -1.892256 -10.657601 -0.370577 0.039081 14.167834 126.0
108 14405.0 -0.077135 0.525899 0.0 0.597811 -1.892256 -10.657601 -0.370577 0.039081 14.167834 126.0
109 14405.0 -0.102217 0.525802 0.0 0.576327 -1.892256 -10.657601 -0.370577 0.039081 14.167834 126.0
110 14405.0 -0.107848 0.52639 0.0 0.570852 -1.892256 -10.657601 -0.370577 0.039081 14.167834 126.0
111 14405.0 -0.102672 0.50939 0.0 0.59349 -1.892256 -10.657601 -0.370577 0.039081 14.167834 126.0
112 14405.0 -0.09526 0.514813 0.0 0.594069 -1.892256 -10.657601 -0.370577 0.039081 14.167834 126.0
113 14405.0 -0.123232 0.522638 0.0 0.561624 -1.892256 -10.657601 -0.370577 0.039081 14.167834 126.0
114 14405.0 -0.121101 0.534599 0.0 0.550665 -1.892256 -10.657601 -0.370577 0.039081 14.167834 126.0
115 14405.0 -0.117168 0.531387 0.0 0.557485 -1.892256 -10.657601 -0.370577 0.039081 14.167834 126.0
116 14405.0 -0.116178 0.513714 0.0 0.577241 -1.892256 -10.657601 -0.370577 0.039081 14.167834 126.0
117 14405.0 -0.092568 0.533088 0.0 0.576839 -1.892256 -10.657601 -0.370577 0.039081 14.167834 126.0
118 14405.0 -0.087538 0.517045 0.0 0.598328 -1.892256 -10.657601 -0.370577 0.039081 14.167834 126.0
119 14405.0 -0.075641 0.497908 0.0 0.629036 -1.892256 -10.657601 -0.370577 0.039081 14.167834 126.0
120 14405.0 -0.073986 0.498404 0.0 0.62993 -1.892256 -10.657601 -0.370577 0.039081 14.167834 126.0
121 14405.0 -0.069556 0.51156 0.0 0.619672 -1.892256 -10.657601 -0.370577 0.039081 14.167834 126.0
122 14405.0 -0.082874 0.522742 0.0 0.596248 -1.892256 -10.657601 -0.370577 0.039081 14.167834 126.0
123 14405.0 -0.076731 0.518135 0.0 0.606463 -1.892256 -10.657601 -0.370577 0.039081 14.167834 126.0
124 14405.0 -0.093443 0.517103 0.0 0.593183 -1.892256 -10.657601 -0.370577 0.039081 14.167834 126.0
125 14405.0 -0.083664 0.5038 0.0 0.615829 -1.892256 -10.657601 -0.370577 0.039081 14.167834 126.0
126 14405.0 -0.09772 0.507541 0.0 0.59973 -1.892256 -10.657601 -0.370577 0.039081 14.167834 126.0
127 14405.0 -0.121015 0.506842 0.0 0.580428 -1.892256 -10.657601 -0.370577 0.039081 14.167834 126.0
128 14405.0 -0.126728 0.510767 0.0 0.571313 -1.892256 -10.657601 -0.370577 0.039081 14.167834 126.0
129 14405.0 -0.124447 0.502355 0.0 0.582273 -1.892256 -10.657601 -0.370577 0.039081 14.167834 126.0
130 14405.0 -0.14718 0.505784 0.0 0.55904 -1.892256 -10.657601 -0.370577 0.039081 14.167834 126.0
131 14405.0 -0.172752 0.531184 0.0 0.509862 -1.892256 -10.657601 -0.370577 0.039081 14.167834 126.0
132 14405.0 -0.163534 0.544779 0.0 0.502955 -1.892256 -10.657601 -0.370577 0.039081 14.167834 126.0
133 14405.0 -0.136535 0.536792 0.0 0.535036 -1.892256 -10.657601 -0.370577 0.039081 14.167834 126.0
134 14405.0 -0.129875 0.520613 0.0 0.558072 -1.892256 -10.657601 -0.370577 0.039081 14.167834 126.0
135 14405.0 -0.147794 0.531759 0.0 0.530729 -1.892256 -10.657601 -0.370577 0.039081 14.167834 126.0
136 14405.0 -0.148289 0.513414 0.0 0.549924 -1.892256 -10.657601 -0.370577 0.039081 14.167834 126.0
137 14405.0 -0.170626 0.51881 0.0 0.524927 -1.892256 -10.657601 -0.370577 0.039081 14.167834 126.0
138 14405.0 -0.16936 0.511606 0.0 0.533723 -1.892256 -10.657601 -0.370577 0.039081 14.167834 126.0
139 14405.0 -0.193102 0.516584 0.0 0.507257 -1.892256 -10.657601 -0.370577 0.039081 14.167834 126.0
140 14405.0 -0.18254 0.491312 0.0 0.544085 -1.892256 -10.657601 -0.370577 0.039081 14.167834 126.0
141 14405.0 -0.197548 0.523735 0.0 0.494223 -1.892256 -10.657601 -0.370577 0.039081 14.167834 126.0
142 14405.0 -0.207155 0.513508 0.0 0.496901 -1.892256 -10.657601 -0.370577 0.039081 14.167834 126.0
143 14405.0 -0.225785 0.529727 0.0 0.458799 -1.892256 -10.657601 -0.370577 0.039081 14.167834 126.0
144 14405.0 -0.258497 0.532138 0.0 0.423199 -1.892256 -10.657601 -0.370577 0.039081 14.167834 126.0
145 14405.0 -0.290062 0.530696 0.0 0.393375 -1.892256 -10.657601 -0.370577 0.039081 14.167834 126.0
146 14405.0 -0.278072 0.516033 0.0 0.422971 -1.892256 -10.657601 -0.370577 0.039081 14.167834 126.0
147 14405.0 -0.300985 0.513427 0.0 0.403194 -1.892256 -10.657601 -0.370577 0.039081 14.167834 126.0
148 14405.0 -0.315083 0.515243 0.0 0.38692 -1.892256 -10.657601 -0.370577 0.039081 14.167834 126.0
149 14405.0 -0.327123 0.53798 0.0 0.347577 -1.892256 -10.657601 -0.370577 0.039081 14.167834 126.0
150 14405.0 -0.341371 0.527846 0.0 0.345503 -1.892256 -10.657601 -0.370577 0.039081 14.167834 126.0
151 14405.0 -0.352878 0.510775 0.0 0.354501 -1.892256 -10.657601 -0.370577 0.039081 14.167834 126.0
152 14405.0 -0.375231 0.516562 0.0 0.325204 -1.892256 -10.657601 -0.370577 0.039081 14.167834 126.0
153 14405.0 -0.389377 0.517562 0.0 0.309862 -1.892256 -10.657601 -0.370577 0.039081 14.167834 126.0
154 14405.0 -0.402361 0.516461 0.0 0.298204 -1.892256 -10.657601 -0.370577 0.039081 14.167834 126.0
155 14405.0 -0.408593 0.514853 0.0 0.293905 -1.892256 -10.657601 -0.370577 0.039081 14.167834 126.0
156 14405.0 -0.419472 0.541808 0.0 0.250656 -1.892256 -10.657601 -0.370577 0.039081 14.167834 126.0
157 14405.0 -0.425337 0.513964 0.0 0.278234 -1.892256 -10.657601 -0.370577 0.039081 14.167834 126.0
158 14405.0 -0.429695 0.519474 0.0 0.267259 -1.892256 -10.657601 -0.370577 0.039081 14.167834 126.0
159 14405.0 -0.450307 0.522919 0.0 0.242515 -1.892256 -10.657601 -0.370577 0.039081 14.167834 126.0
160 14405.0 -0.436762 0.519737 0.0 0.259878 -1.892256 -10.657601 -0.370577 0.039081 14.167834 126.0
161 14405.0 -0.444164 0.559319 0.0 0.204942 -1.892256 -10.657601 -0.370577 0.039081 14.167834 126.0
162 14405.0 -0.449324 0.555739 0.0 0.204083 -1.892256 -10.657601 -0.370577 0.039081 14.167834 126.0
163 14405.0 -0.473187 0.562984 0.0 0.171525 -1.892256 -10.657601 -0.370577 0.039081 14.167834 126.0
164 14405.0 -0.469082 0.540482 0.0 0.202654 -1.892256 -10.657601 -0.370577 0.039081 14.167834 126.0
165 14405.0 -0.492483 0.525795 0.0 0.196898 -1.892256 -10.657601 -0.370577 0.039081 14.167834 126.0
166 14405.0 -0.517804 0.489241 0.0 0.215484 -1.892256 -10.657601 -0.370577 0.039081 14.167834 126.0
167 14405.0 -0.537948 0.501219 0.0 0.18096 -1.892256 -10.657601 -0.370577 0.039081 14.167834 126.0
168 14405.0 -0.538761 0.494105 0.0 0.188691 -1.892256 -10.657601 -0.370577 0.039081 14.167834 126.0
169 14405.0 -0.562062 0.473975 0.0 0.189571 -1.892256 -10.657601 -0.370577 0.039081 14.167834 126.0
170 14405.0 -0.573641 0.472011 0.0 0.180355 -1.892256 -10.657601 -0.370577 0.039081 14.167834 126.0
171 14405.0 -0.591719 0.48103 0.0 0.15145 -1.892256 -10.657601 -0.370577 0.039081 14.167834 126.0
172 14405.0 -0.59019 0.479834 0.0 0.154415 -1.892256 -10.657601 -0.370577 0.039081 14.167834 126.0
173 14405.0 -0.602961 0.495981 0.0 0.122257 -1.892256 -10.657601 -0.370577 0.039081 14.167834 126.0
174 14405.0 -0.636599 0.536528 0.0 0.039932 -1.892256 -10.657601 -0.370577 0.039081 14.167834 126.0
175 14405.0 -0.654603 0.547425 0.0 0.008847 -1.892256 -10.657601 -0.370577 0.039081 14.167834 126.0
176 14405.0 -0.671376 0.55382 0.0 -0.015603 -1.892256 -10.657601 -0.370577 0.039081 14.167834 126.0
177 14405.0 -0.674417 0.536661 0.0 0.001965 -1.892256 -10.657601 -0.370577 0.039081 14.167834 126.0
178 14405.0 -0.67116 0.53891 0.0 0.002521 -1.892256 -10.657601 -0.370577 0.039081 14.167834 126.0
179 14405.0 -0.671439 0.571872 0.0 -0.037346 -1.892256 -10.657601 -0.370577 0.039081 14.167834 126.0
180 14405.0 -0.66947 0.556812 0.0 -0.01729 -1.892256 -10.657601 -0.370577 0.039081 14.167834 126.0
181 14405.0 -0.677595 0.543251 0.0 -0.009125 -1.892256 -10.657601 -0.370577 0.039081 14.167834 126.0
182 14405.0 -0.691901 0.549568 0.0 -0.031015 -1.892256 -10.657601 -0.370577 0.039081 14.167834 126.0
183 14405.0 -0.706107 0.546964 0.0 -0.042088 -1.892256 -10.657601 -0.370577 0.039081 14.167834 126.0
184 14405.0 -0.719971 0.554903 0.0 -0.065484 -1.892256 -10.657601 -0.370577 0.039081 14.167834 126.0
185 14405.0 -0.760734 0.573777 0.0 -0.128902 -1.892256 -10.657601 -0.370577 0.039081 14.167834 126.0
186 14405.0 -0.765758 0.581949 0.0 -0.143739 -1.892256 -10.657601 -0.370577 0.039081 14.167834 126.0
187 14405.0 -0.787144 0.59576 0.0 -0.181706 -1.892256 -10.657601 -0.370577 0.039081 14.167834 126.0
188 14405.0 -0.77443 0.59073 0.0 -0.162954 -1.892256 -10.657601 -0.370577 0.039081 14.167834 126.0
189 14405.0 -0.819932 0.609476 0.0 -0.22788 -1.892256 -10.657601 -0.370577 0.039081 14.167834 126.0
190 14405.0 -0.833018 0.610807 0.0 -0.240852 -1.892256 -10.657601 -0.370577 0.039081 14.167834 126.0
191 14405.0 -0.838768 0.627081 0.0 -0.263279 -1.892256 -10.657601 -0.370577 0.039081 14.167834 126.0
192 14405.0 -0.848539 0.625593 0.0 -0.27032 -1.892256 -10.657601 -0.370577 0.039081 14.167834 126.0
193 14405.0 -0.838723 0.633776 0.0 -0.270376 -1.892256 -10.657601 -0.370577 0.039081 14.167834 126.0
194 14405.0 -0.852563 0.645673 0.0 -0.29528 -1.892256 -10.657601 -0.370577 0.039081 14.167834 126.0
195 14405.0 -0.865206 0.646113 0.0 -0.306912 -1.892256 -10.657601 -0.370577 0.039081 14.167834 126.0
196 14405.0 -0.859403 0.656725 0.0 -0.3131 -1.892256 -10.657601 -0.370577 0.039081 14.167834 126.0
197 14405.0 -0.862817 0.689588 0.0 -0.351196 -1.892256 -10.657601 -0.370577 0.039081 14.167834 126.0
198 14405.0 -0.880114 0.718068 0.0 -0.407504 -1.892256 -10.657601 -0.370577 0.039081 14.167834 126.0
199 14405.0 -0.859945 0.689268 0.0 -0.348271 -1.892256 -10.657601 -0.370577 0.039081 14.167834 126.0
200 14405.0 -0.843048 0.677273 0.0 -0.320566 -1.892256 -10.657601 -0.370577 0.039081 14.167834 126.0
201 14405.0 -0.834502 0.662395 0.0 -0.297159 -1.892256 -10.657601 -0.370577 0.039081 14.167834 126.0
202 14405.0 -0.819292 0.661819 0.0 -0.283115 -1.892256 -10.657601 -0.370577 0.039081 14.167834 126.0
203 14405.0 -0.828198 0.670605 0.0 -0.300345 -1.892256 -10.657601 -0.370577 0.039081 14.167834 126.0
204 14405.0 -0.792989 0.66469 0.0 -0.26295 -1.892256 -10.657601 -0.370577 0.039081 14.167834 126.0
205 14405.0 -0.789148 0.664655 0.0 -0.259521 -1.892256 -10.657601 -0.370577 0.039081 14.167834 126.0
206 14405.0 -0.790001 0.669294 0.0 -0.26522 -1.892256 -10.657601 -0.370577 0.039081 14.167834 126.0
207 14405.0 -0.805453 0.68885 0.0 -0.299712 -1.892256 -10.657601 -0.370577 0.039081 14.167834 126.0
208 14405.0 -0.820701 0.72084 0.0 -0.353593 -1.892256 -10.657601 -0.370577 0.039081 14.167834 126.0
209 14405.0 -0.852231 0.734766 0.0 -0.403556 -1.892256 -10.657601 -0.370577 0.039081 14.167834 126.0
210 14405.0 -0.817507 0.723097 0.0 -0.353619 -1.892256 -10.657601 -0.370577 0.039081 14.167834 126.0
211 14405.0 -0.824511 0.748153 0.0 -0.395174 -1.892256 -10.657601 -0.370577 0.039081 14.167834 126.0
212 14405.0 -0.822087 0.745834 0.0 -0.389601 -1.892256 -10.657601 -0.370577 0.039081 14.167834 126.0
213 14405.0 -0.822648 0.774443 0.0 -0.42982 -1.892256 -10.657601 -0.370577 0.039081 14.167834 126.0
214 14405.0 -0.802695 0.783902 0.0 -0.423541 -1.892256 -10.657601 -0.370577 0.039081 14.167834 126.0
215 14405.0 -0.817236 0.796575 0.0 -0.45525 -1.892256 -10.657601 -0.370577 0.039081 14.167834 126.0
216 14405.0 -0.815229 0.803298 0.0 -0.462622 -1.892256 -10.657601 -0.370577 0.039081 14.167834 126.0
217 14405.0 -0.806598 0.840679 0.0 -0.509661 -1.892256 -10.657601 -0.370577 0.039081 14.167834 126.0
218 14405.0 -0.831243 0.847155 0.0 -0.544563 -1.892256 -10.657601 -0.370577 0.039081 14.167834 126.0
219 14405.0 -0.871718 0.883273 0.0 -0.639265 -1.892256 -10.657601 -0.370577 0.039081 14.167834 126.0
220 14405.0 -0.901158 0.93311 0.0 -0.736374 -1.892256 -10.657601 -0.370577 0.039081 14.167834 126.0
221 14405.0 -0.904225 0.950741 0.0 -0.763323 -1.892256 -10.657601 -0.370577 0.039081 14.167834 126.0
222 14405.0 -0.920759 0.965943 0.0 -0.79283 -1.892256 -10.657601 -0.370577 0.039081 14.167834 126.0
223 14405.0 -0.937481 1.000573 0.0 -0.839143 -1.892256 -10.657601 -0.370577 0.039081 14.167834 126.0
224 14405.0 -0.913978 1.001753 0.0 -0.823044 -1.892256 -10.657601 -0.370577 0.039081 14.167834 126.0
225 14405.0 -0.906477 1.004297 0.0 -0.820036 -1.892256 -10.657601 -0.370577 0.039081 14.167834 126.0
226 14405.0 -0.889753 0.989032 0.0 -0.792753 -1.892256 -10.657601 -0.370577 0.039081 14.167834 126.0
227 14405.0 -0.898838 1.031318 0.0 -0.840983 -1.892256 -10.657601 -0.370577 0.039081 14.167834 126.0
228 14405.0 -0.89168 1.057945 0.0 -0.861896 -1.892256 -10.657601 -0.370577 0.039081 14.167834 126.0
229 14405.0 -0.875306 1.073115 0.0 -0.864783 -1.892256 -10.657601 -0.370577 0.039081 14.167834 126.0
230 14405.0 -0.877211 1.097531 0.0 -0.890177 -1.892256 -10.657601 -0.370577 0.039081 14.167834 126.0
231 14405.0 -0.903226 1.094269 0.0 -0.906075 -1.892256 -10.657601 -0.370577 0.039081 14.167834 126.0
232 14405.0 -0.897243 1.116976 0.0 -0.923997 -1.892256 -10.657601 -0.370577 0.039081 14.167834 126.0
233 14405.0 -0.880671 1.095587 0.0 -0.890808 -1.892256 -10.657601 -0.370577 0.039081 14.167834 126.0
234 14405.0 -0.885109 1.112451 0.0 -0.91064 -1.892256 -10.657601 -0.370577 0.039081 14.167834 126.0
235 14405.0 -0.893922 1.142285 0.0 -0.946433 -1.892256 -10.657601 -0.370577 0.039081 14.167834 126.0
236 14405.0 -0.878875 1.157313 0.0 -0.950153 -1.892256 -10.657601 -0.370577 0.039081 14.167834 126.0
237 14405.0 -0.860121 1.15325 0.0 -0.93239 -1.892256 -10.657601 -0.370577 0.039081 14.167834 126.0
238 14405.0 -0.82804 1.15713 0.0 -0.912645 -1.892256 -10.657601 -0.370577 0.039081 14.167834 126.0
239 14405.0 -0.800864 1.153775 0.0 -0.889391 -1.892256 -10.657601 -0.370577 0.039081 14.167834 126.0
240 14405.0 -0.807007 1.166645 0.0 -0.906551 -1.892256 -10.657601 -0.370577 0.039081 14.167834 126.0
241 14405.0 -0.809238 1.174498 0.0 -0.915908 -1.892256 -10.657601 -0.370577 0.039081 14.167834 126.0
242 14405.0 -0.788301 1.197347 0.0 -0.92299 -1.892256 -10.657601 -0.370577 0.039081 14.167834 126.0
243 14405.0 -0.767444 1.201744 0.0 -0.911995 -1.892256 -10.657601 -0.370577 0.039081 14.167834 126.0
244 14405.0 -0.781635 1.214333 0.0 -0.934789 -1.892256 -10.657601 -0.370577 0.039081 14.167834 126.0
245 14405.0 -0.775715 1.214375 0.0 -0.930482 -1.892256 -10.657601 -0.370577 0.039081 14.167834 126.0
246 14405.0 -0.799828 1.215816 0.0 -0.949605 -1.892256 -10.657601 -0.370577 0.039081 14.167834 126.0
247 14405.0 -0.778278 1.221248 0.0 -0.93912 -1.892256 -10.657601 -0.370577 0.039081 14.167834 126.0
248 14405.0 -0.758783 1.214378 0.0 -0.918052 -1.892256 -10.657601 -0.370577 0.039081 14.167834 126.0
249 14405.0 -0.755368 1.217587 0.0 -0.918699 -1.892256 -10.657601 -0.370577 0.039081 14.167834 126.0
250 14405.0 -0.75092 1.232152 0.0 -0.929746 -1.892256 -10.657601 -0.370577 0.039081 14.167834 126.0
251 14405.0 -0.729619 1.249604 0.0 -0.931257 -1.892256 -10.657601 -0.370577 0.039081 14.167834 126.0
252 14405.0 -0.733739 1.268174 0.0 -0.948365 -1.892256 -10.657601 -0.370577 0.039081 14.167834 126.0
253 14405.0 -0.742139 1.279638 0.0 -0.96142 -1.892256 -10.657601 -0.370577 0.039081 14.167834 126.0
254 14405.0 -0.707714 1.285942 0.0 -0.942481 -1.892256 -10.657601 -0.370577 0.039081 14.167834 126.0
255 14405.0 -0.71391 1.286143 0.0 -0.946756 -1.892256 -10.657601 -0.370577 0.039081 14.167834 126.0
256 14405.0 -0.729446 1.298278 0.0 -0.965019 -1.892256 -10.657601 -0.370577 0.039081 14.167834 126.0
257 14405.0 -0.70307 1.281762 0.0 -0.936664 -1.892256 -10.657601 -0.370577 0.039081 14.167834 126.0
258 14405.0 -0.689037 1.277789 0.0 -0.924699 -1.892256 -10.657601 -0.370577 0.039081 14.167834 126.0
259 14405.0 -0.689666 1.300467 0.0 -0.939828 -1.892256 -10.657601 -0.370577 0.039081 14.167834 126.0
260 14405.0 -0.682646 1.304797 0.0 -0.937942 -1.892256 -10.657601 -0.370577 0.039081 14.167834 126.0
261 14405.0 -0.660405 1.309287 0.0 -0.925975 -1.892256 -10.657601 -0.370577 0.039081 14.167834 126.0
262 14405.0 -0.677929 1.32933 0.0 -0.950698 -1.892256 -10.657601 -0.370577 0.039081 14.167834 126.0
263 14405.0 -0.651383 1.324149 0.0 -0.92958 -1.892256 -10.657601 -0.370577 0.039081 14.167834 126.0
264 14405.0 -0.631066 1.357157 0.0 -0.939029 -1.892256 -10.657601 -0.370577 0.039081 14.167834 126.0
265 14405.0 -0.64158 1.383052 0.0 -0.969029 -1.892256 -10.657601 -0.370577 0.039081 14.167834 126.0
266 14405.0 -0.666712 1.395838 0.0 -0.992374 -1.892256 -10.657601 -0.370577 0.039081 14.167834 126.0
267 14405.0 -0.64341 1.416967 0.0 -0.991272 -1.892256 -10.657601 -0.370577 0.039081 14.167834 126.0
268 14405.0 -0.628601 1.401117 0.0 -0.973502 -1.892256 -10.657601 -0.370577 0.039081 14.167834 126.0
269 14405.0 -0.624669 1.393689 0.0 -0.966899 -1.892256 -10.657601 -0.370577 0.039081 14.167834 126.0
270 14405.0 -0.605397 1.396009 0.0 -0.957072 -1.892256 -10.657601 -0.370577 0.039081 14.167834 126.0
271 14405.0 -0.602791 1.389543 0.0 -0.950179 -1.892256 -10.657601 -0.370577 0.039081 14.167834 126.0
272 14405.0 -0.616059 1.381135 0.0 -0.951074 -1.892256 -10.657601 -0.370577 0.039081 14.167834 126.0
273 14405.0 -0.582498 1.388943 0.0 -0.935959 -1.892256 -10.657601 -0.370577 0.039081 14.167834 126.0
274 14405.0 -0.571832 1.387272 0.0 -0.927095 -1.892256 -10.657601 -0.370577 0.039081 14.167834 126.0
275 14405.0 -0.582355 1.392438 0.0 -0.93903 -1.892256 -10.657601 -0.370577 0.039081 14.167834 126.0
276 14405.0 -0.588735 1.415512 0.0 -0.95868 -1.892256 -10.657601 -0.370577 0.039081 14.167834 126.0
277 14405.0 -0.601837 1.406455 0.0 -0.961049 -1.892256 -10.657601 -0.370577 0.039081 14.167834 126.0
278 14405.0 -0.59792 1.403262 0.0 -0.956926 -1.892256 -10.657601 -0.370577 0.039081 14.167834 126.0
279 14405.0 -0.565547 1.413309 0.0 -0.942978 -1.892256 -10.657601 -0.370577 0.039081 14.167834 126.0
280 14405.0 -0.550623 1.411135 0.0 -0.931545 -1.892256 -10.657601 -0.370577 0.039081 14.167834 126.0
281 14405.0 -0.532811 1.404872 0.0 -0.914037 -1.892256 -10.657601 -0.370577 0.039081 14.167834 126.0
282 14405.0 -0.554665 1.425197 0.0 -0.940328 -1.892256 -10.657601 -0.370577 0.039081 14.167834 126.0
283 14405.0 -0.556627 1.428481 0.0 -0.943019 -1.892256 -10.657601 -0.370577 0.039081 14.167834 126.0
284 14405.0 -0.552697 1.422106 0.0 -0.937578 -1.892256 -10.657601 -0.370577 0.039081 14.167834 126.0
285 14405.0 -0.548465 1.414377 0.0 -0.931247 -1.892256 -10.657601 -0.370577 0.039081 14.167834 126.0
286 14405.0 -0.55688 1.417545 0.0 -0.939125 -1.892256 -10.657601 -0.370577 0.039081 14.167834 126.0
287 14405.0 -0.582201 1.414264 0.0 -0.954019 -1.892256 -10.657601 -0.370577 0.039081 14.167834 126.0
