 time p.x p.y p.z deep.node-0 CV opes.bias opes.rct opes.zed opes.neff opes.nker
0 9375.0 0.662436 0.537706 0.0 1.121707 -2.094596 -15.067274 -0.327548 0.036207 14.167834 136.0
1 9375.0 0.666484 0.526848 0.0 1.134749 -2.094596 -15.067274 -0.327548 0.036207 14.167834 136.0
2 9375.0 0.658081 0.538542 0.0 1.117612 -2.094596 -15.067274 -0.327548 0.036207 14.167834 136.0
3 9375.0 0.641853 0.56269 0.0 1.083082 -2.094596 -15.067274 -0.327548 0.036207 14.167834 136.0
4 9375.0 0.623192 0.572367 0.0 1.05995 -2.094596 -15.067274 -0.327548 0.036207 14.167834 136.0
5 9375.0 0.622078 0.573918 0.0 1.057677 -2.094596 -15.067274 -0.327548 0.036207 14.167834 136.0
6 9375.0 0.580189 0.577126 0.0 1.022714 -2.094596 -15.067274 -0.327548 0.036207 14.167834 136.0
7 9375.0 0.561945 0.577428 0.0 1.008489 -2.094596 -15.067274 -0.327548 0.036207 14.167834 136.0
8 9375.0 0.551577 0.56733 0.0 1.009813 -2.094596 -15.067274 -0.327548 0.036207 14.167834 136.0
9 9375.0 0.530327 0.568933 0.0 0.992098 -2.094596 -15.067274 -0.327548 0.036207 14.167834 136.0
10 9375.0 0.503188 0.603992 0.0 0.939231 -2.094596 -15.067274 -0.327548 0.036207 14.167834 136.0
11 9375.0 0.495777 0.575768 0.0 0.959422 -2.094596 -15.067274 -0.327548 0.036207 14.167834 136.0
12 9375.0 0.519339 0.576091 0.0 0.97714 -2.094596 -15.067274 -0.327548 0.036207 14.167834 136.0
13 9375.0 0.531933 0.58617 0.0 0.977535 -2.094596 -15.067274 -0.327548 0.036207 14.167834 136.0
14 9375.0 0.527141 0.571161 0.0 0.987622 -2.094596 -15.067274 -0.327548 0.036207 14.167834 136.0
15 9375.0 0.53281 0.559155 0.0 1.002954 -2.094596 -15.067274 -0.327548 0.036207 14.167834 136.0
16 9375.0 0.498572 0.548519 0.0 0.986523 -2.094596 -15.067274 -0.327548 0.036207 14.167834 136.0
17 9375.0 0.490739 0.558098 0.0 0.971759 -2.094596 -15.067274 -0.327548 0.036207 14.167834 136.0
18 9375.0 0.472579 0.55782 0.0 0.958129 -2.094596 -15.067274 -0.327548 0.036207 14.167834 136.0
19 9375.0 0.447206 0.553024 0.0 0.943124 -2.094596 -15.067274 -0.327548 0.036207 14.167834 136.0
20 9375.0 0.45921 0.566699 0.0 0.939774 -2.094596 -15.067274 -0.327548 0.036207 14.167834 136.0
21 9375.0 0.445129 0.581009 0.0 0.915899 -2.094596 -15.067274 -0.327548 0.036207 14.167834 136.0
22 9375.0 0.448698 0.54809 0.0 0.948785 -2.094596 -15.067274 -0.327548 0.036207 14.167834 136.0
23 9375.0 0.423495 0.562524 0.0 0.916294 -2.094596 -15.067274 -0.327548 0.036207 14.167834 136.0
24 9375.0 0.418906 0.577005 0.0 0.899519 -2.094596 -15.067274 -0.327548 0.036207 14.167834 136.0
25 9375.0 0.396232 0.587046 0.0 0.872985 -2.094596 -15.067274 -0.327548 0.036207 14.167834 136.0
26 9375.0 0.378957 0.581045 0.0 0.865275 -2.094596 -15.067274 -0.327548 0.036207 14.167834 136.0
27 9375.0 0.378344 0.571084 0.0 0.873933 -2.094596 -15.067274 -0.327548 0.036207 14.167834 136.0
28 9375.0 0.367967 0.541675 0.0 0.892941 -2.094596 -15.067274 -0.327548 0.036207 14.167834 136.0
29 9375.0 0.346321 0.531546 0.0 0.886128 -2.094596 -15.067274 -0.327548 0.036207 14.167834 136.0
30 9375.0 0.33637 0.519691 0.0 0.890715 -2.094596 -15.067274 -0.327548 0.036207 14.167834 136.0
31 9375.0 0.336866 0.511167 0.0 0.899403 -2.094596 -15.067274 -0.327548 0.036207 14.167834 136.0
32 9375.0 0.320057 0.502134 0.0 0.896398 -2.094596 -15.067274 -0.327548 0.036207 14.167834 136.0
33 9375.0 0.298683 0.50343 0.0 0.880073 -2.094596 -15.067274 -0.327548 0.036207 14.167834 136.0
34 9375.0 0.258545 0.522675 0.0 0.83297 -2.094596 -15.067274 -0.327548 0.036207 14.167834 136.0
35 9375.0 0.266634 0.517145 0.0 0.844078 -2.094596 -15.067274 -0.327548 0.036207 14.167834 136.0
36 9375.0 0.256972 0.499987 0.0 0.854842 -2.094596 -15.067274 -0.327548 0.036207 14.167834 136.0
37 9375.0 0.26184 0.492166 0.0 0.86601 -2.094596 -15.067274 -0.327548 0.036207 14.167834 136.0
38 9375.0 0.24291 0.488507 0.0 0.857092 -2.094596 -15.067274 -0.327548 0.036207 14.167834 136.0
39 9375.0 0.228166 0.494332 0.0 0.841359 -2.094596 -15.067274 -0.327548 0.036207 14.167834 136.0
40 9375.0 0.255522 0.504895 0.0 0.848903 -2.094596 -15.067274 -0.327548 0.036207 14.167834 136.0
41 9375.0 0.243768 0.499142 0.0 0.846892 -2.094596 -15.067274 -0.327548 0.036207 14.167834 136.0
42 9375.0 0.222998 0.502147 0.0 0.829997 -2.094596 -15.067274 -0.327548 0.036207 14.167834 136.0
43 9375.0 0.238653 0.514122 0.0 0.828307 -2.094596 -15.067274 -0.327548 0.036207 14.167834 136.0
44 9375.0 0.229228 0.53172 0.0 0.804198 -2.094596 -15.067274 -0.327548 0.036207 14.167834 136.0
45 9375.0 0.195339 0.496213 0.0 0.817561 -2.094596 -15.067274 -0.327548 0.036207 14.167834 136.0
46 9375.0 0.194594 0.4956 0.0 0.817685 -2.094596 -15.067274 -0.327548 0.036207 14.167834 136.0
47 9375.0 0.203175 0.479965 0.0 0.839244 -2.094596 -15.067274 -0.327548 0.036207 14.167834 136.0
48 9375.0 0.208302 0.46119 0.0 0.861679 -2.094596 -15.067274 -0.327548 0.036207 14.167834 136.0
49 9375.0 0.222244 0.49343 0.0 0.838323 -2.094596 -15.067274 -0.327548 0.036207 14.167834 136.0
50 9375.0 0.205747 0.522256 0.0 0.798124 -2.094596 -15.067274 -0.327548 0.036207 14.167834 136.0
51 9375.0 0.226401 0.517289 0.0 0.816929 -2.094596 -15.067274 -0.327548 0.036207 14.167834 136.0
52 9375.0 0.22017 0.530847 0.0 0.79904 -2.094596 -15.067274 -0.327548 0.036207 14.167834 136.0
53 9375.0 0.219133 0.525866 0.0 0.803394 -2.094596 -15.067274 -0.327548 0.036207 14.167834 136.0
54 9375.0 0.214862 0.529842 0.0 0.796518 -2.094596 -15.067274 -0.327548 0.036207 14.167834 136.0
55 9375.0 0.224616 0.53796 0.0 0.794801 -2.094596 -15.067274 -0.327548 0.036207 14.167834 136.0
56 9375.0 0.221214 0.521061 0.0 0.809649 -2.094596 -15.067274 -0.327548 0.036207 14.167834 136.0
57 9375.0 0.195938 0.507934 0.0 0.806089 -2.094596 -15.067274 -0.327548 0.036207 14.167834 136.0
58 9375.0 0.199236 0.492327 0.0 0.824095 -2.094596 -15.067274 -0.327548 0.036207 14.167834 136.0
59 9375.0 0.205067 0.488523 0.0 0.831837 -2.094596 -15.067274 -0.327548 0.036207 14.167834 136.0
60 9375.0 0.179026 0.501535 0.0 0.801291 -2.094596 -15.067274 -0.327548 0.036207 14.167834 136.0
61 9375.0 0.173438 0.527028 0.0 0.771742 -2.094596 -15.067274 -0.327548 0.036207 14.167834 136.0
62 9375.0 0.187102 0.524436 0.0 0.783481 -2.094596 -15.067274 -0.327548 0.036207 14.167834 136.0
63 9375.0 0.204512 0.528703 0.0 0.79077 -2.094596 -15.067274 -0.327548 0.036207 14.167834 136.0
64 9375.0 0.206365 0.516233 0.0 0.804636 -2.094596 -15.067274 -0.327548 0.036207 14.167834 136.0
65 9375.0 0.197539 0.506817 0.0 0.808288 -2.094596 -15.067274 -0.327548 0.036207 14.167834 136.0
66 9375.0 0.160767 0.509027 0.0 0.781526 -2.094596 -15.067274 -0.327548 0.036207 14.167834 136.0
67 9375.0 0.147297 0.515578 0.0 0.765907 -2.094596 -15.067274 -0.327548 0.036207 14.167834 136.0
68 9375.0 0.164378 0.531662 0.0 0.761008 -2.094596 -15.067274 -0.327548 0.036207 14.167834 136.0
69 9375.0 0.173694 0.53733 0.0 0.761479 -2.094596 -15.067274 -0.327548 0.036207 14.167834 136.0
70 9375.0 0.173486 0.516952 0.0 0.781981 -2.094596 -15.067274 -0.327548 0.036207 14.167834 136.0
71 9375.0 0.164671 0.492769 0.0 0.800597 -2.094596 -15.067274 -0.327548 0.036207 14.167834 136.0
72 9375.0 0.150806 0.490309 0.0 0.793841 -2.094596 -15.067274 -0.327548 0.036207 14.167834 136.0
73 9375.0 0.148054 0.510336 0.0 0.771722 -2.094596 -15.067274 -0.327548 0.036207 14.167834 136.0
74 9375.0 0.130508 0.503949 0.0 0.766489 -2.094596 -15.067274 -0.327548 0.036207 14.167834 136.0
75 9375.0 0.128966 0.511634 0.0 0.757676 -2.094596 -15.067274 -0.327548 0.036207 14.167834 136.0
76 9375.0 0.122918 0.508825 0.0 0.756489 -2.094596 -15.067274 -0.327548 0.036207 14.167834 136.0
77 9375.0 0.099376 0.518061 0.0 0.731433 -2.094596 -15.067274 -0.327548 0.036207 14.167834 136.0
78 9375.0 0.09086 0.530527 0.0 0.713127 -2.094596 -15.067274 -0.327548 0.036207 14.167834 136.0
79 9375.0 0.074476 0.522735 0.0 0.710094 -2.094596 -15.067274 -0.327548 0.036207 14.167834 136.0
80 9375.0 0.055882 0.516903 0.0 0.703601 -2.094596 -15.067274 -0.327548 0.036207 14.167834 136.0
81 9375.0 0.048943 0.537528 0.0 0.678082 -2.094596 -15.067274 -0.327548 0.036207 14.167834 136.0
82 9375.0 0.03478 0.54556 0.0 0.660501 -2.094596 -15.067274 -0.327548 0.036207 14.167834 136.0
83 9375.0 0.038986 0.534454 0.0 0.674555 -2.094596 -15.067274 -0.327548 0.036207 14.167834 136.0
84 9375.0 0.023888 0.53539 0.0 0.663538 -2.094596 -15.067274 -0.327548 0.036207 14.167834 136.0
85 9375.0 0.014533 0.545418 0.0 0.647143 -2.094596 -15.067274 -0.327548 0.036207 14.167834 136.0
86 9375.0 -0.005854 0.544379 0.0 0.634599 -2.094596 -15.067274 -0.327548 0.036207 14.167834 136.0
87 9375.0 -0.041229 0.513545 0.0 0.641929 -2.094596 -15.067274 -0.327548 0.036207 14.167834 136.0
88 9375.0 -0.04776 0.508998 0.0 0.641171 -2.094596 -15.067274 -0.327548 0.036207 14.167834 136.0
89 9375.0 -0.049347 0.515417 0.0 0.632939 -2.094596 -15.067274 -0.327548 0.036207 14.167834 136.0
90 9375.0 -0.026241 0.531623 0.0 0.633922 -2.094596 -15.067274 -0.327548 0.036207 14.167834 136.0
91 9375.0 -0.065512 0.540895 0.0 0.591776 -2.094596 -15.067274 -0.327548 0.036207 14.167834 136.0
92 9375.0 -0.072815 0.543986 0.0 0.582183 -2.094596 -15.067274 -0.327548 0.036207 14.167834 136.0
93 9375.0 -0.099763 0.554801 0.0 0.547422 -2.094596 -15.067274 -0.327548 0.036207 14.167834 136.0
94 9375.0 -0.083499 0.576813 0.0 0.537876 -2.094596 -15.067274 -0.327548 0.036207 14.167834 136.0
95 9375.0 -0.101008 0.560804 0.0 0.53993 -2.094596 -15.067274 -0.327548 0.036207 14.167834 136.0
96 9375.0 -0.120231 0.556801 0.0 0.527667 -2.094596 -15.067274 -0.327548 0.036207 14.167834 136.0
97 9375.0 -0.113499 0.550056 0.0 0.540676 -2.094596 -15.067274 -0.327548 0.036207 14.167834 136.0
98 9375.0 -0.121829 0.528477 0.0 0.556587 -2.094596 -15.067274 -0.327548 0.036207 14.167834 136.0
99 9375.0 -0.129053 0.520283 0.0 0.559134 -2.094596 -15.067274 -0.327548 0.036207 14.167834 136.0
100 9375.0 -0.118442 0.553629 0.0 0.5326 -2.094596 -15.067274 -0.327548 0.036207 14.167834 136.0
101 9375.0 -0.128873 0.528708 0.0 0.550277 -2.094596 -15.067274 -0.327548 0.036207 14.167834 136.0
102 9375.0 -0.103817 0.536221 0.0 0.563806 -2.094596 -15.067274 -0.327548 0.036207 14.167834 136.0
103 9375.0 -0.088519 0.541606 0.0 0.571213 -2.094596 -15.067274 -0.327548 0.036207 14.167834 136.0
104 9375.0 -0.107665 0.545652 0.0 0.550408 -2.094596 -15.067274 -0.327548 0.036207 14.167834 136.0
105 9375.0 -0.098553 0.553013 0.0 0.550377 -2.094596 -15.067274 -0.327548 0.036207 14.167834 136.0
106 9375.0 -0.092937 0.537002 0.0 0.572335 -2.094596 -15.067274 -0.327548 0.036207 14.167834 136.0
107 9375.0 -0.095265 0.518663 0.0 0.589947 -2.094596 -15.067274 -0.327548 0.036207 14.167834 136.0
108 9375.0 -0.106351 0.546101 0.0 0.551058 -2.094596 -15.067274 -0.327548 0.036207 14.167834 136.0
109 9375.0 -0.089544 0.529152 0.0 0.583651 -2.094596 -15.067274 -0.327548 0.036207 14.167834 136.0
110 9375.0 -0.101118 0.530434 0.0 0.572318 -2.094596 -15.067274 -0.327548 0.036207 14.167834 136.0
111 9375.0 -0.095024 0.542716 0.0 0.564427 -2.094596 -15.067274 -0.327548 0.036207 14.167834 136.0
112 9375.0 -0.102899 0.51661 0.0 0.585572 -2.094596 -15.067274 -0.327548 0.036207 14.167834 136.0
113 9375.0 -0.090632 0.492886 0.0 0.621505 -2.094596 -15.067274 -0.327548 0.036207 14.167834 136.0
114 9375.0 -0.107779 0.48925 0.0 0.610635 -2.094596 -15.067274 -0.327548 0.036207 14.167834 136.0
115 9375.0 -0.133013 0.484251 0.0 0.594264 -2.094596 -15.067274 -0.327548 0.036207 14.167834 136.0
116 9375.0 -0.147225 0.488467 0.0 0.577523 -2.094596 -15.067274 -0.327548 0.036207 14.167834 136.0
117 9375.0 -0.143916 0.501844 0.0 0.566063 -2.094596 -15.067274 -0.327548 0.036207 14.167834 136.0
118 9375.0 -0.143442 0.510055 0.0 0.557689 -2.094596 -15.067274 -0.327548 0.036207 14.167834 136.0
119 9375.0 -0.193131 0.509895 0.0 0.515093 -2.094596 -15.067274 -0.327548 0.036207 14.167834 136.0
120 9375.0 -0.211425 0.51534 0.0 0.490432 -2.094596 -15.067274 -0.327548 0.036207 14.167834 136.0
121 9375.0 -0.210895 0.503483 0.0 0.505202 -2.094596 -15.067274 -0.327548 0.036207 14.167834 136.0
122 9375.0 -0.241174 0.509117 0.0 0.468165 -2.094596 -15.067274 -0.327548 0.036207 14.167834 136.0
123 9375.0 -0.231348 0.500853 0.0 0.487914 -2.094596 -15.067274 -0.327548 0.036207 14.167834 136.0
124 9375.0 -0.237897 0.505571 0.0 0.4757 -2.094596 -15.067274 -0.327548 0.036207 14.167834 136.0
125 9375.0 -0.248004 0.487233 0.0 0.487619 -2.094596 -15.067274 -0.327548 0.036207 14.167834 136.0
126 9375.0 -0.272244 0.499754 0.0 0.448348 -2.094596 -15.067274 -0.327548 0.036207 14.167834 136.0
127 9375.0 -0.289414 0.494844 0.0 0.43708 -2.094596 -15.067274 -0.327548 0.036207 14.167834 136.0
128 9375.0 -0.27935 0.479151 0.0 0.465988 -2.094596 -15.067274 -0.327548 0.036207 14.167834 136.0
129 9375.0 -0.282003 0.50168 0.0 0.436279 -2.094596 -15.067274 -0.327548 0.036207 14.167834 136.0
130 9375.0 -0.301534 0.48586 0.0 0.435753 -2.094596 -15.067274 -0.327548 0.036207 14.167834 136.0
131 9375.0 -0.306697 0.502189 0.0 0.410981 -2.094596 -15.067274 -0.327548 0.036207 14.167834 136.0
132 9375.0 -0.319638 0.491896 0.0 0.410405 -2.094596 -15.067274 -0.327548 0.036207 14.167834 136.0
133 9375.0 -0.330828 0.508878 0.0 0.378823 -2.094596 -15.067274 -0.327548 0.036207 14.167834 136.0
134 9375.0 -0.33401 0.509995 0.0 0.374301 -2.094596 -15.067274 -0.327548 0.036207 14.167834 136.0
135 9375.0 -0.3323 0.527897 0.0 0.354511 -2.094596 -15.067274 -0.327548 0.036207 14.167834 136.0
136 9375.0 -0.324044 0.537366 0.0 0.351393 -2.094596 -15.067274 -0.327548 0.036207 14.167834 136.0
137 9375.0 -0.313441 0.5484 0.0 0.348741 -2.094596 -15.067274 -0.327548 0.036207 14.167834 136.0
138 9375.0 -0.346988 0.546361 0.0 0.317652 -2.094596 -15.067274 -0.327548 0.036207 14.167834 136.0
139 9375.0 -0.360607 0.561077 0.0 0.286363 -2.094596 -15.067274 -0.327548 0.036207 14.167834 136.0
140 9375.0 -0.331427 0.525983 0.0 0.357682 -2.094596 -15.067274 -0.327548 0.036207 14.167834 136.0
141 9375.0 -0.344964 0.506153 0.0 0.367964 -2.094596 -15.067274 -0.327548 0.036207 14.167834 136.0
142 9375.0 -0.367451 0.483796 0.0 0.372333 -2.094596 -15.067274 -0.327548 0.036207 14.167834 136.0
143 9375.0 -0.354628 0.494669 0.0 0.372095 -2.094596 -15.067274 -0.327548 0.036207 14.167834 136.0
144 9375.0 -0.374116 0.481479 0.0 0.368453 -2.094596 -15.067274 -0.327548 0.036207 14.167834 136.0
145 9375.0 -0.387906 0.496913 0.0 0.33613 -2.094596 -15.067274 -0.327548 0.036207 14.167834 136.0
146 9375.0 -0.40846 0.494245 0.0 0.318787 -2.094596 -15.067274 -0.327548 0.036207 14.167834 136.0
147 9375.0 -0.426697 0.499748 0.0 0.293947 -2.094596 -15.067274 -0.327548 0.036207 14.167834 136.0
148 9375.0 -0.445768 0.49812 0.0 0.276836 -2.094596 -15.067274 -0.327548 0.036207 14.167834 136.0
149 9375.0 -0.458474 0.495657 0.0 0.267091 -2.094596 -15.067274 -0.327548 0.036207 14.167834 136.0
150 9375.0 -0.482726 0.483503 0.0 0.257443 -2.094596 -15.067274 -0.327548 0.036207 14.167834 136.0
151 9375.0 -0.480594 0.489238 0.0 0.252686 -2.094596 -15.067274 -0.327548 0.036207 14.167834 136.0
152 9375.0 -0.502195 0.485596 0.0 0.235466 -2.094596 -15.067274 -0.327548 0.036207 14.167834 136.0
153 9375.0 -0.512629 0.501929 0.0 0.20542 -2.094596 -15.067274 -0.327548 0.036207 14.167834 136.0
154 9375.0 -0.522561 0.503689 0.0 0.193376 -2.094596 -15.067274 -0.327548 0.036207 14.167834 136.0
155 9375.0 -0.547724 0.464345 0.0 0.215471 -2.094596 -15.067274 -0.327548 0.036207 14.167834 136.0
156 9375.0 -0.524134 0.485364 0.0 0.213812 -2.094596 -15.067274 -0.327548 0.036207 14.167834 136.0
157 9375.0 -0.534123 0.501011 0.0 0.185034 -2.094596 -15.067274 -0.327548 0.036207 14.167834 136.0
158 9375.0 -0.504652 0.526591 0.0 0.183775 -2.094596 -15.067274 -0.327548 0.036207 14.167834 136.0
159 9375.0 -0.509796 0.528448 0.0 0.176402 -2.094596 -15.067274 -0.327548 0.036207 14.167834 136.0
160 9375.0 -0.490304 0.514436 0.0 0.212718 -2.094596 -15.067274 -0.327548 0.036207 14.167834 136.0
161 9375.0 -0.504346 0.523914 0.0 0.187298 -2.094596 -15.067274 -0.327548 0.036207 14.167834 136.0
162 9375.0 -0.497963 0.509987 0.0 0.210403 -2.094596 -15.067274 -0.327548 0.036207 14.167834 136.0
163 9375.0 -0.493132 0.488012 0.0 0.241625 -2.094596 -15.067274 -0.327548 0.036207 14.167834 136.0
164 9375.0 -0.500837 0.505093 0.0 0.213407 -2.094596 -15.067274 -0.327548 0.036207 14.167834 136.0
165 9375.0 -0.499136 0.527858 0.0 0.187769 -2.094596 -15.067274 -0.327548 0.036207 14.167834 136.0
166 9375.0 -0.51839 0.536963 0.0 0.157586 -2.094596 -15.067274 -0.327548 0.036207 14.167834 136.0
167 9375.0 -0.516731 0.533478 0.0 0.163429 -2.094596 -15.067274 -0.327548 0.036207 14.167834 136.0
168 9375.0 -0.552737 0.518711 0.0 0.145168 -2.094596 -15.067274 -0.327548 0.036207 14.167834 136.0
169 9375.0 -0.557899 0.506257 0.0 0.154964 -2.094596 -15.067274 -0.327548 0.036207 14.167834 136.0
170 9375.0 -0.559752 0.519094 0.0 0.137695 -2.094596 -15.067274 -0.327548 0.036207 14.167834 136.0
171 9375.0 -0.581145 0.543091 0.0 0.087489 -2.094596 -15.067274 -0.327548 0.036207 14.167834 136.0
172 9375.0 -0.619512 0.531087 0.0 0.063549 -2.094596 -15.067274 -0.327548 0.036207 14.167834 136.0
173 9375.0 -0.638071 0.537383 0.0 0.037434 -2.094596 -15.067274 -0.327548 0.036207 14.167834 136.0
174 9375.0 -0.635227 0.54223 0.0 0.034456 -2.094596 -15.067274 -0.327548 0.036207 14.167834 136.0
175 9375.0 -0.646221 0.55203 0.0 0.011696 -2.094596 -15.067274 -0.327548 0.036207 14.167834 136.0
176 9375.0 -0.629461 0.571773 0.0 0.00474 -2.094596 -15.067274 -0.327548 0.036207 14.167834 136.0
177 9375.0 -0.648689 0.560375 0.0 -0.000794 -2.094596 -15.067274 -0.327548 0.036207 14.167834 136.0
178 9375.0 -0.662599 0.566363 0.0 -0.021891 -2.094596 -15.067274 -0.327548 0.036207 14.167834 136.0
179 9375.0 -0.689363 0.57199 0.0 -0.055406 -2.094596 -15.067274 -0.327548 0.036207 14.167834 136.0
180 9375.0 -0.701448 0.572316 0.0 -0.067879 -2.094596 -15.067274 -0.327548 0.036207 14.167834 136.0
181 9375.0 -0.700418 0.574725 0.0 -0.069741 -2.094596 -15.067274 -0.327548 0.036207 14.167834 136.0
182 9375.0 -0.70844 0.565044 0.0 -0.066135 -2.094596 -15.067274 -0.327548 0.036207 14.167834 136.0
183 9375.0 -0.72512 0.565532 0.0 -0.083396 -2.094596 -15.067274 -0.327548 0.036207 14.167834 136.0
184 9375.0 -0.715763 0.570819 0.0 -0.080391 -2.094596 -15.067274 -0.327548 0.036207 14.167834 136.0
185 9375.0 -0.710089 0.587141 0.0 -0.094321 -2.094596 -15.067274 -0.327548 0.036207 14.167834 136.0
186 9375.0 -0.742543 0.603631 0.0 -0.14657 -2.094596 -15.067274 -0.327548 0.036207 14.167834 136.0
187 9375.0 -0.723056 0.642926 0.0 -0.175481 -2.094596 -15.067274 -0.327548 0.036207 14.167834 136.0
188 9375.0 -0.714549 0.653968 0.0 -0.18071 -2.094596 -15.067274 -0.327548 0.036207 14.167834 136.0
189 9375.0 -0.725456 0.655525 0.0 -0.193551 -2.094596 -15.067274 -0.327548 0.036207 14.167834 136.0
190 9375.0 -0.739572 0.667867 0.0 -0.219173 -2.094596 -15.067274 -0.327548 0.036207 14.167834 136.0
191 9375.0 -0.729058 0.666393 0.0 -0.208317 -2.094596 -15.067274 -0.327548 0.036207 14.167834 136.0
192 9375.0 -0.744041 0.656388 0.0 -0.210882 -2.094596 -15.067274 -0.327548 0.036207 14.167834 136.0
193 9375.0 -0.735909 0.650258 0.0 -0.197165 -2.094596 -15.067274 -0.327548 0.036207 14.167834 136.0
194 9375.0 -0.72618 0.658084 0.0 -0.196918 -2.094596 -15.067274 -0.327548 0.036207 14.167834 136.0
195 9375.0 -0.728981 0.641236 0.0 -0.179374 -2.094596 -15.067274 -0.327548 0.036207 14.167834 136.0
196 9375.0 -0.716535 0.655076 0.0 -0.184119 -2.094596 -15.067274 -0.327548 0.036207 14.167834 136.0
197 9375.0 -0.757092 0.646347 0.0 -0.2117 -2.094596 -15.067274 -0.327548 0.036207 14.167834 136.0
198 9375.0 -0.766823 0.654955 0.0 -0.22947 -2.094596 -15.067274 -0.327548 0.036207 14.167834 136.0
199 9375.0 -0.770725 0.678987 0.0 -0.258534 -2.094596 -15.067274 -0.327548 0.036207 14.167834 136.0
200 9375.0 -0.782418 0.716319 0.0 -0.310109 -2.094596 -15.067274 -0.327548 0.036207 14.167834 136.0
201 9375.0 -0.780174 0.73716 0.0 -0.336829 -2.094596 -15.067274 -0.327548 0.036207 14.167834 136.0
202 9375.0 -0.793321 0.731897 0.0 -0.342311 -2.094596 -15.067274 -0.327548 0.036207 14.167834 136.0
203 9375.0 -0.822435 0.72641 0.0 -0.363004 -2.094596 -15.067274 -0.327548 0.036207 14.167834 136.0
204 9375.0 -0.83174 0.732347 0.0 -0.380282 -2.094596 -15.067274 -0.327548 0.036207 14.167834 136.0
205 9375.0 -0.836613 0.730508 0.0 -0.382469 -2.094596 -15.067274 -0.327548 0.036207 14.167834 136.0
206 9375.0 -0.830702 0.743006 0.0 -0.394055 -2.094596 -15.067274 -0.327548 0.036207 14.167834 136.0
207 9375.0 -0.829858 0.767673 0.0 -0.42744 -2.094596 -15.067274 -0.327548 0.036207 14.167834 136.0
208 9375.0 -0.841691 0.759918 0.0 -0.428188 -2.094596 -15.067274 -0.327548 0.036207 14.167834 136.0
209 9375.0 -0.834088 0.773545 0.0 -0.439695 -2.094596 -15.067274 -0.327548 0.036207 14.167834 136.0
210 9375.0 -0.842953 0.776072 0.0 -0.451817 -2.094596 -15.067274 -0.327548 0.036207 14.167834 136.0
211 9375.0 -0.848531 0.802025 0.0 -0.493229 -2.094596 -15.067274 -0.327548 0.036207 14.167834 136.0
212 9375.0 -0.851528 0.808212 0.0 -0.504723 -2.094596 -15.067274 -0.327548 0.036207 14.167834 136.0
213 9375.0 -0.849249 0.810022 0.0 -0.50504 -2.094596 -15.067274 -0.327548 0.036207 14.167834 136.0
214 9375.0 -0.849211 0.811673 0.0 -0.507566 -2.094596 -15.067274 -0.327548 0.036207 14.167834 136.0
215 9375.0 -0.817275 0.820227 0.0 -0.488659 -2.094596 -15.067274 -0.327548 0.036207 14.167834 136.0
216 9375.0 -0.822007 0.839634 0.0 -0.523571 -2.094596 -15.067274 -0.327548 0.036207 14.167834 136.0
217 9375.0 -0.85336 0.869247 0.0 -0.600156 -2.094596 -15.067274 -0.327548 0.036207 14.167834 136.0
218 9375.0 -0.871284 0.869637 0.0 -0.617965 -2.094596 -15.067274 -0.327548 0.036207 14.167834 136.0
219 9375.0 -0.857808 0.90195 0.0 -0.654512 -2.094596 -15.067274 -0.327548 0.036207 14.167834 136.0
220 9375.0 -0.900848 0.95441 0.0 -0.765443 -2.094596 -15.067274 -0.327548 0.036207 14.167834 136.0
221 9375.0 -0.907971 0.974429 0.0 -0.791778 -2.094596 -15.067274 -0.327548 0.036207 14.167834 136.0
222 9375.0 -0.927601 1.010834 0.0 -0.841972 -2.094596 -15.067274 -0.327548 0.036207 14.167834 136.0
223 9375.0 -0.906772 1.046715 0.0 -0.861941 -2.094596 -15.067274 -0.327548 0.036207 14.167834 136.0
224 9375.0 -0.922292 1.059256 0.0 -0.885664 -2.094596 -15.067274 -0.327548 0.036207 14.167834 136.0
225 9375.0 -0.905525 1.074886 0.0 -0.888713 -2.094596 -15.067274 -0.327548 0.036207 14.167834 136.0
226 9375.0 -0.891534 1.066658 0.0 -0.870352 -2.094596 -15.067274 -0.327548 0.036207 14.167834 136.0
227 9375.0 -0.882083 1.080068 0.0 -0.876592 -2.094596 -15.067274 -0.327548 0.036207 14.167834 136.0
228 9375.0 -0.875937 1.093501 0.0 -0.88528 -2.094596 -15.067274 -0.327548 0.036207 14.167834 136.0
229 9375.0 -0.837037 1.086725 0.0 -0.850057 -2.094596 -15.067274 -0.327548 0.036207 14.167834 136.0
230 9375.0 -0.838224 1.105244 0.0 -0.869129 -2.094596 -15.067274 -0.327548 0.036207 14.167834 136.0
231 9375.0 -0.816434 1.131218 0.0 -0.878655 -2.094596 -15.067274 -0.327548 0.036207 14.167834 136.0
232 9375.0 -0.821968 1.124512 0.0 -0.876128 -2.094596 -15.067274 -0.327548 0.036207 14.167834 136.0
233 9375.0 -0.833463 1.162709 0.0 -0.92211 -2.094596 -15.067274 -0.327548 0.036207 14.167834 136.0
234 9375.0 -0.831379 1.176473 0.0 -0.934107 -2.094596 -15.067274 -0.327548 0.036207 14.167834 136.0
235 9375.0 -0.828264 1.174212 0.0 -0.929598 -2.094596 -15.067274 -0.327548 0.036207 14.167834 136.0
236 9375.0 -0.829309 1.201802 0.0 -0.957481 -2.094596 -15.067274 -0.327548 0.036207 14.167834 136.0
237 9375.0 -0.816467 1.18246 0.0 -0.929041 -2.094596 -15.067274 -0.327548 0.036207 14.167834 136.0
238 9375.0 -0.789441 1.189455 0.0 -0.916071 -2.094596 -15.067274 -0.327548 0.036207 14.167834 136.0
239 9375.0 -0.781397 1.197518 0.0 -0.918088 -2.094596 -15.067274 -0.327548 0.036207 14.167834 136.0
240 9375.0 -0.776299 1.207271 0.0 -0.92393 -2.094596 -15.067274 -0.327548 0.036207 14.167834 136.0
241 9375.0 -0.770332 1.233684 0.0 -0.945507 -2.094596 -15.067274 -0.327548 0.036207 14.167834 136.0
242 9375.0 -0.779797 1.23721 0.0 -0.955923 -2.094596 -15.067274 -0.327548 0.036207 14.167834 136.0
243 9375.0 -0.795211 1.251109 0.0 -0.977983 -2.094596 -15.067274 -0.327548 0.036207 14.167834 136.0
244 9375.0 -0.81107 1.271583 0.0 -1.002179 -2.094596 -15.067274 -0.327548 0.036207 14.167834 136.0
245 9375.0 -0.799886 1.278601 0.0 -0.999376 -2.094596 -15.067274 -0.327548 0.036207 14.167834 136.0
246 9375.0 -0.792986 1.270968 0.0 -0.989745 -2.094596 -15.067274 -0.327548 0.036207 14.167834 136.0
247 9375.0 -0.762322 1.253362 0.0 -0.957617 -2.094596 -15.067274 -0.327548 0.036207 14.167834 136.0
248 9375.0 -0.776062 1.294813 0.0 -0.993955 -2.094596 -15.067274 -0.327548 0.036207 14.167834 136.0
249 9375.0 -0.758847 1.282251 0.0 -0.974292 -2.094596 -15.067274 -0.327548 0.036207 14.167834 136.0
250 9375.0 -0.753318 1.299198 0.0 -0.981584 -2.094596 -15.067274 -0.327548 0.036207 14.167834 136.0
251 9375.0 -0.746926 1.316106 0.0 -0.988275 -2.094596 -15.067274 -0.327548 0.036207 14.167834 136.0
252 9375.0 -0.737793 1.315378 0.0 -0.981694 -2.094596 -15.067274 -0.327548 0.036207 14.167834 136.0
253 9375.0 -0.729687 1.299453 0.0 -0.965943 -2.094596 -15.067274 -0.327548 0.036207 14.167834 136.0
254 9375.0 -0.738769 1.289802 0.0 -0.965758 -2.094596 -15.067274 -0.327548 0.036207 14.167834 136.0
255 9375.0 -0.727959 1.282783 0.0 -0.953975 -2.094596 -15.067274 -0.327548 0.036207 14.167834 136.0
256 9375.0 -0.723649 1.310613 0.0 -0.969142 -2.094596 -15.067274 -0.327548 0.036207 14.167834 136.0
257 9375.0 -0.711792 1.298877 0.0 -0.953598 -2.094596 -15.067274 -0.327548 0.036207 14.167834 136.0
258 9375.0 -0.692247 1.307876 0.0 -0.94636 -2.094596 -15.067274 -0.327548 0.036207 14.167834 136.0
259 9375.0 -0.676803 1.315084 0.0 -0.940705 -2.094596 -15.067274 -0.327548 0.036207 14.167834 136.0
260 9375.0 -0.703764 1.331554 0.0 -0.969422 -2.094596 -15.067274 -0.327548 0.036207 14.167834 136.0
261 9375.0 -0.687713 1.334006 0.0 -0.960276 -2.094596 -15.067274 -0.327548 0.036207 14.167834 136.0
262 9375.0 -0.680836 1.332152 0.0 -0.954473 -2.094596 -15.067274 -0.327548 0.036207 14.167834 136.0
263 9375.0 -0.678311 1.349053 0.0 -0.963746 -2.094596 -15.067274 -0.327548 0.036207 14.167834 136.0
264 9375.0 -0.66857 1.334725 0.0 -0.947937 -2.094596 -15.067274 -0.327548 0.036207 14.167834 136.0
265 9375.0 -0.644981 1.344014 0.0 -0.938182 -2.094596 -15.067274 -0.327548 0.036207 14.167834 136.0
266 9375.0 -0.636881 1.327413 0.0 -0.921996 -2.094596 -15.067274 -0.327548 0.036207 14.167834 136.0
267 9375.0 -0.622925 1.326999 0.0 -0.912303 -2.094596 -15.067274 -0.327548 0.036207 14.167834 136.0
268 9375.0 -0.629797 1.350916 0.0 -0.932602 -2.094596 -15.067274 -0.327548 0.036207 14.167834 136.0
269 9375.0 -0.629749 1.368167 0.0 -0.948104 -2.094596 -15.067274 -0.327548 0.036207 14.167834 136.0
270 9375.0 -0.616416 1.355832 0.0 -0.928519 -2.094596 -15.067274 -0.327548 0.036207 14.167834 136.0
271 9375.0 -0.608658 1.346813 0.0 -0.915358 -2.094596 -15.067274 -0.327548 0.036207 14.167834 136.0
272 9375.0 -0.591807 1.353024 0.0 -0.909327 -2.094596 -15.067274 -0.327548 0.036207 14.167834 136.0
273 9375.0 -0.581643 1.331657 0.0 -0.885837 -2.094596 -15.067274 -0.327548 0.036207 14.167834 136.0
274 9375.0 -0.58851 1.315556 0.0 -0.879966 -2.094596 -15.067274 -0.327548 0.036207 14.167834 136.0
275 9375.0 -0.597558 1.350608 0.0 -0.911032 -2.094596 -15.067274 -0.327548 0.036207 14.167834 136.0
276 9375.0 -0.607726 1.366796 0.0 -0.932864 -2.094596 -15.067274 -0.327548 0.036207 14.167834 136.0
277 9375.0 -0.615623 1.340488 0.0 -0.91611 -2.094596 -15.067274 -0.327548 0.036207 14.167834 136.0
278 9375.0 -0.631864 1.358608 0.0 -0.940842 -2.094596 -15.067274 -0.327548 0.036207 14.167834 136.0
279 9375.0 -0.641281 1.342873 0.0 -0.934967 -2.094596 -15.067274 -0.327548 0.036207 14.167834 136.0
280 9375.0 -0.633915 1.353458 0.0 -0.937509 -2.094596 -15.067274 -0.327548 0.036207 14.167834 136.0
281 9375.0 -0.621504 1.359688 0.0 -0.935226 -2.094596 -15.067274 -0.327548 0.036207 14.167834 136.0
282 9375.0 -0.613512 1.359166 0.0 -0.929674 -2.094596 -15.067274 -0.327548 0.036207 14.167834 136.0
283 9375.0 -0.62281 1.382032 0.0 -0.956175 -2.094596 -15.067274 -0.327548 0.036207 14.167834 136.0
284 9375.0 -0.583114 1.400171 0.0 -0.946133 -2.094596 -15.067274 -0.327548 0.036207 14.167834 136.0
285 9375.0 -0.581884 1.397492 0.0 -0.94329 -2.094596 -15.067274 -0.327548 0.036207 14.167834 136.0
286 9375.0 -0.590574 1.413671 0.0 -0.958683 -2.094596 -15.067274 -0.327548 0.036207 14.167834 136.0
287 9375.0 -0.602537 1.426217 0.0 -0.972889 -2.094596 -15.067274 -0.327548 0.036207 14.167834 136.0
