 time p.x p.y p.z deep.node-0 CV opes.bias opes.rct opes.zed opes.neff opes.nker
0 3480.0 -0.276737 0.500094 0.0 0.443449 -1.2978 -15.609329 -0.228011 0.039711 14.167834 124.0
1 3480.0 -0.27609 0.451468 0.0 0.502493 -1.2978 -15.609329 -0.228011 0.039711 14.167834 124.0
2 3480.0 -0.298379 0.440308 0.0 0.493614 -1.2978 -15.609329 -0.228011 0.039711 14.167834 124.0
3 3480.0 -0.289485 0.459651 0.0 0.479274 -1.2978 -15.609329 -0.228011 0.039711 14.167834 124.0
4 3480.0 -0.317241 0.468789 0.0 0.440551 -1.2978 -15.609329 -0.228011 0.039711 14.167834 124.0
5 3480.0 -0.32357 0.492481 0.0 0.405772 -1.2978 -15.609329 -0.228011 0.039711 14.167834 124.0
6 3480.0 -0.31298 0.504597 0.0 0.401808 -1.2978 -15.609329 -0.228011 0.039711 14.167834 124.0
7 3480.0 -0.309231 0.515485 0.0 0.39248 -1.2978 -15.609329 -0.228011 0.039711 14.167834 124.0
8 3480.0 -0.315019 0.515949 0.0 0.386136 -1.2978 -15.609329 -0.228011 0.039711 14.167834 124.0
9 3480.0 -0.345593 0.49235 0.0 0.383913 -1.2978 -15.609329 -0.228011 0.039711 14.167834 124.0
10 3480.0 -0.345872 0.502805 0.0 0.371077 -1.2978 -15.609329 -0.228011 0.039711 14.167834 124.0
11 3480.0 -0.35748 0.517354 0.0 0.342 -1.2978 -15.609329 -0.228011 0.039711 14.167834 124.0
12 3480.0 -0.373402 0.511177 0.0 0.3335 -1.2978 -15.609329 -0.228011 0.039711 14.167834 124.0
13 3480.0 -0.384549 0.488264 0.0 0.349874 -1.2978 -15.609329 -0.228011 0.039711 14.167834 124.0
14 3480.0 -0.381542 0.468531 0.0 0.376578 -1.2978 -15.609329 -0.228011 0.039711 14.167834 124.0
15 3480.0 -0.39767 0.485609 0.0 0.339945 -1.2978 -15.609329 -0.228011 0.039711 14.167834 124.0
16 3480.0 -0.408135 0.515672 0.0 0.293379 -1.2978 -15.609329 -0.228011 0.039711 14.167834 124.0
17 3480.0 -0.410159 0.532293 0.0 0.271394 -1.2978 -15.609329 -0.228011 0.039711 14.167834 124.0
18 3480.0 -0.421959 0.558987 0.0 0.227539 -1.2978 -15.609329 -0.228011 0.039711 14.167834 124.0
19 3480.0 -0.428274 0.535068 0.0 0.249952 -1.2978 -15.609329 -0.228011 0.039711 14.167834 124.0
20 3480.0 -0.422659 0.507626 0.0 0.288521 -1.2978 -15.609329 -0.228011 0.039711 14.167834 124.0
21 3480.0 -0.440377 0.531536 0.0 0.242094 -1.2978 -15.609329 -0.228011 0.039711 14.167834 124.0
22 3480.0 -0.454993 0.541163 0.0 0.215921 -1.2978 -15.609329 -0.228011 0.039711 14.167834 124.0
23 3480.0 -0.447163 0.548862 0.0 0.214502 -1.2978 -15.609329 -0.228011 0.039711 14.167834 124.0
24 3480.0 -0.467189 0.567263 0.0 0.172382 -1.2978 -15.609329 -0.228011 0.039711 14.167834 124.0
25 3480.0 -0.45064 0.60271 0.0 0.146356 -1.2978 -15.609329 -0.228011 0.039711 14.167834 124.0
26 3480.0 -0.451711 0.566523 0.0 0.188745 -1.2978 -15.609329 -0.228011 0.039711 14.167834 124.0
27 3480.0 -0.465321 0.562264 0.0 0.180254 -1.2978 -15.609329 -0.228011 0.039711 14.167834 124.0
28 3480.0 -0.476198 0.579071 0.0 0.149195 -1.2978 -15.609329 -0.228011 0.039711 14.167834 124.0
29 3480.0 -0.467393 0.570341 0.0 0.168482 -1.2978 -15.609329 -0.228011 0.039711 14.167834 124.0
30 3480.0 -0.481604 0.550951 0.0 0.177563 -1.2978 -15.609329 -0.228011 0.039711 14.167834 124.0
31 3480.0 -0.507482 0.559252 0.0 0.141722 -1.2978 -15.609329 -0.228011 0.039711 14.167834 124.0
32 3480.0 -0.52295 0.561187 0.0 0.123935 -1.2978 -15.609329 -0.228011 0.039711 14.167834 124.0
33 3480.0 -0.512368 0.576799 0.0 0.115764 -1.2978 -15.609329 -0.228011 0.039711 14.167834 124.0
34 3480.0 -0.520087 0.588261 0.0 0.094282 -1.2978 -15.609329 -0.228011 0.039711 14.167834 124.0
35 3480.0 -0.547521 0.58214 0.0 0.074207 -1.2978 -15.609329 -0.228011 0.039711 14.167834 124.0
36 3480.0 -0.567815 0.568633 0.0 0.07014 -1.2978 -15.609329 -0.228011 0.039711 14.167834 124.0
37 3480.0 -0.562944 0.586657 0.0 0.053363 -1.2978 -15.609329 -0.228011 0.039711 14.167834 124.0
38 3480.0 -0.593938 0.587354 0.0 0.021541 -1.2978 -15.609329 -0.228011 0.039711 14.167834 124.0
39 3480.0 -0.622206 0.557227 0.0 0.029462 -1.2978 -15.609329 -0.228011 0.039711 14.167834 124.0
40 3480.0 -0.630987 0.554433 0.0 0.02404 -1.2978 -15.609329 -0.228011 0.039711 14.167834 124.0
41 3480.0 -0.641477 0.52894 0.0 0.044168 -1.2978 -15.609329 -0.228011 0.039711 14.167834 124.0
42 3480.0 -0.660682 0.510953 0.0 0.04657 -1.2978 -15.609329 -0.228011 0.039711 14.167834 124.0
43 3480.0 -0.678106 0.523685 0.0 0.013861 -1.2978 -15.609329 -0.228011 0.039711 14.167834 124.0
44 3480.0 -0.689327 0.538289 0.0 -0.014895 -1.2978 -15.609329 -0.228011 0.039711 14.167834 124.0
45 3480.0 -0.712513 0.536442 0.0 -0.035857 -1.2978 -15.609329 -0.228011 0.039711 14.167834 124.0
46 3480.0 -0.701914 0.540007 0.0 -0.029542 -1.2978 -15.609329 -0.228011 0.039711 14.167834 124.0
47 3480.0 -0.716401 0.554202 0.0 -0.061073 -1.2978 -15.609329 -0.228011 0.039711 14.167834 124.0
48 3480.0 -0.7023 0.555622 0.0 -0.048682 -1.2978 -15.609329 -0.228011 0.039711 14.167834 124.0
49 3480.0 -0.718358 0.554997 0.0 -0.063983 -1.2978 -15.609329 -0.228011 0.039711 14.167834 124.0
50 3480.0 -0.735869 0.57719 0.0 -0.108144 -1.2978 -15.609329 -0.228011 0.039711 14.167834 124.0
51 3480.0 -0.701048 0.587241 0.0 -0.085403 -1.2978 -15.609329 -0.228011 0.039711 14.167834 124.0
52 3480.0 -0.703213 0.590538 0.0 -0.091527 -1.2978 -15.609329 -0.228011 0.039711 14.167834 124.0
53 3480.0 -0.682841 0.620319 0.0 -0.106926 -1.2978 -15.609329 -0.228011 0.039711 14.167834 124.0
54 3480.0 -0.690407 0.641616 0.0 -0.140688 -1.2978 -15.609329 -0.228011 0.039711 14.167834 124.0
55 3480.0 -0.676033 0.665026 0.0 -0.15549 -1.2978 -15.609329 -0.228011 0.039711 14.167834 124.0
56 3480.0 -0.699501 0.639251 0.0 -0.146951 -1.2978 -15.609329 -0.228011 0.039711 14.167834 124.0
57 3480.0 -0.711452 0.641272 0.0 -0.161622 -1.2978 -15.609329 -0.228011 0.039711 14.167834 124.0
58 3480.0 -0.704264 0.658135 0.0 -0.1755 -1.2978 -15.609329 -0.228011 0.039711 14.167834 124.0
59 3480.0 -0.728954 0.675784 0.0 -0.218237 -1.2978 -15.609329 -0.228011 0.039711 14.167834 124.0
60 3480.0 -0.748779 0.667644 0.0 -0.227064 -1.2978 -15.609329 -0.228011 0.039711 14.167834 124.0
61 3480.0 -0.783553 0.655083 0.0 -0.244378 -1.2978 -15.609329 -0.228011 0.039711 14.167834 124.0
62 3480.0 -0.784551 0.65021 0.0 -0.240064 -1.2978 -15.609329 -0.228011 0.039711 14.167834 124.0
63 3480.0 -0.780082 0.628764 0.0 -0.213255 -1.2978 -15.609329 -0.228011 0.039711 14.167834 124.0
64 3480.0 -0.785842 0.640668 0.0 -0.231032 -1.2978 -15.609329 -0.228011 0.039711 14.167834 124.0
65 3480.0 -0.78619 0.662289 0.0 -0.254388 -1.2978 -15.609329 -0.228011 0.039711 14.167834 124.0
66 3480.0 -0.779667 0.677391 0.0 -0.264727 -1.2978 -15.609329 -0.228011 0.039711 14.167834 124.0
67 3480.0 -0.77238 0.647721 0.0 -0.226664 -1.2978 -15.609329 -0.228011 0.039711 14.167834 124.0
68 3480.0 -0.770036 0.678107 0.0 -0.256987 -1.2978 -15.609329 -0.228011 0.039711 14.167834 124.0
69 3480.0 -0.77692 0.683391 0.0 -0.268699 -1.2978 -15.609329 -0.228011 0.039711 14.167834 124.0
70 3480.0 -0.790315 0.719773 0.0 -0.322575 -1.2978 -15.609329 -0.228011 0.039711 14.167834 124.0
71 3480.0 -0.799981 0.725633 0.0 -0.340099 -1.2978 -15.609329 -0.228011 0.039711 14.167834 124.0
72 3480.0 -0.808947 0.747003 0.0 -0.378449 -1.2978 -15.609329 -0.228011 0.039711 14.167834 124.0
73 3480.0 -0.817287 0.746582 0.0 -0.385973 -1.2978 -15.609329 -0.228011 0.039711 14.167834 124.0
74 3480.0 -0.835927 0.742159 0.0 -0.397958 -1.2978 -15.609329 -0.228011 0.039711 14.167834 124.0
75 3480.0 -0.826255 0.733594 0.0 -0.376679 -1.2978 -15.609329 -0.228011 0.039711 14.167834 124.0
76 3480.0 -0.808157 0.763117 0.0 -0.400026 -1.2978 -15.609329 -0.228011 0.039711 14.167834 124.0
77 3480.0 -0.793685 0.788988 0.0 -0.421835 -1.2978 -15.609329 -0.228011 0.039711 14.167834 124.0
78 3480.0 -0.832752 0.794704 0.0 -0.467739 -1.2978 -15.609329 -0.228011 0.039711 14.167834 124.0
79 3480.0 -0.809684 0.801845 0.0 -0.455216 -1.2978 -15.609329 -0.228011 0.039711 14.167834 124.0
80 3480.0 -0.825607 0.836595 0.0 -0.52248 -1.2978 -15.609329 -0.228011 0.039711 14.167834 124.0
81 3480.0 -0.854314 0.860412 0.0 -0.587541 -1.2978 -15.609329 -0.228011 0.039711 14.167834 124.0
82 3480.0 -0.862849 0.864364 0.0 -0.601788 -1.2978 -15.609329 -0.228011 0.039711 14.167834 124.0
83 3480.0 -0.871426 0.892692 0.0 -0.653409 -1.2978 -15.609329 -0.228011 0.039711 14.167834 124.0
84 3480.0 -0.901295 0.92293 0.0 -0.722471 -1.2978 -15.609329 -0.228011 0.039711 14.167834 124.0
85 3480.0 -0.925201 0.940058 0.0 -0.766836 -1.2978 -15.609329 -0.228011 0.039711 14.167834 124.0
86 3480.0 -0.913379 0.976591 0.0 -0.797875 -1.2978 -15.609329 -0.228011 0.039711 14.167834 124.0
87 3480.0 -0.9096 1.036562 0.0 -0.85404 -1.2978 -15.609329 -0.228011 0.039711 14.167834 124.0
88 3480.0 -0.90888 1.056006 0.0 -0.872621 -1.2978 -15.609329 -0.228011 0.039711 14.167834 124.0
89 3480.0 -0.873319 1.058777 0.0 -0.849231 -1.2978 -15.609329 -0.228011 0.039711 14.167834 124.0
90 3480.0 -0.855434 1.071715 0.0 -0.848814 -1.2978 -15.609329 -0.228011 0.039711 14.167834 124.0
91 3480.0 -0.852264 1.104399 0.0 -0.878608 -1.2978 -15.609329 -0.228011 0.039711 14.167834 124.0
92 3480.0 -0.834691 1.130617 0.0 -0.891472 -1.2978 -15.609329 -0.228011 0.039711 14.167834 124.0
93 3480.0 -0.801752 1.150244 0.0 -0.886573 -1.2978 -15.609329 -0.228011 0.039711 14.167834 124.0
94 3480.0 -0.781814 1.168573 0.0 -0.889947 -1.2978 -15.609329 -0.228011 0.039711 14.167834 124.0
95 3480.0 -0.756124 1.176694 0.0 -0.879064 -1.2978 -15.609329 -0.228011 0.039711 14.167834 124.0
96 3480.0 -0.771588 1.178576 0.0 -0.892269 -1.2978 -15.609329 -0.228011 0.039711 14.167834 124.0
97 3480.0 -0.753039 1.214508 0.0 -0.913962 -1.2978 -15.609329 -0.228011 0.039711 14.167834 124.0
98 3480.0 -0.734488 1.232966 0.0 -0.918481 -1.2978 -15.609329 -0.228011 0.039711 14.167834 124.0
99 3480.0 -0.722794 1.219821 0.0 -0.896976 -1.2978 -15.609329 -0.228011 0.039711 14.167834 124.0
100 3480.0 -0.724824 1.23486 0.0 -0.913246 -1.2978 -15.609329 -0.228011 0.039711 14.167834 124.0
101 3480.0 -0.700762 1.222418 0.0 -0.883348 -1.2978 -15.609329 -0.228011 0.039711 14.167834 124.0
102 3480.0 -0.699202 1.235845 0.0 -0.895399 -1.2978 -15.609329 -0.228011 0.039711 14.167834 124.0
103 3480.0 -0.683374 1.246982 0.0 -0.894723 -1.2978 -15.609329 -0.228011 0.039711 14.167834 124.0
104 3480.0 -0.662395 1.271268 0.0 -0.902648 -1.2978 -15.609329 -0.228011 0.039711 14.167834 124.0
105 3480.0 -0.665861 1.278128 0.0 -0.909416 -1.2978 -15.609329 -0.228011 0.039711 14.167834 124.0
106 3480.0 -0.673509 1.274446 0.0 -0.912144 -1.2978 -15.609329 -0.228011 0.039711 14.167834 124.0
107 3480.0 -0.688559 1.301802 0.0 -0.939955 -1.2978 -15.609329 -0.228011 0.039711 14.167834 124.0
108 3480.0 -0.681712 1.296073 0.0 -0.931658 -1.2978 -15.609329 -0.228011 0.039711 14.167834 124.0
109 3480.0 -0.666452 1.345992 0.0 -0.953827 -1.2978 -15.609329 -0.228011 0.039711 14.167834 124.0
110 3480.0 -0.649728 1.329922 0.0 -0.932217 -1.2978 -15.609329 -0.228011 0.039711 14.167834 124.0
111 3480.0 -0.62873 1.383815 0.0 -0.961545 -1.2978 -15.609329 -0.228011 0.039711 14.167834 124.0
112 3480.0 -0.594204 1.377948 0.0 -0.933947 -1.2978 -15.609329 -0.228011 0.039711 14.167834 124.0
113 3480.0 -0.605988 1.375528 0.0 -0.939621 -1.2978 -15.609329 -0.228011 0.039711 14.167834 124.0
114 3480.0 -0.594489 1.361468 0.0 -0.918948 -1.2978 -15.609329 -0.228011 0.039711 14.167834 124.0
115 3480.0 -0.621013 1.344367 0.0 -0.922378 -1.2978 -15.609329 -0.228011 0.039711 14.167834 124.0
116 3480.0 -0.632751 1.345582 0.0 -0.931018 -1.2978 -15.609329 -0.228011 0.039711 14.167834 124.0
117 3480.0 -0.618928 1.352072 0.0 -0.926731 -1.2978 -15.609329 -0.228011 0.039711 14.167834 124.0
118 3480.0 -0.610887 1.361097 0.0 -0.929743 -1.2978 -15.609329 -0.228011 0.039711 14.167834 124.0
119 3480.0 -0.616198 1.404289 0.0 -0.968135 -1.2978 -15.609329 -0.228011 0.039711 14.167834 124.0
120 3480.0 -0.61499 1.395619 0.0 -0.962417 -1.2978 -15.609329 -0.228011 0.039711 14.167834 124.0
121 3480.0 -0.614441 1.390037 0.0 -0.95806 -1.2978 -15.609329 -0.228011 0.039711 14.167834 124.0
122 3480.0 -0.613459 1.408698 0.0 -0.969095 -1.2978 -15.609329 -0.228011 0.039711 14.167834 124.0
123 3480.0 -0.603391 1.403777 0.0 -0.960401 -1.2978 -15.609329 -0.228011 0.039711 14.167834 124.0
124 3480.0 -0.611808 1.403765 0.0 -0.965282 -1.2978 -15.609329 -0.228011 0.039711 14.167834 124.0
125 3480.0 -0.633622 1.393776 0.0 -0.972103 -1.2978 -15.609329 -0.228011 0.039711 14.167834 124.0
126 3480.0 -0.598511 1.41318 0.0 -0.963008 -1.2978 -15.609329 -0.228011 0.039711 14.167834 124.0
127 3480.0 -0.583606 1.408421 0.0 -0.951394 -1.2978 -15.609329 -0.228011 0.039711 14.167834 124.0
128 3480.0 -0.594907 1.412946 0.0 -0.96078 -1.2978 -15.609329 -0.228011 0.039711 14.167834 124.0
129 3480.0 -0.591236 1.395583 0.0 -0.948 -1.2978 -15.609329 -0.228011 0.039711 14.167834 124.0
130 3480.0 -0.578809 1.40092 0.0 -0.943877 -1.2978 -15.609329 -0.228011 0.039711 14.167834 124.0
131 3480.0 -0.574008 1.40283 0.0 -0.942006 -1.2978 -15.609329 -0.228011 0.039711 14.167834 124.0
132 3480.0 -0.542045 1.411589 0.0 -0.925094 -1.2978 -15.609329 -0.228011 0.039711 14.167834 124.0
133 3480.0 -0.559284 1.417028 0.0 -0.940801 -1.2978 -15.609329 -0.228011 0.039711 14.167834 124.0
134 3480.0 -0.552693 1.405091 0.0 -0.92984 -1.2978 -15.609329 -0.228011 0.039711 14.167834 124.0
135 3480.0 -0.558762 1.428325 0.0 -0.944775 -1.2978 -15.609329 -0.228011 0.039711 14.167834 124.0
136 3480.0 -0.558002 1.423846 0.0 -0.942445 -1.2978 -15.609329 -0.228011 0.039711 14.167834 124.0
137 3480.0 -0.555811 1.406525 0.0 -0.932728 -1.2978 -15.609329 -0.228011 0.039711 14.167834 124.0
138 3480.0 -0.567796 1.425934 0.0 -0.950996 -1.2978 -15.609329 -0.228011 0.039711 14.167834 124.0
139 3480.0 -0.570389 1.419634 0.0 -0.949818 -1.2978 -15.609329 -0.228011 0.039711 14.167834 124.0
140 3480.0 -0.587582 1.41762 0.0 -0.959231 -1.2978 -15.609329 -0.228011 0.039711 14.167834 124.0
141 3480.0 -0.565436 1.424165 0.0 -0.948447 -1.2978 -15.609329 -0.228011 0.039711 14.167834 124.0
142 3480.0 -0.56136 1.425702 0.0 -0.945817 -1.2978 -15.609329 -0.228011 0.039711 14.167834 124.0
143 3480.0 -0.583908 1.437479 0.0 -0.967729 -1.2978 -15.609329 -0.228011 0.039711 14.167834 124.0
144 3480.0 -0.593406 1.444529 0.0 -0.976642 -1.2978 -15.609329 -0.228011 0.039711 14.167834 124.0
145 3480.0 -0.560581 1.425468 0.0 -0.94511 -1.2978 -15.609329 -0.228011 0.039711 14.167834 124.0
146 3480.0 -0.571402 1.42948 0.0 -0.955216 -1.2978 -15.609329 -0.228011 0.039711 14.167834 124.0
147 3480.0 -0.55762 1.418592 0.0 -0.940114 -1.2978 -15.609329 -0.228011 0.039711 14.167834 124.0
148 3480.0 -0.53416 1.396954 0.0 -0.908942 -1.2978 -15.609329 -0.228011 0.039711 14.167834 124.0
149 3480.0 -0.545646 1.421739 0.0 -0.93186 -1.2978 -15.609329 -0.228011 0.039711 14.167834 124.0
150 3480.0 -0.527559 1.432971 0.0 -0.918448 -1.2978 -15.609329 -0.228011 0.039711 14.167834 124.0
151 3480.0 -0.534794 1.441755 0.0 -0.926285 -1.2978 -15.609329 -0.228011 0.039711 14.167834 124.0
152 3480.0 -0.552213 1.451669 0.0 -0.943199 -1.2978 -15.609329 -0.228011 0.039711 14.167834 124.0
153 3480.0 -0.532001 1.465535 0.0 -0.927981 -1.2978 -15.609329 -0.228011 0.039711 14.167834 124.0
154 3480.0 -0.534004 1.454239 0.0 -0.927765 -1.2978 -15.609329 -0.228011 0.039711 14.167834 124.0
155 3480.0 -0.544594 1.439739 0.0 -0.934481 -1.2978 -15.609329 -0.228011 0.039711 14.167834 124.0
156 3480.0 -0.556241 1.435169 0.0 -0.943845 -1.2978 -15.609329 -0.228011 0.039711 14.167834 124.0
157 3480.0 -0.551859 1.444736 0.0 -0.941685 -1.2978 -15.609329 -0.228011 0.039711 14.167834 124.0
158 3480.0 -0.546246 1.447662 0.0 -0.937299 -1.2978 -15.609329 -0.228011 0.039711 14.167834 124.0
159 3480.0 -0.546184 1.416655 0.0 -0.930323 -1.2978 -15.609329 -0.228011 0.039711 14.167834 124.0
160 3480.0 -0.534512 1.413528 0.0 -0.919886 -1.2978 -15.609329 -0.228011 0.039711 14.167834 124.0
161 3480.0 -0.553222 1.435477 0.0 -0.941265 -1.2978 -15.609329 -0.228011 0.039711 14.167834 124.0
162 3480.0 -0.507426 1.415339 0.0 -0.897826 -1.2978 -15.609329 -0.228011 0.039711 14.167834 124.0
163 3480.0 -0.529565 1.446763 0.0 -0.922595 -1.2978 -15.609329 -0.228011 0.039711 14.167834 124.0
164 3480.0 -0.527016 1.460734 0.0 -0.922799 -1.2978 -15.609329 -0.228011 0.039711 14.167834 124.0
165 3480.0 -0.528374 1.461802 0.0 -0.924168 -1.2978 -15.609329 -0.228011 0.039711 14.167834 124.0
166 3480.0 -0.526949 1.47766 0.0 -0.925682 -1.2978 -15.609329 -0.228011 0.039711 14.167834 124.0
167 3480.0 -0.536162 1.482905 0.0 -0.934628 -1.2978 -15.609329 -0.228011 0.039711 14.167834 124.0
168 3480.0 -0.542608 1.478465 0.0 -0.939478 -1.2978 -15.609329 -0.228011 0.039711 14.167834 124.0
169 3480.0 -0.53638 1.471566 0.0 -0.932847 -1.2978 -15.609329 -0.228011 0.039711 14.167834 124.0
170 3480.0 -0.539007 1.472902 0.0 -0.935371 -1.2978 -15.609329 -0.228011 0.039711 14.167834 124.0
171 3480.0 -0.535409 1.472726 0.0 -0.932202 -1.2978 -15.609329 -0.228011 0.039711 14.167834 124.0
172 3480.0 -0.538198 1.491995 0.0 -0.937983 -1.2978 -15.609329 -0.228011 0.039711 14.167834 124.0
173 3480.0 -0.511931 1.468094 0.0 -0.910922 -1.2978 -15.609329 -0.228011 0.039711 14.167834 124.0
174 3480.0 -0.506541 1.46646 0.0 -0.905936 -1.2978 -15.609329 -0.228011 0.039711 14.167834 124.0
175 3480.0 -0.491332 1.459504 0.0 -0.891464 -1.2978 -15.609329 -0.228011 0.039711 14.167834 124.0
176 3480.0 -0.492123 1.445775 0.0 -0.889768 -1.2978 -15.609329 -0.228011 0.039711 14.167834 124.0
177 3480.0 -0.497374 1.430212 0.0 -0.891644 -1.2978 -15.609329 -0.228011 0.039711 14.167834 124.0
178 3480.0 -0.504054 1.428681 0.0 -0.897203 -1.2978 -15.609329 -0.228011 0.039711 14.167834 124.0
179 3480.0 -0.506732 1.428989 0.0 -0.899592 -1.2978 -15.609329 -0.228011 0.039711 14.167834 124.0
180 3480.0 -0.50417 1.470993 0.0 -0.904657 -1.2978 -15.609329 -0.228011 0.039711 14.167834 124.0
181 3480.0 -0.512352 1.456008 0.0 -0.909188 -1.2978 -15.609329 -0.228011 0.039711 14.167834 124.0
182 3480.0 -0.510273 1.481651 0.0 -0.911831 -1.2978 -15.609329 -0.228011 0.039711 14.167834 124.0
183 3480.0 -0.470637 1.464493 0.0 -0.874281 -1.2978 -15.609329 -0.228011 0.039711 14.167834 124.0
184 3480.0 -0.472621 1.463963 0.0 -0.875919 -1.2978 -15.609329 -0.228011 0.039711 14.167834 124.0
185 3480.0 -0.490316 1.47106 0.0 -0.892585 -1.2978 -15.609329 -0.228011 0.039711 14.167834 124.0
186 3480.0 -0.498171 1.435926 0.0 -0.893331 -1.2978 -15.609329 -0.228011 0.039711 14.167834 124.0
187 3480.0 -0.508009 1.430538 0.0 -0.900975 -1.2978 -15.609329 -0.228011 0.039711 14.167834 124.0
188 3480.0 -0.499387 1.45259 0.0 -0.897287 -1.2978 -15.609329 -0.228011 0.039711 14.167834 124.0
189 3480.0 -0.496173 1.438946 0.0 -0.892113 -1.2978 -15.609329 -0.228011 0.039711 14.167834 124.0
190 3480.0 -0.530521 1.44371 0.0 -0.922897 -1.2978 -15.609329 -0.228011 0.039711 14.167834 124.0
191 3480.0 -0.529841 1.442469 0.0 -0.922089 -1.2978 -15.609329 -0.228011 0.039711 14.167834 124.0
192 3480.0 -0.537864 1.445681 0.0 -0.929644 -1.2978 -15.609329 -0.228011 0.039711 14.167834 124.0
193 3480.0 -0.533902 1.431187 0.0 -0.92367 -1.2978 -15.609329 -0.228011 0.039711 14.167834 124.0
194 3480.0 -0.538649 1.431287 0.0 -0.927828 -1.2978 -15.609329 -0.228011 0.039711 14.167834 124.0
195 3480.0 -0.535976 1.434684 0.0 -0.926086 -1.2978 -15.609329 -0.228011 0.039711 14.167834 124.0
196 3480.0 -0.541706 1.450144 0.0 -0.933771 -1.2978 -15.609329 -0.228011 0.039711 14.167834 124.0
197 3480.0 -0.511657 1.447942 0.0 -0.907181 -1.2978 -15.609329 -0.228011 0.039711 14.167834 124.0
198 3480.0 -0.496512 1.460768 0.0 -0.896201 -1.2978 -15.609329 -0.228011 0.039711 14.167834 124.0
199 3480.0 -0.516156 1.475672 0.0 -0.915923 -1.2978 -15.609329 -0.228011 0.039711 14.167834 124.0
200 3480.0 -0.508554 1.465361 0.0 -0.907501 -1.2978 -15.609329 -0.228011 0.039711 14.167834 124.0
201 3480.0 -0.501218 1.485713 0.0 -0.904639 -1.2978 -15.609329 -0.228011 0.039711 14.167834 124.0
202 3480.0 -0.515612 1.475802 0.0 -0.91547 -1.2978 -15.609329 -0.228011 0.039711 14.167834 124.0
203 3480.0 -0.521139 1.48791 0.0 -0.922395 -1.2978 -15.609329 -0.228011 0.039711 14.167834 124.0
204 3480.0 -0.48845 1.474262 0.0 -0.891514 -1.2978 -15.609329 -0.228011 0.039711 14.167834 124.0
205 3480.0 -0.484373 1.47639 0.0 -0.888328 -1.2978 -15.609329 -0.228011 0.039711 14.167834 124.0
206 3480.0 -0.524352 1.461793 0.0 -0.920659 -1.2978 -15.609329 -0.228011 0.039711 14.167834 124.0
207 3480.0 -0.500991 1.485158 0.0 -0.904345 -1.2978 -15.609329 -0.228011 0.039711 14.167834 124.0
208 3480.0 -0.513882 1.489743 0.0 -0.916385 -1.2978 -15.609329 -0.228011 0.039711 14.167834 124.0
209 3480.0 -0.499447 1.467105 0.0 -0.899862 -1.2978 -15.609329 -0.228011 0.039711 14.167834 124.0
210 3480.0 -0.519624 1.468952 0.0 -0.91778 -1.2978 -15.609329 -0.228011 0.039711 14.167834 124.0
211 3480.0 -0.50733 1.446738 0.0 -0.903198 -1.2978 -15.609329 -0.228011 0.039711 14.167834 124.0
212 3480.0 -0.537734 1.472009 0.0 -0.934106 -1.2978 -15.609329 -0.228011 0.039711 14.167834 124.0
213 3480.0 -0.544187 1.474382 0.0 -0.940146 -1.2978 -15.609329 -0.228011 0.039711 14.167834 124.0
214 3480.0 -0.558573 1.510449 0.0 -0.958152 -1.2978 -15.609329 -0.228011 0.039711 14.167834 124.0
215 3480.0 -0.559312 1.473968 0.0 -0.953212 -1.2978 -15.609329 -0.228011 0.039711 14.167834 124.0
216 3480.0 -0.583319 1.483399 0.0 -0.974436 -1.2978 -15.609329 -0.228011 0.039711 14.167834 124.0
217 3480.0 -0.598823 1.47736 0.0 -0.986299 -1.2978 -15.609329 -0.228011 0.039711 14.167834 124.0
218 3480.0 -0.591972 1.446449 0.0 -0.975949 -1.2978 -15.609329 -0.228011 0.039711 14.167834 124.0
219 3480.0 -0.588188 1.434634 0.0 -0.969254 -1.2978 -15.609329 -0.228011 0.039711 14.167834 124.0
220 3480.0 -0.5515 1.432113 0.0 -0.939179 -1.2978 -15.609329 -0.228011 0.039711 14.167834 124.0
221 3480.0 -0.574369 1.434257 0.0 -0.959408 -1.2978 -15.609329 -0.228011 0.039711 14.167834 124.0
222 3480.0 -0.576823 1.449508 0.0 -0.963927 -1.2978 -15.609329 -0.228011 0.039711 14.167834 124.0
223 3480.0 -0.584499 1.458121 0.0 -0.971564 -1.2978 -15.609329 -0.228011 0.039711 14.167834 124.0
224 3480.0 -0.559955 1.477748 0.0 -0.954318 -1.2978 -15.609329 -0.228011 0.039711 14.167834 124.0
225 3480.0 -0.545615 1.468652 0.0 -0.940395 -1.2978 -15.609329 -0.228011 0.039711 14.167834 124.0
226 3480.0 -0.565677 1.466442 0.0 -0.957315 -1.2978 -15.609329 -0.228011 0.039711 14.167834 124.0
227 3480.0 -0.557756 1.449015 0.0 -0.947572 -1.2978 -15.609329 -0.228011 0.039711 14.167834 124.0
228 3480.0 -0.567989 1.449623 0.0 -0.956602 -1.2978 -15.609329 -0.228011 0.039711 14.167834 124.0
229 3480.0 -0.558092 1.441639 0.0 -0.946584 -1.2978 -15.609329 -0.228011 0.039711 14.167834 124.0
230 3480.0 -0.530594 1.423858 0.0 -0.919511 -1.2978 -15.609329 -0.228011 0.039711 14.167834 124.0
231 3480.0 -0.526649 1.429948 0.0 -0.917129 -1.2978 -15.609329 -0.228011 0.039711 14.167834 124.0
232 3480.0 -0.537596 1.415828 0.0 -0.923212 -1.2978 -15.609329 -0.228011 0.039711 14.167834 124.0
233 3480.0 -0.520918 1.411527 0.0 -0.908363 -1.2978 -15.609329 -0.228011 0.039711 14.167834 124.0
234 3480.0 -0.527261 1.41571 0.0 -0.914994 -1.2978 -15.609329 -0.228011 0.039711 14.167834 124.0
235 3480.0 -0.56577 1.39931 0.0 -0.933838 -1.2978 -15.609329 -0.228011 0.039711 14.167834 124.0
236 3480.0 -0.57058 1.422623 0.0 -0.95167 -1.2978 -15.609329 -0.228011 0.039711 14.167834 124.0
237 3480.0 -0.559443 1.417113 0.0 -0.940959 -1.2978 -15.609329 -0.228011 0.039711 14.167834 124.0
238 3480.0 -0.558469 1.4137 0.0 -0.938533 -1.2978 -15.609329 -0.228011 0.039711 14.167834 124.0
239 3480.0 -0.555624 1.390322 0.0 -0.918697 -1.2978 -15.609329 -0.228011 0.039711 14.167834 124.0
240 3480.0 -0.55208 1.408987 0.0 -0.931521 -1.2978 -15.609329 -0.228011 0.039711 14.167834 124.0
241 3480.0 -0.547683 1.418492 0.0 -0.932218 -1.2978 -15.609329 -0.228011 0.039711 14.167834 124.0
242 3480.0 -0.534694 1.427938 0.0 -0.923796 -1.2978 -15.609329 -0.228011 0.039711 14.167834 124.0
243 3480.0 -0.525231 1.441038 0.0 -0.91782 -1.2978 -15.609329 -0.228011 0.039711 14.167834 124.0
244 3480.0 -0.519443 1.441281 0.0 -0.912813 -1.2978 -15.609329 -0.228011 0.039711 14.167834 124.0
245 3480.0 -0.501911 1.459547 0.0 -0.900697 -1.2978 -15.609329 -0.228011 0.039711 14.167834 124.0
246 3480.0 -0.490817 1.478796 0.0 -0.894366 -1.2978 -15.609329 -0.228011 0.039711 14.167834 124.0
247 3480.0 -0.49974 1.471236 0.0 -0.900835 -1.2978 -15.609329 -0.228011 0.039711 14.167834 124.0
248 3480.0 -0.506496 1.470466 0.0 -0.906593 -1.2978 -15.609329 -0.228011 0.039711 14.167834 124.0
249 3480.0 -0.516891 1.488777 0.0 -0.918841 -1.2978 -15.609329 -0.228011 0.039711 14.167834 124.0
250 3480.0 -0.490362 1.501999 0.0 -0.898001 -1.2978 -15.609329 -0.228011 0.039711 14.167834 124.0
251 3480.0 -0.475122 1.508703 0.0 -0.885874 -1.2978 -15.609329 -0.228011 0.039711 14.167834 124.0
252 3480.0 -0.466596 1.49264 0.0 -0.875648 -1.2978 -15.609329 -0.228011 0.039711 14.167834 124.0
253 3480.0 -0.481134 1.487822 0.0 -0.88749 -1.2978 -15.609329 -0.228011 0.039711 14.167834 124.0
254 3480.0 -0.463656 1.496314 0.0 -0.873722 -1.2978 -15.609329 -0.228011 0.039711 14.167834 124.0
255 3480.0 -0.473821 1.500314 0.0 -0.883282 -1.2978 -15.609329 -0.228011 0.039711 14.167834 124.0
256 3480.0 -0.476829 1.511714 0.0 -0.887887 -1.2978 -15.609329 -0.228011 0.039711 14.167834 124.0
257 3480.0 -0.481812 1.509602 0.0 -0.891866 -1.2978 -15.609329 -0.228011 0.039711 14.167834 124.0
258 3480.0 -0.450757 1.509857 0.0 -0.864825 -1.2978 -15.609329 -0.228011 0.039711 14.167834 124.0
259 3480.0 -0.463357 1.510386 0.0 -0.875907 -1.2978 -15.609329 -0.228011 0.039711 14.167834 124.0
260 3480.0 -0.47538 1.498946 0.0 -0.884404 -1.2978 -15.609329 -0.228011 0.039711 14.167834 124.0
261 3480.0 -0.469529 1.525523 0.0 -0.88392 -1.2978 -15.609329 -0.228011 0.039711 14.167834 124.0
262 3480.0 -0.482138 1.529352 0.0 -0.895581 -1.2978 -15.609329 -0.228011 0.039711 14.167834 124.0
263 3480.0 -0.458081 1.509958 0.0 -0.871231 -1.2978 -15.609329 -0.228011 0.039711 14.167834 124.0
264 3480.0 -0.447634 1.519472 0.0 -0.863772 -1.2978 -15.609329 -0.228011 0.039711 14.167834 124.0
265 3480.0 -0.429699 1.526171 0.0 -0.849294 -1.2978 -15.609329 -0.228011 0.039711 14.167834 124.0
266 3480.0 -0.463068 1.53115 0.0 -0.879262 -1.2978 -15.609329 -0.228011 0.039711 14.167834 124.0
267 3480.0 -0.444581 1.553071 0.0 -0.866948 -1.2978 -15.609329 -0.228011 0.039711 14.167834 124.0
268 3480.0 -0.407361 1.560107 0.0 -0.835709 -1.2978 -15.609329 -0.228011 0.039711 14.167834 124.0
269 3480.0 -0.43718 1.574836 0.0 -0.864275 -1.2978 -15.609329 -0.228011 0.039711 14.167834 124.0
270 3480.0 -0.451709 1.575802 0.0 -0.877115 -1.2978 -15.609329 -0.228011 0.039711 14.167834 124.0
271 3480.0 -0.454679 1.554852 0.0 -0.876064 -1.2978 -15.609329 -0.228011 0.039711 14.167834 124.0
272 3480.0 -0.451726 1.543453 0.0 -0.871508 -1.2978 -15.609329 -0.228011 0.039711 14.167834 124.0
273 3480.0 -0.480335 1.523758 0.0 -0.893038 -1.2978 -15.609329 -0.228011 0.039711 14.167834 124.0
274 3480.0 -0.453735 1.505171 0.0 -0.866609 -1.2978 -15.609329 -0.228011 0.039711 14.167834 124.0
275 3480.0 -0.444675 1.505618 0.0 -0.858784 -1.2978 -15.609329 -0.228011 0.039711 14.167834 124.0
276 3480.0 -0.449866 1.524625 0.0 -0.866615 -1.2978 -15.609329 -0.228011 0.039711 14.167834 124.0
277 3480.0 -0.468694 1.540814 0.0 -0.885848 -1.2978 -15.609329 -0.228011 0.039711 14.167834 124.0
278 3480.0 -0.469654 1.506368 0.0 -0.8807 -1.2978 -15.609329 -0.228011 0.039711 14.167834 124.0
279 3480.0 -0.475537 1.511041 0.0 -0.886643 -1.2978 -15.609329 -0.228011 0.039711 14.167834 124.0
280 3480.0 -0.479455 1.491405 0.0 -0.886648 -1.2978 -15.609329 -0.228011 0.039711 14.167834 124.0
281 3480.0 -0.477609 1.502743 0.0 -0.887008 -1.2978 -15.609329 -0.228011 0.039711 14.167834 124.0
282 3480.0 -0.462538 1.508905 0.0 -0.874934 -1.2978 -15.609329 -0.228011 0.039711 14.167834 124.0
283 3480.0 -0.461715 1.535433 0.0 -0.878827 -1.2978 -15.609329 -0.228011 0.039711 14.167834 124.0
284 3480.0 -0.458011 1.543585 0.0 -0.877012 -1.2978 -15.609329 -0.228011 0.039711 14.167834 124.0
285 3480.0 -0.451305 1.523882 0.0 -0.867741 -1.2978 -15.609329 -0.228011 0.039711 14.167834 124.0
286 3480.0 -0.447354 1.52507 0.0 -0.864501 -1.2978 -15.609329 -0.228011 0.039711 14.167834 124.0
287 3480.0 -0.440042 1.503356 0.0 -0.854351 -1.2978 -15.609329 -0.228011 0.039711 14.167834 124.0
