 time p.x p.y p.z deep.node-0 CV opes.bias opes.rct opes.zed opes.neff opes.nker
0 12915.0 0.485531 0.518801 0.0 1.003778 -0.591958 -7.059207 -0.359653 0.036475 14.167834 135.0
1 12915.0 0.493062 0.511642 0.0 1.016095 -0.591958 -7.059207 -0.359653 0.036475 14.167834 135.0
2 12915.0 0.469354 0.52039 0.0 0.989954 -0.591958 -7.059207 -0.359653 0.036475 14.167834 135.0
3 12915.0 0.465428 0.539033 0.0 0.969873 -0.591958 -7.059207 -0.359653 0.036475 14.167834 135.0
4 12915.0 0.476711 0.523643 0.0 0.992599 -0.591958 -7.059207 -0.359653 0.036475 14.167834 135.0
5 12915.0 0.442948 0.502876 0.0 0.985812 -0.591958 -7.059207 -0.359653 0.036475 14.167834 135.0
6 12915.0 0.433217 0.499035 0.0 0.98189 -0.591958 -7.059207 -0.359653 0.036475 14.167834 135.0
7 12915.0 0.410128 0.494871 0.0 0.968053 -0.591958 -7.059207 -0.359653 0.036475 14.167834 135.0
8 12915.0 0.41005 0.511552 0.0 0.952712 -0.591958 -7.059207 -0.359653 0.036475 14.167834 135.0
9 12915.0 0.40805 0.508994 0.0 0.953526 -0.591958 -7.059207 -0.359653 0.036475 14.167834 135.0
10 12915.0 0.392495 0.511641 0.0 0.939209 -0.591958 -7.059207 -0.359653 0.036475 14.167834 135.0
11 12915.0 0.382701 0.539431 0.0 0.906262 -0.591958 -7.059207 -0.359653 0.036475 14.167834 135.0
12 12915.0 0.362571 0.563228 0.0 0.869071 -0.591958 -7.059207 -0.359653 0.036475 14.167834 135.0
13 12915.0 0.375734 0.557095 0.0 0.884752 -0.591958 -7.059207 -0.359653 0.036475 14.167834 135.0
14 12915.0 0.362019 0.570326 0.0 0.862146 -0.591958 -7.059207 -0.359653 0.036475 14.167834 135.0
15 12915.0 0.348708 0.575763 0.0 0.846988 -0.591958 -7.059207 -0.359653 0.036475 14.167834 135.0
16 12915.0 0.357953 0.579244 0.0 0.850867 -0.591958 -7.059207 -0.359653 0.036475 14.167834 135.0
17 12915.0 0.364569 0.580824 0.0 0.854477 -0.591958 -7.059207 -0.359653 0.036475 14.167834 135.0
18 12915.0 0.367454 0.573225 0.0 0.863645 -0.591958 -7.059207 -0.359653 0.036475 14.167834 135.0
19 12915.0 0.372983 0.546302 0.0 0.892537 -0.591958 -7.059207 -0.359653 0.036475 14.167834 135.0
20 12915.0 0.370653 0.523425 0.0 0.911714 -0.591958 -7.059207 -0.359653 0.036475 14.167834 135.0
21 12915.0 0.383146 0.552639 0.0 0.894502 -0.591958 -7.059207 -0.359653 0.036475 14.167834 135.0
22 12915.0 0.375288 0.535493 0.0 0.904203 -0.591958 -7.059207 -0.359653 0.036475 14.167834 135.0
23 12915.0 0.376277 0.554286 0.0 0.887741 -0.591958 -7.059207 -0.359653 0.036475 14.167834 135.0
24 12915.0 0.366568 0.545243 0.0 0.888602 -0.591958 -7.059207 -0.359653 0.036475 14.167834 135.0
25 12915.0 0.371717 0.538766 0.0 0.898473 -0.591958 -7.059207 -0.359653 0.036475 14.167834 135.0
26 12915.0 0.367085 0.539558 0.0 0.894207 -0.591958 -7.059207 -0.359653 0.036475 14.167834 135.0
27 12915.0 0.385765 0.549562 0.0 0.899323 -0.591958 -7.059207 -0.359653 0.036475 14.167834 135.0
28 12915.0 0.383519 0.546206 0.0 0.900681 -0.591958 -7.059207 -0.359653 0.036475 14.167834 135.0
29 12915.0 0.369967 0.547765 0.0 0.888891 -0.591958 -7.059207 -0.359653 0.036475 14.167834 135.0
30 12915.0 0.351878 0.551795 0.0 0.87137 -0.591958 -7.059207 -0.359653 0.036475 14.167834 135.0
31 12915.0 0.358237 0.53775 0.0 0.889098 -0.591958 -7.059207 -0.359653 0.036475 14.167834 135.0
32 12915.0 0.352891 0.53288 0.0 0.889473 -0.591958 -7.059207 -0.359653 0.036475 14.167834 135.0
33 12915.0 0.327609 0.54175 0.0 0.862964 -0.591958 -7.059207 -0.359653 0.036475 14.167834 135.0
34 12915.0 0.322936 0.544714 0.0 0.856772 -0.591958 -7.059207 -0.359653 0.036475 14.167834 135.0
35 12915.0 0.310825 0.538625 0.0 0.854197 -0.591958 -7.059207 -0.359653 0.036475 14.167834 135.0
36 12915.0 0.315698 0.523591 0.0 0.872337 -0.591958 -7.059207 -0.359653 0.036475 14.167834 135.0
37 12915.0 0.288739 0.515329 0.0 0.861427 -0.591958 -7.059207 -0.359653 0.036475 14.167834 135.0
38 12915.0 0.269431 0.567119 0.0 0.797161 -0.591958 -7.059207 -0.359653 0.036475 14.167834 135.0
39 12915.0 0.282981 0.575415 0.0 0.798591 -0.591958 -7.059207 -0.359653 0.036475 14.167834 135.0
40 12915.0 0.278673 0.573421 0.0 0.797506 -0.591958 -7.059207 -0.359653 0.036475 14.167834 135.0
41 12915.0 0.259622 0.594582 0.0 0.763384 -0.591958 -7.059207 -0.359653 0.036475 14.167834 135.0
42 12915.0 0.24622 0.584465 0.0 0.763841 -0.591958 -7.059207 -0.359653 0.036475 14.167834 135.0
43 12915.0 0.260519 0.56514 0.0 0.792818 -0.591958 -7.059207 -0.359653 0.036475 14.167834 135.0
44 12915.0 0.265471 0.575529 0.0 0.786144 -0.591958 -7.059207 -0.359653 0.036475 14.167834 135.0
45 12915.0 0.260939 0.550014 0.0 0.807912 -0.591958 -7.059207 -0.359653 0.036475 14.167834 135.0
46 12915.0 0.265053 0.531004 0.0 0.829407 -0.591958 -7.059207 -0.359653 0.036475 14.167834 135.0
47 12915.0 0.259776 0.54189 0.0 0.81504 -0.591958 -7.059207 -0.359653 0.036475 14.167834 135.0
48 12915.0 0.251977 0.542956 0.0 0.808503 -0.591958 -7.059207 -0.359653 0.036475 14.167834 135.0
49 12915.0 0.271633 0.508053 0.0 0.856494 -0.591958 -7.059207 -0.359653 0.036475 14.167834 135.0
50 12915.0 0.232133 0.500388 0.0 0.837871 -0.591958 -7.059207 -0.359653 0.036475 14.167834 135.0
51 12915.0 0.222281 0.524761 0.0 0.806613 -0.591958 -7.059207 -0.359653 0.036475 14.167834 135.0
52 12915.0 0.218838 0.500075 0.0 0.82932 -0.591958 -7.059207 -0.359653 0.036475 14.167834 135.0
53 12915.0 0.203928 0.49897 0.0 0.820496 -0.591958 -7.059207 -0.359653 0.036475 14.167834 135.0
54 12915.0 0.211224 0.484409 0.0 0.840111 -0.591958 -7.059207 -0.359653 0.036475 14.167834 135.0
55 12915.0 0.184293 0.499037 0.0 0.807335 -0.591958 -7.059207 -0.359653 0.036475 14.167834 135.0
56 12915.0 0.169758 0.500018 0.0 0.796647 -0.591958 -7.059207 -0.359653 0.036475 14.167834 135.0
57 12915.0 0.149563 0.519546 0.0 0.7634 -0.591958 -7.059207 -0.359653 0.036475 14.167834 135.0
58 12915.0 0.140159 0.517563 0.0 0.759136 -0.591958 -7.059207 -0.359653 0.036475 14.167834 135.0
59 12915.0 0.144979 0.531902 0.0 0.747827 -0.591958 -7.059207 -0.359653 0.036475 14.167834 135.0
60 12915.0 0.136672 0.541927 0.0 0.732133 -0.591958 -7.059207 -0.359653 0.036475 14.167834 135.0
61 12915.0 0.153096 0.514078 0.0 0.771294 -0.591958 -7.059207 -0.359653 0.036475 14.167834 135.0
62 12915.0 0.162716 0.516859 0.0 0.774893 -0.591958 -7.059207 -0.359653 0.036475 14.167834 135.0
63 12915.0 0.177348 0.523834 0.0 0.777586 -0.591958 -7.059207 -0.359653 0.036475 14.167834 135.0
64 12915.0 0.190028 0.523092 0.0 0.786794 -0.591958 -7.059207 -0.359653 0.036475 14.167834 135.0
65 12915.0 0.190305 0.541888 0.0 0.767941 -0.591958 -7.059207 -0.359653 0.036475 14.167834 135.0
66 12915.0 0.197375 0.532663 0.0 0.782 -0.591958 -7.059207 -0.359653 0.036475 14.167834 135.0
67 12915.0 0.183233 0.523282 0.0 0.78207 -0.591958 -7.059207 -0.359653 0.036475 14.167834 135.0
68 12915.0 0.139819 0.514832 0.0 0.761675 -0.591958 -7.059207 -0.359653 0.036475 14.167834 135.0
69 12915.0 0.092259 0.539051 0.0 0.705427 -0.591958 -7.059207 -0.359653 0.036475 14.167834 135.0
70 12915.0 0.094117 0.517133 0.0 0.728866 -0.591958 -7.059207 -0.359653 0.036475 14.167834 135.0
71 12915.0 0.074161 0.498811 0.0 0.734116 -0.591958 -7.059207 -0.359653 0.036475 14.167834 135.0
72 12915.0 0.059362 0.480941 0.0 0.742347 -0.591958 -7.059207 -0.359653 0.036475 14.167834 135.0
73 12915.0 0.06496 0.501127 0.0 0.725634 -0.591958 -7.059207 -0.359653 0.036475 14.167834 135.0
74 12915.0 0.053092 0.514658 0.0 0.704014 -0.591958 -7.059207 -0.359653 0.036475 14.167834 135.0
75 12915.0 0.052722 0.499874 0.0 0.718741 -0.591958 -7.059207 -0.359653 0.036475 14.167834 135.0
76 12915.0 0.060777 0.506005 0.0 0.717903 -0.591958 -7.059207 -0.359653 0.036475 14.167834 135.0
77 12915.0 0.038927 0.471285 0.0 0.738499 -0.591958 -7.059207 -0.359653 0.036475 14.167834 135.0
78 12915.0 0.015439 0.472908 0.0 0.72119 -0.591958 -7.059207 -0.359653 0.036475 14.167834 135.0
79 12915.0 0.012626 0.485006 0.0 0.70706 -0.591958 -7.059207 -0.359653 0.036475 14.167834 135.0
80 12915.0 0.021615 0.500203 0.0 0.697663 -0.591958 -7.059207 -0.359653 0.036475 14.167834 135.0
81 12915.0 0.0184 0.521252 0.0 0.674198 -0.591958 -7.059207 -0.359653 0.036475 14.167834 135.0
82 12915.0 0.0398 0.515203 0.0 0.694597 -0.591958 -7.059207 -0.359653 0.036475 14.167834 135.0
83 12915.0 0.036922 0.480588 0.0 0.727738 -0.591958 -7.059207 -0.359653 0.036475 14.167834 135.0
84 12915.0 0.040024 0.476178 0.0 0.734274 -0.591958 -7.059207 -0.359653 0.036475 14.167834 135.0
85 12915.0 0.062447 0.477247 0.0 0.748146 -0.591958 -7.059207 -0.359653 0.036475 14.167834 135.0
86 12915.0 0.079158 0.488194 0.0 0.748202 -0.591958 -7.059207 -0.359653 0.036475 14.167834 135.0
87 12915.0 0.075126 0.458752 0.0 0.775335 -0.591958 -7.059207 -0.359653 0.036475 14.167834 135.0
88 12915.0 0.087251 0.485106 0.0 0.756727 -0.591958 -7.059207 -0.359653 0.036475 14.167834 135.0
89 12915.0 0.088468 0.514734 0.0 0.727528 -0.591958 -7.059207 -0.359653 0.036475 14.167834 135.0
90 12915.0 0.087698 0.52565 0.0 0.715958 -0.591958 -7.059207 -0.359653 0.036475 14.167834 135.0
91 12915.0 0.068353 0.524768 0.0 0.703951 -0.591958 -7.059207 -0.359653 0.036475 14.167834 135.0
92 12915.0 0.09414 0.529087 0.0 0.716774 -0.591958 -7.059207 -0.359653 0.036475 14.167834 135.0
93 12915.0 0.108127 0.531317 0.0 0.723843 -0.591958 -7.059207 -0.359653 0.036475 14.167834 135.0
94 12915.0 0.097926 0.535843 0.0 0.712455 -0.591958 -7.059207 -0.359653 0.036475 14.167834 135.0
95 12915.0 0.088773 0.528653 0.0 0.713635 -0.591958 -7.059207 -0.359653 0.036475 14.167834 135.0
96 12915.0 0.077169 0.540314 0.0 0.694084 -0.591958 -7.059207 -0.359653 0.036475 14.167834 135.0
97 12915.0 0.078231 0.52985 0.0 0.705391 -0.591958 -7.059207 -0.359653 0.036475 14.167834 135.0
98 12915.0 0.077983 0.507829 0.0 0.72753 -0.591958 -7.059207 -0.359653 0.036475 14.167834 135.0
99 12915.0 0.063157 0.501434 0.0 0.724121 -0.591958 -7.059207 -0.359653 0.036475 14.167834 135.0
100 12915.0 0.049813 0.491508 0.0 0.725275 -0.591958 -7.059207 -0.359653 0.036475 14.167834 135.0
101 12915.0 0.053435 0.498461 0.0 0.720647 -0.591958 -7.059207 -0.359653 0.036475 14.167834 135.0
102 12915.0 0.058531 0.516016 0.0 0.706265 -0.591958 -7.059207 -0.359653 0.036475 14.167834 135.0
103 12915.0 0.051864 0.544809 0.0 0.672655 -0.591958 -7.059207 -0.359653 0.036475 14.167834 135.0
104 12915.0 0.063987 0.524484 0.0 0.701327 -0.591958 -7.059207 -0.359653 0.036475 14.167834 135.0
105 12915.0 0.062038 0.500024 0.0 0.724802 -0.591958 -7.059207 -0.359653 0.036475 14.167834 135.0
106 12915.0 0.02224 0.501174 0.0 0.697096 -0.591958 -7.059207 -0.359653 0.036475 14.167834 135.0
107 12915.0 0.017196 0.499784 0.0 0.69514 -0.591958 -7.059207 -0.359653 0.036475 14.167834 135.0
108 12915.0 0.058946 0.519045 0.0 0.703474 -0.591958 -7.059207 -0.359653 0.036475 14.167834 135.0
109 12915.0 0.077959 0.495224 0.0 0.740281 -0.591958 -7.059207 -0.359653 0.036475 14.167834 135.0
110 12915.0 0.070575 0.515431 0.0 0.71489 -0.591958 -7.059207 -0.359653 0.036475 14.167834 135.0
111 12915.0 0.032915 0.520744 0.0 0.684393 -0.591958 -7.059207 -0.359653 0.036475 14.167834 135.0
112 12915.0 0.003286 0.499101 0.0 0.686556 -0.591958 -7.059207 -0.359653 0.036475 14.167834 135.0
113 12915.0 0.0082 0.527745 0.0 0.66082 -0.591958 -7.059207 -0.359653 0.036475 14.167834 135.0
114 12915.0 -0.003061 0.543929 0.0 0.636917 -0.591958 -7.059207 -0.359653 0.036475 14.167834 135.0
115 12915.0 0.019989 0.546681 0.0 0.649502 -0.591958 -7.059207 -0.359653 0.036475 14.167834 135.0
116 12915.0 0.044948 0.554079 0.0 0.658653 -0.591958 -7.059207 -0.359653 0.036475 14.167834 135.0
117 12915.0 0.034052 0.550004 0.0 0.655514 -0.591958 -7.059207 -0.359653 0.036475 14.167834 135.0
118 12915.0 0.042158 0.502941 0.0 0.708589 -0.591958 -7.059207 -0.359653 0.036475 14.167834 135.0
119 12915.0 0.021549 0.515356 0.0 0.682271 -0.591958 -7.059207 -0.359653 0.036475 14.167834 135.0
120 12915.0 0.021848 0.510669 0.0 0.687217 -0.591958 -7.059207 -0.359653 0.036475 14.167834 135.0
121 12915.0 0.022369 0.509441 0.0 0.688808 -0.591958 -7.059207 -0.359653 0.036475 14.167834 135.0
122 12915.0 0.027648 0.511643 0.0 0.690098 -0.591958 -7.059207 -0.359653 0.036475 14.167834 135.0
123 12915.0 0.010496 0.500531 0.0 0.689915 -0.591958 -7.059207 -0.359653 0.036475 14.167834 135.0
124 12915.0 -0.018274 0.484185 0.0 0.687285 -0.591958 -7.059207 -0.359653 0.036475 14.167834 135.0
125 12915.0 -0.03277 0.487699 0.0 0.674058 -0.591958 -7.059207 -0.359653 0.036475 14.167834 135.0
126 12915.0 -0.031366 0.494919 0.0 0.667682 -0.591958 -7.059207 -0.359653 0.036475 14.167834 135.0
127 12915.0 -0.05044 0.504456 0.0 0.643722 -0.591958 -7.059207 -0.359653 0.036475 14.167834 135.0
128 12915.0 -0.048877 0.505033 0.0 0.64445 -0.591958 -7.059207 -0.359653 0.036475 14.167834 135.0
129 12915.0 -0.042107 0.505857 0.0 0.649396 -0.591958 -7.059207 -0.359653 0.036475 14.167834 135.0
130 12915.0 -0.059749 0.511099 0.0 0.628605 -0.591958 -7.059207 -0.359653 0.036475 14.167834 135.0
131 12915.0 -0.046152 0.492301 0.0 0.660413 -0.591958 -7.059207 -0.359653 0.036475 14.167834 135.0
132 12915.0 -0.081895 0.489527 0.0 0.632618 -0.591958 -7.059207 -0.359653 0.036475 14.167834 135.0
133 12915.0 -0.0893 0.493661 0.0 0.621822 -0.591958 -7.059207 -0.359653 0.036475 14.167834 135.0
134 12915.0 -0.086229 0.487098 0.0 0.631485 -0.591958 -7.059207 -0.359653 0.036475 14.167834 135.0
135 12915.0 -0.080754 0.483024 0.0 0.640555 -0.591958 -7.059207 -0.359653 0.036475 14.167834 135.0
136 12915.0 -0.076907 0.486618 0.0 0.640022 -0.591958 -7.059207 -0.359653 0.036475 14.167834 135.0
137 12915.0 -0.093854 0.476429 0.0 0.636335 -0.591958 -7.059207 -0.359653 0.036475 14.167834 135.0
138 12915.0 -0.097155 0.481586 0.0 0.627976 -0.591958 -7.059207 -0.359653 0.036475 14.167834 135.0
139 12915.0 -0.107844 0.486037 0.0 0.614017 -0.591958 -7.059207 -0.359653 0.036475 14.167834 135.0
140 12915.0 -0.104536 0.50285 0.0 0.59888 -0.591958 -7.059207 -0.359653 0.036475 14.167834 135.0
141 12915.0 -0.105465 0.493746 0.0 0.607819 -0.591958 -7.059207 -0.359653 0.036475 14.167834 135.0
142 12915.0 -0.115013 0.4755 0.0 0.619116 -0.591958 -7.059207 -0.359653 0.036475 14.167834 135.0
143 12915.0 -0.116528 0.487047 0.0 0.605462 -0.591958 -7.059207 -0.359653 0.036475 14.167834 135.0
144 12915.0 -0.134004 0.502902 0.0 0.573462 -0.591958 -7.059207 -0.359653 0.036475 14.167834 135.0
145 12915.0 -0.116189 0.520226 0.0 0.570266 -0.591958 -7.059207 -0.359653 0.036475 14.167834 135.0
146 12915.0 -0.111153 0.546538 0.0 0.546457 -0.591958 -7.059207 -0.359653 0.036475 14.167834 135.0
147 12915.0 -0.118385 0.567093 0.0 0.518247 -0.591958 -7.059207 -0.359653 0.036475 14.167834 135.0
148 12915.0 -0.12158 0.54198 0.0 0.542359 -0.591958 -7.059207 -0.359653 0.036475 14.167834 135.0
149 12915.0 -0.117827 0.542871 0.0 0.544635 -0.591958 -7.059207 -0.359653 0.036475 14.167834 135.0
150 12915.0 -0.094675 0.540724 0.0 0.566858 -0.591958 -7.059207 -0.359653 0.036475 14.167834 135.0
151 12915.0 -0.072546 0.523057 0.0 0.6048 -0.591958 -7.059207 -0.359653 0.036475 14.167834 135.0
152 12915.0 -0.083127 0.524995 0.0 0.59362 -0.591958 -7.059207 -0.359653 0.036475 14.167834 135.0
153 12915.0 -0.072178 0.522305 0.0 0.605922 -0.591958 -7.059207 -0.359653 0.036475 14.167834 135.0
154 12915.0 -0.072875 0.543592 0.0 0.582553 -0.591958 -7.059207 -0.359653 0.036475 14.167834 135.0
155 12915.0 -0.092743 0.538819 0.0 0.570559 -0.591958 -7.059207 -0.359653 0.036475 14.167834 135.0
156 12915.0 -0.110348 0.516708 0.0 0.579056 -0.591958 -7.059207 -0.359653 0.036475 14.167834 135.0
157 12915.0 -0.099952 0.534485 0.0 0.56899 -0.591958 -7.059207 -0.359653 0.036475 14.167834 135.0
158 12915.0 -0.070337 0.5328 0.0 0.596281 -0.591958 -7.059207 -0.359653 0.036475 14.167834 135.0
159 12915.0 -0.078648 0.51048 0.0 0.613 -0.591958 -7.059207 -0.359653 0.036475 14.167834 135.0
160 12915.0 -0.067937 0.493745 0.0 0.64012 -0.591958 -7.059207 -0.359653 0.036475 14.167834 135.0
161 12915.0 -0.054362 0.495142 0.0 0.650309 -0.591958 -7.059207 -0.359653 0.036475 14.167834 135.0
162 12915.0 -0.056961 0.519101 0.0 0.622446 -0.591958 -7.059207 -0.359653 0.036475 14.167834 135.0
163 12915.0 -0.066521 0.536013 0.0 0.596129 -0.591958 -7.059207 -0.359653 0.036475 14.167834 135.0
164 12915.0 -0.051893 0.517187 0.0 0.628855 -0.591958 -7.059207 -0.359653 0.036475 14.167834 135.0
165 12915.0 -0.067657 0.510948 0.0 0.62196 -0.591958 -7.059207 -0.359653 0.036475 14.167834 135.0
166 12915.0 -0.06748 0.492515 0.0 0.641828 -0.591958 -7.059207 -0.359653 0.036475 14.167834 135.0
167 12915.0 -0.069388 0.482766 0.0 0.650614 -0.591958 -7.059207 -0.359653 0.036475 14.167834 135.0
168 12915.0 -0.089538 0.504766 0.0 0.60974 -0.591958 -7.059207 -0.359653 0.036475 14.167834 135.0
169 12915.0 -0.107856 0.492163 0.0 0.607453 -0.591958 -7.059207 -0.359653 0.036475 14.167834 135.0
170 12915.0 -0.126091 0.487959 0.0 0.596256 -0.591958 -7.059207 -0.359653 0.036475 14.167834 135.0
171 12915.0 -0.126417 0.491657 0.0 0.59202 -0.591958 -7.059207 -0.359653 0.036475 14.167834 135.0
172 12915.0 -0.089454 0.49601 0.0 0.619177 -0.591958 -7.059207 -0.359653 0.036475 14.167834 135.0
173 12915.0 -0.102583 0.482185 0.0 0.622665 -0.591958 -7.059207 -0.359653 0.036475 14.167834 135.0
174 12915.0 -0.111852 0.496157 0.0 0.599742 -0.591958 -7.059207 -0.359653 0.036475 14.167834 135.0
175 12915.0 -0.096213 0.523489 0.0 0.583969 -0.591958 -7.059207 -0.359653 0.036475 14.167834 135.0
176 12915.0 -0.097741 0.536995 0.0 0.568207 -0.591958 -7.059207 -0.359653 0.036475 14.167834 135.0
177 12915.0 -0.080577 0.502842 0.0 0.61951 -0.591958 -7.059207 -0.359653 0.036475 14.167834 135.0
178 12915.0 -0.093221 0.506702 0.0 0.604499 -0.591958 -7.059207 -0.359653 0.036475 14.167834 135.0
179 12915.0 -0.09429 0.526601 0.0 0.582296 -0.591958 -7.059207 -0.359653 0.036475 14.167834 135.0
180 12915.0 -0.113306 0.506962 0.0 0.586935 -0.591958 -7.059207 -0.359653 0.036475 14.167834 135.0
181 12915.0 -0.107048 0.505246 0.0 0.594156 -0.591958 -7.059207 -0.359653 0.036475 14.167834 135.0
182 12915.0 -0.099184 0.503641 0.0 0.602641 -0.591958 -7.059207 -0.359653 0.036475 14.167834 135.0
183 12915.0 -0.096279 0.512512 0.0 0.595652 -0.591958 -7.059207 -0.359653 0.036475 14.167834 135.0
184 12915.0 -0.10606 0.512276 0.0 0.587487 -0.591958 -7.059207 -0.359653 0.036475 14.167834 135.0
185 12915.0 -0.110218 0.538006 0.0 0.556388 -0.591958 -7.059207 -0.359653 0.036475 14.167834 135.0
186 12915.0 -0.123876 0.507264 0.0 0.577514 -0.591958 -7.059207 -0.359653 0.036475 14.167834 135.0
187 12915.0 -0.110428 0.531655 0.0 0.563 -0.591958 -7.059207 -0.359653 0.036475 14.167834 135.0
188 12915.0 -0.08752 0.548089 0.0 0.565139 -0.591958 -7.059207 -0.359653 0.036475 14.167834 135.0
189 12915.0 -0.066586 0.543997 0.0 0.587533 -0.591958 -7.059207 -0.359653 0.036475 14.167834 135.0
190 12915.0 -0.068571 0.500059 0.0 0.63282 -0.591958 -7.059207 -0.359653 0.036475 14.167834 135.0
191 12915.0 -0.043292 0.485543 0.0 0.669224 -0.591958 -7.059207 -0.359653 0.036475 14.167834 135.0
192 12915.0 -0.046358 0.469155 0.0 0.683779 -0.591958 -7.059207 -0.359653 0.036475 14.167834 135.0
193 12915.0 -0.038672 0.477775 0.0 0.680174 -0.591958 -7.059207 -0.359653 0.036475 14.167834 135.0
194 12915.0 -0.045129 0.478526 0.0 0.675107 -0.591958 -7.059207 -0.359653 0.036475 14.167834 135.0
195 12915.0 -0.046838 0.482494 0.0 0.669948 -0.591958 -7.059207 -0.359653 0.036475 14.167834 135.0
196 12915.0 -0.016966 0.486365 0.0 0.685949 -0.591958 -7.059207 -0.359653 0.036475 14.167834 135.0
197 12915.0 -0.021378 0.484576 0.0 0.684819 -0.591958 -7.059207 -0.359653 0.036475 14.167834 135.0
198 12915.0 -0.032206 0.50375 0.0 0.658176 -0.591958 -7.059207 -0.359653 0.036475 14.167834 135.0
199 12915.0 -0.053582 0.504905 0.0 0.640538 -0.591958 -7.059207 -0.359653 0.036475 14.167834 135.0
200 12915.0 -0.049211 0.522609 0.0 0.625365 -0.591958 -7.059207 -0.359653 0.036475 14.167834 135.0
201 12915.0 -0.06487 0.546055 0.0 0.586809 -0.591958 -7.059207 -0.359653 0.036475 14.167834 135.0
202 12915.0 -0.050293 0.539921 0.0 0.605916 -0.591958 -7.059207 -0.359653 0.036475 14.167834 135.0
203 12915.0 -0.052904 0.515261 0.0 0.630044 -0.591958 -7.059207 -0.359653 0.036475 14.167834 135.0
204 12915.0 -0.066827 0.51581 0.0 0.617474 -0.591958 -7.059207 -0.359653 0.036475 14.167834 135.0
205 12915.0 -0.035931 0.515123 0.0 0.644173 -0.591958 -7.059207 -0.359653 0.036475 14.167834 135.0
206 12915.0 -0.041206 0.507603 0.0 0.648272 -0.591958 -7.059207 -0.359653 0.036475 14.167834 135.0
207 12915.0 -0.049297 0.502355 0.0 0.646953 -0.591958 -7.059207 -0.359653 0.036475 14.167834 135.0
208 12915.0 -0.071902 0.505613 0.0 0.624013 -0.591958 -7.059207 -0.359653 0.036475 14.167834 135.0
209 12915.0 -0.069211 0.526194 0.0 0.604316 -0.591958 -7.059207 -0.359653 0.036475 14.167834 135.0
210 12915.0 -0.081556 0.500514 0.0 0.621158 -0.591958 -7.059207 -0.359653 0.036475 14.167834 135.0
211 12915.0 -0.06326 0.508647 0.0 0.628206 -0.591958 -7.059207 -0.359653 0.036475 14.167834 135.0
212 12915.0 -0.04999 0.47865 0.0 0.671711 -0.591958 -7.059207 -0.359653 0.036475 14.167834 135.0
213 12915.0 -0.053873 0.477766 0.0 0.669315 -0.591958 -7.059207 -0.359653 0.036475 14.167834 135.0
214 12915.0 -0.017761 0.520024 0.0 0.651326 -0.591958 -7.059207 -0.359653 0.036475 14.167834 135.0
215 12915.0 -0.017417 0.523128 0.0 0.648412 -0.591958 -7.059207 -0.359653 0.036475 14.167834 135.0
216 12915.0 -0.027498 0.522655 0.0 0.642168 -0.591958 -7.059207 -0.359653 0.036475 14.167834 135.0
217 12915.0 -0.019404 0.512732 0.0 0.657616 -0.591958 -7.059207 -0.359653 0.036475 14.167834 135.0
218 12915.0 -0.004545 0.506563 0.0 0.673775 -0.591958 -7.059207 -0.359653 0.036475 14.167834 135.0
219 12915.0 -0.022027 0.499015 0.0 0.669761 -0.591958 -7.059207 -0.359653 0.036475 14.167834 135.0
220 12915.0 -0.025243 0.504002 0.0 0.662565 -0.591958 -7.059207 -0.359653 0.036475 14.167834 135.0
221 12915.0 -0.021772 0.492102 0.0 0.676933 -0.591958 -7.059207 -0.359653 0.036475 14.167834 135.0
222 12915.0 -0.039375 0.5097 0.0 0.647368 -0.591958 -7.059207 -0.359653 0.036475 14.167834 135.0
223 12915.0 -0.03124 0.516326 0.0 0.646083 -0.591958 -7.059207 -0.359653 0.036475 14.167834 135.0
224 12915.0 -0.061492 0.506914 0.0 0.631581 -0.591958 -7.059207 -0.359653 0.036475 14.167834 135.0
225 12915.0 -0.076048 0.506746 0.0 0.619232 -0.591958 -7.059207 -0.359653 0.036475 14.167834 135.0
226 12915.0 -0.094374 0.510252 0.0 0.59971 -0.591958 -7.059207 -0.359653 0.036475 14.167834 135.0
227 12915.0 -0.099521 0.531951 0.0 0.572071 -0.591958 -7.059207 -0.359653 0.036475 14.167834 135.0
228 12915.0 -0.117558 0.512085 0.0 0.577795 -0.591958 -7.059207 -0.359653 0.036475 14.167834 135.0
229 12915.0 -0.123175 0.510412 0.0 0.57475 -0.591958 -7.059207 -0.359653 0.036475 14.167834 135.0
230 12915.0 -0.123002 0.502262 0.0 0.583616 -0.591958 -7.059207 -0.359653 0.036475 14.167834 135.0
231 12915.0 -0.148656 0.515105 0.0 0.547799 -0.591958 -7.059207 -0.359653 0.036475 14.167834 135.0
232 12915.0 -0.149997 0.526272 0.0 0.534701 -0.591958 -7.059207 -0.359653 0.036475 14.167834 135.0
233 12915.0 -0.17271 0.504034 0.0 0.538938 -0.591958 -7.059207 -0.359653 0.036475 14.167834 135.0
234 12915.0 -0.178566 0.487492 0.0 0.551592 -0.591958 -7.059207 -0.359653 0.036475 14.167834 135.0
235 12915.0 -0.190404 0.494796 0.0 0.53359 -0.591958 -7.059207 -0.359653 0.036475 14.167834 135.0
236 12915.0 -0.187147 0.504216 0.0 0.526318 -0.591958 -7.059207 -0.359653 0.036475 14.167834 135.0
237 12915.0 -0.200317 0.520474 0.0 0.495372 -0.591958 -7.059207 -0.359653 0.036475 14.167834 135.0
238 12915.0 -0.233654 0.519118 0.0 0.463672 -0.591958 -7.059207 -0.359653 0.036475 14.167834 135.0
239 12915.0 -0.224361 0.533333 0.0 0.45589 -0.591958 -7.059207 -0.359653 0.036475 14.167834 135.0
240 12915.0 -0.220038 0.525986 0.0 0.469035 -0.591958 -7.059207 -0.359653 0.036475 14.167834 135.0
241 12915.0 -0.23185 0.52544 0.0 0.457883 -0.591958 -7.059207 -0.359653 0.036475 14.167834 135.0
242 12915.0 -0.223607 0.500508 0.0 0.496066 -0.591958 -7.059207 -0.359653 0.036475 14.167834 135.0
243 12915.0 -0.208356 0.524181 0.0 0.482883 -0.591958 -7.059207 -0.359653 0.036475 14.167834 135.0
244 12915.0 -0.226091 0.509212 0.0 0.483129 -0.591958 -7.059207 -0.359653 0.036475 14.167834 135.0
245 12915.0 -0.213893 0.531146 0.0 0.468983 -0.591958 -7.059207 -0.359653 0.036475 14.167834 135.0
246 12915.0 -0.210751 0.520431 0.0 0.484992 -0.591958 -7.059207 -0.359653 0.036475 14.167834 135.0
247 12915.0 -0.188316 0.533291 0.0 0.491976 -0.591958 -7.059207 -0.359653 0.036475 14.167834 135.0
248 12915.0 -0.185441 0.531378 0.0 0.497147 -0.591958 -7.059207 -0.359653 0.036475 14.167834 135.0
249 12915.0 -0.189233 0.502522 0.0 0.526335 -0.591958 -7.059207 -0.359653 0.036475 14.167834 135.0
250 12915.0 -0.16844 0.48641 0.0 0.561464 -0.591958 -7.059207 -0.359653 0.036475 14.167834 135.0
251 12915.0 -0.18067 0.513053 0.0 0.52244 -0.591958 -7.059207 -0.359653 0.036475 14.167834 135.0
252 12915.0 -0.207774 0.50098 0.0 0.511328 -0.591958 -7.059207 -0.359653 0.036475 14.167834 135.0
253 12915.0 -0.166563 0.493286 0.0 0.555725 -0.591958 -7.059207 -0.359653 0.036475 14.167834 135.0
254 12915.0 -0.184487 0.504369 0.0 0.528444 -0.591958 -7.059207 -0.359653 0.036475 14.167834 135.0
255 12915.0 -0.187341 0.514481 0.0 0.515171 -0.591958 -7.059207 -0.359653 0.036475 14.167834 135.0
256 12915.0 -0.184638 0.494781 0.0 0.538569 -0.591958 -7.059207 -0.359653 0.036475 14.167834 135.0
257 12915.0 -0.194719 0.47473 0.0 0.551339 -0.591958 -7.059207 -0.359653 0.036475 14.167834 135.0
258 12915.0 -0.194704 0.479533 0.0 0.546214 -0.591958 -7.059207 -0.359653 0.036475 14.167834 135.0
259 12915.0 -0.202429 0.480974 0.0 0.538024 -0.591958 -7.059207 -0.359653 0.036475 14.167834 135.0
260 12915.0 -0.19348 0.473005 0.0 0.55425 -0.591958 -7.059207 -0.359653 0.036475 14.167834 135.0
261 12915.0 -0.207587 0.490964 0.0 0.5229 -0.591958 -7.059207 -0.359653 0.036475 14.167834 135.0
262 12915.0 -0.206745 0.48687 0.0 0.528003 -0.591958 -7.059207 -0.359653 0.036475 14.167834 135.0
263 12915.0 -0.208253 0.499523 0.0 0.512599 -0.591958 -7.059207 -0.359653 0.036475 14.167834 135.0
264 12915.0 -0.213656 0.495335 0.0 0.512228 -0.591958 -7.059207 -0.359653 0.036475 14.167834 135.0
265 12915.0 -0.200753 0.478618 0.0 0.541987 -0.591958 -7.059207 -0.359653 0.036475 14.167834 135.0
266 12915.0 -0.218906 0.506069 0.0 0.494087 -0.591958 -7.059207 -0.359653 0.036475 14.167834 135.0
267 12915.0 -0.181734 0.478584 0.0 0.558392 -0.591958 -7.059207 -0.359653 0.036475 14.167834 135.0
268 12915.0 -0.172803 0.488607 0.0 0.555359 -0.591958 -7.059207 -0.359653 0.036475 14.167834 135.0
269 12915.0 -0.155423 0.499386 0.0 0.558789 -0.591958 -7.059207 -0.359653 0.036475 14.167834 135.0
270 12915.0 -0.14516 0.506735 0.0 0.559761 -0.591958 -7.059207 -0.359653 0.036475 14.167834 135.0
271 12915.0 -0.141785 0.513114 0.0 0.555844 -0.591958 -7.059207 -0.359653 0.036475 14.167834 135.0
272 12915.0 -0.158266 0.528416 0.0 0.525291 -0.591958 -7.059207 -0.359653 0.036475 14.167834 135.0
273 12915.0 -0.170099 0.52632 0.0 0.517348 -0.591958 -7.059207 -0.359653 0.036475 14.167834 135.0
274 12915.0 -0.166518 0.533136 0.0 0.51314 -0.591958 -7.059207 -0.359653 0.036475 14.167834 135.0
275 12915.0 -0.153147 0.52313 0.0 0.535351 -0.591958 -7.059207 -0.359653 0.036475 14.167834 135.0
276 12915.0 -0.169203 0.527362 0.0 0.517005 -0.591958 -7.059207 -0.359653 0.036475 14.167834 135.0
277 12915.0 -0.178347 0.508986 0.0 0.52879 -0.591958 -7.059207 -0.359653 0.036475 14.167834 135.0
278 12915.0 -0.19234 0.5306 0.0 0.491186 -0.591958 -7.059207 -0.359653 0.036475 14.167834 135.0
279 12915.0 -0.205376 0.524609 0.0 0.485347 -0.591958 -7.059207 -0.359653 0.036475 14.167834 135.0
280 12915.0 -0.211067 0.531399 0.0 0.471503 -0.591958 -7.059207 -0.359653 0.036475 14.167834 135.0
281 12915.0 -0.202397 0.525894 0.0 0.486783 -0.591958 -7.059207 -0.359653 0.036475 14.167834 135.0
282 12915.0 -0.209239 0.55758 0.0 0.441888 -0.591958 -7.059207 -0.359653 0.036475 14.167834 135.0
283 12915.0 -0.215906 0.580231 0.0 0.408019 -0.591958 -7.059207 -0.359653 0.036475 14.167834 135.0
284 12915.0 -0.239008 0.532857 0.0 0.441819 -0.591958 -7.059207 -0.359653 0.036475 14.167834 135.0
285 12915.0 -0.243254 0.550355 0.0 0.41656 -0.591958 -7.059207 -0.359653 0.036475 14.167834 135.0
286 12915.0 -0.245805 0.553448 0.0 0.410296 -0.591958 -7.059207 -0.359653 0.036475 14.167834 135.0
287 12915.0 -0.253714 0.545595 0.0 0.41182 -0.591958 -7.059207 -0.359653 0.036475 14.167834 135.0
