 time p.x p.y p.z deep.node-0 CV opes.bias opes.rct opes.zed opes.neff opes.nker
0 11160.0 0.266495 0.487752 0.0 0.873585 -0.42733 -7.612105 -0.345018 0.035682 14.167834 138.0
1 11160.0 0.257457 0.471967 0.0 0.883546 -0.42733 -7.612105 -0.345018 0.035682 14.167834 138.0
2 11160.0 0.26919 0.500117 0.0 0.862858 -0.42733 -7.612105 -0.345018 0.035682 14.167834 138.0
3 11160.0 0.264333 0.490636 0.0 0.869222 -0.42733 -7.612105 -0.345018 0.035682 14.167834 138.0
4 11160.0 0.267091 0.484408 0.0 0.87737 -0.42733 -7.612105 -0.345018 0.035682 14.167834 138.0
5 11160.0 0.275932 0.492813 0.0 0.874752 -0.42733 -7.612105 -0.345018 0.035682 14.167834 138.0
6 11160.0 0.256698 0.496951 0.0 0.857734 -0.42733 -7.612105 -0.345018 0.035682 14.167834 138.0
7 11160.0 0.246873 0.477714 0.0 0.870666 -0.42733 -7.612105 -0.345018 0.035682 14.167834 138.0
8 11160.0 0.234628 0.464104 0.0 0.876286 -0.42733 -7.612105 -0.345018 0.035682 14.167834 138.0
9 11160.0 0.217465 0.46953 0.0 0.859343 -0.42733 -7.612105 -0.345018 0.035682 14.167834 138.0
10 11160.0 0.235452 0.465839 0.0 0.875078 -0.42733 -7.612105 -0.345018 0.035682 14.167834 138.0
11 11160.0 0.21443 0.498689 0.0 0.827785 -0.42733 -7.612105 -0.345018 0.035682 14.167834 138.0
12 11160.0 0.190008 0.509321 0.0 0.800729 -0.42733 -7.612105 -0.345018 0.035682 14.167834 138.0
13 11160.0 0.163182 0.502254 0.0 0.789997 -0.42733 -7.612105 -0.345018 0.035682 14.167834 138.0
14 11160.0 0.140919 0.484501 0.0 0.793131 -0.42733 -7.612105 -0.345018 0.035682 14.167834 138.0
15 11160.0 0.13513 0.49814 0.0 0.775456 -0.42733 -7.612105 -0.345018 0.035682 14.167834 138.0
16 11160.0 0.141722 0.49633 0.0 0.781686 -0.42733 -7.612105 -0.345018 0.035682 14.167834 138.0
17 11160.0 0.151413 0.511648 0.0 0.772633 -0.42733 -7.612105 -0.345018 0.035682 14.167834 138.0
18 11160.0 0.130452 0.508052 0.0 0.762296 -0.42733 -7.612105 -0.345018 0.035682 14.167834 138.0
19 11160.0 0.15005 0.539607 0.0 0.743405 -0.42733 -7.612105 -0.345018 0.035682 14.167834 138.0
20 11160.0 0.156146 0.533979 0.0 0.75317 -0.42733 -7.612105 -0.345018 0.035682 14.167834 138.0
21 11160.0 0.160804 0.522599 0.0 0.767803 -0.42733 -7.612105 -0.345018 0.035682 14.167834 138.0
22 11160.0 0.170417 0.532364 0.0 0.764324 -0.42733 -7.612105 -0.345018 0.035682 14.167834 138.0
23 11160.0 0.166519 0.530305 0.0 0.763809 -0.42733 -7.612105 -0.345018 0.035682 14.167834 138.0
24 11160.0 0.177453 0.554209 0.0 0.74689 -0.42733 -7.612105 -0.345018 0.035682 14.167834 138.0
25 11160.0 0.179675 0.55074 0.0 0.751885 -0.42733 -7.612105 -0.345018 0.035682 14.167834 138.0
26 11160.0 0.188167 0.562299 0.0 0.74584 -0.42733 -7.612105 -0.345018 0.035682 14.167834 138.0
27 11160.0 0.144149 0.545098 0.0 0.733908 -0.42733 -7.612105 -0.345018 0.035682 14.167834 138.0
28 11160.0 0.148669 0.546781 0.0 0.735217 -0.42733 -7.612105 -0.345018 0.035682 14.167834 138.0
29 11160.0 0.156029 0.528049 0.0 0.759098 -0.42733 -7.612105 -0.345018 0.035682 14.167834 138.0
30 11160.0 0.147834 0.498354 0.0 0.783712 -0.42733 -7.612105 -0.345018 0.035682 14.167834 138.0
31 11160.0 0.166814 0.512741 0.0 0.781797 -0.42733 -7.612105 -0.345018 0.035682 14.167834 138.0
32 11160.0 0.168565 0.509269 0.0 0.786481 -0.42733 -7.612105 -0.345018 0.035682 14.167834 138.0
33 11160.0 0.168966 0.52438 0.0 0.771443 -0.42733 -7.612105 -0.345018 0.035682 14.167834 138.0
34 11160.0 0.180111 0.554184 0.0 0.748687 -0.42733 -7.612105 -0.345018 0.035682 14.167834 138.0
35 11160.0 0.186366 0.535605 0.0 0.771677 -0.42733 -7.612105 -0.345018 0.035682 14.167834 138.0
36 11160.0 0.201309 0.532779 0.0 0.784506 -0.42733 -7.612105 -0.345018 0.035682 14.167834 138.0
37 11160.0 0.210755 0.512529 0.0 0.811315 -0.42733 -7.612105 -0.345018 0.035682 14.167834 138.0
38 11160.0 0.193447 0.500273 0.0 0.812187 -0.42733 -7.612105 -0.345018 0.035682 14.167834 138.0
39 11160.0 0.208639 0.47754 0.0 0.845345 -0.42733 -7.612105 -0.345018 0.035682 14.167834 138.0
40 11160.0 0.200088 0.48874 0.0 0.828297 -0.42733 -7.612105 -0.345018 0.035682 14.167834 138.0
41 11160.0 0.168852 0.472481 0.0 0.823934 -0.42733 -7.612105 -0.345018 0.035682 14.167834 138.0
42 11160.0 0.179263 0.504444 0.0 0.798503 -0.42733 -7.612105 -0.345018 0.035682 14.167834 138.0
43 11160.0 0.18525 0.495759 0.0 0.811293 -0.42733 -7.612105 -0.345018 0.035682 14.167834 138.0
44 11160.0 0.158095 0.515768 0.0 0.772915 -0.42733 -7.612105 -0.345018 0.035682 14.167834 138.0
45 11160.0 0.173371 0.540429 0.0 0.758125 -0.42733 -7.612105 -0.345018 0.035682 14.167834 138.0
46 11160.0 0.156186 0.512395 0.0 0.77506 -0.42733 -7.612105 -0.345018 0.035682 14.167834 138.0
47 11160.0 0.158848 0.499689 0.0 0.789704 -0.42733 -7.612105 -0.345018 0.035682 14.167834 138.0
48 11160.0 0.155818 0.531239 0.0 0.755727 -0.42733 -7.612105 -0.345018 0.035682 14.167834 138.0
49 11160.0 0.163844 0.54075 0.0 0.751447 -0.42733 -7.612105 -0.345018 0.035682 14.167834 138.0
50 11160.0 0.147286 0.55436 0.0 0.726618 -0.42733 -7.612105 -0.345018 0.035682 14.167834 138.0
51 11160.0 0.139742 0.536703 0.0 0.739472 -0.42733 -7.612105 -0.345018 0.035682 14.167834 138.0
52 11160.0 0.180793 0.518143 0.0 0.785648 -0.42733 -7.612105 -0.345018 0.035682 14.167834 138.0
53 11160.0 0.168622 0.531567 0.0 0.763934 -0.42733 -7.612105 -0.345018 0.035682 14.167834 138.0
54 11160.0 0.165138 0.52064 0.0 0.772678 -0.42733 -7.612105 -0.345018 0.035682 14.167834 138.0
55 11160.0 0.177311 0.498004 0.0 0.803724 -0.42733 -7.612105 -0.345018 0.035682 14.167834 138.0
56 11160.0 0.190613 0.524121 0.0 0.786142 -0.42733 -7.612105 -0.345018 0.035682 14.167834 138.0
57 11160.0 0.192538 0.517717 0.0 0.793912 -0.42733 -7.612105 -0.345018 0.035682 14.167834 138.0
58 11160.0 0.178677 0.489739 0.0 0.813007 -0.42733 -7.612105 -0.345018 0.035682 14.167834 138.0
59 11160.0 0.156019 0.500629 0.0 0.786865 -0.42733 -7.612105 -0.345018 0.035682 14.167834 138.0
60 11160.0 0.161885 0.506929 0.0 0.784397 -0.42733 -7.612105 -0.345018 0.035682 14.167834 138.0
61 11160.0 0.137947 0.511189 0.0 0.764118 -0.42733 -7.612105 -0.345018 0.035682 14.167834 138.0
62 11160.0 0.150269 0.526135 0.0 0.757197 -0.42733 -7.612105 -0.345018 0.035682 14.167834 138.0
63 11160.0 0.135266 0.518821 0.0 0.754599 -0.42733 -7.612105 -0.345018 0.035682 14.167834 138.0
64 11160.0 0.136686 0.516604 0.0 0.757792 -0.42733 -7.612105 -0.345018 0.035682 14.167834 138.0
65 11160.0 0.132585 0.515055 0.0 0.756625 -0.42733 -7.612105 -0.345018 0.035682 14.167834 138.0
66 11160.0 0.126082 0.502307 0.0 0.765201 -0.42733 -7.612105 -0.345018 0.035682 14.167834 138.0
67 11160.0 0.101853 0.520132 0.0 0.730987 -0.42733 -7.612105 -0.345018 0.035682 14.167834 138.0
68 11160.0 0.107894 0.52044 0.0 0.734704 -0.42733 -7.612105 -0.345018 0.035682 14.167834 138.0
69 11160.0 0.107762 0.502421 0.0 0.752868 -0.42733 -7.612105 -0.345018 0.035682 14.167834 138.0
70 11160.0 0.112632 0.516576 0.0 0.741778 -0.42733 -7.612105 -0.345018 0.035682 14.167834 138.0
71 11160.0 0.116756 0.516771 0.0 0.744331 -0.42733 -7.612105 -0.345018 0.035682 14.167834 138.0
72 11160.0 0.114878 0.50965 0.0 0.750291 -0.42733 -7.612105 -0.345018 0.035682 14.167834 138.0
73 11160.0 0.122784 0.529244 0.0 0.735717 -0.42733 -7.612105 -0.345018 0.035682 14.167834 138.0
74 11160.0 0.108987 0.539098 0.0 0.716535 -0.42733 -7.612105 -0.345018 0.035682 14.167834 138.0
75 11160.0 0.107733 0.489068 0.0 0.766374 -0.42733 -7.612105 -0.345018 0.035682 14.167834 138.0
76 11160.0 0.119341 0.511205 0.0 0.751693 -0.42733 -7.612105 -0.345018 0.035682 14.167834 138.0
77 11160.0 0.1058 0.502977 0.0 0.750996 -0.42733 -7.612105 -0.345018 0.035682 14.167834 138.0
78 11160.0 0.083533 0.515545 0.0 0.723416 -0.42733 -7.612105 -0.345018 0.035682 14.167834 138.0
79 11160.0 0.086411 0.531689 0.0 0.708984 -0.42733 -7.612105 -0.345018 0.035682 14.167834 138.0
80 11160.0 0.09242 0.519941 0.0 0.72489 -0.42733 -7.612105 -0.345018 0.035682 14.167834 138.0
81 11160.0 0.071492 0.536204 0.0 0.69446 -0.42733 -7.612105 -0.345018 0.035682 14.167834 138.0
82 11160.0 0.062375 0.530532 0.0 0.694126 -0.42733 -7.612105 -0.345018 0.035682 14.167834 138.0
83 11160.0 0.07254 0.523604 0.0 0.707922 -0.42733 -7.612105 -0.345018 0.035682 14.167834 138.0
84 11160.0 0.074434 0.544655 0.0 0.687863 -0.42733 -7.612105 -0.345018 0.035682 14.167834 138.0
85 11160.0 0.072672 0.533808 0.0 0.697675 -0.42733 -7.612105 -0.345018 0.035682 14.167834 138.0
86 11160.0 0.045403 0.531843 0.0 0.68148 -0.42733 -7.612105 -0.345018 0.035682 14.167834 138.0
87 11160.0 0.032205 0.5496 0.0 0.654692 -0.42733 -7.612105 -0.345018 0.035682 14.167834 138.0
88 11160.0 0.044243 0.563801 0.0 0.648336 -0.42733 -7.612105 -0.345018 0.035682 14.167834 138.0
89 11160.0 0.034275 0.532872 0.0 0.673016 -0.42733 -7.612105 -0.345018 0.035682 14.167834 138.0
90 11160.0 0.025681 0.533692 0.0 0.666454 -0.42733 -7.612105 -0.345018 0.035682 14.167834 138.0
91 11160.0 0.049111 0.509961 0.0 0.706116 -0.42733 -7.612105 -0.345018 0.035682 14.167834 138.0
92 11160.0 0.059055 0.531838 0.0 0.690589 -0.42733 -7.612105 -0.345018 0.035682 14.167834 138.0
93 11160.0 0.069976 0.551624 0.0 0.677832 -0.42733 -7.612105 -0.345018 0.035682 14.167834 138.0
94 11160.0 0.076735 0.529587 0.0 0.70466 -0.42733 -7.612105 -0.345018 0.035682 14.167834 138.0
95 11160.0 0.056996 0.524321 0.0 0.696829 -0.42733 -7.612105 -0.345018 0.035682 14.167834 138.0
96 11160.0 0.05746 0.533964 0.0 0.687372 -0.42733 -7.612105 -0.345018 0.035682 14.167834 138.0
97 11160.0 0.045907 0.534679 0.0 0.678943 -0.42733 -7.612105 -0.345018 0.035682 14.167834 138.0
98 11160.0 0.063903 0.529337 0.0 0.696355 -0.42733 -7.612105 -0.345018 0.035682 14.167834 138.0
99 11160.0 0.05637 0.516405 0.0 0.70443 -0.42733 -7.612105 -0.345018 0.035682 14.167834 138.0
100 11160.0 0.03125 0.519579 0.0 0.684463 -0.42733 -7.612105 -0.345018 0.035682 14.167834 138.0
101 11160.0 0.038576 0.537837 0.0 0.670854 -0.42733 -7.612105 -0.345018 0.035682 14.167834 138.0
102 11160.0 0.033814 0.53352 0.0 0.672051 -0.42733 -7.612105 -0.345018 0.035682 14.167834 138.0
103 11160.0 0.012028 0.529687 0.0 0.661406 -0.42733 -7.612105 -0.345018 0.035682 14.167834 138.0
104 11160.0 0.00702 0.509281 0.0 0.678734 -0.42733 -7.612105 -0.345018 0.035682 14.167834 138.0
105 11160.0 0.017935 0.540163 0.0 0.654734 -0.42733 -7.612105 -0.345018 0.035682 14.167834 138.0
106 11160.0 0.010269 0.529988 0.0 0.659927 -0.42733 -7.612105 -0.345018 0.035682 14.167834 138.0
107 11160.0 0.01485 0.551842 0.0 0.640847 -0.42733 -7.612105 -0.345018 0.035682 14.167834 138.0
108 11160.0 0.004831 0.526394 0.0 0.659941 -0.42733 -7.612105 -0.345018 0.035682 14.167834 138.0
109 11160.0 0.002005 0.555969 0.0 0.628101 -0.42733 -7.612105 -0.345018 0.035682 14.167834 138.0
110 11160.0 -0.009139 0.553172 0.0 0.623502 -0.42733 -7.612105 -0.345018 0.035682 14.167834 138.0
111 11160.0 0.016064 0.577351 0.0 0.615818 -0.42733 -7.612105 -0.345018 0.035682 14.167834 138.0
112 11160.0 0.009797 0.552809 0.0 0.636497 -0.42733 -7.612105 -0.345018 0.035682 14.167834 138.0
113 11160.0 0.019414 0.550229 0.0 0.645525 -0.42733 -7.612105 -0.345018 0.035682 14.167834 138.0
114 11160.0 0.024825 0.526542 0.0 0.673125 -0.42733 -7.612105 -0.345018 0.035682 14.167834 138.0
115 11160.0 0.020891 0.534062 0.0 0.662884 -0.42733 -7.612105 -0.345018 0.035682 14.167834 138.0
116 11160.0 0.022631 0.526134 0.0 0.672075 -0.42733 -7.612105 -0.345018 0.035682 14.167834 138.0
117 11160.0 0.0203 0.535908 0.0 0.660621 -0.42733 -7.612105 -0.345018 0.035682 14.167834 138.0
118 11160.0 0.015079 0.52649 0.0 0.666678 -0.42733 -7.612105 -0.345018 0.035682 14.167834 138.0
119 11160.0 0.008773 0.522509 0.0 0.666505 -0.42733 -7.612105 -0.345018 0.035682 14.167834 138.0
120 11160.0 0.025478 0.522918 0.0 0.677232 -0.42733 -7.612105 -0.345018 0.035682 14.167834 138.0
121 11160.0 0.035211 0.538021 0.0 0.668425 -0.42733 -7.612105 -0.345018 0.035682 14.167834 138.0
122 11160.0 0.043734 0.501428 0.0 0.711173 -0.42733 -7.612105 -0.345018 0.035682 14.167834 138.0
123 11160.0 0.039504 0.495922 0.0 0.713929 -0.42733 -7.612105 -0.345018 0.035682 14.167834 138.0
124 11160.0 0.031373 0.51879 0.0 0.685344 -0.42733 -7.612105 -0.345018 0.035682 14.167834 138.0
125 11160.0 0.011059 0.501007 0.0 0.689809 -0.42733 -7.612105 -0.345018 0.035682 14.167834 138.0
126 11160.0 0.012798 0.517442 0.0 0.674321 -0.42733 -7.612105 -0.345018 0.035682 14.167834 138.0
127 11160.0 0.014944 0.503979 0.0 0.689389 -0.42733 -7.612105 -0.345018 0.035682 14.167834 138.0
128 11160.0 0.015385 0.516714 0.0 0.676785 -0.42733 -7.612105 -0.345018 0.035682 14.167834 138.0
129 11160.0 0.016541 0.524645 0.0 0.669522 -0.42733 -7.612105 -0.345018 0.035682 14.167834 138.0
130 11160.0 0.010731 0.49882 0.0 0.691804 -0.42733 -7.612105 -0.345018 0.035682 14.167834 138.0
131 11160.0 -0.022547 0.488898 0.0 0.679662 -0.42733 -7.612105 -0.345018 0.035682 14.167834 138.0
132 11160.0 -0.033818 0.496775 0.0 0.664167 -0.42733 -7.612105 -0.345018 0.035682 14.167834 138.0
133 11160.0 -0.028049 0.512673 0.0 0.651911 -0.42733 -7.612105 -0.345018 0.035682 14.167834 138.0
134 11160.0 -0.023396 0.500482 0.0 0.667362 -0.42733 -7.612105 -0.345018 0.035682 14.167834 138.0
135 11160.0 -0.035638 0.523996 0.0 0.63538 -0.42733 -7.612105 -0.345018 0.035682 14.167834 138.0
136 11160.0 -0.027708 0.517285 0.0 0.647466 -0.42733 -7.612105 -0.345018 0.035682 14.167834 138.0
137 11160.0 -0.029738 0.524515 0.0 0.63879 -0.42733 -7.612105 -0.345018 0.035682 14.167834 138.0
138 11160.0 -0.008551 0.528098 0.0 0.649291 -0.42733 -7.612105 -0.345018 0.035682 14.167834 138.0
139 11160.0 -0.02417 0.532059 0.0 0.634861 -0.42733 -7.612105 -0.345018 0.035682 14.167834 138.0
140 11160.0 -0.027242 0.555735 0.0 0.608832 -0.42733 -7.612105 -0.345018 0.035682 14.167834 138.0
141 11160.0 -0.03648 0.546951 0.0 0.610285 -0.42733 -7.612105 -0.345018 0.035682 14.167834 138.0
142 11160.0 -0.022489 0.544023 0.0 0.623865 -0.42733 -7.612105 -0.345018 0.035682 14.167834 138.0
143 11160.0 -0.003963 0.549891 0.0 0.630276 -0.42733 -7.612105 -0.345018 0.035682 14.167834 138.0
144 11160.0 -0.003996 0.527996 0.0 0.652431 -0.42733 -7.612105 -0.345018 0.035682 14.167834 138.0
145 11160.0 -0.003797 0.507741 0.0 0.67308 -0.42733 -7.612105 -0.345018 0.035682 14.167834 138.0
146 11160.0 -0.003782 0.518855 0.0 0.661833 -0.42733 -7.612105 -0.345018 0.035682 14.167834 138.0
147 11160.0 -0.03293 0.482994 0.0 0.678717 -0.42733 -7.612105 -0.345018 0.035682 14.167834 138.0
148 11160.0 -0.032404 0.508221 0.0 0.653516 -0.42733 -7.612105 -0.345018 0.035682 14.167834 138.0
149 11160.0 -0.044602 0.506172 0.0 0.646912 -0.42733 -7.612105 -0.345018 0.035682 14.167834 138.0
150 11160.0 -0.073739 0.531856 0.0 0.594362 -0.42733 -7.612105 -0.345018 0.035682 14.167834 138.0
151 11160.0 -0.05903 0.534598 0.0 0.60409 -0.42733 -7.612105 -0.345018 0.035682 14.167834 138.0
152 11160.0 -0.039675 0.529795 0.0 0.625885 -0.42733 -7.612105 -0.345018 0.035682 14.167834 138.0
153 11160.0 -0.042491 0.514959 0.0 0.639331 -0.42733 -7.612105 -0.345018 0.035682 14.167834 138.0
154 11160.0 -0.04844 0.499801 0.0 0.650422 -0.42733 -7.612105 -0.345018 0.035682 14.167834 138.0
155 11160.0 -0.058226 0.523896 0.0 0.616228 -0.42733 -7.612105 -0.345018 0.035682 14.167834 138.0
156 11160.0 -0.050474 0.501862 0.0 0.646468 -0.42733 -7.612105 -0.345018 0.035682 14.167834 138.0
157 11160.0 -0.059075 0.516896 0.0 0.622985 -0.42733 -7.612105 -0.345018 0.035682 14.167834 138.0
158 11160.0 -0.091834 0.527541 0.0 0.583404 -0.42733 -7.612105 -0.345018 0.035682 14.167834 138.0
159 11160.0 -0.056752 0.507586 0.0 0.634942 -0.42733 -7.612105 -0.345018 0.035682 14.167834 138.0
160 11160.0 -0.051386 0.516746 0.0 0.629763 -0.42733 -7.612105 -0.345018 0.035682 14.167834 138.0
161 11160.0 -0.04684 0.527368 0.0 0.622314 -0.42733 -7.612105 -0.345018 0.035682 14.167834 138.0
162 11160.0 -0.056547 0.540069 0.0 0.600375 -0.42733 -7.612105 -0.345018 0.035682 14.167834 138.0
163 11160.0 -0.070197 0.566266 0.0 0.560607 -0.42733 -7.612105 -0.345018 0.035682 14.167834 138.0
164 11160.0 -0.073614 0.55653 0.0 0.568079 -0.42733 -7.612105 -0.345018 0.035682 14.167834 138.0
165 11160.0 -0.08106 0.581925 0.0 0.534509 -0.42733 -7.612105 -0.345018 0.035682 14.167834 138.0
166 11160.0 -0.085516 0.58158 0.0 0.531042 -0.42733 -7.612105 -0.345018 0.035682 14.167834 138.0
167 11160.0 -0.067543 0.547071 0.0 0.583422 -0.42733 -7.612105 -0.345018 0.035682 14.167834 138.0
168 11160.0 -0.052169 0.532858 0.0 0.611855 -0.42733 -7.612105 -0.345018 0.035682 14.167834 138.0
169 11160.0 -0.068116 0.531738 0.0 0.599328 -0.42733 -7.612105 -0.345018 0.035682 14.167834 138.0
170 11160.0 -0.051055 0.536446 0.0 0.608977 -0.42733 -7.612105 -0.345018 0.035682 14.167834 138.0
171 11160.0 -0.047328 0.523648 0.0 0.625874 -0.42733 -7.612105 -0.345018 0.035682 14.167834 138.0
172 11160.0 -0.045308 0.538818 0.0 0.611386 -0.42733 -7.612105 -0.345018 0.035682 14.167834 138.0
173 11160.0 -0.01343 0.547197 0.0 0.626692 -0.42733 -7.612105 -0.345018 0.035682 14.167834 138.0
174 11160.0 -0.001772 0.514903 0.0 0.667176 -0.42733 -7.612105 -0.345018 0.035682 14.167834 138.0
175 11160.0 -0.006023 0.516821 0.0 0.662399 -0.42733 -7.612105 -0.345018 0.035682 14.167834 138.0
176 11160.0 0.007235 0.502901 0.0 0.68534 -0.42733 -7.612105 -0.345018 0.035682 14.167834 138.0
177 11160.0 0.004029 0.523899 0.0 0.661934 -0.42733 -7.612105 -0.345018 0.035682 14.167834 138.0
178 11160.0 0.001369 0.540407 0.0 0.643439 -0.42733 -7.612105 -0.345018 0.035682 14.167834 138.0
179 11160.0 -0.013198 0.530738 0.0 0.643518 -0.42733 -7.612105 -0.345018 0.035682 14.167834 138.0
180 11160.0 -0.014534 0.512931 0.0 0.660663 -0.42733 -7.612105 -0.345018 0.035682 14.167834 138.0
181 11160.0 -0.009134 0.514979 0.0 0.662189 -0.42733 -7.612105 -0.345018 0.035682 14.167834 138.0
182 11160.0 0.000545 0.510891 0.0 0.672785 -0.42733 -7.612105 -0.345018 0.035682 14.167834 138.0
183 11160.0 0.034878 0.489286 0.0 0.717566 -0.42733 -7.612105 -0.345018 0.035682 14.167834 138.0
184 11160.0 0.041652 0.520409 0.0 0.690559 -0.42733 -7.612105 -0.345018 0.035682 14.167834 138.0
185 11160.0 0.048357 0.537018 0.0 0.678208 -0.42733 -7.612105 -0.345018 0.035682 14.167834 138.0
186 11160.0 0.071237 0.519847 0.0 0.710859 -0.42733 -7.612105 -0.345018 0.035682 14.167834 138.0
187 11160.0 0.056419 0.533282 0.0 0.687368 -0.42733 -7.612105 -0.345018 0.035682 14.167834 138.0
188 11160.0 0.037177 0.5366 0.0 0.671175 -0.42733 -7.612105 -0.345018 0.035682 14.167834 138.0
189 11160.0 0.035575 0.533165 0.0 0.673586 -0.42733 -7.612105 -0.345018 0.035682 14.167834 138.0
190 11160.0 0.051496 0.539368 0.0 0.67792 -0.42733 -7.612105 -0.345018 0.035682 14.167834 138.0
191 11160.0 0.026722 0.558989 0.0 0.641526 -0.42733 -7.612105 -0.345018 0.035682 14.167834 138.0
192 11160.0 0.028123 0.531275 0.0 0.67053 -0.42733 -7.612105 -0.345018 0.035682 14.167834 138.0
193 11160.0 0.023345 0.537099 0.0 0.661445 -0.42733 -7.612105 -0.345018 0.035682 14.167834 138.0
194 11160.0 0.033906 0.556684 0.0 0.648652 -0.42733 -7.612105 -0.345018 0.035682 14.167834 138.0
195 11160.0 0.046864 0.539478 0.0 0.674721 -0.42733 -7.612105 -0.345018 0.035682 14.167834 138.0
196 11160.0 0.075023 0.529181 0.0 0.703929 -0.42733 -7.612105 -0.345018 0.035682 14.167834 138.0
197 11160.0 0.084856 0.546379 0.0 0.693067 -0.42733 -7.612105 -0.345018 0.035682 14.167834 138.0
198 11160.0 0.058154 0.544839 0.0 0.67682 -0.42733 -7.612105 -0.345018 0.035682 14.167834 138.0
199 11160.0 0.050692 0.510198 0.0 0.706931 -0.42733 -7.612105 -0.345018 0.035682 14.167834 138.0
200 11160.0 0.048734 0.513107 0.0 0.702678 -0.42733 -7.612105 -0.345018 0.035682 14.167834 138.0
201 11160.0 0.03226 0.500582 0.0 0.704378 -0.42733 -7.612105 -0.345018 0.035682 14.167834 138.0
202 11160.0 0.042775 0.503065 0.0 0.708875 -0.42733 -7.612105 -0.345018 0.035682 14.167834 138.0
203 11160.0 0.061465 0.49933 0.0 0.725123 -0.42733 -7.612105 -0.345018 0.035682 14.167834 138.0
204 11160.0 0.050084 0.49473 0.0 0.722192 -0.42733 -7.612105 -0.345018 0.035682 14.167834 138.0
205 11160.0 0.066619 0.514121 0.0 0.713578 -0.42733 -7.612105 -0.345018 0.035682 14.167834 138.0
206 11160.0 0.097808 0.508838 0.0 0.73973 -0.42733 -7.612105 -0.345018 0.035682 14.167834 138.0
207 11160.0 0.085769 0.51179 0.0 0.728711 -0.42733 -7.612105 -0.345018 0.035682 14.167834 138.0
208 11160.0 0.071837 0.516983 0.0 0.71416 -0.42733 -7.612105 -0.345018 0.035682 14.167834 138.0
209 11160.0 0.089559 0.533657 0.0 0.70909 -0.42733 -7.612105 -0.345018 0.035682 14.167834 138.0
210 11160.0 0.075182 0.521419 0.0 0.711898 -0.42733 -7.612105 -0.345018 0.035682 14.167834 138.0
211 11160.0 0.048632 0.527355 0.0 0.688179 -0.42733 -7.612105 -0.345018 0.035682 14.167834 138.0
212 11160.0 0.039006 0.520335 0.0 0.688869 -0.42733 -7.612105 -0.345018 0.035682 14.167834 138.0
213 11160.0 0.020602 0.509984 0.0 0.68708 -0.42733 -7.612105 -0.345018 0.035682 14.167834 138.0
214 11160.0 0.013722 0.523431 0.0 0.668872 -0.42733 -7.612105 -0.345018 0.035682 14.167834 138.0
215 11160.0 0.007445 0.498214 0.0 0.690227 -0.42733 -7.612105 -0.345018 0.035682 14.167834 138.0
216 11160.0 -0.03457 0.501436 0.0 0.658943 -0.42733 -7.612105 -0.345018 0.035682 14.167834 138.0
217 11160.0 -0.029155 0.517533 0.0 0.646251 -0.42733 -7.612105 -0.345018 0.035682 14.167834 138.0
218 11160.0 -0.021299 0.522882 0.0 0.646072 -0.42733 -7.612105 -0.345018 0.035682 14.167834 138.0
219 11160.0 -0.006649 0.512222 0.0 0.666639 -0.42733 -7.612105 -0.345018 0.035682 14.167834 138.0
220 11160.0 0.017934 0.52488 0.0 0.670213 -0.42733 -7.612105 -0.345018 0.035682 14.167834 138.0
221 11160.0 0.030439 0.535641 0.0 0.667653 -0.42733 -7.612105 -0.345018 0.035682 14.167834 138.0
222 11160.0 0.054371 0.53285 0.0 0.68644 -0.42733 -7.612105 -0.345018 0.035682 14.167834 138.0
223 11160.0 0.047203 0.5358 0.0 0.678672 -0.42733 -7.612105 -0.345018 0.035682 14.167834 138.0
224 11160.0 0.051732 0.52174 0.0 0.695933 -0.42733 -7.612105 -0.345018 0.035682 14.167834 138.0
225 11160.0 0.060697 0.520081 0.0 0.703592 -0.42733 -7.612105 -0.345018 0.035682 14.167834 138.0
226 11160.0 0.072264 0.517846 0.0 0.71357 -0.42733 -7.612105 -0.345018 0.035682 14.167834 138.0
227 11160.0 0.074273 0.529842 0.0 0.702759 -0.42733 -7.612105 -0.345018 0.035682 14.167834 138.0
228 11160.0 0.062972 0.522683 0.0 0.702474 -0.42733 -7.612105 -0.345018 0.035682 14.167834 138.0
229 11160.0 0.045641 0.492115 0.0 0.721878 -0.42733 -7.612105 -0.345018 0.035682 14.167834 138.0
230 11160.0 0.050769 0.502065 0.0 0.715219 -0.42733 -7.612105 -0.345018 0.035682 14.167834 138.0
231 11160.0 0.06812 0.487375 0.0 0.74167 -0.42733 -7.612105 -0.345018 0.035682 14.167834 138.0
232 11160.0 0.073864 0.49542 0.0 0.737352 -0.42733 -7.612105 -0.345018 0.035682 14.167834 138.0
233 11160.0 0.067516 0.480508 0.0 0.748223 -0.42733 -7.612105 -0.345018 0.035682 14.167834 138.0
234 11160.0 0.052773 0.506124 0.0 0.712444 -0.42733 -7.612105 -0.345018 0.035682 14.167834 138.0
235 11160.0 0.007223 0.524018 0.0 0.663943 -0.42733 -7.612105 -0.345018 0.035682 14.167834 138.0
236 11160.0 0.01363 0.497838 0.0 0.694732 -0.42733 -7.612105 -0.345018 0.035682 14.167834 138.0
237 11160.0 -0.003388 0.520158 0.0 0.660776 -0.42733 -7.612105 -0.345018 0.035682 14.167834 138.0
238 11160.0 -0.013317 0.509538 0.0 0.66491 -0.42733 -7.612105 -0.345018 0.035682 14.167834 138.0
239 11160.0 -0.010056 0.50623 0.0 0.670436 -0.42733 -7.612105 -0.345018 0.035682 14.167834 138.0
240 11160.0 -0.010428 0.506945 0.0 0.669464 -0.42733 -7.612105 -0.345018 0.035682 14.167834 138.0
241 11160.0 -0.011508 0.524534 0.0 0.650929 -0.42733 -7.612105 -0.345018 0.035682 14.167834 138.0
242 11160.0 -0.040679 0.517846 0.0 0.637801 -0.42733 -7.612105 -0.345018 0.035682 14.167834 138.0
243 11160.0 -0.04472 0.524646 0.0 0.62705 -0.42733 -7.612105 -0.345018 0.035682 14.167834 138.0
244 11160.0 -0.039435 0.50831 0.0 0.648736 -0.42733 -7.612105 -0.345018 0.035682 14.167834 138.0
245 11160.0 -0.041858 0.506904 0.0 0.64849 -0.42733 -7.612105 -0.345018 0.035682 14.167834 138.0
246 11160.0 -0.01881 0.513872 0.0 0.656858 -0.42733 -7.612105 -0.345018 0.035682 14.167834 138.0
247 11160.0 -0.029668 0.496675 0.0 0.667035 -0.42733 -7.612105 -0.345018 0.035682 14.167834 138.0
248 11160.0 -0.047447 0.521382 0.0 0.628195 -0.42733 -7.612105 -0.345018 0.035682 14.167834 138.0
249 11160.0 -0.050885 0.51551 0.0 0.631516 -0.42733 -7.612105 -0.345018 0.035682 14.167834 138.0
250 11160.0 -0.044471 0.542658 0.0 0.607999 -0.42733 -7.612105 -0.345018 0.035682 14.167834 138.0
251 11160.0 -0.0511 0.518867 0.0 0.62774 -0.42733 -7.612105 -0.345018 0.035682 14.167834 138.0
252 11160.0 -0.044418 0.503266 0.0 0.650178 -0.42733 -7.612105 -0.345018 0.035682 14.167834 138.0
253 11160.0 -0.048489 0.510972 0.0 0.638433 -0.42733 -7.612105 -0.345018 0.035682 14.167834 138.0
254 11160.0 -0.068672 0.511707 0.0 0.620274 -0.42733 -7.612105 -0.345018 0.035682 14.167834 138.0
255 11160.0 -0.06624 0.493288 0.0 0.642068 -0.42733 -7.612105 -0.345018 0.035682 14.167834 138.0
256 11160.0 -0.072609 0.495874 0.0 0.633821 -0.42733 -7.612105 -0.345018 0.035682 14.167834 138.0
257 11160.0 -0.097083 0.518143 0.0 0.588938 -0.42733 -7.612105 -0.345018 0.035682 14.167834 138.0
258 11160.0 -0.115347 0.524844 0.0 0.56605 -0.42733 -7.612105 -0.345018 0.035682 14.167834 138.0
259 11160.0 -0.092323 0.546948 0.0 0.562226 -0.42733 -7.612105 -0.345018 0.035682 14.167834 138.0
260 11160.0 -0.066653 0.541082 0.0 0.590594 -0.42733 -7.612105 -0.345018 0.035682 14.167834 138.0
261 11160.0 -0.055377 0.528436 0.0 0.613824 -0.42733 -7.612105 -0.345018 0.035682 14.167834 138.0
262 11160.0 -0.063765 0.524412 0.0 0.610908 -0.42733 -7.612105 -0.345018 0.035682 14.167834 138.0
263 11160.0 -0.058796 0.515954 0.0 0.624233 -0.42733 -7.612105 -0.345018 0.035682 14.167834 138.0
264 11160.0 -0.051267 0.518419 0.0 0.628075 -0.42733 -7.612105 -0.345018 0.035682 14.167834 138.0
265 11160.0 -0.038069 0.5052 0.0 0.652798 -0.42733 -7.612105 -0.345018 0.035682 14.167834 138.0
266 11160.0 -0.070966 0.478196 0.0 0.654143 -0.42733 -7.612105 -0.345018 0.035682 14.167834 138.0
267 11160.0 -0.063165 0.491333 0.0 0.646806 -0.42733 -7.612105 -0.345018 0.035682 14.167834 138.0
268 11160.0 -0.072608 0.469292 0.0 0.662254 -0.42733 -7.612105 -0.345018 0.035682 14.167834 138.0
269 11160.0 -0.089946 0.48062 0.0 0.635215 -0.42733 -7.612105 -0.345018 0.035682 14.167834 138.0
270 11160.0 -0.066406 0.460501 0.0 0.676995 -0.42733 -7.612105 -0.345018 0.035682 14.167834 138.0
271 11160.0 -0.057892 0.478579 0.0 0.664986 -0.42733 -7.612105 -0.345018 0.035682 14.167834 138.0
272 11160.0 -0.075224 0.4803 0.0 0.648228 -0.42733 -7.612105 -0.345018 0.035682 14.167834 138.0
273 11160.0 -0.101875 0.482575 0.0 0.622858 -0.42733 -7.612105 -0.345018 0.035682 14.167834 138.0
274 11160.0 -0.09008 0.496508 0.0 0.618106 -0.42733 -7.612105 -0.345018 0.035682 14.167834 138.0
275 11160.0 -0.096015 0.509806 0.0 0.598774 -0.42733 -7.612105 -0.345018 0.035682 14.167834 138.0
276 11160.0 -0.122996 0.510608 0.0 0.574694 -0.42733 -7.612105 -0.345018 0.035682 14.167834 138.0
277 11160.0 -0.112632 0.493341 0.0 0.602083 -0.42733 -7.612105 -0.345018 0.035682 14.167834 138.0
278 11160.0 -0.128429 0.509001 0.0 0.571738 -0.42733 -7.612105 -0.345018 0.035682 14.167834 138.0
279 11160.0 -0.143859 0.487398 0.0 0.581563 -0.42733 -7.612105 -0.345018 0.035682 14.167834 138.0
280 11160.0 -0.142319 0.492787 0.0 0.577124 -0.42733 -7.612105 -0.345018 0.035682 14.167834 138.0
281 11160.0 -0.161309 0.502464 0.0 0.55043 -0.42733 -7.612105 -0.345018 0.035682 14.167834 138.0
282 11160.0 -0.185454 0.496804 0.0 0.535703 -0.42733 -7.612105 -0.345018 0.035682 14.167834 138.0
283 11160.0 -0.184915 0.495128 0.0 0.537959 -0.42733 -7.612105 -0.345018 0.035682 14.167834 138.0
284 11160.0 -0.204314 0.497334 0.0 0.518904 -0.42733 -7.612105 -0.345018 0.035682 14.167834 138.0
285 11160.0 -0.200865 0.517365 0.0 0.498557 -0.42733 -7.612105 -0.345018 0.035682 14.167834 138.0
286 11160.0 -0.231055 0.513217 0.0 0.473358 -0.42733 -7.612105 -0.345018 0.035682 14.167834 138.0
287 11160.0 -0.238809 0.52933 0.0 0.446255 -0.42733 -7.612105 -0.345018 0.035682 14.167834 138.0
