 time p.x p.y p.z deep.node-0 CV opes.bias opes.rct opes.zed opes.neff opes.nker
0 5315.0 -0.012762 0.487801 0.0 0.687298 -1.192014 -14.692898 -0.270563 0.037878 14.167834 130.0
1 5315.0 0.004124 0.496657 0.0 0.68959 -1.192014 -14.692898 -0.270563 0.037878 14.167834 130.0
2 5315.0 0.032078 0.532864 0.0 0.671558 -1.192014 -14.692898 -0.270563 0.037878 14.167834 130.0
3 5315.0 0.063575 0.527648 0.0 0.697848 -1.192014 -14.692898 -0.270563 0.037878 14.167834 130.0
4 5315.0 0.067182 0.539176 0.0 0.688576 -1.192014 -14.692898 -0.270563 0.037878 14.167834 130.0
5 5315.0 0.060852 0.515944 0.0 0.707886 -1.192014 -14.692898 -0.270563 0.037878 14.167834 130.0
6 5315.0 0.089824 0.496544 0.0 0.746857 -1.192014 -14.692898 -0.270563 0.037878 14.167834 130.0
7 5315.0 0.094899 0.493514 0.0 0.753311 -1.192014 -14.692898 -0.270563 0.037878 14.167834 130.0
8 5315.0 0.097048 0.494352 0.0 0.753895 -1.192014 -14.692898 -0.270563 0.037878 14.167834 130.0
9 5315.0 0.081496 0.504828 0.0 0.732912 -1.192014 -14.692898 -0.270563 0.037878 14.167834 130.0
10 5315.0 0.086243 0.49599 0.0 0.745031 -1.192014 -14.692898 -0.270563 0.037878 14.167834 130.0
11 5315.0 0.075246 0.499402 0.0 0.734241 -1.192014 -14.692898 -0.270563 0.037878 14.167834 130.0
12 5315.0 0.077838 0.495869 0.0 0.739547 -1.192014 -14.692898 -0.270563 0.037878 14.167834 130.0
13 5315.0 0.102143 0.493339 0.0 0.75832 -1.192014 -14.692898 -0.270563 0.037878 14.167834 130.0
14 5315.0 0.102678 0.505122 0.0 0.746741 -1.192014 -14.692898 -0.270563 0.037878 14.167834 130.0
15 5315.0 0.096205 0.509412 0.0 0.738079 -1.192014 -14.692898 -0.270563 0.037878 14.167834 130.0
16 5315.0 0.084803 0.506046 0.0 0.733885 -1.192014 -14.692898 -0.270563 0.037878 14.167834 130.0
17 5315.0 0.071314 0.508112 0.0 0.722796 -1.192014 -14.692898 -0.270563 0.037878 14.167834 130.0
18 5315.0 0.068558 0.487606 0.0 0.741728 -1.192014 -14.692898 -0.270563 0.037878 14.167834 130.0
19 5315.0 0.046572 0.510327 0.0 0.704052 -1.192014 -14.692898 -0.270563 0.037878 14.167834 130.0
20 5315.0 0.043754 0.5253 0.0 0.687007 -1.192014 -14.692898 -0.270563 0.037878 14.167834 130.0
21 5315.0 0.046798 0.517748 0.0 0.696686 -1.192014 -14.692898 -0.270563 0.037878 14.167834 130.0
22 5315.0 0.033941 0.500162 0.0 0.705925 -1.192014 -14.692898 -0.270563 0.037878 14.167834 130.0
23 5315.0 0.049643 0.515792 0.0 0.700564 -1.192014 -14.692898 -0.270563 0.037878 14.167834 130.0
24 5315.0 0.00159 0.502087 0.0 0.6824 -1.192014 -14.692898 -0.270563 0.037878 14.167834 130.0
25 5315.0 -0.011387 0.507627 0.0 0.668134 -1.192014 -14.692898 -0.270563 0.037878 14.167834 130.0
26 5315.0 -0.02779 0.501309 0.0 0.663594 -1.192014 -14.692898 -0.270563 0.037878 14.167834 130.0
27 5315.0 -0.003354 0.506333 0.0 0.674802 -1.192014 -14.692898 -0.270563 0.037878 14.167834 130.0
28 5315.0 0.012638 0.488587 0.0 0.703442 -1.192014 -14.692898 -0.270563 0.037878 14.167834 130.0
29 5315.0 0.024789 0.497893 0.0 0.702119 -1.192014 -14.692898 -0.270563 0.037878 14.167834 130.0
30 5315.0 0.025299 0.490155 0.0 0.710296 -1.192014 -14.692898 -0.270563 0.037878 14.167834 130.0
31 5315.0 -0.005641 0.507105 0.0 0.672495 -1.192014 -14.692898 -0.270563 0.037878 14.167834 130.0
32 5315.0 -0.032267 0.505219 0.0 0.656648 -1.192014 -14.692898 -0.270563 0.037878 14.167834 130.0
33 5315.0 -0.030757 0.49983 0.0 0.663113 -1.192014 -14.692898 -0.270563 0.037878 14.167834 130.0
34 5315.0 -0.043759 0.480807 0.0 0.67371 -1.192014 -14.692898 -0.270563 0.037878 14.167834 130.0
35 5315.0 -0.038393 0.500967 0.0 0.65687 -1.192014 -14.692898 -0.270563 0.037878 14.167834 130.0
36 5315.0 -0.065906 0.494302 0.0 0.641271 -1.192014 -14.692898 -0.270563 0.037878 14.167834 130.0
37 5315.0 -0.060258 0.49416 0.0 0.646284 -1.192014 -14.692898 -0.270563 0.037878 14.167834 130.0
38 5315.0 -0.067038 0.501516 0.0 0.632582 -1.192014 -14.692898 -0.270563 0.037878 14.167834 130.0
39 5315.0 -0.047787 0.50978 0.0 0.640312 -1.192014 -14.692898 -0.270563 0.037878 14.167834 130.0
40 5315.0 -0.06798 0.52389 0.0 0.60784 -1.192014 -14.692898 -0.270563 0.037878 14.167834 130.0
41 5315.0 -0.073205 0.514623 0.0 0.613254 -1.192014 -14.692898 -0.270563 0.037878 14.167834 130.0
42 5315.0 -0.064091 0.508009 0.0 0.628173 -1.192014 -14.692898 -0.270563 0.037878 14.167834 130.0
43 5315.0 -0.029643 0.493679 0.0 0.670086 -1.192014 -14.692898 -0.270563 0.037878 14.167834 130.0
44 5315.0 -0.044772 0.527958 0.0 0.623463 -1.192014 -14.692898 -0.270563 0.037878 14.167834 130.0
45 5315.0 -0.049976 0.498744 0.0 0.650231 -1.192014 -14.692898 -0.270563 0.037878 14.167834 130.0
46 5315.0 -0.067288 0.49399 0.0 0.640415 -1.192014 -14.692898 -0.270563 0.037878 14.167834 130.0
47 5315.0 -0.065475 0.507172 0.0 0.627876 -1.192014 -14.692898 -0.270563 0.037878 14.167834 130.0
48 5315.0 -0.054036 0.521543 0.0 0.622351 -1.192014 -14.692898 -0.270563 0.037878 14.167834 130.0
49 5315.0 -0.080841 0.539612 0.0 0.579954 -1.192014 -14.692898 -0.270563 0.037878 14.167834 130.0
50 5315.0 -0.066245 0.542412 0.0 0.589522 -1.192014 -14.692898 -0.270563 0.037878 14.167834 130.0
51 5315.0 -0.064528 0.52496 0.0 0.609666 -1.192014 -14.692898 -0.270563 0.037878 14.167834 130.0
52 5315.0 -0.097437 0.522884 0.0 0.583563 -1.192014 -14.692898 -0.270563 0.037878 14.167834 130.0
53 5315.0 -0.084975 0.522512 0.0 0.594686 -1.192014 -14.692898 -0.270563 0.037878 14.167834 130.0
54 5315.0 -0.070158 0.509666 0.0 0.621178 -1.192014 -14.692898 -0.270563 0.037878 14.167834 130.0
55 5315.0 -0.077722 0.532072 0.0 0.590703 -1.192014 -14.692898 -0.270563 0.037878 14.167834 130.0
56 5315.0 -0.075442 0.51042 0.0 0.615824 -1.192014 -14.692898 -0.270563 0.037878 14.167834 130.0
57 5315.0 -0.082635 0.5126 0.0 0.607302 -1.192014 -14.692898 -0.270563 0.037878 14.167834 130.0
58 5315.0 -0.08546 0.525224 0.0 0.591368 -1.192014 -14.692898 -0.270563 0.037878 14.167834 130.0
59 5315.0 -0.09016 0.525917 0.0 0.586581 -1.192014 -14.692898 -0.270563 0.037878 14.167834 130.0
60 5315.0 -0.077173 0.50712 0.0 0.617864 -1.192014 -14.692898 -0.270563 0.037878 14.167834 130.0
61 5315.0 -0.095154 0.49215 0.0 0.6184 -1.192014 -14.692898 -0.270563 0.037878 14.167834 130.0
62 5315.0 -0.097285 0.478075 0.0 0.63162 -1.192014 -14.692898 -0.270563 0.037878 14.167834 130.0
63 5315.0 -0.101801 0.501749 0.0 0.602412 -1.192014 -14.692898 -0.270563 0.037878 14.167834 130.0
64 5315.0 -0.086276 0.494651 0.0 0.623367 -1.192014 -14.692898 -0.270563 0.037878 14.167834 130.0
65 5315.0 -0.082168 0.477141 0.0 0.64563 -1.192014 -14.692898 -0.270563 0.037878 14.167834 130.0
66 5315.0 -0.066392 0.487893 0.0 0.647707 -1.192014 -14.692898 -0.270563 0.037878 14.167834 130.0
67 5315.0 -0.049135 0.500738 0.0 0.648822 -1.192014 -14.692898 -0.270563 0.037878 14.167834 130.0
68 5315.0 -0.039262 0.487869 0.0 0.669556 -1.192014 -14.692898 -0.270563 0.037878 14.167834 130.0
69 5315.0 -0.043017 0.484383 0.0 0.670583 -1.192014 -14.692898 -0.270563 0.037878 14.167834 130.0
70 5315.0 -0.028502 0.498275 0.0 0.666192 -1.192014 -14.692898 -0.270563 0.037878 14.167834 130.0
71 5315.0 -0.011186 0.511162 0.0 0.664688 -1.192014 -14.692898 -0.270563 0.037878 14.167834 130.0
72 5315.0 -0.032312 0.51486 0.0 0.646853 -1.192014 -14.692898 -0.270563 0.037878 14.167834 130.0
73 5315.0 -0.032485 0.534263 0.0 0.627084 -1.192014 -14.692898 -0.270563 0.037878 14.167834 130.0
74 5315.0 -0.036973 0.534108 0.0 0.623598 -1.192014 -14.692898 -0.270563 0.037878 14.167834 130.0
75 5315.0 -0.049465 0.513411 0.0 0.634983 -1.192014 -14.692898 -0.270563 0.037878 14.167834 130.0
76 5315.0 -0.042031 0.510473 0.0 0.644524 -1.192014 -14.692898 -0.270563 0.037878 14.167834 130.0
77 5315.0 -0.033873 0.492868 0.0 0.668087 -1.192014 -14.692898 -0.270563 0.037878 14.167834 130.0
78 5315.0 -0.022558 0.493592 0.0 0.674899 -1.192014 -14.692898 -0.270563 0.037878 14.167834 130.0
79 5315.0 -0.009113 0.480632 0.0 0.696993 -1.192014 -14.692898 -0.270563 0.037878 14.167834 130.0
80 5315.0 -0.012095 0.478822 0.0 0.696838 -1.192014 -14.692898 -0.270563 0.037878 14.167834 130.0
81 5315.0 -0.027323 0.500951 0.0 0.664268 -1.192014 -14.692898 -0.270563 0.037878 14.167834 130.0
82 5315.0 -0.02465 0.512396 0.0 0.654458 -1.192014 -14.692898 -0.270563 0.037878 14.167834 130.0
83 5315.0 -0.021167 0.553761 0.0 0.614883 -1.192014 -14.692898 -0.270563 0.037878 14.167834 130.0
84 5315.0 -0.009818 0.532945 0.0 0.643536 -1.192014 -14.692898 -0.270563 0.037878 14.167834 130.0
85 5315.0 -0.016721 0.525172 0.0 0.646806 -1.192014 -14.692898 -0.270563 0.037878 14.167834 130.0
86 5315.0 -0.003111 0.533301 0.0 0.647648 -1.192014 -14.692898 -0.270563 0.037878 14.167834 130.0
87 5315.0 -0.009852 0.538683 0.0 0.637701 -1.192014 -14.692898 -0.270563 0.037878 14.167834 130.0
88 5315.0 -0.003033 0.542488 0.0 0.638395 -1.192014 -14.692898 -0.270563 0.037878 14.167834 130.0
89 5315.0 0.011475 0.549091 0.0 0.641382 -1.192014 -14.692898 -0.270563 0.037878 14.167834 130.0
90 5315.0 0.009103 0.536419 0.0 0.652635 -1.192014 -14.692898 -0.270563 0.037878 14.167834 130.0
91 5315.0 -0.005927 0.512176 0.0 0.667168 -1.192014 -14.692898 -0.270563 0.037878 14.167834 130.0
92 5315.0 0.005913 0.496491 0.0 0.690951 -1.192014 -14.692898 -0.270563 0.037878 14.167834 130.0
93 5315.0 0.021261 0.502675 0.0 0.694922 -1.192014 -14.692898 -0.270563 0.037878 14.167834 130.0
94 5315.0 0.02669 0.512108 0.0 0.688989 -1.192014 -14.692898 -0.270563 0.037878 14.167834 130.0
95 5315.0 0.041416 0.506769 0.0 0.704217 -1.192014 -14.692898 -0.270563 0.037878 14.167834 130.0
96 5315.0 0.037888 0.51838 0.0 0.690104 -1.192014 -14.692898 -0.270563 0.037878 14.167834 130.0
97 5315.0 0.021118 0.485606 0.0 0.712116 -1.192014 -14.692898 -0.270563 0.037878 14.167834 130.0
98 5315.0 0.014381 0.507349 0.0 0.6856 -1.192014 -14.692898 -0.270563 0.037878 14.167834 130.0
99 5315.0 0.01366 0.520379 0.0 0.671922 -1.192014 -14.692898 -0.270563 0.037878 14.167834 130.0
100 5315.0 -0.008896 0.537757 0.0 0.639277 -1.192014 -14.692898 -0.270563 0.037878 14.167834 130.0
101 5315.0 -0.022955 0.52984 0.0 0.637919 -1.192014 -14.692898 -0.270563 0.037878 14.167834 130.0
102 5315.0 -0.024834 0.52459 0.0 0.641985 -1.192014 -14.692898 -0.270563 0.037878 14.167834 130.0
103 5315.0 0.001792 0.536961 0.0 0.64721 -1.192014 -14.692898 -0.270563 0.037878 14.167834 130.0
104 5315.0 -0.015915 0.502109 0.0 0.670704 -1.192014 -14.692898 -0.270563 0.037878 14.167834 130.0
105 5315.0 -0.008973 0.483032 0.0 0.694656 -1.192014 -14.692898 -0.270563 0.037878 14.167834 130.0
106 5315.0 -0.018937 0.489586 0.0 0.681372 -1.192014 -14.692898 -0.270563 0.037878 14.167834 130.0
107 5315.0 -0.005613 0.464537 0.0 0.71563 -1.192014 -14.692898 -0.270563 0.037878 14.167834 130.0
108 5315.0 0.012555 0.460605 0.0 0.731729 -1.192014 -14.692898 -0.270563 0.037878 14.167834 130.0
109 5315.0 0.016222 0.463212 0.0 0.731534 -1.192014 -14.692898 -0.270563 0.037878 14.167834 130.0
110 5315.0 0.030254 0.474417 0.0 0.729542 -1.192014 -14.692898 -0.270563 0.037878 14.167834 130.0
111 5315.0 0.009879 0.475473 0.0 0.714884 -1.192014 -14.692898 -0.270563 0.037878 14.167834 130.0
112 5315.0 0.031001 0.49846 0.0 0.705688 -1.192014 -14.692898 -0.270563 0.037878 14.167834 130.0
113 5315.0 0.025786 0.510655 0.0 0.689857 -1.192014 -14.692898 -0.270563 0.037878 14.167834 130.0
114 5315.0 0.025414 0.52582 0.0 0.674249 -1.192014 -14.692898 -0.270563 0.037878 14.167834 130.0
115 5315.0 0.009772 0.538549 0.0 0.650925 -1.192014 -14.692898 -0.270563 0.037878 14.167834 130.0
116 5315.0 0.018951 0.545941 0.0 0.649559 -1.192014 -14.692898 -0.270563 0.037878 14.167834 130.0
117 5315.0 -0.000274 0.533815 0.0 0.64902 -1.192014 -14.692898 -0.270563 0.037878 14.167834 130.0
118 5315.0 0.007211 0.550674 0.0 0.636935 -1.192014 -14.692898 -0.270563 0.037878 14.167834 130.0
119 5315.0 0.004199 0.548726 0.0 0.6369 -1.192014 -14.692898 -0.270563 0.037878 14.167834 130.0
120 5315.0 0.008142 0.559025 0.0 0.629097 -1.192014 -14.692898 -0.270563 0.037878 14.167834 130.0
121 5315.0 -0.015772 0.563911 0.0 0.608201 -1.192014 -14.692898 -0.270563 0.037878 14.167834 130.0
122 5315.0 -0.003292 0.535267 0.0 0.645536 -1.192014 -14.692898 -0.270563 0.037878 14.167834 130.0
123 5315.0 0.011718 0.510233 0.0 0.680903 -1.192014 -14.692898 -0.270563 0.037878 14.167834 130.0
124 5315.0 0.004448 0.503823 0.0 0.682547 -1.192014 -14.692898 -0.270563 0.037878 14.167834 130.0
125 5315.0 0.019468 0.516187 0.0 0.680041 -1.192014 -14.692898 -0.270563 0.037878 14.167834 130.0
126 5315.0 0.007313 0.506003 0.0 0.68225 -1.192014 -14.692898 -0.270563 0.037878 14.167834 130.0
127 5315.0 0.006321 0.511173 0.0 0.676352 -1.192014 -14.692898 -0.270563 0.037878 14.167834 130.0
128 5315.0 0.02917 0.490427 0.0 0.712603 -1.192014 -14.692898 -0.270563 0.037878 14.167834 130.0
129 5315.0 0.02204 0.510471 0.0 0.687545 -1.192014 -14.692898 -0.270563 0.037878 14.167834 130.0
130 5315.0 0.039666 0.528934 0.0 0.6806 -1.192014 -14.692898 -0.270563 0.037878 14.167834 130.0
131 5315.0 0.033213 0.520537 0.0 0.684802 -1.192014 -14.692898 -0.270563 0.037878 14.167834 130.0
132 5315.0 0.055829 0.531538 0.0 0.688742 -1.192014 -14.692898 -0.270563 0.037878 14.167834 130.0
133 5315.0 0.047798 0.523008 0.0 0.692025 -1.192014 -14.692898 -0.270563 0.037878 14.167834 130.0
134 5315.0 0.043439 0.515953 0.0 0.696264 -1.192014 -14.692898 -0.270563 0.037878 14.167834 130.0
135 5315.0 0.036302 0.528096 0.0 0.679205 -1.192014 -14.692898 -0.270563 0.037878 14.167834 130.0
136 5315.0 0.047145 0.538011 0.0 0.676394 -1.192014 -14.692898 -0.270563 0.037878 14.167834 130.0
137 5315.0 0.04039 0.514443 0.0 0.69576 -1.192014 -14.692898 -0.270563 0.037878 14.167834 130.0
138 5315.0 0.040918 0.526178 0.0 0.684226 -1.192014 -14.692898 -0.270563 0.037878 14.167834 130.0
139 5315.0 0.037377 0.528622 0.0 0.67939 -1.192014 -14.692898 -0.270563 0.037878 14.167834 130.0
140 5315.0 0.016962 0.507836 0.0 0.686828 -1.192014 -14.692898 -0.270563 0.037878 14.167834 130.0
141 5315.0 -0.01416 0.504512 0.0 0.66944 -1.192014 -14.692898 -0.270563 0.037878 14.167834 130.0
142 5315.0 0.00654 0.515081 0.0 0.67254 -1.192014 -14.692898 -0.270563 0.037878 14.167834 130.0
143 5315.0 0.013732 0.507205 0.0 0.685312 -1.192014 -14.692898 -0.270563 0.037878 14.167834 130.0
144 5315.0 0.02363 0.54667 0.0 0.651941 -1.192014 -14.692898 -0.270563 0.037878 14.167834 130.0
145 5315.0 -0.001912 0.544341 0.0 0.637266 -1.192014 -14.692898 -0.270563 0.037878 14.167834 130.0
146 5315.0 -0.014687 0.536169 0.0 0.637024 -1.192014 -14.692898 -0.270563 0.037878 14.167834 130.0
147 5315.0 -0.018068 0.52884 0.0 0.642192 -1.192014 -14.692898 -0.270563 0.037878 14.167834 130.0
148 5315.0 -0.034982 0.515323 0.0 0.644603 -1.192014 -14.692898 -0.270563 0.037878 14.167834 130.0
149 5315.0 -0.046225 0.497687 0.0 0.65459 -1.192014 -14.692898 -0.270563 0.037878 14.167834 130.0
150 5315.0 -0.059927 0.509747 0.0 0.629898 -1.192014 -14.692898 -0.270563 0.037878 14.167834 130.0
151 5315.0 -0.079038 0.519062 0.0 0.603486 -1.192014 -14.692898 -0.270563 0.037878 14.167834 130.0
152 5315.0 -0.064351 0.516199 0.0 0.61919 -1.192014 -14.692898 -0.270563 0.037878 14.167834 130.0
153 5315.0 -0.066215 0.52602 0.0 0.60708 -1.192014 -14.692898 -0.270563 0.037878 14.167834 130.0
154 5315.0 -0.092431 0.512594 0.0 0.598876 -1.192014 -14.692898 -0.270563 0.037878 14.167834 130.0
155 5315.0 -0.112468 0.495467 0.0 0.599951 -1.192014 -14.692898 -0.270563 0.037878 14.167834 130.0
156 5315.0 -0.106606 0.498137 0.0 0.60214 -1.192014 -14.692898 -0.270563 0.037878 14.167834 130.0
157 5315.0 -0.104782 0.498626 0.0 0.603187 -1.192014 -14.692898 -0.270563 0.037878 14.167834 130.0
158 5315.0 -0.095762 0.480226 0.0 0.63063 -1.192014 -14.692898 -0.270563 0.037878 14.167834 130.0
159 5315.0 -0.081999 0.506391 0.0 0.614491 -1.192014 -14.692898 -0.270563 0.037878 14.167834 130.0
160 5315.0 -0.06295 0.47024 0.0 0.669552 -1.192014 -14.692898 -0.270563 0.037878 14.167834 130.0
161 5315.0 -0.064064 0.4627 0.0 0.676658 -1.192014 -14.692898 -0.270563 0.037878 14.167834 130.0
162 5315.0 -0.062948 0.465124 0.0 0.675025 -1.192014 -14.692898 -0.270563 0.037878 14.167834 130.0
163 5315.0 -0.054587 0.489552 0.0 0.656094 -1.192014 -14.692898 -0.270563 0.037878 14.167834 130.0
164 5315.0 -0.0306 0.507445 0.0 0.655505 -1.192014 -14.692898 -0.270563 0.037878 14.167834 130.0
165 5315.0 -0.052423 0.513415 0.0 0.632433 -1.192014 -14.692898 -0.270563 0.037878 14.167834 130.0
166 5315.0 -0.050919 0.512378 0.0 0.634837 -1.192014 -14.692898 -0.270563 0.037878 14.167834 130.0
167 5315.0 -0.034098 0.512103 0.0 0.648454 -1.192014 -14.692898 -0.270563 0.037878 14.167834 130.0
168 5315.0 -0.034659 0.527535 0.0 0.63245 -1.192014 -14.692898 -0.270563 0.037878 14.167834 130.0
169 5315.0 -0.032312 0.534797 0.0 0.626659 -1.192014 -14.692898 -0.270563 0.037878 14.167834 130.0
170 5315.0 -0.037573 0.547303 0.0 0.608968 -1.192014 -14.692898 -0.270563 0.037878 14.167834 130.0
171 5315.0 -0.061863 0.528739 0.0 0.607917 -1.192014 -14.692898 -0.270563 0.037878 14.167834 130.0
172 5315.0 -0.059112 0.511136 0.0 0.629114 -1.192014 -14.692898 -0.270563 0.037878 14.167834 130.0
173 5315.0 -0.060432 0.500079 0.0 0.639805 -1.192014 -14.692898 -0.270563 0.037878 14.167834 130.0
174 5315.0 -0.083449 0.511243 0.0 0.608053 -1.192014 -14.692898 -0.270563 0.037878 14.167834 130.0
175 5315.0 -0.089582 0.512626 0.0 0.601295 -1.192014 -14.692898 -0.270563 0.037878 14.167834 130.0
176 5315.0 -0.075143 0.493202 0.0 0.634498 -1.192014 -14.692898 -0.270563 0.037878 14.167834 130.0
177 5315.0 -0.102016 0.483016 0.0 0.622264 -1.192014 -14.692898 -0.270563 0.037878 14.167834 130.0
178 5315.0 -0.110061 0.485317 0.0 0.612878 -1.192014 -14.692898 -0.270563 0.037878 14.167834 130.0
179 5315.0 -0.11856 0.482922 0.0 0.608125 -1.192014 -14.692898 -0.270563 0.037878 14.167834 130.0
180 5315.0 -0.152534 0.518242 0.0 0.541106 -1.192014 -14.692898 -0.270563 0.037878 14.167834 130.0
181 5315.0 -0.16476 0.501153 0.0 0.548862 -1.192014 -14.692898 -0.270563 0.037878 14.167834 130.0
182 5315.0 -0.169819 0.5063 0.0 0.539002 -1.192014 -14.692898 -0.270563 0.037878 14.167834 130.0
183 5315.0 -0.166161 0.521822 0.0 0.525549 -1.192014 -14.692898 -0.270563 0.037878 14.167834 130.0
184 5315.0 -0.154761 0.538271 0.0 0.517767 -1.192014 -14.692898 -0.270563 0.037878 14.167834 130.0
185 5315.0 -0.15525 0.53958 0.0 0.515946 -1.192014 -14.692898 -0.270563 0.037878 14.167834 130.0
186 5315.0 -0.163108 0.547941 0.0 0.499582 -1.192014 -14.692898 -0.270563 0.037878 14.167834 130.0
187 5315.0 -0.17327 0.552581 0.0 0.483851 -1.192014 -14.692898 -0.270563 0.037878 14.167834 130.0
188 5315.0 -0.162495 0.549944 0.0 0.49779 -1.192014 -14.692898 -0.270563 0.037878 14.167834 130.0
189 5315.0 -0.171897 0.55343 0.0 0.484204 -1.192014 -14.692898 -0.270563 0.037878 14.167834 130.0
190 5315.0 -0.164447 0.555992 0.0 0.488575 -1.192014 -14.692898 -0.270563 0.037878 14.167834 130.0
191 5315.0 -0.176472 0.557343 0.0 0.474931 -1.192014 -14.692898 -0.270563 0.037878 14.167834 130.0
192 5315.0 -0.185845 0.557659 0.0 0.465181 -1.192014 -14.692898 -0.270563 0.037878 14.167834 130.0
193 5315.0 -0.187289 0.549445 0.0 0.473602 -1.192014 -14.692898 -0.270563 0.037878 14.167834 130.0
194 5315.0 -0.165421 0.512125 0.0 0.536557 -1.192014 -14.692898 -0.270563 0.037878 14.167834 130.0
195 5315.0 -0.151693 0.511363 0.0 0.549188 -1.192014 -14.692898 -0.270563 0.037878 14.167834 130.0
196 5315.0 -0.141607 0.496114 0.0 0.574179 -1.192014 -14.692898 -0.270563 0.037878 14.167834 130.0
197 5315.0 -0.159351 0.512594 0.0 0.54128 -1.192014 -14.692898 -0.270563 0.037878 14.167834 130.0
198 5315.0 -0.145287 0.525919 0.0 0.539133 -1.192014 -14.692898 -0.270563 0.037878 14.167834 130.0
199 5315.0 -0.147604 0.529411 0.0 0.533403 -1.192014 -14.692898 -0.270563 0.037878 14.167834 130.0
200 5315.0 -0.137398 0.508472 0.0 0.564584 -1.192014 -14.692898 -0.270563 0.037878 14.167834 130.0
201 5315.0 -0.150208 0.523798 0.0 0.537166 -1.192014 -14.692898 -0.270563 0.037878 14.167834 130.0
202 5315.0 -0.172182 0.511453 0.0 0.531457 -1.192014 -14.692898 -0.270563 0.037878 14.167834 130.0
203 5315.0 -0.188166 0.512906 0.0 0.516145 -1.192014 -14.692898 -0.270563 0.037878 14.167834 130.0
204 5315.0 -0.186634 0.51768 0.0 0.512358 -1.192014 -14.692898 -0.270563 0.037878 14.167834 130.0
205 5315.0 -0.205213 0.503464 0.0 0.510905 -1.192014 -14.692898 -0.270563 0.037878 14.167834 130.0
206 5315.0 -0.195676 0.473231 0.0 0.552118 -1.192014 -14.692898 -0.270563 0.037878 14.167834 130.0
207 5315.0 -0.198786 0.467814 0.0 0.555236 -1.192014 -14.692898 -0.270563 0.037878 14.167834 130.0
208 5315.0 -0.200703 0.438557 0.0 0.584878 -1.192014 -14.692898 -0.270563 0.037878 14.167834 130.0
209 5315.0 -0.219236 0.464735 0.0 0.540928 -1.192014 -14.692898 -0.270563 0.037878 14.167834 130.0
210 5315.0 -0.23343 0.472299 0.0 0.520124 -1.192014 -14.692898 -0.270563 0.037878 14.167834 130.0
211 5315.0 -0.24959 0.496336 0.0 0.475101 -1.192014 -14.692898 -0.270563 0.037878 14.167834 130.0
212 5315.0 -0.275619 0.488546 0.0 0.458435 -1.192014 -14.692898 -0.270563 0.037878 14.167834 130.0
213 5315.0 -0.271524 0.498534 0.0 0.450533 -1.192014 -14.692898 -0.270563 0.037878 14.167834 130.0
214 5315.0 -0.254883 0.505849 0.0 0.458384 -1.192014 -14.692898 -0.270563 0.037878 14.167834 130.0
215 5315.0 -0.255604 0.52049 0.0 0.44008 -1.192014 -14.692898 -0.270563 0.037878 14.167834 130.0
216 5315.0 -0.273276 0.511028 0.0 0.433777 -1.192014 -14.692898 -0.270563 0.037878 14.167834 130.0
217 5315.0 -0.284019 0.528392 0.0 0.402184 -1.192014 -14.692898 -0.270563 0.037878 14.167834 130.0
218 5315.0 -0.291408 0.527151 0.0 0.396287 -1.192014 -14.692898 -0.270563 0.037878 14.167834 130.0
219 5315.0 -0.286454 0.525755 0.0 0.402917 -1.192014 -14.692898 -0.270563 0.037878 14.167834 130.0
220 5315.0 -0.309006 0.527814 0.0 0.377897 -1.192014 -14.692898 -0.270563 0.037878 14.167834 130.0
221 5315.0 -0.29745 0.529686 0.0 0.387202 -1.192014 -14.692898 -0.270563 0.037878 14.167834 130.0
222 5315.0 -0.310036 0.513901 0.0 0.393578 -1.192014 -14.692898 -0.270563 0.037878 14.167834 130.0
223 5315.0 -0.320024 0.513166 0.0 0.384475 -1.192014 -14.692898 -0.270563 0.037878 14.167834 130.0
224 5315.0 -0.337898 0.514335 0.0 0.365202 -1.192014 -14.692898 -0.270563 0.037878 14.167834 130.0
225 5315.0 -0.34196 0.517969 0.0 0.356777 -1.192014 -14.692898 -0.270563 0.037878 14.167834 130.0
226 5315.0 -0.359015 0.507523 0.0 0.352271 -1.192014 -14.692898 -0.270563 0.037878 14.167834 130.0
227 5315.0 -0.394682 0.520756 0.0 0.300722 -1.192014 -14.692898 -0.270563 0.037878 14.167834 130.0
228 5315.0 -0.41434 0.522884 0.0 0.278514 -1.192014 -14.692898 -0.270563 0.037878 14.167834 130.0
229 5315.0 -0.442993 0.528917 0.0 0.242624 -1.192014 -14.692898 -0.270563 0.037878 14.167834 130.0
230 5315.0 -0.430064 0.539645 0.0 0.242666 -1.192014 -14.692898 -0.270563 0.037878 14.167834 130.0
231 5315.0 -0.45134 0.546221 0.0 0.213498 -1.192014 -14.692898 -0.270563 0.037878 14.167834 130.0
232 5315.0 -0.47015 0.562009 0.0 0.175733 -1.192014 -14.692898 -0.270563 0.037878 14.167834 130.0
233 5315.0 -0.494791 0.557645 0.0 0.156339 -1.192014 -14.692898 -0.270563 0.037878 14.167834 130.0
234 5315.0 -0.496071 0.543609 0.0 0.171916 -1.192014 -14.692898 -0.270563 0.037878 14.167834 130.0
235 5315.0 -0.511218 0.541976 0.0 0.158735 -1.192014 -14.692898 -0.270563 0.037878 14.167834 130.0
236 5315.0 -0.527022 0.570604 0.0 0.108554 -1.192014 -14.692898 -0.270563 0.037878 14.167834 130.0
237 5315.0 -0.562125 0.56837 0.0 0.076145 -1.192014 -14.692898 -0.270563 0.037878 14.167834 130.0
238 5315.0 -0.585909 0.580469 0.0 0.037836 -1.192014 -14.692898 -0.270563 0.037878 14.167834 130.0
239 5315.0 -0.6153 0.582058 0.0 0.006546 -1.192014 -14.692898 -0.270563 0.037878 14.167834 130.0
240 5315.0 -0.652292 0.584306 0.0 -0.033137 -1.192014 -14.692898 -0.270563 0.037878 14.167834 130.0
241 5315.0 -0.659164 0.56881 0.0 -0.021396 -1.192014 -14.692898 -0.270563 0.037878 14.167834 130.0
242 5315.0 -0.668385 0.553527 0.0 -0.01226 -1.192014 -14.692898 -0.270563 0.037878 14.167834 130.0
243 5315.0 -0.673785 0.565594 0.0 -0.03215 -1.192014 -14.692898 -0.270563 0.037878 14.167834 130.0
244 5315.0 -0.674857 0.593921 0.0 -0.067243 -1.192014 -14.692898 -0.270563 0.037878 14.167834 130.0
245 5315.0 -0.678787 0.605229 0.0 -0.084751 -1.192014 -14.692898 -0.270563 0.037878 14.167834 130.0
246 5315.0 -0.686308 0.616534 0.0 -0.105847 -1.192014 -14.692898 -0.270563 0.037878 14.167834 130.0
247 5315.0 -0.704799 0.612333 0.0 -0.119288 -1.192014 -14.692898 -0.270563 0.037878 14.167834 130.0
248 5315.0 -0.695399 0.639441 0.0 -0.143026 -1.192014 -14.692898 -0.270563 0.037878 14.167834 130.0
249 5315.0 -0.711384 0.615414 0.0 -0.129572 -1.192014 -14.692898 -0.270563 0.037878 14.167834 130.0
250 5315.0 -0.729942 0.627112 0.0 -0.162614 -1.192014 -14.692898 -0.270563 0.037878 14.167834 130.0
251 5315.0 -0.713766 0.587996 0.0 -0.099024 -1.192014 -14.692898 -0.270563 0.037878 14.167834 130.0
252 5315.0 -0.734771 0.610328 0.0 -0.146843 -1.192014 -14.692898 -0.270563 0.037878 14.167834 130.0
253 5315.0 -0.764377 0.606396 0.0 -0.171719 -1.192014 -14.692898 -0.270563 0.037878 14.167834 130.0
254 5315.0 -0.767895 0.624933 0.0 -0.198411 -1.192014 -14.692898 -0.270563 0.037878 14.167834 130.0
255 5315.0 -0.768356 0.611569 0.0 -0.182099 -1.192014 -14.692898 -0.270563 0.037878 14.167834 130.0
256 5315.0 -0.772908 0.614455 0.0 -0.190344 -1.192014 -14.692898 -0.270563 0.037878 14.167834 130.0
257 5315.0 -0.767278 0.63166 0.0 -0.205037 -1.192014 -14.692898 -0.270563 0.037878 14.167834 130.0
258 5315.0 -0.751616 0.626912 0.0 -0.184369 -1.192014 -14.692898 -0.270563 0.037878 14.167834 130.0
259 5315.0 -0.76295 0.607744 0.0 -0.171911 -1.192014 -14.692898 -0.270563 0.037878 14.167834 130.0
260 5315.0 -0.766292 0.616683 0.0 -0.186424 -1.192014 -14.692898 -0.270563 0.037878 14.167834 130.0
261 5315.0 -0.773713 0.648551 0.0 -0.228726 -1.192014 -14.692898 -0.270563 0.037878 14.167834 130.0
262 5315.0 -0.78516 0.646401 0.0 -0.236541 -1.192014 -14.692898 -0.270563 0.037878 14.167834 130.0
263 5315.0 -0.775349 0.637695 0.0 -0.218598 -1.192014 -14.692898 -0.270563 0.037878 14.167834 130.0
264 5315.0 -0.738519 0.636706 0.0 -0.183371 -1.192014 -14.692898 -0.270563 0.037878 14.167834 130.0
265 5315.0 -0.74751 0.672362 0.0 -0.230974 -1.192014 -14.692898 -0.270563 0.037878 14.167834 130.0
266 5315.0 -0.754932 0.665093 0.0 -0.229778 -1.192014 -14.692898 -0.270563 0.037878 14.167834 130.0
267 5315.0 -0.765428 0.658518 0.0 -0.232036 -1.192014 -14.692898 -0.270563 0.037878 14.167834 130.0
268 5315.0 -0.781149 0.65511 0.0 -0.242283 -1.192014 -14.692898 -0.270563 0.037878 14.167834 130.0
269 5315.0 -0.831601 0.650545 0.0 -0.281964 -1.192014 -14.692898 -0.270563 0.037878 14.167834 130.0
270 5315.0 -0.847304 0.643034 0.0 -0.287823 -1.192014 -14.692898 -0.270563 0.037878 14.167834 130.0
271 5315.0 -0.831993 0.630537 0.0 -0.260981 -1.192014 -14.692898 -0.270563 0.037878 14.167834 130.0
272 5315.0 -0.845857 0.657147 0.0 -0.301591 -1.192014 -14.692898 -0.270563 0.037878 14.167834 130.0
273 5315.0 -0.85369 0.658951 0.0 -0.31043 -1.192014 -14.692898 -0.270563 0.037878 14.167834 130.0
274 5315.0 -0.860309 0.634632 0.0 -0.290348 -1.192014 -14.692898 -0.270563 0.037878 14.167834 130.0
275 5315.0 -0.8479 0.619752 0.0 -0.263529 -1.192014 -14.692898 -0.270563 0.037878 14.167834 130.0
276 5315.0 -0.847267 0.638126 0.0 -0.282557 -1.192014 -14.692898 -0.270563 0.037878 14.167834 130.0
277 5315.0 -0.838427 0.660658 0.0 -0.298772 -1.192014 -14.692898 -0.270563 0.037878 14.167834 130.0
278 5315.0 -0.850841 0.676224 0.0 -0.326328 -1.192014 -14.692898 -0.270563 0.037878 14.167834 130.0
279 5315.0 -0.858352 0.713743 0.0 -0.380352 -1.192014 -14.692898 -0.270563 0.037878 14.167834 130.0
280 5315.0 -0.864842 0.727164 0.0 -0.405272 -1.192014 -14.692898 -0.270563 0.037878 14.167834 130.0
281 5315.0 -0.876952 0.749266 0.0 -0.447695 -1.192014 -14.692898 -0.270563 0.037878 14.167834 130.0
282 5315.0 -0.888012 0.762581 0.0 -0.476548 -1.192014 -14.692898 -0.270563 0.037878 14.167834 130.0
283 5315.0 -0.916512 0.779418 0.0 -0.525874 -1.192014 -14.692898 -0.270563 0.037878 14.167834 130.0
284 5315.0 -0.933503 0.765894 0.0 -0.523117 -1.192014 -14.692898 -0.270563 0.037878 14.167834 130.0
285 5315.0 -0.916643 0.746576 0.0 -0.481162 -1.192014 -14.692898 -0.270563 0.037878 14.167834 130.0
286 5315.0 -0.904867 0.751077 0.0 -0.476422 -1.192014 -14.692898 -0.270563 0.037878 14.167834 130.0
287 5315.0 -0.914222 0.76547 0.0 -0.504716 -1.192014 -14.692898 -0.270563 0.037878 14.167834 130.0
