 time p.x p.y p.z deep.node-0 CV opes.bias opes.rct opes.zed opes.neff opes.nker
0 7095.0 -0.296951 0.517399 0.0 0.402457 -1.318782 -13.691176 -0.2996 0.037589 14.167834 131.0
1 7095.0 -0.305236 0.494484 0.0 0.421695 -1.318782 -13.691176 -0.2996 0.037589 14.167834 131.0
2 7095.0 -0.333262 0.499681 0.0 0.387436 -1.318782 -13.691176 -0.2996 0.037589 14.167834 131.0
3 7095.0 -0.320199 0.490554 0.0 0.411456 -1.318782 -13.691176 -0.2996 0.037589 14.167834 131.0
4 7095.0 -0.330375 0.509951 0.0 0.377987 -1.318782 -13.691176 -0.2996 0.037589 14.167834 131.0
5 7095.0 -0.362718 0.500788 0.0 0.356658 -1.318782 -13.691176 -0.2996 0.037589 14.167834 131.0
6 7095.0 -0.394699 0.529026 0.0 0.290774 -1.318782 -13.691176 -0.2996 0.037589 14.167834 131.0
7 7095.0 -0.400659 0.536336 0.0 0.276036 -1.318782 -13.691176 -0.2996 0.037589 14.167834 131.0
8 7095.0 -0.407118 0.536914 0.0 0.268885 -1.318782 -13.691176 -0.2996 0.037589 14.167834 131.0
9 7095.0 -0.392755 0.484671 0.0 0.345986 -1.318782 -13.691176 -0.2996 0.037589 14.167834 131.0
10 7095.0 -0.383199 0.477966 0.0 0.363592 -1.318782 -13.691176 -0.2996 0.037589 14.167834 131.0
11 7095.0 -0.375191 0.479536 0.0 0.369712 -1.318782 -13.691176 -0.2996 0.037589 14.167834 131.0
12 7095.0 -0.391158 0.483848 0.0 0.348571 -1.318782 -13.691176 -0.2996 0.037589 14.167834 131.0
13 7095.0 -0.389489 0.496931 0.0 0.334527 -1.318782 -13.691176 -0.2996 0.037589 14.167834 131.0
14 7095.0 -0.415382 0.502554 0.0 0.301887 -1.318782 -13.691176 -0.2996 0.037589 14.167834 131.0
15 7095.0 -0.430238 0.514165 0.0 0.273092 -1.318782 -13.691176 -0.2996 0.037589 14.167834 131.0
16 7095.0 -0.438474 0.539548 0.0 0.234374 -1.318782 -13.691176 -0.2996 0.037589 14.167834 131.0
17 7095.0 -0.457394 0.517896 0.0 0.241463 -1.318782 -13.691176 -0.2996 0.037589 14.167834 131.0
18 7095.0 -0.47213 0.535436 0.0 0.205666 -1.318782 -13.691176 -0.2996 0.037589 14.167834 131.0
19 7095.0 -0.521592 0.541779 0.0 0.1486 -1.318782 -13.691176 -0.2996 0.037589 14.167834 131.0
20 7095.0 -0.562745 0.538619 0.0 0.111254 -1.318782 -13.691176 -0.2996 0.037589 14.167834 131.0
21 7095.0 -0.570044 0.544147 0.0 0.097318 -1.318782 -13.691176 -0.2996 0.037589 14.167834 131.0
22 7095.0 -0.569679 0.494075 0.0 0.157818 -1.318782 -13.691176 -0.2996 0.037589 14.167834 131.0
23 7095.0 -0.564013 0.481727 0.0 0.178311 -1.318782 -13.691176 -0.2996 0.037589 14.167834 131.0
24 7095.0 -0.567919 0.472918 0.0 0.184987 -1.318782 -13.691176 -0.2996 0.037589 14.167834 131.0
25 7095.0 -0.568276 0.488995 0.0 0.165321 -1.318782 -13.691176 -0.2996 0.037589 14.167834 131.0
26 7095.0 -0.592191 0.483617 0.0 0.147871 -1.318782 -13.691176 -0.2996 0.037589 14.167834 131.0
27 7095.0 -0.580525 0.527312 0.0 0.107058 -1.318782 -13.691176 -0.2996 0.037589 14.167834 131.0
28 7095.0 -0.565257 0.526394 0.0 0.123425 -1.318782 -13.691176 -0.2996 0.037589 14.167834 131.0
29 7095.0 -0.559028 0.52005 0.0 0.137271 -1.318782 -13.691176 -0.2996 0.037589 14.167834 131.0
30 7095.0 -0.566512 0.503014 0.0 0.150248 -1.318782 -13.691176 -0.2996 0.037589 14.167834 131.0
31 7095.0 -0.544798 0.502277 0.0 0.172841 -1.318782 -13.691176 -0.2996 0.037589 14.167834 131.0
32 7095.0 -0.548852 0.482633 0.0 0.192381 -1.318782 -13.691176 -0.2996 0.037589 14.167834 131.0
33 7095.0 -0.551559 0.479221 0.0 0.193772 -1.318782 -13.691176 -0.2996 0.037589 14.167834 131.0
34 7095.0 -0.577235 0.493119 0.0 0.151412 -1.318782 -13.691176 -0.2996 0.037589 14.167834 131.0
35 7095.0 -0.583739 0.502558 0.0 0.133575 -1.318782 -13.691176 -0.2996 0.037589 14.167834 131.0
36 7095.0 -0.601951 0.505172 0.0 0.112227 -1.318782 -13.691176 -0.2996 0.037589 14.167834 131.0
37 7095.0 -0.605519 0.515993 0.0 0.095665 -1.318782 -13.691176 -0.2996 0.037589 14.167834 131.0
38 7095.0 -0.591206 0.496421 0.0 0.13348 -1.318782 -13.691176 -0.2996 0.037589 14.167834 131.0
39 7095.0 -0.612225 0.489835 0.0 0.120375 -1.318782 -13.691176 -0.2996 0.037589 14.167834 131.0
40 7095.0 -0.637768 0.523099 0.0 0.054892 -1.318782 -13.691176 -0.2996 0.037589 14.167834 131.0
41 7095.0 -0.65216 0.511293 0.0 0.054682 -1.318782 -13.691176 -0.2996 0.037589 14.167834 131.0
42 7095.0 -0.663765 0.536322 0.0 0.01302 -1.318782 -13.691176 -0.2996 0.037589 14.167834 131.0
43 7095.0 -0.65191 0.550438 0.0 0.007921 -1.318782 -13.691176 -0.2996 0.037589 14.167834 131.0
44 7095.0 -0.654476 0.552821 0.0 0.002493 -1.318782 -13.691176 -0.2996 0.037589 14.167834 131.0
45 7095.0 -0.674292 0.555868 0.0 -0.020977 -1.318782 -13.691176 -0.2996 0.037589 14.167834 131.0
46 7095.0 -0.689125 0.546051 0.0 -0.024016 -1.318782 -13.691176 -0.2996 0.037589 14.167834 131.0
47 7095.0 -0.681707 0.566539 0.0 -0.041206 -1.318782 -13.691176 -0.2996 0.037589 14.167834 131.0
48 7095.0 -0.710418 0.542577 0.0 -0.041131 -1.318782 -13.691176 -0.2996 0.037589 14.167834 131.0
49 7095.0 -0.709991 0.53956 0.0 -0.03708 -1.318782 -13.691176 -0.2996 0.037589 14.167834 131.0
50 7095.0 -0.723456 0.53865 0.0 -0.049448 -1.318782 -13.691176 -0.2996 0.037589 14.167834 131.0
51 7095.0 -0.749668 0.554463 0.0 -0.094645 -1.318782 -13.691176 -0.2996 0.037589 14.167834 131.0
52 7095.0 -0.749141 0.563115 0.0 -0.104508 -1.318782 -13.691176 -0.2996 0.037589 14.167834 131.0
53 7095.0 -0.754419 0.574561 0.0 -0.12353 -1.318782 -13.691176 -0.2996 0.037589 14.167834 131.0
54 7095.0 -0.744942 0.597845 0.0 -0.14202 -1.318782 -13.691176 -0.2996 0.037589 14.167834 131.0
55 7095.0 -0.748397 0.626994 0.0 -0.181203 -1.318782 -13.691176 -0.2996 0.037589 14.167834 131.0
56 7095.0 -0.74514 0.621332 0.0 -0.170786 -1.318782 -13.691176 -0.2996 0.037589 14.167834 131.0
57 7095.0 -0.740703 0.624392 0.0 -0.170125 -1.318782 -13.691176 -0.2996 0.037589 14.167834 131.0
58 7095.0 -0.736963 0.622768 0.0 -0.164288 -1.318782 -13.691176 -0.2996 0.037589 14.167834 131.0
59 7095.0 -0.723419 0.623072 0.0 -0.150919 -1.318782 -13.691176 -0.2996 0.037589 14.167834 131.0
60 7095.0 -0.70878 0.624111 0.0 -0.137412 -1.318782 -13.691176 -0.2996 0.037589 14.167834 131.0
61 7095.0 -0.697832 0.60951 0.0 -0.108932 -1.318782 -13.691176 -0.2996 0.037589 14.167834 131.0
62 7095.0 -0.717502 0.631036 0.0 -0.154912 -1.318782 -13.691176 -0.2996 0.037589 14.167834 131.0
63 7095.0 -0.725356 0.646559 0.0 -0.182378 -1.318782 -13.691176 -0.2996 0.037589 14.167834 131.0
64 7095.0 -0.733791 0.655448 0.0 -0.200829 -1.318782 -13.691176 -0.2996 0.037589 14.167834 131.0
65 7095.0 -0.750815 0.666983 0.0 -0.228157 -1.318782 -13.691176 -0.2996 0.037589 14.167834 131.0
66 7095.0 -0.771114 0.673387 0.0 -0.252908 -1.318782 -13.691176 -0.2996 0.037589 14.167834 131.0
67 7095.0 -0.78769 0.714491 0.0 -0.3127 -1.318782 -13.691176 -0.2996 0.037589 14.167834 131.0
68 7095.0 -0.805593 0.712475 0.0 -0.327307 -1.318782 -13.691176 -0.2996 0.037589 14.167834 131.0
69 7095.0 -0.806769 0.713227 0.0 -0.329493 -1.318782 -13.691176 -0.2996 0.037589 14.167834 131.0
70 7095.0 -0.792728 0.711811 0.0 -0.313881 -1.318782 -13.691176 -0.2996 0.037589 14.167834 131.0
71 7095.0 -0.820308 0.730427 0.0 -0.366507 -1.318782 -13.691176 -0.2996 0.037589 14.167834 131.0
72 7095.0 -0.837144 0.748732 0.0 -0.408257 -1.318782 -13.691176 -0.2996 0.037589 14.167834 131.0
73 7095.0 -0.847304 0.747435 0.0 -0.416334 -1.318782 -13.691176 -0.2996 0.037589 14.167834 131.0
74 7095.0 -0.873833 0.762818 0.0 -0.463455 -1.318782 -13.691176 -0.2996 0.037589 14.167834 131.0
75 7095.0 -0.851455 0.767437 0.0 -0.448107 -1.318782 -13.691176 -0.2996 0.037589 14.167834 131.0
76 7095.0 -0.828714 0.761806 0.0 -0.418192 -1.318782 -13.691176 -0.2996 0.037589 14.167834 131.0
77 7095.0 -0.842089 0.778486 0.0 -0.454325 -1.318782 -13.691176 -0.2996 0.037589 14.167834 131.0
78 7095.0 -0.841152 0.799733 0.0 -0.482878 -1.318782 -13.691176 -0.2996 0.037589 14.167834 131.0
79 7095.0 -0.851941 0.799286 0.0 -0.492746 -1.318782 -13.691176 -0.2996 0.037589 14.167834 131.0
80 7095.0 -0.863588 0.810945 0.0 -0.520688 -1.318782 -13.691176 -0.2996 0.037589 14.167834 131.0
81 7095.0 -0.866753 0.799663 0.0 -0.507518 -1.318782 -13.691176 -0.2996 0.037589 14.167834 131.0
82 7095.0 -0.886301 0.824888 0.0 -0.563851 -1.318782 -13.691176 -0.2996 0.037589 14.167834 131.0
83 7095.0 -0.914475 0.837951 0.0 -0.610912 -1.318782 -13.691176 -0.2996 0.037589 14.167834 131.0
84 7095.0 -0.926341 0.858184 0.0 -0.653293 -1.318782 -13.691176 -0.2996 0.037589 14.167834 131.0
85 7095.0 -0.946283 0.851237 0.0 -0.661804 -1.318782 -13.691176 -0.2996 0.037589 14.167834 131.0
86 7095.0 -0.941986 0.859726 0.0 -0.670677 -1.318782 -13.691176 -0.2996 0.037589 14.167834 131.0
87 7095.0 -0.948447 0.883399 0.0 -0.708993 -1.318782 -13.691176 -0.2996 0.037589 14.167834 131.0
88 7095.0 -0.965116 0.899622 0.0 -0.745823 -1.318782 -13.691176 -0.2996 0.037589 14.167834 131.0
89 7095.0 -0.973983 0.922909 0.0 -0.785604 -1.318782 -13.691176 -0.2996 0.037589 14.167834 131.0
90 7095.0 -0.970272 0.920633 0.0 -0.779244 -1.318782 -13.691176 -0.2996 0.037589 14.167834 131.0
91 7095.0 -0.945834 0.932499 0.0 -0.774353 -1.318782 -13.691176 -0.2996 0.037589 14.167834 131.0
92 7095.0 -0.914333 0.948289 0.0 -0.76873 -1.318782 -13.691176 -0.2996 0.037589 14.167834 131.0
93 7095.0 -0.921696 0.994485 0.0 -0.821568 -1.318782 -13.691176 -0.2996 0.037589 14.167834 131.0
94 7095.0 -0.889804 1.021072 0.0 -0.824279 -1.318782 -13.691176 -0.2996 0.037589 14.167834 131.0
95 7095.0 -0.905876 1.052074 0.0 -0.866551 -1.318782 -13.691176 -0.2996 0.037589 14.167834 131.0
96 7095.0 -0.896599 1.05888 0.0 -0.866427 -1.318782 -13.691176 -0.2996 0.037589 14.167834 131.0
97 7095.0 -0.893201 1.045708 0.0 -0.850987 -1.318782 -13.691176 -0.2996 0.037589 14.167834 131.0
98 7095.0 -0.901801 1.074615 0.0 -0.885711 -1.318782 -13.691176 -0.2996 0.037589 14.167834 131.0
99 7095.0 -0.911825 1.116258 0.0 -0.933999 -1.318782 -13.691176 -0.2996 0.037589 14.167834 131.0
100 7095.0 -0.891334 1.128977 0.0 -0.931454 -1.318782 -13.691176 -0.2996 0.037589 14.167834 131.0
101 7095.0 -0.88377 1.108335 0.0 -0.905612 -1.318782 -13.691176 -0.2996 0.037589 14.167834 131.0
102 7095.0 -0.866759 1.095972 0.0 -0.880969 -1.318782 -13.691176 -0.2996 0.037589 14.167834 131.0
103 7095.0 -0.857682 1.112565 0.0 -0.890612 -1.318782 -13.691176 -0.2996 0.037589 14.167834 131.0
104 7095.0 -0.839275 1.167035 0.0 -0.93063 -1.318782 -13.691176 -0.2996 0.037589 14.167834 131.0
105 7095.0 -0.811329 1.167259 0.0 -0.910329 -1.318782 -13.691176 -0.2996 0.037589 14.167834 131.0
106 7095.0 -0.809338 1.185126 0.0 -0.926426 -1.318782 -13.691176 -0.2996 0.037589 14.167834 131.0
107 7095.0 -0.804763 1.202243 0.0 -0.93989 -1.318782 -13.691176 -0.2996 0.037589 14.167834 131.0
108 7095.0 -0.788536 1.189833 0.0 -0.915777 -1.318782 -13.691176 -0.2996 0.037589 14.167834 131.0
109 7095.0 -0.76749 1.172133 0.0 -0.882927 -1.318782 -13.691176 -0.2996 0.037589 14.167834 131.0
110 7095.0 -0.780221 1.2066 0.0 -0.926151 -1.318782 -13.691176 -0.2996 0.037589 14.167834 131.0
111 7095.0 -0.801485 1.231951 0.0 -0.96668 -1.318782 -13.691176 -0.2996 0.037589 14.167834 131.0
112 7095.0 -0.756494 1.212075 0.0 -0.914109 -1.318782 -13.691176 -0.2996 0.037589 14.167834 131.0
113 7095.0 -0.743817 1.210006 0.0 -0.902766 -1.318782 -13.691176 -0.2996 0.037589 14.167834 131.0
114 7095.0 -0.744658 1.215643 0.0 -0.908924 -1.318782 -13.691176 -0.2996 0.037589 14.167834 131.0
115 7095.0 -0.752453 1.241475 0.0 -0.940036 -1.318782 -13.691176 -0.2996 0.037589 14.167834 131.0
116 7095.0 -0.715007 1.249443 0.0 -0.92037 -1.318782 -13.691176 -0.2996 0.037589 14.167834 131.0
117 7095.0 -0.70068 1.259311 0.0 -0.919452 -1.318782 -13.691176 -0.2996 0.037589 14.167834 131.0
118 7095.0 -0.67604 1.268604 0.0 -0.910048 -1.318782 -13.691176 -0.2996 0.037589 14.167834 131.0
119 7095.0 -0.669199 1.287976 0.0 -0.918036 -1.318782 -13.691176 -0.2996 0.037589 14.167834 131.0
120 7095.0 -0.664666 1.29088 0.0 -0.916888 -1.318782 -13.691176 -0.2996 0.037589 14.167834 131.0
121 7095.0 -0.658962 1.310919 0.0 -0.926069 -1.318782 -13.691176 -0.2996 0.037589 14.167834 131.0
122 7095.0 -0.656 1.327183 0.0 -0.934636 -1.318782 -13.691176 -0.2996 0.037589 14.167834 131.0
123 7095.0 -0.645561 1.321256 0.0 -0.923809 -1.318782 -13.691176 -0.2996 0.037589 14.167834 131.0
124 7095.0 -0.647405 1.325127 0.0 -0.927554 -1.318782 -13.691176 -0.2996 0.037589 14.167834 131.0
125 7095.0 -0.627137 1.340238 0.0 -0.923796 -1.318782 -13.691176 -0.2996 0.037589 14.167834 131.0
126 7095.0 -0.621797 1.346701 0.0 -0.924416 -1.318782 -13.691176 -0.2996 0.037589 14.167834 131.0
127 7095.0 -0.616604 1.366423 0.0 -0.938174 -1.318782 -13.691176 -0.2996 0.037589 14.167834 131.0
128 7095.0 -0.623495 1.366696 0.0 -0.942803 -1.318782 -13.691176 -0.2996 0.037589 14.167834 131.0
129 7095.0 -0.634101 1.370636 0.0 -0.953094 -1.318782 -13.691176 -0.2996 0.037589 14.167834 131.0
130 7095.0 -0.616435 1.388878 0.0 -0.958284 -1.318782 -13.691176 -0.2996 0.037589 14.167834 131.0
131 7095.0 -0.600608 1.395421 0.0 -0.953951 -1.318782 -13.691176 -0.2996 0.037589 14.167834 131.0
132 7095.0 -0.608198 1.384651 0.0 -0.949241 -1.318782 -13.691176 -0.2996 0.037589 14.167834 131.0
133 7095.0 -0.617917 1.376547 0.0 -0.948125 -1.318782 -13.691176 -0.2996 0.037589 14.167834 131.0
134 7095.0 -0.640355 1.371501 0.0 -0.95785 -1.318782 -13.691176 -0.2996 0.037589 14.167834 131.0
135 7095.0 -0.637761 1.386637 0.0 -0.969829 -1.318782 -13.691176 -0.2996 0.037589 14.167834 131.0
136 7095.0 -0.652441 1.37359 0.0 -0.967417 -1.318782 -13.691176 -0.2996 0.037589 14.167834 131.0
137 7095.0 -0.634826 1.388157 0.0 -0.969332 -1.318782 -13.691176 -0.2996 0.037589 14.167834 131.0
138 7095.0 -0.623957 1.394828 0.0 -0.967165 -1.318782 -13.691176 -0.2996 0.037589 14.167834 131.0
139 7095.0 -0.614552 1.381415 0.0 -0.950367 -1.318782 -13.691176 -0.2996 0.037589 14.167834 131.0
140 7095.0 -0.594066 1.36215 0.0 -0.919287 -1.318782 -13.691176 -0.2996 0.037589 14.167834 131.0
141 7095.0 -0.608551 1.354507 0.0 -0.922144 -1.318782 -13.691176 -0.2996 0.037589 14.167834 131.0
142 7095.0 -0.604121 1.344027 0.0 -0.910238 -1.318782 -13.691176 -0.2996 0.037589 14.167834 131.0
143 7095.0 -0.595668 1.340094 0.0 -0.901544 -1.318782 -13.691176 -0.2996 0.037589 14.167834 131.0
144 7095.0 -0.61097 1.358232 0.0 -0.927217 -1.318782 -13.691176 -0.2996 0.037589 14.167834 131.0
145 7095.0 -0.614629 1.363272 0.0 -0.934081 -1.318782 -13.691176 -0.2996 0.037589 14.167834 131.0
146 7095.0 -0.640352 1.365841 0.0 -0.952752 -1.318782 -13.691176 -0.2996 0.037589 14.167834 131.0
147 7095.0 -0.638115 1.365294 0.0 -0.950838 -1.318782 -13.691176 -0.2996 0.037589 14.167834 131.0
148 7095.0 -0.610699 1.367144 0.0 -0.935068 -1.318782 -13.691176 -0.2996 0.037589 14.167834 131.0
149 7095.0 -0.588536 1.351837 0.0 -0.905997 -1.318782 -13.691176 -0.2996 0.037589 14.167834 131.0
150 7095.0 -0.592214 1.368358 0.0 -0.923744 -1.318782 -13.691176 -0.2996 0.037589 14.167834 131.0
151 7095.0 -0.610665 1.377923 0.0 -0.944751 -1.318782 -13.691176 -0.2996 0.037589 14.167834 131.0
152 7095.0 -0.616566 1.377395 0.0 -0.948028 -1.318782 -13.691176 -0.2996 0.037589 14.167834 131.0
153 7095.0 -0.60134 1.393277 0.0 -0.952555 -1.318782 -13.691176 -0.2996 0.037589 14.167834 131.0
154 7095.0 -0.599016 1.405922 0.0 -0.959102 -1.318782 -13.691176 -0.2996 0.037589 14.167834 131.0
155 7095.0 -0.591019 1.427494 0.0 -0.96694 -1.318782 -13.691176 -0.2996 0.037589 14.167834 131.0
156 7095.0 -0.541191 1.465081 0.0 -0.935917 -1.318782 -13.691176 -0.2996 0.037589 14.167834 131.0
157 7095.0 -0.52334 1.461066 0.0 -0.91965 -1.318782 -13.691176 -0.2996 0.037589 14.167834 131.0
158 7095.0 -0.492301 1.477116 0.0 -0.895369 -1.318782 -13.691176 -0.2996 0.037589 14.167834 131.0
159 7095.0 -0.496461 1.492423 0.0 -0.901657 -1.318782 -13.691176 -0.2996 0.037589 14.167834 131.0
160 7095.0 -0.472477 1.481082 0.0 -0.878768 -1.318782 -13.691176 -0.2996 0.037589 14.167834 131.0
161 7095.0 -0.455499 1.462332 0.0 -0.860703 -1.318782 -13.691176 -0.2996 0.037589 14.167834 131.0
162 7095.0 -0.486663 1.492037 0.0 -0.893044 -1.318782 -13.691176 -0.2996 0.037589 14.167834 131.0
163 7095.0 -0.496677 1.475608 0.0 -0.898923 -1.318782 -13.691176 -0.2996 0.037589 14.167834 131.0
164 7095.0 -0.50617 1.460021 0.0 -0.904494 -1.318782 -13.691176 -0.2996 0.037589 14.167834 131.0
165 7095.0 -0.511755 1.461438 0.0 -0.909612 -1.318782 -13.691176 -0.2996 0.037589 14.167834 131.0
166 7095.0 -0.517475 1.441813 0.0 -0.91119 -1.318782 -13.691176 -0.2996 0.037589 14.167834 131.0
167 7095.0 -0.514248 1.441569 0.0 -0.908333 -1.318782 -13.691176 -0.2996 0.037589 14.167834 131.0
168 7095.0 -0.515219 1.450763 0.0 -0.910778 -1.318782 -13.691176 -0.2996 0.037589 14.167834 131.0
169 7095.0 -0.512568 1.474506 0.0 -0.912591 -1.318782 -13.691176 -0.2996 0.037589 14.167834 131.0
170 7095.0 -0.501081 1.46981 0.0 -0.901757 -1.318782 -13.691176 -0.2996 0.037589 14.167834 131.0
171 7095.0 -0.53904 1.471825 0.0 -0.935213 -1.318782 -13.691176 -0.2996 0.037589 14.167834 131.0
172 7095.0 -0.537763 1.447133 0.0 -0.929808 -1.318782 -13.691176 -0.2996 0.037589 14.167834 131.0
173 7095.0 -0.554517 1.461418 0.0 -0.946902 -1.318782 -13.691176 -0.2996 0.037589 14.167834 131.0
174 7095.0 -0.555873 1.466315 0.0 -0.948936 -1.318782 -13.691176 -0.2996 0.037589 14.167834 131.0
175 7095.0 -0.543919 1.459039 0.0 -0.937246 -1.318782 -13.691176 -0.2996 0.037589 14.167834 131.0
176 7095.0 -0.549604 1.45644 0.0 -0.941752 -1.318782 -13.691176 -0.2996 0.037589 14.167834 131.0
177 7095.0 -0.536563 1.444785 0.0 -0.928353 -1.318782 -13.691176 -0.2996 0.037589 14.167834 131.0
178 7095.0 -0.535209 1.447057 0.0 -0.927567 -1.318782 -13.691176 -0.2996 0.037589 14.167834 131.0
179 7095.0 -0.538275 1.45003 0.0 -0.930759 -1.318782 -13.691176 -0.2996 0.037589 14.167834 131.0
180 7095.0 -0.561532 1.463102 0.0 -0.953313 -1.318782 -13.691176 -0.2996 0.037589 14.167834 131.0
181 7095.0 -0.565233 1.446826 0.0 -0.953713 -1.318782 -13.691176 -0.2996 0.037589 14.167834 131.0
182 7095.0 -0.565443 1.450373 0.0 -0.954512 -1.318782 -13.691176 -0.2996 0.037589 14.167834 131.0
183 7095.0 -0.547036 1.444282 0.0 -0.937401 -1.318782 -13.691176 -0.2996 0.037589 14.167834 131.0
184 7095.0 -0.579973 1.417587 0.0 -0.954613 -1.318782 -13.691176 -0.2996 0.037589 14.167834 131.0
185 7095.0 -0.557747 1.415734 0.0 -0.939034 -1.318782 -13.691176 -0.2996 0.037589 14.167834 131.0
186 7095.0 -0.554979 1.41679 0.0 -0.93733 -1.318782 -13.691176 -0.2996 0.037589 14.167834 131.0
187 7095.0 -0.55736 1.424005 0.0 -0.941999 -1.318782 -13.691176 -0.2996 0.037589 14.167834 131.0
188 7095.0 -0.562403 1.429771 0.0 -0.948213 -1.318782 -13.691176 -0.2996 0.037589 14.167834 131.0
189 7095.0 -0.554036 1.424305 0.0 -0.939486 -1.318782 -13.691176 -0.2996 0.037589 14.167834 131.0
190 7095.0 -0.534248 1.423536 0.0 -0.922643 -1.318782 -13.691176 -0.2996 0.037589 14.167834 131.0
191 7095.0 -0.517982 1.432932 0.0 -0.910089 -1.318782 -13.691176 -0.2996 0.037589 14.167834 131.0
192 7095.0 -0.51448 1.439297 0.0 -0.90814 -1.318782 -13.691176 -0.2996 0.037589 14.167834 131.0
193 7095.0 -0.502175 1.443482 0.0 -0.898136 -1.318782 -13.691176 -0.2996 0.037589 14.167834 131.0
194 7095.0 -0.510772 1.45626 0.0 -0.907854 -1.318782 -13.691176 -0.2996 0.037589 14.167834 131.0
195 7095.0 -0.492457 1.46224 0.0 -0.89292 -1.318782 -13.691176 -0.2996 0.037589 14.167834 131.0
196 7095.0 -0.492883 1.49272 0.0 -0.898587 -1.318782 -13.691176 -0.2996 0.037589 14.167834 131.0
197 7095.0 -0.496987 1.503907 0.0 -0.904111 -1.318782 -13.691176 -0.2996 0.037589 14.167834 131.0
198 7095.0 -0.491471 1.488411 0.0 -0.896607 -1.318782 -13.691176 -0.2996 0.037589 14.167834 131.0
199 7095.0 -0.496961 1.508785 0.0 -0.904935 -1.318782 -13.691176 -0.2996 0.037589 14.167834 131.0
200 7095.0 -0.506044 1.462146 0.0 -0.904754 -1.318782 -13.691176 -0.2996 0.037589 14.167834 131.0
201 7095.0 -0.497749 1.485078 0.0 -0.901504 -1.318782 -13.691176 -0.2996 0.037589 14.167834 131.0
202 7095.0 -0.523071 1.492083 0.0 -0.924805 -1.318782 -13.691176 -0.2996 0.037589 14.167834 131.0
203 7095.0 -0.524809 1.49798 0.0 -0.927346 -1.318782 -13.691176 -0.2996 0.037589 14.167834 131.0
204 7095.0 -0.500406 1.487527 0.0 -0.904247 -1.318782 -13.691176 -0.2996 0.037589 14.167834 131.0
205 7095.0 -0.501078 1.504475 0.0 -0.907778 -1.318782 -13.691176 -0.2996 0.037589 14.167834 131.0
206 7095.0 -0.508343 1.496553 0.0 -0.912737 -1.318782 -13.691176 -0.2996 0.037589 14.167834 131.0
207 7095.0 -0.501271 1.479071 0.0 -0.903532 -1.318782 -13.691176 -0.2996 0.037589 14.167834 131.0
208 7095.0 -0.484811 1.465476 0.0 -0.886814 -1.318782 -13.691176 -0.2996 0.037589 14.167834 131.0
209 7095.0 -0.508983 1.48598 0.0 -0.911458 -1.318782 -13.691176 -0.2996 0.037589 14.167834 131.0
210 7095.0 -0.491958 1.490926 0.0 -0.897469 -1.318782 -13.691176 -0.2996 0.037589 14.167834 131.0
211 7095.0 -0.501988 1.515136 0.0 -0.910423 -1.318782 -13.691176 -0.2996 0.037589 14.167834 131.0
212 7095.0 -0.522103 1.543585 0.0 -0.93291 -1.318782 -13.691176 -0.2996 0.037589 14.167834 131.0
213 7095.0 -0.506512 1.514157 0.0 -0.914199 -1.318782 -13.691176 -0.2996 0.037589 14.167834 131.0
214 7095.0 -0.49578 1.506075 0.0 -0.903435 -1.318782 -13.691176 -0.2996 0.037589 14.167834 131.0
215 7095.0 -0.492812 1.509583 0.0 -0.901456 -1.318782 -13.691176 -0.2996 0.037589 14.167834 131.0
216 7095.0 -0.493153 1.487824 0.0 -0.897972 -1.318782 -13.691176 -0.2996 0.037589 14.167834 131.0
217 7095.0 -0.524493 1.465965 0.0 -0.921507 -1.318782 -13.691176 -0.2996 0.037589 14.167834 131.0
218 7095.0 -0.539866 1.478339 0.0 -0.937064 -1.318782 -13.691176 -0.2996 0.037589 14.167834 131.0
219 7095.0 -0.557057 1.469448 0.0 -0.950513 -1.318782 -13.691176 -0.2996 0.037589 14.167834 131.0
220 7095.0 -0.547012 1.481953 0.0 -0.943925 -1.318782 -13.691176 -0.2996 0.037589 14.167834 131.0
221 7095.0 -0.512601 1.475564 0.0 -0.912804 -1.318782 -13.691176 -0.2996 0.037589 14.167834 131.0
222 7095.0 -0.509948 1.47429 0.0 -0.910269 -1.318782 -13.691176 -0.2996 0.037589 14.167834 131.0
223 7095.0 -0.522744 1.472905 0.0 -0.921187 -1.318782 -13.691176 -0.2996 0.037589 14.167834 131.0
224 7095.0 -0.512958 1.475768 0.0 -0.913151 -1.318782 -13.691176 -0.2996 0.037589 14.167834 131.0
225 7095.0 -0.531574 1.504402 0.0 -0.934362 -1.318782 -13.691176 -0.2996 0.037589 14.167834 131.0
226 7095.0 -0.529656 1.471784 0.0 -0.927021 -1.318782 -13.691176 -0.2996 0.037589 14.167834 131.0
227 7095.0 -0.530941 1.464972 0.0 -0.926958 -1.318782 -13.691176 -0.2996 0.037589 14.167834 131.0
228 7095.0 -0.533325 1.454462 0.0 -0.927212 -1.318782 -13.691176 -0.2996 0.037589 14.167834 131.0
229 7095.0 -0.551351 1.468507 0.0 -0.945373 -1.318782 -13.691176 -0.2996 0.037589 14.167834 131.0
230 7095.0 -0.553535 1.484793 0.0 -0.950097 -1.318782 -13.691176 -0.2996 0.037589 14.167834 131.0
231 7095.0 -0.565907 1.466224 0.0 -0.957471 -1.318782 -13.691176 -0.2996 0.037589 14.167834 131.0
232 7095.0 -0.546432 1.459977 0.0 -0.9396 -1.318782 -13.691176 -0.2996 0.037589 14.167834 131.0
233 7095.0 -0.529372 1.454228 0.0 -0.923723 -1.318782 -13.691176 -0.2996 0.037589 14.167834 131.0
234 7095.0 -0.532839 1.468938 0.0 -0.929302 -1.318782 -13.691176 -0.2996 0.037589 14.167834 131.0
235 7095.0 -0.521584 1.466971 0.0 -0.919145 -1.318782 -13.691176 -0.2996 0.037589 14.167834 131.0
236 7095.0 -0.537459 1.454935 0.0 -0.930899 -1.318782 -13.691176 -0.2996 0.037589 14.167834 131.0
237 7095.0 -0.55166 1.476878 0.0 -0.947097 -1.318782 -13.691176 -0.2996 0.037589 14.167834 131.0
238 7095.0 -0.524019 1.469617 0.0 -0.921728 -1.318782 -13.691176 -0.2996 0.037589 14.167834 131.0
239 7095.0 -0.504925 1.460139 0.0 -0.903429 -1.318782 -13.691176 -0.2996 0.037589 14.167834 131.0
240 7095.0 -0.496727 1.481466 0.0 -0.899985 -1.318782 -13.691176 -0.2996 0.037589 14.167834 131.0
241 7095.0 -0.483052 1.480834 0.0 -0.887948 -1.318782 -13.691176 -0.2996 0.037589 14.167834 131.0
242 7095.0 -0.486803 1.489191 0.0 -0.892672 -1.318782 -13.691176 -0.2996 0.037589 14.167834 131.0
243 7095.0 -0.506165 1.502604 0.0 -0.911889 -1.318782 -13.691176 -0.2996 0.037589 14.167834 131.0
244 7095.0 -0.51527 1.492213 0.0 -0.918024 -1.318782 -13.691176 -0.2996 0.037589 14.167834 131.0
245 7095.0 -0.53027 1.51178 0.0 -0.934506 -1.318782 -13.691176 -0.2996 0.037589 14.167834 131.0
246 7095.0 -0.522652 1.489066 0.0 -0.923916 -1.318782 -13.691176 -0.2996 0.037589 14.167834 131.0
247 7095.0 -0.522095 1.485365 0.0 -0.922787 -1.318782 -13.691176 -0.2996 0.037589 14.167834 131.0
248 7095.0 -0.497774 1.450405 0.0 -0.8955 -1.318782 -13.691176 -0.2996 0.037589 14.167834 131.0
249 7095.0 -0.495059 1.463306 0.0 -0.895374 -1.318782 -13.691176 -0.2996 0.037589 14.167834 131.0
250 7095.0 -0.490419 1.466509 0.0 -0.891885 -1.318782 -13.691176 -0.2996 0.037589 14.167834 131.0
251 7095.0 -0.507441 1.478868 0.0 -0.908877 -1.318782 -13.691176 -0.2996 0.037589 14.167834 131.0
252 7095.0 -0.526929 1.494912 0.0 -0.928662 -1.318782 -13.691176 -0.2996 0.037589 14.167834 131.0
253 7095.0 -0.501988 1.466943 0.0 -0.90205 -1.318782 -13.691176 -0.2996 0.037589 14.167834 131.0
254 7095.0 -0.511697 1.459021 0.0 -0.909141 -1.318782 -13.691176 -0.2996 0.037589 14.167834 131.0
255 7095.0 -0.510016 1.46518 0.0 -0.908745 -1.318782 -13.691176 -0.2996 0.037589 14.167834 131.0
256 7095.0 -0.498765 1.465823 0.0 -0.899044 -1.318782 -13.691176 -0.2996 0.037589 14.167834 131.0
257 7095.0 -0.534675 1.474829 0.0 -0.931928 -1.318782 -13.691176 -0.2996 0.037589 14.167834 131.0
258 7095.0 -0.535281 1.477708 0.0 -0.932956 -1.318782 -13.691176 -0.2996 0.037589 14.167834 131.0
259 7095.0 -0.514982 1.491369 0.0 -0.917626 -1.318782 -13.691176 -0.2996 0.037589 14.167834 131.0
260 7095.0 -0.534415 1.482205 0.0 -0.932982 -1.318782 -13.691176 -0.2996 0.037589 14.167834 131.0
261 7095.0 -0.540027 1.475717 0.0 -0.936749 -1.318782 -13.691176 -0.2996 0.037589 14.167834 131.0
262 7095.0 -0.519749 1.46969 0.0 -0.918017 -1.318782 -13.691176 -0.2996 0.037589 14.167834 131.0
263 7095.0 -0.526514 1.471417 0.0 -0.924217 -1.318782 -13.691176 -0.2996 0.037589 14.167834 131.0
264 7095.0 -0.512472 1.477762 0.0 -0.913073 -1.318782 -13.691176 -0.2996 0.037589 14.167834 131.0
265 7095.0 -0.515671 1.477287 0.0 -0.91578 -1.318782 -13.691176 -0.2996 0.037589 14.167834 131.0
266 7095.0 -0.506969 1.464345 0.0 -0.905943 -1.318782 -13.691176 -0.2996 0.037589 14.167834 131.0
267 7095.0 -0.512291 1.471749 0.0 -0.91187 -1.318782 -13.691176 -0.2996 0.037589 14.167834 131.0
268 7095.0 -0.50363 1.465933 0.0 -0.903306 -1.318782 -13.691176 -0.2996 0.037589 14.167834 131.0
269 7095.0 -0.495764 1.492851 0.0 -0.901123 -1.318782 -13.691176 -0.2996 0.037589 14.167834 131.0
270 7095.0 -0.507289 1.499829 0.0 -0.912387 -1.318782 -13.691176 -0.2996 0.037589 14.167834 131.0
271 7095.0 -0.514456 1.470695 0.0 -0.913575 -1.318782 -13.691176 -0.2996 0.037589 14.167834 131.0
272 7095.0 -0.529846 1.489354 0.0 -0.93024 -1.318782 -13.691176 -0.2996 0.037589 14.167834 131.0
273 7095.0 -0.52226 1.496308 0.0 -0.924832 -1.318782 -13.691176 -0.2996 0.037589 14.167834 131.0
274 7095.0 -0.505943 1.486825 0.0 -0.908954 -1.318782 -13.691176 -0.2996 0.037589 14.167834 131.0
275 7095.0 -0.508605 1.46714 0.0 -0.907855 -1.318782 -13.691176 -0.2996 0.037589 14.167834 131.0
276 7095.0 -0.503807 1.448042 0.0 -0.900352 -1.318782 -13.691176 -0.2996 0.037589 14.167834 131.0
277 7095.0 -0.508764 1.439863 0.0 -0.903254 -1.318782 -13.691176 -0.2996 0.037589 14.167834 131.0
278 7095.0 -0.536049 1.416786 0.0 -0.922359 -1.318782 -13.691176 -0.2996 0.037589 14.167834 131.0
279 7095.0 -0.541826 1.413201 0.0 -0.925543 -1.318782 -13.691176 -0.2996 0.037589 14.167834 131.0
280 7095.0 -0.527236 1.412414 0.0 -0.913702 -1.318782 -13.691176 -0.2996 0.037589 14.167834 131.0
281 7095.0 -0.525465 1.437881 0.0 -0.917475 -1.318782 -13.691176 -0.2996 0.037589 14.167834 131.0
282 7095.0 -0.512155 1.452178 0.0 -0.908351 -1.318782 -13.691176 -0.2996 0.037589 14.167834 131.0
283 7095.0 -0.529989 1.444373 0.0 -0.922549 -1.318782 -13.691176 -0.2996 0.037589 14.167834 131.0
284 7095.0 -0.524799 1.47999 0.0 -0.924211 -1.318782 -13.691176 -0.2996 0.037589 14.167834 131.0
285 7095.0 -0.53245 1.496327 0.0 -0.933722 -1.318782 -13.691176 -0.2996 0.037589 14.167834 131.0
286 7095.0 -0.545313 1.483317 0.0 -0.942681 -1.318782 -13.691176 -0.2996 0.037589 14.167834 131.0
287 7095.0 -0.515667 1.480441 0.0 -0.916325 -1.318782 -13.691176 -0.2996 0.037589 14.167834 131.0
