 time p.x p.y p.z deep.node-0 CV opes.bias opes.rct opes.zed opes.neff opes.nker
0 8435.0 0.596468 0.531027 0.0 1.077392 -0.665329 -10.957571 -0.31693 0.038172 14.167834 129.0
1 8435.0 0.586888 0.527003 0.0 1.073753 -0.665329 -10.957571 -0.31693 0.038172 14.167834 129.0
2 8435.0 0.595602 0.523617 0.0 1.083518 -0.665329 -10.957571 -0.31693 0.038172 14.167834 129.0
3 8435.0 0.583321 0.53168 0.0 1.066742 -0.665329 -10.957571 -0.31693 0.038172 14.167834 129.0
4 8435.0 0.584476 0.54677 0.0 1.053801 -0.665329 -10.957571 -0.31693 0.038172 14.167834 129.0
5 8435.0 0.578404 0.563957 0.0 1.033413 -0.665329 -10.957571 -0.31693 0.038172 14.167834 129.0
6 8435.0 0.589624 0.578164 0.0 1.028975 -0.665329 -10.957571 -0.31693 0.038172 14.167834 129.0
7 8435.0 0.590983 0.578494 0.0 1.029712 -0.665329 -10.957571 -0.31693 0.038172 14.167834 129.0
8 8435.0 0.597024 0.58806 0.0 1.025568 -0.665329 -10.957571 -0.31693 0.038172 14.167834 129.0
9 8435.0 0.598711 0.571703 0.0 1.041842 -0.665329 -10.957571 -0.31693 0.038172 14.167834 129.0
10 8435.0 0.583989 0.582092 0.0 1.021069 -0.665329 -10.957571 -0.31693 0.038172 14.167834 129.0
11 8435.0 0.580146 0.603771 0.0 0.99827 -0.665329 -10.957571 -0.31693 0.038172 14.167834 129.0
12 8435.0 0.58048 0.601474 0.0 1.00063 -0.665329 -10.957571 -0.31693 0.038172 14.167834 129.0
13 8435.0 0.583774 0.561831 0.0 1.039467 -0.665329 -10.957571 -0.31693 0.038172 14.167834 129.0
14 8435.0 0.571741 0.535617 0.0 1.054282 -0.665329 -10.957571 -0.31693 0.038172 14.167834 129.0
15 8435.0 0.57743 0.498718 0.0 1.092436 -0.665329 -10.957571 -0.31693 0.038172 14.167834 129.0
16 8435.0 0.591415 0.47821 0.0 1.121915 -0.665329 -10.957571 -0.31693 0.038172 14.167834 129.0
17 8435.0 0.57041 0.495045 0.0 1.090434 -0.665329 -10.957571 -0.31693 0.038172 14.167834 129.0
18 8435.0 0.554952 0.48492 0.0 1.087892 -0.665329 -10.957571 -0.31693 0.038172 14.167834 129.0
19 8435.0 0.540854 0.49301 0.0 1.069702 -0.665329 -10.957571 -0.31693 0.038172 14.167834 129.0
20 8435.0 0.5453 0.480628 0.0 1.084444 -0.665329 -10.957571 -0.31693 0.038172 14.167834 129.0
21 8435.0 0.534731 0.500645 0.0 1.058026 -0.665329 -10.957571 -0.31693 0.038172 14.167834 129.0
22 8435.0 0.512933 0.48339 0.0 1.057169 -0.665329 -10.957571 -0.31693 0.038172 14.167834 129.0
23 8435.0 0.503076 0.482874 0.0 1.050105 -0.665329 -10.957571 -0.31693 0.038172 14.167834 129.0
24 8435.0 0.517939 0.485747 0.0 1.058836 -0.665329 -10.957571 -0.31693 0.038172 14.167834 129.0
25 8435.0 0.512158 0.517992 0.0 1.024876 -0.665329 -10.957571 -0.31693 0.038172 14.167834 129.0
26 8435.0 0.513905 0.528909 0.0 1.016211 -0.665329 -10.957571 -0.31693 0.038172 14.167834 129.0
27 8435.0 0.513932 0.511626 0.0 1.032064 -0.665329 -10.957571 -0.31693 0.038172 14.167834 129.0
28 8435.0 0.507456 0.50944 0.0 1.029116 -0.665329 -10.957571 -0.31693 0.038172 14.167834 129.0
29 8435.0 0.523004 0.507443 0.0 1.042832 -0.665329 -10.957571 -0.31693 0.038172 14.167834 129.0
30 8435.0 0.552038 0.514436 0.0 1.058622 -0.665329 -10.957571 -0.31693 0.038172 14.167834 129.0
31 8435.0 0.570836 0.518646 0.0 1.069138 -0.665329 -10.957571 -0.31693 0.038172 14.167834 129.0
32 8435.0 0.574487 0.532225 0.0 1.059489 -0.665329 -10.957571 -0.31693 0.038172 14.167834 129.0
33 8435.0 0.575601 0.530984 0.0 1.061478 -0.665329 -10.957571 -0.31693 0.038172 14.167834 129.0
34 8435.0 0.5681 0.52372 0.0 1.062398 -0.665329 -10.957571 -0.31693 0.038172 14.167834 129.0
35 8435.0 0.575451 0.533663 0.0 1.058909 -0.665329 -10.957571 -0.31693 0.038172 14.167834 129.0
36 8435.0 0.568132 0.538426 0.0 1.04895 -0.665329 -10.957571 -0.31693 0.038172 14.167834 129.0
37 8435.0 0.562095 0.536312 0.0 1.046271 -0.665329 -10.957571 -0.31693 0.038172 14.167834 129.0
38 8435.0 0.540662 0.543498 0.0 1.023301 -0.665329 -10.957571 -0.31693 0.038172 14.167834 129.0
39 8435.0 0.567095 0.577561 0.0 1.012304 -0.665329 -10.957571 -0.31693 0.038172 14.167834 129.0
40 8435.0 0.531557 0.559011 0.0 1.002129 -0.665329 -10.957571 -0.31693 0.038172 14.167834 129.0
41 8435.0 0.534057 0.558157 0.0 1.004822 -0.665329 -10.957571 -0.31693 0.038172 14.167834 129.0
42 8435.0 0.526042 0.558292 0.0 0.998571 -0.665329 -10.957571 -0.31693 0.038172 14.167834 129.0
43 8435.0 0.523861 0.534699 0.0 1.018517 -0.665329 -10.957571 -0.31693 0.038172 14.167834 129.0
44 8435.0 0.540029 0.548887 0.0 1.01788 -0.665329 -10.957571 -0.31693 0.038172 14.167834 129.0
45 8435.0 0.542532 0.518884 0.0 1.04728 -0.665329 -10.957571 -0.31693 0.038172 14.167834 129.0
46 8435.0 0.549811 0.53741 0.0 1.035874 -0.665329 -10.957571 -0.31693 0.038172 14.167834 129.0
47 8435.0 0.545741 0.555176 0.0 1.016486 -0.665329 -10.957571 -0.31693 0.038172 14.167834 129.0
48 8435.0 0.565419 0.537307 0.0 1.0479 -0.665329 -10.957571 -0.31693 0.038172 14.167834 129.0
49 8435.0 0.592797 0.547565 0.0 1.059434 -0.665329 -10.957571 -0.31693 0.038172 14.167834 129.0
50 8435.0 0.607459 0.546905 0.0 1.071249 -0.665329 -10.957571 -0.31693 0.038172 14.167834 129.0
51 8435.0 0.595713 0.573594 0.0 1.037818 -0.665329 -10.957571 -0.31693 0.038172 14.167834 129.0
52 8435.0 0.595546 0.570436 0.0 1.040584 -0.665329 -10.957571 -0.31693 0.038172 14.167834 129.0
53 8435.0 0.603585 0.55719 0.0 1.058864 -0.665329 -10.957571 -0.31693 0.038172 14.167834 129.0
54 8435.0 0.60997 0.539219 0.0 1.08021 -0.665329 -10.957571 -0.31693 0.038172 14.167834 129.0
55 8435.0 0.610229 0.556645 0.0 1.064443 -0.665329 -10.957571 -0.31693 0.038172 14.167834 129.0
56 8435.0 0.591881 0.581584 0.0 1.027568 -0.665329 -10.957571 -0.31693 0.038172 14.167834 129.0
57 8435.0 0.589498 0.5805 0.0 1.026739 -0.665329 -10.957571 -0.31693 0.038172 14.167834 129.0
58 8435.0 0.59362 0.565901 0.0 1.043266 -0.665329 -10.957571 -0.31693 0.038172 14.167834 129.0
59 8435.0 0.575842 0.57827 0.0 1.018342 -0.665329 -10.957571 -0.31693 0.038172 14.167834 129.0
60 8435.0 0.570251 0.565976 0.0 1.025331 -0.665329 -10.957571 -0.31693 0.038172 14.167834 129.0
61 8435.0 0.560585 0.572618 0.0 1.011856 -0.665329 -10.957571 -0.31693 0.038172 14.167834 129.0
62 8435.0 0.576359 0.569375 0.0 1.026886 -0.665329 -10.957571 -0.31693 0.038172 14.167834 129.0
63 8435.0 0.57556 0.554051 0.0 1.040314 -0.665329 -10.957571 -0.31693 0.038172 14.167834 129.0
64 8435.0 0.583605 0.545689 0.0 1.054126 -0.665329 -10.957571 -0.31693 0.038172 14.167834 129.0
65 8435.0 0.591776 0.551345 0.0 1.055191 -0.665329 -10.957571 -0.31693 0.038172 14.167834 129.0
66 8435.0 0.601698 0.567652 0.0 1.047837 -0.665329 -10.957571 -0.31693 0.038172 14.167834 129.0
67 8435.0 0.588912 0.586677 0.0 1.020633 -0.665329 -10.957571 -0.31693 0.038172 14.167834 129.0
68 8435.0 0.578039 0.568023 0.0 1.029409 -0.665329 -10.957571 -0.31693 0.038172 14.167834 129.0
69 8435.0 0.576588 0.559082 0.0 1.036491 -0.665329 -10.957571 -0.31693 0.038172 14.167834 129.0
70 8435.0 0.571439 0.565534 0.0 1.026643 -0.665329 -10.957571 -0.31693 0.038172 14.167834 129.0
71 8435.0 0.545697 0.54329 0.0 1.027341 -0.665329 -10.957571 -0.31693 0.038172 14.167834 129.0
72 8435.0 0.544171 0.509288 0.0 1.057325 -0.665329 -10.957571 -0.31693 0.038172 14.167834 129.0
73 8435.0 0.524587 0.525079 0.0 1.027886 -0.665329 -10.957571 -0.31693 0.038172 14.167834 129.0
74 8435.0 0.507726 0.529889 0.0 1.010589 -0.665329 -10.957571 -0.31693 0.038172 14.167834 129.0
75 8435.0 0.513304 0.55777 0.0 0.989311 -0.665329 -10.957571 -0.31693 0.038172 14.167834 129.0
76 8435.0 0.504441 0.564864 0.0 0.976035 -0.665329 -10.957571 -0.31693 0.038172 14.167834 129.0
77 8435.0 0.494895 0.559399 0.0 0.973744 -0.665329 -10.957571 -0.31693 0.038172 14.167834 129.0
78 8435.0 0.492961 0.524221 0.0 1.004493 -0.665329 -10.957571 -0.31693 0.038172 14.167834 129.0
79 8435.0 0.490586 0.524958 0.0 1.002002 -0.665329 -10.957571 -0.31693 0.038172 14.167834 129.0
80 8435.0 0.491781 0.521966 0.0 1.005657 -0.665329 -10.957571 -0.31693 0.038172 14.167834 129.0
81 8435.0 0.493328 0.519602 0.0 1.009005 -0.665329 -10.957571 -0.31693 0.038172 14.167834 129.0
82 8435.0 0.48306 0.520885 0.0 0.999979 -0.665329 -10.957571 -0.31693 0.038172 14.167834 129.0
83 8435.0 0.49809 0.54255 0.0 0.991622 -0.665329 -10.957571 -0.31693 0.038172 14.167834 129.0
84 8435.0 0.491359 0.560199 0.0 0.970307 -0.665329 -10.957571 -0.31693 0.038172 14.167834 129.0
85 8435.0 0.463133 0.568912 0.0 0.940746 -0.665329 -10.957571 -0.31693 0.038172 14.167834 129.0
86 8435.0 0.465955 0.561873 0.0 0.949352 -0.665329 -10.957571 -0.31693 0.038172 14.167834 129.0
87 8435.0 0.485684 0.534044 0.0 0.98993 -0.665329 -10.957571 -0.31693 0.038172 14.167834 129.0
88 8435.0 0.496207 0.518414 0.0 1.012295 -0.665329 -10.957571 -0.31693 0.038172 14.167834 129.0
89 8435.0 0.496194 0.527717 0.0 1.003762 -0.665329 -10.957571 -0.31693 0.038172 14.167834 129.0
90 8435.0 0.486083 0.54408 0.0 0.981041 -0.665329 -10.957571 -0.31693 0.038172 14.167834 129.0
91 8435.0 0.477466 0.530171 0.0 0.987195 -0.665329 -10.957571 -0.31693 0.038172 14.167834 129.0
92 8435.0 0.440912 0.535566 0.0 0.954306 -0.665329 -10.957571 -0.31693 0.038172 14.167834 129.0
93 8435.0 0.457998 0.543985 0.0 0.959656 -0.665329 -10.957571 -0.31693 0.038172 14.167834 129.0
94 8435.0 0.447698 0.536433 0.0 0.9587 -0.665329 -10.957571 -0.31693 0.038172 14.167834 129.0
95 8435.0 0.446848 0.520529 0.0 0.972621 -0.665329 -10.957571 -0.31693 0.038172 14.167834 129.0
96 8435.0 0.434297 0.539836 0.0 0.945337 -0.665329 -10.957571 -0.31693 0.038172 14.167834 129.0
97 8435.0 0.450212 0.556148 0.0 0.942561 -0.665329 -10.957571 -0.31693 0.038172 14.167834 129.0
98 8435.0 0.402965 0.53652 0.0 0.92442 -0.665329 -10.957571 -0.31693 0.038172 14.167834 129.0
99 8435.0 0.399394 0.51824 0.0 0.938438 -0.665329 -10.957571 -0.31693 0.038172 14.167834 129.0
100 8435.0 0.404875 0.545254 0.0 0.91788 -0.665329 -10.957571 -0.31693 0.038172 14.167834 129.0
101 8435.0 0.395151 0.529019 0.0 0.925319 -0.665329 -10.957571 -0.31693 0.038172 14.167834 129.0
102 8435.0 0.40317 0.518228 0.0 0.941335 -0.665329 -10.957571 -0.31693 0.038172 14.167834 129.0
103 8435.0 0.392209 0.531722 0.0 0.920594 -0.665329 -10.957571 -0.31693 0.038172 14.167834 129.0
104 8435.0 0.364197 0.520822 0.0 0.909212 -0.665329 -10.957571 -0.31693 0.038172 14.167834 129.0
105 8435.0 0.359655 0.535235 0.0 0.892487 -0.665329 -10.957571 -0.31693 0.038172 14.167834 129.0
106 8435.0 0.357234 0.524051 0.0 0.901147 -0.665329 -10.957571 -0.31693 0.038172 14.167834 129.0
107 8435.0 0.378668 0.541204 0.0 0.901554 -0.665329 -10.957571 -0.31693 0.038172 14.167834 129.0
108 8435.0 0.384479 0.524911 0.0 0.920923 -0.665329 -10.957571 -0.31693 0.038172 14.167834 129.0
109 8435.0 0.362755 0.534521 0.0 0.89551 -0.665329 -10.957571 -0.31693 0.038172 14.167834 129.0
110 8435.0 0.351773 0.526629 0.0 0.894779 -0.665329 -10.957571 -0.31693 0.038172 14.167834 129.0
111 8435.0 0.364097 0.53274 0.0 0.898168 -0.665329 -10.957571 -0.31693 0.038172 14.167834 129.0
112 8435.0 0.367417 0.487646 0.0 0.943935 -0.665329 -10.957571 -0.31693 0.038172 14.167834 129.0
113 8435.0 0.36871 0.476621 0.0 0.955632 -0.665329 -10.957571 -0.31693 0.038172 14.167834 129.0
114 8435.0 0.349395 0.487269 0.0 0.931608 -0.665329 -10.957571 -0.31693 0.038172 14.167834 129.0
115 8435.0 0.363455 0.510622 0.0 0.918667 -0.665329 -10.957571 -0.31693 0.038172 14.167834 129.0
116 8435.0 0.338229 0.504183 0.0 0.907195 -0.665329 -10.957571 -0.31693 0.038172 14.167834 129.0
117 8435.0 0.340677 0.519349 0.0 0.894084 -0.665329 -10.957571 -0.31693 0.038172 14.167834 129.0
118 8435.0 0.336492 0.523406 0.0 0.887166 -0.665329 -10.957571 -0.31693 0.038172 14.167834 129.0
119 8435.0 0.317663 0.542181 0.0 0.855535 -0.665329 -10.957571 -0.31693 0.038172 14.167834 129.0
120 8435.0 0.333797 0.534232 0.0 0.874677 -0.665329 -10.957571 -0.31693 0.038172 14.167834 129.0
121 8435.0 0.347327 0.573415 0.0 0.848083 -0.665329 -10.957571 -0.31693 0.038172 14.167834 129.0
122 8435.0 0.342287 0.606941 0.0 0.813517 -0.665329 -10.957571 -0.31693 0.038172 14.167834 129.0
123 8435.0 0.326865 0.605591 0.0 0.802963 -0.665329 -10.957571 -0.31693 0.038172 14.167834 129.0
124 8435.0 0.32604 0.593 0.0 0.813867 -0.665329 -10.957571 -0.31693 0.038172 14.167834 129.0
125 8435.0 0.331994 0.571051 0.0 0.838527 -0.665329 -10.957571 -0.31693 0.038172 14.167834 129.0
126 8435.0 0.337135 0.538801 0.0 0.872559 -0.665329 -10.957571 -0.31693 0.038172 14.167834 129.0
127 8435.0 0.317586 0.539331 0.0 0.858269 -0.665329 -10.957571 -0.31693 0.038172 14.167834 129.0
128 8435.0 0.317789 0.520002 0.0 0.87732 -0.665329 -10.957571 -0.31693 0.038172 14.167834 129.0
129 8435.0 0.302956 0.509505 0.0 0.877141 -0.665329 -10.957571 -0.31693 0.038172 14.167834 129.0
130 8435.0 0.313115 0.51449 0.0 0.87942 -0.665329 -10.957571 -0.31693 0.038172 14.167834 129.0
131 8435.0 0.303923 0.533472 0.0 0.854375 -0.665329 -10.957571 -0.31693 0.038172 14.167834 129.0
132 8435.0 0.304866 0.511209 0.0 0.876818 -0.665329 -10.957571 -0.31693 0.038172 14.167834 129.0
133 8435.0 0.319925 0.535249 0.0 0.86391 -0.665329 -10.957571 -0.31693 0.038172 14.167834 129.0
134 8435.0 0.330543 0.540847 0.0 0.865913 -0.665329 -10.957571 -0.31693 0.038172 14.167834 129.0
135 8435.0 0.304226 0.529178 0.0 0.858789 -0.665329 -10.957571 -0.31693 0.038172 14.167834 129.0
136 8435.0 0.344883 0.531746 0.0 0.884919 -0.665329 -10.957571 -0.31693 0.038172 14.167834 129.0
137 8435.0 0.344535 0.51348 0.0 0.902543 -0.665329 -10.957571 -0.31693 0.038172 14.167834 129.0
138 8435.0 0.334857 0.507549 0.0 0.901527 -0.665329 -10.957571 -0.31693 0.038172 14.167834 129.0
139 8435.0 0.31834 0.50701 0.0 0.890419 -0.665329 -10.957571 -0.31693 0.038172 14.167834 129.0
140 8435.0 0.322174 0.522979 0.0 0.877497 -0.665329 -10.957571 -0.31693 0.038172 14.167834 129.0
141 8435.0 0.316618 0.51784 0.0 0.878611 -0.665329 -10.957571 -0.31693 0.038172 14.167834 129.0
142 8435.0 0.28875 0.514892 0.0 0.861862 -0.665329 -10.957571 -0.31693 0.038172 14.167834 129.0
143 8435.0 0.281515 0.512159 0.0 0.859439 -0.665329 -10.957571 -0.31693 0.038172 14.167834 129.0
144 8435.0 0.250493 0.497604 0.0 0.852934 -0.665329 -10.957571 -0.31693 0.038172 14.167834 129.0
145 8435.0 0.252647 0.495893 0.0 0.856104 -0.665329 -10.957571 -0.31693 0.038172 14.167834 129.0
146 8435.0 0.211227 0.504311 0.0 0.819955 -0.665329 -10.957571 -0.31693 0.038172 14.167834 129.0
147 8435.0 0.166275 0.476563 0.0 0.818081 -0.665329 -10.957571 -0.31693 0.038172 14.167834 129.0
148 8435.0 0.149834 0.461312 0.0 0.822564 -0.665329 -10.957571 -0.31693 0.038172 14.167834 129.0
149 8435.0 0.152675 0.466072 0.0 0.819638 -0.665329 -10.957571 -0.31693 0.038172 14.167834 129.0
150 8435.0 0.148215 0.496724 0.0 0.785616 -0.665329 -10.957571 -0.31693 0.038172 14.167834 129.0
151 8435.0 0.165626 0.511058 0.0 0.782709 -0.665329 -10.957571 -0.31693 0.038172 14.167834 129.0
152 8435.0 0.160711 0.494574 0.0 0.796128 -0.665329 -10.957571 -0.31693 0.038172 14.167834 129.0
153 8435.0 0.130243 0.498592 0.0 0.771739 -0.665329 -10.957571 -0.31693 0.038172 14.167834 129.0
154 8435.0 0.132108 0.492395 0.0 0.77926 -0.665329 -10.957571 -0.31693 0.038172 14.167834 129.0
155 8435.0 0.105162 0.514102 0.0 0.739303 -0.665329 -10.957571 -0.31693 0.038172 14.167834 129.0
156 8435.0 0.126001 0.530768 0.0 0.736319 -0.665329 -10.957571 -0.31693 0.038172 14.167834 129.0
157 8435.0 0.126501 0.51508 0.0 0.752542 -0.665329 -10.957571 -0.31693 0.038172 14.167834 129.0
158 8435.0 0.114609 0.511704 0.0 0.748031 -0.665329 -10.957571 -0.31693 0.038172 14.167834 129.0
159 8435.0 0.107854 0.508742 0.0 0.746527 -0.665329 -10.957571 -0.31693 0.038172 14.167834 129.0
160 8435.0 0.119004 0.529758 0.0 0.732675 -0.665329 -10.957571 -0.31693 0.038172 14.167834 129.0
161 8435.0 0.131621 0.524003 0.0 0.746919 -0.665329 -10.957571 -0.31693 0.038172 14.167834 129.0
162 8435.0 0.130746 0.500943 0.0 0.769693 -0.665329 -10.957571 -0.31693 0.038172 14.167834 129.0
163 8435.0 0.101792 0.478755 0.0 0.772857 -0.665329 -10.957571 -0.31693 0.038172 14.167834 129.0
164 8435.0 0.109535 0.494043 0.0 0.762536 -0.665329 -10.957571 -0.31693 0.038172 14.167834 129.0
165 8435.0 0.095673 0.515708 0.0 0.731348 -0.665329 -10.957571 -0.31693 0.038172 14.167834 129.0
166 8435.0 0.096761 0.487753 0.0 0.760388 -0.665329 -10.957571 -0.31693 0.038172 14.167834 129.0
167 8435.0 0.071455 0.494532 0.0 0.736645 -0.665329 -10.957571 -0.31693 0.038172 14.167834 129.0
168 8435.0 0.077551 0.475394 0.0 0.760095 -0.665329 -10.957571 -0.31693 0.038172 14.167834 129.0
169 8435.0 0.068204 0.511171 0.0 0.717624 -0.665329 -10.957571 -0.31693 0.038172 14.167834 129.0
170 8435.0 0.08736 0.512116 0.0 0.729442 -0.665329 -10.957571 -0.31693 0.038172 14.167834 129.0
171 8435.0 0.09179 0.481959 0.0 0.762941 -0.665329 -10.957571 -0.31693 0.038172 14.167834 129.0
172 8435.0 0.066741 0.476763 0.0 0.751499 -0.665329 -10.957571 -0.31693 0.038172 14.167834 129.0
173 8435.0 0.080334 0.475849 0.0 0.76149 -0.665329 -10.957571 -0.31693 0.038172 14.167834 129.0
174 8435.0 0.066836 0.454428 0.0 0.774185 -0.665329 -10.957571 -0.31693 0.038172 14.167834 129.0
175 8435.0 0.041088 0.46149 0.0 0.749861 -0.665329 -10.957571 -0.31693 0.038172 14.167834 129.0
176 8435.0 0.046555 0.464771 0.0 0.750184 -0.665329 -10.957571 -0.31693 0.038172 14.167834 129.0
177 8435.0 0.049789 0.496817 0.0 0.719882 -0.665329 -10.957571 -0.31693 0.038172 14.167834 129.0
178 8435.0 0.048859 0.496148 0.0 0.719938 -0.665329 -10.957571 -0.31693 0.038172 14.167834 129.0
179 8435.0 0.052126 0.480765 0.0 0.737699 -0.665329 -10.957571 -0.31693 0.038172 14.167834 129.0
180 8435.0 0.010665 0.459981 0.0 0.731101 -0.665329 -10.957571 -0.31693 0.038172 14.167834 129.0
181 8435.0 -0.006644 0.470181 0.0 0.709225 -0.665329 -10.957571 -0.31693 0.038172 14.167834 129.0
182 8435.0 -0.004758 0.459096 0.0 0.721711 -0.665329 -10.957571 -0.31693 0.038172 14.167834 129.0
183 8435.0 0.015851 0.462588 0.0 0.731919 -0.665329 -10.957571 -0.31693 0.038172 14.167834 129.0
184 8435.0 0.012255 0.454634 0.0 0.737576 -0.665329 -10.957571 -0.31693 0.038172 14.167834 129.0
185 8435.0 0.006835 0.471872 0.0 0.716502 -0.665329 -10.957571 -0.31693 0.038172 14.167834 129.0
186 8435.0 -0.008026 0.47432 0.0 0.704111 -0.665329 -10.957571 -0.31693 0.038172 14.167834 129.0
187 8435.0 0.000462 0.458355 0.0 0.725943 -0.665329 -10.957571 -0.31693 0.038172 14.167834 129.0
188 8435.0 -0.01558 0.490779 0.0 0.682402 -0.665329 -10.957571 -0.31693 0.038172 14.167834 129.0
189 8435.0 -0.018644 0.481237 0.0 0.690025 -0.665329 -10.957571 -0.31693 0.038172 14.167834 129.0
190 8435.0 -0.003497 0.488542 0.0 0.692726 -0.665329 -10.957571 -0.31693 0.038172 14.167834 129.0
191 8435.0 0.010751 0.475194 0.0 0.715749 -0.665329 -10.957571 -0.31693 0.038172 14.167834 129.0
192 8435.0 0.00805 0.522829 0.0 0.665699 -0.665329 -10.957571 -0.31693 0.038172 14.167834 129.0
193 8435.0 -0.025852 0.540473 0.0 0.625218 -0.665329 -10.957571 -0.31693 0.038172 14.167834 129.0
194 8435.0 -0.01942 0.534581 0.0 0.635475 -0.665329 -10.957571 -0.31693 0.038172 14.167834 129.0
195 8435.0 -0.015666 0.514312 0.0 0.658508 -0.665329 -10.957571 -0.31693 0.038172 14.167834 129.0
196 8435.0 -0.005853 0.516405 0.0 0.662933 -0.665329 -10.957571 -0.31693 0.038172 14.167834 129.0
197 8435.0 -0.00791 0.515856 0.0 0.662118 -0.665329 -10.957571 -0.31693 0.038172 14.167834 129.0
198 8435.0 -0.041623 0.50153 0.0 0.654144 -0.665329 -10.957571 -0.31693 0.038172 14.167834 129.0
199 8435.0 -0.039711 0.514062 0.0 0.642682 -0.665329 -10.957571 -0.31693 0.038172 14.167834 129.0
200 8435.0 -0.048056 0.516114 0.0 0.633306 -0.665329 -10.957571 -0.31693 0.038172 14.167834 129.0
201 8435.0 -0.040528 0.487496 0.0 0.669091 -0.665329 -10.957571 -0.31693 0.038172 14.167834 129.0
202 8435.0 -0.058923 0.47254 0.0 0.670558 -0.665329 -10.957571 -0.31693 0.038172 14.167834 129.0
203 8435.0 -0.04711 0.479908 0.0 0.672386 -0.665329 -10.957571 -0.31693 0.038172 14.167834 129.0
204 8435.0 -0.033069 0.470836 0.0 0.690939 -0.665329 -10.957571 -0.31693 0.038172 14.167834 129.0
205 8435.0 -0.032092 0.49252 0.0 0.669627 -0.665329 -10.957571 -0.31693 0.038172 14.167834 129.0
206 8435.0 -0.009788 0.482093 0.0 0.695063 -0.665329 -10.957571 -0.31693 0.038172 14.167834 129.0
207 8435.0 -0.009236 0.478346 0.0 0.699226 -0.665329 -10.957571 -0.31693 0.038172 14.167834 129.0
208 8435.0 -0.002453 0.486272 0.0 0.695722 -0.665329 -10.957571 -0.31693 0.038172 14.167834 129.0
209 8435.0 0.004861 0.516265 0.0 0.67022 -0.665329 -10.957571 -0.31693 0.038172 14.167834 129.0
210 8435.0 0.013134 0.50783 0.0 0.684282 -0.665329 -10.957571 -0.31693 0.038172 14.167834 129.0
211 8435.0 -0.008767 0.520094 0.0 0.657254 -0.665329 -10.957571 -0.31693 0.038172 14.167834 129.0
212 8435.0 -0.007447 0.509638 0.0 0.668725 -0.665329 -10.957571 -0.31693 0.038172 14.167834 129.0
213 8435.0 -0.020166 0.518763 0.0 0.651 -0.665329 -10.957571 -0.31693 0.038172 14.167834 129.0
214 8435.0 -0.035054 0.514921 0.0 0.644962 -0.665329 -10.957571 -0.31693 0.038172 14.167834 129.0
215 8435.0 -0.02965 0.503854 0.0 0.659776 -0.665329 -10.957571 -0.31693 0.038172 14.167834 129.0
216 8435.0 -0.034229 0.514902 0.0 0.645532 -0.665329 -10.957571 -0.31693 0.038172 14.167834 129.0
217 8435.0 -0.043027 0.531336 0.0 0.621352 -0.665329 -10.957571 -0.31693 0.038172 14.167834 129.0
218 8435.0 -0.059823 0.537462 0.0 0.600344 -0.665329 -10.957571 -0.31693 0.038172 14.167834 129.0
219 8435.0 -0.089731 0.550644 0.0 0.560503 -0.665329 -10.957571 -0.31693 0.038172 14.167834 129.0
220 8435.0 -0.086145 0.541143 0.0 0.573752 -0.665329 -10.957571 -0.31693 0.038172 14.167834 129.0
221 8435.0 -0.090162 0.522898 0.0 0.589809 -0.665329 -10.957571 -0.31693 0.038172 14.167834 129.0
222 8435.0 -0.108262 0.551386 0.0 0.54376 -0.665329 -10.957571 -0.31693 0.038172 14.167834 129.0
223 8435.0 -0.131047 0.548014 0.0 0.527755 -0.665329 -10.957571 -0.31693 0.038172 14.167834 129.0
224 8435.0 -0.141646 0.539242 0.0 0.528016 -0.665329 -10.957571 -0.31693 0.038172 14.167834 129.0
225 8435.0 -0.104102 0.520088 0.0 0.580816 -0.665329 -10.957571 -0.31693 0.038172 14.167834 129.0
226 8435.0 -0.119198 0.513807 0.0 0.574542 -0.665329 -10.957571 -0.31693 0.038172 14.167834 129.0
227 8435.0 -0.119404 0.511182 0.0 0.577172 -0.665329 -10.957571 -0.31693 0.038172 14.167834 129.0
228 8435.0 -0.135586 0.454902 0.0 0.623441 -0.665329 -10.957571 -0.31693 0.038172 14.167834 129.0
229 8435.0 -0.127529 0.466114 0.0 0.618383 -0.665329 -10.957571 -0.31693 0.038172 14.167834 129.0
230 8435.0 -0.111428 0.49974 0.0 0.596276 -0.665329 -10.957571 -0.31693 0.038172 14.167834 129.0
231 8435.0 -0.121447 0.487091 0.0 0.601181 -0.665329 -10.957571 -0.31693 0.038172 14.167834 129.0
232 8435.0 -0.122111 0.493305 0.0 0.593964 -0.665329 -10.957571 -0.31693 0.038172 14.167834 129.0
233 8435.0 -0.113705 0.520866 0.0 0.571719 -0.665329 -10.957571 -0.31693 0.038172 14.167834 129.0
234 8435.0 -0.130537 0.494655 0.0 0.585267 -0.665329 -10.957571 -0.31693 0.038172 14.167834 129.0
235 8435.0 -0.123868 0.498848 0.0 0.586522 -0.665329 -10.957571 -0.31693 0.038172 14.167834 129.0
236 8435.0 -0.092898 0.523838 0.0 0.586449 -0.665329 -10.957571 -0.31693 0.038172 14.167834 129.0
237 8435.0 -0.091346 0.515215 0.0 0.597008 -0.665329 -10.957571 -0.31693 0.038172 14.167834 129.0
238 8435.0 -0.082588 0.5114 0.0 0.608626 -0.665329 -10.957571 -0.31693 0.038172 14.167834 129.0
239 8435.0 -0.076351 0.478876 0.0 0.648781 -0.665329 -10.957571 -0.31693 0.038172 14.167834 129.0
240 8435.0 -0.099283 0.487918 0.0 0.619373 -0.665329 -10.957571 -0.31693 0.038172 14.167834 129.0
241 8435.0 -0.099384 0.503606 0.0 0.602506 -0.665329 -10.957571 -0.31693 0.038172 14.167834 129.0
242 8435.0 -0.072778 0.51609 0.0 0.612053 -0.665329 -10.957571 -0.31693 0.038172 14.167834 129.0
243 8435.0 -0.067598 0.493488 0.0 0.640686 -0.665329 -10.957571 -0.31693 0.038172 14.167834 129.0
244 8435.0 -0.080447 0.485034 0.0 0.63867 -0.665329 -10.957571 -0.31693 0.038172 14.167834 129.0
245 8435.0 -0.06498 0.508193 0.0 0.627212 -0.665329 -10.957571 -0.31693 0.038172 14.167834 129.0
246 8435.0 -0.078379 0.502199 0.0 0.62209 -0.665329 -10.957571 -0.31693 0.038172 14.167834 129.0
247 8435.0 -0.116964 0.480363 0.0 0.612235 -0.665329 -10.957571 -0.31693 0.038172 14.167834 129.0
248 8435.0 -0.105542 0.472885 0.0 0.630065 -0.665329 -10.957571 -0.31693 0.038172 14.167834 129.0
249 8435.0 -0.124765 0.490283 0.0 0.594911 -0.665329 -10.957571 -0.31693 0.038172 14.167834 129.0
250 8435.0 -0.107303 0.505472 0.0 0.593695 -0.665329 -10.957571 -0.31693 0.038172 14.167834 129.0
251 8435.0 -0.104668 0.509542 0.0 0.591609 -0.665329 -10.957571 -0.31693 0.038172 14.167834 129.0
252 8435.0 -0.126527 0.506379 0.0 0.576178 -0.665329 -10.957571 -0.31693 0.038172 14.167834 129.0
253 8435.0 -0.124326 0.533493 0.0 0.549073 -0.665329 -10.957571 -0.31693 0.038172 14.167834 129.0
254 8435.0 -0.115403 0.55132 0.0 0.537685 -0.665329 -10.957571 -0.31693 0.038172 14.167834 129.0
255 8435.0 -0.126206 0.564161 0.0 0.514652 -0.665329 -10.957571 -0.31693 0.038172 14.167834 129.0
256 8435.0 -0.129074 0.551177 0.0 0.526072 -0.665329 -10.957571 -0.31693 0.038172 14.167834 129.0
257 8435.0 -0.172532 0.562386 0.0 0.472813 -0.665329 -10.957571 -0.31693 0.038172 14.167834 129.0
258 8435.0 -0.174904 0.549734 0.0 0.485637 -0.665329 -10.957571 -0.31693 0.038172 14.167834 129.0
259 8435.0 -0.171182 0.53757 0.0 0.503967 -0.665329 -10.957571 -0.31693 0.038172 14.167834 129.0
260 8435.0 -0.164635 0.526488 0.0 0.521872 -0.665329 -10.957571 -0.31693 0.038172 14.167834 129.0
261 8435.0 -0.143857 0.521588 0.0 0.544996 -0.665329 -10.957571 -0.31693 0.038172 14.167834 129.0
262 8435.0 -0.141381 0.524821 0.0 0.543669 -0.665329 -10.957571 -0.31693 0.038172 14.167834 129.0
263 8435.0 -0.149505 0.515497 0.0 0.546649 -0.665329 -10.957571 -0.31693 0.038172 14.167834 129.0
264 8435.0 -0.143405 0.51676 0.0 0.550549 -0.665329 -10.957571 -0.31693 0.038172 14.167834 129.0
265 8435.0 -0.156609 0.504999 0.0 0.551764 -0.665329 -10.957571 -0.31693 0.038172 14.167834 129.0
266 8435.0 -0.164057 0.497486 0.0 0.55339 -0.665329 -10.957571 -0.31693 0.038172 14.167834 129.0
267 8435.0 -0.172603 0.494085 0.0 0.549671 -0.665329 -10.957571 -0.31693 0.038172 14.167834 129.0
268 8435.0 -0.198417 0.509663 0.0 0.510254 -0.665329 -10.957571 -0.31693 0.038172 14.167834 129.0
269 8435.0 -0.209084 0.505425 0.0 0.50468 -0.665329 -10.957571 -0.31693 0.038172 14.167834 129.0
270 8435.0 -0.216981 0.524139 0.0 0.47431 -0.665329 -10.957571 -0.31693 0.038172 14.167834 129.0
271 8435.0 -0.226261 0.533436 0.0 0.453868 -0.665329 -10.957571 -0.31693 0.038172 14.167834 129.0
272 8435.0 -0.251085 0.527562 0.0 0.436105 -0.665329 -10.957571 -0.31693 0.038172 14.167834 129.0
273 8435.0 -0.268901 0.508287 0.0 0.441443 -0.665329 -10.957571 -0.31693 0.038172 14.167834 129.0
274 8435.0 -0.270229 0.531584 0.0 0.412137 -0.665329 -10.957571 -0.31693 0.038172 14.167834 129.0
275 8435.0 -0.285492 0.504291 0.0 0.429655 -0.665329 -10.957571 -0.31693 0.038172 14.167834 129.0
276 8435.0 -0.285552 0.503813 0.0 0.43017 -0.665329 -10.957571 -0.31693 0.038172 14.167834 129.0
277 8435.0 -0.27504 0.503411 0.0 0.441161 -0.665329 -10.957571 -0.31693 0.038172 14.167834 129.0
278 8435.0 -0.279329 0.518703 0.0 0.418508 -0.665329 -10.957571 -0.31693 0.038172 14.167834 129.0
279 8435.0 -0.294309 0.543549 0.0 0.373694 -0.665329 -10.957571 -0.31693 0.038172 14.167834 129.0
280 8435.0 -0.299492 0.519463 0.0 0.397438 -0.665329 -10.957571 -0.31693 0.038172 14.167834 129.0
281 8435.0 -0.29706 0.501881 0.0 0.420985 -0.665329 -10.957571 -0.31693 0.038172 14.167834 129.0
282 8435.0 -0.312786 0.488718 0.0 0.421072 -0.665329 -10.957571 -0.31693 0.038172 14.167834 129.0
283 8435.0 -0.314399 0.484373 0.0 0.424677 -0.665329 -10.957571 -0.31693 0.038172 14.167834 129.0
284 8435.0 -0.301084 0.480326 0.0 0.442849 -0.665329 -10.957571 -0.31693 0.038172 14.167834 129.0
285 8435.0 -0.281066 0.494528 0.0 0.445805 -0.665329 -10.957571 -0.31693 0.038172 14.167834 129.0
286 8435.0 -0.295485 0.48831 0.0 0.438858 -0.665329 -10.957571 -0.31693 0.038172 14.167834 129.0
287 8435.0 -0.297116 0.509264 0.0 0.412062 -0.665329 -10.957571 -0.31693 0.038172 14.167834 129.0
