 time p.x p.y p.z deep.node-0 CV opes.bias opes.rct opes.zed opes.neff opes.nker
0 895.0 -0.822004 0.609496 0.0 -0.22973 -0.717601 -17.956512 -0.090074 0.060792 14.167834 81.0
1 895.0 -0.840532 0.605471 0.0 -0.241799 -0.717601 -17.956512 -0.090074 0.060792 14.167834 81.0
2 895.0 -0.800483 0.627442 0.0 -0.22986 -0.717601 -17.956512 -0.090074 0.060792 14.167834 81.0
3 895.0 -0.779017 0.653565 0.0 -0.238754 -0.717601 -17.956512 -0.090074 0.060792 14.167834 81.0
4 895.0 -0.77731 0.642799 0.0 -0.22577 -0.717601 -17.956512 -0.090074 0.060792 14.167834 81.0
5 895.0 -0.787796 0.639581 0.0 -0.231599 -0.717601 -17.956512 -0.090074 0.060792 14.167834 81.0
6 895.0 -0.780776 0.640214 0.0 -0.226074 -0.717601 -17.956512 -0.090074 0.060792 14.167834 81.0
7 895.0 -0.76819 0.629134 0.0 -0.20315 -0.717601 -17.956512 -0.090074 0.060792 14.167834 81.0
8 895.0 -0.769503 0.652135 0.0 -0.22883 -0.717601 -17.956512 -0.090074 0.060792 14.167834 81.0
9 895.0 -0.786151 0.631489 0.0 -0.221519 -0.717601 -17.956512 -0.090074 0.060792 14.167834 81.0
10 895.0 -0.784875 0.626842 0.0 -0.215439 -0.717601 -17.956512 -0.090074 0.060792 14.167834 81.0
11 895.0 -0.782171 0.615349 0.0 -0.200799 -0.717601 -17.956512 -0.090074 0.060792 14.167834 81.0
12 895.0 -0.762346 0.613495 0.0 -0.178414 -0.717601 -17.956512 -0.090074 0.060792 14.167834 81.0
13 895.0 -0.755479 0.625044 0.0 -0.185945 -0.717601 -17.956512 -0.090074 0.060792 14.167834 81.0
14 895.0 -0.741488 0.627558 0.0 -0.174897 -0.717601 -17.956512 -0.090074 0.060792 14.167834 81.0
15 895.0 -0.742864 0.664088 0.0 -0.218051 -0.717601 -17.956512 -0.090074 0.060792 14.167834 81.0
16 895.0 -0.742606 0.652271 0.0 -0.205225 -0.717601 -17.956512 -0.090074 0.060792 14.167834 81.0
17 895.0 -0.746328 0.671805 0.0 -0.229335 -0.717601 -17.956512 -0.090074 0.060792 14.167834 81.0
18 895.0 -0.764508 0.674783 0.0 -0.248563 -0.717601 -17.956512 -0.090074 0.060792 14.167834 81.0
19 895.0 -0.767946 0.676581 0.0 -0.253515 -0.717601 -17.956512 -0.090074 0.060792 14.167834 81.0
20 895.0 -0.75985 0.691138 0.0 -0.261885 -0.717601 -17.956512 -0.090074 0.060792 14.167834 81.0
21 895.0 -0.788265 0.678394 0.0 -0.273388 -0.717601 -17.956512 -0.090074 0.060792 14.167834 81.0
22 895.0 -0.785878 0.698166 0.0 -0.292358 -0.717601 -17.956512 -0.090074 0.060792 14.167834 81.0
23 895.0 -0.775883 0.694358 0.0 -0.279475 -0.717601 -17.956512 -0.090074 0.060792 14.167834 81.0
24 895.0 -0.787212 0.718947 0.0 -0.318415 -0.717601 -17.956512 -0.090074 0.060792 14.167834 81.0
25 895.0 -0.802703 0.734121 0.0 -0.354516 -0.717601 -17.956512 -0.090074 0.060792 14.167834 81.0
26 895.0 -0.819395 0.740008 0.0 -0.378905 -0.717601 -17.956512 -0.090074 0.060792 14.167834 81.0
27 895.0 -0.823526 0.753649 0.0 -0.401837 -0.717601 -17.956512 -0.090074 0.060792 14.167834 81.0
28 895.0 -0.841191 0.750417 0.0 -0.414528 -0.717601 -17.956512 -0.090074 0.060792 14.167834 81.0
29 895.0 -0.837813 0.756562 0.0 -0.419765 -0.717601 -17.956512 -0.090074 0.060792 14.167834 81.0
30 895.0 -0.83087 0.751565 0.0 -0.406086 -0.717601 -17.956512 -0.090074 0.060792 14.167834 81.0
31 895.0 -0.845822 0.744608 0.0 -0.410974 -0.717601 -17.956512 -0.090074 0.060792 14.167834 81.0
32 895.0 -0.848398 0.763301 0.0 -0.4394 -0.717601 -17.956512 -0.090074 0.060792 14.167834 81.0
33 895.0 -0.847941 0.772013 0.0 -0.451036 -0.717601 -17.956512 -0.090074 0.060792 14.167834 81.0
34 895.0 -0.859073 0.763109 0.0 -0.449511 -0.717601 -17.956512 -0.090074 0.060792 14.167834 81.0
35 895.0 -0.87047 0.755632 0.0 -0.45022 -0.717601 -17.956512 -0.090074 0.060792 14.167834 81.0
36 895.0 -0.855998 0.757373 0.0 -0.438568 -0.717601 -17.956512 -0.090074 0.060792 14.167834 81.0
37 895.0 -0.859309 0.741974 0.0 -0.420431 -0.717601 -17.956512 -0.090074 0.060792 14.167834 81.0
38 895.0 -0.835435 0.763108 0.0 -0.42653 -0.717601 -17.956512 -0.090074 0.060792 14.167834 81.0
39 895.0 -0.830026 0.761467 0.0 -0.418997 -0.717601 -17.956512 -0.090074 0.060792 14.167834 81.0
40 895.0 -0.822073 0.746862 0.0 -0.391012 -0.717601 -17.956512 -0.090074 0.060792 14.167834 81.0
41 895.0 -0.818765 0.786415 0.0 -0.442646 -0.717601 -17.956512 -0.090074 0.060792 14.167834 81.0
42 895.0 -0.840637 0.800252 0.0 -0.483096 -0.717601 -17.956512 -0.090074 0.060792 14.167834 81.0
43 895.0 -0.86328 0.820839 0.0 -0.535544 -0.717601 -17.956512 -0.090074 0.060792 14.167834 81.0
44 895.0 -0.866915 0.844552 0.0 -0.575351 -0.717601 -17.956512 -0.090074 0.060792 14.167834 81.0
45 895.0 -0.862635 0.845925 0.0 -0.573344 -0.717601 -17.956512 -0.090074 0.060792 14.167834 81.0
46 895.0 -0.865656 0.875736 0.0 -0.6219 -0.717601 -17.956512 -0.090074 0.060792 14.167834 81.0
47 895.0 -0.875374 0.90728 0.0 -0.678391 -0.717601 -17.956512 -0.090074 0.060792 14.167834 81.0
48 895.0 -0.898118 0.931696 0.0 -0.731785 -0.717601 -17.956512 -0.090074 0.060792 14.167834 81.0
49 895.0 -0.895666 0.954005 0.0 -0.760383 -0.717601 -17.956512 -0.090074 0.060792 14.167834 81.0
50 895.0 -0.890649 0.954977 0.0 -0.757362 -0.717601 -17.956512 -0.090074 0.060792 14.167834 81.0
51 895.0 -0.905194 0.967359 0.0 -0.782791 -0.717601 -17.956512 -0.090074 0.060792 14.167834 81.0
52 895.0 -0.902497 0.993692 0.0 -0.806691 -0.717601 -17.956512 -0.090074 0.060792 14.167834 81.0
53 895.0 -0.918496 1.030867 0.0 -0.854975 -0.717601 -17.956512 -0.090074 0.060792 14.167834 81.0
54 895.0 -0.93431 1.043595 0.0 -0.879096 -0.717601 -17.956512 -0.090074 0.060792 14.167834 81.0
55 895.0 -0.92166 1.045546 0.0 -0.871725 -0.717601 -17.956512 -0.090074 0.060792 14.167834 81.0
56 895.0 -0.919235 1.050195 0.0 -0.874514 -0.717601 -17.956512 -0.090074 0.060792 14.167834 81.0
57 895.0 -0.909704 1.061895 0.0 -0.879014 -0.717601 -17.956512 -0.090074 0.060792 14.167834 81.0
58 895.0 -0.901277 1.088679 0.0 -0.899149 -0.717601 -17.956512 -0.090074 0.060792 14.167834 81.0
59 895.0 -0.889172 1.126169 0.0 -0.927106 -0.717601 -17.956512 -0.090074 0.060792 14.167834 81.0
60 895.0 -0.890631 1.132333 0.0 -0.934235 -0.717601 -17.956512 -0.090074 0.060792 14.167834 81.0
61 895.0 -0.857446 1.129158 0.0 -0.906747 -0.717601 -17.956512 -0.090074 0.060792 14.167834 81.0
62 895.0 -0.84871 1.149538 0.0 -0.920361 -0.717601 -17.956512 -0.090074 0.060792 14.167834 81.0
63 895.0 -0.820259 1.140355 0.0 -0.890444 -0.717601 -17.956512 -0.090074 0.060792 14.167834 81.0
64 895.0 -0.817942 1.129863 0.0 -0.878432 -0.717601 -17.956512 -0.090074 0.060792 14.167834 81.0
65 895.0 -0.811264 1.147343 0.0 -0.890707 -0.717601 -17.956512 -0.090074 0.060792 14.167834 81.0
66 895.0 -0.805061 1.185238 0.0 -0.923396 -0.717601 -17.956512 -0.090074 0.060792 14.167834 81.0
67 895.0 -0.805861 1.196216 0.0 -0.934772 -0.717601 -17.956512 -0.090074 0.060792 14.167834 81.0
68 895.0 -0.829034 1.241634 0.0 -0.994154 -0.717601 -17.956512 -0.090074 0.060792 14.167834 81.0
69 895.0 -0.795258 1.218136 0.0 -0.948529 -0.717601 -17.956512 -0.090074 0.060792 14.167834 81.0
70 895.0 -0.783067 1.199257 0.0 -0.921023 -0.717601 -17.956512 -0.090074 0.060792 14.167834 81.0
71 895.0 -0.795215 1.189108 0.0 -0.919969 -0.717601 -17.956512 -0.090074 0.060792 14.167834 81.0
72 895.0 -0.779627 1.183926 0.0 -0.90343 -0.717601 -17.956512 -0.090074 0.060792 14.167834 81.0
73 895.0 -0.799842 1.211098 0.0 -0.944979 -0.717601 -17.956512 -0.090074 0.060792 14.167834 81.0
74 895.0 -0.798794 1.195827 0.0 -0.9292 -0.717601 -17.956512 -0.090074 0.060792 14.167834 81.0
75 895.0 -0.811888 1.228318 0.0 -0.970748 -0.717601 -17.956512 -0.090074 0.060792 14.167834 81.0
76 895.0 -0.814837 1.24071 0.0 -0.984098 -0.717601 -17.956512 -0.090074 0.060792 14.167834 81.0
77 895.0 -0.803001 1.197042 0.0 -0.933484 -0.717601 -17.956512 -0.090074 0.060792 14.167834 81.0
78 895.0 -0.785856 1.225576 0.0 -0.948938 -0.717601 -17.956512 -0.090074 0.060792 14.167834 81.0
79 895.0 -0.765367 1.255974 0.0 -0.961383 -0.717601 -17.956512 -0.090074 0.060792 14.167834 81.0
80 895.0 -0.781146 1.290633 0.0 -0.994644 -0.717601 -17.956512 -0.090074 0.060792 14.167834 81.0
81 895.0 -0.75188 1.280539 0.0 -0.968521 -0.717601 -17.956512 -0.090074 0.060792 14.167834 81.0
82 895.0 -0.728254 1.287981 0.0 -0.957543 -0.717601 -17.956512 -0.090074 0.060792 14.167834 81.0
83 895.0 -0.722662 1.293205 0.0 -0.957191 -0.717601 -17.956512 -0.090074 0.060792 14.167834 81.0
84 895.0 -0.708621 1.282173 0.0 -0.940643 -0.717601 -17.956512 -0.090074 0.060792 14.167834 81.0
85 895.0 -0.705881 1.28852 0.0 -0.942927 -0.717601 -17.956512 -0.090074 0.060792 14.167834 81.0
86 895.0 -0.699236 1.270151 0.0 -0.926568 -0.717601 -17.956512 -0.090074 0.060792 14.167834 81.0
87 895.0 -0.679212 1.24569 0.0 -0.890396 -0.717601 -17.956512 -0.090074 0.060792 14.167834 81.0
88 895.0 -0.696333 1.257203 0.0 -0.91421 -0.717601 -17.956512 -0.090074 0.060792 14.167834 81.0
89 895.0 -0.694381 1.241765 0.0 -0.897678 -0.717601 -17.956512 -0.090074 0.060792 14.167834 81.0
90 895.0 -0.70053 1.275461 0.0 -0.930877 -0.717601 -17.956512 -0.090074 0.060792 14.167834 81.0
91 895.0 -0.69011 1.283181 0.0 -0.928915 -0.717601 -17.956512 -0.090074 0.060792 14.167834 81.0
92 895.0 -0.702056 1.248048 0.0 -0.909489 -0.717601 -17.956512 -0.090074 0.060792 14.167834 81.0
93 895.0 -0.705447 1.246567 0.0 -0.910523 -0.717601 -17.956512 -0.090074 0.060792 14.167834 81.0
94 895.0 -0.69552 1.228616 0.0 -0.885591 -0.717601 -17.956512 -0.090074 0.060792 14.167834 81.0
95 895.0 -0.710772 1.260424 0.0 -0.927975 -0.717601 -17.956512 -0.090074 0.060792 14.167834 81.0
96 895.0 -0.703636 1.257106 0.0 -0.919508 -0.717601 -17.956512 -0.090074 0.060792 14.167834 81.0
97 895.0 -0.694028 1.257785 0.0 -0.913069 -0.717601 -17.956512 -0.090074 0.060792 14.167834 81.0
98 895.0 -0.683895 1.287442 0.0 -0.92752 -0.717601 -17.956512 -0.090074 0.060792 14.167834 81.0
99 895.0 -0.676176 1.300862 0.0 -0.931061 -0.717601 -17.956512 -0.090074 0.060792 14.167834 81.0
100 895.0 -0.685914 1.317088 0.0 -0.9481 -0.717601 -17.956512 -0.090074 0.060792 14.167834 81.0
101 895.0 -0.670946 1.322228 0.0 -0.94142 -0.717601 -17.956512 -0.090074 0.060792 14.167834 81.0
102 895.0 -0.669767 1.319344 0.0 -0.938761 -0.717601 -17.956512 -0.090074 0.060792 14.167834 81.0
103 895.0 -0.665464 1.29784 0.0 -0.921935 -0.717601 -17.956512 -0.090074 0.060792 14.167834 81.0
104 895.0 -0.653141 1.284791 0.0 -0.905229 -0.717601 -17.956512 -0.090074 0.060792 14.167834 81.0
105 895.0 -0.652824 1.309096 0.0 -0.920781 -0.717601 -17.956512 -0.090074 0.060792 14.167834 81.0
106 895.0 -0.669175 1.325411 0.0 -0.9423 -0.717601 -17.956512 -0.090074 0.060792 14.167834 81.0
107 895.0 -0.689125 1.348567 0.0 -0.970664 -0.717601 -17.956512 -0.090074 0.060792 14.167834 81.0
108 895.0 -0.664185 1.357471 0.0 -0.960373 -0.717601 -17.956512 -0.090074 0.060792 14.167834 81.0
109 895.0 -0.672133 1.364311 0.0 -0.971586 -0.717601 -17.956512 -0.090074 0.060792 14.167834 81.0
110 895.0 -0.646166 1.369103 0.0 -0.959387 -0.717601 -17.956512 -0.090074 0.060792 14.167834 81.0
111 895.0 -0.610601 1.354247 0.0 -0.923305 -0.717601 -17.956512 -0.090074 0.060792 14.167834 81.0
112 895.0 -0.597282 1.3661 0.0 -0.925128 -0.717601 -17.956512 -0.090074 0.060792 14.167834 81.0
113 895.0 -0.576146 1.347091 0.0 -0.89315 -0.717601 -17.956512 -0.090074 0.060792 14.167834 81.0
114 895.0 -0.60662 1.391929 0.0 -0.954746 -0.717601 -17.956512 -0.090074 0.060792 14.167834 81.0
115 895.0 -0.596009 1.402394 0.0 -0.955315 -0.717601 -17.956512 -0.090074 0.060792 14.167834 81.0
116 895.0 -0.591663 1.400026 0.0 -0.951419 -0.717601 -17.956512 -0.090074 0.060792 14.167834 81.0
117 895.0 -0.587882 1.406138 0.0 -0.952711 -0.717601 -17.956512 -0.090074 0.060792 14.167834 81.0
118 895.0 -0.584852 1.413951 0.0 -0.955497 -0.717601 -17.956512 -0.090074 0.060792 14.167834 81.0
119 895.0 -0.584102 1.4366 0.0 -0.967486 -0.717601 -17.956512 -0.090074 0.060792 14.167834 81.0
120 895.0 -0.600179 1.399164 0.0 -0.955867 -0.717601 -17.956512 -0.090074 0.060792 14.167834 81.0
121 895.0 -0.582894 1.411122 0.0 -0.952568 -0.717601 -17.956512 -0.090074 0.060792 14.167834 81.0
122 895.0 -0.562042 1.429244 0.0 -0.947724 -0.717601 -17.956512 -0.090074 0.060792 14.167834 81.0
123 895.0 -0.572443 1.451813 0.0 -0.960667 -0.717601 -17.956512 -0.090074 0.060792 14.167834 81.0
124 895.0 -0.550575 1.41246 0.0 -0.932176 -0.717601 -17.956512 -0.090074 0.060792 14.167834 81.0
125 895.0 -0.57474 1.420464 0.0 -0.95305 -0.717601 -17.956512 -0.090074 0.060792 14.167834 81.0
126 895.0 -0.553511 1.422095 0.0 -0.938217 -0.717601 -17.956512 -0.090074 0.060792 14.167834 81.0
127 895.0 -0.535898 1.429112 0.0 -0.925051 -0.717601 -17.956512 -0.090074 0.060792 14.167834 81.0
128 895.0 -0.539415 1.445807 0.0 -0.931018 -0.717601 -17.956512 -0.090074 0.060792 14.167834 81.0
129 895.0 -0.54251 1.459887 0.0 -0.936165 -0.717601 -17.956512 -0.090074 0.060792 14.167834 81.0
130 895.0 -0.537189 1.447333 0.0 -0.929342 -0.717601 -17.956512 -0.090074 0.060792 14.167834 81.0
131 895.0 -0.536961 1.45392 0.0 -0.930288 -0.717601 -17.956512 -0.090074 0.060792 14.167834 81.0
132 895.0 -0.545054 1.459116 0.0 -0.938249 -0.717601 -17.956512 -0.090074 0.060792 14.167834 81.0
133 895.0 -0.544108 1.463964 0.0 -0.938267 -0.717601 -17.956512 -0.090074 0.060792 14.167834 81.0
134 895.0 -0.55197 1.47515 0.0 -0.947067 -0.717601 -17.956512 -0.090074 0.060792 14.167834 81.0
135 895.0 -0.544137 1.466129 0.0 -0.938668 -0.717601 -17.956512 -0.090074 0.060792 14.167834 81.0
136 895.0 -0.506103 1.467576 0.0 -0.905748 -0.717601 -17.956512 -0.090074 0.060792 14.167834 81.0
137 895.0 -0.500089 1.500214 0.0 -0.906175 -0.717601 -17.956512 -0.090074 0.060792 14.167834 81.0
138 895.0 -0.501229 1.491341 0.0 -0.905627 -0.717601 -17.956512 -0.090074 0.060792 14.167834 81.0
139 895.0 -0.481404 1.499582 0.0 -0.889769 -0.717601 -17.956512 -0.090074 0.060792 14.167834 81.0
140 895.0 -0.506488 1.487187 0.0 -0.909492 -0.717601 -17.956512 -0.090074 0.060792 14.167834 81.0
141 895.0 -0.504533 1.492037 0.0 -0.908629 -0.717601 -17.956512 -0.090074 0.060792 14.167834 81.0
142 895.0 -0.504384 1.496246 0.0 -0.909231 -0.717601 -17.956512 -0.090074 0.060792 14.167834 81.0
143 895.0 -0.504465 1.511033 0.0 -0.91187 -0.717601 -17.956512 -0.090074 0.060792 14.167834 81.0
144 895.0 -0.506984 1.506265 0.0 -0.91324 -0.717601 -17.956512 -0.090074 0.060792 14.167834 81.0
145 895.0 -0.491781 1.506911 0.0 -0.900092 -0.717601 -17.956512 -0.090074 0.060792 14.167834 81.0
146 895.0 -0.472875 1.488074 0.0 -0.88033 -0.717601 -17.956512 -0.090074 0.060792 14.167834 81.0
147 895.0 -0.454372 1.495554 0.0 -0.865493 -0.717601 -17.956512 -0.090074 0.060792 14.167834 81.0
148 895.0 -0.459073 1.511694 0.0 -0.872397 -0.717601 -17.956512 -0.090074 0.060792 14.167834 81.0
149 895.0 -0.475168 1.499879 0.0 -0.884382 -0.717601 -17.956512 -0.090074 0.060792 14.167834 81.0
150 895.0 -0.475921 1.497339 0.0 -0.884597 -0.717601 -17.956512 -0.090074 0.060792 14.167834 81.0
151 895.0 -0.483555 1.516935 0.0 -0.894659 -0.717601 -17.956512 -0.090074 0.060792 14.167834 81.0
152 895.0 -0.497377 1.521029 0.0 -0.907426 -0.717601 -17.956512 -0.090074 0.060792 14.167834 81.0
153 895.0 -0.477177 1.514597 0.0 -0.888691 -0.717601 -17.956512 -0.090074 0.060792 14.167834 81.0
154 895.0 -0.482258 1.512264 0.0 -0.892717 -0.717601 -17.956512 -0.090074 0.060792 14.167834 81.0
155 895.0 -0.487604 1.487845 0.0 -0.893137 -0.717601 -17.956512 -0.090074 0.060792 14.167834 81.0
156 895.0 -0.495571 1.509173 0.0 -0.903791 -0.717601 -17.956512 -0.090074 0.060792 14.167834 81.0
157 895.0 -0.490878 1.513161 0.0 -0.900391 -0.717601 -17.956512 -0.090074 0.060792 14.167834 81.0
158 895.0 -0.499823 1.498443 0.0 -0.905635 -0.717601 -17.956512 -0.090074 0.060792 14.167834 81.0
159 895.0 -0.468413 1.47455 0.0 -0.874089 -0.717601 -17.956512 -0.090074 0.060792 14.167834 81.0
160 895.0 -0.496036 1.482705 0.0 -0.899598 -0.717601 -17.956512 -0.090074 0.060792 14.167834 81.0
161 895.0 -0.491585 1.477837 0.0 -0.89487 -0.717601 -17.956512 -0.090074 0.060792 14.167834 81.0
162 895.0 -0.485326 1.501236 0.0 -0.893476 -0.717601 -17.956512 -0.090074 0.060792 14.167834 81.0
163 895.0 -0.520539 1.521107 0.0 -0.92764 -0.717601 -17.956512 -0.090074 0.060792 14.167834 81.0
164 895.0 -0.524824 1.529888 0.0 -0.932903 -0.717601 -17.956512 -0.090074 0.060792 14.167834 81.0
165 895.0 -0.530876 1.535252 0.0 -0.939093 -0.717601 -17.956512 -0.090074 0.060792 14.167834 81.0
166 895.0 -0.496171 1.53092 0.0 -0.908093 -0.717601 -17.956512 -0.090074 0.060792 14.167834 81.0
167 895.0 -0.486952 1.495761 0.0 -0.893943 -0.717601 -17.956512 -0.090074 0.060792 14.167834 81.0
168 895.0 -0.50675 1.50426 0.0 -0.912686 -0.717601 -17.956512 -0.090074 0.060792 14.167834 81.0
169 895.0 -0.496169 1.496014 0.0 -0.902026 -0.717601 -17.956512 -0.090074 0.060792 14.167834 81.0
170 895.0 -0.505769 1.514345 0.0 -0.913584 -0.717601 -17.956512 -0.090074 0.060792 14.167834 81.0
171 895.0 -0.507641 1.50076 0.0 -0.912855 -0.717601 -17.956512 -0.090074 0.060792 14.167834 81.0
172 895.0 -0.489867 1.485375 0.0 -0.894681 -0.717601 -17.956512 -0.090074 0.060792 14.167834 81.0
173 895.0 -0.506374 1.49497 0.0 -0.910744 -0.717601 -17.956512 -0.090074 0.060792 14.167834 81.0
174 895.0 -0.490701 1.483995 0.0 -0.895169 -0.717601 -17.956512 -0.090074 0.060792 14.167834 81.0
175 895.0 -0.479339 1.506319 0.0 -0.889138 -0.717601 -17.956512 -0.090074 0.060792 14.167834 81.0
176 895.0 -0.47801 1.532526 0.0 -0.892533 -0.717601 -17.956512 -0.090074 0.060792 14.167834 81.0
177 895.0 -0.456363 1.521893 0.0 -0.871806 -0.717601 -17.956512 -0.090074 0.060792 14.167834 81.0
178 895.0 -0.483712 1.513906 0.0 -0.894271 -0.717601 -17.956512 -0.090074 0.060792 14.167834 81.0
179 895.0 -0.511608 1.516348 0.0 -0.919024 -0.717601 -17.956512 -0.090074 0.060792 14.167834 81.0
180 895.0 -0.503866 1.508271 0.0 -0.910868 -0.717601 -17.956512 -0.090074 0.060792 14.167834 81.0
181 895.0 -0.518224 1.506466 0.0 -0.923077 -0.717601 -17.956512 -0.090074 0.060792 14.167834 81.0
182 895.0 -0.499798 1.493496 0.0 -0.904753 -0.717601 -17.956512 -0.090074 0.060792 14.167834 81.0
183 895.0 -0.512218 1.497478 0.0 -0.916277 -0.717601 -17.956512 -0.090074 0.060792 14.167834 81.0
184 895.0 -0.497254 1.492544 0.0 -0.902369 -0.717601 -17.956512 -0.090074 0.060792 14.167834 81.0
185 895.0 -0.477748 1.493007 0.0 -0.885437 -0.717601 -17.956512 -0.090074 0.060792 14.167834 81.0
186 895.0 -0.485594 1.479728 0.0 -0.889974 -0.717601 -17.956512 -0.090074 0.060792 14.167834 81.0
187 895.0 -0.491788 1.502757 0.0 -0.899377 -0.717601 -17.956512 -0.090074 0.060792 14.167834 81.0
188 895.0 -0.470127 1.508093 0.0 -0.881412 -0.717601 -17.956512 -0.090074 0.060792 14.167834 81.0
189 895.0 -0.48827 1.494321 0.0 -0.894843 -0.717601 -17.956512 -0.090074 0.060792 14.167834 81.0
190 895.0 -0.465876 1.521264 0.0 -0.879994 -0.717601 -17.956512 -0.090074 0.060792 14.167834 81.0
191 895.0 -0.476619 1.515495 0.0 -0.88836 -0.717601 -17.956512 -0.090074 0.060792 14.167834 81.0
192 895.0 -0.472072 1.51011 0.0 -0.883459 -0.717601 -17.956512 -0.090074 0.060792 14.167834 81.0
193 895.0 -0.493069 1.521402 0.0 -0.903733 -0.717601 -17.956512 -0.090074 0.060792 14.167834 81.0
194 895.0 -0.463014 1.51743 0.0 -0.876832 -0.717601 -17.956512 -0.090074 0.060792 14.167834 81.0
195 895.0 -0.456214 1.500435 0.0 -0.867948 -0.717601 -17.956512 -0.090074 0.060792 14.167834 81.0
196 895.0 -0.472301 1.532113 0.0 -0.887482 -0.717601 -17.956512 -0.090074 0.060792 14.167834 81.0
197 895.0 -0.488755 1.519549 0.0 -0.899649 -0.717601 -17.956512 -0.090074 0.060792 14.167834 81.0
198 895.0 -0.469493 1.51819 0.0 -0.882614 -0.717601 -17.956512 -0.090074 0.060792 14.167834 81.0
199 895.0 -0.482028 1.501103 0.0 -0.890577 -0.717601 -17.956512 -0.090074 0.060792 14.167834 81.0
200 895.0 -0.470189 1.480394 0.0 -0.876654 -0.717601 -17.956512 -0.090074 0.060792 14.167834 81.0
201 895.0 -0.488745 1.481549 0.0 -0.893038 -0.717601 -17.956512 -0.090074 0.060792 14.167834 81.0
202 895.0 -0.496395 1.489349 0.0 -0.901065 -0.717601 -17.956512 -0.090074 0.060792 14.167834 81.0
203 895.0 -0.499245 1.487229 0.0 -0.903182 -0.717601 -17.956512 -0.090074 0.060792 14.167834 81.0
204 895.0 -0.504997 1.514347 0.0 -0.91291 -0.717601 -17.956512 -0.090074 0.060792 14.167834 81.0
205 895.0 -0.493876 1.492538 0.0 -0.899422 -0.717601 -17.956512 -0.090074 0.060792 14.167834 81.0
206 895.0 -0.494147 1.489766 0.0 -0.899177 -0.717601 -17.956512 -0.090074 0.060792 14.167834 81.0
207 895.0 -0.505804 1.499911 0.0 -0.911106 -0.717601 -17.956512 -0.090074 0.060792 14.167834 81.0
208 895.0 -0.480052 1.516213 0.0 -0.891479 -0.717601 -17.956512 -0.090074 0.060792 14.167834 81.0
209 895.0 -0.501016 1.507433 0.0 -0.908237 -0.717601 -17.956512 -0.090074 0.060792 14.167834 81.0
210 895.0 -0.516533 1.515774 0.0 -0.923219 -0.717601 -17.956512 -0.090074 0.060792 14.167834 81.0
211 895.0 -0.502563 1.511573 0.0 -0.910306 -0.717601 -17.956512 -0.090074 0.060792 14.167834 81.0
212 895.0 -0.473837 1.491487 0.0 -0.881762 -0.717601 -17.956512 -0.090074 0.060792 14.167834 81.0
213 895.0 -0.455446 1.475907 0.0 -0.863016 -0.717601 -17.956512 -0.090074 0.060792 14.167834 81.0
214 895.0 -0.463581 1.469254 0.0 -0.868955 -0.717601 -17.956512 -0.090074 0.060792 14.167834 81.0
215 895.0 -0.45722 1.464427 0.0 -0.862569 -0.717601 -17.956512 -0.090074 0.060792 14.167834 81.0
216 895.0 -0.486223 1.446677 0.0 -0.884779 -0.717601 -17.956512 -0.090074 0.060792 14.167834 81.0
217 895.0 -0.497244 1.457446 0.0 -0.896262 -0.717601 -17.956512 -0.090074 0.060792 14.167834 81.0
218 895.0 -0.516307 1.473422 0.0 -0.915663 -0.717601 -17.956512 -0.090074 0.060792 14.167834 81.0
219 895.0 -0.504205 1.461148 0.0 -0.902976 -0.717601 -17.956512 -0.090074 0.060792 14.167834 81.0
220 895.0 -0.51664 1.460036 0.0 -0.913628 -0.717601 -17.956512 -0.090074 0.060792 14.167834 81.0
221 895.0 -0.497474 1.430136 0.0 -0.891718 -0.717601 -17.956512 -0.090074 0.060792 14.167834 81.0
222 895.0 -0.519793 1.428986 0.0 -0.910983 -0.717601 -17.956512 -0.090074 0.060792 14.167834 81.0
223 895.0 -0.510297 1.442109 0.0 -0.904981 -0.717601 -17.956512 -0.090074 0.060792 14.167834 81.0
224 895.0 -0.500209 1.457981 0.0 -0.898941 -0.717601 -17.956512 -0.090074 0.060792 14.167834 81.0
225 895.0 -0.512983 1.448137 0.0 -0.908371 -0.717601 -17.956512 -0.090074 0.060792 14.167834 81.0
226 895.0 -0.509116 1.433018 0.0 -0.902372 -0.717601 -17.956512 -0.090074 0.060792 14.167834 81.0
227 895.0 -0.519276 1.454431 0.0 -0.914953 -0.717601 -17.956512 -0.090074 0.060792 14.167834 81.0
228 895.0 -0.541505 1.444483 0.0 -0.932611 -0.717601 -17.956512 -0.090074 0.060792 14.167834 81.0
229 895.0 -0.547493 1.452026 0.0 -0.939145 -0.717601 -17.956512 -0.090074 0.060792 14.167834 81.0
230 895.0 -0.542564 1.464124 0.0 -0.936948 -0.717601 -17.956512 -0.090074 0.060792 14.167834 81.0
231 895.0 -0.5702 1.414678 0.0 -0.946724 -0.717601 -17.956512 -0.090074 0.060792 14.167834 81.0
232 895.0 -0.541858 1.43575 0.0 -0.931402 -0.717601 -17.956512 -0.090074 0.060792 14.167834 81.0
233 895.0 -0.528083 1.442895 0.0 -0.920629 -0.717601 -17.956512 -0.090074 0.060792 14.167834 81.0
234 895.0 -0.518452 1.438152 0.0 -0.911406 -0.717601 -17.956512 -0.090074 0.060792 14.167834 81.0
235 895.0 -0.518422 1.447741 0.0 -0.913046 -0.717601 -17.956512 -0.090074 0.060792 14.167834 81.0
236 895.0 -0.529357 1.466792 0.0 -0.925893 -0.717601 -17.956512 -0.090074 0.060792 14.167834 81.0
237 895.0 -0.534578 1.472633 0.0 -0.931461 -0.717601 -17.956512 -0.090074 0.060792 14.167834 81.0
238 895.0 -0.53862 1.478992 0.0 -0.936092 -0.717601 -17.956512 -0.090074 0.060792 14.167834 81.0
239 895.0 -0.541257 1.487959 0.0 -0.939949 -0.717601 -17.956512 -0.090074 0.060792 14.167834 81.0
240 895.0 -0.55111 1.466598 0.0 -0.944831 -0.717601 -17.956512 -0.090074 0.060792 14.167834 81.0
241 895.0 -0.577142 1.49639 0.0 -0.97132 -0.717601 -17.956512 -0.090074 0.060792 14.167834 81.0
242 895.0 -0.558856 1.480869 0.0 -0.953886 -0.717601 -17.956512 -0.090074 0.060792 14.167834 81.0
243 895.0 -0.530698 1.450931 0.0 -0.924307 -0.717601 -17.956512 -0.090074 0.060792 14.167834 81.0
244 895.0 -0.552332 1.453743 0.0 -0.943663 -0.717601 -17.956512 -0.090074 0.060792 14.167834 81.0
245 895.0 -0.530678 1.460614 0.0 -0.925972 -0.717601 -17.956512 -0.090074 0.060792 14.167834 81.0
246 895.0 -0.514356 1.469868 0.0 -0.913344 -0.717601 -17.956512 -0.090074 0.060792 14.167834 81.0
247 895.0 -0.514221 1.484548 0.0 -0.915777 -0.717601 -17.956512 -0.090074 0.060792 14.167834 81.0
248 895.0 -0.51791 1.470654 0.0 -0.916581 -0.717601 -17.956512 -0.090074 0.060792 14.167834 81.0
249 895.0 -0.524972 1.466294 0.0 -0.921983 -0.717601 -17.956512 -0.090074 0.060792 14.167834 81.0
250 895.0 -0.527772 1.466039 0.0 -0.92438 -0.717601 -17.956512 -0.090074 0.060792 14.167834 81.0
251 895.0 -0.511422 1.48806 0.0 -0.913946 -0.717601 -17.956512 -0.090074 0.060792 14.167834 81.0
252 895.0 -0.507346 1.484509 0.0 -0.909775 -0.717601 -17.956512 -0.090074 0.060792 14.167834 81.0
253 895.0 -0.523206 1.446012 0.0 -0.916918 -0.717601 -17.956512 -0.090074 0.060792 14.167834 81.0
254 895.0 -0.546403 1.475405 0.0 -0.942257 -0.717601 -17.956512 -0.090074 0.060792 14.167834 81.0
255 895.0 -0.535925 1.474441 0.0 -0.93295 -0.717601 -17.956512 -0.090074 0.060792 14.167834 81.0
256 895.0 -0.531765 1.463859 0.0 -0.927484 -0.717601 -17.956512 -0.090074 0.060792 14.167834 81.0
257 895.0 -0.545882 1.440945 0.0 -0.935814 -0.717601 -17.956512 -0.090074 0.060792 14.167834 81.0
258 895.0 -0.539953 1.440771 0.0 -0.930613 -0.717601 -17.956512 -0.090074 0.060792 14.167834 81.0
259 895.0 -0.559997 1.440847 0.0 -0.948107 -0.717601 -17.956512 -0.090074 0.060792 14.167834 81.0
260 895.0 -0.571443 1.456349 0.0 -0.960533 -0.717601 -17.956512 -0.090074 0.060792 14.167834 81.0
261 895.0 -0.556647 1.467853 0.0 -0.949878 -0.717601 -17.956512 -0.090074 0.060792 14.167834 81.0
262 895.0 -0.547193 1.474166 0.0 -0.94273 -0.717601 -17.956512 -0.090074 0.060792 14.167834 81.0
263 895.0 -0.55602 1.473381 0.0 -0.950292 -0.717601 -17.956512 -0.090074 0.060792 14.167834 81.0
264 895.0 -0.533462 1.466501 0.0 -0.929423 -0.717601 -17.956512 -0.090074 0.060792 14.167834 81.0
265 895.0 -0.511367 1.443047 0.0 -0.906078 -0.717601 -17.956512 -0.090074 0.060792 14.167834 81.0
266 895.0 -0.53589 1.446681 0.0 -0.928096 -0.717601 -17.956512 -0.090074 0.060792 14.167834 81.0
267 895.0 -0.536295 1.448803 0.0 -0.928819 -0.717601 -17.956512 -0.090074 0.060792 14.167834 81.0
268 895.0 -0.510544 1.458976 0.0 -0.908127 -0.717601 -17.956512 -0.090074 0.060792 14.167834 81.0
269 895.0 -0.501757 1.462489 0.0 -0.901074 -0.717601 -17.956512 -0.090074 0.060792 14.167834 81.0
270 895.0 -0.525862 1.462576 0.0 -0.922112 -0.717601 -17.956512 -0.090074 0.060792 14.167834 81.0
271 895.0 -0.510289 1.456442 0.0 -0.907465 -0.717601 -17.956512 -0.090074 0.060792 14.167834 81.0
272 895.0 -0.524525 1.483464 0.0 -0.924576 -0.717601 -17.956512 -0.090074 0.060792 14.167834 81.0
273 895.0 -0.529413 1.479269 0.0 -0.92811 -0.717601 -17.956512 -0.090074 0.060792 14.167834 81.0
274 895.0 -0.529957 1.481347 0.0 -0.928945 -0.717601 -17.956512 -0.090074 0.060792 14.167834 81.0
275 895.0 -0.555801 1.487342 0.0 -0.952353 -0.717601 -17.956512 -0.090074 0.060792 14.167834 81.0
276 895.0 -0.521511 1.489316 0.0 -0.922964 -0.717601 -17.956512 -0.090074 0.060792 14.167834 81.0
277 895.0 -0.496206 1.48941 0.0 -0.900911 -0.717601 -17.956512 -0.090074 0.060792 14.167834 81.0
278 895.0 -0.534879 1.489008 0.0 -0.93457 -0.717601 -17.956512 -0.090074 0.060792 14.167834 81.0
279 895.0 -0.571008 1.445315 0.0 -0.958487 -0.717601 -17.956512 -0.090074 0.060792 14.167834 81.0
280 895.0 -0.586209 1.459338 0.0 -0.973159 -0.717601 -17.956512 -0.090074 0.060792 14.167834 81.0
281 895.0 -0.563219 1.444975 0.0 -0.951634 -0.717601 -17.956512 -0.090074 0.060792 14.167834 81.0
282 895.0 -0.560539 1.413462 0.0 -0.939801 -0.717601 -17.956512 -0.090074 0.060792 14.167834 81.0
283 895.0 -0.57695 1.423467 0.0 -0.956242 -0.717601 -17.956512 -0.090074 0.060792 14.167834 81.0
284 895.0 -0.549429 1.421892 0.0 -0.934911 -0.717601 -17.956512 -0.090074 0.060792 14.167834 81.0
285 895.0 -0.546183 1.403526 0.0 -0.923722 -0.717601 -17.956512 -0.090074 0.060792 14.167834 81.0
286 895.0 -0.553941 1.41343 0.0 -0.93511 -0.717601 -17.956512 -0.090074 0.060792 14.167834 81.0
287 895.0 -0.559103 1.440867 0.0 -0.947331 -0.717601 -17.956512 -0.090074 0.060792 14.167834 81.0
