 time p.x p.y p.z deep.node-0 CV opes.bias opes.rct opes.zed opes.neff opes.nker
0 4905.0 0.30396 0.482562 0.0 0.904205 -0.660421 -12.623322 -0.262535 0.039081 14.167834 126.0
1 4905.0 0.298131 0.466591 0.0 0.916117 -0.660421 -12.623322 -0.262535 0.039081 14.167834 126.0
2 4905.0 0.296654 0.466023 0.0 0.915708 -0.660421 -12.623322 -0.262535 0.039081 14.167834 126.0
3 4905.0 0.280523 0.485799 0.0 0.884918 -0.660421 -12.623322 -0.262535 0.039081 14.167834 126.0
4 4905.0 0.272225 0.469532 0.0 0.895862 -0.660421 -12.623322 -0.262535 0.039081 14.167834 126.0
5 4905.0 0.285852 0.476437 0.0 0.897955 -0.660421 -12.623322 -0.262535 0.039081 14.167834 126.0
6 4905.0 0.284789 0.496894 0.0 0.876679 -0.660421 -12.623322 -0.262535 0.039081 14.167834 126.0
7 4905.0 0.277432 0.494264 0.0 0.874283 -0.660421 -12.623322 -0.262535 0.039081 14.167834 126.0
8 4905.0 0.292212 0.523134 0.0 0.856238 -0.660421 -12.623322 -0.262535 0.039081 14.167834 126.0
9 4905.0 0.295387 0.5096 0.0 0.871715 -0.660421 -12.623322 -0.262535 0.039081 14.167834 126.0
10 4905.0 0.293329 0.510397 0.0 0.869486 -0.660421 -12.623322 -0.262535 0.039081 14.167834 126.0
11 4905.0 0.317858 0.542975 0.0 0.854895 -0.660421 -12.623322 -0.262535 0.039081 14.167834 126.0
12 4905.0 0.335435 0.534398 0.0 0.875669 -0.660421 -12.623322 -0.262535 0.039081 14.167834 126.0
13 4905.0 0.325865 0.545569 0.0 0.857999 -0.660421 -12.623322 -0.262535 0.039081 14.167834 126.0
14 4905.0 0.329276 0.507005 0.0 0.898127 -0.660421 -12.623322 -0.262535 0.039081 14.167834 126.0
15 4905.0 0.305783 0.516926 0.0 0.871873 -0.660421 -12.623322 -0.262535 0.039081 14.167834 126.0
16 4905.0 0.298685 0.504267 0.0 0.879256 -0.660421 -12.623322 -0.262535 0.039081 14.167834 126.0
17 4905.0 0.280065 0.50638 0.0 0.864071 -0.660421 -12.623322 -0.262535 0.039081 14.167834 126.0
18 4905.0 0.275891 0.529399 0.0 0.838612 -0.660421 -12.623322 -0.262535 0.039081 14.167834 126.0
19 4905.0 0.261796 0.507998 0.0 0.849945 -0.660421 -12.623322 -0.262535 0.039081 14.167834 126.0
20 4905.0 0.263537 0.521359 0.0 0.837774 -0.660421 -12.623322 -0.262535 0.039081 14.167834 126.0
21 4905.0 0.260468 0.525829 0.0 0.831239 -0.660421 -12.623322 -0.262535 0.039081 14.167834 126.0
22 4905.0 0.220246 0.521767 0.0 0.808288 -0.660421 -12.623322 -0.262535 0.039081 14.167834 126.0
23 4905.0 0.235167 0.512828 0.0 0.827293 -0.660421 -12.623322 -0.262535 0.039081 14.167834 126.0
24 4905.0 0.256124 0.538427 0.0 0.815855 -0.660421 -12.623322 -0.262535 0.039081 14.167834 126.0
25 4905.0 0.268525 0.516845 0.0 0.845705 -0.660421 -12.623322 -0.262535 0.039081 14.167834 126.0
26 4905.0 0.283878 0.476838 0.0 0.896232 -0.660421 -12.623322 -0.262535 0.039081 14.167834 126.0
27 4905.0 0.284133 0.475373 0.0 0.897886 -0.660421 -12.623322 -0.262535 0.039081 14.167834 126.0
28 4905.0 0.262751 0.497869 0.0 0.860841 -0.660421 -12.623322 -0.262535 0.039081 14.167834 126.0
29 4905.0 0.24116 0.516421 0.0 0.827651 -0.660421 -12.623322 -0.262535 0.039081 14.167834 126.0
30 4905.0 0.240277 0.520017 0.0 0.82342 -0.660421 -12.623322 -0.262535 0.039081 14.167834 126.0
31 4905.0 0.251157 0.535314 0.0 0.815401 -0.660421 -12.623322 -0.262535 0.039081 14.167834 126.0
32 4905.0 0.224121 0.55189 0.0 0.780361 -0.660421 -12.623322 -0.262535 0.039081 14.167834 126.0
33 4905.0 0.222066 0.547004 0.0 0.783939 -0.660421 -12.623322 -0.262535 0.039081 14.167834 126.0
34 4905.0 0.227313 0.546833 0.0 0.787612 -0.660421 -12.623322 -0.262535 0.039081 14.167834 126.0
35 4905.0 0.203836 0.552253 0.0 0.766466 -0.660421 -12.623322 -0.262535 0.039081 14.167834 126.0
36 4905.0 0.195491 0.554402 0.0 0.758724 -0.660421 -12.623322 -0.262535 0.039081 14.167834 126.0
37 4905.0 0.169348 0.517348 0.0 0.778821 -0.660421 -12.623322 -0.262535 0.039081 14.167834 126.0
38 4905.0 0.177412 0.519092 0.0 0.782431 -0.660421 -12.623322 -0.262535 0.039081 14.167834 126.0
39 4905.0 0.131999 0.525379 0.0 0.745778 -0.660421 -12.623322 -0.262535 0.039081 14.167834 126.0
40 4905.0 0.133982 0.510082 0.0 0.762595 -0.660421 -12.623322 -0.262535 0.039081 14.167834 126.0
41 4905.0 0.127662 0.501872 0.0 0.766695 -0.660421 -12.623322 -0.262535 0.039081 14.167834 126.0
42 4905.0 0.1313 0.515096 0.0 0.755727 -0.660421 -12.623322 -0.262535 0.039081 14.167834 126.0
43 4905.0 0.132604 0.516326 0.0 0.75535 -0.660421 -12.623322 -0.262535 0.039081 14.167834 126.0
44 4905.0 0.155803 0.558182 0.0 0.728427 -0.660421 -12.623322 -0.262535 0.039081 14.167834 126.0
45 4905.0 0.141631 0.56991 0.0 0.707096 -0.660421 -12.623322 -0.262535 0.039081 14.167834 126.0
46 4905.0 0.150303 0.550656 0.0 0.732382 -0.660421 -12.623322 -0.262535 0.039081 14.167834 126.0
47 4905.0 0.172492 0.546565 0.0 0.751324 -0.660421 -12.623322 -0.262535 0.039081 14.167834 126.0
48 4905.0 0.162824 0.514495 0.0 0.77736 -0.660421 -12.623322 -0.262535 0.039081 14.167834 126.0
49 4905.0 0.146036 0.52409 0.0 0.756444 -0.660421 -12.623322 -0.262535 0.039081 14.167834 126.0
50 4905.0 0.132542 0.55385 0.0 0.717302 -0.660421 -12.623322 -0.262535 0.039081 14.167834 126.0
51 4905.0 0.120256 0.530206 0.0 0.733058 -0.660421 -12.623322 -0.262535 0.039081 14.167834 126.0
52 4905.0 0.110956 0.527183 0.0 0.729917 -0.660421 -12.623322 -0.262535 0.039081 14.167834 126.0
53 4905.0 0.095601 0.521074 0.0 0.725864 -0.660421 -12.623322 -0.262535 0.039081 14.167834 126.0
54 4905.0 0.08606 0.48991 0.0 0.751067 -0.660421 -12.623322 -0.262535 0.039081 14.167834 126.0
55 4905.0 0.103829 0.469308 0.0 0.783784 -0.660421 -12.623322 -0.262535 0.039081 14.167834 126.0
56 4905.0 0.101598 0.490832 0.0 0.760495 -0.660421 -12.623322 -0.262535 0.039081 14.167834 126.0
57 4905.0 0.114805 0.516657 0.0 0.743145 -0.660421 -12.623322 -0.262535 0.039081 14.167834 126.0
58 4905.0 0.096121 0.504235 0.0 0.743267 -0.660421 -12.623322 -0.262535 0.039081 14.167834 126.0
59 4905.0 0.106602 0.510984 0.0 0.743421 -0.660421 -12.623322 -0.262535 0.039081 14.167834 126.0
60 4905.0 0.116634 0.514836 0.0 0.74621 -0.660421 -12.623322 -0.262535 0.039081 14.167834 126.0
61 4905.0 0.112174 0.513912 0.0 0.744171 -0.660421 -12.623322 -0.262535 0.039081 14.167834 126.0
62 4905.0 0.076938 0.524844 0.0 0.709599 -0.660421 -12.623322 -0.262535 0.039081 14.167834 126.0
63 4905.0 0.080945 0.505637 0.0 0.731726 -0.660421 -12.623322 -0.262535 0.039081 14.167834 126.0
64 4905.0 0.089524 0.500075 0.0 0.743081 -0.660421 -12.623322 -0.262535 0.039081 14.167834 126.0
65 4905.0 0.07887 0.507862 0.0 0.728088 -0.660421 -12.623322 -0.262535 0.039081 14.167834 126.0
66 4905.0 0.092411 0.524062 0.0 0.72071 -0.660421 -12.623322 -0.262535 0.039081 14.167834 126.0
67 4905.0 0.100358 0.505651 0.0 0.744659 -0.660421 -12.623322 -0.262535 0.039081 14.167834 126.0
68 4905.0 0.074645 0.526395 0.0 0.706499 -0.660421 -12.623322 -0.262535 0.039081 14.167834 126.0
69 4905.0 0.084703 0.513238 0.0 0.726533 -0.660421 -12.623322 -0.262535 0.039081 14.167834 126.0
70 4905.0 0.100359 0.498007 0.0 0.752402 -0.660421 -12.623322 -0.262535 0.039081 14.167834 126.0
71 4905.0 0.081453 0.496123 0.0 0.741702 -0.660421 -12.623322 -0.262535 0.039081 14.167834 126.0
72 4905.0 0.106212 0.512913 0.0 0.741206 -0.660421 -12.623322 -0.262535 0.039081 14.167834 126.0
73 4905.0 0.08074 0.489581 0.0 0.747852 -0.660421 -12.623322 -0.262535 0.039081 14.167834 126.0
74 4905.0 0.077751 0.514948 0.0 0.720165 -0.660421 -12.623322 -0.262535 0.039081 14.167834 126.0
75 4905.0 0.070756 0.510432 0.0 0.720074 -0.660421 -12.623322 -0.262535 0.039081 14.167834 126.0
76 4905.0 0.068773 0.52044 0.0 0.708615 -0.660421 -12.623322 -0.262535 0.039081 14.167834 126.0
77 4905.0 0.067057 0.53023 0.0 0.697554 -0.660421 -12.623322 -0.262535 0.039081 14.167834 126.0
78 4905.0 0.045637 0.494306 0.0 0.719656 -0.660421 -12.623322 -0.262535 0.039081 14.167834 126.0
79 4905.0 0.057882 0.494836 0.0 0.727286 -0.660421 -12.623322 -0.262535 0.039081 14.167834 126.0
80 4905.0 0.062427 0.511088 0.0 0.713855 -0.660421 -12.623322 -0.262535 0.039081 14.167834 126.0
81 4905.0 0.080804 0.506564 0.0 0.730693 -0.660421 -12.623322 -0.262535 0.039081 14.167834 126.0
82 4905.0 0.073887 0.540463 0.0 0.691745 -0.660421 -12.623322 -0.262535 0.039081 14.167834 126.0
83 4905.0 0.05232 0.522643 0.0 0.695411 -0.660421 -12.623322 -0.262535 0.039081 14.167834 126.0
84 4905.0 0.052912 0.518879 0.0 0.699618 -0.660421 -12.623322 -0.262535 0.039081 14.167834 126.0
85 4905.0 0.030623 0.511643 0.0 0.692083 -0.660421 -12.623322 -0.262535 0.039081 14.167834 126.0
86 4905.0 0.038229 0.509028 0.0 0.699804 -0.660421 -12.623322 -0.262535 0.039081 14.167834 126.0
87 4905.0 0.032733 0.520998 0.0 0.684014 -0.660421 -12.623322 -0.262535 0.039081 14.167834 126.0
88 4905.0 0.031838 0.521479 0.0 0.68293 -0.660421 -12.623322 -0.262535 0.039081 14.167834 126.0
89 4905.0 -0.013525 0.523029 0.0 0.651108 -0.660421 -12.623322 -0.262535 0.039081 14.167834 126.0
90 4905.0 -0.045788 0.506922 0.0 0.645088 -0.660421 -12.623322 -0.262535 0.039081 14.167834 126.0
91 4905.0 -0.028448 0.504151 0.0 0.660277 -0.660421 -12.623322 -0.262535 0.039081 14.167834 126.0
92 4905.0 -0.000992 0.509776 0.0 0.67289 -0.660421 -12.623322 -0.262535 0.039081 14.167834 126.0
93 4905.0 0.003669 0.501202 0.0 0.684683 -0.660421 -12.623322 -0.262535 0.039081 14.167834 126.0
94 4905.0 0.006402 0.491149 0.0 0.696688 -0.660421 -12.623322 -0.262535 0.039081 14.167834 126.0
95 4905.0 0.014043 0.493622 0.0 0.699279 -0.660421 -12.623322 -0.262535 0.039081 14.167834 126.0
96 4905.0 0.010171 0.498857 0.0 0.691394 -0.660421 -12.623322 -0.262535 0.039081 14.167834 126.0
97 4905.0 -0.038762 0.495201 0.0 0.662464 -0.660421 -12.623322 -0.262535 0.039081 14.167834 126.0
98 4905.0 -0.033248 0.519194 0.0 0.641838 -0.660421 -12.623322 -0.262535 0.039081 14.167834 126.0
99 4905.0 -0.031304 0.511922 0.0 0.650501 -0.660421 -12.623322 -0.262535 0.039081 14.167834 126.0
100 4905.0 -0.068706 0.51469 0.0 0.617054 -0.660421 -12.623322 -0.262535 0.039081 14.167834 126.0
101 4905.0 -0.074121 0.49791 0.0 0.630342 -0.660421 -12.623322 -0.262535 0.039081 14.167834 126.0
102 4905.0 -0.060755 0.514786 0.0 0.623796 -0.660421 -12.623322 -0.262535 0.039081 14.167834 126.0
103 4905.0 -0.048059 0.517141 0.0 0.632204 -0.660421 -12.623322 -0.262535 0.039081 14.167834 126.0
104 4905.0 -0.034204 0.516801 0.0 0.643625 -0.660421 -12.623322 -0.262535 0.039081 14.167834 126.0
105 4905.0 -0.045257 0.523581 0.0 0.627727 -0.660421 -12.623322 -0.262535 0.039081 14.167834 126.0
106 4905.0 -0.04367 0.513716 0.0 0.639645 -0.660421 -12.623322 -0.262535 0.039081 14.167834 126.0
107 4905.0 -0.046343 0.515022 0.0 0.635946 -0.660421 -12.623322 -0.262535 0.039081 14.167834 126.0
108 4905.0 -0.046063 0.538272 0.0 0.61132 -0.660421 -12.623322 -0.262535 0.039081 14.167834 126.0
109 4905.0 -0.049893 0.555938 0.0 0.589128 -0.660421 -12.623322 -0.262535 0.039081 14.167834 126.0
110 4905.0 -0.056997 0.553113 0.0 0.586036 -0.660421 -12.623322 -0.262535 0.039081 14.167834 126.0
111 4905.0 -0.060723 0.519138 0.0 0.619168 -0.660421 -12.623322 -0.262535 0.039081 14.167834 126.0
112 4905.0 -0.07444 0.519884 0.0 0.606564 -0.660421 -12.623322 -0.262535 0.039081 14.167834 126.0
113 4905.0 -0.087477 0.535794 0.0 0.578327 -0.660421 -12.623322 -0.262535 0.039081 14.167834 126.0
114 4905.0 -0.059605 0.515689 0.0 0.62382 -0.660421 -12.623322 -0.262535 0.039081 14.167834 126.0
115 4905.0 -0.086931 0.497419 0.0 0.619841 -0.660421 -12.623322 -0.262535 0.039081 14.167834 126.0
116 4905.0 -0.089493 0.535248 0.0 0.577176 -0.660421 -12.623322 -0.262535 0.039081 14.167834 126.0
117 4905.0 -0.084111 0.521023 0.0 0.597022 -0.660421 -12.623322 -0.262535 0.039081 14.167834 126.0
118 4905.0 -0.109466 0.489789 0.0 0.608607 -0.660421 -12.623322 -0.262535 0.039081 14.167834 126.0
119 4905.0 -0.10004 0.509742 0.0 0.595379 -0.660421 -12.623322 -0.262535 0.039081 14.167834 126.0
120 4905.0 -0.101091 0.525816 0.0 0.577282 -0.660421 -12.623322 -0.262535 0.039081 14.167834 126.0
121 4905.0 -0.116732 0.514538 0.0 0.575882 -0.660421 -12.623322 -0.262535 0.039081 14.167834 126.0
122 4905.0 -0.111949 0.524913 0.0 0.568901 -0.660421 -12.623322 -0.262535 0.039081 14.167834 126.0
123 4905.0 -0.10906 0.532873 0.0 0.562876 -0.660421 -12.623322 -0.262535 0.039081 14.167834 126.0
124 4905.0 -0.120795 0.517136 0.0 0.569607 -0.660421 -12.623322 -0.262535 0.039081 14.167834 126.0
125 4905.0 -0.121407 0.532797 0.0 0.552329 -0.660421 -12.623322 -0.262535 0.039081 14.167834 126.0
126 4905.0 -0.13905 0.510124 0.0 0.561395 -0.660421 -12.623322 -0.262535 0.039081 14.167834 126.0
127 4905.0 -0.143366 0.497355 0.0 0.571338 -0.660421 -12.623322 -0.262535 0.039081 14.167834 126.0
128 4905.0 -0.121264 0.471431 0.0 0.618088 -0.660421 -12.623322 -0.262535 0.039081 14.167834 126.0
129 4905.0 -0.142372 0.4699 0.0 0.601558 -0.660421 -12.623322 -0.262535 0.039081 14.167834 126.0
130 4905.0 -0.150737 0.471469 0.0 0.592681 -0.660421 -12.623322 -0.262535 0.039081 14.167834 126.0
131 4905.0 -0.143864 0.478412 0.0 0.59117 -0.660421 -12.623322 -0.262535 0.039081 14.167834 126.0
132 4905.0 -0.128664 0.471389 0.0 0.611764 -0.660421 -12.623322 -0.262535 0.039081 14.167834 126.0
133 4905.0 -0.114614 0.481856 0.0 0.612662 -0.660421 -12.623322 -0.262535 0.039081 14.167834 126.0
134 4905.0 -0.110252 0.485885 0.0 0.612107 -0.660421 -12.623322 -0.262535 0.039081 14.167834 126.0
135 4905.0 -0.09254 0.504646 0.0 0.607284 -0.660421 -12.623322 -0.262535 0.039081 14.167834 126.0
136 4905.0 -0.089476 0.517132 0.0 0.596567 -0.660421 -12.623322 -0.262535 0.039081 14.167834 126.0
137 4905.0 -0.089512 0.544138 0.0 0.56765 -0.660421 -12.623322 -0.262535 0.039081 14.167834 126.0
138 4905.0 -0.102164 0.530578 0.0 0.571264 -0.660421 -12.623322 -0.262535 0.039081 14.167834 126.0
139 4905.0 -0.11545 0.543425 0.0 0.546089 -0.660421 -12.623322 -0.262535 0.039081 14.167834 126.0
140 4905.0 -0.108595 0.547635 0.0 0.547485 -0.660421 -12.623322 -0.262535 0.039081 14.167834 126.0
141 4905.0 -0.127628 0.574364 0.0 0.502515 -0.660421 -12.623322 -0.262535 0.039081 14.167834 126.0
142 4905.0 -0.149802 0.54853 0.0 0.511063 -0.660421 -12.623322 -0.262535 0.039081 14.167834 126.0
143 4905.0 -0.151298 0.543522 0.0 0.515131 -0.660421 -12.623322 -0.262535 0.039081 14.167834 126.0
144 4905.0 -0.173416 0.533788 0.0 0.506274 -0.660421 -12.623322 -0.262535 0.039081 14.167834 126.0
145 4905.0 -0.153042 0.542514 0.0 0.514708 -0.660421 -12.623322 -0.262535 0.039081 14.167834 126.0
146 4905.0 -0.148353 0.53407 0.0 0.527775 -0.660421 -12.623322 -0.262535 0.039081 14.167834 126.0
147 4905.0 -0.103599 0.53057 0.0 0.570038 -0.660421 -12.623322 -0.262535 0.039081 14.167834 126.0
148 4905.0 -0.119518 0.515481 0.0 0.572476 -0.660421 -12.623322 -0.262535 0.039081 14.167834 126.0
149 4905.0 -0.116049 0.518644 0.0 0.572079 -0.660421 -12.623322 -0.262535 0.039081 14.167834 126.0
150 4905.0 -0.102025 0.496647 0.0 0.607677 -0.660421 -12.623322 -0.262535 0.039081 14.167834 126.0
151 4905.0 -0.140822 0.499814 0.0 0.570897 -0.660421 -12.623322 -0.262535 0.039081 14.167834 126.0
152 4905.0 -0.127594 0.492485 0.0 0.590121 -0.660421 -12.623322 -0.262535 0.039081 14.167834 126.0
153 4905.0 -0.127095 0.516392 0.0 0.56498 -0.660421 -12.623322 -0.262535 0.039081 14.167834 126.0
154 4905.0 -0.108953 0.505547 0.0 0.592194 -0.660421 -12.623322 -0.262535 0.039081 14.167834 126.0
155 4905.0 -0.117782 0.511898 0.0 0.577803 -0.660421 -12.623322 -0.262535 0.039081 14.167834 126.0
156 4905.0 -0.090093 0.507269 0.0 0.606585 -0.660421 -12.623322 -0.262535 0.039081 14.167834 126.0
157 4905.0 -0.074667 0.514913 0.0 0.611686 -0.660421 -12.623322 -0.262535 0.039081 14.167834 126.0
158 4905.0 -0.068046 0.493465 0.0 0.640325 -0.660421 -12.623322 -0.262535 0.039081 14.167834 126.0
159 4905.0 -0.079337 0.495515 0.0 0.628415 -0.660421 -12.623322 -0.262535 0.039081 14.167834 126.0
160 4905.0 -0.096737 0.491458 0.0 0.617778 -0.660421 -12.623322 -0.262535 0.039081 14.167834 126.0
161 4905.0 -0.072142 0.504938 0.0 0.624529 -0.660421 -12.623322 -0.262535 0.039081 14.167834 126.0
162 4905.0 -0.066888 0.5017 0.0 0.632513 -0.660421 -12.623322 -0.262535 0.039081 14.167834 126.0
163 4905.0 -0.03127 0.50668 0.0 0.655832 -0.660421 -12.623322 -0.262535 0.039081 14.167834 126.0
164 4905.0 -0.030114 0.519318 0.0 0.643803 -0.660421 -12.623322 -0.262535 0.039081 14.167834 126.0
165 4905.0 -0.030331 0.519549 0.0 0.643425 -0.660421 -12.623322 -0.262535 0.039081 14.167834 126.0
166 4905.0 -0.016236 0.508896 0.0 0.663615 -0.660421 -12.623322 -0.262535 0.039081 14.167834 126.0
167 4905.0 -0.003397 0.524228 0.0 0.656648 -0.660421 -12.623322 -0.262535 0.039081 14.167834 126.0
168 4905.0 -0.013833 0.50622 0.0 0.667928 -0.660421 -12.623322 -0.262535 0.039081 14.167834 126.0
169 4905.0 -0.024572 0.502332 0.0 0.664704 -0.660421 -12.623322 -0.262535 0.039081 14.167834 126.0
170 4905.0 0.001373 0.504523 0.0 0.679787 -0.660421 -12.623322 -0.262535 0.039081 14.167834 126.0
171 4905.0 0.023442 0.506313 0.0 0.692692 -0.660421 -12.623322 -0.262535 0.039081 14.167834 126.0
172 4905.0 0.025365 0.488963 0.0 0.711548 -0.660421 -12.623322 -0.262535 0.039081 14.167834 126.0
173 4905.0 0.025161 0.467161 0.0 0.733495 -0.660421 -12.623322 -0.262535 0.039081 14.167834 126.0
174 4905.0 0.01345 0.472641 0.0 0.720135 -0.660421 -12.623322 -0.262535 0.039081 14.167834 126.0
175 4905.0 0.029251 0.500154 0.0 0.702805 -0.660421 -12.623322 -0.262535 0.039081 14.167834 126.0
176 4905.0 0.042586 0.492638 0.0 0.719311 -0.660421 -12.623322 -0.262535 0.039081 14.167834 126.0
177 4905.0 0.031583 0.476182 0.0 0.728641 -0.660421 -12.623322 -0.262535 0.039081 14.167834 126.0
178 4905.0 0.021881 0.461546 0.0 0.736995 -0.660421 -12.623322 -0.262535 0.039081 14.167834 126.0
179 4905.0 0.032442 0.481302 0.0 0.724027 -0.660421 -12.623322 -0.262535 0.039081 14.167834 126.0
180 4905.0 0.033556 0.519185 0.0 0.686399 -0.660421 -12.623322 -0.262535 0.039081 14.167834 126.0
181 4905.0 0.045472 0.49391 0.0 0.719947 -0.660421 -12.623322 -0.262535 0.039081 14.167834 126.0
182 4905.0 0.066171 0.500588 0.0 0.726987 -0.660421 -12.623322 -0.262535 0.039081 14.167834 126.0
183 4905.0 0.052136 0.484405 0.0 0.734019 -0.660421 -12.623322 -0.262535 0.039081 14.167834 126.0
184 4905.0 0.052525 0.511465 0.0 0.70687 -0.660421 -12.623322 -0.262535 0.039081 14.167834 126.0
185 4905.0 0.051475 0.534999 0.0 0.682332 -0.660421 -12.623322 -0.262535 0.039081 14.167834 126.0
186 4905.0 0.035836 0.529907 0.0 0.67706 -0.660421 -12.623322 -0.262535 0.039081 14.167834 126.0
187 4905.0 0.041643 0.502033 0.0 0.709166 -0.660421 -12.623322 -0.262535 0.039081 14.167834 126.0
188 4905.0 0.038953 0.526868 0.0 0.682217 -0.660421 -12.623322 -0.262535 0.039081 14.167834 126.0
189 4905.0 0.024632 0.529645 0.0 0.669853 -0.660421 -12.623322 -0.262535 0.039081 14.167834 126.0
190 4905.0 0.033954 0.498867 0.0 0.707245 -0.660421 -12.623322 -0.262535 0.039081 14.167834 126.0
191 4905.0 0.037558 0.496039 0.0 0.712513 -0.660421 -12.623322 -0.262535 0.039081 14.167834 126.0
192 4905.0 0.018172 0.485157 0.0 0.710606 -0.660421 -12.623322 -0.262535 0.039081 14.167834 126.0
193 4905.0 0.015797 0.50725 0.0 0.686645 -0.660421 -12.623322 -0.262535 0.039081 14.167834 126.0
194 4905.0 0.021784 0.510119 0.0 0.687732 -0.660421 -12.623322 -0.262535 0.039081 14.167834 126.0
195 4905.0 0.009639 0.52417 0.0 0.6654 -0.660421 -12.623322 -0.262535 0.039081 14.167834 126.0
196 4905.0 -0.001301 0.532437 0.0 0.649731 -0.660421 -12.623322 -0.262535 0.039081 14.167834 126.0
197 4905.0 -0.027746 0.551862 0.0 0.612419 -0.660421 -12.623322 -0.262535 0.039081 14.167834 126.0
198 4905.0 -0.042842 0.519919 0.0 0.633722 -0.660421 -12.623322 -0.262535 0.039081 14.167834 126.0
199 4905.0 -0.009699 0.540215 0.0 0.636252 -0.660421 -12.623322 -0.262535 0.039081 14.167834 126.0
200 4905.0 -0.000148 0.542846 0.0 0.639956 -0.660421 -12.623322 -0.262535 0.039081 14.167834 126.0
201 4905.0 -0.010577 0.511954 0.0 0.664291 -0.660421 -12.623322 -0.262535 0.039081 14.167834 126.0
202 4905.0 -0.00197 0.526842 0.0 0.654951 -0.660421 -12.623322 -0.262535 0.039081 14.167834 126.0
203 4905.0 6.8e-05 0.536879 0.0 0.646144 -0.660421 -12.623322 -0.262535 0.039081 14.167834 126.0
204 4905.0 -0.008714 0.539215 0.0 0.637922 -0.660421 -12.623322 -0.262535 0.039081 14.167834 126.0
205 4905.0 -0.030286 0.518081 0.0 0.644941 -0.660421 -12.623322 -0.262535 0.039081 14.167834 126.0
206 4905.0 -0.026542 0.505009 0.0 0.660679 -0.660421 -12.623322 -0.262535 0.039081 14.167834 126.0
207 4905.0 -0.009751 0.489106 0.0 0.687984 -0.660421 -12.623322 -0.262535 0.039081 14.167834 126.0
208 4905.0 -0.02273 0.466595 0.0 0.70213 -0.660421 -12.623322 -0.262535 0.039081 14.167834 126.0
209 4905.0 -0.032983 0.474372 0.0 0.687415 -0.660421 -12.623322 -0.262535 0.039081 14.167834 126.0
210 4905.0 -0.034764 0.492335 0.0 0.668033 -0.660421 -12.623322 -0.262535 0.039081 14.167834 126.0
211 4905.0 -0.024704 0.507072 0.0 0.659815 -0.660421 -12.623322 -0.262535 0.039081 14.167834 126.0
212 4905.0 -0.009485 0.497717 0.0 0.679439 -0.660421 -12.623322 -0.262535 0.039081 14.167834 126.0
213 4905.0 -0.023386 0.531011 0.0 0.636446 -0.660421 -12.623322 -0.262535 0.039081 14.167834 126.0
214 4905.0 -0.006808 0.518933 0.0 0.659736 -0.660421 -12.623322 -0.262535 0.039081 14.167834 126.0
215 4905.0 -0.017035 0.515739 0.0 0.65615 -0.660421 -12.623322 -0.262535 0.039081 14.167834 126.0
216 4905.0 -0.036714 0.513374 0.0 0.645422 -0.660421 -12.623322 -0.262535 0.039081 14.167834 126.0
217 4905.0 -0.059087 0.525847 0.0 0.613401 -0.660421 -12.623322 -0.262535 0.039081 14.167834 126.0
218 4905.0 -0.038358 0.532786 0.0 0.62382 -0.660421 -12.623322 -0.262535 0.039081 14.167834 126.0
219 4905.0 -0.047871 0.543373 0.0 0.604308 -0.660421 -12.623322 -0.262535 0.039081 14.167834 126.0
220 4905.0 -0.078907 0.549713 0.0 0.570815 -0.660421 -12.623322 -0.262535 0.039081 14.167834 126.0
221 4905.0 -0.095247 0.573754 0.0 0.531037 -0.660421 -12.623322 -0.262535 0.039081 14.167834 126.0
222 4905.0 -0.100356 0.542011 0.0 0.560592 -0.660421 -12.623322 -0.262535 0.039081 14.167834 126.0
223 4905.0 -0.114939 0.528034 0.0 0.56299 -0.660421 -12.623322 -0.262535 0.039081 14.167834 126.0
224 4905.0 -0.110438 0.544857 0.0 0.548871 -0.660421 -12.623322 -0.262535 0.039081 14.167834 126.0
225 4905.0 -0.094163 0.544765 0.0 0.562977 -0.660421 -12.623322 -0.262535 0.039081 14.167834 126.0
226 4905.0 -0.08348 0.540803 0.0 0.576409 -0.660421 -12.623322 -0.262535 0.039081 14.167834 126.0
227 4905.0 -0.080285 0.547172 0.0 0.572346 -0.660421 -12.623322 -0.262535 0.039081 14.167834 126.0
228 4905.0 -0.061677 0.568573 0.0 0.565472 -0.660421 -12.623322 -0.262535 0.039081 14.167834 126.0
229 4905.0 -0.075889 0.574123 0.0 0.547303 -0.660421 -12.623322 -0.262535 0.039081 14.167834 126.0
230 4905.0 -0.106969 0.52802 0.0 0.569865 -0.660421 -12.623322 -0.262535 0.039081 14.167834 126.0
231 4905.0 -0.106604 0.515674 0.0 0.583384 -0.660421 -12.623322 -0.262535 0.039081 14.167834 126.0
232 4905.0 -0.092304 0.550917 0.0 0.557996 -0.660421 -12.623322 -0.262535 0.039081 14.167834 126.0
233 4905.0 -0.090398 0.531996 0.0 0.579874 -0.660421 -12.623322 -0.262535 0.039081 14.167834 126.0
234 4905.0 -0.123929 0.541542 0.0 0.540805 -0.660421 -12.623322 -0.262535 0.039081 14.167834 126.0
235 4905.0 -0.133483 0.52524 0.0 0.550018 -0.660421 -12.623322 -0.262535 0.039081 14.167834 126.0
236 4905.0 -0.119686 0.516723 0.0 0.571002 -0.660421 -12.623322 -0.262535 0.039081 14.167834 126.0
237 4905.0 -0.116517 0.522777 0.0 0.567256 -0.660421 -12.623322 -0.262535 0.039081 14.167834 126.0
238 4905.0 -0.135711 0.540315 0.0 0.531977 -0.660421 -12.623322 -0.262535 0.039081 14.167834 126.0
239 4905.0 -0.149763 0.513975 0.0 0.548056 -0.660421 -12.623322 -0.262535 0.039081 14.167834 126.0
240 4905.0 -0.147125 0.526086 0.0 0.537372 -0.660421 -12.623322 -0.262535 0.039081 14.167834 126.0
241 4905.0 -0.154125 0.505786 0.0 0.55306 -0.660421 -12.623322 -0.262535 0.039081 14.167834 126.0
242 4905.0 -0.170049 0.477801 0.0 0.569287 -0.660421 -12.623322 -0.262535 0.039081 14.167834 126.0
243 4905.0 -0.173465 0.48432 0.0 0.559373 -0.660421 -12.623322 -0.262535 0.039081 14.167834 126.0
244 4905.0 -0.186594 0.50089 0.0 0.530351 -0.660421 -12.623322 -0.262535 0.039081 14.167834 126.0
245 4905.0 -0.181478 0.477394 0.0 0.559885 -0.660421 -12.623322 -0.262535 0.039081 14.167834 126.0
246 4905.0 -0.152063 0.505526 0.0 0.555113 -0.660421 -12.623322 -0.262535 0.039081 14.167834 126.0
247 4905.0 -0.168333 0.498633 0.0 0.548482 -0.660421 -12.623322 -0.262535 0.039081 14.167834 126.0
248 4905.0 -0.175539 0.519495 0.0 0.519966 -0.660421 -12.623322 -0.262535 0.039081 14.167834 126.0
249 4905.0 -0.189004 0.506447 0.0 0.522333 -0.660421 -12.623322 -0.262535 0.039081 14.167834 126.0
250 4905.0 -0.194 0.529191 0.0 0.491217 -0.660421 -12.623322 -0.262535 0.039081 14.167834 126.0
251 4905.0 -0.207124 0.497004 0.0 0.516753 -0.660421 -12.623322 -0.262535 0.039081 14.167834 126.0
252 4905.0 -0.22716 0.475225 0.0 0.522879 -0.660421 -12.623322 -0.262535 0.039081 14.167834 126.0
253 4905.0 -0.224467 0.45509 0.0 0.546741 -0.660421 -12.623322 -0.262535 0.039081 14.167834 126.0
254 4905.0 -0.229092 0.467569 0.0 0.529413 -0.660421 -12.623322 -0.262535 0.039081 14.167834 126.0
255 4905.0 -0.230308 0.465726 0.0 0.530338 -0.660421 -12.623322 -0.262535 0.039081 14.167834 126.0
256 4905.0 -0.233293 0.4383 0.0 0.557103 -0.660421 -12.623322 -0.262535 0.039081 14.167834 126.0
257 4905.0 -0.231574 0.482767 0.0 0.509408 -0.660421 -12.623322 -0.262535 0.039081 14.167834 126.0
258 4905.0 -0.242942 0.498587 0.0 0.479044 -0.660421 -12.623322 -0.262535 0.039081 14.167834 126.0
259 4905.0 -0.252611 0.518521 0.0 0.445437 -0.660421 -12.623322 -0.262535 0.039081 14.167834 126.0
260 4905.0 -0.262592 0.508576 0.0 0.447403 -0.660421 -12.623322 -0.262535 0.039081 14.167834 126.0
261 4905.0 -0.293871 0.512282 0.0 0.411682 -0.660421 -12.623322 -0.262535 0.039081 14.167834 126.0
262 4905.0 -0.319062 0.522602 0.0 0.374104 -0.660421 -12.623322 -0.262535 0.039081 14.167834 126.0
263 4905.0 -0.316253 0.486695 0.0 0.420036 -0.660421 -12.623322 -0.262535 0.039081 14.167834 126.0
264 4905.0 -0.309684 0.489085 0.0 0.423731 -0.660421 -12.623322 -0.262535 0.039081 14.167834 126.0
265 4905.0 -0.311701 0.500048 0.0 0.408549 -0.660421 -12.623322 -0.262535 0.039081 14.167834 126.0
266 4905.0 -0.332568 0.461681 0.0 0.433766 -0.660421 -12.623322 -0.262535 0.039081 14.167834 126.0
267 4905.0 -0.324279 0.455756 0.0 0.449169 -0.660421 -12.623322 -0.262535 0.039081 14.167834 126.0
268 4905.0 -0.321514 0.468367 0.0 0.436787 -0.660421 -12.623322 -0.262535 0.039081 14.167834 126.0
269 4905.0 -0.312892 0.456368 0.0 0.459817 -0.660421 -12.623322 -0.262535 0.039081 14.167834 126.0
270 4905.0 -0.294692 0.458057 0.0 0.475982 -0.660421 -12.623322 -0.262535 0.039081 14.167834 126.0
271 4905.0 -0.269593 0.479134 0.0 0.475762 -0.660421 -12.623322 -0.262535 0.039081 14.167834 126.0
272 4905.0 -0.307783 0.484864 0.0 0.430702 -0.660421 -12.623322 -0.262535 0.039081 14.167834 126.0
273 4905.0 -0.310648 0.502123 0.0 0.40711 -0.660421 -12.623322 -0.262535 0.039081 14.167834 126.0
274 4905.0 -0.308851 0.480939 0.0 0.434348 -0.660421 -12.623322 -0.262535 0.039081 14.167834 126.0
275 4905.0 -0.326031 0.473189 0.0 0.42648 -0.660421 -12.623322 -0.262535 0.039081 14.167834 126.0
276 4905.0 -0.334106 0.464769 0.0 0.42852 -0.660421 -12.623322 -0.262535 0.039081 14.167834 126.0
277 4905.0 -0.320474 0.46754 0.0 0.43882 -0.660421 -12.623322 -0.262535 0.039081 14.167834 126.0
278 4905.0 -0.322671 0.483712 0.0 0.417201 -0.660421 -12.623322 -0.262535 0.039081 14.167834 126.0
279 4905.0 -0.346201 0.487322 0.0 0.389343 -0.660421 -12.623322 -0.262535 0.039081 14.167834 126.0
280 4905.0 -0.353744 0.50003 0.0 0.36654 -0.660421 -12.623322 -0.262535 0.039081 14.167834 126.0
281 4905.0 -0.354904 0.521579 0.0 0.3395 -0.660421 -12.623322 -0.262535 0.039081 14.167834 126.0
282 4905.0 -0.374516 0.520695 0.0 0.320955 -0.660421 -12.623322 -0.262535 0.039081 14.167834 126.0
283 4905.0 -0.393762 0.53194 0.0 0.288211 -0.660421 -12.623322 -0.262535 0.039081 14.167834 126.0
284 4905.0 -0.372319 0.54195 0.0 0.297626 -0.660421 -12.623322 -0.262535 0.039081 14.167834 126.0
285 4905.0 -0.385967 0.566721 0.0 0.254233 -0.660421 -12.623322 -0.262535 0.039081 14.167834 126.0
286 4905.0 -0.398588 0.583204 0.0 0.221819 -0.660421 -12.623322 -0.262535 0.039081 14.167834 126.0
287 4905.0 -0.388335 0.57345 0.0 0.243784 -0.660421 -12.623322 -0.262535 0.039081 14.167834 126.0
