 time p.x p.y p.z deep.node-0 CV opes.bias opes.rct opes.zed opes.neff opes.nker
0 6415.0 0.42333 0.516181 0.0 0.958624 -0.707286 -11.802727 -0.289473 0.038172 14.167834 129.0
1 6415.0 0.434639 0.537619 0.0 0.947629 -0.707286 -11.802727 -0.289473 0.038172 14.167834 129.0
2 6415.0 0.428895 0.539154 0.0 0.941833 -0.707286 -11.802727 -0.289473 0.038172 14.167834 129.0
3 6415.0 0.423515 0.545406 0.0 0.931991 -0.707286 -11.802727 -0.289473 0.038172 14.167834 129.0
4 6415.0 0.402006 0.553174 0.0 0.908431 -0.707286 -11.802727 -0.289473 0.038172 14.167834 129.0
5 6415.0 0.428795 0.53588 0.0 0.944755 -0.707286 -11.802727 -0.289473 0.038172 14.167834 129.0
6 6415.0 0.448076 0.523162 0.0 0.971147 -0.707286 -11.802727 -0.289473 0.038172 14.167834 129.0
7 6415.0 0.488277 0.509217 0.0 1.014657 -0.707286 -11.802727 -0.289473 0.038172 14.167834 129.0
8 6415.0 0.473567 0.516422 0.0 0.99681 -0.707286 -11.802727 -0.289473 0.038172 14.167834 129.0
9 6415.0 0.493844 0.528926 0.0 1.000858 -0.707286 -11.802727 -0.289473 0.038172 14.167834 129.0
10 6415.0 0.50449 0.523976 0.0 1.013531 -0.707286 -11.802727 -0.289473 0.038172 14.167834 129.0
11 6415.0 0.502127 0.521792 0.0 1.013726 -0.707286 -11.802727 -0.289473 0.038172 14.167834 129.0
12 6415.0 0.481718 0.514296 0.0 1.00499 -0.707286 -11.802727 -0.289473 0.038172 14.167834 129.0
13 6415.0 0.499406 0.504423 0.0 1.027558 -0.707286 -11.802727 -0.289473 0.038172 14.167834 129.0
14 6415.0 0.483898 0.506613 0.0 1.013695 -0.707286 -11.802727 -0.289473 0.038172 14.167834 129.0
15 6415.0 0.461385 0.522988 0.0 0.981482 -0.707286 -11.802727 -0.289473 0.038172 14.167834 129.0
16 6415.0 0.436823 0.500906 0.0 0.982933 -0.707286 -11.802727 -0.289473 0.038172 14.167834 129.0
17 6415.0 0.423696 0.505164 0.0 0.968996 -0.707286 -11.802727 -0.289473 0.038172 14.167834 129.0
18 6415.0 0.415802 0.521109 0.0 0.948354 -0.707286 -11.802727 -0.289473 0.038172 14.167834 129.0
19 6415.0 0.410899 0.514317 0.0 0.950828 -0.707286 -11.802727 -0.289473 0.038172 14.167834 129.0
20 6415.0 0.406728 0.507685 0.0 0.953714 -0.707286 -11.802727 -0.289473 0.038172 14.167834 129.0
21 6415.0 0.397875 0.512183 0.0 0.942825 -0.707286 -11.802727 -0.289473 0.038172 14.167834 129.0
22 6415.0 0.401261 0.549163 0.0 0.911535 -0.707286 -11.802727 -0.289473 0.038172 14.167834 129.0
23 6415.0 0.406245 0.559273 0.0 0.906084 -0.707286 -11.802727 -0.289473 0.038172 14.167834 129.0
24 6415.0 0.360413 0.566452 0.0 0.864467 -0.707286 -11.802727 -0.289473 0.038172 14.167834 129.0
25 6415.0 0.341158 0.5451 0.0 0.869307 -0.707286 -11.802727 -0.289473 0.038172 14.167834 129.0
26 6415.0 0.348322 0.555294 0.0 0.865445 -0.707286 -11.802727 -0.289473 0.038172 14.167834 129.0
27 6415.0 0.334396 0.562694 0.0 0.848019 -0.707286 -11.802727 -0.289473 0.038172 14.167834 129.0
28 6415.0 0.31505 0.556638 0.0 0.839552 -0.707286 -11.802727 -0.289473 0.038172 14.167834 129.0
29 6415.0 0.307966 0.538502 0.0 0.852302 -0.707286 -11.802727 -0.289473 0.038172 14.167834 129.0
30 6415.0 0.300197 0.507274 0.0 0.877379 -0.707286 -11.802727 -0.289473 0.038172 14.167834 129.0
31 6415.0 0.326081 0.527021 0.0 0.876296 -0.707286 -11.802727 -0.289473 0.038172 14.167834 129.0
32 6415.0 0.343462 0.522646 0.0 0.89282 -0.707286 -11.802727 -0.289473 0.038172 14.167834 129.0
33 6415.0 0.320975 0.515765 0.0 0.88371 -0.707286 -11.802727 -0.289473 0.038172 14.167834 129.0
34 6415.0 0.299328 0.533394 0.0 0.851215 -0.707286 -11.802727 -0.289473 0.038172 14.167834 129.0
35 6415.0 0.314934 0.549971 0.0 0.845992 -0.707286 -11.802727 -0.289473 0.038172 14.167834 129.0
36 6415.0 0.333204 0.55202 0.0 0.856887 -0.707286 -11.802727 -0.289473 0.038172 14.167834 129.0
37 6415.0 0.337531 0.556303 0.0 0.856272 -0.707286 -11.802727 -0.289473 0.038172 14.167834 129.0
38 6415.0 0.307733 0.54995 0.0 0.840939 -0.707286 -11.802727 -0.289473 0.038172 14.167834 129.0
39 6415.0 0.302306 0.520433 0.0 0.865991 -0.707286 -11.802727 -0.289473 0.038172 14.167834 129.0
40 6415.0 0.283506 0.506373 0.0 0.866502 -0.707286 -11.802727 -0.289473 0.038172 14.167834 129.0
41 6415.0 0.27688 0.518506 0.0 0.849966 -0.707286 -11.802727 -0.289473 0.038172 14.167834 129.0
42 6415.0 0.259167 0.535348 0.0 0.821011 -0.707286 -11.802727 -0.289473 0.038172 14.167834 129.0
43 6415.0 0.258098 0.526932 0.0 0.828491 -0.707286 -11.802727 -0.289473 0.038172 14.167834 129.0
44 6415.0 0.258247 0.504276 0.0 0.851348 -0.707286 -11.802727 -0.289473 0.038172 14.167834 129.0
45 6415.0 0.237567 0.492554 0.0 0.84943 -0.707286 -11.802727 -0.289473 0.038172 14.167834 129.0
46 6415.0 0.246597 0.541241 0.0 0.806391 -0.707286 -11.802727 -0.289473 0.038172 14.167834 129.0
47 6415.0 0.24912 0.512677 0.0 0.836752 -0.707286 -11.802727 -0.289473 0.038172 14.167834 129.0
48 6415.0 0.227033 0.512762 0.0 0.821936 -0.707286 -11.802727 -0.289473 0.038172 14.167834 129.0
49 6415.0 0.211551 0.515217 0.0 0.809124 -0.707286 -11.802727 -0.289473 0.038172 14.167834 129.0
50 6415.0 0.195853 0.512461 0.0 0.801447 -0.707286 -11.802727 -0.289473 0.038172 14.167834 129.0
51 6415.0 0.196355 0.519924 0.0 0.794222 -0.707286 -11.802727 -0.289473 0.038172 14.167834 129.0
52 6415.0 0.191415 0.54492 0.0 0.765609 -0.707286 -11.802727 -0.289473 0.038172 14.167834 129.0
53 6415.0 0.178036 0.552624 0.0 0.748884 -0.707286 -11.802727 -0.289473 0.038172 14.167834 129.0
54 6415.0 0.193185 0.546743 0.0 0.764944 -0.707286 -11.802727 -0.289473 0.038172 14.167834 129.0
55 6415.0 0.218337 0.519496 0.0 0.809315 -0.707286 -11.802727 -0.289473 0.038172 14.167834 129.0
56 6415.0 0.197345 0.564856 0.0 0.749371 -0.707286 -11.802727 -0.289473 0.038172 14.167834 129.0
57 6415.0 0.196967 0.551973 0.0 0.762169 -0.707286 -11.802727 -0.289473 0.038172 14.167834 129.0
58 6415.0 0.211456 0.531405 0.0 0.792664 -0.707286 -11.802727 -0.289473 0.038172 14.167834 129.0
59 6415.0 0.202716 0.519916 0.0 0.798472 -0.707286 -11.802727 -0.289473 0.038172 14.167834 129.0
60 6415.0 0.158492 0.489684 0.0 0.7996 -0.707286 -11.802727 -0.289473 0.038172 14.167834 129.0
61 6415.0 0.141401 0.486567 0.0 0.79136 -0.707286 -11.802727 -0.289473 0.038172 14.167834 129.0
62 6415.0 0.102657 0.479015 0.0 0.773171 -0.707286 -11.802727 -0.289473 0.038172 14.167834 129.0
63 6415.0 0.12008 0.507697 0.0 0.755739 -0.707286 -11.802727 -0.289473 0.038172 14.167834 129.0
64 6415.0 0.113143 0.522843 0.0 0.735771 -0.707286 -11.802727 -0.289473 0.038172 14.167834 129.0
65 6415.0 0.09099 0.519166 0.0 0.724722 -0.707286 -11.802727 -0.289473 0.038172 14.167834 129.0
66 6415.0 0.070174 0.515873 0.0 0.714175 -0.707286 -11.802727 -0.289473 0.038172 14.167834 129.0
67 6415.0 0.068612 0.504847 0.0 0.724302 -0.707286 -11.802727 -0.289473 0.038172 14.167834 129.0
68 6415.0 0.092161 0.458193 0.0 0.787261 -0.707286 -11.802727 -0.289473 0.038172 14.167834 129.0
69 6415.0 0.082208 0.432414 0.0 0.806735 -0.707286 -11.802727 -0.289473 0.038172 14.167834 129.0
70 6415.0 0.087629 0.450225 0.0 0.792309 -0.707286 -11.802727 -0.289473 0.038172 14.167834 129.0
71 6415.0 0.078793 0.485583 0.0 0.750603 -0.707286 -11.802727 -0.289473 0.038172 14.167834 129.0
72 6415.0 0.078884 0.508282 0.0 0.727672 -0.707286 -11.802727 -0.289473 0.038172 14.167834 129.0
73 6415.0 0.089438 0.52409 0.0 0.718699 -0.707286 -11.802727 -0.289473 0.038172 14.167834 129.0
74 6415.0 0.087403 0.540328 0.0 0.700894 -0.707286 -11.802727 -0.289473 0.038172 14.167834 129.0
75 6415.0 0.084832 0.545381 0.0 0.694062 -0.707286 -11.802727 -0.289473 0.038172 14.167834 129.0
76 6415.0 0.080918 0.520813 0.0 0.716337 -0.707286 -11.802727 -0.289473 0.038172 14.167834 129.0
77 6415.0 0.078478 0.494121 0.0 0.741746 -0.707286 -11.802727 -0.289473 0.038172 14.167834 129.0
78 6415.0 0.079412 0.514615 0.0 0.72161 -0.707286 -11.802727 -0.289473 0.038172 14.167834 129.0
79 6415.0 0.075328 0.507426 0.0 0.726169 -0.707286 -11.802727 -0.289473 0.038172 14.167834 129.0
80 6415.0 0.082713 0.502355 0.0 0.736229 -0.707286 -11.802727 -0.289473 0.038172 14.167834 129.0
81 6415.0 0.092856 0.507799 0.0 0.737479 -0.707286 -11.802727 -0.289473 0.038172 14.167834 129.0
82 6415.0 0.079698 0.516716 0.0 0.719673 -0.707286 -11.802727 -0.289473 0.038172 14.167834 129.0
83 6415.0 0.084613 0.53325 0.0 0.706204 -0.707286 -11.802727 -0.289473 0.038172 14.167834 129.0
84 6415.0 0.091153 0.5153 0.0 0.728746 -0.707286 -11.802727 -0.289473 0.038172 14.167834 129.0
85 6415.0 0.11263 0.524671 0.0 0.733577 -0.707286 -11.802727 -0.289473 0.038172 14.167834 129.0
86 6415.0 0.107222 0.534246 0.0 0.720273 -0.707286 -11.802727 -0.289473 0.038172 14.167834 129.0
87 6415.0 0.104298 0.508091 0.0 0.744814 -0.707286 -11.802727 -0.289473 0.038172 14.167834 129.0
88 6415.0 0.110843 0.504253 0.0 0.753067 -0.707286 -11.802727 -0.289473 0.038172 14.167834 129.0
89 6415.0 0.096111 0.485613 0.0 0.762122 -0.707286 -11.802727 -0.289473 0.038172 14.167834 129.0
90 6415.0 0.090014 0.500275 0.0 0.743205 -0.707286 -11.802727 -0.289473 0.038172 14.167834 129.0
91 6415.0 0.082419 0.524115 0.0 0.713992 -0.707286 -11.802727 -0.289473 0.038172 14.167834 129.0
92 6415.0 0.063887 0.502085 0.0 0.723948 -0.707286 -11.802727 -0.289473 0.038172 14.167834 129.0
93 6415.0 0.073668 0.495938 0.0 0.736697 -0.707286 -11.802727 -0.289473 0.038172 14.167834 129.0
94 6415.0 0.046319 0.513798 0.0 0.700368 -0.707286 -11.802727 -0.289473 0.038172 14.167834 129.0
95 6415.0 0.061731 0.510549 0.0 0.713936 -0.707286 -11.802727 -0.289473 0.038172 14.167834 129.0
96 6415.0 0.04753 0.523073 0.0 0.69178 -0.707286 -11.802727 -0.289473 0.038172 14.167834 129.0
97 6415.0 0.053895 0.543806 0.0 0.675025 -0.707286 -11.802727 -0.289473 0.038172 14.167834 129.0
98 6415.0 0.03568 0.539866 0.0 0.666869 -0.707286 -11.802727 -0.289473 0.038172 14.167834 129.0
99 6415.0 0.042756 0.517217 0.0 0.694528 -0.707286 -11.802727 -0.289473 0.038172 14.167834 129.0
100 6415.0 0.032988 0.50876 0.0 0.69658 -0.707286 -11.802727 -0.289473 0.038172 14.167834 129.0
101 6415.0 0.022539 0.516561 0.0 0.68171 -0.707286 -11.802727 -0.289473 0.038172 14.167834 129.0
102 6415.0 0.001918 0.522715 0.0 0.661725 -0.707286 -11.802727 -0.289473 0.038172 14.167834 129.0
103 6415.0 0.008371 0.542622 0.0 0.645865 -0.707286 -11.802727 -0.289473 0.038172 14.167834 129.0
104 6415.0 -0.014972 0.513917 0.0 0.659373 -0.707286 -11.802727 -0.289473 0.038172 14.167834 129.0
105 6415.0 -0.019872 0.503671 0.0 0.666482 -0.707286 -11.802727 -0.289473 0.038172 14.167834 129.0
106 6415.0 -0.030867 0.494807 0.0 0.668127 -0.707286 -11.802727 -0.289473 0.038172 14.167834 129.0
107 6415.0 -0.023911 0.488349 0.0 0.679307 -0.707286 -11.802727 -0.289473 0.038172 14.167834 129.0
108 6415.0 -0.033346 0.499866 0.0 0.661351 -0.707286 -11.802727 -0.289473 0.038172 14.167834 129.0
109 6415.0 -0.053542 0.507985 0.0 0.637277 -0.707286 -11.802727 -0.289473 0.038172 14.167834 129.0
110 6415.0 -0.052711 0.525104 0.0 0.619683 -0.707286 -11.802727 -0.289473 0.038172 14.167834 129.0
111 6415.0 -0.034384 0.523882 0.0 0.636332 -0.707286 -11.802727 -0.289473 0.038172 14.167834 129.0
112 6415.0 -0.03216 0.521881 0.0 0.639843 -0.707286 -11.802727 -0.289473 0.038172 14.167834 129.0
113 6415.0 -0.068129 0.505895 0.0 0.626959 -0.707286 -11.802727 -0.289473 0.038172 14.167834 129.0
114 6415.0 -0.05698 0.507541 0.0 0.634793 -0.707286 -11.802727 -0.289473 0.038172 14.167834 129.0
115 6415.0 -0.044155 0.489754 0.0 0.664385 -0.707286 -11.802727 -0.289473 0.038172 14.167834 129.0
116 6415.0 -0.022631 0.502502 0.0 0.665826 -0.707286 -11.802727 -0.289473 0.038172 14.167834 129.0
117 6415.0 -0.039267 0.514901 0.0 0.642167 -0.707286 -11.802727 -0.289473 0.038172 14.167834 129.0
118 6415.0 -0.06717 0.526304 0.0 0.605954 -0.707286 -11.802727 -0.289473 0.038172 14.167834 129.0
119 6415.0 -0.070951 0.524936 0.0 0.604163 -0.707286 -11.802727 -0.289473 0.038172 14.167834 129.0
120 6415.0 -0.099131 0.538474 0.0 0.56543 -0.707286 -11.802727 -0.289473 0.038172 14.167834 129.0
121 6415.0 -0.116912 0.530934 0.0 0.558191 -0.707286 -11.802727 -0.289473 0.038172 14.167834 129.0
122 6415.0 -0.137574 0.529959 0.0 0.54145 -0.707286 -11.802727 -0.289473 0.038172 14.167834 129.0
123 6415.0 -0.13029 0.536842 0.0 0.540357 -0.707286 -11.802727 -0.289473 0.038172 14.167834 129.0
124 6415.0 -0.125736 0.551221 0.0 0.528897 -0.707286 -11.802727 -0.289473 0.038172 14.167834 129.0
125 6415.0 -0.079929 0.548058 0.0 0.571706 -0.707286 -11.802727 -0.289473 0.038172 14.167834 129.0
126 6415.0 -0.086575 0.531055 0.0 0.584172 -0.707286 -11.802727 -0.289473 0.038172 14.167834 129.0
127 6415.0 -0.077901 0.497766 0.0 0.627243 -0.707286 -11.802727 -0.289473 0.038172 14.167834 129.0
128 6415.0 -0.067265 0.489697 0.0 0.645027 -0.707286 -11.802727 -0.289473 0.038172 14.167834 129.0
129 6415.0 -0.053602 0.488265 0.0 0.658319 -0.707286 -11.802727 -0.289473 0.038172 14.167834 129.0
130 6415.0 -0.052026 0.477298 0.0 0.671405 -0.707286 -11.802727 -0.289473 0.038172 14.167834 129.0
131 6415.0 -0.062267 0.502723 0.0 0.635396 -0.707286 -11.802727 -0.289473 0.038172 14.167834 129.0
132 6415.0 -0.055386 0.503438 0.0 0.640554 -0.707286 -11.802727 -0.289473 0.038172 14.167834 129.0
133 6415.0 -0.066582 0.497817 0.0 0.636931 -0.707286 -11.802727 -0.289473 0.038172 14.167834 129.0
134 6415.0 -0.064722 0.526701 0.0 0.607637 -0.707286 -11.802727 -0.289473 0.038172 14.167834 129.0
135 6415.0 -0.063091 0.502593 0.0 0.634827 -0.707286 -11.802727 -0.289473 0.038172 14.167834 129.0
136 6415.0 -0.100335 0.520907 0.0 0.583182 -0.707286 -11.802727 -0.289473 0.038172 14.167834 129.0
137 6415.0 -0.099119 0.512606 0.0 0.593108 -0.707286 -11.802727 -0.289473 0.038172 14.167834 129.0
138 6415.0 -0.108838 0.501088 0.0 0.597062 -0.707286 -11.802727 -0.289473 0.038172 14.167834 129.0
139 6415.0 -0.122637 0.483042 0.0 0.604488 -0.707286 -11.802727 -0.289473 0.038172 14.167834 129.0
140 6415.0 -0.111174 0.503047 0.0 0.592956 -0.707286 -11.802727 -0.289473 0.038172 14.167834 129.0
141 6415.0 -0.102211 0.502598 0.0 0.601151 -0.707286 -11.802727 -0.289473 0.038172 14.167834 129.0
142 6415.0 -0.092088 0.512462 0.0 0.599313 -0.707286 -11.802727 -0.289473 0.038172 14.167834 129.0
143 6415.0 -0.093935 0.495847 0.0 0.615495 -0.707286 -11.802727 -0.289473 0.038172 14.167834 129.0
144 6415.0 -0.088415 0.491314 0.0 0.625094 -0.707286 -11.802727 -0.289473 0.038172 14.167834 129.0
145 6415.0 -0.06684 0.502901 0.0 0.63127 -0.707286 -11.802727 -0.289473 0.038172 14.167834 129.0
146 6415.0 -0.074426 0.507547 0.0 0.619771 -0.707286 -11.802727 -0.289473 0.038172 14.167834 129.0
147 6415.0 -0.058939 0.508542 0.0 0.632037 -0.707286 -11.802727 -0.289473 0.038172 14.167834 129.0
148 6415.0 -0.070479 0.493411 0.0 0.638288 -0.707286 -11.802727 -0.289473 0.038172 14.167834 129.0
149 6415.0 -0.065513 0.482422 0.0 0.654317 -0.707286 -11.802727 -0.289473 0.038172 14.167834 129.0
150 6415.0 -0.086858 0.457414 0.0 0.662693 -0.707286 -11.802727 -0.289473 0.038172 14.167834 129.0
151 6415.0 -0.079569 0.455966 0.0 0.670515 -0.707286 -11.802727 -0.289473 0.038172 14.167834 129.0
152 6415.0 -0.065195 0.477189 0.0 0.660187 -0.707286 -11.802727 -0.289473 0.038172 14.167834 129.0
153 6415.0 -0.099206 0.504716 0.0 0.601472 -0.707286 -11.802727 -0.289473 0.038172 14.167834 129.0
154 6415.0 -0.076387 0.516827 0.0 0.608158 -0.707286 -11.802727 -0.289473 0.038172 14.167834 129.0
155 6415.0 -0.086478 0.529612 0.0 0.585799 -0.707286 -11.802727 -0.289473 0.038172 14.167834 129.0
156 6415.0 -0.110843 0.541458 0.0 0.552158 -0.707286 -11.802727 -0.289473 0.038172 14.167834 129.0
157 6415.0 -0.110553 0.528914 0.0 0.565824 -0.707286 -11.802727 -0.289473 0.038172 14.167834 129.0
158 6415.0 -0.126444 0.543538 0.0 0.536506 -0.707286 -11.802727 -0.289473 0.038172 14.167834 129.0
159 6415.0 -0.112231 0.533704 0.0 0.559257 -0.707286 -11.802727 -0.289473 0.038172 14.167834 129.0
160 6415.0 -0.107187 0.505891 0.0 0.593346 -0.707286 -11.802727 -0.289473 0.038172 14.167834 129.0
161 6415.0 -0.112013 0.512726 0.0 0.581882 -0.707286 -11.802727 -0.289473 0.038172 14.167834 129.0
162 6415.0 -0.090078 0.478505 0.0 0.637363 -0.707286 -11.802727 -0.289473 0.038172 14.167834 129.0
163 6415.0 -0.058098 0.472954 0.0 0.670825 -0.707286 -11.802727 -0.289473 0.038172 14.167834 129.0
164 6415.0 -0.070728 0.502334 0.0 0.628531 -0.707286 -11.802727 -0.289473 0.038172 14.167834 129.0
165 6415.0 -0.073433 0.490288 0.0 0.639087 -0.707286 -11.802727 -0.289473 0.038172 14.167834 129.0
166 6415.0 -0.07872 0.481489 0.0 0.643947 -0.707286 -11.802727 -0.289473 0.038172 14.167834 129.0
167 6415.0 -0.089933 0.504066 0.0 0.610149 -0.707286 -11.802727 -0.289473 0.038172 14.167834 129.0
168 6415.0 -0.09372 0.499145 0.0 0.612152 -0.707286 -11.802727 -0.289473 0.038172 14.167834 129.0
169 6415.0 -0.083023 0.496755 0.0 0.623915 -0.707286 -11.802727 -0.289473 0.038172 14.167834 129.0
170 6415.0 -0.107422 0.492384 0.0 0.607591 -0.707286 -11.802727 -0.289473 0.038172 14.167834 129.0
171 6415.0 -0.109983 0.511637 0.0 0.584795 -0.707286 -11.802727 -0.289473 0.038172 14.167834 129.0
172 6415.0 -0.107413 0.504801 0.0 0.594317 -0.707286 -11.802727 -0.289473 0.038172 14.167834 129.0
173 6415.0 -0.112916 0.491459 0.0 0.603852 -0.707286 -11.802727 -0.289473 0.038172 14.167834 129.0
174 6415.0 -0.112205 0.486083 0.0 0.610213 -0.707286 -11.802727 -0.289473 0.038172 14.167834 129.0
175 6415.0 -0.124722 0.484382 0.0 0.60126 -0.707286 -11.802727 -0.289473 0.038172 14.167834 129.0
176 6415.0 -0.102225 0.517511 0.0 0.585188 -0.707286 -11.802727 -0.289473 0.038172 14.167834 129.0
177 6415.0 -0.068121 0.543377 0.0 0.586875 -0.707286 -11.802727 -0.289473 0.038172 14.167834 129.0
178 6415.0 -0.092628 0.53113 0.0 0.578882 -0.707286 -11.802727 -0.289473 0.038172 14.167834 129.0
179 6415.0 -0.08995 0.543945 0.0 0.56748 -0.707286 -11.802727 -0.289473 0.038172 14.167834 129.0
180 6415.0 -0.087306 0.540908 0.0 0.573003 -0.707286 -11.802727 -0.289473 0.038172 14.167834 129.0
181 6415.0 -0.10414 0.530042 0.0 0.570137 -0.707286 -11.802727 -0.289473 0.038172 14.167834 129.0
182 6415.0 -0.064915 0.534001 0.0 0.599664 -0.707286 -11.802727 -0.289473 0.038172 14.167834 129.0
183 6415.0 -0.065102 0.53784 0.0 0.595396 -0.707286 -11.802727 -0.289473 0.038172 14.167834 129.0
184 6415.0 -0.053073 0.537285 0.0 0.606342 -0.707286 -11.802727 -0.289473 0.038172 14.167834 129.0
185 6415.0 -0.040138 0.555294 0.0 0.598214 -0.707286 -11.802727 -0.289473 0.038172 14.167834 129.0
186 6415.0 -0.048583 0.543682 0.0 0.603364 -0.707286 -11.802727 -0.289473 0.038172 14.167834 129.0
187 6415.0 -0.055345 0.540314 0.0 0.601147 -0.707286 -11.802727 -0.289473 0.038172 14.167834 129.0
188 6415.0 -0.08081 0.527987 0.0 0.592415 -0.707286 -11.802727 -0.289473 0.038172 14.167834 129.0
189 6415.0 -0.056901 0.52016 0.0 0.621365 -0.707286 -11.802727 -0.289473 0.038172 14.167834 129.0
190 6415.0 -0.074023 0.530492 0.0 0.595577 -0.707286 -11.802727 -0.289473 0.038172 14.167834 129.0
191 6415.0 -0.079253 0.513702 0.0 0.609034 -0.707286 -11.802727 -0.289473 0.038172 14.167834 129.0
192 6415.0 -0.070218 0.495632 0.0 0.636137 -0.707286 -11.802727 -0.289473 0.038172 14.167834 129.0
193 6415.0 -0.069639 0.493607 0.0 0.638802 -0.707286 -11.802727 -0.289473 0.038172 14.167834 129.0
194 6415.0 -0.076208 0.509174 0.0 0.616498 -0.707286 -11.802727 -0.289473 0.038172 14.167834 129.0
195 6415.0 -0.071131 0.501815 0.0 0.628739 -0.707286 -11.802727 -0.289473 0.038172 14.167834 129.0
196 6415.0 -0.076587 0.487809 0.0 0.639024 -0.707286 -11.802727 -0.289473 0.038172 14.167834 129.0
197 6415.0 -0.094495 0.492842 0.0 0.618227 -0.707286 -11.802727 -0.289473 0.038172 14.167834 129.0
198 6415.0 -0.108004 0.510602 0.0 0.587604 -0.707286 -11.802727 -0.289473 0.038172 14.167834 129.0
199 6415.0 -0.096067 0.502926 0.0 0.606089 -0.707286 -11.802727 -0.289473 0.038172 14.167834 129.0
200 6415.0 -0.099978 0.505757 0.0 0.599694 -0.707286 -11.802727 -0.289473 0.038172 14.167834 129.0
201 6415.0 -0.107791 0.519409 0.0 0.578368 -0.707286 -11.802727 -0.289473 0.038172 14.167834 129.0
202 6415.0 -0.0975 0.518904 0.0 0.587766 -0.707286 -11.802727 -0.289473 0.038172 14.167834 129.0
203 6415.0 -0.106924 0.535405 0.0 0.562005 -0.707286 -11.802727 -0.289473 0.038172 14.167834 129.0
204 6415.0 -0.096434 0.541129 0.0 0.564911 -0.707286 -11.802727 -0.289473 0.038172 14.167834 129.0
205 6415.0 -0.055886 0.521616 0.0 0.620681 -0.707286 -11.802727 -0.289473 0.038172 14.167834 129.0
206 6415.0 -0.0546 0.514149 0.0 0.629774 -0.707286 -11.802727 -0.289473 0.038172 14.167834 129.0
207 6415.0 -0.052224 0.513173 0.0 0.632863 -0.707286 -11.802727 -0.289473 0.038172 14.167834 129.0
208 6415.0 -0.053724 0.519679 0.0 0.624613 -0.707286 -11.802727 -0.289473 0.038172 14.167834 129.0
209 6415.0 -0.063427 0.491113 0.0 0.646817 -0.707286 -11.802727 -0.289473 0.038172 14.167834 129.0
210 6415.0 -0.072483 0.535961 0.0 0.591052 -0.707286 -11.802727 -0.289473 0.038172 14.167834 129.0
211 6415.0 -0.057971 0.510615 0.0 0.630653 -0.707286 -11.802727 -0.289473 0.038172 14.167834 129.0
212 6415.0 -0.046861 0.514121 0.0 0.636465 -0.707286 -11.802727 -0.289473 0.038172 14.167834 129.0
213 6415.0 -0.064813 0.513029 0.0 0.622182 -0.707286 -11.802727 -0.289473 0.038172 14.167834 129.0
214 6415.0 -0.075135 0.513811 0.0 0.612462 -0.707286 -11.802727 -0.289473 0.038172 14.167834 129.0
215 6415.0 -0.072188 0.515032 0.0 0.613692 -0.707286 -11.802727 -0.289473 0.038172 14.167834 129.0
216 6415.0 -0.078104 0.499249 0.0 0.625481 -0.707286 -11.802727 -0.289473 0.038172 14.167834 129.0
217 6415.0 -0.085841 0.511046 0.0 0.606205 -0.707286 -11.802727 -0.289473 0.038172 14.167834 129.0
218 6415.0 -0.050739 0.512387 0.0 0.634982 -0.707286 -11.802727 -0.289473 0.038172 14.167834 129.0
219 6415.0 -0.037078 0.531822 0.0 0.625953 -0.707286 -11.802727 -0.289473 0.038172 14.167834 129.0
220 6415.0 -0.029628 0.559113 0.0 0.603174 -0.707286 -11.802727 -0.289473 0.038172 14.167834 129.0
221 6415.0 -0.023329 0.56591 0.0 0.601137 -0.707286 -11.802727 -0.289473 0.038172 14.167834 129.0
222 6415.0 -0.015878 0.523399 0.0 0.649164 -0.707286 -11.802727 -0.289473 0.038172 14.167834 129.0
223 6415.0 -0.017471 0.511986 0.0 0.659662 -0.707286 -11.802727 -0.289473 0.038172 14.167834 129.0
224 6415.0 -0.03873 0.497718 0.0 0.659935 -0.707286 -11.802727 -0.289473 0.038172 14.167834 129.0
225 6415.0 -0.047564 0.511142 0.0 0.639046 -0.707286 -11.802727 -0.289473 0.038172 14.167834 129.0
226 6415.0 -0.075775 0.524269 0.0 0.600725 -0.707286 -11.802727 -0.289473 0.038172 14.167834 129.0
227 6415.0 -0.071666 0.52703 0.0 0.601309 -0.707286 -11.802727 -0.289473 0.038172 14.167834 129.0
228 6415.0 -0.064895 0.525555 0.0 0.608713 -0.707286 -11.802727 -0.289473 0.038172 14.167834 129.0
229 6415.0 -0.079231 0.518922 0.0 0.603469 -0.707286 -11.802727 -0.289473 0.038172 14.167834 129.0
230 6415.0 -0.079912 0.517487 0.0 0.604419 -0.707286 -11.802727 -0.289473 0.038172 14.167834 129.0
231 6415.0 -0.084094 0.500859 0.0 0.618605 -0.707286 -11.802727 -0.289473 0.038172 14.167834 129.0
232 6415.0 -0.084744 0.53432 0.0 0.582255 -0.707286 -11.802727 -0.289473 0.038172 14.167834 129.0
233 6415.0 -0.07653 0.535876 0.0 0.58766 -0.707286 -11.802727 -0.289473 0.038172 14.167834 129.0
234 6415.0 -0.054524 0.544074 0.0 0.597832 -0.707286 -11.802727 -0.289473 0.038172 14.167834 129.0
235 6415.0 -0.055852 0.552674 0.0 0.587492 -0.707286 -11.802727 -0.289473 0.038172 14.167834 129.0
236 6415.0 -0.059628 0.519762 0.0 0.619443 -0.707286 -11.802727 -0.289473 0.038172 14.167834 129.0
237 6415.0 -0.088688 0.498984 0.0 0.616656 -0.707286 -11.802727 -0.289473 0.038172 14.167834 129.0
238 6415.0 -0.097108 0.530287 0.0 0.575927 -0.707286 -11.802727 -0.289473 0.038172 14.167834 129.0
239 6415.0 -0.091919 0.530635 0.0 0.580021 -0.707286 -11.802727 -0.289473 0.038172 14.167834 129.0
240 6415.0 -0.082508 0.51419 0.0 0.60571 -0.707286 -11.802727 -0.289473 0.038172 14.167834 129.0
241 6415.0 -0.102322 0.522181 0.0 0.580109 -0.707286 -11.802727 -0.289473 0.038172 14.167834 129.0
242 6415.0 -0.07702 0.543109 0.0 0.579503 -0.707286 -11.802727 -0.289473 0.038172 14.167834 129.0
243 6415.0 -0.079572 0.510981 0.0 0.61167 -0.707286 -11.802727 -0.289473 0.038172 14.167834 129.0
244 6415.0 -0.08945 0.498599 0.0 0.616412 -0.707286 -11.802727 -0.289473 0.038172 14.167834 129.0
245 6415.0 -0.117319 0.536387 0.0 0.552007 -0.707286 -11.802727 -0.289473 0.038172 14.167834 129.0
246 6415.0 -0.114795 0.533252 0.0 0.557534 -0.707286 -11.802727 -0.289473 0.038172 14.167834 129.0
247 6415.0 -0.136186 0.544524 0.0 0.527066 -0.707286 -11.802727 -0.289473 0.038172 14.167834 129.0
248 6415.0 -0.148078 0.541766 0.0 0.519781 -0.707286 -11.802727 -0.289473 0.038172 14.167834 129.0
249 6415.0 -0.179448 0.534248 0.0 0.499692 -0.707286 -11.802727 -0.289473 0.038172 14.167834 129.0
250 6415.0 -0.191331 0.541443 0.0 0.479172 -0.707286 -11.802727 -0.289473 0.038172 14.167834 129.0
251 6415.0 -0.186505 0.511411 0.0 0.519175 -0.707286 -11.802727 -0.289473 0.038172 14.167834 129.0
252 6415.0 -0.194911 0.491619 0.0 0.533108 -0.707286 -11.802727 -0.289473 0.038172 14.167834 129.0
253 6415.0 -0.205476 0.504232 0.0 0.509719 -0.707286 -11.802727 -0.289473 0.038172 14.167834 129.0
254 6415.0 -0.189938 0.485084 0.0 0.544379 -0.707286 -11.802727 -0.289473 0.038172 14.167834 129.0
255 6415.0 -0.188152 0.487518 0.0 0.543312 -0.707286 -11.802727 -0.289473 0.038172 14.167834 129.0
256 6415.0 -0.169479 0.469043 0.0 0.579144 -0.707286 -11.802727 -0.289473 0.038172 14.167834 129.0
257 6415.0 -0.176337 0.488392 0.0 0.552546 -0.707286 -11.802727 -0.289473 0.038172 14.167834 129.0
258 6415.0 -0.147192 0.472775 0.0 0.594334 -0.707286 -11.802727 -0.289473 0.038172 14.167834 129.0
259 6415.0 -0.148754 0.466871 0.0 0.599306 -0.707286 -11.802727 -0.289473 0.038172 14.167834 129.0
260 6415.0 -0.153804 0.491682 0.0 0.568421 -0.707286 -11.802727 -0.289473 0.038172 14.167834 129.0
261 6415.0 -0.16254 0.508856 0.0 0.542534 -0.707286 -11.802727 -0.289473 0.038172 14.167834 129.0
262 6415.0 -0.151514 0.53215 0.0 0.527109 -0.707286 -11.802727 -0.289473 0.038172 14.167834 129.0
263 6415.0 -0.146025 0.535074 0.0 0.528705 -0.707286 -11.802727 -0.289473 0.038172 14.167834 129.0
264 6415.0 -0.174314 0.558868 0.0 0.475257 -0.707286 -11.802727 -0.289473 0.038172 14.167834 129.0
265 6415.0 -0.203378 0.559292 0.0 0.445692 -0.707286 -11.802727 -0.289473 0.038172 14.167834 129.0
266 6415.0 -0.233336 0.569035 0.0 0.404042 -0.707286 -11.802727 -0.289473 0.038172 14.167834 129.0
267 6415.0 -0.243336 0.558781 0.0 0.406359 -0.707286 -11.802727 -0.289473 0.038172 14.167834 129.0
268 6415.0 -0.249962 0.547148 0.0 0.413705 -0.707286 -11.802727 -0.289473 0.038172 14.167834 129.0
269 6415.0 -0.259317 0.537664 0.0 0.415743 -0.707286 -11.802727 -0.289473 0.038172 14.167834 129.0
270 6415.0 -0.277941 0.549076 0.0 0.38342 -0.707286 -11.802727 -0.289473 0.038172 14.167834 129.0
271 6415.0 -0.268016 0.569797 0.0 0.368456 -0.707286 -11.802727 -0.289473 0.038172 14.167834 129.0
272 6415.0 -0.296686 0.542173 0.0 0.37297 -0.707286 -11.802727 -0.289473 0.038172 14.167834 129.0
273 6415.0 -0.268436 0.537334 0.0 0.407023 -0.707286 -11.802727 -0.289473 0.038172 14.167834 129.0
274 6415.0 -0.2966 0.521528 0.0 0.39785 -0.707286 -11.802727 -0.289473 0.038172 14.167834 129.0
275 6415.0 -0.29016 0.544331 0.0 0.376903 -0.707286 -11.802727 -0.289473 0.038172 14.167834 129.0
276 6415.0 -0.30692 0.532616 0.0 0.374216 -0.707286 -11.802727 -0.289473 0.038172 14.167834 129.0
277 6415.0 -0.317326 0.530653 0.0 0.366171 -0.707286 -11.802727 -0.289473 0.038172 14.167834 129.0
278 6415.0 -0.321803 0.526598 0.0 0.366565 -0.707286 -11.802727 -0.289473 0.038172 14.167834 129.0
279 6415.0 -0.321051 0.539078 0.0 0.352328 -0.707286 -11.802727 -0.289473 0.038172 14.167834 129.0
280 6415.0 -0.334448 0.554899 0.0 0.319935 -0.707286 -11.802727 -0.289473 0.038172 14.167834 129.0
281 6415.0 -0.335385 0.562509 0.0 0.309859 -0.707286 -11.802727 -0.289473 0.038172 14.167834 129.0
282 6415.0 -0.362392 0.570948 0.0 0.272724 -0.707286 -11.802727 -0.289473 0.038172 14.167834 129.0
283 6415.0 -0.372516 0.580534 0.0 0.251091 -0.707286 -11.802727 -0.289473 0.038172 14.167834 129.0
284 6415.0 -0.395638 0.581149 0.0 0.227236 -0.707286 -11.802727 -0.289473 0.038172 14.167834 129.0
285 6415.0 -0.406308 0.563556 0.0 0.237698 -0.707286 -11.802727 -0.289473 0.038172 14.167834 129.0
286 6415.0 -0.384272 0.577638 0.0 0.242816 -0.707286 -11.802727 -0.289473 0.038172 14.167834 129.0
287 6415.0 -0.386418 0.568756 0.0 0.251338 -0.707286 -11.802727 -0.289473 0.038172 14.167834 129.0
