 time p.x p.y p.z deep.node-0 CV opes.bias opes.rct opes.zed opes.neff opes.nker
0 2455.0 -0.077091 0.555956 0.0 0.5657 -1.476315 -16.615133 -0.192789 0.043577 14.167834 113.0
1 2455.0 -0.081387 0.561005 0.0 0.556602 -1.476315 -16.615133 -0.192789 0.043577 14.167834 113.0
2 2455.0 -0.086934 0.557309 0.0 0.555782 -1.476315 -16.615133 -0.192789 0.043577 14.167834 113.0
3 2455.0 -0.082439 0.54451 0.0 0.57334 -1.476315 -16.615133 -0.192789 0.043577 14.167834 113.0
4 2455.0 -0.077208 0.538915 0.0 0.583827 -1.476315 -16.615133 -0.192789 0.043577 14.167834 113.0
5 2455.0 -0.076877 0.523245 0.0 0.600872 -1.476315 -16.615133 -0.192789 0.043577 14.167834 113.0
6 2455.0 -0.083961 0.521731 0.0 0.596393 -1.476315 -16.615133 -0.192789 0.043577 14.167834 113.0
7 2455.0 -0.097987 0.5533 0.0 0.550557 -1.476315 -16.615133 -0.192789 0.043577 14.167834 113.0
8 2455.0 -0.124152 0.542292 0.0 0.539811 -1.476315 -16.615133 -0.192789 0.043577 14.167834 113.0
9 2455.0 -0.13641 0.559989 0.0 0.510332 -1.476315 -16.615133 -0.192789 0.043577 14.167834 113.0
10 2455.0 -0.149294 0.543071 0.0 0.517338 -1.476315 -16.615133 -0.192789 0.043577 14.167834 113.0
11 2455.0 -0.133883 0.545027 0.0 0.52851 -1.476315 -16.615133 -0.192789 0.043577 14.167834 113.0
12 2455.0 -0.138917 0.534424 0.0 0.535518 -1.476315 -16.615133 -0.192789 0.043577 14.167834 113.0
13 2455.0 -0.135456 0.538228 0.0 0.534428 -1.476315 -16.615133 -0.192789 0.043577 14.167834 113.0
14 2455.0 -0.134106 0.533993 0.0 0.540119 -1.476315 -16.615133 -0.192789 0.043577 14.167834 113.0
15 2455.0 -0.134698 0.505 0.0 0.570621 -1.476315 -16.615133 -0.192789 0.043577 14.167834 113.0
16 2455.0 -0.147487 0.485067 0.0 0.580934 -1.476315 -16.615133 -0.192789 0.043577 14.167834 113.0
17 2455.0 -0.135042 0.47912 0.0 0.598005 -1.476315 -16.615133 -0.192789 0.043577 14.167834 113.0
18 2455.0 -0.143423 0.496741 0.0 0.571946 -1.476315 -16.615133 -0.192789 0.043577 14.167834 113.0
19 2455.0 -0.140405 0.498372 0.0 0.572799 -1.476315 -16.615133 -0.192789 0.043577 14.167834 113.0
20 2455.0 -0.123585 0.516487 0.0 0.5679 -1.476315 -16.615133 -0.192789 0.043577 14.167834 113.0
21 2455.0 -0.128513 0.509282 0.0 0.571364 -1.476315 -16.615133 -0.192789 0.043577 14.167834 113.0
22 2455.0 -0.134528 0.529951 0.0 0.54408 -1.476315 -16.615133 -0.192789 0.043577 14.167834 113.0
23 2455.0 -0.15805 0.537251 0.0 0.516027 -1.476315 -16.615133 -0.192789 0.043577 14.167834 113.0
24 2455.0 -0.150866 0.53613 0.0 0.523409 -1.476315 -16.615133 -0.192789 0.043577 14.167834 113.0
25 2455.0 -0.14074 0.527178 0.0 0.541699 -1.476315 -16.615133 -0.192789 0.043577 14.167834 113.0
26 2455.0 -0.161733 0.543847 0.0 0.505803 -1.476315 -16.615133 -0.192789 0.043577 14.167834 113.0
27 2455.0 -0.165737 0.510782 0.0 0.537722 -1.476315 -16.615133 -0.192789 0.043577 14.167834 113.0
28 2455.0 -0.189836 0.491423 0.0 0.537687 -1.476315 -16.615133 -0.192789 0.043577 14.167834 113.0
29 2455.0 -0.199504 0.477842 0.0 0.543892 -1.476315 -16.615133 -0.192789 0.043577 14.167834 113.0
30 2455.0 -0.216193 0.483311 0.0 0.523679 -1.476315 -16.615133 -0.192789 0.043577 14.167834 113.0
31 2455.0 -0.217628 0.480454 0.0 0.525499 -1.476315 -16.615133 -0.192789 0.043577 14.167834 113.0
32 2455.0 -0.230816 0.473701 0.0 0.521053 -1.476315 -16.615133 -0.192789 0.043577 14.167834 113.0
33 2455.0 -0.262164 0.489437 0.0 0.470816 -1.476315 -16.615133 -0.192789 0.043577 14.167834 113.0
34 2455.0 -0.263269 0.492036 0.0 0.46659 -1.476315 -16.615133 -0.192789 0.043577 14.167834 113.0
35 2455.0 -0.268875 0.484007 0.0 0.470627 -1.476315 -16.615133 -0.192789 0.043577 14.167834 113.0
36 2455.0 -0.260854 0.492339 0.0 0.46864 -1.476315 -16.615133 -0.192789 0.043577 14.167834 113.0
37 2455.0 -0.277082 0.487829 0.0 0.457833 -1.476315 -16.615133 -0.192789 0.043577 14.167834 113.0
38 2455.0 -0.281505 0.481901 0.0 0.460531 -1.476315 -16.615133 -0.192789 0.043577 14.167834 113.0
39 2455.0 -0.309165 0.48446 0.0 0.429805 -1.476315 -16.615133 -0.192789 0.043577 14.167834 113.0
40 2455.0 -0.328265 0.495165 0.0 0.397855 -1.476315 -16.615133 -0.192789 0.043577 14.167834 113.0
41 2455.0 -0.346533 0.488582 0.0 0.387497 -1.476315 -16.615133 -0.192789 0.043577 14.167834 113.0
42 2455.0 -0.365509 0.503986 0.0 0.350027 -1.476315 -16.615133 -0.192789 0.043577 14.167834 113.0
43 2455.0 -0.382057 0.505326 0.0 0.331875 -1.476315 -16.615133 -0.192789 0.043577 14.167834 113.0
44 2455.0 -0.429809 0.519274 0.0 0.267385 -1.476315 -16.615133 -0.192789 0.043577 14.167834 113.0
45 2455.0 -0.441981 0.535389 0.0 0.235863 -1.476315 -16.615133 -0.192789 0.043577 14.167834 113.0
46 2455.0 -0.432864 0.528371 0.0 0.253407 -1.476315 -16.615133 -0.192789 0.043577 14.167834 113.0
47 2455.0 -0.41035 0.524025 0.0 0.281133 -1.476315 -16.615133 -0.192789 0.043577 14.167834 113.0
48 2455.0 -0.447452 0.51351 0.0 0.256669 -1.476315 -16.615133 -0.192789 0.043577 14.167834 113.0
49 2455.0 -0.451453 0.491994 0.0 0.278509 -1.476315 -16.615133 -0.192789 0.043577 14.167834 113.0
50 2455.0 -0.455103 0.495803 0.0 0.270286 -1.476315 -16.615133 -0.192789 0.043577 14.167834 113.0
51 2455.0 -0.437515 0.512504 0.0 0.267811 -1.476315 -16.615133 -0.192789 0.043577 14.167834 113.0
52 2455.0 -0.430032 0.506317 0.0 0.282723 -1.476315 -16.615133 -0.192789 0.043577 14.167834 113.0
53 2455.0 -0.410237 0.485578 0.0 0.327419 -1.476315 -16.615133 -0.192789 0.043577 14.167834 113.0
54 2455.0 -0.402044 0.514233 0.0 0.301196 -1.476315 -16.615133 -0.192789 0.043577 14.167834 113.0
55 2455.0 -0.413876 0.522317 0.0 0.27966 -1.476315 -16.615133 -0.192789 0.043577 14.167834 113.0
56 2455.0 -0.434705 0.522544 0.0 0.258563 -1.476315 -16.615133 -0.192789 0.043577 14.167834 113.0
57 2455.0 -0.445758 0.504004 0.0 0.269779 -1.476315 -16.615133 -0.192789 0.043577 14.167834 113.0
58 2455.0 -0.486278 0.505456 0.0 0.227526 -1.476315 -16.615133 -0.192789 0.043577 14.167834 113.0
59 2455.0 -0.5125 0.516931 0.0 0.187532 -1.476315 -16.615133 -0.192789 0.043577 14.167834 113.0
60 2455.0 -0.512288 0.49353 0.0 0.215847 -1.476315 -16.615133 -0.192789 0.043577 14.167834 113.0
61 2455.0 -0.50814 0.521335 0.0 0.186602 -1.476315 -16.615133 -0.192789 0.043577 14.167834 113.0
62 2455.0 -0.488109 0.518433 0.0 0.210111 -1.476315 -16.615133 -0.192789 0.043577 14.167834 113.0
63 2455.0 -0.499701 0.528621 0.0 0.186287 -1.476315 -16.615133 -0.192789 0.043577 14.167834 113.0
64 2455.0 -0.522153 0.555336 0.0 0.131759 -1.476315 -16.615133 -0.192789 0.043577 14.167834 113.0
65 2455.0 -0.543431 0.562987 0.0 0.101298 -1.476315 -16.615133 -0.192789 0.043577 14.167834 113.0
66 2455.0 -0.524292 0.553087 0.0 0.13232 -1.476315 -16.615133 -0.192789 0.043577 14.167834 113.0
67 2455.0 -0.51555 0.552634 0.0 0.141605 -1.476315 -16.615133 -0.192789 0.043577 14.167834 113.0
68 2455.0 -0.53443 0.558907 0.0 0.115196 -1.476315 -16.615133 -0.192789 0.043577 14.167834 113.0
69 2455.0 -0.557383 0.549931 0.0 0.103029 -1.476315 -16.615133 -0.192789 0.043577 14.167834 113.0
70 2455.0 -0.583849 0.559264 0.0 0.065363 -1.476315 -16.615133 -0.192789 0.043577 14.167834 113.0
71 2455.0 -0.606062 0.565539 0.0 0.03562 -1.476315 -16.615133 -0.192789 0.043577 14.167834 113.0
72 2455.0 -0.594167 0.565883 0.0 0.047099 -1.476315 -16.615133 -0.192789 0.043577 14.167834 113.0
73 2455.0 -0.595259 0.573535 0.0 0.036816 -1.476315 -16.615133 -0.192789 0.043577 14.167834 113.0
74 2455.0 -0.600475 0.56017 0.0 0.047653 -1.476315 -16.615133 -0.192789 0.043577 14.167834 113.0
75 2455.0 -0.610053 0.540013 0.0 0.062285 -1.476315 -16.615133 -0.192789 0.043577 14.167834 113.0
76 2455.0 -0.614229 0.539771 0.0 0.058401 -1.476315 -16.615133 -0.192789 0.043577 14.167834 113.0
77 2455.0 -0.612147 0.507768 0.0 0.098917 -1.476315 -16.615133 -0.192789 0.043577 14.167834 113.0
78 2455.0 -0.617036 0.513451 0.0 0.087204 -1.476315 -16.615133 -0.192789 0.043577 14.167834 113.0
79 2455.0 -0.629707 0.540434 0.0 0.042131 -1.476315 -16.615133 -0.192789 0.043577 14.167834 113.0
80 2455.0 -0.628024 0.551905 0.0 0.030037 -1.476315 -16.615133 -0.192789 0.043577 14.167834 113.0
81 2455.0 -0.637582 0.54567 0.0 0.02797 -1.476315 -16.615133 -0.192789 0.043577 14.167834 113.0
82 2455.0 -0.664758 0.558517 0.0 -0.014627 -1.476315 -16.615133 -0.192789 0.043577 14.167834 113.0
83 2455.0 -0.673602 0.548074 0.0 -0.010926 -1.476315 -16.615133 -0.192789 0.043577 14.167834 113.0
84 2455.0 -0.669508 0.530564 0.0 0.014195 -1.476315 -16.615133 -0.192789 0.043577 14.167834 113.0
85 2455.0 -0.70009 0.518413 0.0 -0.001785 -1.476315 -16.615133 -0.192789 0.043577 14.167834 113.0
86 2455.0 -0.74795 0.52438 0.0 -0.056798 -1.476315 -16.615133 -0.192789 0.043577 14.167834 113.0
87 2455.0 -0.732851 0.544151 0.0 -0.065448 -1.476315 -16.615133 -0.192789 0.043577 14.167834 113.0
88 2455.0 -0.736775 0.554837 0.0 -0.082205 -1.476315 -16.615133 -0.192789 0.043577 14.167834 113.0
89 2455.0 -0.74754 0.56733 0.0 -0.10797 -1.476315 -16.615133 -0.192789 0.043577 14.167834 113.0
90 2455.0 -0.741551 0.579019 0.0 -0.11602 -1.476315 -16.615133 -0.192789 0.043577 14.167834 113.0
91 2455.0 -0.759978 0.573673 0.0 -0.128022 -1.476315 -16.615133 -0.192789 0.043577 14.167834 113.0
92 2455.0 -0.761423 0.583773 0.0 -0.141596 -1.476315 -16.615133 -0.192789 0.043577 14.167834 113.0
93 2455.0 -0.78674 0.601431 0.0 -0.188112 -1.476315 -16.615133 -0.192789 0.043577 14.167834 113.0
94 2455.0 -0.781946 0.606251 0.0 -0.189218 -1.476315 -16.615133 -0.192789 0.043577 14.167834 113.0
95 2455.0 -0.794927 0.613546 0.0 -0.210141 -1.476315 -16.615133 -0.192789 0.043577 14.167834 113.0
96 2455.0 -0.776929 0.594842 0.0 -0.170391 -1.476315 -16.615133 -0.192789 0.043577 14.167834 113.0
97 2455.0 -0.774712 0.607466 0.0 -0.183399 -1.476315 -16.615133 -0.192789 0.043577 14.167834 113.0
98 2455.0 -0.759272 0.611311 0.0 -0.172551 -1.476315 -16.615133 -0.192789 0.043577 14.167834 113.0
99 2455.0 -0.754543 0.585317 0.0 -0.136572 -1.476315 -16.615133 -0.192789 0.043577 14.167834 113.0
100 2455.0 -0.767099 0.579745 0.0 -0.142434 -1.476315 -16.615133 -0.192789 0.043577 14.167834 113.0
101 2455.0 -0.789787 0.593263 0.0 -0.181349 -1.476315 -16.615133 -0.192789 0.043577 14.167834 113.0
102 2455.0 -0.79407 0.60891 0.0 -0.204441 -1.476315 -16.615133 -0.192789 0.043577 14.167834 113.0
103 2455.0 -0.802469 0.622772 0.0 -0.226635 -1.476315 -16.615133 -0.192789 0.043577 14.167834 113.0
104 2455.0 -0.800583 0.629853 0.0 -0.232518 -1.476315 -16.615133 -0.192789 0.043577 14.167834 113.0
105 2455.0 -0.804687 0.611954 0.0 -0.21706 -1.476315 -16.615133 -0.192789 0.043577 14.167834 113.0
106 2455.0 -0.810438 0.593135 0.0 -0.20184 -1.476315 -16.615133 -0.192789 0.043577 14.167834 113.0
107 2455.0 -0.806585 0.589611 0.0 -0.193756 -1.476315 -16.615133 -0.192789 0.043577 14.167834 113.0
108 2455.0 -0.81266 0.583052 0.0 -0.191952 -1.476315 -16.615133 -0.192789 0.043577 14.167834 113.0
109 2455.0 -0.808665 0.5979 0.0 -0.205591 -1.476315 -16.615133 -0.192789 0.043577 14.167834 113.0
110 2455.0 -0.801171 0.62163 0.0 -0.224271 -1.476315 -16.615133 -0.192789 0.043577 14.167834 113.0
111 2455.0 -0.804944 0.614339 0.0 -0.21983 -1.476315 -16.615133 -0.192789 0.043577 14.167834 113.0
112 2455.0 -0.798786 0.629414 0.0 -0.230464 -1.476315 -16.615133 -0.192789 0.043577 14.167834 113.0
113 2455.0 -0.792115 0.619839 0.0 -0.214366 -1.476315 -16.615133 -0.192789 0.043577 14.167834 113.0
114 2455.0 -0.80389 0.626681 0.0 -0.232057 -1.476315 -16.615133 -0.192789 0.043577 14.167834 113.0
115 2455.0 -0.803956 0.624726 0.0 -0.230031 -1.476315 -16.615133 -0.192789 0.043577 14.167834 113.0
116 2455.0 -0.812289 0.590357 0.0 -0.200355 -1.476315 -16.615133 -0.192789 0.043577 14.167834 113.0
117 2455.0 -0.841869 0.570904 0.0 -0.206564 -1.476315 -16.615133 -0.192789 0.043577 14.167834 113.0
118 2455.0 -0.838085 0.583866 0.0 -0.216848 -1.476315 -16.615133 -0.192789 0.043577 14.167834 113.0
119 2455.0 -0.849114 0.57627 0.0 -0.218733 -1.476315 -16.615133 -0.192789 0.043577 14.167834 113.0
120 2455.0 -0.854074 0.562613 0.0 -0.208808 -1.476315 -16.615133 -0.192789 0.043577 14.167834 113.0
121 2455.0 -0.865065 0.560698 0.0 -0.216821 -1.476315 -16.615133 -0.192789 0.043577 14.167834 113.0
122 2455.0 -0.895264 0.561905 0.0 -0.244236 -1.476315 -16.615133 -0.192789 0.043577 14.167834 113.0
123 2455.0 -0.892698 0.581228 0.0 -0.262015 -1.476315 -16.615133 -0.192789 0.043577 14.167834 113.0
124 2455.0 -0.907557 0.578473 0.0 -0.272198 -1.476315 -16.615133 -0.192789 0.043577 14.167834 113.0
125 2455.0 -0.902804 0.590606 0.0 -0.280936 -1.476315 -16.615133 -0.192789 0.043577 14.167834 113.0
126 2455.0 -0.900107 0.615922 0.0 -0.305542 -1.476315 -16.615133 -0.192789 0.043577 14.167834 113.0
127 2455.0 -0.872567 0.627027 0.0 -0.293065 -1.476315 -16.615133 -0.192789 0.043577 14.167834 113.0
128 2455.0 -0.867778 0.634603 0.0 -0.296913 -1.476315 -16.615133 -0.192789 0.043577 14.167834 113.0
129 2455.0 -0.872454 0.641788 0.0 -0.308701 -1.476315 -16.615133 -0.192789 0.043577 14.167834 113.0
130 2455.0 -0.870549 0.637959 0.0 -0.302937 -1.476315 -16.615133 -0.192789 0.043577 14.167834 113.0
131 2455.0 -0.887522 0.638628 0.0 -0.318636 -1.476315 -16.615133 -0.192789 0.043577 14.167834 113.0
132 2455.0 -0.888312 0.649633 0.0 -0.331065 -1.476315 -16.615133 -0.192789 0.043577 14.167834 113.0
133 2455.0 -0.912567 0.635792 0.0 -0.337726 -1.476315 -16.615133 -0.192789 0.043577 14.167834 113.0
134 2455.0 -0.917801 0.634023 0.0 -0.340462 -1.476315 -16.615133 -0.192789 0.043577 14.167834 113.0
135 2455.0 -0.924596 0.669391 0.0 -0.384073 -1.476315 -16.615133 -0.192789 0.043577 14.167834 113.0
136 2455.0 -0.938923 0.713529 0.0 -0.456643 -1.476315 -16.615133 -0.192789 0.043577 14.167834 113.0
137 2455.0 -0.941153 0.719998 0.0 -0.467535 -1.476315 -16.615133 -0.192789 0.043577 14.167834 113.0
138 2455.0 -0.925254 0.726377 0.0 -0.461548 -1.476315 -16.615133 -0.192789 0.043577 14.167834 113.0
139 2455.0 -0.92539 0.734199 0.0 -0.472351 -1.476315 -16.615133 -0.192789 0.043577 14.167834 113.0
140 2455.0 -0.925416 0.728455 0.0 -0.464535 -1.476315 -16.615133 -0.192789 0.043577 14.167834 113.0
141 2455.0 -0.913034 0.7332 0.0 -0.459567 -1.476315 -16.615133 -0.192789 0.043577 14.167834 113.0
142 2455.0 -0.898243 0.74759 0.0 -0.46554 -1.476315 -16.615133 -0.192789 0.043577 14.167834 113.0
143 2455.0 -0.882695 0.758439 0.0 -0.465979 -1.476315 -16.615133 -0.192789 0.043577 14.167834 113.0
144 2455.0 -0.88755 0.745762 0.0 -0.453137 -1.476315 -16.615133 -0.192789 0.043577 14.167834 113.0
145 2455.0 -0.881778 0.757572 0.0 -0.463904 -1.476315 -16.615133 -0.192789 0.043577 14.167834 113.0
146 2455.0 -0.879772 0.755465 0.0 -0.459031 -1.476315 -16.615133 -0.192789 0.043577 14.167834 113.0
147 2455.0 -0.894263 0.785579 0.0 -0.51372 -1.476315 -16.615133 -0.192789 0.043577 14.167834 113.0
148 2455.0 -0.914621 0.791731 0.0 -0.540933 -1.476315 -16.615133 -0.192789 0.043577 14.167834 113.0
149 2455.0 -0.912495 0.8105 0.0 -0.566969 -1.476315 -16.615133 -0.192789 0.043577 14.167834 113.0
150 2455.0 -0.930467 0.824855 0.0 -0.606211 -1.476315 -16.615133 -0.192789 0.043577 14.167834 113.0
151 2455.0 -0.944659 0.830238 0.0 -0.628084 -1.476315 -16.615133 -0.192789 0.043577 14.167834 113.0
152 2455.0 -0.981881 0.843856 0.0 -0.683579 -1.476315 -16.615133 -0.192789 0.043577 14.167834 113.0
153 2455.0 -0.999495 0.856286 0.0 -0.716006 -1.476315 -16.615133 -0.192789 0.043577 14.167834 113.0
154 2455.0 -0.997135 0.866464 0.0 -0.727975 -1.476315 -16.615133 -0.192789 0.043577 14.167834 113.0
155 2455.0 -1.014001 0.870928 0.0 -0.748778 -1.476315 -16.615133 -0.192789 0.043577 14.167834 113.0
156 2455.0 -1.005676 0.896549 0.0 -0.776835 -1.476315 -16.615133 -0.192789 0.043577 14.167834 113.0
157 2455.0 -1.017183 0.910572 0.0 -0.806149 -1.476315 -16.615133 -0.192789 0.043577 14.167834 113.0
158 2455.0 -1.013368 0.92944 0.0 -0.824957 -1.476315 -16.615133 -0.192789 0.043577 14.167834 113.0
159 2455.0 -0.982014 0.952364 0.0 -0.824464 -1.476315 -16.615133 -0.192789 0.043577 14.167834 113.0
160 2455.0 -0.994869 0.959998 0.0 -0.841406 -1.476315 -16.615133 -0.192789 0.043577 14.167834 113.0
161 2455.0 -0.96774 0.987533 0.0 -0.848547 -1.476315 -16.615133 -0.192789 0.043577 14.167834 113.0
162 2455.0 -0.926727 0.985244 0.0 -0.81618 -1.476315 -16.615133 -0.192789 0.043577 14.167834 113.0
163 2455.0 -0.950429 1.041577 0.0 -0.88895 -1.476315 -16.615133 -0.192789 0.043577 14.167834 113.0
164 2455.0 -0.958834 1.070235 0.0 -0.923287 -1.476315 -16.615133 -0.192789 0.043577 14.167834 113.0
165 2455.0 -0.920694 1.055347 0.0 -0.880648 -1.476315 -16.615133 -0.192789 0.043577 14.167834 113.0
166 2455.0 -0.897923 1.058882 0.0 -0.867401 -1.476315 -16.615133 -0.192789 0.043577 14.167834 113.0
167 2455.0 -0.872195 1.086452 0.0 -0.875605 -1.476315 -16.615133 -0.192789 0.043577 14.167834 113.0
168 2455.0 -0.87816 1.115964 0.0 -0.90899 -1.476315 -16.615133 -0.192789 0.043577 14.167834 113.0
169 2455.0 -0.85074 1.132031 0.0 -0.904646 -1.476315 -16.615133 -0.192789 0.043577 14.167834 113.0
170 2455.0 -0.827055 1.155586 0.0 -0.910404 -1.476315 -16.615133 -0.192789 0.043577 14.167834 113.0
171 2455.0 -0.79498 1.167984 0.0 -0.899035 -1.476315 -16.615133 -0.192789 0.043577 14.167834 113.0
172 2455.0 -0.770574 1.171548 0.0 -0.884617 -1.476315 -16.615133 -0.192789 0.043577 14.167834 113.0
173 2455.0 -0.772472 1.182994 0.0 -0.897261 -1.476315 -16.615133 -0.192789 0.043577 14.167834 113.0
174 2455.0 -0.757299 1.210526 0.0 -0.913177 -1.476315 -16.615133 -0.192789 0.043577 14.167834 113.0
175 2455.0 -0.763742 1.208616 0.0 -0.91603 -1.476315 -16.615133 -0.192789 0.043577 14.167834 113.0
176 2455.0 -0.745188 1.219714 0.0 -0.913314 -1.476315 -16.615133 -0.192789 0.043577 14.167834 113.0
177 2455.0 -0.750399 1.241175 0.0 -0.938232 -1.476315 -16.615133 -0.192789 0.043577 14.167834 113.0
178 2455.0 -0.76049 1.247487 0.0 -0.951846 -1.476315 -16.615133 -0.192789 0.043577 14.167834 113.0
179 2455.0 -0.75491 1.247433 0.0 -0.947695 -1.476315 -16.615133 -0.192789 0.043577 14.167834 113.0
180 2455.0 -0.728157 1.240845 0.0 -0.921575 -1.476315 -16.615133 -0.192789 0.043577 14.167834 113.0
181 2455.0 -0.733492 1.237423 0.0 -0.922129 -1.476315 -16.615133 -0.192789 0.043577 14.167834 113.0
182 2455.0 -0.713009 1.268537 0.0 -0.934734 -1.476315 -16.615133 -0.192789 0.043577 14.167834 113.0
183 2455.0 -0.736643 1.268796 0.0 -0.950712 -1.476315 -16.615133 -0.192789 0.043577 14.167834 113.0
184 2455.0 -0.73105 1.260001 0.0 -0.941251 -1.476315 -16.615133 -0.192789 0.043577 14.167834 113.0
185 2455.0 -0.703988 1.268048 0.0 -0.928382 -1.476315 -16.615133 -0.192789 0.043577 14.167834 113.0
186 2455.0 -0.74407 1.285781 0.0 -0.966696 -1.476315 -16.615133 -0.192789 0.043577 14.167834 113.0
187 2455.0 -0.732113 1.258595 0.0 -0.94102 -1.476315 -16.615133 -0.192789 0.043577 14.167834 113.0
188 2455.0 -0.711998 1.283636 0.0 -0.943851 -1.476315 -16.615133 -0.192789 0.043577 14.167834 113.0
189 2455.0 -0.709093 1.294718 0.0 -0.949095 -1.476315 -16.615133 -0.192789 0.043577 14.167834 113.0
190 2455.0 -0.70486 1.302625 0.0 -0.951392 -1.476315 -16.615133 -0.192789 0.043577 14.167834 113.0
191 2455.0 -0.682754 1.310023 0.0 -0.941403 -1.476315 -16.615133 -0.192789 0.043577 14.167834 113.0
192 2455.0 -0.660561 1.289164 0.0 -0.913028 -1.476315 -16.615133 -0.192789 0.043577 14.167834 113.0
193 2455.0 -0.673461 1.304769 0.0 -0.931779 -1.476315 -16.615133 -0.192789 0.043577 14.167834 113.0
194 2455.0 -0.677079 1.325351 0.0 -0.947549 -1.476315 -16.615133 -0.192789 0.043577 14.167834 113.0
195 2455.0 -0.679765 1.331899 0.0 -0.953592 -1.476315 -16.615133 -0.192789 0.043577 14.167834 113.0
196 2455.0 -0.679998 1.347086 0.0 -0.963598 -1.476315 -16.615133 -0.192789 0.043577 14.167834 113.0
197 2455.0 -0.673128 1.34761 0.0 -0.959343 -1.476315 -16.615133 -0.192789 0.043577 14.167834 113.0
198 2455.0 -0.655861 1.361854 0.0 -0.959025 -1.476315 -16.615133 -0.192789 0.043577 14.167834 113.0
199 2455.0 -0.634628 1.377171 0.0 -0.959314 -1.476315 -16.615133 -0.192789 0.043577 14.167834 113.0
200 2455.0 -0.631646 1.382654 0.0 -0.962354 -1.476315 -16.615133 -0.192789 0.043577 14.167834 113.0
201 2455.0 -0.608958 1.391829 0.0 -0.956156 -1.476315 -16.615133 -0.192789 0.043577 14.167834 113.0
202 2455.0 -0.618487 1.402615 0.0 -0.968496 -1.476315 -16.615133 -0.192789 0.043577 14.167834 113.0
203 2455.0 -0.625119 1.415962 0.0 -0.980068 -1.476315 -16.615133 -0.192789 0.043577 14.167834 113.0
204 2455.0 -0.639736 1.411378 0.0 -0.985904 -1.476315 -16.615133 -0.192789 0.043577 14.167834 113.0
205 2455.0 -0.625714 1.395279 0.0 -0.968445 -1.476315 -16.615133 -0.192789 0.043577 14.167834 113.0
206 2455.0 -0.62231 1.369332 0.0 -0.944422 -1.476315 -16.615133 -0.192789 0.043577 14.167834 113.0
207 2455.0 -0.64027 1.36642 0.0 -0.953221 -1.476315 -16.615133 -0.192789 0.043577 14.167834 113.0
208 2455.0 -0.644666 1.381575 0.0 -0.969662 -1.476315 -16.615133 -0.192789 0.043577 14.167834 113.0
209 2455.0 -0.641964 1.383995 0.0 -0.970123 -1.476315 -16.615133 -0.192789 0.043577 14.167834 113.0
210 2455.0 -0.629242 1.358039 0.0 -0.938663 -1.476315 -16.615133 -0.192789 0.043577 14.167834 113.0
211 2455.0 -0.608853 1.399065 0.0 -0.960847 -1.476315 -16.615133 -0.192789 0.043577 14.167834 113.0
212 2455.0 -0.609244 1.379102 0.0 -0.94491 -1.476315 -16.615133 -0.192789 0.043577 14.167834 113.0
213 2455.0 -0.610286 1.360928 0.0 -0.929209 -1.476315 -16.615133 -0.192789 0.043577 14.167834 113.0
214 2455.0 -0.587599 1.371355 0.0 -0.923352 -1.476315 -16.615133 -0.192789 0.043577 14.167834 113.0
215 2455.0 -0.599519 1.372042 0.0 -0.932136 -1.476315 -16.615133 -0.192789 0.043577 14.167834 113.0
216 2455.0 -0.626808 1.387673 0.0 -0.963796 -1.476315 -16.615133 -0.192789 0.043577 14.167834 113.0
217 2455.0 -0.635666 1.372089 0.0 -0.955399 -1.476315 -16.615133 -0.192789 0.043577 14.167834 113.0
218 2455.0 -0.63631 1.397518 0.0 -0.975873 -1.476315 -16.615133 -0.192789 0.043577 14.167834 113.0
219 2455.0 -0.618868 1.410484 0.0 -0.97327 -1.476315 -16.615133 -0.192789 0.043577 14.167834 113.0
220 2455.0 -0.604101 1.404012 0.0 -0.96095 -1.476315 -16.615133 -0.192789 0.043577 14.167834 113.0
221 2455.0 -0.592565 1.407673 0.0 -0.956369 -1.476315 -16.615133 -0.192789 0.043577 14.167834 113.0
222 2455.0 -0.585641 1.409578 0.0 -0.953368 -1.476315 -16.615133 -0.192789 0.043577 14.167834 113.0
223 2455.0 -0.612568 1.398527 0.0 -0.962693 -1.476315 -16.615133 -0.192789 0.043577 14.167834 113.0
224 2455.0 -0.595806 1.408871 0.0 -0.958944 -1.476315 -16.615133 -0.192789 0.043577 14.167834 113.0
225 2455.0 -0.58949 1.420983 0.0 -0.962285 -1.476315 -16.615133 -0.192789 0.043577 14.167834 113.0
226 2455.0 -0.582862 1.42448 0.0 -0.960459 -1.476315 -16.615133 -0.192789 0.043577 14.167834 113.0
227 2455.0 -0.577492 1.430365 0.0 -0.96029 -1.476315 -16.615133 -0.192789 0.043577 14.167834 113.0
228 2455.0 -0.600738 1.447896 0.0 -0.982809 -1.476315 -16.615133 -0.192789 0.043577 14.167834 113.0
229 2455.0 -0.594199 1.45731 0.0 -0.979437 -1.476315 -16.615133 -0.192789 0.043577 14.167834 113.0
230 2455.0 -0.585115 1.437542 0.0 -0.96858 -1.476315 -16.615133 -0.192789 0.043577 14.167834 113.0
231 2455.0 -0.581121 1.463383 0.0 -0.96958 -1.476315 -16.615133 -0.192789 0.043577 14.167834 113.0
232 2455.0 -0.578061 1.460537 0.0 -0.966625 -1.476315 -16.615133 -0.192789 0.043577 14.167834 113.0
233 2455.0 -0.572533 1.457534 0.0 -0.961611 -1.476315 -16.615133 -0.192789 0.043577 14.167834 113.0
234 2455.0 -0.598115 1.457949 0.0 -0.982763 -1.476315 -16.615133 -0.192789 0.043577 14.167834 113.0
235 2455.0 -0.59378 1.443806 0.0 -0.976734 -1.476315 -16.615133 -0.192789 0.043577 14.167834 113.0
236 2455.0 -0.584754 1.423668 0.0 -0.961088 -1.476315 -16.615133 -0.192789 0.043577 14.167834 113.0
237 2455.0 -0.573709 1.422962 0.0 -0.953902 -1.476315 -16.615133 -0.192789 0.043577 14.167834 113.0
238 2455.0 -0.557565 1.421318 0.0 -0.941123 -1.476315 -16.615133 -0.192789 0.043577 14.167834 113.0
239 2455.0 -0.546949 1.46225 0.0 -0.940446 -1.476315 -16.615133 -0.192789 0.043577 14.167834 113.0
240 2455.0 -0.532279 1.451261 0.0 -0.925743 -1.476315 -16.615133 -0.192789 0.043577 14.167834 113.0
241 2455.0 -0.524636 1.479529 0.0 -0.923989 -1.476315 -16.615133 -0.192789 0.043577 14.167834 113.0
242 2455.0 -0.517508 1.477882 0.0 -0.917486 -1.476315 -16.615133 -0.192789 0.043577 14.167834 113.0
243 2455.0 -0.505878 1.459131 0.0 -0.904085 -1.476315 -16.615133 -0.192789 0.043577 14.167834 113.0
244 2455.0 -0.507828 1.462422 0.0 -0.906357 -1.476315 -16.615133 -0.192789 0.043577 14.167834 113.0
245 2455.0 -0.494455 1.44831 0.0 -0.892242 -1.476315 -16.615133 -0.192789 0.043577 14.167834 113.0
246 2455.0 -0.489031 1.435045 0.0 -0.885207 -1.476315 -16.615133 -0.192789 0.043577 14.167834 113.0
247 2455.0 -0.494367 1.451104 0.0 -0.892651 -1.476315 -16.615133 -0.192789 0.043577 14.167834 113.0
248 2455.0 -0.531004 1.446473 0.0 -0.923799 -1.476315 -16.615133 -0.192789 0.043577 14.167834 113.0
249 2455.0 -0.537892 1.470091 0.0 -0.93391 -1.476315 -16.615133 -0.192789 0.043577 14.167834 113.0
250 2455.0 -0.513037 1.481395 0.0 -0.914197 -1.476315 -16.615133 -0.192789 0.043577 14.167834 113.0
251 2455.0 -0.554147 1.481313 0.0 -0.950037 -1.476315 -16.615133 -0.192789 0.043577 14.167834 113.0
252 2455.0 -0.543406 1.472663 0.0 -0.939166 -1.476315 -16.615133 -0.192789 0.043577 14.167834 113.0
253 2455.0 -0.531179 1.473537 0.0 -0.928654 -1.476315 -16.615133 -0.192789 0.043577 14.167834 113.0
254 2455.0 -0.530848 1.457004 0.0 -0.925492 -1.476315 -16.615133 -0.192789 0.043577 14.167834 113.0
255 2455.0 -0.522084 1.460394 0.0 -0.918438 -1.476315 -16.615133 -0.192789 0.043577 14.167834 113.0
256 2455.0 -0.517367 1.455518 0.0 -0.913477 -1.476315 -16.615133 -0.192789 0.043577 14.167834 113.0
257 2455.0 -0.51088 1.469791 0.0 -0.910299 -1.476315 -16.615133 -0.192789 0.043577 14.167834 113.0
258 2455.0 -0.504425 1.459949 0.0 -0.90296 -1.476315 -16.615133 -0.192789 0.043577 14.167834 113.0
259 2455.0 -0.51685 1.449637 0.0 -0.912004 -1.476315 -16.615133 -0.192789 0.043577 14.167834 113.0
260 2455.0 -0.545523 1.47811 0.0 -0.941959 -1.476315 -16.615133 -0.192789 0.043577 14.167834 113.0
261 2455.0 -0.526657 1.4878 0.0 -0.927188 -1.476315 -16.615133 -0.192789 0.043577 14.167834 113.0
262 2455.0 -0.530053 1.464172 0.0 -0.926045 -1.476315 -16.615133 -0.192789 0.043577 14.167834 113.0
263 2455.0 -0.51707 1.462123 0.0 -0.914365 -1.476315 -16.615133 -0.192789 0.043577 14.167834 113.0
264 2455.0 -0.509079 1.462972 0.0 -0.907544 -1.476315 -16.615133 -0.192789 0.043577 14.167834 113.0
265 2455.0 -0.516668 1.442789 0.0 -0.910655 -1.476315 -16.615133 -0.192789 0.043577 14.167834 113.0
266 2455.0 -0.51157 1.428953 0.0 -0.903805 -1.476315 -16.615133 -0.192789 0.043577 14.167834 113.0
267 2455.0 -0.498484 1.440584 0.0 -0.894413 -1.476315 -16.615133 -0.192789 0.043577 14.167834 113.0
268 2455.0 -0.546268 1.466001 0.0 -0.940504 -1.476315 -16.615133 -0.192789 0.043577 14.167834 113.0
269 2455.0 -0.525654 1.437801 0.0 -0.917626 -1.476315 -16.615133 -0.192789 0.043577 14.167834 113.0
270 2455.0 -0.530279 1.418455 0.0 -0.918298 -1.476315 -16.615133 -0.192789 0.043577 14.167834 113.0
271 2455.0 -0.560454 1.420008 0.0 -0.942902 -1.476315 -16.615133 -0.192789 0.043577 14.167834 113.0
272 2455.0 -0.572422 1.424056 0.0 -0.953708 -1.476315 -16.615133 -0.192789 0.043577 14.167834 113.0
273 2455.0 -0.547827 1.435265 0.0 -0.936523 -1.476315 -16.615133 -0.192789 0.043577 14.167834 113.0
274 2455.0 -0.539652 1.409928 0.0 -0.922561 -1.476315 -16.615133 -0.192789 0.043577 14.167834 113.0
275 2455.0 -0.543679 1.441448 0.0 -0.93398 -1.476315 -16.615133 -0.192789 0.043577 14.167834 113.0
276 2455.0 -0.573345 1.445789 0.0 -0.960495 -1.476315 -16.615133 -0.192789 0.043577 14.167834 113.0
277 2455.0 -0.585925 1.448045 0.0 -0.971208 -1.476315 -16.615133 -0.192789 0.043577 14.167834 113.0
278 2455.0 -0.581073 1.439068 0.0 -0.965842 -1.476315 -16.615133 -0.192789 0.043577 14.167834 113.0
279 2455.0 -0.564035 1.435323 0.0 -0.950669 -1.476315 -16.615133 -0.192789 0.043577 14.167834 113.0
280 2455.0 -0.560999 1.432085 0.0 -0.947459 -1.476315 -16.615133 -0.192789 0.043577 14.167834 113.0
281 2455.0 -0.538824 1.432872 0.0 -0.928256 -1.476315 -16.615133 -0.192789 0.043577 14.167834 113.0
282 2455.0 -0.548708 1.445256 0.0 -0.939028 -1.476315 -16.615133 -0.192789 0.043577 14.167834 113.0
283 2455.0 -0.55499 1.448375 0.0 -0.945048 -1.476315 -16.615133 -0.192789 0.043577 14.167834 113.0
284 2455.0 -0.524294 1.430407 0.0 -0.915155 -1.476315 -16.615133 -0.192789 0.043577 14.167834 113.0
285 2455.0 -0.52452 1.445611 0.0 -0.917994 -1.476315 -16.615133 -0.192789 0.043577 14.167834 113.0
286 2455.0 -0.524781 1.426746 0.0 -0.914944 -1.476315 -16.615133 -0.192789 0.043577 14.167834 113.0
287 2455.0 -0.51654 1.443201 0.0 -0.910615 -1.476315 -16.615133 -0.192789 0.043577 14.167834 113.0
