 time p.x p.y p.z deep.node-0 CV opes.bias opes.rct opes.zed opes.neff opes.nker
0 12540.0 0.007497 0.468614 0.0 0.720244 -0.86051 -9.151888 -0.356701 0.036207 14.167834 136.0
1 12540.0 0.034616 0.4773 0.0 0.729532 -0.86051 -9.151888 -0.356701 0.036207 14.167834 136.0
2 12540.0 0.017613 0.492859 0.0 0.702432 -0.86051 -9.151888 -0.356701 0.036207 14.167834 136.0
3 12540.0 0.037663 0.489311 0.0 0.719397 -0.86051 -9.151888 -0.356701 0.036207 14.167834 136.0
4 12540.0 0.061815 0.522692 0.0 0.701694 -0.86051 -9.151888 -0.356701 0.036207 14.167834 136.0
5 12540.0 0.030916 0.519946 0.0 0.683869 -0.86051 -9.151888 -0.356701 0.036207 14.167834 136.0
6 12540.0 0.039253 0.519984 0.0 0.68939 -0.86051 -9.151888 -0.356701 0.036207 14.167834 136.0
7 12540.0 0.040423 0.507031 0.0 0.703289 -0.86051 -9.151888 -0.356701 0.036207 14.167834 136.0
8 12540.0 0.043606 0.50894 0.0 0.703479 -0.86051 -9.151888 -0.356701 0.036207 14.167834 136.0
9 12540.0 0.041786 0.508842 0.0 0.702364 -0.86051 -9.151888 -0.356701 0.036207 14.167834 136.0
10 12540.0 0.049042 0.501974 0.0 0.71416 -0.86051 -9.151888 -0.356701 0.036207 14.167834 136.0
11 12540.0 0.056264 0.513857 0.0 0.70694 -0.86051 -9.151888 -0.356701 0.036207 14.167834 136.0
12 12540.0 0.056873 0.516106 0.0 0.705068 -0.86051 -9.151888 -0.356701 0.036207 14.167834 136.0
13 12540.0 0.073012 0.520654 0.0 0.711224 -0.86051 -9.151888 -0.356701 0.036207 14.167834 136.0
14 12540.0 0.071842 0.513323 0.0 0.71787 -0.86051 -9.151888 -0.356701 0.036207 14.167834 136.0
15 12540.0 0.059589 0.511524 0.0 0.71152 -0.86051 -9.151888 -0.356701 0.036207 14.167834 136.0
16 12540.0 0.041751 0.512205 0.0 0.698935 -0.86051 -9.151888 -0.356701 0.036207 14.167834 136.0
17 12540.0 0.047151 0.484528 0.0 0.730569 -0.86051 -9.151888 -0.356701 0.036207 14.167834 136.0
18 12540.0 0.068017 0.481792 0.0 0.747256 -0.86051 -9.151888 -0.356701 0.036207 14.167834 136.0
19 12540.0 0.077886 0.482544 0.0 0.753076 -0.86051 -9.151888 -0.356701 0.036207 14.167834 136.0
20 12540.0 0.084689 0.484602 0.0 0.755529 -0.86051 -9.151888 -0.356701 0.036207 14.167834 136.0
21 12540.0 0.068704 0.492951 0.0 0.736412 -0.86051 -9.151888 -0.356701 0.036207 14.167834 136.0
22 12540.0 0.05683 0.51025 0.0 0.710971 -0.86051 -9.151888 -0.356701 0.036207 14.167834 136.0
23 12540.0 0.060766 0.488077 0.0 0.736054 -0.86051 -9.151888 -0.356701 0.036207 14.167834 136.0
24 12540.0 0.044113 0.494499 0.0 0.718444 -0.86051 -9.151888 -0.356701 0.036207 14.167834 136.0
25 12540.0 0.035786 0.50687 0.0 0.70036 -0.86051 -9.151888 -0.356701 0.036207 14.167834 136.0
26 12540.0 0.016993 0.540453 0.0 0.653811 -0.86051 -9.151888 -0.356701 0.036207 14.167834 136.0
27 12540.0 0.009238 0.561724 0.0 0.627095 -0.86051 -9.151888 -0.356701 0.036207 14.167834 136.0
28 12540.0 -0.012426 0.574361 0.0 0.599847 -0.86051 -9.151888 -0.356701 0.036207 14.167834 136.0
29 12540.0 -0.009179 0.556149 0.0 0.620459 -0.86051 -9.151888 -0.356701 0.036207 14.167834 136.0
30 12540.0 -0.035459 0.549139 0.0 0.608824 -0.86051 -9.151888 -0.356701 0.036207 14.167834 136.0
31 12540.0 -0.049008 0.536281 0.0 0.610914 -0.86051 -9.151888 -0.356701 0.036207 14.167834 136.0
32 12540.0 -0.034274 0.536769 0.0 0.623075 -0.86051 -9.151888 -0.356701 0.036207 14.167834 136.0
33 12540.0 -0.04369 0.527776 0.0 0.624589 -0.86051 -9.151888 -0.356701 0.036207 14.167834 136.0
34 12540.0 -0.052951 0.537487 0.0 0.606232 -0.86051 -9.151888 -0.356701 0.036207 14.167834 136.0
35 12540.0 -0.056067 0.515985 0.0 0.626549 -0.86051 -9.151888 -0.356701 0.036207 14.167834 136.0
36 12540.0 -0.059582 0.53905 0.0 0.598852 -0.86051 -9.151888 -0.356701 0.036207 14.167834 136.0
37 12540.0 -0.059028 0.51741 0.0 0.622475 -0.86051 -9.151888 -0.356701 0.036207 14.167834 136.0
38 12540.0 -0.083356 0.528736 0.0 0.589422 -0.86051 -9.151888 -0.356701 0.036207 14.167834 136.0
39 12540.0 -0.088438 0.522121 0.0 0.592124 -0.86051 -9.151888 -0.356701 0.036207 14.167834 136.0
40 12540.0 -0.087295 0.523934 0.0 0.591169 -0.86051 -9.151888 -0.356701 0.036207 14.167834 136.0
41 12540.0 -0.074742 0.519648 0.0 0.606557 -0.86051 -9.151888 -0.356701 0.036207 14.167834 136.0
42 12540.0 -0.060259 0.501777 0.0 0.638136 -0.86051 -9.151888 -0.356701 0.036207 14.167834 136.0
43 12540.0 -0.052465 0.497659 0.0 0.649249 -0.86051 -9.151888 -0.356701 0.036207 14.167834 136.0
44 12540.0 -0.060683 0.490069 0.0 0.650294 -0.86051 -9.151888 -0.356701 0.036207 14.167834 136.0
45 12540.0 -0.082962 0.494425 0.0 0.62646 -0.86051 -9.151888 -0.356701 0.036207 14.167834 136.0
46 12540.0 -0.065042 0.492265 0.0 0.644194 -0.86051 -9.151888 -0.356701 0.036207 14.167834 136.0
47 12540.0 -0.057079 0.493816 0.0 0.649388 -0.86051 -9.151888 -0.356701 0.036207 14.167834 136.0
48 12540.0 -0.079867 0.516477 0.0 0.605537 -0.86051 -9.151888 -0.356701 0.036207 14.167834 136.0
49 12540.0 -0.055061 0.512192 0.0 0.631471 -0.86051 -9.151888 -0.356701 0.036207 14.167834 136.0
50 12540.0 -0.078706 0.520818 0.0 0.601894 -0.86051 -9.151888 -0.356701 0.036207 14.167834 136.0
51 12540.0 -0.053272 0.510848 0.0 0.634449 -0.86051 -9.151888 -0.356701 0.036207 14.167834 136.0
52 12540.0 -0.048688 0.500529 0.0 0.649431 -0.86051 -9.151888 -0.356701 0.036207 14.167834 136.0
53 12540.0 -0.036621 0.508988 0.0 0.649927 -0.86051 -9.151888 -0.356701 0.036207 14.167834 136.0
54 12540.0 -0.051916 0.52549 0.0 0.619954 -0.86051 -9.151888 -0.356701 0.036207 14.167834 136.0
55 12540.0 -0.035376 0.52867 0.0 0.630789 -0.86051 -9.151888 -0.356701 0.036207 14.167834 136.0
56 12540.0 -0.034087 0.519405 0.0 0.641066 -0.86051 -9.151888 -0.356701 0.036207 14.167834 136.0
57 12540.0 -0.07003 0.535563 0.0 0.593589 -0.86051 -9.151888 -0.356701 0.036207 14.167834 136.0
58 12540.0 -0.07441 0.545218 0.0 0.579494 -0.86051 -9.151888 -0.356701 0.036207 14.167834 136.0
59 12540.0 -0.08568 0.542113 0.0 0.573115 -0.86051 -9.151888 -0.356701 0.036207 14.167834 136.0
60 12540.0 -0.104387 0.518508 0.0 0.582262 -0.86051 -9.151888 -0.356701 0.036207 14.167834 136.0
61 12540.0 -0.074221 0.519801 0.0 0.606841 -0.86051 -9.151888 -0.356701 0.036207 14.167834 136.0
62 12540.0 -0.083629 0.521948 0.0 0.596447 -0.86051 -9.151888 -0.356701 0.036207 14.167834 136.0
63 12540.0 -0.077483 0.526647 0.0 0.596712 -0.86051 -9.151888 -0.356701 0.036207 14.167834 136.0
64 12540.0 -0.094688 0.539292 0.0 0.568378 -0.86051 -9.151888 -0.356701 0.036207 14.167834 136.0
65 12540.0 -0.088175 0.522932 0.0 0.591483 -0.86051 -9.151888 -0.356701 0.036207 14.167834 136.0
66 12540.0 -0.090336 0.524293 0.0 0.588168 -0.86051 -9.151888 -0.356701 0.036207 14.167834 136.0
67 12540.0 -0.088361 0.531324 0.0 0.582346 -0.86051 -9.151888 -0.356701 0.036207 14.167834 136.0
68 12540.0 -0.086997 0.549764 0.0 0.563798 -0.86051 -9.151888 -0.356701 0.036207 14.167834 136.0
69 12540.0 -0.099812 0.529296 0.0 0.57466 -0.86051 -9.151888 -0.356701 0.036207 14.167834 136.0
70 12540.0 -0.106995 0.522422 0.0 0.575831 -0.86051 -9.151888 -0.356701 0.036207 14.167834 136.0
71 12540.0 -0.092319 0.517043 0.0 0.594215 -0.86051 -9.151888 -0.356701 0.036207 14.167834 136.0
72 12540.0 -0.098818 0.528878 0.0 0.575963 -0.86051 -9.151888 -0.356701 0.036207 14.167834 136.0
73 12540.0 -0.109857 0.522294 0.0 0.573504 -0.86051 -9.151888 -0.356701 0.036207 14.167834 136.0
74 12540.0 -0.080616 0.500319 0.0 0.622176 -0.86051 -9.151888 -0.356701 0.036207 14.167834 136.0
75 12540.0 -0.076292 0.482857 0.0 0.644574 -0.86051 -9.151888 -0.356701 0.036207 14.167834 136.0
76 12540.0 -0.061332 0.471113 0.0 0.670011 -0.86051 -9.151888 -0.356701 0.036207 14.167834 136.0
77 12540.0 -0.047135 0.480737 0.0 0.67153 -0.86051 -9.151888 -0.356701 0.036207 14.167834 136.0
78 12540.0 -0.043815 0.482868 0.0 0.671585 -0.86051 -9.151888 -0.356701 0.036207 14.167834 136.0
79 12540.0 -0.037042 0.475451 0.0 0.683615 -0.86051 -9.151888 -0.356701 0.036207 14.167834 136.0
80 12540.0 -0.039052 0.491791 0.0 0.665724 -0.86051 -9.151888 -0.356701 0.036207 14.167834 136.0
81 12540.0 -0.047555 0.498088 0.0 0.653016 -0.86051 -9.151888 -0.356701 0.036207 14.167834 136.0
82 12540.0 -0.057011 0.477733 0.0 0.666649 -0.86051 -9.151888 -0.356701 0.036207 14.167834 136.0
83 12540.0 -0.083832 0.498258 0.0 0.621612 -0.86051 -9.151888 -0.356701 0.036207 14.167834 136.0
84 12540.0 -0.088267 0.499366 0.0 0.616609 -0.86051 -9.151888 -0.356701 0.036207 14.167834 136.0
85 12540.0 -0.089192 0.48772 0.0 0.62827 -0.86051 -9.151888 -0.356701 0.036207 14.167834 136.0
86 12540.0 -0.10279 0.509221 0.0 0.593569 -0.86051 -9.151888 -0.356701 0.036207 14.167834 136.0
87 12540.0 -0.100525 0.536498 0.0 0.566344 -0.86051 -9.151888 -0.356701 0.036207 14.167834 136.0
88 12540.0 -0.098077 0.566916 0.0 0.535915 -0.86051 -9.151888 -0.356701 0.036207 14.167834 136.0
89 12540.0 -0.086848 0.58027 0.0 0.531297 -0.86051 -9.151888 -0.356701 0.036207 14.167834 136.0
90 12540.0 -0.081017 0.569165 0.0 0.548194 -0.86051 -9.151888 -0.356701 0.036207 14.167834 136.0
91 12540.0 -0.06616 0.558873 0.0 0.571988 -0.86051 -9.151888 -0.356701 0.036207 14.167834 136.0
92 12540.0 -0.094461 0.546337 0.0 0.561038 -0.86051 -9.151888 -0.356701 0.036207 14.167834 136.0
93 12540.0 -0.094512 0.555835 0.0 0.550836 -0.86051 -9.151888 -0.356701 0.036207 14.167834 136.0
94 12540.0 -0.130869 0.562887 0.0 0.512001 -0.86051 -9.151888 -0.356701 0.036207 14.167834 136.0
95 12540.0 -0.107347 0.576198 0.0 0.51801 -0.86051 -9.151888 -0.356701 0.036207 14.167834 136.0
96 12540.0 -0.119528 0.559387 0.0 0.525506 -0.86051 -9.151888 -0.356701 0.036207 14.167834 136.0
97 12540.0 -0.135144 0.551189 0.0 0.520834 -0.86051 -9.151888 -0.356701 0.036207 14.167834 136.0
98 12540.0 -0.140706 0.566683 0.0 0.499469 -0.86051 -9.151888 -0.356701 0.036207 14.167834 136.0
99 12540.0 -0.146753 0.541657 0.0 0.521038 -0.86051 -9.151888 -0.356701 0.036207 14.167834 136.0
100 12540.0 -0.148353 0.517046 0.0 0.545985 -0.86051 -9.151888 -0.356701 0.036207 14.167834 136.0
101 12540.0 -0.157911 0.508632 0.0 0.546758 -0.86051 -9.151888 -0.356701 0.036207 14.167834 136.0
102 12540.0 -0.126074 0.531641 0.0 0.549549 -0.86051 -9.151888 -0.356701 0.036207 14.167834 136.0
103 12540.0 -0.118163 0.500131 0.0 0.59006 -0.86051 -9.151888 -0.356701 0.036207 14.167834 136.0
104 12540.0 -0.095982 0.487689 0.0 0.622458 -0.86051 -9.151888 -0.356701 0.036207 14.167834 136.0
105 12540.0 -0.10945 0.496466 0.0 0.601479 -0.86051 -9.151888 -0.356701 0.036207 14.167834 136.0
106 12540.0 -0.114991 0.499808 0.0 0.593136 -0.86051 -9.151888 -0.356701 0.036207 14.167834 136.0
107 12540.0 -0.098189 0.49226 0.0 0.615671 -0.86051 -9.151888 -0.356701 0.036207 14.167834 136.0
108 12540.0 -0.084621 0.493667 0.0 0.625843 -0.86051 -9.151888 -0.356701 0.036207 14.167834 136.0
109 12540.0 -0.084872 0.481416 0.0 0.638731 -0.86051 -9.151888 -0.356701 0.036207 14.167834 136.0
110 12540.0 -0.079153 0.492374 0.0 0.631932 -0.86051 -9.151888 -0.356701 0.036207 14.167834 136.0
111 12540.0 -0.072795 0.502082 0.0 0.627021 -0.86051 -9.151888 -0.356701 0.036207 14.167834 136.0
112 12540.0 -0.054495 0.500996 0.0 0.643933 -0.86051 -9.151888 -0.356701 0.036207 14.167834 136.0
113 12540.0 -0.075148 0.508189 0.0 0.618463 -0.86051 -9.151888 -0.356701 0.036207 14.167834 136.0
114 12540.0 -0.068706 0.503561 0.0 0.628958 -0.86051 -9.151888 -0.356701 0.036207 14.167834 136.0
115 12540.0 -0.075662 0.488758 0.0 0.638805 -0.86051 -9.151888 -0.356701 0.036207 14.167834 136.0
116 12540.0 -0.074811 0.504386 0.0 0.622821 -0.86051 -9.151888 -0.356701 0.036207 14.167834 136.0
117 12540.0 -0.07536 0.515762 0.0 0.610182 -0.86051 -9.151888 -0.356701 0.036207 14.167834 136.0
118 12540.0 -0.062928 0.526813 0.0 0.609061 -0.86051 -9.151888 -0.356701 0.036207 14.167834 136.0
119 12540.0 -0.05763 0.512286 0.0 0.62916 -0.86051 -9.151888 -0.356701 0.036207 14.167834 136.0
120 12540.0 -0.042672 0.495869 0.0 0.659179 -0.86051 -9.151888 -0.356701 0.036207 14.167834 136.0
121 12540.0 -0.024989 0.507325 0.0 0.659369 -0.86051 -9.151888 -0.356701 0.036207 14.167834 136.0
122 12540.0 -0.02196 0.478701 0.0 0.690382 -0.86051 -9.151888 -0.356701 0.036207 14.167834 136.0
123 12540.0 -0.05276 0.47487 0.0 0.673371 -0.86051 -9.151888 -0.356701 0.036207 14.167834 136.0
124 12540.0 -0.047104 0.493813 0.0 0.657977 -0.86051 -9.151888 -0.356701 0.036207 14.167834 136.0
125 12540.0 -0.038319 0.46875 0.0 0.689551 -0.86051 -9.151888 -0.356701 0.036207 14.167834 136.0
126 12540.0 -0.023164 0.47287 0.0 0.695485 -0.86051 -9.151888 -0.356701 0.036207 14.167834 136.0
127 12540.0 -0.014441 0.491794 0.0 0.682134 -0.86051 -9.151888 -0.356701 0.036207 14.167834 136.0
128 12540.0 -0.023701 0.483179 0.0 0.684685 -0.86051 -9.151888 -0.356701 0.036207 14.167834 136.0
129 12540.0 -0.042599 0.503181 0.0 0.651822 -0.86051 -9.151888 -0.356701 0.036207 14.167834 136.0
130 12540.0 -0.05361 0.49065 0.0 0.655761 -0.86051 -9.151888 -0.356701 0.036207 14.167834 136.0
131 12540.0 -0.055518 0.495721 0.0 0.648694 -0.86051 -9.151888 -0.356701 0.036207 14.167834 136.0
132 12540.0 -0.035295 0.49315 0.0 0.666853 -0.86051 -9.151888 -0.356701 0.036207 14.167834 136.0
133 12540.0 -0.047807 0.490953 0.0 0.660432 -0.86051 -9.151888 -0.356701 0.036207 14.167834 136.0
134 12540.0 -0.025374 0.505398 0.0 0.661063 -0.86051 -9.151888 -0.356701 0.036207 14.167834 136.0
135 12540.0 -0.034181 0.496826 0.0 0.663873 -0.86051 -9.151888 -0.356701 0.036207 14.167834 136.0
136 12540.0 -0.039598 0.521087 0.0 0.635265 -0.86051 -9.151888 -0.356701 0.036207 14.167834 136.0
137 12540.0 -0.053464 0.537526 0.0 0.605748 -0.86051 -9.151888 -0.356701 0.036207 14.167834 136.0
138 12540.0 -0.051107 0.523431 0.0 0.622853 -0.86051 -9.151888 -0.356701 0.036207 14.167834 136.0
139 12540.0 -0.048501 0.509692 0.0 0.639791 -0.86051 -9.151888 -0.356701 0.036207 14.167834 136.0
140 12540.0 -0.070857 0.539247 0.0 0.588937 -0.86051 -9.151888 -0.356701 0.036207 14.167834 136.0
141 12540.0 -0.071027 0.572585 0.0 0.553134 -0.86051 -9.151888 -0.356701 0.036207 14.167834 136.0
142 12540.0 -0.096848 0.551734 0.0 0.553212 -0.86051 -9.151888 -0.356701 0.036207 14.167834 136.0
143 12540.0 -0.066689 0.559983 0.0 0.570346 -0.86051 -9.151888 -0.356701 0.036207 14.167834 136.0
144 12540.0 -0.062078 0.55718 0.0 0.577312 -0.86051 -9.151888 -0.356701 0.036207 14.167834 136.0
145 12540.0 -0.046956 0.55535 0.0 0.592285 -0.86051 -9.151888 -0.356701 0.036207 14.167834 136.0
146 12540.0 -0.041286 0.539076 0.0 0.614572 -0.86051 -9.151888 -0.356701 0.036207 14.167834 136.0
147 12540.0 -0.013358 0.550599 0.0 0.623293 -0.86051 -9.151888 -0.356701 0.036207 14.167834 136.0
148 12540.0 -0.012567 0.544498 0.0 0.630001 -0.86051 -9.151888 -0.356701 0.036207 14.167834 136.0
149 12540.0 -0.016939 0.538916 0.0 0.632739 -0.86051 -9.151888 -0.356701 0.036207 14.167834 136.0
150 12540.0 -0.021768 0.516341 0.0 0.652385 -0.86051 -9.151888 -0.356701 0.036207 14.167834 136.0
151 12540.0 0.004305 0.51997 0.0 0.666097 -0.86051 -9.151888 -0.356701 0.036207 14.167834 136.0
152 12540.0 0.006027 0.491306 0.0 0.696279 -0.86051 -9.151888 -0.356701 0.036207 14.167834 136.0
153 12540.0 -0.006149 0.501061 0.0 0.678277 -0.86051 -9.151888 -0.356701 0.036207 14.167834 136.0
154 12540.0 -0.002746 0.508021 0.0 0.673498 -0.86051 -9.151888 -0.356701 0.036207 14.167834 136.0
155 12540.0 -0.003853 0.527159 0.0 0.653374 -0.86051 -9.151888 -0.356701 0.036207 14.167834 136.0
156 12540.0 0.000244 0.538964 0.0 0.644151 -0.86051 -9.151888 -0.356701 0.036207 14.167834 136.0
157 12540.0 0.003223 0.504968 0.0 0.68057 -0.86051 -9.151888 -0.356701 0.036207 14.167834 136.0
158 12540.0 -0.004657 0.496397 0.0 0.683997 -0.86051 -9.151888 -0.356701 0.036207 14.167834 136.0
159 12540.0 -0.009875 0.511018 0.0 0.665708 -0.86051 -9.151888 -0.356701 0.036207 14.167834 136.0
160 12540.0 -0.018248 0.505499 0.0 0.665713 -0.86051 -9.151888 -0.356701 0.036207 14.167834 136.0
161 12540.0 -0.007594 0.514772 0.0 0.663426 -0.86051 -9.151888 -0.356701 0.036207 14.167834 136.0
162 12540.0 -0.006846 0.50376 0.0 0.675079 -0.86051 -9.151888 -0.356701 0.036207 14.167834 136.0
163 12540.0 -0.037687 0.491957 0.0 0.666466 -0.86051 -9.151888 -0.356701 0.036207 14.167834 136.0
164 12540.0 -0.049223 0.499734 0.0 0.649821 -0.86051 -9.151888 -0.356701 0.036207 14.167834 136.0
165 12540.0 -0.074163 0.512583 0.0 0.614611 -0.86051 -9.151888 -0.356701 0.036207 14.167834 136.0
166 12540.0 -0.09798 0.521003 0.0 0.585108 -0.86051 -9.151888 -0.356701 0.036207 14.167834 136.0
167 12540.0 -0.085244 0.521129 0.0 0.595933 -0.86051 -9.151888 -0.356701 0.036207 14.167834 136.0
168 12540.0 -0.081783 0.509279 0.0 0.611587 -0.86051 -9.151888 -0.356701 0.036207 14.167834 136.0
169 12540.0 -0.093624 0.496137 0.0 0.615453 -0.86051 -9.151888 -0.356701 0.036207 14.167834 136.0
170 12540.0 -0.092556 0.510927 0.0 0.600552 -0.86051 -9.151888 -0.356701 0.036207 14.167834 136.0
171 12540.0 -0.089482 0.515432 0.0 0.59838 -0.86051 -9.151888 -0.356701 0.036207 14.167834 136.0
172 12540.0 -0.105 0.511482 0.0 0.589249 -0.86051 -9.151888 -0.356701 0.036207 14.167834 136.0
173 12540.0 -0.10386 0.5067 0.0 0.595345 -0.86051 -9.151888 -0.356701 0.036207 14.167834 136.0
174 12540.0 -0.109997 0.511508 0.0 0.58492 -0.86051 -9.151888 -0.356701 0.036207 14.167834 136.0
175 12540.0 -0.125067 0.492138 0.0 0.592667 -0.86051 -9.151888 -0.356701 0.036207 14.167834 136.0
176 12540.0 -0.137229 0.501209 0.0 0.572497 -0.86051 -9.151888 -0.356701 0.036207 14.167834 136.0
177 12540.0 -0.129956 0.515045 0.0 0.563959 -0.86051 -9.151888 -0.356701 0.036207 14.167834 136.0
178 12540.0 -0.130015 0.509911 0.0 0.569399 -0.86051 -9.151888 -0.356701 0.036207 14.167834 136.0
179 12540.0 -0.121542 0.511833 0.0 0.574636 -0.86051 -9.151888 -0.356701 0.036207 14.167834 136.0
180 12540.0 -0.088652 0.507791 0.0 0.607267 -0.86051 -9.151888 -0.356701 0.036207 14.167834 136.0
181 12540.0 -0.078844 0.49991 0.0 0.624138 -0.86051 -9.151888 -0.356701 0.036207 14.167834 136.0
182 12540.0 -0.083606 0.499732 0.0 0.62023 -0.86051 -9.151888 -0.356701 0.036207 14.167834 136.0
183 12540.0 -0.078587 0.482434 0.0 0.643051 -0.86051 -9.151888 -0.356701 0.036207 14.167834 136.0
184 12540.0 -0.098407 0.524368 0.0 0.581141 -0.86051 -9.151888 -0.356701 0.036207 14.167834 136.0
185 12540.0 -0.086935 0.536152 0.0 0.57841 -0.86051 -9.151888 -0.356701 0.036207 14.167834 136.0
186 12540.0 -0.094106 0.513494 0.0 0.596473 -0.86051 -9.151888 -0.356701 0.036207 14.167834 136.0
187 12540.0 -0.087984 0.516306 0.0 0.598734 -0.86051 -9.151888 -0.356701 0.036207 14.167834 136.0
188 12540.0 -0.071723 0.527768 0.0 0.600471 -0.86051 -9.151888 -0.356701 0.036207 14.167834 136.0
189 12540.0 -0.113978 0.507882 0.0 0.585371 -0.86051 -9.151888 -0.356701 0.036207 14.167834 136.0
190 12540.0 -0.108627 0.519693 0.0 0.577345 -0.86051 -9.151888 -0.356701 0.036207 14.167834 136.0
191 12540.0 -0.11106 0.502075 0.0 0.594094 -0.86051 -9.151888 -0.356701 0.036207 14.167834 136.0
192 12540.0 -0.097836 0.492464 0.0 0.615756 -0.86051 -9.151888 -0.356701 0.036207 14.167834 136.0
193 12540.0 -0.086105 0.502445 0.0 0.615177 -0.86051 -9.151888 -0.356701 0.036207 14.167834 136.0
194 12540.0 -0.08542 0.489684 0.0 0.629415 -0.86051 -9.151888 -0.356701 0.036207 14.167834 136.0
195 12540.0 -0.082754 0.495634 0.0 0.625347 -0.86051 -9.151888 -0.356701 0.036207 14.167834 136.0
196 12540.0 -0.081105 0.477592 0.0 0.646063 -0.86051 -9.151888 -0.356701 0.036207 14.167834 136.0
197 12540.0 -0.091083 0.489264 0.0 0.62499 -0.86051 -9.151888 -0.356701 0.036207 14.167834 136.0
198 12540.0 -0.126981 0.491713 0.0 0.591474 -0.86051 -9.151888 -0.356701 0.036207 14.167834 136.0
199 12540.0 -0.135789 0.501156 0.0 0.573794 -0.86051 -9.151888 -0.356701 0.036207 14.167834 136.0
200 12540.0 -0.125316 0.499425 0.0 0.584659 -0.86051 -9.151888 -0.356701 0.036207 14.167834 136.0
201 12540.0 -0.141401 0.506616 0.0 0.563123 -0.86051 -9.151888 -0.356701 0.036207 14.167834 136.0
202 12540.0 -0.153222 0.508187 0.0 0.551269 -0.86051 -9.151888 -0.356701 0.036207 14.167834 136.0
203 12540.0 -0.147159 0.547798 0.0 0.514121 -0.86051 -9.151888 -0.356701 0.036207 14.167834 136.0
204 12540.0 -0.150736 0.51431 0.0 0.54686 -0.86051 -9.151888 -0.356701 0.036207 14.167834 136.0
205 12540.0 -0.12694 0.536169 0.0 0.54396 -0.86051 -9.151888 -0.356701 0.036207 14.167834 136.0
206 12540.0 -0.117377 0.541766 0.0 0.546205 -0.86051 -9.151888 -0.356701 0.036207 14.167834 136.0
207 12540.0 -0.11562 0.527548 0.0 0.562924 -0.86051 -9.151888 -0.356701 0.036207 14.167834 136.0
208 12540.0 -0.112116 0.519186 0.0 0.574884 -0.86051 -9.151888 -0.356701 0.036207 14.167834 136.0
209 12540.0 -0.105215 0.502648 0.0 0.598511 -0.86051 -9.151888 -0.356701 0.036207 14.167834 136.0
210 12540.0 -0.122062 0.50371 0.0 0.582876 -0.86051 -9.151888 -0.356701 0.036207 14.167834 136.0
211 12540.0 -0.131219 0.515634 0.0 0.562241 -0.86051 -9.151888 -0.356701 0.036207 14.167834 136.0
212 12540.0 -0.129641 0.515483 0.0 0.563762 -0.86051 -9.151888 -0.356701 0.036207 14.167834 136.0
213 12540.0 -0.120781 0.531088 0.0 0.554696 -0.86051 -9.151888 -0.356701 0.036207 14.167834 136.0
214 12540.0 -0.143304 0.540684 0.0 0.525047 -0.86051 -9.151888 -0.356701 0.036207 14.167834 136.0
215 12540.0 -0.146027 0.530739 0.0 0.53334 -0.86051 -9.151888 -0.356701 0.036207 14.167834 136.0
216 12540.0 -0.154809 0.510818 0.0 0.547089 -0.86051 -9.151888 -0.356701 0.036207 14.167834 136.0
217 12540.0 -0.128488 0.501236 0.0 0.579992 -0.86051 -9.151888 -0.356701 0.036207 14.167834 136.0
218 12540.0 -0.153997 0.507888 0.0 0.550922 -0.86051 -9.151888 -0.356701 0.036207 14.167834 136.0
219 12540.0 -0.154545 0.506117 0.0 0.552345 -0.86051 -9.151888 -0.356701 0.036207 14.167834 136.0
220 12540.0 -0.154615 0.497409 0.0 0.561598 -0.86051 -9.151888 -0.356701 0.036207 14.167834 136.0
221 12540.0 -0.168616 0.490889 0.0 0.556521 -0.86051 -9.151888 -0.356701 0.036207 14.167834 136.0
222 12540.0 -0.173025 0.49633 0.0 0.546906 -0.86051 -9.151888 -0.356701 0.036207 14.167834 136.0
223 12540.0 -0.172583 0.508725 0.0 0.53403 -0.86051 -9.151888 -0.356701 0.036207 14.167834 136.0
224 12540.0 -0.169059 0.536932 0.0 0.506855 -0.86051 -9.151888 -0.356701 0.036207 14.167834 136.0
225 12540.0 -0.181875 0.567256 0.0 0.457624 -0.86051 -9.151888 -0.356701 0.036207 14.167834 136.0
226 12540.0 -0.213423 0.559874 0.0 0.43495 -0.86051 -9.151888 -0.356701 0.036207 14.167834 136.0
227 12540.0 -0.244425 0.547487 0.0 0.418834 -0.86051 -9.151888 -0.356701 0.036207 14.167834 136.0
228 12540.0 -0.288292 0.529762 0.0 0.396266 -0.86051 -9.151888 -0.356701 0.036207 14.167834 136.0
229 12540.0 -0.305781 0.529396 0.0 0.379222 -0.86051 -9.151888 -0.356701 0.036207 14.167834 136.0
230 12540.0 -0.312902 0.524443 0.0 0.378051 -0.86051 -9.151888 -0.356701 0.036207 14.167834 136.0
231 12540.0 -0.338594 0.50855 0.0 0.371453 -0.86051 -9.151888 -0.356701 0.036207 14.167834 136.0
232 12540.0 -0.346008 0.488119 0.0 0.388578 -0.86051 -9.151888 -0.356701 0.036207 14.167834 136.0
233 12540.0 -0.338676 0.458316 0.0 0.431701 -0.86051 -9.151888 -0.356701 0.036207 14.167834 136.0
234 12540.0 -0.34815 0.462453 0.0 0.417261 -0.86051 -9.151888 -0.356701 0.036207 14.167834 136.0
235 12540.0 -0.347711 0.472876 0.0 0.405182 -0.86051 -9.151888 -0.356701 0.036207 14.167834 136.0
236 12540.0 -0.335838 0.498337 0.0 0.386474 -0.86051 -9.151888 -0.356701 0.036207 14.167834 136.0
237 12540.0 -0.342794 0.52147 0.0 0.351739 -0.86051 -9.151888 -0.356701 0.036207 14.167834 136.0
238 12540.0 -0.328393 0.542546 0.0 0.340824 -0.86051 -9.151888 -0.356701 0.036207 14.167834 136.0
239 12540.0 -0.306984 0.521947 0.0 0.386964 -0.86051 -9.151888 -0.356701 0.036207 14.167834 136.0
240 12540.0 -0.348433 0.522301 0.0 0.345102 -0.86051 -9.151888 -0.356701 0.036207 14.167834 136.0
241 12540.0 -0.359206 0.521249 0.0 0.335597 -0.86051 -9.151888 -0.356701 0.036207 14.167834 136.0
242 12540.0 -0.3469 0.549909 0.0 0.313479 -0.86051 -9.151888 -0.356701 0.036207 14.167834 136.0
243 12540.0 -0.332845 0.52856 0.0 0.353169 -0.86051 -9.151888 -0.356701 0.036207 14.167834 136.0
244 12540.0 -0.345167 0.548188 0.0 0.317279 -0.86051 -9.151888 -0.356701 0.036207 14.167834 136.0
245 12540.0 -0.381305 0.546635 0.0 0.283015 -0.86051 -9.151888 -0.356701 0.036207 14.167834 136.0
246 12540.0 -0.384309 0.559831 0.0 0.264165 -0.86051 -9.151888 -0.356701 0.036207 14.167834 136.0
247 12540.0 -0.37185 0.546235 0.0 0.292949 -0.86051 -9.151888 -0.356701 0.036207 14.167834 136.0
248 12540.0 -0.374346 0.534068 0.0 0.305065 -0.86051 -9.151888 -0.356701 0.036207 14.167834 136.0
249 12540.0 -0.378399 0.517017 0.0 0.321491 -0.86051 -9.151888 -0.356701 0.036207 14.167834 136.0
250 12540.0 -0.387989 0.508579 0.0 0.322038 -0.86051 -9.151888 -0.356701 0.036207 14.167834 136.0
251 12540.0 -0.414953 0.505718 0.0 0.298516 -0.86051 -9.151888 -0.356701 0.036207 14.167834 136.0
252 12540.0 -0.408064 0.509756 0.0 0.300555 -0.86051 -9.151888 -0.356701 0.036207 14.167834 136.0
253 12540.0 -0.394188 0.507509 0.0 0.317126 -0.86051 -9.151888 -0.356701 0.036207 14.167834 136.0
254 12540.0 -0.384333 0.495318 0.0 0.341619 -0.86051 -9.151888 -0.356701 0.036207 14.167834 136.0
255 12540.0 -0.375694 0.483181 0.0 0.364832 -0.86051 -9.151888 -0.356701 0.036207 14.167834 136.0
256 12540.0 -0.408421 0.47238 0.0 0.345085 -0.86051 -9.151888 -0.356701 0.036207 14.167834 136.0
257 12540.0 -0.421823 0.479859 0.0 0.322705 -0.86051 -9.151888 -0.356701 0.036207 14.167834 136.0
258 12540.0 -0.437411 0.515485 0.0 0.264336 -0.86051 -9.151888 -0.356701 0.036207 14.167834 136.0
259 12540.0 -0.439439 0.537826 0.0 0.235478 -0.86051 -9.151888 -0.356701 0.036207 14.167834 136.0
260 12540.0 -0.470814 0.54208 0.0 0.199002 -0.86051 -9.151888 -0.356701 0.036207 14.167834 136.0
261 12540.0 -0.484244 0.524266 0.0 0.206971 -0.86051 -9.151888 -0.356701 0.036207 14.167834 136.0
262 12540.0 -0.468924 0.535834 0.0 0.208393 -0.86051 -9.151888 -0.356701 0.036207 14.167834 136.0
263 12540.0 -0.480418 0.543773 0.0 0.187367 -0.86051 -9.151888 -0.356701 0.036207 14.167834 136.0
264 12540.0 -0.495735 0.544456 0.0 0.171234 -0.86051 -9.151888 -0.356701 0.036207 14.167834 136.0
265 12540.0 -0.517072 0.560226 0.0 0.130965 -0.86051 -9.151888 -0.356701 0.036207 14.167834 136.0
266 12540.0 -0.518383 0.572687 0.0 0.114689 -0.86051 -9.151888 -0.356701 0.036207 14.167834 136.0
267 12540.0 -0.53822 0.557114 0.0 0.11356 -0.86051 -9.151888 -0.356701 0.036207 14.167834 136.0
268 12540.0 -0.567911 0.544361 0.0 0.099193 -0.86051 -9.151888 -0.356701 0.036207 14.167834 136.0
269 12540.0 -0.565637 0.546141 0.0 0.099328 -0.86051 -9.151888 -0.356701 0.036207 14.167834 136.0
270 12540.0 -0.553746 0.539722 0.0 0.118926 -0.86051 -9.151888 -0.356701 0.036207 14.167834 136.0
271 12540.0 -0.568875 0.560514 0.0 0.07883 -0.86051 -9.151888 -0.356701 0.036207 14.167834 136.0
272 12540.0 -0.596329 0.528222 0.0 0.090166 -0.86051 -9.151888 -0.356701 0.036207 14.167834 136.0
273 12540.0 -0.606103 0.52344 0.0 0.086137 -0.86051 -9.151888 -0.356701 0.036207 14.167834 136.0
274 12540.0 -0.608649 0.549946 0.0 0.05176 -0.86051 -9.151888 -0.356701 0.036207 14.167834 136.0
275 12540.0 -0.634736 0.558031 0.0 0.015971 -0.86051 -9.151888 -0.356701 0.036207 14.167834 136.0
276 12540.0 -0.64099 0.580818 0.0 -0.017648 -0.86051 -9.151888 -0.356701 0.036207 14.167834 136.0
277 12540.0 -0.626389 0.580719 0.0 -0.002932 -0.86051 -9.151888 -0.356701 0.036207 14.167834 136.0
278 12540.0 -0.619385 0.589918 0.0 -0.006978 -0.86051 -9.151888 -0.356701 0.036207 14.167834 136.0
279 12540.0 -0.625647 0.599594 0.0 -0.024859 -0.86051 -9.151888 -0.356701 0.036207 14.167834 136.0
280 12540.0 -0.652206 0.597014 0.0 -0.048312 -0.86051 -9.151888 -0.356701 0.036207 14.167834 136.0
281 12540.0 -0.666096 0.598285 0.0 -0.063724 -0.86051 -9.151888 -0.356701 0.036207 14.167834 136.0
282 12540.0 -0.680432 0.610084 0.0 -0.092226 -0.86051 -9.151888 -0.356701 0.036207 14.167834 136.0
283 12540.0 -0.695071 0.607796 0.0 -0.104114 -0.86051 -9.151888 -0.356701 0.036207 14.167834 136.0
284 12540.0 -0.701279 0.585729 0.0 -0.083819 -0.86051 -9.151888 -0.356701 0.036207 14.167834 136.0
285 12540.0 -0.699431 0.576717 0.0 -0.071147 -0.86051 -9.151888 -0.356701 0.036207 14.167834 136.0
286 12540.0 -0.714357 0.591212 0.0 -0.103478 -0.86051 -9.151888 -0.356701 0.036207 14.167834 136.0
287 12540.0 -0.697283 0.635721 0.0 -0.140266 -0.86051 -9.151888 -0.356701 0.036207 14.167834 136.0
