 time p.x p.y p.z deep.node-0 CV opes.bias opes.rct opes.zed opes.neff opes.nker
0 1870.0 -0.12401 0.471461 0.0 0.615693 -1.554313 -17.06228 -0.165248 0.044362 14.167834 111.0
1 1870.0 -0.115364 0.510949 0.0 0.580898 -1.554313 -17.06228 -0.165248 0.044362 14.167834 111.0
2 1870.0 -0.072704 0.501892 0.0 0.627302 -1.554313 -17.06228 -0.165248 0.044362 14.167834 111.0
3 1870.0 -0.082889 0.511642 0.0 0.608107 -1.554313 -17.06228 -0.165248 0.044362 14.167834 111.0
4 1870.0 -0.085868 0.514438 0.0 0.602553 -1.554313 -17.06228 -0.165248 0.044362 14.167834 111.0
5 1870.0 -0.084722 0.530445 0.0 0.586419 -1.554313 -17.06228 -0.165248 0.044362 14.167834 111.0
6 1870.0 -0.10583 0.528412 0.0 0.570426 -1.554313 -17.06228 -0.165248 0.044362 14.167834 111.0
7 1870.0 -0.080316 0.513436 0.0 0.608403 -1.554313 -17.06228 -0.165248 0.044362 14.167834 111.0
8 1870.0 -0.069983 0.489657 0.0 0.642731 -1.554313 -17.06228 -0.165248 0.044362 14.167834 111.0
9 1870.0 -0.084908 0.473742 0.0 0.646907 -1.554313 -17.06228 -0.165248 0.044362 14.167834 111.0
10 1870.0 -0.074544 0.485454 0.0 0.643301 -1.554313 -17.06228 -0.165248 0.044362 14.167834 111.0
11 1870.0 -0.072224 0.499399 0.0 0.630382 -1.554313 -17.06228 -0.165248 0.044362 14.167834 111.0
12 1870.0 -0.081606 0.485189 0.0 0.637506 -1.554313 -17.06228 -0.165248 0.044362 14.167834 111.0
13 1870.0 -0.07971 0.516272 0.0 0.605892 -1.554313 -17.06228 -0.165248 0.044362 14.167834 111.0
14 1870.0 -0.089622 0.511327 0.0 0.602651 -1.554313 -17.06228 -0.165248 0.044362 14.167834 111.0
15 1870.0 -0.090696 0.470122 0.0 0.645797 -1.554313 -17.06228 -0.165248 0.044362 14.167834 111.0
16 1870.0 -0.111855 0.460694 0.0 0.63767 -1.554313 -17.06228 -0.165248 0.044362 14.167834 111.0
17 1870.0 -0.094491 0.462893 0.0 0.650264 -1.554313 -17.06228 -0.165248 0.044362 14.167834 111.0
18 1870.0 -0.100383 0.466528 0.0 0.641304 -1.554313 -17.06228 -0.165248 0.044362 14.167834 111.0
19 1870.0 -0.110666 0.49018 0.0 0.607156 -1.554313 -17.06228 -0.165248 0.044362 14.167834 111.0
20 1870.0 -0.084103 0.493873 0.0 0.626068 -1.554313 -17.06228 -0.165248 0.044362 14.167834 111.0
21 1870.0 -0.056465 0.517435 0.0 0.624655 -1.554313 -17.06228 -0.165248 0.044362 14.167834 111.0
22 1870.0 -0.051237 0.532801 0.0 0.612719 -1.554313 -17.06228 -0.165248 0.044362 14.167834 111.0
23 1870.0 -0.05217 0.542123 0.0 0.601945 -1.554313 -17.06228 -0.165248 0.044362 14.167834 111.0
24 1870.0 -0.079318 0.547388 0.0 0.572949 -1.554313 -17.06228 -0.165248 0.044362 14.167834 111.0
25 1870.0 -0.088608 0.523641 0.0 0.590352 -1.554313 -17.06228 -0.165248 0.044362 14.167834 111.0
26 1870.0 -0.101981 0.513507 0.0 0.58968 -1.554313 -17.06228 -0.165248 0.044362 14.167834 111.0
27 1870.0 -0.111232 0.520016 0.0 0.574757 -1.554313 -17.06228 -0.165248 0.044362 14.167834 111.0
28 1870.0 -0.131435 0.504219 0.0 0.574265 -1.554313 -17.06228 -0.165248 0.044362 14.167834 111.0
29 1870.0 -0.174838 0.515199 0.0 0.525164 -1.554313 -17.06228 -0.165248 0.044362 14.167834 111.0
30 1870.0 -0.15744 0.519847 0.0 0.535168 -1.554313 -17.06228 -0.165248 0.044362 14.167834 111.0
31 1870.0 -0.147579 0.534973 0.0 0.527475 -1.554313 -17.06228 -0.165248 0.044362 14.167834 111.0
32 1870.0 -0.148368 0.51645 0.0 0.546608 -1.554313 -17.06228 -0.165248 0.044362 14.167834 111.0
33 1870.0 -0.156774 0.528232 0.0 0.526772 -1.554313 -17.06228 -0.165248 0.044362 14.167834 111.0
34 1870.0 -0.176537 0.51572 0.0 0.523145 -1.554313 -17.06228 -0.165248 0.044362 14.167834 111.0
35 1870.0 -0.196799 0.49261 0.0 0.530424 -1.554313 -17.06228 -0.165248 0.044362 14.167834 111.0
36 1870.0 -0.206484 0.512597 0.0 0.498666 -1.554313 -17.06228 -0.165248 0.044362 14.167834 111.0
37 1870.0 -0.195596 0.512467 0.0 0.509706 -1.554313 -17.06228 -0.165248 0.044362 14.167834 111.0
38 1870.0 -0.178304 0.510747 0.0 0.526943 -1.554313 -17.06228 -0.165248 0.044362 14.167834 111.0
39 1870.0 -0.165041 0.513451 0.0 0.535467 -1.554313 -17.06228 -0.165248 0.044362 14.167834 111.0
40 1870.0 -0.155279 0.513157 0.0 0.544183 -1.554313 -17.06228 -0.165248 0.044362 14.167834 111.0
41 1870.0 -0.150092 0.502394 0.0 0.56016 -1.554313 -17.06228 -0.165248 0.044362 14.167834 111.0
42 1870.0 -0.144844 0.510878 0.0 0.555602 -1.554313 -17.06228 -0.165248 0.044362 14.167834 111.0
43 1870.0 -0.139838 0.515602 0.0 0.554857 -1.554313 -17.06228 -0.165248 0.044362 14.167834 111.0
44 1870.0 -0.129637 0.526692 0.0 0.551776 -1.554313 -17.06228 -0.165248 0.044362 14.167834 111.0
45 1870.0 -0.133358 0.513967 0.0 0.562183 -1.554313 -17.06228 -0.165248 0.044362 14.167834 111.0
46 1870.0 -0.142903 0.516408 0.0 0.551357 -1.554313 -17.06228 -0.165248 0.044362 14.167834 111.0
47 1870.0 -0.142779 0.526005 0.0 0.541199 -1.554313 -17.06228 -0.165248 0.044362 14.167834 111.0
48 1870.0 -0.143278 0.546792 0.0 0.518536 -1.554313 -17.06228 -0.165248 0.044362 14.167834 111.0
49 1870.0 -0.141548 0.560519 0.0 0.505343 -1.554313 -17.06228 -0.165248 0.044362 14.167834 111.0
50 1870.0 -0.169102 0.524922 0.0 0.519703 -1.554313 -17.06228 -0.165248 0.044362 14.167834 111.0
51 1870.0 -0.158508 0.541596 0.0 0.510986 -1.554313 -17.06228 -0.165248 0.044362 14.167834 111.0
52 1870.0 -0.159124 0.553927 0.0 0.496376 -1.554313 -17.06228 -0.165248 0.044362 14.167834 111.0
53 1870.0 -0.157195 0.564351 0.0 0.485786 -1.554313 -17.06228 -0.165248 0.044362 14.167834 111.0
54 1870.0 -0.160666 0.537615 0.0 0.513386 -1.554313 -17.06228 -0.165248 0.044362 14.167834 111.0
55 1870.0 -0.122969 0.513755 0.0 0.571352 -1.554313 -17.06228 -0.165248 0.044362 14.167834 111.0
56 1870.0 -0.126741 0.545484 0.0 0.534168 -1.554313 -17.06228 -0.165248 0.044362 14.167834 111.0
57 1870.0 -0.115604 0.524609 0.0 0.566082 -1.554313 -17.06228 -0.165248 0.044362 14.167834 111.0
58 1870.0 -0.125743 0.537013 0.0 0.544087 -1.554313 -17.06228 -0.165248 0.044362 14.167834 111.0
59 1870.0 -0.134583 0.504755 0.0 0.570983 -1.554313 -17.06228 -0.165248 0.044362 14.167834 111.0
60 1870.0 -0.163368 0.476468 0.0 0.576463 -1.554313 -17.06228 -0.165248 0.044362 14.167834 111.0
61 1870.0 -0.153865 0.47408 0.0 0.587196 -1.554313 -17.06228 -0.165248 0.044362 14.167834 111.0
62 1870.0 -0.171874 0.456397 0.0 0.59061 -1.554313 -17.06228 -0.165248 0.044362 14.167834 111.0
63 1870.0 -0.17119 0.464022 0.0 0.583043 -1.554313 -17.06228 -0.165248 0.044362 14.167834 111.0
64 1870.0 -0.186565 0.466495 0.0 0.567164 -1.554313 -17.06228 -0.165248 0.044362 14.167834 111.0
65 1870.0 -0.18254 0.504285 0.0 0.530209 -1.554313 -17.06228 -0.165248 0.044362 14.167834 111.0
66 1870.0 -0.166188 0.514159 0.0 0.533721 -1.554313 -17.06228 -0.165248 0.044362 14.167834 111.0
67 1870.0 -0.166366 0.487542 0.0 0.562038 -1.554313 -17.06228 -0.165248 0.044362 14.167834 111.0
68 1870.0 -0.180243 0.484439 0.0 0.553412 -1.554313 -17.06228 -0.165248 0.044362 14.167834 111.0
69 1870.0 -0.222512 0.492757 0.0 0.506469 -1.554313 -17.06228 -0.165248 0.044362 14.167834 111.0
70 1870.0 -0.2162 0.492698 0.0 0.51285 -1.554313 -17.06228 -0.165248 0.044362 14.167834 111.0
71 1870.0 -0.225187 0.492349 0.0 0.504285 -1.554313 -17.06228 -0.165248 0.044362 14.167834 111.0
72 1870.0 -0.200204 0.484305 0.0 0.536376 -1.554313 -17.06228 -0.165248 0.044362 14.167834 111.0
73 1870.0 -0.203159 0.497512 0.0 0.519707 -1.554313 -17.06228 -0.165248 0.044362 14.167834 111.0
74 1870.0 -0.196869 0.467753 0.0 0.55695 -1.554313 -17.06228 -0.165248 0.044362 14.167834 111.0
75 1870.0 -0.198958 0.475153 0.0 0.547237 -1.554313 -17.06228 -0.165248 0.044362 14.167834 111.0
76 1870.0 -0.184392 0.465115 0.0 0.570511 -1.554313 -17.06228 -0.165248 0.044362 14.167834 111.0
77 1870.0 -0.199548 0.466242 0.0 0.556261 -1.554313 -17.06228 -0.165248 0.044362 14.167834 111.0
78 1870.0 -0.223031 0.48071 0.0 0.520419 -1.554313 -17.06228 -0.165248 0.044362 14.167834 111.0
79 1870.0 -0.223356 0.454708 0.0 0.548107 -1.554313 -17.06228 -0.165248 0.044362 14.167834 111.0
80 1870.0 -0.215421 0.486477 0.0 0.520956 -1.554313 -17.06228 -0.165248 0.044362 14.167834 111.0
81 1870.0 -0.216278 0.504787 0.0 0.498254 -1.554313 -17.06228 -0.165248 0.044362 14.167834 111.0
82 1870.0 -0.21864 0.511482 0.0 0.487853 -1.554313 -17.06228 -0.165248 0.044362 14.167834 111.0
83 1870.0 -0.216973 0.525784 0.0 0.472343 -1.554313 -17.06228 -0.165248 0.044362 14.167834 111.0
84 1870.0 -0.228827 0.53484 0.0 0.449616 -1.554313 -17.06228 -0.165248 0.044362 14.167834 111.0
85 1870.0 -0.215029 0.519739 0.0 0.481546 -1.554313 -17.06228 -0.165248 0.044362 14.167834 111.0
86 1870.0 -0.228572 0.500704 0.0 0.490867 -1.554313 -17.06228 -0.165248 0.044362 14.167834 111.0
87 1870.0 -0.228248 0.48986 0.0 0.504214 -1.554313 -17.06228 -0.165248 0.044362 14.167834 111.0
88 1870.0 -0.238071 0.494789 0.0 0.488475 -1.554313 -17.06228 -0.165248 0.044362 14.167834 111.0
89 1870.0 -0.265587 0.498397 0.0 0.456633 -1.554313 -17.06228 -0.165248 0.044362 14.167834 111.0
90 1870.0 -0.272376 0.485087 0.0 0.465831 -1.554313 -17.06228 -0.165248 0.044362 14.167834 111.0
91 1870.0 -0.280784 0.485827 0.0 0.456536 -1.554313 -17.06228 -0.165248 0.044362 14.167834 111.0
92 1870.0 -0.275804 0.499232 0.0 0.445416 -1.554313 -17.06228 -0.165248 0.044362 14.167834 111.0
93 1870.0 -0.244515 0.500536 0.0 0.47513 -1.554313 -17.06228 -0.165248 0.044362 14.167834 111.0
94 1870.0 -0.21495 0.506 0.0 0.498126 -1.554313 -17.06228 -0.165248 0.044362 14.167834 111.0
95 1870.0 -0.234382 0.483933 0.0 0.505201 -1.554313 -17.06228 -0.165248 0.044362 14.167834 111.0
96 1870.0 -0.253859 0.509774 0.0 0.454694 -1.554313 -17.06228 -0.165248 0.044362 14.167834 111.0
97 1870.0 -0.257126 0.513559 0.0 0.446883 -1.554313 -17.06228 -0.165248 0.044362 14.167834 111.0
98 1870.0 -0.252055 0.498698 0.0 0.469799 -1.554313 -17.06228 -0.165248 0.044362 14.167834 111.0
99 1870.0 -0.24505 0.517201 0.0 0.454581 -1.554313 -17.06228 -0.165248 0.044362 14.167834 111.0
100 1870.0 -0.259655 0.52329 0.0 0.432667 -1.554313 -17.06228 -0.165248 0.044362 14.167834 111.0
101 1870.0 -0.263157 0.517958 0.0 0.435571 -1.554313 -17.06228 -0.165248 0.044362 14.167834 111.0
102 1870.0 -0.288327 0.521067 0.0 0.406674 -1.554313 -17.06228 -0.165248 0.044362 14.167834 111.0
103 1870.0 -0.281865 0.531398 0.0 0.400726 -1.554313 -17.06228 -0.165248 0.044362 14.167834 111.0
104 1870.0 -0.302757 0.583723 0.0 0.317 -1.554313 -17.06228 -0.165248 0.044362 14.167834 111.0
105 1870.0 -0.311721 0.561029 0.0 0.335293 -1.554313 -17.06228 -0.165248 0.044362 14.167834 111.0
106 1870.0 -0.302812 0.54718 0.0 0.360832 -1.554313 -17.06228 -0.165248 0.044362 14.167834 111.0
107 1870.0 -0.297836 0.556975 0.0 0.354043 -1.554313 -17.06228 -0.165248 0.044362 14.167834 111.0
108 1870.0 -0.310831 0.54257 0.0 0.358352 -1.554313 -17.06228 -0.165248 0.044362 14.167834 111.0
109 1870.0 -0.32874 0.550567 0.0 0.330843 -1.554313 -17.06228 -0.165248 0.044362 14.167834 111.0
110 1870.0 -0.351912 0.546548 0.0 0.312505 -1.554313 -17.06228 -0.165248 0.044362 14.167834 111.0
111 1870.0 -0.356868 0.544087 0.0 0.310506 -1.554313 -17.06228 -0.165248 0.044362 14.167834 111.0
112 1870.0 -0.364429 0.519836 0.0 0.332072 -1.554313 -17.06228 -0.165248 0.044362 14.167834 111.0
113 1870.0 -0.367484 0.492803 0.0 0.361483 -1.554313 -17.06228 -0.165248 0.044362 14.167834 111.0
114 1870.0 -0.372255 0.504618 0.0 0.342524 -1.554313 -17.06228 -0.165248 0.044362 14.167834 111.0
115 1870.0 -0.40683 0.519219 0.0 0.290424 -1.554313 -17.06228 -0.165248 0.044362 14.167834 111.0
116 1870.0 -0.393376 0.521654 0.0 0.30095 -1.554313 -17.06228 -0.165248 0.044362 14.167834 111.0
117 1870.0 -0.406924 0.51581 0.0 0.294424 -1.554313 -17.06228 -0.165248 0.044362 14.167834 111.0
118 1870.0 -0.414559 0.512539 0.0 0.29072 -1.554313 -17.06228 -0.165248 0.044362 14.167834 111.0
119 1870.0 -0.416489 0.517716 0.0 0.282573 -1.554313 -17.06228 -0.165248 0.044362 14.167834 111.0
120 1870.0 -0.412943 0.509694 0.0 0.295751 -1.554313 -17.06228 -0.165248 0.044362 14.167834 111.0
121 1870.0 -0.43383 0.51146 0.0 0.272749 -1.554313 -17.06228 -0.165248 0.044362 14.167834 111.0
122 1870.0 -0.424859 0.495608 0.0 0.300756 -1.554313 -17.06228 -0.165248 0.044362 14.167834 111.0
123 1870.0 -0.441688 0.496952 0.0 0.282318 -1.554313 -17.06228 -0.165248 0.044362 14.167834 111.0
124 1870.0 -0.456811 0.504077 0.0 0.258643 -1.554313 -17.06228 -0.165248 0.044362 14.167834 111.0
125 1870.0 -0.46395 0.539319 0.0 0.20918 -1.554313 -17.06228 -0.165248 0.044362 14.167834 111.0
126 1870.0 -0.440105 0.550454 0.0 0.219645 -1.554313 -17.06228 -0.165248 0.044362 14.167834 111.0
127 1870.0 -0.438914 0.541045 0.0 0.232136 -1.554313 -17.06228 -0.165248 0.044362 14.167834 111.0
128 1870.0 -0.413635 0.559754 0.0 0.23494 -1.554313 -17.06228 -0.165248 0.044362 14.167834 111.0
129 1870.0 -0.441673 0.54742 0.0 0.221722 -1.554313 -17.06228 -0.165248 0.044362 14.167834 111.0
130 1870.0 -0.435014 0.535417 0.0 0.242795 -1.554313 -17.06228 -0.165248 0.044362 14.167834 111.0
131 1870.0 -0.453633 0.502324 0.0 0.263924 -1.554313 -17.06228 -0.165248 0.044362 14.167834 111.0
132 1870.0 -0.451982 0.499823 0.0 0.268579 -1.554313 -17.06228 -0.165248 0.044362 14.167834 111.0
133 1870.0 -0.452938 0.501451 0.0 0.265667 -1.554313 -17.06228 -0.165248 0.044362 14.167834 111.0
134 1870.0 -0.458656 0.49262 0.0 0.270556 -1.554313 -17.06228 -0.165248 0.044362 14.167834 111.0
135 1870.0 -0.453133 0.514249 0.0 0.250103 -1.554313 -17.06228 -0.165248 0.044362 14.167834 111.0
136 1870.0 -0.447981 0.497195 0.0 0.275735 -1.554313 -17.06228 -0.165248 0.044362 14.167834 111.0
137 1870.0 -0.45505 0.496798 0.0 0.269145 -1.554313 -17.06228 -0.165248 0.044362 14.167834 111.0
138 1870.0 -0.477718 0.505724 0.0 0.235762 -1.554313 -17.06228 -0.165248 0.044362 14.167834 111.0
139 1870.0 -0.477809 0.501618 0.0 0.240603 -1.554313 -17.06228 -0.165248 0.044362 14.167834 111.0
140 1870.0 -0.469362 0.521374 0.0 0.225321 -1.554313 -17.06228 -0.165248 0.044362 14.167834 111.0
141 1870.0 -0.483691 0.547439 0.0 0.179693 -1.554313 -17.06228 -0.165248 0.044362 14.167834 111.0
142 1870.0 -0.487524 0.541333 0.0 0.183193 -1.554313 -17.06228 -0.165248 0.044362 14.167834 111.0
143 1870.0 -0.481605 0.536894 0.0 0.194444 -1.554313 -17.06228 -0.165248 0.044362 14.167834 111.0
144 1870.0 -0.479813 0.519973 0.0 0.216556 -1.554313 -17.06228 -0.165248 0.044362 14.167834 111.0
145 1870.0 -0.475324 0.539018 0.0 0.198171 -1.554313 -17.06228 -0.165248 0.044362 14.167834 111.0
146 1870.0 -0.469354 0.531333 0.0 0.213369 -1.554313 -17.06228 -0.165248 0.044362 14.167834 111.0
147 1870.0 -0.474057 0.528235 0.0 0.212388 -1.554313 -17.06228 -0.165248 0.044362 14.167834 111.0
148 1870.0 -0.457105 0.519747 0.0 0.239529 -1.554313 -17.06228 -0.165248 0.044362 14.167834 111.0
149 1870.0 -0.466449 0.513098 0.0 0.238173 -1.554313 -17.06228 -0.165248 0.044362 14.167834 111.0
150 1870.0 -0.469925 0.491812 0.0 0.260261 -1.554313 -17.06228 -0.165248 0.044362 14.167834 111.0
151 1870.0 -0.463269 0.49894 0.0 0.258354 -1.554313 -17.06228 -0.165248 0.044362 14.167834 111.0
152 1870.0 -0.490263 0.534607 0.0 0.188534 -1.554313 -17.06228 -0.165248 0.044362 14.167834 111.0
153 1870.0 -0.489834 0.532132 0.0 0.191935 -1.554313 -17.06228 -0.165248 0.044362 14.167834 111.0
154 1870.0 -0.497347 0.546891 0.0 0.166699 -1.554313 -17.06228 -0.165248 0.044362 14.167834 111.0
155 1870.0 -0.517836 0.565785 0.0 0.123526 -1.554313 -17.06228 -0.165248 0.044362 14.167834 111.0
156 1870.0 -0.525248 0.567679 0.0 0.11384 -1.554313 -17.06228 -0.165248 0.044362 14.167834 111.0
157 1870.0 -0.537508 0.564452 0.0 0.105459 -1.554313 -17.06228 -0.165248 0.044362 14.167834 111.0
158 1870.0 -0.535613 0.54868 0.0 0.126295 -1.554313 -17.06228 -0.165248 0.044362 14.167834 111.0
159 1870.0 -0.518503 0.550718 0.0 0.140953 -1.554313 -17.06228 -0.165248 0.044362 14.167834 111.0
160 1870.0 -0.513152 0.549897 0.0 0.147288 -1.554313 -17.06228 -0.165248 0.044362 14.167834 111.0
161 1870.0 -0.54103 0.543532 0.0 0.127063 -1.554313 -17.06228 -0.165248 0.044362 14.167834 111.0
162 1870.0 -0.546106 0.549677 0.0 0.114608 -1.554313 -17.06228 -0.165248 0.044362 14.167834 111.0
163 1870.0 -0.503775 0.516198 0.0 0.197134 -1.554313 -17.06228 -0.165248 0.044362 14.167834 111.0
164 1870.0 -0.534525 0.517331 0.0 0.165032 -1.554313 -17.06228 -0.165248 0.044362 14.167834 111.0
165 1870.0 -0.532515 0.517303 0.0 0.167075 -1.554313 -17.06228 -0.165248 0.044362 14.167834 111.0
166 1870.0 -0.553106 0.539591 0.0 0.119723 -1.554313 -17.06228 -0.165248 0.044362 14.167834 111.0
167 1870.0 -0.586722 0.544014 0.0 0.080804 -1.554313 -17.06228 -0.165248 0.044362 14.167834 111.0
168 1870.0 -0.603653 0.547248 0.0 0.059995 -1.554313 -17.06228 -0.165248 0.044362 14.167834 111.0
169 1870.0 -0.594909 0.554205 0.0 0.060381 -1.554313 -17.06228 -0.165248 0.044362 14.167834 111.0
170 1870.0 -0.599655 0.556187 0.0 0.053256 -1.554313 -17.06228 -0.165248 0.044362 14.167834 111.0
171 1870.0 -0.592475 0.570797 0.0 0.042887 -1.554313 -17.06228 -0.165248 0.044362 14.167834 111.0
172 1870.0 -0.598402 0.5846 0.0 0.020386 -1.554313 -17.06228 -0.165248 0.044362 14.167834 111.0
173 1870.0 -0.628881 0.596996 0.0 -0.024971 -1.554313 -17.06228 -0.165248 0.044362 14.167834 111.0
174 1870.0 -0.627045 0.605262 0.0 -0.033064 -1.554313 -17.06228 -0.165248 0.044362 14.167834 111.0
175 1870.0 -0.642601 0.62832 0.0 -0.076307 -1.554313 -17.06228 -0.165248 0.044362 14.167834 111.0
176 1870.0 -0.648498 0.661282 0.0 -0.122833 -1.554313 -17.06228 -0.165248 0.044362 14.167834 111.0
177 1870.0 -0.644934 0.678395 0.0 -0.140704 -1.554313 -17.06228 -0.165248 0.044362 14.167834 111.0
178 1870.0 -0.655509 0.680158 0.0 -0.153654 -1.554313 -17.06228 -0.165248 0.044362 14.167834 111.0
179 1870.0 -0.675687 0.688643 0.0 -0.184797 -1.554313 -17.06228 -0.165248 0.044362 14.167834 111.0
180 1870.0 -0.689473 0.709525 0.0 -0.219346 -1.554313 -17.06228 -0.165248 0.044362 14.167834 111.0
181 1870.0 -0.686612 0.702584 0.0 -0.209421 -1.554313 -17.06228 -0.165248 0.044362 14.167834 111.0
182 1870.0 -0.694131 0.711569 0.0 -0.225639 -1.554313 -17.06228 -0.165248 0.044362 14.167834 111.0
183 1870.0 -0.70705 0.72898 0.0 -0.255606 -1.554313 -17.06228 -0.165248 0.044362 14.167834 111.0
184 1870.0 -0.726091 0.72735 0.0 -0.270681 -1.554313 -17.06228 -0.165248 0.044362 14.167834 111.0
185 1870.0 -0.746018 0.703539 0.0 -0.262892 -1.554313 -17.06228 -0.165248 0.044362 14.167834 111.0
186 1870.0 -0.749646 0.700942 0.0 -0.263327 -1.554313 -17.06228 -0.165248 0.044362 14.167834 111.0
187 1870.0 -0.742952 0.71705 0.0 -0.274588 -1.554313 -17.06228 -0.165248 0.044362 14.167834 111.0
188 1870.0 -0.747452 0.727758 0.0 -0.291984 -1.554313 -17.06228 -0.165248 0.044362 14.167834 111.0
189 1870.0 -0.759322 0.725379 0.0 -0.300222 -1.554313 -17.06228 -0.165248 0.044362 14.167834 111.0
190 1870.0 -0.768902 0.752604 0.0 -0.347289 -1.554313 -17.06228 -0.165248 0.044362 14.167834 111.0
191 1870.0 -0.816186 0.757129 0.0 -0.399527 -1.554313 -17.06228 -0.165248 0.044362 14.167834 111.0
192 1870.0 -0.811938 0.765355 0.0 -0.406806 -1.554313 -17.06228 -0.165248 0.044362 14.167834 111.0
193 1870.0 -0.801631 0.773415 0.0 -0.407963 -1.554313 -17.06228 -0.165248 0.044362 14.167834 111.0
194 1870.0 -0.817416 0.795422 0.0 -0.453826 -1.554313 -17.06228 -0.165248 0.044362 14.167834 111.0
195 1870.0 -0.816553 0.830103 0.0 -0.503271 -1.554313 -17.06228 -0.165248 0.044362 14.167834 111.0
196 1870.0 -0.84904 0.809435 0.0 -0.504 -1.554313 -17.06228 -0.165248 0.044362 14.167834 111.0
197 1870.0 -0.858006 0.810935 0.0 -0.515286 -1.554313 -17.06228 -0.165248 0.044362 14.167834 111.0
198 1870.0 -0.846004 0.819277 0.0 -0.516143 -1.554313 -17.06228 -0.165248 0.044362 14.167834 111.0
199 1870.0 -0.856308 0.838541 0.0 -0.55596 -1.554313 -17.06228 -0.165248 0.044362 14.167834 111.0
200 1870.0 -0.845997 0.842375 0.0 -0.551929 -1.554313 -17.06228 -0.165248 0.044362 14.167834 111.0
201 1870.0 -0.846025 0.861465 0.0 -0.581193 -1.554313 -17.06228 -0.165248 0.044362 14.167834 111.0
202 1870.0 -0.847878 0.865623 0.0 -0.589341 -1.554313 -17.06228 -0.165248 0.044362 14.167834 111.0
203 1870.0 -0.881792 0.884478 0.0 -0.650783 -1.554313 -17.06228 -0.165248 0.044362 14.167834 111.0
204 1870.0 -0.863378 0.88205 0.0 -0.629384 -1.554313 -17.06228 -0.165248 0.044362 14.167834 111.0
205 1870.0 -0.858706 0.89139 0.0 -0.639201 -1.554313 -17.06228 -0.165248 0.044362 14.167834 111.0
206 1870.0 -0.87775 0.913081 0.0 -0.688446 -1.554313 -17.06228 -0.165248 0.044362 14.167834 111.0
207 1870.0 -0.879544 0.945735 0.0 -0.734983 -1.554313 -17.06228 -0.165248 0.044362 14.167834 111.0
208 1870.0 -0.902105 0.945446 0.0 -0.754188 -1.554313 -17.06228 -0.165248 0.044362 14.167834 111.0
209 1870.0 -0.915644 0.95803 0.0 -0.781296 -1.554313 -17.06228 -0.165248 0.044362 14.167834 111.0
210 1870.0 -0.886179 0.988662 0.0 -0.789764 -1.554313 -17.06228 -0.165248 0.044362 14.167834 111.0
211 1870.0 -0.869808 1.02185 0.0 -0.810361 -1.554313 -17.06228 -0.165248 0.044362 14.167834 111.0
212 1870.0 -0.885955 1.051482 0.0 -0.85134 -1.554313 -17.06228 -0.165248 0.044362 14.167834 111.0
213 1870.0 -0.883328 1.053504 0.0 -0.851399 -1.554313 -17.06228 -0.165248 0.044362 14.167834 111.0
214 1870.0 -0.860883 1.059239 0.0 -0.840553 -1.554313 -17.06228 -0.165248 0.044362 14.167834 111.0
215 1870.0 -0.837433 1.064353 0.0 -0.82836 -1.554313 -17.06228 -0.165248 0.044362 14.167834 111.0
216 1870.0 -0.846792 1.091951 0.0 -0.862356 -1.554313 -17.06228 -0.165248 0.044362 14.167834 111.0
217 1870.0 -0.845603 1.112708 0.0 -0.881884 -1.554313 -17.06228 -0.165248 0.044362 14.167834 111.0
218 1870.0 -0.837492 1.120692 0.0 -0.883774 -1.554313 -17.06228 -0.165248 0.044362 14.167834 111.0
219 1870.0 -0.851725 1.128159 0.0 -0.901564 -1.554313 -17.06228 -0.165248 0.044362 14.167834 111.0
220 1870.0 -0.862315 1.129242 0.0 -0.910405 -1.554313 -17.06228 -0.165248 0.044362 14.167834 111.0
221 1870.0 -0.817861 1.130109 0.0 -0.878614 -1.554313 -17.06228 -0.165248 0.044362 14.167834 111.0
222 1870.0 -0.791865 1.139358 0.0 -0.868615 -1.554313 -17.06228 -0.165248 0.044362 14.167834 111.0
223 1870.0 -0.762208 1.153314 0.0 -0.860553 -1.554313 -17.06228 -0.165248 0.044362 14.167834 111.0
224 1870.0 -0.769236 1.19075 0.0 -0.902506 -1.554313 -17.06228 -0.165248 0.044362 14.167834 111.0
225 1870.0 -0.772359 1.21762 0.0 -0.931208 -1.554313 -17.06228 -0.165248 0.044362 14.167834 111.0
226 1870.0 -0.762074 1.212819 0.0 -0.918937 -1.554313 -17.06228 -0.165248 0.044362 14.167834 111.0
227 1870.0 -0.78541 1.212791 0.0 -0.936046 -1.554313 -17.06228 -0.165248 0.044362 14.167834 111.0
228 1870.0 -0.812089 1.204632 0.0 -0.947618 -1.554313 -17.06228 -0.165248 0.044362 14.167834 111.0
229 1870.0 -0.796001 1.240095 0.0 -0.970657 -1.554313 -17.06228 -0.165248 0.044362 14.167834 111.0
230 1870.0 -0.77348 1.237027 0.0 -0.951104 -1.554313 -17.06228 -0.165248 0.044362 14.167834 111.0
231 1870.0 -0.771208 1.269886 0.0 -0.97454 -1.554313 -17.06228 -0.165248 0.044362 14.167834 111.0
232 1870.0 -0.749346 1.264332 0.0 -0.956304 -1.554313 -17.06228 -0.165248 0.044362 14.167834 111.0
233 1870.0 -0.7558 1.257755 0.0 -0.956209 -1.554313 -17.06228 -0.165248 0.044362 14.167834 111.0
234 1870.0 -0.730634 1.270117 0.0 -0.947549 -1.554313 -17.06228 -0.165248 0.044362 14.167834 111.0
235 1870.0 -0.713182 1.286325 0.0 -0.946387 -1.554313 -17.06228 -0.165248 0.044362 14.167834 111.0
236 1870.0 -0.701612 1.296232 0.0 -0.945073 -1.554313 -17.06228 -0.165248 0.044362 14.167834 111.0
237 1870.0 -0.69439 1.292758 0.0 -0.937989 -1.554313 -17.06228 -0.165248 0.044362 14.167834 111.0
238 1870.0 -0.695299 1.310715 0.0 -0.950244 -1.554313 -17.06228 -0.165248 0.044362 14.167834 111.0
239 1870.0 -0.673219 1.331952 0.0 -0.949248 -1.554313 -17.06228 -0.165248 0.044362 14.167834 111.0
240 1870.0 -0.661641 1.35462 0.0 -0.956205 -1.554313 -17.06228 -0.165248 0.044362 14.167834 111.0
241 1870.0 -0.656109 1.341674 0.0 -0.944108 -1.554313 -17.06228 -0.165248 0.044362 14.167834 111.0
242 1870.0 -0.637937 1.340422 0.0 -0.93114 -1.554313 -17.06228 -0.165248 0.044362 14.167834 111.0
243 1870.0 -0.619823 1.348115 0.0 -0.924013 -1.554313 -17.06228 -0.165248 0.044362 14.167834 111.0
244 1870.0 -0.613199 1.356795 0.0 -0.92734 -1.554313 -17.06228 -0.165248 0.044362 14.167834 111.0
245 1870.0 -0.613666 1.373133 0.0 -0.942348 -1.554313 -17.06228 -0.165248 0.044362 14.167834 111.0
246 1870.0 -0.632508 1.385086 0.0 -0.965092 -1.554313 -17.06228 -0.165248 0.044362 14.167834 111.0
247 1870.0 -0.639337 1.395355 0.0 -0.97633 -1.554313 -17.06228 -0.165248 0.044362 14.167834 111.0
248 1870.0 -0.638328 1.379106 0.0 -0.963409 -1.554313 -17.06228 -0.165248 0.044362 14.167834 111.0
249 1870.0 -0.629989 1.363322 0.0 -0.943895 -1.554313 -17.06228 -0.165248 0.044362 14.167834 111.0
250 1870.0 -0.607143 1.356415 0.0 -0.92294 -1.554313 -17.06228 -0.165248 0.044362 14.167834 111.0
251 1870.0 -0.595047 1.371116 0.0 -0.928225 -1.554313 -17.06228 -0.165248 0.044362 14.167834 111.0
252 1870.0 -0.580216 1.383472 0.0 -0.929425 -1.554313 -17.06228 -0.165248 0.044362 14.167834 111.0
253 1870.0 -0.579864 1.389822 0.0 -0.934941 -1.554313 -17.06228 -0.165248 0.044362 14.167834 111.0
254 1870.0 -0.584319 1.402861 0.0 -0.948504 -1.554313 -17.06228 -0.165248 0.044362 14.167834 111.0
255 1870.0 -0.577534 1.37819 0.0 -0.922772 -1.554313 -17.06228 -0.165248 0.044362 14.167834 111.0
256 1870.0 -0.582187 1.38621 0.0 -0.933266 -1.554313 -17.06228 -0.165248 0.044362 14.167834 111.0
257 1870.0 -0.58816 1.388185 0.0 -0.939171 -1.554313 -17.06228 -0.165248 0.044362 14.167834 111.0
258 1870.0 -0.60751 1.400994 0.0 -0.961183 -1.554313 -17.06228 -0.165248 0.044362 14.167834 111.0
259 1870.0 -0.613182 1.408148 0.0 -0.968615 -1.554313 -17.06228 -0.165248 0.044362 14.167834 111.0
260 1870.0 -0.57762 1.396093 0.0 -0.939082 -1.554313 -17.06228 -0.165248 0.044362 14.167834 111.0
261 1870.0 -0.566618 1.38542 0.0 -0.921825 -1.554313 -17.06228 -0.165248 0.044362 14.167834 111.0
262 1870.0 -0.592027 1.413876 0.0 -0.959646 -1.554313 -17.06228 -0.165248 0.044362 14.167834 111.0
263 1870.0 -0.621981 1.414806 0.0 -0.977577 -1.554313 -17.06228 -0.165248 0.044362 14.167834 111.0
264 1870.0 -0.614452 1.379161 0.0 -0.948275 -1.554313 -17.06228 -0.165248 0.044362 14.167834 111.0
265 1870.0 -0.600533 1.383134 0.0 -0.943 -1.554313 -17.06228 -0.165248 0.044362 14.167834 111.0
266 1870.0 -0.57892 1.396752 0.0 -0.940576 -1.554313 -17.06228 -0.165248 0.044362 14.167834 111.0
267 1870.0 -0.580559 1.397617 0.0 -0.94249 -1.554313 -17.06228 -0.165248 0.044362 14.167834 111.0
268 1870.0 -0.580933 1.41267 0.0 -0.952264 -1.554313 -17.06228 -0.165248 0.044362 14.167834 111.0
269 1870.0 -0.579522 1.415844 0.0 -0.953283 -1.554313 -17.06228 -0.165248 0.044362 14.167834 111.0
270 1870.0 -0.590726 1.406259 0.0 -0.954483 -1.554313 -17.06228 -0.165248 0.044362 14.167834 111.0
271 1870.0 -0.566833 1.396158 0.0 -0.931711 -1.554313 -17.06228 -0.165248 0.044362 14.167834 111.0
272 1870.0 -0.541606 1.40948 0.0 -0.923932 -1.554313 -17.06228 -0.165248 0.044362 14.167834 111.0
273 1870.0 -0.575286 1.413038 0.0 -0.948937 -1.554313 -17.06228 -0.165248 0.044362 14.167834 111.0
274 1870.0 -0.572634 1.400103 0.0 -0.939285 -1.554313 -17.06228 -0.165248 0.044362 14.167834 111.0
275 1870.0 -0.558528 1.401597 0.0 -0.930922 -1.554313 -17.06228 -0.165248 0.044362 14.167834 111.0
276 1870.0 -0.56714 1.394006 0.0 -0.929971 -1.554313 -17.06228 -0.165248 0.044362 14.167834 111.0
277 1870.0 -0.560303 1.375296 0.0 -0.908293 -1.554313 -17.06228 -0.165248 0.044362 14.167834 111.0
278 1870.0 -0.549037 1.398668 0.0 -0.921687 -1.554313 -17.06228 -0.165248 0.044362 14.167834 111.0
279 1870.0 -0.575415 1.389717 0.0 -0.931781 -1.554313 -17.06228 -0.165248 0.044362 14.167834 111.0
280 1870.0 -0.593381 1.42827 0.0 -0.96876 -1.554313 -17.06228 -0.165248 0.044362 14.167834 111.0
281 1870.0 -0.570172 1.410426 0.0 -0.944154 -1.554313 -17.06228 -0.165248 0.044362 14.167834 111.0
282 1870.0 -0.581297 1.404664 0.0 -0.947688 -1.554313 -17.06228 -0.165248 0.044362 14.167834 111.0
283 1870.0 -0.590421 1.41044 0.0 -0.956725 -1.554313 -17.06228 -0.165248 0.044362 14.167834 111.0
284 1870.0 -0.591997 1.432051 0.0 -0.970144 -1.554313 -17.06228 -0.165248 0.044362 14.167834 111.0
285 1870.0 -0.57286 1.429072 0.0 -0.956212 -1.554313 -17.06228 -0.165248 0.044362 14.167834 111.0
286 1870.0 -0.550425 1.425977 0.0 -0.937175 -1.554313 -17.06228 -0.165248 0.044362 14.167834 111.0
287 1870.0 -0.556757 1.41649 0.0 -0.93862 -1.554313 -17.06228 -0.165248 0.044362 14.167834 111.0
