 time p.x p.y p.z deep.node-0 CV opes.bias opes.rct opes.zed opes.neff opes.nker
0 12805.0 -0.12913 0.504395 0.0 0.57606 -1.452187 -10.041279 -0.358788 0.037304 14.167834 132.0
1 12805.0 -0.14319 0.50801 0.0 0.560093 -1.452187 -10.041279 -0.358788 0.037304 14.167834 132.0
2 12805.0 -0.145692 0.526261 0.0 0.538417 -1.452187 -10.041279 -0.358788 0.037304 14.167834 132.0
3 12805.0 -0.139823 0.549711 0.0 0.518388 -1.452187 -10.041279 -0.358788 0.037304 14.167834 132.0
4 12805.0 -0.107909 0.516194 0.0 0.581705 -1.452187 -10.041279 -0.358788 0.037304 14.167834 132.0
5 12805.0 -0.108247 0.468132 0.0 0.63282 -1.452187 -10.041279 -0.358788 0.037304 14.167834 132.0
6 12805.0 -0.120883 0.468531 0.0 0.621518 -1.452187 -10.041279 -0.358788 0.037304 14.167834 132.0
7 12805.0 -0.120183 0.480346 0.0 0.609484 -1.452187 -10.041279 -0.358788 0.037304 14.167834 132.0
8 12805.0 -0.122512 0.469538 0.0 0.619039 -1.452187 -10.041279 -0.358788 0.037304 14.167834 132.0
9 12805.0 -0.129892 0.470621 0.0 0.611529 -1.452187 -10.041279 -0.358788 0.037304 14.167834 132.0
10 12805.0 -0.127694 0.486482 0.0 0.596456 -1.452187 -10.041279 -0.358788 0.037304 14.167834 132.0
11 12805.0 -0.133045 0.494667 0.0 0.583096 -1.452187 -10.041279 -0.358788 0.037304 14.167834 132.0
12 12805.0 -0.117046 0.523608 0.0 0.565911 -1.452187 -10.041279 -0.358788 0.037304 14.167834 132.0
13 12805.0 -0.098907 0.537122 0.0 0.567068 -1.452187 -10.041279 -0.358788 0.037304 14.167834 132.0
14 12805.0 -0.093094 0.51524 0.0 0.595476 -1.452187 -10.041279 -0.358788 0.037304 14.167834 132.0
15 12805.0 -0.079902 0.516556 0.0 0.605423 -1.452187 -10.041279 -0.358788 0.037304 14.167834 132.0
16 12805.0 -0.064757 0.508821 0.0 0.626732 -1.452187 -10.041279 -0.358788 0.037304 14.167834 132.0
17 12805.0 -0.063618 0.496606 0.0 0.640776 -1.452187 -10.041279 -0.358788 0.037304 14.167834 132.0
18 12805.0 -0.040938 0.475373 0.0 0.681095 -1.452187 -10.041279 -0.358788 0.037304 14.167834 132.0
19 12805.0 -0.056873 0.471606 0.0 0.673322 -1.452187 -10.041279 -0.358788 0.037304 14.167834 132.0
20 12805.0 -0.071732 0.48187 0.0 0.649554 -1.452187 -10.041279 -0.358788 0.037304 14.167834 132.0
21 12805.0 -0.083576 0.481661 0.0 0.639584 -1.452187 -10.041279 -0.358788 0.037304 14.167834 132.0
22 12805.0 -0.066611 0.474626 0.0 0.66171 -1.452187 -10.041279 -0.358788 0.037304 14.167834 132.0
23 12805.0 -0.073101 0.490799 0.0 0.638826 -1.452187 -10.041279 -0.358788 0.037304 14.167834 132.0
24 12805.0 -0.075619 0.510031 0.0 0.616088 -1.452187 -10.041279 -0.358788 0.037304 14.167834 132.0
25 12805.0 -0.097748 0.521001 0.0 0.585309 -1.452187 -10.041279 -0.358788 0.037304 14.167834 132.0
26 12805.0 -0.092122 0.497213 0.0 0.615594 -1.452187 -10.041279 -0.358788 0.037304 14.167834 132.0
27 12805.0 -0.07087 0.486508 0.0 0.645335 -1.452187 -10.041279 -0.358788 0.037304 14.167834 132.0
28 12805.0 -0.059299 0.499493 0.0 0.641406 -1.452187 -10.041279 -0.358788 0.037304 14.167834 132.0
29 12805.0 -0.052023 0.515078 0.0 0.630999 -1.452187 -10.041279 -0.358788 0.037304 14.167834 132.0
30 12805.0 -0.058661 0.534317 0.0 0.604708 -1.452187 -10.041279 -0.358788 0.037304 14.167834 132.0
31 12805.0 -0.05419 0.538123 0.0 0.604485 -1.452187 -10.041279 -0.358788 0.037304 14.167834 132.0
32 12805.0 -0.054039 0.545826 0.0 0.596376 -1.452187 -10.041279 -0.358788 0.037304 14.167834 132.0
33 12805.0 -0.039778 0.545764 0.0 0.608716 -1.452187 -10.041279 -0.358788 0.037304 14.167834 132.0
34 12805.0 -0.063723 0.520607 0.0 0.615016 -1.452187 -10.041279 -0.358788 0.037304 14.167834 132.0
35 12805.0 -0.062936 0.545191 0.0 0.589397 -1.452187 -10.041279 -0.358788 0.037304 14.167834 132.0
36 12805.0 -0.069313 0.557146 0.0 0.571122 -1.452187 -10.041279 -0.358788 0.037304 14.167834 132.0
37 12805.0 -0.039855 0.532491 0.0 0.622847 -1.452187 -10.041279 -0.358788 0.037304 14.167834 132.0
38 12805.0 -0.02428 0.525783 0.0 0.641146 -1.452187 -10.041279 -0.358788 0.037304 14.167834 132.0
39 12805.0 -0.030107 0.523702 0.0 0.639367 -1.452187 -10.041279 -0.358788 0.037304 14.167834 132.0
40 12805.0 -0.043573 0.544622 0.0 0.606672 -1.452187 -10.041279 -0.358788 0.037304 14.167834 132.0
41 12805.0 -0.061813 0.547499 0.0 0.587896 -1.452187 -10.041279 -0.358788 0.037304 14.167834 132.0
42 12805.0 -0.062694 0.540875 0.0 0.594222 -1.452187 -10.041279 -0.358788 0.037304 14.167834 132.0
43 12805.0 -0.051458 0.53848 0.0 0.606454 -1.452187 -10.041279 -0.358788 0.037304 14.167834 132.0
44 12805.0 -0.040944 0.516867 0.0 0.63862 -1.452187 -10.041279 -0.358788 0.037304 14.167834 132.0
45 12805.0 -0.056151 0.526142 0.0 0.615612 -1.452187 -10.041279 -0.358788 0.037304 14.167834 132.0
46 12805.0 -0.039176 0.507729 0.0 0.649498 -1.452187 -10.041279 -0.358788 0.037304 14.167834 132.0
47 12805.0 -0.048538 0.492228 0.0 0.658438 -1.452187 -10.041279 -0.358788 0.037304 14.167834 132.0
48 12805.0 -0.054687 0.500783 0.0 0.643995 -1.452187 -10.041279 -0.358788 0.037304 14.167834 132.0
49 12805.0 -0.026275 0.518005 0.0 0.647693 -1.452187 -10.041279 -0.358788 0.037304 14.167834 132.0
50 12805.0 -0.015673 0.53601 0.0 0.636527 -1.452187 -10.041279 -0.358788 0.037304 14.167834 132.0
51 12805.0 -0.011319 0.512567 0.0 0.663176 -1.452187 -10.041279 -0.358788 0.037304 14.167834 132.0
52 12805.0 -0.009263 0.522783 0.0 0.654199 -1.452187 -10.041279 -0.358788 0.037304 14.167834 132.0
53 12805.0 0.013656 0.511405 0.0 0.681008 -1.452187 -10.041279 -0.358788 0.037304 14.167834 132.0
54 12805.0 0.00344 0.50136 0.0 0.68437 -1.452187 -10.041279 -0.358788 0.037304 14.167834 132.0
55 12805.0 0.020832 0.497644 0.0 0.699733 -1.452187 -10.041279 -0.358788 0.037304 14.167834 132.0
56 12805.0 0.037475 0.528793 0.0 0.679282 -1.452187 -10.041279 -0.358788 0.037304 14.167834 132.0
57 12805.0 0.025195 0.510065 0.0 0.690062 -1.452187 -10.041279 -0.358788 0.037304 14.167834 132.0
58 12805.0 0.007279 0.529387 0.0 0.658542 -1.452187 -10.041279 -0.358788 0.037304 14.167834 132.0
59 12805.0 0.001329 0.543265 0.0 0.640517 -1.452187 -10.041279 -0.358788 0.037304 14.167834 132.0
60 12805.0 0.001966 0.551583 0.0 0.632517 -1.452187 -10.041279 -0.358788 0.037304 14.167834 132.0
61 12805.0 0.013765 0.540007 0.0 0.65211 -1.452187 -10.041279 -0.358788 0.037304 14.167834 132.0
62 12805.0 0.011179 0.540368 0.0 0.650021 -1.452187 -10.041279 -0.358788 0.037304 14.167834 132.0
63 12805.0 0.033149 0.532412 0.0 0.672731 -1.452187 -10.041279 -0.358788 0.037304 14.167834 132.0
64 12805.0 0.034088 0.519154 0.0 0.686786 -1.452187 -10.041279 -0.358788 0.037304 14.167834 132.0
65 12805.0 0.03495 0.502251 0.0 0.704481 -1.452187 -10.041279 -0.358788 0.037304 14.167834 132.0
66 12805.0 0.04256 0.504078 0.0 0.707706 -1.452187 -10.041279 -0.358788 0.037304 14.167834 132.0
67 12805.0 0.050265 0.492489 0.0 0.724582 -1.452187 -10.041279 -0.358788 0.037304 14.167834 132.0
68 12805.0 0.049521 0.523383 0.0 0.692795 -1.452187 -10.041279 -0.358788 0.037304 14.167834 132.0
69 12805.0 0.035106 0.521609 0.0 0.684978 -1.452187 -10.041279 -0.358788 0.037304 14.167834 132.0
70 12805.0 0.050243 0.516074 0.0 0.700679 -1.452187 -10.041279 -0.358788 0.037304 14.167834 132.0
71 12805.0 0.026014 0.534769 0.0 0.665585 -1.452187 -10.041279 -0.358788 0.037304 14.167834 132.0
72 12805.0 0.027694 0.528424 0.0 0.673132 -1.452187 -10.041279 -0.358788 0.037304 14.167834 132.0
73 12805.0 0.042802 0.51238 0.0 0.699458 -1.452187 -10.041279 -0.358788 0.037304 14.167834 132.0
74 12805.0 0.029317 0.515494 0.0 0.687311 -1.452187 -10.041279 -0.358788 0.037304 14.167834 132.0
75 12805.0 0.012297 0.520706 0.0 0.670681 -1.452187 -10.041279 -0.358788 0.037304 14.167834 132.0
76 12805.0 0.010521 0.513289 0.0 0.677009 -1.452187 -10.041279 -0.358788 0.037304 14.167834 132.0
77 12805.0 0.012833 0.526058 0.0 0.665618 -1.452187 -10.041279 -0.358788 0.037304 14.167834 132.0
78 12805.0 0.006976 0.52527 0.0 0.66251 -1.452187 -10.041279 -0.358788 0.037304 14.167834 132.0
79 12805.0 0.005984 0.528403 0.0 0.658675 -1.452187 -10.041279 -0.358788 0.037304 14.167834 132.0
80 12805.0 -0.00186 0.520848 0.0 0.661096 -1.452187 -10.041279 -0.358788 0.037304 14.167834 132.0
81 12805.0 0.000884 0.509268 0.0 0.674655 -1.452187 -10.041279 -0.358788 0.037304 14.167834 132.0
82 12805.0 -0.008497 0.496683 0.0 0.681146 -1.452187 -10.041279 -0.358788 0.037304 14.167834 132.0
83 12805.0 -0.006229 0.497812 0.0 0.681515 -1.452187 -10.041279 -0.358788 0.037304 14.167834 132.0
84 12805.0 -0.019507 0.514882 0.0 0.65537 -1.452187 -10.041279 -0.358788 0.037304 14.167834 132.0
85 12805.0 -0.011553 0.512581 0.0 0.663005 -1.452187 -10.041279 -0.358788 0.037304 14.167834 132.0
86 12805.0 0.015091 0.505298 0.0 0.688151 -1.452187 -10.041279 -0.358788 0.037304 14.167834 132.0
87 12805.0 -0.011092 0.502882 0.0 0.673137 -1.452187 -10.041279 -0.358788 0.037304 14.167834 132.0
88 12805.0 -0.032833 0.499619 0.0 0.661943 -1.452187 -10.041279 -0.358788 0.037304 14.167834 132.0
89 12805.0 -0.033393 0.499537 0.0 0.661652 -1.452187 -10.041279 -0.358788 0.037304 14.167834 132.0
90 12805.0 -0.040328 0.489199 0.0 0.667498 -1.452187 -10.041279 -0.358788 0.037304 14.167834 132.0
91 12805.0 -0.041577 0.474393 0.0 0.681662 -1.452187 -10.041279 -0.358788 0.037304 14.167834 132.0
92 12805.0 -0.026351 0.488481 0.0 0.677546 -1.452187 -10.041279 -0.358788 0.037304 14.167834 132.0
93 12805.0 -0.008068 0.510559 0.0 0.667377 -1.452187 -10.041279 -0.358788 0.037304 14.167834 132.0
94 12805.0 -0.004801 0.493799 0.0 0.686532 -1.452187 -10.041279 -0.358788 0.037304 14.167834 132.0
95 12805.0 -0.004107 0.514358 0.0 0.666171 -1.452187 -10.041279 -0.358788 0.037304 14.167834 132.0
96 12805.0 -0.020862 0.536011 0.0 0.633065 -1.452187 -10.041279 -0.358788 0.037304 14.167834 132.0
97 12805.0 -0.034872 0.516224 0.0 0.643764 -1.452187 -10.041279 -0.358788 0.037304 14.167834 132.0
98 12805.0 -0.029957 0.520521 0.0 0.642689 -1.452187 -10.041279 -0.358788 0.037304 14.167834 132.0
99 12805.0 -0.01106 0.499529 0.0 0.676554 -1.452187 -10.041279 -0.358788 0.037304 14.167834 132.0
100 12805.0 -0.012639 0.483541 0.0 0.691695 -1.452187 -10.041279 -0.358788 0.037304 14.167834 132.0
101 12805.0 -0.023409 0.466523 0.0 0.701749 -1.452187 -10.041279 -0.358788 0.037304 14.167834 132.0
102 12805.0 0.000277 0.493247 0.0 0.690478 -1.452187 -10.041279 -0.358788 0.037304 14.167834 132.0
103 12805.0 0.012588 0.507214 0.0 0.684541 -1.452187 -10.041279 -0.358788 0.037304 14.167834 132.0
104 12805.0 0.025222 0.517466 0.0 0.682582 -1.452187 -10.041279 -0.358788 0.037304 14.167834 132.0
105 12805.0 0.038921 0.494867 0.0 0.714609 -1.452187 -10.041279 -0.358788 0.037304 14.167834 132.0
106 12805.0 0.028203 0.508315 0.0 0.693839 -1.452187 -10.041279 -0.358788 0.037304 14.167834 132.0
107 12805.0 0.017944 0.513098 0.0 0.682153 -1.452187 -10.041279 -0.358788 0.037304 14.167834 132.0
108 12805.0 0.014465 0.523849 0.0 0.668944 -1.452187 -10.041279 -0.358788 0.037304 14.167834 132.0
109 12805.0 0.023114 0.500477 0.0 0.698385 -1.452187 -10.041279 -0.358788 0.037304 14.167834 132.0
110 12805.0 0.029283 0.480899 0.0 0.722329 -1.452187 -10.041279 -0.358788 0.037304 14.167834 132.0
111 12805.0 0.012393 0.491256 0.0 0.700575 -1.452187 -10.041279 -0.358788 0.037304 14.167834 132.0
112 12805.0 0.034258 0.487914 0.0 0.718541 -1.452187 -10.041279 -0.358788 0.037304 14.167834 132.0
113 12805.0 0.01483 0.488601 0.0 0.704889 -1.452187 -10.041279 -0.358788 0.037304 14.167834 132.0
114 12805.0 0.007826 0.479298 0.0 0.709641 -1.452187 -10.041279 -0.358788 0.037304 14.167834 132.0
115 12805.0 0.015893 0.510773 0.0 0.68314 -1.452187 -10.041279 -0.358788 0.037304 14.167834 132.0
116 12805.0 -0.003856 0.492609 0.0 0.688367 -1.452187 -10.041279 -0.358788 0.037304 14.167834 132.0
117 12805.0 0.004407 0.504089 0.0 0.682251 -1.452187 -10.041279 -0.358788 0.037304 14.167834 132.0
118 12805.0 0.033666 0.527836 0.0 0.677711 -1.452187 -10.041279 -0.358788 0.037304 14.167834 132.0
119 12805.0 0.03867 0.524894 0.0 0.684028 -1.452187 -10.041279 -0.358788 0.037304 14.167834 132.0
120 12805.0 0.019927 0.517033 0.0 0.67949 -1.452187 -10.041279 -0.358788 0.037304 14.167834 132.0
121 12805.0 0.009634 0.528731 0.0 0.660777 -1.452187 -10.041279 -0.358788 0.037304 14.167834 132.0
122 12805.0 0.015251 0.516238 0.0 0.677177 -1.452187 -10.041279 -0.358788 0.037304 14.167834 132.0
123 12805.0 0.023191 0.515312 0.0 0.68341 -1.452187 -10.041279 -0.358788 0.037304 14.167834 132.0
124 12805.0 0.02807 0.507284 0.0 0.694795 -1.452187 -10.041279 -0.358788 0.037304 14.167834 132.0
125 12805.0 0.015404 0.499104 0.0 0.694634 -1.452187 -10.041279 -0.358788 0.037304 14.167834 132.0
126 12805.0 0.028613 0.496901 0.0 0.705674 -1.452187 -10.041279 -0.358788 0.037304 14.167834 132.0
127 12805.0 0.007158 0.464645 0.0 0.724037 -1.452187 -10.041279 -0.358788 0.037304 14.167834 132.0
128 12805.0 0.006243 0.462146 0.0 0.725959 -1.452187 -10.041279 -0.358788 0.037304 14.167834 132.0
129 12805.0 -0.024501 0.466308 0.0 0.701239 -1.452187 -10.041279 -0.358788 0.037304 14.167834 132.0
130 12805.0 0.001171 0.498593 0.0 0.68566 -1.452187 -10.041279 -0.358788 0.037304 14.167834 132.0
131 12805.0 0.006227 0.499691 0.0 0.687919 -1.452187 -10.041279 -0.358788 0.037304 14.167834 132.0
132 12805.0 0.008716 0.486466 0.0 0.702974 -1.452187 -10.041279 -0.358788 0.037304 14.167834 132.0
133 12805.0 -0.006296 0.490181 0.0 0.6892 -1.452187 -10.041279 -0.358788 0.037304 14.167834 132.0
134 12805.0 0.000607 0.489718 0.0 0.694273 -1.452187 -10.041279 -0.358788 0.037304 14.167834 132.0
135 12805.0 -0.008144 0.496571 0.0 0.681495 -1.452187 -10.041279 -0.358788 0.037304 14.167834 132.0
136 12805.0 -0.013927 0.519223 0.0 0.654695 -1.452187 -10.041279 -0.358788 0.037304 14.167834 132.0
137 12805.0 -0.023542 0.522245 0.0 0.645222 -1.452187 -10.041279 -0.358788 0.037304 14.167834 132.0
138 12805.0 -0.006039 0.497362 0.0 0.682098 -1.452187 -10.041279 -0.358788 0.037304 14.167834 132.0
139 12805.0 0.017282 0.498155 0.0 0.696847 -1.452187 -10.041279 -0.358788 0.037304 14.167834 132.0
140 12805.0 -0.004925 0.512586 0.0 0.66742 -1.452187 -10.041279 -0.358788 0.037304 14.167834 132.0
141 12805.0 0.002304 0.508926 0.0 0.675948 -1.452187 -10.041279 -0.358788 0.037304 14.167834 132.0
142 12805.0 0.009117 0.506186 0.0 0.683268 -1.452187 -10.041279 -0.358788 0.037304 14.167834 132.0
143 12805.0 -0.021335 0.512629 0.0 0.656433 -1.452187 -10.041279 -0.358788 0.037304 14.167834 132.0
144 12805.0 -0.025467 0.511492 0.0 0.654829 -1.452187 -10.041279 -0.358788 0.037304 14.167834 132.0
145 12805.0 -0.027324 0.534951 0.0 0.629829 -1.452187 -10.041279 -0.358788 0.037304 14.167834 132.0
146 12805.0 -0.0312 0.563592 0.0 0.597031 -1.452187 -10.041279 -0.358788 0.037304 14.167834 132.0
147 12805.0 -0.060818 0.54782 0.0 0.588408 -1.452187 -10.041279 -0.358788 0.037304 14.167834 132.0
148 12805.0 -0.077403 0.557386 0.0 0.563903 -1.452187 -10.041279 -0.358788 0.037304 14.167834 132.0
149 12805.0 -0.086667 0.534724 0.0 0.580169 -1.452187 -10.041279 -0.358788 0.037304 14.167834 132.0
150 12805.0 -0.079228 0.514454 0.0 0.608251 -1.452187 -10.041279 -0.358788 0.037304 14.167834 132.0
151 12805.0 -0.087464 0.495751 0.0 0.621167 -1.452187 -10.041279 -0.358788 0.037304 14.167834 132.0
152 12805.0 -0.090058 0.505976 0.0 0.607999 -1.452187 -10.041279 -0.358788 0.037304 14.167834 132.0
153 12805.0 -0.123769 0.499313 0.0 0.58611 -1.452187 -10.041279 -0.358788 0.037304 14.167834 132.0
154 12805.0 -0.102312 0.520883 0.0 0.581506 -1.452187 -10.041279 -0.358788 0.037304 14.167834 132.0
155 12805.0 -0.101844 0.523784 0.0 0.578806 -1.452187 -10.041279 -0.358788 0.037304 14.167834 132.0
156 12805.0 -0.115613 0.518759 0.0 0.572331 -1.452187 -10.041279 -0.358788 0.037304 14.167834 132.0
157 12805.0 -0.120224 0.525125 0.0 0.561554 -1.452187 -10.041279 -0.358788 0.037304 14.167834 132.0
158 12805.0 -0.131736 0.525275 0.0 0.551485 -1.452187 -10.041279 -0.358788 0.037304 14.167834 132.0
159 12805.0 -0.109732 0.545758 0.0 0.548515 -1.452187 -10.041279 -0.358788 0.037304 14.167834 132.0
160 12805.0 -0.148126 0.525878 0.0 0.536733 -1.452187 -10.041279 -0.358788 0.037304 14.167834 132.0
161 12805.0 -0.148776 0.557965 0.0 0.501854 -1.452187 -10.041279 -0.358788 0.037304 14.167834 132.0
162 12805.0 -0.185766 0.526498 0.0 0.502683 -1.452187 -10.041279 -0.358788 0.037304 14.167834 132.0
163 12805.0 -0.22451 0.532924 0.0 0.456233 -1.452187 -10.041279 -0.358788 0.037304 14.167834 132.0
164 12805.0 -0.216358 0.522599 0.0 0.476783 -1.452187 -10.041279 -0.358788 0.037304 14.167834 132.0
165 12805.0 -0.264102 0.487382 0.0 0.471347 -1.452187 -10.041279 -0.358788 0.037304 14.167834 132.0
166 12805.0 -0.258742 0.497694 0.0 0.464321 -1.452187 -10.041279 -0.358788 0.037304 14.167834 132.0
167 12805.0 -0.291279 0.491266 0.0 0.439512 -1.452187 -10.041279 -0.358788 0.037304 14.167834 132.0
168 12805.0 -0.327926 0.521744 0.0 0.366273 -1.452187 -10.041279 -0.358788 0.037304 14.167834 132.0
169 12805.0 -0.339976 0.511207 0.0 0.366881 -1.452187 -10.041279 -0.358788 0.037304 14.167834 132.0
170 12805.0 -0.341032 0.501166 0.0 0.377884 -1.452187 -10.041279 -0.358788 0.037304 14.167834 132.0
171 12805.0 -0.347769 0.513932 0.0 0.355817 -1.452187 -10.041279 -0.358788 0.037304 14.167834 132.0
172 12805.0 -0.316703 0.515264 0.0 0.385275 -1.452187 -10.041279 -0.358788 0.037304 14.167834 132.0
173 12805.0 -0.292178 0.511914 0.0 0.413817 -1.452187 -10.041279 -0.358788 0.037304 14.167834 132.0
174 12805.0 -0.303424 0.513572 0.0 0.400582 -1.452187 -10.041279 -0.358788 0.037304 14.167834 132.0
175 12805.0 -0.313002 0.500931 0.0 0.406188 -1.452187 -10.041279 -0.358788 0.037304 14.167834 132.0
176 12805.0 -0.31241 0.502807 0.0 0.404527 -1.452187 -10.041279 -0.358788 0.037304 14.167834 132.0
177 12805.0 -0.332138 0.524147 0.0 0.359176 -1.452187 -10.041279 -0.358788 0.037304 14.167834 132.0
178 12805.0 -0.311918 0.511879 0.0 0.394123 -1.452187 -10.041279 -0.358788 0.037304 14.167834 132.0
179 12805.0 -0.290067 0.503603 0.0 0.425908 -1.452187 -10.041279 -0.358788 0.037304 14.167834 132.0
180 12805.0 -0.302967 0.502537 0.0 0.414291 -1.452187 -10.041279 -0.358788 0.037304 14.167834 132.0
181 12805.0 -0.291138 0.527322 0.0 0.396352 -1.452187 -10.041279 -0.358788 0.037304 14.167834 132.0
182 12805.0 -0.294033 0.530352 0.0 0.389818 -1.452187 -10.041279 -0.358788 0.037304 14.167834 132.0
183 12805.0 -0.302874 0.534907 0.0 0.375509 -1.452187 -10.041279 -0.358788 0.037304 14.167834 132.0
184 12805.0 -0.304336 0.502647 0.0 0.412791 -1.452187 -10.041279 -0.358788 0.037304 14.167834 132.0
185 12805.0 -0.32448 0.493736 0.0 0.403355 -1.452187 -10.041279 -0.358788 0.037304 14.167834 132.0
186 12805.0 -0.33976 0.505868 0.0 0.373508 -1.452187 -10.041279 -0.358788 0.037304 14.167834 132.0
187 12805.0 -0.352564 0.526559 0.0 0.33586 -1.452187 -10.041279 -0.358788 0.037304 14.167834 132.0
188 12805.0 -0.351499 0.506272 0.0 0.361288 -1.452187 -10.041279 -0.358788 0.037304 14.167834 132.0
189 12805.0 -0.368553 0.487434 0.0 0.366862 -1.452187 -10.041279 -0.358788 0.037304 14.167834 132.0
190 12805.0 -0.37637 0.4936 0.0 0.351642 -1.452187 -10.041279 -0.358788 0.037304 14.167834 132.0
191 12805.0 -0.39481 0.510237 0.0 0.313228 -1.452187 -10.041279 -0.358788 0.037304 14.167834 132.0
192 12805.0 -0.399862 0.50267 0.0 0.317264 -1.452187 -10.041279 -0.358788 0.037304 14.167834 132.0
193 12805.0 -0.431637 0.503695 0.0 0.284267 -1.452187 -10.041279 -0.358788 0.037304 14.167834 132.0
194 12805.0 -0.461844 0.512828 0.0 0.2431 -1.452187 -10.041279 -0.358788 0.037304 14.167834 132.0
195 12805.0 -0.450985 0.522975 0.0 0.24177 -1.452187 -10.041279 -0.358788 0.037304 14.167834 132.0
196 12805.0 -0.485313 0.533639 0.0 0.194644 -1.452187 -10.041279 -0.358788 0.037304 14.167834 132.0
197 12805.0 -0.500483 0.542789 0.0 0.16849 -1.452187 -10.041279 -0.358788 0.037304 14.167834 132.0
198 12805.0 -0.50088 0.533611 0.0 0.179115 -1.452187 -10.041279 -0.358788 0.037304 14.167834 132.0
199 12805.0 -0.510302 0.548362 0.0 0.151982 -1.452187 -10.041279 -0.358788 0.037304 14.167834 132.0
200 12805.0 -0.544953 0.555179 0.0 0.109153 -1.452187 -10.041279 -0.358788 0.037304 14.167834 132.0
201 12805.0 -0.54233 0.546923 0.0 0.12169 -1.452187 -10.041279 -0.358788 0.037304 14.167834 132.0
202 12805.0 -0.554046 0.559587 0.0 0.094769 -1.452187 -10.041279 -0.358788 0.037304 14.167834 132.0
203 12805.0 -0.55804 0.568166 0.0 0.080473 -1.452187 -10.041279 -0.358788 0.037304 14.167834 132.0
204 12805.0 -0.568974 0.559258 0.0 0.08024 -1.452187 -10.041279 -0.358788 0.037304 14.167834 132.0
205 12805.0 -0.568548 0.547082 0.0 0.095289 -1.452187 -10.041279 -0.358788 0.037304 14.167834 132.0
206 12805.0 -0.57673 0.579216 0.0 0.048518 -1.452187 -10.041279 -0.358788 0.037304 14.167834 132.0
207 12805.0 -0.5746 0.568344 0.0 0.063704 -1.452187 -10.041279 -0.358788 0.037304 14.167834 132.0
208 12805.0 -0.578786 0.544333 0.0 0.088355 -1.452187 -10.041279 -0.358788 0.037304 14.167834 132.0
209 12805.0 -0.580916 0.529046 0.0 0.104585 -1.452187 -10.041279 -0.358788 0.037304 14.167834 132.0
210 12805.0 -0.592747 0.53476 0.0 0.085895 -1.452187 -10.041279 -0.358788 0.037304 14.167834 132.0
211 12805.0 -0.597479 0.541734 0.0 0.072789 -1.452187 -10.041279 -0.358788 0.037304 14.167834 132.0
212 12805.0 -0.60254 0.531436 0.0 0.080097 -1.452187 -10.041279 -0.358788 0.037304 14.167834 132.0
213 12805.0 -0.60718 0.507808 0.0 0.103835 -1.452187 -10.041279 -0.358788 0.037304 14.167834 132.0
214 12805.0 -0.611804 0.521946 0.0 0.082232 -1.452187 -10.041279 -0.358788 0.037304 14.167834 132.0
215 12805.0 -0.62193 0.526196 0.0 0.067005 -1.452187 -10.041279 -0.358788 0.037304 14.167834 132.0
216 12805.0 -0.626078 0.513071 0.0 0.078621 -1.452187 -10.041279 -0.358788 0.037304 14.167834 132.0
217 12805.0 -0.646162 0.5124 0.0 0.059349 -1.452187 -10.041279 -0.358788 0.037304 14.167834 132.0
218 12805.0 -0.652632 0.500179 0.0 0.067557 -1.452187 -10.041279 -0.358788 0.037304 14.167834 132.0
219 12805.0 -0.676179 0.531934 0.0 0.005881 -1.452187 -10.041279 -0.358788 0.037304 14.167834 132.0
220 12805.0 -0.679272 0.549825 0.0 -0.018699 -1.452187 -10.041279 -0.358788 0.037304 14.167834 132.0
221 12805.0 -0.713005 0.546497 0.0 -0.048425 -1.452187 -10.041279 -0.358788 0.037304 14.167834 132.0
222 12805.0 -0.741494 0.557447 0.0 -0.090056 -1.452187 -10.041279 -0.358788 0.037304 14.167834 132.0
223 12805.0 -0.754678 0.567184 0.0 -0.114931 -1.452187 -10.041279 -0.358788 0.037304 14.167834 132.0
224 12805.0 -0.781496 0.573648 0.0 -0.149504 -1.452187 -10.041279 -0.358788 0.037304 14.167834 132.0
225 12805.0 -0.7836 0.590612 0.0 -0.17198 -1.452187 -10.041279 -0.358788 0.037304 14.167834 132.0
226 12805.0 -0.809885 0.586134 0.0 -0.19288 -1.452187 -10.041279 -0.358788 0.037304 14.167834 132.0
227 12805.0 -0.820611 0.595787 0.0 -0.213886 -1.452187 -10.041279 -0.358788 0.037304 14.167834 132.0
228 12805.0 -0.805518 0.608148 0.0 -0.213737 -1.452187 -10.041279 -0.358788 0.037304 14.167834 132.0
229 12805.0 -0.801283 0.624092 0.0 -0.226994 -1.452187 -10.041279 -0.358788 0.037304 14.167834 132.0
230 12805.0 -0.804101 0.654177 0.0 -0.261554 -1.452187 -10.041279 -0.358788 0.037304 14.167834 132.0
231 12805.0 -0.790884 0.648941 0.0 -0.244303 -1.452187 -10.041279 -0.358788 0.037304 14.167834 132.0
232 12805.0 -0.778812 0.662805 0.0 -0.248423 -1.452187 -10.041279 -0.358788 0.037304 14.167834 132.0
233 12805.0 -0.782784 0.649126 0.0 -0.237348 -1.452187 -10.041279 -0.358788 0.037304 14.167834 132.0
234 12805.0 -0.793937 0.653921 0.0 -0.252307 -1.452187 -10.041279 -0.358788 0.037304 14.167834 132.0
235 12805.0 -0.803318 0.631775 0.0 -0.236982 -1.452187 -10.041279 -0.358788 0.037304 14.167834 132.0
236 12805.0 -0.787038 0.61829 0.0 -0.208231 -1.452187 -10.041279 -0.358788 0.037304 14.167834 132.0
237 12805.0 -0.774576 0.649195 0.0 -0.230174 -1.452187 -10.041279 -0.358788 0.037304 14.167834 132.0
238 12805.0 -0.745192 0.635473 0.0 -0.188597 -1.452187 -10.041279 -0.358788 0.037304 14.167834 132.0
239 12805.0 -0.782056 0.638442 0.0 -0.225316 -1.452187 -10.041279 -0.358788 0.037304 14.167834 132.0
240 12805.0 -0.805753 0.653109 0.0 -0.261875 -1.452187 -10.041279 -0.358788 0.037304 14.167834 132.0
241 12805.0 -0.823795 0.668935 0.0 -0.294677 -1.452187 -10.041279 -0.358788 0.037304 14.167834 132.0
242 12805.0 -0.839485 0.684444 0.0 -0.325064 -1.452187 -10.041279 -0.358788 0.037304 14.167834 132.0
243 12805.0 -0.881736 0.697137 0.0 -0.380055 -1.452187 -10.041279 -0.358788 0.037304 14.167834 132.0
244 12805.0 -0.885499 0.699799 0.0 -0.387405 -1.452187 -10.041279 -0.358788 0.037304 14.167834 132.0
245 12805.0 -0.881166 0.741076 0.0 -0.440432 -1.452187 -10.041279 -0.358788 0.037304 14.167834 132.0
246 12805.0 -0.889899 0.776972 0.0 -0.497937 -1.452187 -10.041279 -0.358788 0.037304 14.167834 132.0
247 12805.0 -0.885483 0.785806 0.0 -0.505913 -1.452187 -10.041279 -0.358788 0.037304 14.167834 132.0
248 12805.0 -0.903279 0.805885 0.0 -0.551052 -1.452187 -10.041279 -0.358788 0.037304 14.167834 132.0
249 12805.0 -0.908701 0.797193 0.0 -0.542946 -1.452187 -10.041279 -0.358788 0.037304 14.167834 132.0
250 12805.0 -0.909041 0.803975 0.0 -0.553659 -1.452187 -10.041279 -0.358788 0.037304 14.167834 132.0
251 12805.0 -0.923415 0.828596 0.0 -0.605168 -1.452187 -10.041279 -0.358788 0.037304 14.167834 132.0
252 12805.0 -0.945039 0.855897 0.0 -0.667746 -1.452187 -10.041279 -0.358788 0.037304 14.167834 132.0
253 12805.0 -0.975596 0.856777 0.0 -0.695915 -1.452187 -10.041279 -0.358788 0.037304 14.167834 132.0
254 12805.0 -0.977702 0.846382 0.0 -0.683428 -1.452187 -10.041279 -0.358788 0.037304 14.167834 132.0
255 12805.0 -1.000514 0.851959 0.0 -0.710931 -1.452187 -10.041279 -0.358788 0.037304 14.167834 132.0
256 12805.0 -1.017974 0.876842 0.0 -0.760377 -1.452187 -10.041279 -0.358788 0.037304 14.167834 132.0
257 12805.0 -1.038581 0.889663 0.0 -0.795941 -1.452187 -10.041279 -0.358788 0.037304 14.167834 132.0
258 12805.0 -1.00055 0.908954 0.0 -0.789467 -1.452187 -10.041279 -0.358788 0.037304 14.167834 132.0
259 12805.0 -0.978939 0.917816 0.0 -0.782895 -1.452187 -10.041279 -0.358788 0.037304 14.167834 132.0
260 12805.0 -0.972404 0.919895 0.0 -0.78008 -1.452187 -10.041279 -0.358788 0.037304 14.167834 132.0
261 12805.0 -0.980155 0.942338 0.0 -0.813244 -1.452187 -10.041279 -0.358788 0.037304 14.167834 132.0
262 12805.0 -0.953546 0.965137 0.0 -0.816112 -1.452187 -10.041279 -0.358788 0.037304 14.167834 132.0
263 12805.0 -0.950591 0.987886 0.0 -0.836301 -1.452187 -10.041279 -0.358788 0.037304 14.167834 132.0
264 12805.0 -0.961516 1.004892 0.0 -0.861037 -1.452187 -10.041279 -0.358788 0.037304 14.167834 132.0
265 12805.0 -0.939431 1.020843 0.0 -0.860496 -1.452187 -10.041279 -0.358788 0.037304 14.167834 132.0
266 12805.0 -0.920747 1.030281 0.0 -0.856051 -1.452187 -10.041279 -0.358788 0.037304 14.167834 132.0
267 12805.0 -0.928438 1.033729 0.0 -0.865088 -1.452187 -10.041279 -0.358788 0.037304 14.167834 132.0
268 12805.0 -0.918983 1.035025 0.0 -0.859419 -1.452187 -10.041279 -0.358788 0.037304 14.167834 132.0
269 12805.0 -0.919859 1.042628 0.0 -0.867536 -1.452187 -10.041279 -0.358788 0.037304 14.167834 132.0
270 12805.0 -0.902702 1.041867 0.0 -0.854189 -1.452187 -10.041279 -0.358788 0.037304 14.167834 132.0
271 12805.0 -0.908233 1.0778 0.0 -0.893565 -1.452187 -10.041279 -0.358788 0.037304 14.167834 132.0
272 12805.0 -0.896442 1.092788 0.0 -0.899638 -1.452187 -10.041279 -0.358788 0.037304 14.167834 132.0
273 12805.0 -0.886301 1.090633 0.0 -0.890073 -1.452187 -10.041279 -0.358788 0.037304 14.167834 132.0
274 12805.0 -0.849883 1.140613 0.0 -0.912451 -1.452187 -10.041279 -0.358788 0.037304 14.167834 132.0
275 12805.0 -0.835275 1.159059 0.0 -0.919854 -1.452187 -10.041279 -0.358788 0.037304 14.167834 132.0
276 12805.0 -0.815383 1.164588 0.0 -0.91068 -1.452187 -10.041279 -0.358788 0.037304 14.167834 132.0
277 12805.0 -0.794816 1.177182 0.0 -0.907955 -1.452187 -10.041279 -0.358788 0.037304 14.167834 132.0
278 12805.0 -0.792676 1.192305 0.0 -0.921247 -1.452187 -10.041279 -0.358788 0.037304 14.167834 132.0
279 12805.0 -0.809091 1.210785 0.0 -0.951463 -1.452187 -10.041279 -0.358788 0.037304 14.167834 132.0
280 12805.0 -0.801155 1.223527 0.0 -0.958159 -1.452187 -10.041279 -0.358788 0.037304 14.167834 132.0
281 12805.0 -0.793909 1.226934 0.0 -0.956187 -1.452187 -10.041279 -0.358788 0.037304 14.167834 132.0
282 12805.0 -0.765734 1.212193 0.0 -0.921009 -1.452187 -10.041279 -0.358788 0.037304 14.167834 132.0
283 12805.0 -0.779353 1.235362 0.0 -0.953781 -1.452187 -10.041279 -0.358788 0.037304 14.167834 132.0
284 12805.0 -0.755724 1.226991 0.0 -0.928202 -1.452187 -10.041279 -0.358788 0.037304 14.167834 132.0
285 12805.0 -0.76104 1.230266 0.0 -0.935325 -1.452187 -10.041279 -0.358788 0.037304 14.167834 132.0
286 12805.0 -0.74384 1.229094 0.0 -0.921542 -1.452187 -10.041279 -0.358788 0.037304 14.167834 132.0
287 12805.0 -0.715007 1.204427 0.0 -0.876127 -1.452187 -10.041279 -0.358788 0.037304 14.167834 132.0
