 time p.x p.y p.z deep.node-0 CV opes.bias opes.rct opes.zed opes.neff opes.nker
0 9465.0 0.641185 0.466087 0.0 1.171072 -2.146722 -15.260312 -0.328506 0.035173 14.167834 140.0
1 9465.0 0.631907 0.49399 0.0 1.138416 -2.146722 -15.260312 -0.328506 0.035173 14.167834 140.0
2 9465.0 0.644064 0.49032 0.0 1.151073 -2.146722 -15.260312 -0.328506 0.035173 14.167834 140.0
3 9465.0 0.639277 0.51693 0.0 1.123034 -2.146722 -15.260312 -0.328506 0.035173 14.167834 140.0
4 9465.0 0.665044 0.562582 0.0 1.100912 -2.146722 -15.260312 -0.328506 0.035173 14.167834 140.0
5 9465.0 0.638107 0.582831 0.0 1.061767 -2.146722 -15.260312 -0.328506 0.035173 14.167834 140.0
6 9465.0 0.663418 0.592319 0.0 1.072425 -2.146722 -15.260312 -0.328506 0.035173 14.167834 140.0
7 9465.0 0.639975 0.598809 0.0 1.048557 -2.146722 -15.260312 -0.328506 0.035173 14.167834 140.0
8 9465.0 0.619422 0.602633 0.0 1.02934 -2.146722 -15.260312 -0.328506 0.035173 14.167834 140.0
9 9465.0 0.626598 0.638643 0.0 1.001837 -2.146722 -15.260312 -0.328506 0.035173 14.167834 140.0
10 9465.0 0.639703 0.621945 0.0 1.027153 -2.146722 -15.260312 -0.328506 0.035173 14.167834 140.0
11 9465.0 0.642481 0.612279 0.0 1.038133 -2.146722 -15.260312 -0.328506 0.035173 14.167834 140.0
12 9465.0 0.653811 0.595196 0.0 1.062445 -2.146722 -15.260312 -0.328506 0.035173 14.167834 140.0
13 9465.0 0.668835 0.606114 0.0 1.063929 -2.146722 -15.260312 -0.328506 0.035173 14.167834 140.0
14 9465.0 0.678106 0.58718 0.0 1.088362 -2.146722 -15.260312 -0.328506 0.035173 14.167834 140.0
15 9465.0 0.660714 0.569413 0.0 1.091343 -2.146722 -15.260312 -0.328506 0.035173 14.167834 140.0
16 9465.0 0.646201 0.567588 0.0 1.081919 -2.146722 -15.260312 -0.328506 0.035173 14.167834 140.0
17 9465.0 0.64835 0.549902 0.0 1.099765 -2.146722 -15.260312 -0.328506 0.035173 14.167834 140.0
18 9465.0 0.62258 0.553663 0.0 1.076618 -2.146722 -15.260312 -0.328506 0.035173 14.167834 140.0
19 9465.0 0.621861 0.554731 0.0 1.075089 -2.146722 -15.260312 -0.328506 0.035173 14.167834 140.0
20 9465.0 0.606745 0.546671 0.0 1.070917 -2.146722 -15.260312 -0.328506 0.035173 14.167834 140.0
21 9465.0 0.602972 0.537084 0.0 1.076815 -2.146722 -15.260312 -0.328506 0.035173 14.167834 140.0
22 9465.0 0.60095 0.540061 0.0 1.072542 -2.146722 -15.260312 -0.328506 0.035173 14.167834 140.0
23 9465.0 0.60302 0.558248 0.0 1.057462 -2.146722 -15.260312 -0.328506 0.035173 14.167834 140.0
24 9465.0 0.608756 0.548236 0.0 1.07102 -2.146722 -15.260312 -0.328506 0.035173 14.167834 140.0
25 9465.0 0.610731 0.536849 0.0 1.082962 -2.146722 -15.260312 -0.328506 0.035173 14.167834 140.0
26 9465.0 0.609947 0.557692 0.0 1.063268 -2.146722 -15.260312 -0.328506 0.035173 14.167834 140.0
27 9465.0 0.617684 0.576616 0.0 1.051847 -2.146722 -15.260312 -0.328506 0.035173 14.167834 140.0
28 9465.0 0.603871 0.578798 0.0 1.039286 -2.146722 -15.260312 -0.328506 0.035173 14.167834 140.0
29 9465.0 0.611421 0.581136 0.0 1.042917 -2.146722 -15.260312 -0.328506 0.035173 14.167834 140.0
30 9465.0 0.59313 0.57344 0.0 1.035984 -2.146722 -15.260312 -0.328506 0.035173 14.167834 140.0
31 9465.0 0.579468 0.586379 0.0 1.013684 -2.146722 -15.260312 -0.328506 0.035173 14.167834 140.0
32 9465.0 0.603543 0.563273 0.0 1.053259 -2.146722 -15.260312 -0.328506 0.035173 14.167834 140.0
33 9465.0 0.59812 0.55528 0.0 1.056435 -2.146722 -15.260312 -0.328506 0.035173 14.167834 140.0
34 9465.0 0.583426 0.539346 0.0 1.059799 -2.146722 -15.260312 -0.328506 0.035173 14.167834 140.0
35 9465.0 0.592427 0.560601 0.0 1.047209 -2.146722 -15.260312 -0.328506 0.035173 14.167834 140.0
36 9465.0 0.595293 0.550049 0.0 1.059067 -2.146722 -15.260312 -0.328506 0.035173 14.167834 140.0
37 9465.0 0.599736 0.546564 0.0 1.065656 -2.146722 -15.260312 -0.328506 0.035173 14.167834 140.0
38 9465.0 0.600836 0.544407 0.0 1.068473 -2.146722 -15.260312 -0.328506 0.035173 14.167834 140.0
39 9465.0 0.593756 0.517879 0.0 1.087364 -2.146722 -15.260312 -0.328506 0.035173 14.167834 140.0
40 9465.0 0.599741 0.492971 0.0 1.114758 -2.146722 -15.260312 -0.328506 0.035173 14.167834 140.0
41 9465.0 0.596708 0.503073 0.0 1.103185 -2.146722 -15.260312 -0.328506 0.035173 14.167834 140.0
42 9465.0 0.60963 0.518135 0.0 1.099264 -2.146722 -15.260312 -0.328506 0.035173 14.167834 140.0
43 9465.0 0.638997 0.517528 0.0 1.122273 -2.146722 -15.260312 -0.328506 0.035173 14.167834 140.0
44 9465.0 0.632767 0.523397 0.0 1.112133 -2.146722 -15.260312 -0.328506 0.035173 14.167834 140.0
45 9465.0 0.602588 0.542527 0.0 1.071535 -2.146722 -15.260312 -0.328506 0.035173 14.167834 140.0
46 9465.0 0.591326 0.532143 0.0 1.072438 -2.146722 -15.260312 -0.328506 0.035173 14.167834 140.0
47 9465.0 0.600927 0.542762 0.0 1.070051 -2.146722 -15.260312 -0.328506 0.035173 14.167834 140.0
48 9465.0 0.603903 0.553132 0.0 1.062825 -2.146722 -15.260312 -0.328506 0.035173 14.167834 140.0
49 9465.0 0.610195 0.527461 0.0 1.091153 -2.146722 -15.260312 -0.328506 0.035173 14.167834 140.0
50 9465.0 0.598328 0.525976 0.0 1.08344 -2.146722 -15.260312 -0.328506 0.035173 14.167834 140.0
51 9465.0 0.588695 0.49715 0.0 1.102485 -2.146722 -15.260312 -0.328506 0.035173 14.167834 140.0
52 9465.0 0.586082 0.505989 0.0 1.092389 -2.146722 -15.260312 -0.328506 0.035173 14.167834 140.0
53 9465.0 0.565877 0.536493 0.0 1.048996 -2.146722 -15.260312 -0.328506 0.035173 14.167834 140.0
54 9465.0 0.562753 0.537734 0.0 1.045471 -2.146722 -15.260312 -0.328506 0.035173 14.167834 140.0
55 9465.0 0.543075 0.525031 0.0 1.042064 -2.146722 -15.260312 -0.328506 0.035173 14.167834 140.0
56 9465.0 0.532254 0.504636 0.0 1.052475 -2.146722 -15.260312 -0.328506 0.035173 14.167834 140.0
57 9465.0 0.538844 0.51482 0.0 1.048185 -2.146722 -15.260312 -0.328506 0.035173 14.167834 140.0
58 9465.0 0.528851 0.504555 0.0 1.049948 -2.146722 -15.260312 -0.328506 0.035173 14.167834 140.0
59 9465.0 0.525429 0.485035 0.0 1.065215 -2.146722 -15.260312 -0.328506 0.035173 14.167834 140.0
60 9465.0 0.510991 0.480682 0.0 1.058165 -2.146722 -15.260312 -0.328506 0.035173 14.167834 140.0
61 9465.0 0.495621 0.497479 0.0 1.031025 -2.146722 -15.260312 -0.328506 0.035173 14.167834 140.0
62 9465.0 0.472573 0.512836 0.0 0.999336 -2.146722 -15.260312 -0.328506 0.035173 14.167834 140.0
63 9465.0 0.480381 0.52472 0.0 0.994418 -2.146722 -15.260312 -0.328506 0.035173 14.167834 140.0
64 9465.0 0.458649 0.523483 0.0 0.978937 -2.146722 -15.260312 -0.328506 0.035173 14.167834 140.0
65 9465.0 0.47301 0.542329 0.0 0.97265 -2.146722 -15.260312 -0.328506 0.035173 14.167834 140.0
66 9465.0 0.477923 0.506123 0.0 1.009576 -2.146722 -15.260312 -0.328506 0.035173 14.167834 140.0
67 9465.0 0.495023 0.494656 0.0 1.033154 -2.146722 -15.260312 -0.328506 0.035173 14.167834 140.0
68 9465.0 0.489247 0.505653 0.0 1.018664 -2.146722 -15.260312 -0.328506 0.035173 14.167834 140.0
69 9465.0 0.496209 0.534155 0.0 0.997875 -2.146722 -15.260312 -0.328506 0.035173 14.167834 140.0
70 9465.0 0.47836 0.524636 0.0 0.99295 -2.146722 -15.260312 -0.328506 0.035173 14.167834 140.0
71 9465.0 0.499288 0.521018 0.0 1.012264 -2.146722 -15.260312 -0.328506 0.035173 14.167834 140.0
72 9465.0 0.4794 0.540622 0.0 0.9791 -2.146722 -15.260312 -0.328506 0.035173 14.167834 140.0
73 9465.0 0.440483 0.562378 0.0 0.929416 -2.146722 -15.260312 -0.328506 0.035173 14.167834 140.0
74 9465.0 0.440969 0.549269 0.0 0.941796 -2.146722 -15.260312 -0.328506 0.035173 14.167834 140.0
75 9465.0 0.415201 0.522064 0.0 0.947019 -2.146722 -15.260312 -0.328506 0.035173 14.167834 140.0
76 9465.0 0.419547 0.521864 0.0 0.950525 -2.146722 -15.260312 -0.328506 0.035173 14.167834 140.0
77 9465.0 0.413377 0.508289 0.0 0.958245 -2.146722 -15.260312 -0.328506 0.035173 14.167834 140.0
78 9465.0 0.379662 0.488255 0.0 0.951965 -2.146722 -15.260312 -0.328506 0.035173 14.167834 140.0
79 9465.0 0.36695 0.491921 0.0 0.939424 -2.146722 -15.260312 -0.328506 0.035173 14.167834 140.0
80 9465.0 0.343903 0.515746 0.0 0.89988 -2.146722 -15.260312 -0.328506 0.035173 14.167834 140.0
81 9465.0 0.331568 0.537921 0.0 0.869498 -2.146722 -15.260312 -0.328506 0.035173 14.167834 140.0
82 9465.0 0.31603 0.524347 0.0 0.871831 -2.146722 -15.260312 -0.328506 0.035173 14.167834 140.0
83 9465.0 0.313887 0.543213 0.0 0.851865 -2.146722 -15.260312 -0.328506 0.035173 14.167834 140.0
84 9465.0 0.308707 0.545356 0.0 0.84612 -2.146722 -15.260312 -0.328506 0.035173 14.167834 140.0
85 9465.0 0.291826 0.532914 0.0 0.846399 -2.146722 -15.260312 -0.328506 0.035173 14.167834 140.0
86 9465.0 0.291273 0.518094 0.0 0.860507 -2.146722 -15.260312 -0.328506 0.035173 14.167834 140.0
87 9465.0 0.275484 0.535732 0.0 0.83213 -2.146722 -15.260312 -0.328506 0.035173 14.167834 140.0
88 9465.0 0.266627 0.532739 0.0 0.828818 -2.146722 -15.260312 -0.328506 0.035173 14.167834 140.0
89 9465.0 0.258797 0.534551 0.0 0.82153 -2.146722 -15.260312 -0.328506 0.035173 14.167834 140.0
90 9465.0 0.257173 0.529841 0.0 0.824993 -2.146722 -15.260312 -0.328506 0.035173 14.167834 140.0
91 9465.0 0.284075 0.531692 0.0 0.842134 -2.146722 -15.260312 -0.328506 0.035173 14.167834 140.0
92 9465.0 0.263718 0.549137 0.0 0.810727 -2.146722 -15.260312 -0.328506 0.035173 14.167834 140.0
93 9465.0 0.252484 0.540308 0.0 0.811451 -2.146722 -15.260312 -0.328506 0.035173 14.167834 140.0
94 9465.0 0.257496 0.517219 0.0 0.837737 -2.146722 -15.260312 -0.328506 0.035173 14.167834 140.0
95 9465.0 0.248638 0.50336 0.0 0.845867 -2.146722 -15.260312 -0.328506 0.035173 14.167834 140.0
96 9465.0 0.23475 0.47298 0.0 0.867376 -2.146722 -15.260312 -0.328506 0.035173 14.167834 140.0
97 9465.0 0.207 0.479849 0.0 0.841912 -2.146722 -15.260312 -0.328506 0.035173 14.167834 140.0
98 9465.0 0.208915 0.494625 0.0 0.828223 -2.146722 -15.260312 -0.328506 0.035173 14.167834 140.0
99 9465.0 0.237754 0.506759 0.0 0.835166 -2.146722 -15.260312 -0.328506 0.035173 14.167834 140.0
100 9465.0 0.213481 0.529256 0.0 0.796191 -2.146722 -15.260312 -0.328506 0.035173 14.167834 140.0
101 9465.0 0.198243 0.532457 0.0 0.782787 -2.146722 -15.260312 -0.328506 0.035173 14.167834 140.0
102 9465.0 0.195571 0.511625 0.0 0.802106 -2.146722 -15.260312 -0.328506 0.035173 14.167834 140.0
103 9465.0 0.188846 0.544671 0.0 0.764148 -2.146722 -15.260312 -0.328506 0.035173 14.167834 140.0
104 9465.0 0.173304 0.499519 0.0 0.799517 -2.146722 -15.260312 -0.328506 0.035173 14.167834 140.0
105 9465.0 0.162096 0.550299 0.0 0.740608 -2.146722 -15.260312 -0.328506 0.035173 14.167834 140.0
106 9465.0 0.168929 0.539048 0.0 0.756562 -2.146722 -15.260312 -0.328506 0.035173 14.167834 140.0
107 9465.0 0.161498 0.54575 0.0 0.744817 -2.146722 -15.260312 -0.328506 0.035173 14.167834 140.0
108 9465.0 0.15552 0.528512 0.0 0.75829 -2.146722 -15.260312 -0.328506 0.035173 14.167834 140.0
109 9465.0 0.144646 0.528091 0.0 0.751465 -2.146722 -15.260312 -0.328506 0.035173 14.167834 140.0
110 9465.0 0.144638 0.514333 0.0 0.765395 -2.146722 -15.260312 -0.328506 0.035173 14.167834 140.0
111 9465.0 0.127526 0.548172 0.0 0.719707 -2.146722 -15.260312 -0.328506 0.035173 14.167834 140.0
112 9465.0 0.124886 0.546139 0.0 0.720007 -2.146722 -15.260312 -0.328506 0.035173 14.167834 140.0
113 9465.0 0.108802 0.532766 0.0 0.722825 -2.146722 -15.260312 -0.328506 0.035173 14.167834 140.0
114 9465.0 0.099544 0.517785 0.0 0.731826 -2.146722 -15.260312 -0.328506 0.035173 14.167834 140.0
115 9465.0 0.098111 0.535108 0.0 0.713323 -2.146722 -15.260312 -0.328506 0.035173 14.167834 140.0
116 9465.0 0.082479 0.539173 0.0 0.698781 -2.146722 -15.260312 -0.328506 0.035173 14.167834 140.0
117 9465.0 0.104931 0.527115 0.0 0.725968 -2.146722 -15.260312 -0.328506 0.035173 14.167834 140.0
118 9465.0 0.132769 0.51207 0.0 0.759771 -2.146722 -15.260312 -0.328506 0.035173 14.167834 140.0
119 9465.0 0.11332 0.498284 0.0 0.760765 -2.146722 -15.260312 -0.328506 0.035173 14.167834 140.0
120 9465.0 0.11756 0.491073 0.0 0.770897 -2.146722 -15.260312 -0.328506 0.035173 14.167834 140.0
121 9465.0 0.119718 0.519024 0.0 0.744024 -2.146722 -15.260312 -0.328506 0.035173 14.167834 140.0
122 9465.0 0.090236 0.54329 0.0 0.699784 -2.146722 -15.260312 -0.328506 0.035173 14.167834 140.0
123 9465.0 0.104909 0.541399 0.0 0.711485 -2.146722 -15.260312 -0.328506 0.035173 14.167834 140.0
124 9465.0 0.091621 0.532734 0.0 0.7114 -2.146722 -15.260312 -0.328506 0.035173 14.167834 140.0
125 9465.0 0.08298 0.522429 0.0 0.716075 -2.146722 -15.260312 -0.328506 0.035173 14.167834 140.0
126 9465.0 0.067302 0.500825 0.0 0.727501 -2.146722 -15.260312 -0.328506 0.035173 14.167834 140.0
127 9465.0 0.053112 0.507644 0.0 0.711131 -2.146722 -15.260312 -0.328506 0.035173 14.167834 140.0
128 9465.0 0.017936 0.521271 0.0 0.673869 -2.146722 -15.260312 -0.328506 0.035173 14.167834 140.0
129 9465.0 0.038126 0.517475 0.0 0.69118 -2.146722 -15.260312 -0.328506 0.035173 14.167834 140.0
130 9465.0 0.029797 0.522207 0.0 0.680831 -2.146722 -15.260312 -0.328506 0.035173 14.167834 140.0
131 9465.0 0.006947 0.535277 0.0 0.652355 -2.146722 -15.260312 -0.328506 0.035173 14.167834 140.0
132 9465.0 0.028454 0.529198 0.0 0.672855 -2.146722 -15.260312 -0.328506 0.035173 14.167834 140.0
133 9465.0 0.038637 0.527338 0.0 0.68153 -2.146722 -15.260312 -0.328506 0.035173 14.167834 140.0
134 9465.0 0.060467 0.511179 0.0 0.712455 -2.146722 -15.260312 -0.328506 0.035173 14.167834 140.0
135 9465.0 0.08059 0.497873 0.0 0.739354 -2.146722 -15.260312 -0.328506 0.035173 14.167834 140.0
136 9465.0 0.102467 0.496592 0.0 0.755241 -2.146722 -15.260312 -0.328506 0.035173 14.167834 140.0
137 9465.0 0.100091 0.518135 0.0 0.731836 -2.146722 -15.260312 -0.328506 0.035173 14.167834 140.0
138 9465.0 0.114219 0.515272 0.0 0.744157 -2.146722 -15.260312 -0.328506 0.035173 14.167834 140.0
139 9465.0 0.092758 0.517323 0.0 0.727767 -2.146722 -15.260312 -0.328506 0.035173 14.167834 140.0
140 9465.0 0.09849 0.535259 0.0 0.713423 -2.146722 -15.260312 -0.328506 0.035173 14.167834 140.0
141 9465.0 0.101042 0.505146 0.0 0.745626 -2.146722 -15.260312 -0.328506 0.035173 14.167834 140.0
142 9465.0 0.100295 0.505668 0.0 0.7446 -2.146722 -15.260312 -0.328506 0.035173 14.167834 140.0
143 9465.0 0.09648 0.497731 0.0 0.750095 -2.146722 -15.260312 -0.328506 0.035173 14.167834 140.0
144 9465.0 0.081598 0.481936 0.0 0.756168 -2.146722 -15.260312 -0.328506 0.035173 14.167834 140.0
145 9465.0 0.097946 0.475996 0.0 0.773087 -2.146722 -15.260312 -0.328506 0.035173 14.167834 140.0
146 9465.0 0.090118 0.481909 0.0 0.761877 -2.146722 -15.260312 -0.328506 0.035173 14.167834 140.0
147 9465.0 0.114073 0.498297 0.0 0.761253 -2.146722 -15.260312 -0.328506 0.035173 14.167834 140.0
148 9465.0 0.092618 0.514268 0.0 0.730768 -2.146722 -15.260312 -0.328506 0.035173 14.167834 140.0
149 9465.0 0.074767 0.527077 0.0 0.70589 -2.146722 -15.260312 -0.328506 0.035173 14.167834 140.0
150 9465.0 0.081979 0.536638 0.0 0.701015 -2.146722 -15.260312 -0.328506 0.035173 14.167834 140.0
151 9465.0 0.075143 0.526226 0.0 0.707002 -2.146722 -15.260312 -0.328506 0.035173 14.167834 140.0
152 9465.0 0.087639 0.505077 0.0 0.736758 -2.146722 -15.260312 -0.328506 0.035173 14.167834 140.0
153 9465.0 0.093896 0.534304 0.0 0.711327 -2.146722 -15.260312 -0.328506 0.035173 14.167834 140.0
154 9465.0 0.094063 0.522332 0.0 0.723564 -2.146722 -15.260312 -0.328506 0.035173 14.167834 140.0
155 9465.0 0.06849 0.514554 0.0 0.714388 -2.146722 -15.260312 -0.328506 0.035173 14.167834 140.0
156 9465.0 0.043251 0.519725 0.0 0.692319 -2.146722 -15.260312 -0.328506 0.035173 14.167834 140.0
157 9465.0 0.028409 0.493341 0.0 0.709144 -2.146722 -15.260312 -0.328506 0.035173 14.167834 140.0
158 9465.0 0.026144 0.487828 0.0 0.713217 -2.146722 -15.260312 -0.328506 0.035173 14.167834 140.0
159 9465.0 0.013407 0.509277 0.0 0.682998 -2.146722 -15.260312 -0.328506 0.035173 14.167834 140.0
160 9465.0 -0.001796 0.513422 0.0 0.668661 -2.146722 -15.260312 -0.328506 0.035173 14.167834 140.0
161 9465.0 -0.015863 0.51215 0.0 0.660567 -2.146722 -15.260312 -0.328506 0.035173 14.167834 140.0
162 9465.0 -0.030954 0.534416 0.0 0.627951 -2.146722 -15.260312 -0.328506 0.035173 14.167834 140.0
163 9465.0 -0.057921 0.511098 0.0 0.630179 -2.146722 -15.260312 -0.328506 0.035173 14.167834 140.0
164 9465.0 -0.095789 0.506243 0.0 0.602781 -2.146722 -15.260312 -0.328506 0.035173 14.167834 140.0
165 9465.0 -0.128658 0.522838 0.0 0.55674 -2.146722 -15.260312 -0.328506 0.035173 14.167834 140.0
166 9465.0 -0.151934 0.530624 0.0 0.528379 -2.146722 -15.260312 -0.328506 0.035173 14.167834 140.0
167 9465.0 -0.152247 0.508981 0.0 0.551259 -2.146722 -15.260312 -0.328506 0.035173 14.167834 140.0
168 9465.0 -0.174355 0.496666 0.0 0.545403 -2.146722 -15.260312 -0.328506 0.035173 14.167834 140.0
169 9465.0 -0.199951 0.497731 0.0 0.522234 -2.146722 -15.260312 -0.328506 0.035173 14.167834 140.0
170 9465.0 -0.196698 0.493538 0.0 0.529518 -2.146722 -15.260312 -0.328506 0.035173 14.167834 140.0
171 9465.0 -0.193216 0.500458 0.0 0.525113 -2.146722 -15.260312 -0.328506 0.035173 14.167834 140.0
172 9465.0 -0.194422 0.470524 0.0 0.556093 -2.146722 -15.260312 -0.328506 0.035173 14.167834 140.0
173 9465.0 -0.182191 0.47711 0.0 0.559575 -2.146722 -15.260312 -0.328506 0.035173 14.167834 140.0
174 9465.0 -0.204382 0.469607 0.0 0.548501 -2.146722 -15.260312 -0.328506 0.035173 14.167834 140.0
175 9465.0 -0.195249 0.470492 0.0 0.555415 -2.146722 -15.260312 -0.328506 0.035173 14.167834 140.0
176 9465.0 -0.211711 0.463141 0.0 0.549109 -2.146722 -15.260312 -0.328506 0.035173 14.167834 140.0
177 9465.0 -0.210813 0.495832 0.0 0.514472 -2.146722 -15.260312 -0.328506 0.035173 14.167834 140.0
178 9465.0 -0.212579 0.499786 0.0 0.507957 -2.146722 -15.260312 -0.328506 0.035173 14.167834 140.0
179 9465.0 -0.195954 0.468229 0.0 0.557229 -2.146722 -15.260312 -0.328506 0.035173 14.167834 140.0
180 9465.0 -0.178641 0.464541 0.0 0.576075 -2.146722 -15.260312 -0.328506 0.035173 14.167834 140.0
181 9465.0 -0.184578 0.454285 0.0 0.581935 -2.146722 -15.260312 -0.328506 0.035173 14.167834 140.0
182 9465.0 -0.186201 0.493474 0.0 0.538622 -2.146722 -15.260312 -0.328506 0.035173 14.167834 140.0
183 9465.0 -0.204883 0.499312 0.0 0.516221 -2.146722 -15.260312 -0.328506 0.035173 14.167834 140.0
184 9465.0 -0.204441 0.501667 0.0 0.513834 -2.146722 -15.260312 -0.328506 0.035173 14.167834 140.0
185 9465.0 -0.197416 0.512025 0.0 0.508418 -2.146722 -15.260312 -0.328506 0.035173 14.167834 140.0
186 9465.0 -0.211369 0.506879 0.0 0.500649 -2.146722 -15.260312 -0.328506 0.035173 14.167834 140.0
187 9465.0 -0.194222 0.506355 0.0 0.51794 -2.146722 -15.260312 -0.328506 0.035173 14.167834 140.0
188 9465.0 -0.168212 0.506712 0.0 0.539945 -2.146722 -15.260312 -0.328506 0.035173 14.167834 140.0
189 9465.0 -0.176294 0.524191 0.0 0.514293 -2.146722 -15.260312 -0.328506 0.035173 14.167834 140.0
190 9465.0 -0.188386 0.519571 0.0 0.508383 -2.146722 -15.260312 -0.328506 0.035173 14.167834 140.0
191 9465.0 -0.202794 0.499469 0.0 0.517928 -2.146722 -15.260312 -0.328506 0.035173 14.167834 140.0
192 9465.0 -0.207219 0.515784 0.0 0.494103 -2.146722 -15.260312 -0.328506 0.035173 14.167834 140.0
193 9465.0 -0.210097 0.503933 0.0 0.505459 -2.146722 -15.260312 -0.328506 0.035173 14.167834 140.0
194 9465.0 -0.209989 0.498826 0.0 0.5117 -2.146722 -15.260312 -0.328506 0.035173 14.167834 140.0
195 9465.0 -0.218837 0.482099 0.0 0.522699 -2.146722 -15.260312 -0.328506 0.035173 14.167834 140.0
196 9465.0 -0.230212 0.498256 0.0 0.492168 -2.146722 -15.260312 -0.328506 0.035173 14.167834 140.0
197 9465.0 -0.242526 0.520978 0.0 0.452568 -2.146722 -15.260312 -0.328506 0.035173 14.167834 140.0
198 9465.0 -0.237911 0.527661 0.0 0.449156 -2.146722 -15.260312 -0.328506 0.035173 14.167834 140.0
199 9465.0 -0.262011 0.525936 0.0 0.427135 -2.146722 -15.260312 -0.328506 0.035173 14.167834 140.0
200 9465.0 -0.294259 0.520182 0.0 0.401807 -2.146722 -15.260312 -0.328506 0.035173 14.167834 140.0
201 9465.0 -0.288236 0.519163 0.0 0.409052 -2.146722 -15.260312 -0.328506 0.035173 14.167834 140.0
202 9465.0 -0.300644 0.538821 0.0 0.373038 -2.146722 -15.260312 -0.328506 0.035173 14.167834 140.0
203 9465.0 -0.315076 0.527938 0.0 0.37168 -2.146722 -15.260312 -0.328506 0.035173 14.167834 140.0
204 9465.0 -0.33258 0.526779 0.0 0.355573 -2.146722 -15.260312 -0.328506 0.035173 14.167834 140.0
205 9465.0 -0.312835 0.564396 0.0 0.330137 -2.146722 -15.260312 -0.328506 0.035173 14.167834 140.0
206 9465.0 -0.352206 0.563136 0.0 0.29229 -2.146722 -15.260312 -0.328506 0.035173 14.167834 140.0
207 9465.0 -0.380264 0.582741 0.0 0.240695 -2.146722 -15.260312 -0.328506 0.035173 14.167834 140.0
208 9465.0 -0.391272 0.561473 0.0 0.255232 -2.146722 -15.260312 -0.328506 0.035173 14.167834 140.0
209 9465.0 -0.394951 0.540733 0.0 0.276462 -2.146722 -15.260312 -0.328506 0.035173 14.167834 140.0
210 9465.0 -0.413675 0.54448 0.0 0.253244 -2.146722 -15.260312 -0.328506 0.035173 14.167834 140.0
211 9465.0 -0.452789 0.548384 0.0 0.209451 -2.146722 -15.260312 -0.328506 0.035173 14.167834 140.0
212 9465.0 -0.455388 0.54241 0.0 0.214028 -2.146722 -15.260312 -0.328506 0.035173 14.167834 140.0
213 9465.0 -0.464056 0.544531 0.0 0.202815 -2.146722 -15.260312 -0.328506 0.035173 14.167834 140.0
214 9465.0 -0.460202 0.554097 0.0 0.19518 -2.146722 -15.260312 -0.328506 0.035173 14.167834 140.0
215 9465.0 -0.464956 0.550317 0.0 0.194966 -2.146722 -15.260312 -0.328506 0.035173 14.167834 140.0
216 9465.0 -0.445304 0.53732 0.0 0.230223 -2.146722 -15.260312 -0.328506 0.035173 14.167834 140.0
217 9465.0 -0.439023 0.525548 0.0 0.250638 -2.146722 -15.260312 -0.328506 0.035173 14.167834 140.0
218 9465.0 -0.462997 0.541643 0.0 0.207342 -2.146722 -15.260312 -0.328506 0.035173 14.167834 140.0
219 9465.0 -0.487561 0.530925 0.0 0.195657 -2.146722 -15.260312 -0.328506 0.035173 14.167834 140.0
220 9465.0 -0.488009 0.542084 0.0 0.181808 -2.146722 -15.260312 -0.328506 0.035173 14.167834 140.0
221 9465.0 -0.503479 0.543584 0.0 0.164541 -2.146722 -15.260312 -0.328506 0.035173 14.167834 140.0
222 9465.0 -0.509949 0.540342 0.0 0.161965 -2.146722 -15.260312 -0.328506 0.035173 14.167834 140.0
223 9465.0 -0.499552 0.554635 0.0 0.155195 -2.146722 -15.260312 -0.328506 0.035173 14.167834 140.0
224 9465.0 -0.509424 0.582561 0.0 0.111788 -2.146722 -15.260312 -0.328506 0.035173 14.167834 140.0
225 9465.0 -0.516693 0.577426 0.0 0.110687 -2.146722 -15.260312 -0.328506 0.035173 14.167834 140.0
226 9465.0 -0.535682 0.562334 0.0 0.109829 -2.146722 -15.260312 -0.328506 0.035173 14.167834 140.0
227 9465.0 -0.556118 0.574017 0.0 0.075367 -2.146722 -15.260312 -0.328506 0.035173 14.167834 140.0
228 9465.0 -0.596778 0.588268 0.0 0.017605 -2.146722 -15.260312 -0.328506 0.035173 14.167834 140.0
229 9465.0 -0.613726 0.601646 0.0 -0.015405 -2.146722 -15.260312 -0.328506 0.035173 14.167834 140.0
230 9465.0 -0.624785 0.610169 0.0 -0.036698 -2.146722 -15.260312 -0.328506 0.035173 14.167834 140.0
231 9465.0 -0.641404 0.622987 0.0 -0.068705 -2.146722 -15.260312 -0.328506 0.035173 14.167834 140.0
232 9465.0 -0.68124 0.655109 0.0 -0.148323 -2.146722 -15.260312 -0.328506 0.035173 14.167834 140.0
233 9465.0 -0.66471 0.657864 0.0 -0.135001 -2.146722 -15.260312 -0.328506 0.035173 14.167834 140.0
234 9465.0 -0.695953 0.686319 0.0 -0.20033 -2.146722 -15.260312 -0.328506 0.035173 14.167834 140.0
235 9465.0 -0.692996 0.681367 0.0 -0.192439 -2.146722 -15.260312 -0.328506 0.035173 14.167834 140.0
236 9465.0 -0.682483 0.704417 0.0 -0.20773 -2.146722 -15.260312 -0.328506 0.035173 14.167834 140.0
237 9465.0 -0.700027 0.719665 0.0 -0.239475 -2.146722 -15.260312 -0.328506 0.035173 14.167834 140.0
238 9465.0 -0.714374 0.722475 0.0 -0.255138 -2.146722 -15.260312 -0.328506 0.035173 14.167834 140.0
239 9465.0 -0.736928 0.730462 0.0 -0.285502 -2.146722 -15.260312 -0.328506 0.035173 14.167834 140.0
240 9465.0 -0.7262 0.751377 0.0 -0.304078 -2.146722 -15.260312 -0.328506 0.035173 14.167834 140.0
241 9465.0 -0.752336 0.760225 0.0 -0.341753 -2.146722 -15.260312 -0.328506 0.035173 14.167834 140.0
242 9465.0 -0.767394 0.764059 0.0 -0.361708 -2.146722 -15.260312 -0.328506 0.035173 14.167834 140.0
243 9465.0 -0.787238 0.745576 0.0 -0.355367 -2.146722 -15.260312 -0.328506 0.035173 14.167834 140.0
244 9465.0 -0.763953 0.764813 0.0 -0.359408 -2.146722 -15.260312 -0.328506 0.035173 14.167834 140.0
245 9465.0 -0.790319 0.775069 0.0 -0.399262 -2.146722 -15.260312 -0.328506 0.035173 14.167834 140.0
246 9465.0 -0.801319 0.78013 0.0 -0.416972 -2.146722 -15.260312 -0.328506 0.035173 14.167834 140.0
247 9465.0 -0.802501 0.757125 0.0 -0.38622 -2.146722 -15.260312 -0.328506 0.035173 14.167834 140.0
248 9465.0 -0.815956 0.757457 0.0 -0.399759 -2.146722 -15.260312 -0.328506 0.035173 14.167834 140.0
249 9465.0 -0.8134 0.750861 0.0 -0.388128 -2.146722 -15.260312 -0.328506 0.035173 14.167834 140.0
250 9465.0 -0.829266 0.748374 0.0 -0.400102 -2.146722 -15.260312 -0.328506 0.035173 14.167834 140.0
251 9465.0 -0.824723 0.751887 0.0 -0.400557 -2.146722 -15.260312 -0.328506 0.035173 14.167834 140.0
252 9465.0 -0.811888 0.777921 0.0 -0.424183 -2.146722 -15.260312 -0.328506 0.035173 14.167834 140.0
253 9465.0 -0.790867 0.760496 0.0 -0.379585 -2.146722 -15.260312 -0.328506 0.035173 14.167834 140.0
254 9465.0 -0.79104 0.75968 0.0 -0.378621 -2.146722 -15.260312 -0.328506 0.035173 14.167834 140.0
255 9465.0 -0.796197 0.782729 0.0 -0.415598 -2.146722 -15.260312 -0.328506 0.035173 14.167834 140.0
256 9465.0 -0.789815 0.767384 0.0 -0.388115 -2.146722 -15.260312 -0.328506 0.035173 14.167834 140.0
257 9465.0 -0.764124 0.756348 0.0 -0.347836 -2.146722 -15.260312 -0.328506 0.035173 14.167834 140.0
258 9465.0 -0.729067 0.765746 0.0 -0.326791 -2.146722 -15.260312 -0.328506 0.035173 14.167834 140.0
259 9465.0 -0.72336 0.758333 0.0 -0.310963 -2.146722 -15.260312 -0.328506 0.035173 14.167834 140.0
260 9465.0 -0.729424 0.775242 0.0 -0.340306 -2.146722 -15.260312 -0.328506 0.035173 14.167834 140.0
261 9465.0 -0.756234 0.774107 0.0 -0.364793 -2.146722 -15.260312 -0.328506 0.035173 14.167834 140.0
262 9465.0 -0.768048 0.779352 0.0 -0.383551 -2.146722 -15.260312 -0.328506 0.035173 14.167834 140.0
263 9465.0 -0.773688 0.766837 0.0 -0.371679 -2.146722 -15.260312 -0.328506 0.035173 14.167834 140.0
264 9465.0 -0.778696 0.745562 0.0 -0.347045 -2.146722 -15.260312 -0.328506 0.035173 14.167834 140.0
265 9465.0 -0.766424 0.744618 0.0 -0.333805 -2.146722 -15.260312 -0.328506 0.035173 14.167834 140.0
266 9465.0 -0.757721 0.756007 0.0 -0.341139 -2.146722 -15.260312 -0.328506 0.035173 14.167834 140.0
267 9465.0 -0.763563 0.793933 0.0 -0.399412 -2.146722 -15.260312 -0.328506 0.035173 14.167834 140.0
268 9465.0 -0.76417 0.798567 0.0 -0.406429 -2.146722 -15.260312 -0.328506 0.035173 14.167834 140.0
269 9465.0 -0.754104 0.823427 0.0 -0.431117 -2.146722 -15.260312 -0.328506 0.035173 14.167834 140.0
270 9465.0 -0.767996 0.831838 0.0 -0.457016 -2.146722 -15.260312 -0.328506 0.035173 14.167834 140.0
271 9465.0 -0.774627 0.836683 0.0 -0.471226 -2.146722 -15.260312 -0.328506 0.035173 14.167834 140.0
272 9465.0 -0.775185 0.863281 0.0 -0.513099 -2.146722 -15.260312 -0.328506 0.035173 14.167834 140.0
273 9465.0 -0.763457 0.857015 0.0 -0.491545 -2.146722 -15.260312 -0.328506 0.035173 14.167834 140.0
274 9465.0 -0.773761 0.871046 0.0 -0.523724 -2.146722 -15.260312 -0.328506 0.035173 14.167834 140.0
275 9465.0 -0.779188 0.913292 0.0 -0.594809 -2.146722 -15.260312 -0.328506 0.035173 14.167834 140.0
276 9465.0 -0.808458 0.940713 0.0 -0.666296 -2.146722 -15.260312 -0.328506 0.035173 14.167834 140.0
277 9465.0 -0.823851 0.961633 0.0 -0.708486 -2.146722 -15.260312 -0.328506 0.035173 14.167834 140.0
278 9465.0 -0.826531 0.992541 0.0 -0.749777 -2.146722 -15.260312 -0.328506 0.035173 14.167834 140.0
279 9465.0 -0.851987 1.040002 0.0 -0.815114 -2.146722 -15.260312 -0.328506 0.035173 14.167834 140.0
280 9465.0 -0.852689 1.072222 0.0 -0.847297 -2.146722 -15.260312 -0.328506 0.035173 14.167834 140.0
281 9465.0 -0.851036 1.098613 0.0 -0.87202 -2.146722 -15.260312 -0.328506 0.035173 14.167834 140.0
282 9465.0 -0.839534 1.129791 0.0 -0.894216 -2.146722 -15.260312 -0.328506 0.035173 14.167834 140.0
283 9465.0 -0.844014 1.12996 0.0 -0.897671 -2.146722 -15.260312 -0.328506 0.035173 14.167834 140.0
284 9465.0 -0.855646 1.141092 0.0 -0.917154 -2.146722 -15.260312 -0.328506 0.035173 14.167834 140.0
285 9465.0 -0.832533 1.161067 0.0 -0.919813 -2.146722 -15.260312 -0.328506 0.035173 14.167834 140.0
286 9465.0 -0.828968 1.191433 0.0 -0.94704 -2.146722 -15.260312 -0.328506 0.035173 14.167834 140.0
287 9465.0 -0.834634 1.21631 0.0 -0.97565 -2.146722 -15.260312 -0.328506 0.035173 14.167834 140.0
