 time p.x p.y p.z deep.node-0 CV opes.bias opes.rct opes.zed opes.neff opes.nker
0 5180.0 -0.060067 0.483315 0.0 0.658049 -1.013689 -14.726804 -0.267977 0.037304 14.167834 132.0
1 5180.0 -0.058939 0.515477 0.0 0.624619 -1.013689 -14.726804 -0.267977 0.037304 14.167834 132.0
2 5180.0 -0.04846 0.541706 0.0 0.605585 -1.013689 -14.726804 -0.267977 0.037304 14.167834 132.0
3 5180.0 -0.060946 0.548623 0.0 0.587439 -1.013689 -14.726804 -0.267977 0.037304 14.167834 132.0
4 5180.0 -0.075532 0.550994 0.0 0.57235 -1.013689 -14.726804 -0.267977 0.037304 14.167834 132.0
5 5180.0 -0.077756 0.550635 0.0 0.570819 -1.013689 -14.726804 -0.267977 0.037304 14.167834 132.0
6 5180.0 -0.067203 0.547192 0.0 0.583584 -1.013689 -14.726804 -0.267977 0.037304 14.167834 132.0
7 5180.0 -0.087282 0.496285 0.0 0.620753 -1.013689 -14.726804 -0.267977 0.037304 14.167834 132.0
8 5180.0 -0.085866 0.500214 0.0 0.61777 -1.013689 -14.726804 -0.267977 0.037304 14.167834 132.0
9 5180.0 -0.090656 0.501894 0.0 0.61185 -1.013689 -14.726804 -0.267977 0.037304 14.167834 132.0
10 5180.0 -0.084359 0.492302 0.0 0.627529 -1.013689 -14.726804 -0.267977 0.037304 14.167834 132.0
11 5180.0 -0.077374 0.473448 0.0 0.653707 -1.013689 -14.726804 -0.267977 0.037304 14.167834 132.0
12 5180.0 -0.088476 0.513854 0.0 0.600934 -1.013689 -14.726804 -0.267977 0.037304 14.167834 132.0
13 5180.0 -0.084417 0.516748 0.0 0.601331 -1.013689 -14.726804 -0.267977 0.037304 14.167834 132.0
14 5180.0 -0.061268 0.521895 0.0 0.61575 -1.013689 -14.726804 -0.267977 0.037304 14.167834 132.0
15 5180.0 -0.067993 0.515869 0.0 0.616407 -1.013689 -14.726804 -0.267977 0.037304 14.167834 132.0
16 5180.0 -0.055402 0.486693 0.0 0.658451 -1.013689 -14.726804 -0.267977 0.037304 14.167834 132.0
17 5180.0 -0.043431 0.477571 0.0 0.677207 -1.013689 -14.726804 -0.267977 0.037304 14.167834 132.0
18 5180.0 -0.034599 0.479687 0.0 0.680954 -1.013689 -14.726804 -0.267977 0.037304 14.167834 132.0
19 5180.0 -0.046652 0.507122 0.0 0.644131 -1.013689 -14.726804 -0.267977 0.037304 14.167834 132.0
20 5180.0 -0.031414 0.494701 0.0 0.667871 -1.013689 -14.726804 -0.267977 0.037304 14.167834 132.0
21 5180.0 -0.011186 0.490534 0.0 0.685582 -1.013689 -14.726804 -0.267977 0.037304 14.167834 132.0
22 5180.0 -0.003393 0.501595 0.0 0.679574 -1.013689 -14.726804 -0.267977 0.037304 14.167834 132.0
23 5180.0 -0.005508 0.510228 0.0 0.66942 -1.013689 -14.726804 -0.267977 0.037304 14.167834 132.0
24 5180.0 0.002721 0.512668 0.0 0.672437 -1.013689 -14.726804 -0.267977 0.037304 14.167834 132.0
25 5180.0 0.010589 0.513013 0.0 0.677334 -1.013689 -14.726804 -0.267977 0.037304 14.167834 132.0
26 5180.0 0.022964 0.504168 0.0 0.694546 -1.013689 -14.726804 -0.267977 0.037304 14.167834 132.0
27 5180.0 0.030026 0.518626 0.0 0.684611 -1.013689 -14.726804 -0.267977 0.037304 14.167834 132.0
28 5180.0 -0.002345 0.497461 0.0 0.684461 -1.013689 -14.726804 -0.267977 0.037304 14.167834 132.0
29 5180.0 0.000576 0.505981 0.0 0.677779 -1.013689 -14.726804 -0.267977 0.037304 14.167834 132.0
30 5180.0 -0.00523 0.511327 0.0 0.668492 -1.013689 -14.726804 -0.267977 0.037304 14.167834 132.0
31 5180.0 -0.0275 0.505649 0.0 0.659391 -1.013689 -14.726804 -0.267977 0.037304 14.167834 132.0
32 5180.0 -0.040488 0.491271 0.0 0.665293 -1.013689 -14.726804 -0.267977 0.037304 14.167834 132.0
33 5180.0 -0.039761 0.498649 0.0 0.658305 -1.013689 -14.726804 -0.267977 0.037304 14.167834 132.0
34 5180.0 -0.035837 0.487583 0.0 0.67213 -1.013689 -14.726804 -0.267977 0.037304 14.167834 132.0
35 5180.0 -0.008031 0.5061 0.0 0.671918 -1.013689 -14.726804 -0.267977 0.037304 14.167834 132.0
36 5180.0 -0.006132 0.509335 0.0 0.669908 -1.013689 -14.726804 -0.267977 0.037304 14.167834 132.0
37 5180.0 -0.015515 0.515995 0.0 0.656905 -1.013689 -14.726804 -0.267977 0.037304 14.167834 132.0
38 5180.0 -0.013145 0.514891 0.0 0.659604 -1.013689 -14.726804 -0.267977 0.037304 14.167834 132.0
39 5180.0 0.009739 0.48813 0.0 0.701972 -1.013689 -14.726804 -0.267977 0.037304 14.167834 132.0
40 5180.0 0.016665 0.498946 0.0 0.695634 -1.013689 -14.726804 -0.267977 0.037304 14.167834 132.0
41 5180.0 0.033181 0.508483 0.0 0.69699 -1.013689 -14.726804 -0.267977 0.037304 14.167834 132.0
42 5180.0 0.030735 0.492613 0.0 0.711433 -1.013689 -14.726804 -0.267977 0.037304 14.167834 132.0
43 5180.0 0.045134 0.507356 0.0 0.706102 -1.013689 -14.726804 -0.267977 0.037304 14.167834 132.0
44 5180.0 0.047879 0.50395 0.0 0.711383 -1.013689 -14.726804 -0.267977 0.037304 14.167834 132.0
45 5180.0 0.035472 0.511492 0.0 0.69547 -1.013689 -14.726804 -0.267977 0.037304 14.167834 132.0
46 5180.0 0.023763 0.486071 0.0 0.713409 -1.013689 -14.726804 -0.267977 0.037304 14.167834 132.0
47 5180.0 0.01054 0.477227 0.0 0.713549 -1.013689 -14.726804 -0.267977 0.037304 14.167834 132.0
48 5180.0 0.003855 0.471775 0.0 0.714612 -1.013689 -14.726804 -0.267977 0.037304 14.167834 132.0
49 5180.0 0.008828 0.484112 0.0 0.705433 -1.013689 -14.726804 -0.267977 0.037304 14.167834 132.0
50 5180.0 0.006552 0.511085 0.0 0.676595 -1.013689 -14.726804 -0.267977 0.037304 14.167834 132.0
51 5180.0 0.020195 0.486604 0.0 0.71049 -1.013689 -14.726804 -0.267977 0.037304 14.167834 132.0
52 5180.0 0.026699 0.521538 0.0 0.679443 -1.013689 -14.726804 -0.267977 0.037304 14.167834 132.0
53 5180.0 0.027529 0.50801 0.0 0.693699 -1.013689 -14.726804 -0.267977 0.037304 14.167834 132.0
54 5180.0 0.04767 0.5039 0.0 0.711294 -1.013689 -14.726804 -0.267977 0.037304 14.167834 132.0
55 5180.0 0.031458 0.533489 0.0 0.670512 -1.013689 -14.726804 -0.267977 0.037304 14.167834 132.0
56 5180.0 0.052875 0.526423 0.0 0.691952 -1.013689 -14.726804 -0.267977 0.037304 14.167834 132.0
57 5180.0 0.0467 0.521732 0.0 0.692586 -1.013689 -14.726804 -0.267977 0.037304 14.167834 132.0
58 5180.0 0.05122 0.480164 0.0 0.737704 -1.013689 -14.726804 -0.267977 0.037304 14.167834 132.0
59 5180.0 0.072528 0.478849 0.0 0.753246 -1.013689 -14.726804 -0.267977 0.037304 14.167834 132.0
60 5180.0 0.071188 0.473186 0.0 0.758088 -1.013689 -14.726804 -0.267977 0.037304 14.167834 132.0
61 5180.0 0.084937 0.467814 0.0 0.772699 -1.013689 -14.726804 -0.267977 0.037304 14.167834 132.0
62 5180.0 0.09271 0.478263 0.0 0.767299 -1.013689 -14.726804 -0.267977 0.037304 14.167834 132.0
63 5180.0 0.094267 0.46904 0.0 0.777679 -1.013689 -14.726804 -0.267977 0.037304 14.167834 132.0
64 5180.0 0.098847 0.478375 0.0 0.771278 -1.013689 -14.726804 -0.267977 0.037304 14.167834 132.0
65 5180.0 0.082721 0.471099 0.0 0.767893 -1.013689 -14.726804 -0.267977 0.037304 14.167834 132.0
66 5180.0 0.088525 0.497669 0.0 0.744852 -1.013689 -14.726804 -0.267977 0.037304 14.167834 132.0
67 5180.0 0.115635 0.504294 0.0 0.756221 -1.013689 -14.726804 -0.267977 0.037304 14.167834 132.0
68 5180.0 0.146531 0.50889 0.0 0.772171 -1.013689 -14.726804 -0.267977 0.037304 14.167834 132.0
69 5180.0 0.156976 0.51325 0.0 0.77472 -1.013689 -14.726804 -0.267977 0.037304 14.167834 132.0
70 5180.0 0.178895 0.504168 0.0 0.798537 -1.013689 -14.726804 -0.267977 0.037304 14.167834 132.0
71 5180.0 0.183558 0.502725 0.0 0.803108 -1.013689 -14.726804 -0.267977 0.037304 14.167834 132.0
72 5180.0 0.16612 0.513679 0.0 0.780384 -1.013689 -14.726804 -0.267977 0.037304 14.167834 132.0
73 5180.0 0.169507 0.516603 0.0 0.779681 -1.013689 -14.726804 -0.267977 0.037304 14.167834 132.0
74 5180.0 0.168441 0.497282 0.0 0.79854 -1.013689 -14.726804 -0.267977 0.037304 14.167834 132.0
75 5180.0 0.164799 0.517404 0.0 0.77573 -1.013689 -14.726804 -0.267977 0.037304 14.167834 132.0
76 5180.0 0.143755 0.510671 0.0 0.768515 -1.013689 -14.726804 -0.267977 0.037304 14.167834 132.0
77 5180.0 0.157869 0.542552 0.0 0.745636 -1.013689 -14.726804 -0.267977 0.037304 14.167834 132.0
78 5180.0 0.168259 0.534534 0.0 0.760687 -1.013689 -14.726804 -0.267977 0.037304 14.167834 132.0
79 5180.0 0.13249 0.560623 0.0 0.710407 -1.013689 -14.726804 -0.267977 0.037304 14.167834 132.0
80 5180.0 0.108928 0.53862 0.0 0.71698 -1.013689 -14.726804 -0.267977 0.037304 14.167834 132.0
81 5180.0 0.101995 0.55304 0.0 0.69775 -1.013689 -14.726804 -0.267977 0.037304 14.167834 132.0
82 5180.0 0.113329 0.55725 0.0 0.701045 -1.013689 -14.726804 -0.267977 0.037304 14.167834 132.0
83 5180.0 0.127252 0.527508 0.0 0.740455 -1.013689 -14.726804 -0.267977 0.037304 14.167834 132.0
84 5180.0 0.115006 0.541565 0.0 0.718051 -1.013689 -14.726804 -0.267977 0.037304 14.167834 132.0
85 5180.0 0.102408 0.52939 0.0 0.721981 -1.013689 -14.726804 -0.267977 0.037304 14.167834 132.0
86 5180.0 0.081262 0.488136 0.0 0.749664 -1.013689 -14.726804 -0.267977 0.037304 14.167834 132.0
87 5180.0 0.094198 0.479942 0.0 0.76659 -1.013689 -14.726804 -0.267977 0.037304 14.167834 132.0
88 5180.0 0.074528 0.485563 0.0 0.747779 -1.013689 -14.726804 -0.267977 0.037304 14.167834 132.0
89 5180.0 0.058782 0.492502 0.0 0.73025 -1.013689 -14.726804 -0.267977 0.037304 14.167834 132.0
90 5180.0 0.068999 0.493572 0.0 0.73598 -1.013689 -14.726804 -0.267977 0.037304 14.167834 132.0
91 5180.0 0.092542 0.494004 0.0 0.751243 -1.013689 -14.726804 -0.267977 0.037304 14.167834 132.0
92 5180.0 0.059184 0.497294 0.0 0.725664 -1.013689 -14.726804 -0.267977 0.037304 14.167834 132.0
93 5180.0 0.063506 0.480849 0.0 0.745203 -1.013689 -14.726804 -0.267977 0.037304 14.167834 132.0
94 5180.0 0.054938 0.483308 0.0 0.736998 -1.013689 -14.726804 -0.267977 0.037304 14.167834 132.0
95 5180.0 0.068765 0.476002 0.0 0.75362 -1.013689 -14.726804 -0.267977 0.037304 14.167834 132.0
96 5180.0 0.053068 0.490174 0.0 0.728797 -1.013689 -14.726804 -0.267977 0.037304 14.167834 132.0
97 5180.0 0.063647 0.479237 0.0 0.74693 -1.013689 -14.726804 -0.267977 0.037304 14.167834 132.0
98 5180.0 0.053932 0.480006 0.0 0.739672 -1.013689 -14.726804 -0.267977 0.037304 14.167834 132.0
99 5180.0 0.0525 0.490436 0.0 0.728152 -1.013689 -14.726804 -0.267977 0.037304 14.167834 132.0
100 5180.0 0.042357 0.497858 0.0 0.713871 -1.013689 -14.726804 -0.267977 0.037304 14.167834 132.0
101 5180.0 0.029037 0.486508 0.0 0.716484 -1.013689 -14.726804 -0.267977 0.037304 14.167834 132.0
102 5180.0 0.004515 0.514936 0.0 0.671336 -1.013689 -14.726804 -0.267977 0.037304 14.167834 132.0
103 5180.0 -0.026871 0.505618 0.0 0.659843 -1.013689 -14.726804 -0.267977 0.037304 14.167834 132.0
104 5180.0 -0.038473 0.519529 0.0 0.6379 -1.013689 -14.726804 -0.267977 0.037304 14.167834 132.0
105 5180.0 -0.036567 0.493513 0.0 0.665637 -1.013689 -14.726804 -0.267977 0.037304 14.167834 132.0
106 5180.0 -0.013735 0.512642 0.0 0.661488 -1.013689 -14.726804 -0.267977 0.037304 14.167834 132.0
107 5180.0 0.0028 0.518337 0.0 0.666747 -1.013689 -14.726804 -0.267977 0.037304 14.167834 132.0
108 5180.0 0.007577 0.524397 0.0 0.663795 -1.013689 -14.726804 -0.267977 0.037304 14.167834 132.0
109 5180.0 0.003519 0.496165 0.0 0.689685 -1.013689 -14.726804 -0.267977 0.037304 14.167834 132.0
110 5180.0 0.007377 0.507062 0.0 0.681221 -1.013689 -14.726804 -0.267977 0.037304 14.167834 132.0
111 5180.0 -0.007361 0.505412 0.0 0.673063 -1.013689 -14.726804 -0.267977 0.037304 14.167834 132.0
112 5180.0 -0.02857 0.518107 0.0 0.64606 -1.013689 -14.726804 -0.267977 0.037304 14.167834 132.0
113 5180.0 -0.028513 0.526602 0.0 0.637493 -1.013689 -14.726804 -0.267977 0.037304 14.167834 132.0
114 5180.0 -0.023409 0.519105 0.0 0.648491 -1.013689 -14.726804 -0.267977 0.037304 14.167834 132.0
115 5180.0 -0.019851 0.512558 0.0 0.657494 -1.013689 -14.726804 -0.267977 0.037304 14.167834 132.0
116 5180.0 -0.036157 0.507127 0.0 0.652121 -1.013689 -14.726804 -0.267977 0.037304 14.167834 132.0
117 5180.0 -0.031922 0.518734 0.0 0.643189 -1.013689 -14.726804 -0.267977 0.037304 14.167834 132.0
118 5180.0 -0.045018 0.519751 0.0 0.63203 -1.013689 -14.726804 -0.267977 0.037304 14.167834 132.0
119 5180.0 -0.069107 0.5104 0.0 0.621298 -1.013689 -14.726804 -0.267977 0.037304 14.167834 132.0
120 5180.0 -0.060046 0.503725 0.0 0.636237 -1.013689 -14.726804 -0.267977 0.037304 14.167834 132.0
121 5180.0 -0.03536 0.503977 0.0 0.655843 -1.013689 -14.726804 -0.267977 0.037304 14.167834 132.0
122 5180.0 -0.031062 0.507169 0.0 0.655477 -1.013689 -14.726804 -0.267977 0.037304 14.167834 132.0
123 5180.0 -0.04441 0.492066 0.0 0.661872 -1.013689 -14.726804 -0.267977 0.037304 14.167834 132.0
124 5180.0 -0.023986 0.506156 0.0 0.661221 -1.013689 -14.726804 -0.267977 0.037304 14.167834 132.0
125 5180.0 0.000918 0.528022 0.0 0.655682 -1.013689 -14.726804 -0.267977 0.037304 14.167834 132.0
126 5180.0 -0.028133 0.515277 0.0 0.649217 -1.013689 -14.726804 -0.267977 0.037304 14.167834 132.0
127 5180.0 -0.026996 0.529534 0.0 0.635535 -1.013689 -14.726804 -0.267977 0.037304 14.167834 132.0
128 5180.0 -0.050304 0.514569 0.0 0.633023 -1.013689 -14.726804 -0.267977 0.037304 14.167834 132.0
129 5180.0 -0.046328 0.5145 0.0 0.636518 -1.013689 -14.726804 -0.267977 0.037304 14.167834 132.0
130 5180.0 -0.047679 0.500638 0.0 0.650182 -1.013689 -14.726804 -0.267977 0.037304 14.167834 132.0
131 5180.0 -0.05856 0.507825 0.0 0.63313 -1.013689 -14.726804 -0.267977 0.037304 14.167834 132.0
132 5180.0 -0.057133 0.519099 0.0 0.622299 -1.013689 -14.726804 -0.267977 0.037304 14.167834 132.0
133 5180.0 -0.055734 0.522176 0.0 0.620213 -1.013689 -14.726804 -0.267977 0.037304 14.167834 132.0
134 5180.0 -0.044666 0.522328 0.0 0.629577 -1.013689 -14.726804 -0.267977 0.037304 14.167834 132.0
135 5180.0 -0.041729 0.502416 0.0 0.653177 -1.013689 -14.726804 -0.267977 0.037304 14.167834 132.0
136 5180.0 -0.043385 0.496483 0.0 0.658083 -1.013689 -14.726804 -0.267977 0.037304 14.167834 132.0
137 5180.0 -0.052896 0.521176 0.0 0.623725 -1.013689 -14.726804 -0.267977 0.037304 14.167834 132.0
138 5180.0 -0.054991 0.516337 0.0 0.627097 -1.013689 -14.726804 -0.267977 0.037304 14.167834 132.0
139 5180.0 -0.049237 0.532382 0.0 0.614889 -1.013689 -14.726804 -0.267977 0.037304 14.167834 132.0
140 5180.0 -0.049757 0.517978 0.0 0.629847 -1.013689 -14.726804 -0.267977 0.037304 14.167834 132.0
141 5180.0 -0.044172 0.53435 0.0 0.617143 -1.013689 -14.726804 -0.267977 0.037304 14.167834 132.0
142 5180.0 -0.034848 0.532075 0.0 0.627601 -1.013689 -14.726804 -0.267977 0.037304 14.167834 132.0
143 5180.0 -0.03767 0.509462 0.0 0.648746 -1.013689 -14.726804 -0.267977 0.037304 14.167834 132.0
144 5180.0 -0.056197 0.507376 0.0 0.635644 -1.013689 -14.726804 -0.267977 0.037304 14.167834 132.0
145 5180.0 -0.055552 0.523443 0.0 0.619014 -1.013689 -14.726804 -0.267977 0.037304 14.167834 132.0
146 5180.0 -0.051636 0.517113 0.0 0.629155 -1.013689 -14.726804 -0.267977 0.037304 14.167834 132.0
147 5180.0 -0.070008 0.531751 0.0 0.597687 -1.013689 -14.726804 -0.267977 0.037304 14.167834 132.0
148 5180.0 -0.068792 0.537234 0.0 0.592868 -1.013689 -14.726804 -0.267977 0.037304 14.167834 132.0
149 5180.0 -0.061628 0.551417 0.0 0.583865 -1.013689 -14.726804 -0.267977 0.037304 14.167834 132.0
150 5180.0 -0.097635 0.531211 0.0 0.574486 -1.013689 -14.726804 -0.267977 0.037304 14.167834 132.0
151 5180.0 -0.075854 0.520023 0.0 0.605199 -1.013689 -14.726804 -0.267977 0.037304 14.167834 132.0
152 5180.0 -0.053504 0.531776 0.0 0.611865 -1.013689 -14.726804 -0.267977 0.037304 14.167834 132.0
153 5180.0 -0.045522 0.535028 0.0 0.615255 -1.013689 -14.726804 -0.267977 0.037304 14.167834 132.0
154 5180.0 -0.051256 0.543344 0.0 0.601426 -1.013689 -14.726804 -0.267977 0.037304 14.167834 132.0
155 5180.0 -0.064961 0.539961 0.0 0.593248 -1.013689 -14.726804 -0.267977 0.037304 14.167834 132.0
156 5180.0 -0.078662 0.536079 0.0 0.585608 -1.013689 -14.726804 -0.267977 0.037304 14.167834 132.0
157 5180.0 -0.074927 0.522289 0.0 0.603572 -1.013689 -14.726804 -0.267977 0.037304 14.167834 132.0
158 5180.0 -0.056906 0.498189 0.0 0.644861 -1.013689 -14.726804 -0.267977 0.037304 14.167834 132.0
159 5180.0 -0.052582 0.501485 0.0 0.645056 -1.013689 -14.726804 -0.267977 0.037304 14.167834 132.0
160 5180.0 -0.060525 0.522488 0.0 0.615756 -1.013689 -14.726804 -0.267977 0.037304 14.167834 132.0
161 5180.0 -0.081586 0.515716 0.0 0.604872 -1.013689 -14.726804 -0.267977 0.037304 14.167834 132.0
162 5180.0 -0.075659 0.516809 0.0 0.608804 -1.013689 -14.726804 -0.267977 0.037304 14.167834 132.0
163 5180.0 -0.054249 0.531875 0.0 0.611117 -1.013689 -14.726804 -0.267977 0.037304 14.167834 132.0
164 5180.0 -0.049341 0.524415 0.0 0.623321 -1.013689 -14.726804 -0.267977 0.037304 14.167834 132.0
165 5180.0 -0.061876 0.501102 0.0 0.637467 -1.013689 -14.726804 -0.267977 0.037304 14.167834 132.0
166 5180.0 -0.041498 0.497722 0.0 0.658086 -1.013689 -14.726804 -0.267977 0.037304 14.167834 132.0
167 5180.0 -0.048942 0.502848 0.0 0.646732 -1.013689 -14.726804 -0.267977 0.037304 14.167834 132.0
168 5180.0 -0.06133 0.504 0.0 0.634837 -1.013689 -14.726804 -0.267977 0.037304 14.167834 132.0
169 5180.0 -0.086944 0.539471 0.0 0.574852 -1.013689 -14.726804 -0.267977 0.037304 14.167834 132.0
170 5180.0 -0.061851 0.563885 0.0 0.570336 -1.013689 -14.726804 -0.267977 0.037304 14.167834 132.0
171 5180.0 -0.097939 0.550133 0.0 0.553984 -1.013689 -14.726804 -0.267977 0.037304 14.167834 132.0
172 5180.0 -0.103463 0.553858 0.0 0.545246 -1.013689 -14.726804 -0.267977 0.037304 14.167834 132.0
173 5180.0 -0.120407 0.553309 0.0 0.53125 -1.013689 -14.726804 -0.267977 0.037304 14.167834 132.0
174 5180.0 -0.121442 0.539484 0.0 0.545146 -1.013689 -14.726804 -0.267977 0.037304 14.167834 132.0
175 5180.0 -0.13086 0.493216 0.0 0.586529 -1.013689 -14.726804 -0.267977 0.037304 14.167834 132.0
176 5180.0 -0.112588 0.480672 0.0 0.615672 -1.013689 -14.726804 -0.267977 0.037304 14.167834 132.0
177 5180.0 -0.123194 0.502153 0.0 0.583568 -1.013689 -14.726804 -0.267977 0.037304 14.167834 132.0
178 5180.0 -0.121282 0.506889 0.0 0.580148 -1.013689 -14.726804 -0.267977 0.037304 14.167834 132.0
179 5180.0 -0.152863 0.513026 0.0 0.546403 -1.013689 -14.726804 -0.267977 0.037304 14.167834 132.0
180 5180.0 -0.145296 0.515142 0.0 0.550652 -1.013689 -14.726804 -0.267977 0.037304 14.167834 132.0
181 5180.0 -0.143619 0.540141 0.0 0.525357 -1.013689 -14.726804 -0.267977 0.037304 14.167834 132.0
182 5180.0 -0.155551 0.518247 0.0 0.538505 -1.013689 -14.726804 -0.267977 0.037304 14.167834 132.0
183 5180.0 -0.165364 0.519097 0.0 0.529149 -1.013689 -14.726804 -0.267977 0.037304 14.167834 132.0
184 5180.0 -0.160761 0.505576 0.0 0.547573 -1.013689 -14.726804 -0.267977 0.037304 14.167834 132.0
185 5180.0 -0.161651 0.514019 0.0 0.537777 -1.013689 -14.726804 -0.267977 0.037304 14.167834 132.0
186 5180.0 -0.175365 0.507928 0.0 0.532487 -1.013689 -14.726804 -0.267977 0.037304 14.167834 132.0
187 5180.0 -0.168793 0.522334 0.0 0.522736 -1.013689 -14.726804 -0.267977 0.037304 14.167834 132.0
188 5180.0 -0.162656 0.499122 0.0 0.552845 -1.013689 -14.726804 -0.267977 0.037304 14.167834 132.0
189 5180.0 -0.158258 0.509052 0.0 0.546009 -1.013689 -14.726804 -0.267977 0.037304 14.167834 132.0
190 5180.0 -0.177333 0.522953 0.0 0.514724 -1.013689 -14.726804 -0.267977 0.037304 14.167834 132.0
191 5180.0 -0.176012 0.542051 0.0 0.493756 -1.013689 -14.726804 -0.267977 0.037304 14.167834 132.0
192 5180.0 -0.188392 0.51149 0.0 0.517466 -1.013689 -14.726804 -0.267977 0.037304 14.167834 132.0
193 5180.0 -0.196075 0.527725 0.0 0.490904 -1.013689 -14.726804 -0.267977 0.037304 14.167834 132.0
194 5180.0 -0.205475 0.535718 0.0 0.471907 -1.013689 -14.726804 -0.267977 0.037304 14.167834 132.0
195 5180.0 -0.196288 0.523222 0.0 0.496099 -1.013689 -14.726804 -0.267977 0.037304 14.167834 132.0
196 5180.0 -0.221158 0.548267 0.0 0.441157 -1.013689 -14.726804 -0.267977 0.037304 14.167834 132.0
197 5180.0 -0.205258 0.535034 0.0 0.472945 -1.013689 -14.726804 -0.267977 0.037304 14.167834 132.0
198 5180.0 -0.191405 0.533712 0.0 0.488381 -1.013689 -14.726804 -0.267977 0.037304 14.167834 132.0
199 5180.0 -0.211571 0.545242 0.0 0.454374 -1.013689 -14.726804 -0.267977 0.037304 14.167834 132.0
200 5180.0 -0.217712 0.559214 0.0 0.431456 -1.013689 -14.726804 -0.267977 0.037304 14.167834 132.0
201 5180.0 -0.258554 0.547718 0.0 0.404431 -1.013689 -14.726804 -0.267977 0.037304 14.167834 132.0
202 5180.0 -0.254312 0.566453 0.0 0.386172 -1.013689 -14.726804 -0.267977 0.037304 14.167834 132.0
203 5180.0 -0.266548 0.585668 0.0 0.350863 -1.013689 -14.726804 -0.267977 0.037304 14.167834 132.0
204 5180.0 -0.29305 0.553523 0.0 0.362974 -1.013689 -14.726804 -0.267977 0.037304 14.167834 132.0
205 5180.0 -0.308597 0.527496 0.0 0.378689 -1.013689 -14.726804 -0.267977 0.037304 14.167834 132.0
206 5180.0 -0.291921 0.51108 0.0 0.415075 -1.013689 -14.726804 -0.267977 0.037304 14.167834 132.0
207 5180.0 -0.312925 0.510257 0.0 0.395065 -1.013689 -14.726804 -0.267977 0.037304 14.167834 132.0
208 5180.0 -0.302603 0.506755 0.0 0.409589 -1.013689 -14.726804 -0.267977 0.037304 14.167834 132.0
209 5180.0 -0.302588 0.534573 0.0 0.376196 -1.013689 -14.726804 -0.267977 0.037304 14.167834 132.0
210 5180.0 -0.327387 0.531135 0.0 0.355534 -1.013689 -14.726804 -0.267977 0.037304 14.167834 132.0
211 5180.0 -0.345932 0.536494 0.0 0.330558 -1.013689 -14.726804 -0.267977 0.037304 14.167834 132.0
212 5180.0 -0.3493 0.552949 0.0 0.307429 -1.013689 -14.726804 -0.267977 0.037304 14.167834 132.0
213 5180.0 -0.341486 0.536536 0.0 0.334952 -1.013689 -14.726804 -0.267977 0.037304 14.167834 132.0
214 5180.0 -0.33907 0.543192 0.0 0.329373 -1.013689 -14.726804 -0.267977 0.037304 14.167834 132.0
215 5180.0 -0.358062 0.539133 0.0 0.315262 -1.013689 -14.726804 -0.267977 0.037304 14.167834 132.0
216 5180.0 -0.350072 0.543841 0.0 0.317595 -1.013689 -14.726804 -0.267977 0.037304 14.167834 132.0
217 5180.0 -0.35784 0.539288 0.0 0.315298 -1.013689 -14.726804 -0.267977 0.037304 14.167834 132.0
218 5180.0 -0.318523 0.544196 0.0 0.34871 -1.013689 -14.726804 -0.267977 0.037304 14.167834 132.0
219 5180.0 -0.332709 0.532047 0.0 0.349118 -1.013689 -14.726804 -0.267977 0.037304 14.167834 132.0
220 5180.0 -0.335416 0.516607 0.0 0.364954 -1.013689 -14.726804 -0.267977 0.037304 14.167834 132.0
221 5180.0 -0.331396 0.495803 0.0 0.393958 -1.013689 -14.726804 -0.267977 0.037304 14.167834 132.0
222 5180.0 -0.328324 0.486547 0.0 0.408145 -1.013689 -14.726804 -0.267977 0.037304 14.167834 132.0
223 5180.0 -0.342793 0.495375 0.0 0.383079 -1.013689 -14.726804 -0.267977 0.037304 14.167834 132.0
224 5180.0 -0.344141 0.530792 0.0 0.339196 -1.013689 -14.726804 -0.267977 0.037304 14.167834 132.0
225 5180.0 -0.357797 0.521505 0.0 0.336698 -1.013689 -14.726804 -0.267977 0.037304 14.167834 132.0
226 5180.0 -0.366327 0.504549 0.0 0.348534 -1.013689 -14.726804 -0.267977 0.037304 14.167834 132.0
227 5180.0 -0.377397 0.486047 0.0 0.359687 -1.013689 -14.726804 -0.267977 0.037304 14.167834 132.0
228 5180.0 -0.383953 0.474705 0.0 0.366754 -1.013689 -14.726804 -0.267977 0.037304 14.167834 132.0
229 5180.0 -0.400589 0.479305 0.0 0.344598 -1.013689 -14.726804 -0.267977 0.037304 14.167834 132.0
230 5180.0 -0.379422 0.466071 0.0 0.381653 -1.013689 -14.726804 -0.267977 0.037304 14.167834 132.0
231 5180.0 -0.376709 0.47278 0.0 0.376308 -1.013689 -14.726804 -0.267977 0.037304 14.167834 132.0
232 5180.0 -0.377724 0.485133 0.0 0.360457 -1.013689 -14.726804 -0.267977 0.037304 14.167834 132.0
233 5180.0 -0.405877 0.468449 0.0 0.352349 -1.013689 -14.726804 -0.267977 0.037304 14.167834 132.0
234 5180.0 -0.389601 0.471885 0.0 0.364495 -1.013689 -14.726804 -0.267977 0.037304 14.167834 132.0
235 5180.0 -0.433996 0.511747 0.0 0.27224 -1.013689 -14.726804 -0.267977 0.037304 14.167834 132.0
236 5180.0 -0.439917 0.49938 0.0 0.281172 -1.013689 -14.726804 -0.267977 0.037304 14.167834 132.0
237 5180.0 -0.459507 0.507662 0.0 0.251641 -1.013689 -14.726804 -0.267977 0.037304 14.167834 132.0
238 5180.0 -0.46836 0.519035 0.0 0.229131 -1.013689 -14.726804 -0.267977 0.037304 14.167834 132.0
239 5180.0 -0.487335 0.527652 0.0 0.199814 -1.013689 -14.726804 -0.267977 0.037304 14.167834 132.0
240 5180.0 -0.502521 0.542227 0.0 0.167128 -1.013689 -14.726804 -0.267977 0.037304 14.167834 132.0
241 5180.0 -0.54053 0.557671 0.0 0.110582 -1.013689 -14.726804 -0.267977 0.037304 14.167834 132.0
242 5180.0 -0.564988 0.574131 0.0 0.066363 -1.013689 -14.726804 -0.267977 0.037304 14.167834 132.0
243 5180.0 -0.564277 0.547896 0.0 0.098582 -1.013689 -14.726804 -0.267977 0.037304 14.167834 132.0
244 5180.0 -0.564602 0.547337 0.0 0.098928 -1.013689 -14.726804 -0.267977 0.037304 14.167834 132.0
245 5180.0 -0.567168 0.55184 0.0 0.090953 -1.013689 -14.726804 -0.267977 0.037304 14.167834 132.0
246 5180.0 -0.586727 0.573087 0.0 0.045883 -1.013689 -14.726804 -0.267977 0.037304 14.167834 132.0
247 5180.0 -0.626962 0.580907 0.0 -0.003732 -1.013689 -14.726804 -0.267977 0.037304 14.167834 132.0
248 5180.0 -0.631708 0.586946 0.0 -0.015728 -1.013689 -14.726804 -0.267977 0.037304 14.167834 132.0
249 5180.0 -0.652012 0.594828 0.0 -0.045493 -1.013689 -14.726804 -0.267977 0.037304 14.167834 132.0
250 5180.0 -0.649365 0.595128 0.0 -0.043207 -1.013689 -14.726804 -0.267977 0.037304 14.167834 132.0
251 5180.0 -0.670037 0.573923 0.0 -0.038406 -1.013689 -14.726804 -0.267977 0.037304 14.167834 132.0
252 5180.0 -0.654282 0.585532 0.0 -0.036597 -1.013689 -14.726804 -0.267977 0.037304 14.167834 132.0
253 5180.0 -0.655226 0.613201 0.0 -0.070771 -1.013689 -14.726804 -0.267977 0.037304 14.167834 132.0
254 5180.0 -0.648879 0.611712 0.0 -0.062637 -1.013689 -14.726804 -0.267977 0.037304 14.167834 132.0
255 5180.0 -0.661971 0.596223 0.0 -0.057125 -1.013689 -14.726804 -0.267977 0.037304 14.167834 132.0
256 5180.0 -0.671156 0.576937 0.0 -0.043144 -1.013689 -14.726804 -0.267977 0.037304 14.167834 132.0
257 5180.0 -0.690344 0.56009 0.0 -0.042095 -1.013689 -14.726804 -0.267977 0.037304 14.167834 132.0
258 5180.0 -0.72821 0.579587 0.0 -0.103365 -1.013689 -14.726804 -0.267977 0.037304 14.167834 132.0
259 5180.0 -0.717783 0.593933 0.0 -0.11017 -1.013689 -14.726804 -0.267977 0.037304 14.167834 132.0
260 5180.0 -0.727335 0.622794 0.0 -0.154545 -1.013689 -14.726804 -0.267977 0.037304 14.167834 132.0
261 5180.0 -0.735997 0.635333 0.0 -0.179086 -1.013689 -14.726804 -0.267977 0.037304 14.167834 132.0
262 5180.0 -0.765588 0.646528 0.0 -0.219396 -1.013689 -14.726804 -0.267977 0.037304 14.167834 132.0
263 5180.0 -0.77435 0.653449 0.0 -0.23451 -1.013689 -14.726804 -0.267977 0.037304 14.167834 132.0
264 5180.0 -0.774916 0.64246 0.0 -0.223295 -1.013689 -14.726804 -0.267977 0.037304 14.167834 132.0
265 5180.0 -0.756189 0.648651 0.0 -0.21336 -1.013689 -14.726804 -0.267977 0.037304 14.167834 132.0
266 5180.0 -0.786795 0.660495 0.0 -0.25301 -1.013689 -14.726804 -0.267977 0.037304 14.167834 132.0
267 5180.0 -0.821134 0.684273 0.0 -0.308679 -1.013689 -14.726804 -0.267977 0.037304 14.167834 132.0
268 5180.0 -0.84657 0.692537 0.0 -0.339947 -1.013689 -14.726804 -0.267977 0.037304 14.167834 132.0
269 5180.0 -0.851219 0.693652 0.0 -0.345557 -1.013689 -14.726804 -0.267977 0.037304 14.167834 132.0
270 5180.0 -0.821955 0.693876 0.0 -0.319641 -1.013689 -14.726804 -0.267977 0.037304 14.167834 132.0
271 5180.0 -0.842971 0.667262 0.0 -0.309825 -1.013689 -14.726804 -0.267977 0.037304 14.167834 132.0
272 5180.0 -0.837406 0.651754 0.0 -0.288378 -1.013689 -14.726804 -0.267977 0.037304 14.167834 132.0
273 5180.0 -0.822149 0.657862 0.0 -0.281419 -1.013689 -14.726804 -0.267977 0.037304 14.167834 132.0
274 5180.0 -0.829595 0.642664 0.0 -0.271792 -1.013689 -14.726804 -0.267977 0.037304 14.167834 132.0
275 5180.0 -0.825561 0.652978 0.0 -0.279226 -1.013689 -14.726804 -0.267977 0.037304 14.167834 132.0
276 5180.0 -0.817282 0.670233 0.0 -0.29031 -1.013689 -14.726804 -0.267977 0.037304 14.167834 132.0
277 5180.0 -0.791797 0.653597 0.0 -0.250072 -1.013689 -14.726804 -0.267977 0.037304 14.167834 132.0
278 5180.0 -0.777824 0.649764 0.0 -0.233649 -1.013689 -14.726804 -0.267977 0.037304 14.167834 132.0
279 5180.0 -0.788898 0.647286 0.0 -0.240785 -1.013689 -14.726804 -0.267977 0.037304 14.167834 132.0
280 5180.0 -0.788476 0.649535 0.0 -0.242809 -1.013689 -14.726804 -0.267977 0.037304 14.167834 132.0
281 5180.0 -0.794066 0.658428 0.0 -0.257226 -1.013689 -14.726804 -0.267977 0.037304 14.167834 132.0
282 5180.0 -0.812136 0.67865 0.0 -0.294739 -1.013689 -14.726804 -0.267977 0.037304 14.167834 132.0
283 5180.0 -0.818708 0.691739 0.0 -0.314495 -1.013689 -14.726804 -0.267977 0.037304 14.167834 132.0
284 5180.0 -0.822339 0.697763 0.0 -0.324123 -1.013689 -14.726804 -0.267977 0.037304 14.167834 132.0
285 5180.0 -0.836321 0.709295 0.0 -0.352768 -1.013689 -14.726804 -0.267977 0.037304 14.167834 132.0
286 5180.0 -0.826997 0.705443 0.0 -0.338363 -1.013689 -14.726804 -0.267977 0.037304 14.167834 132.0
287 5180.0 -0.823909 0.720067 0.0 -0.35564 -1.013689 -14.726804 -0.267977 0.037304 14.167834 132.0
