 time p.x p.y p.z deep.node-0 CV opes.bias opes.rct opes.zed opes.neff opes.nker
0 14180.0 -0.024699 0.504465 0.0 0.662458 -1.611945 -9.175394 -0.369 0.039393 14.167834 125.0
1 14180.0 -0.032298 0.508577 0.0 0.653226 -1.611945 -9.175394 -0.369 0.039393 14.167834 125.0
2 14180.0 -0.020693 0.518183 0.0 0.651235 -1.611945 -9.175394 -0.369 0.039393 14.167834 125.0
3 14180.0 0.016773 0.542907 0.0 0.65118 -1.611945 -9.175394 -0.369 0.039393 14.167834 125.0
4 14180.0 0.015646 0.54529 0.0 0.648014 -1.611945 -9.175394 -0.369 0.039393 14.167834 125.0
5 14180.0 0.015819 0.525998 0.0 0.66767 -1.611945 -9.175394 -0.369 0.039393 14.167834 125.0
6 14180.0 0.026261 0.555541 0.0 0.64471 -1.611945 -9.175394 -0.369 0.039393 14.167834 125.0
7 14180.0 0.038319 0.544711 0.0 0.663721 -1.611945 -9.175394 -0.369 0.039393 14.167834 125.0
8 14180.0 0.036757 0.52424 0.0 0.683414 -1.611945 -9.175394 -0.369 0.039393 14.167834 125.0
9 14180.0 0.062864 0.528454 0.0 0.696557 -1.611945 -9.175394 -0.369 0.039393 14.167834 125.0
10 14180.0 0.048596 0.515409 0.0 0.700255 -1.611945 -9.175394 -0.369 0.039393 14.167834 125.0
11 14180.0 0.010136 0.517775 0.0 0.672209 -1.611945 -9.175394 -0.369 0.039393 14.167834 125.0
12 14180.0 -0.012051 0.480328 0.0 0.695342 -1.611945 -9.175394 -0.369 0.039393 14.167834 125.0
13 14180.0 -0.005319 0.497981 0.0 0.681951 -1.611945 -9.175394 -0.369 0.039393 14.167834 125.0
14 14180.0 -0.002896 0.497339 0.0 0.684217 -1.611945 -9.175394 -0.369 0.039393 14.167834 125.0
15 14180.0 -0.02067 0.4923 0.0 0.677467 -1.611945 -9.175394 -0.369 0.039393 14.167834 125.0
16 14180.0 -0.01532 0.488769 0.0 0.684612 -1.611945 -9.175394 -0.369 0.039393 14.167834 125.0
17 14180.0 -0.010113 0.529183 0.0 0.647149 -1.611945 -9.175394 -0.369 0.039393 14.167834 125.0
18 14180.0 0.003603 0.539413 0.0 0.645935 -1.611945 -9.175394 -0.369 0.039393 14.167834 125.0
19 14180.0 0.00472 0.529421 0.0 0.656801 -1.611945 -9.175394 -0.369 0.039393 14.167834 125.0
20 14180.0 -0.028525 0.533122 0.0 0.630881 -1.611945 -9.175394 -0.369 0.039393 14.167834 125.0
21 14180.0 -0.049486 0.520788 0.0 0.627074 -1.611945 -9.175394 -0.369 0.039393 14.167834 125.0
22 14180.0 -0.071271 0.523989 0.0 0.604901 -1.611945 -9.175394 -0.369 0.039393 14.167834 125.0
23 14180.0 -0.075567 0.509123 0.0 0.617104 -1.611945 -9.175394 -0.369 0.039393 14.167834 125.0
24 14180.0 -0.085812 0.494819 0.0 0.623586 -1.611945 -9.175394 -0.369 0.039393 14.167834 125.0
25 14180.0 -0.118455 0.506559 0.0 0.582934 -1.611945 -9.175394 -0.369 0.039393 14.167834 125.0
26 14180.0 -0.113726 0.497794 0.0 0.596379 -1.611945 -9.175394 -0.369 0.039393 14.167834 125.0
27 14180.0 -0.121471 0.517281 0.0 0.56887 -1.611945 -9.175394 -0.369 0.039393 14.167834 125.0
28 14180.0 -0.129226 0.507997 0.0 0.572125 -1.611945 -9.175394 -0.369 0.039393 14.167834 125.0
29 14180.0 -0.125669 0.504537 0.0 0.578887 -1.611945 -9.175394 -0.369 0.039393 14.167834 125.0
30 14180.0 -0.09814 0.492649 0.0 0.615296 -1.611945 -9.175394 -0.369 0.039393 14.167834 125.0
31 14180.0 -0.114884 0.517959 0.0 0.573814 -1.611945 -9.175394 -0.369 0.039393 14.167834 125.0
32 14180.0 -0.117839 0.538483 0.0 0.549318 -1.611945 -9.175394 -0.369 0.039393 14.167834 125.0
33 14180.0 -0.122428 0.530081 0.0 0.554355 -1.611945 -9.175394 -0.369 0.039393 14.167834 125.0
34 14180.0 -0.115302 0.544396 0.0 0.545177 -1.611945 -9.175394 -0.369 0.039393 14.167834 125.0
35 14180.0 -0.120345 0.566044 0.0 0.517683 -1.611945 -9.175394 -0.369 0.039393 14.167834 125.0
36 14180.0 -0.138057 0.535725 0.0 0.534868 -1.611945 -9.175394 -0.369 0.039393 14.167834 125.0
37 14180.0 -0.128125 0.543165 0.0 0.535457 -1.611945 -9.175394 -0.369 0.039393 14.167834 125.0
38 14180.0 -0.127296 0.547282 0.0 0.531767 -1.611945 -9.175394 -0.369 0.039393 14.167834 125.0
39 14180.0 -0.109361 0.529506 0.0 0.566217 -1.611945 -9.175394 -0.369 0.039393 14.167834 125.0
40 14180.0 -0.104497 0.529468 0.0 0.570444 -1.611945 -9.175394 -0.369 0.039393 14.167834 125.0
41 14180.0 -0.087906 0.560451 0.0 0.551585 -1.611945 -9.175394 -0.369 0.039393 14.167834 125.0
42 14180.0 -0.088812 0.517156 0.0 0.597112 -1.611945 -9.175394 -0.369 0.039393 14.167834 125.0
43 14180.0 -0.072872 0.540781 0.0 0.585563 -1.611945 -9.175394 -0.369 0.039393 14.167834 125.0
44 14180.0 -0.08644 0.529368 0.0 0.586092 -1.611945 -9.175394 -0.369 0.039393 14.167834 125.0
45 14180.0 -0.103437 0.515038 0.0 0.58679 -1.611945 -9.175394 -0.369 0.039393 14.167834 125.0
46 14180.0 -0.111278 0.491748 0.0 0.604953 -1.611945 -9.175394 -0.369 0.039393 14.167834 125.0
47 14180.0 -0.08073 0.517936 0.0 0.603234 -1.611945 -9.175394 -0.369 0.039393 14.167834 125.0
48 14180.0 -0.082255 0.539382 0.0 0.578983 -1.611945 -9.175394 -0.369 0.039393 14.167834 125.0
49 14180.0 -0.093882 0.548368 0.0 0.559365 -1.611945 -9.175394 -0.369 0.039393 14.167834 125.0
50 14180.0 -0.109564 0.554912 0.0 0.538868 -1.611945 -9.175394 -0.369 0.039393 14.167834 125.0
51 14180.0 -0.099109 0.525475 0.0 0.579353 -1.611945 -9.175394 -0.369 0.039393 14.167834 125.0
52 14180.0 -0.116216 0.532329 0.0 0.557298 -1.611945 -9.175394 -0.369 0.039393 14.167834 125.0
53 14180.0 -0.150131 0.525426 0.0 0.535491 -1.611945 -9.175394 -0.369 0.039393 14.167834 125.0
54 14180.0 -0.170616 0.534015 0.0 0.508672 -1.611945 -9.175394 -0.369 0.039393 14.167834 125.0
55 14180.0 -0.170181 0.522721 0.0 0.521127 -1.611945 -9.175394 -0.369 0.039393 14.167834 125.0
56 14180.0 -0.208283 0.518049 0.0 0.49032 -1.611945 -9.175394 -0.369 0.039393 14.167834 125.0
57 14180.0 -0.195055 0.551306 0.0 0.463603 -1.611945 -9.175394 -0.369 0.039393 14.167834 125.0
58 14180.0 -0.208821 0.558656 0.0 0.441013 -1.611945 -9.175394 -0.369 0.039393 14.167834 125.0
59 14180.0 -0.207187 0.544322 0.0 0.459862 -1.611945 -9.175394 -0.369 0.039393 14.167834 125.0
60 14180.0 -0.214454 0.541647 0.0 0.45581 -1.611945 -9.175394 -0.369 0.039393 14.167834 125.0
61 14180.0 -0.225299 0.543219 0.0 0.44308 -1.611945 -9.175394 -0.369 0.039393 14.167834 125.0
62 14180.0 -0.227936 0.533893 0.0 0.451645 -1.611945 -9.175394 -0.369 0.039393 14.167834 125.0
63 14180.0 -0.214724 0.523355 0.0 0.477508 -1.611945 -9.175394 -0.369 0.039393 14.167834 125.0
64 14180.0 -0.209606 0.527549 0.0 0.477588 -1.611945 -9.175394 -0.369 0.039393 14.167834 125.0
65 14180.0 -0.201095 0.539284 0.0 0.472003 -1.611945 -9.175394 -0.369 0.039393 14.167834 125.0
66 14180.0 -0.201262 0.526583 0.0 0.487089 -1.611945 -9.175394 -0.369 0.039393 14.167834 125.0
67 14180.0 -0.18199 0.536692 0.0 0.494216 -1.611945 -9.175394 -0.369 0.039393 14.167834 125.0
68 14180.0 -0.192654 0.543777 0.0 0.475046 -1.611945 -9.175394 -0.369 0.039393 14.167834 125.0
69 14180.0 -0.196766 0.527427 0.0 0.490571 -1.611945 -9.175394 -0.369 0.039393 14.167834 125.0
70 14180.0 -0.167176 0.502481 0.0 0.545362 -1.611945 -9.175394 -0.369 0.039393 14.167834 125.0
71 14180.0 -0.150373 0.480446 0.0 0.583393 -1.611945 -9.175394 -0.369 0.039393 14.167834 125.0
72 14180.0 -0.167297 0.490487 0.0 0.558087 -1.611945 -9.175394 -0.369 0.039393 14.167834 125.0
73 14180.0 -0.19662 0.510071 0.0 0.511561 -1.611945 -9.175394 -0.369 0.039393 14.167834 125.0
74 14180.0 -0.207261 0.499325 0.0 0.513829 -1.611945 -9.175394 -0.369 0.039393 14.167834 125.0
75 14180.0 -0.212835 0.503827 0.0 0.50285 -1.611945 -9.175394 -0.369 0.039393 14.167834 125.0
76 14180.0 -0.230025 0.512935 0.0 0.474726 -1.611945 -9.175394 -0.369 0.039393 14.167834 125.0
77 14180.0 -0.253449 0.525123 0.0 0.436671 -1.611945 -9.175394 -0.369 0.039393 14.167834 125.0
78 14180.0 -0.275931 0.50911 0.0 0.433426 -1.611945 -9.175394 -0.369 0.039393 14.167834 125.0
79 14180.0 -0.293762 0.509781 0.0 0.414795 -1.611945 -9.175394 -0.369 0.039393 14.167834 125.0
80 14180.0 -0.315022 0.518096 0.0 0.383555 -1.611945 -9.175394 -0.369 0.039393 14.167834 125.0
81 14180.0 -0.301171 0.515273 0.0 0.400792 -1.611945 -9.175394 -0.369 0.039393 14.167834 125.0
82 14180.0 -0.322331 0.4956 0.0 0.403264 -1.611945 -9.175394 -0.369 0.039393 14.167834 125.0
83 14180.0 -0.322286 0.502222 0.0 0.395356 -1.611945 -9.175394 -0.369 0.039393 14.167834 125.0
84 14180.0 -0.308767 0.530196 0.0 0.375276 -1.611945 -9.175394 -0.369 0.039393 14.167834 125.0
85 14180.0 -0.302843 0.540095 0.0 0.36931 -1.611945 -9.175394 -0.369 0.039393 14.167834 125.0
86 14180.0 -0.304857 0.539991 0.0 0.36742 -1.611945 -9.175394 -0.369 0.039393 14.167834 125.0
87 14180.0 -0.319499 0.553375 0.0 0.336709 -1.611945 -9.175394 -0.369 0.039393 14.167834 125.0
88 14180.0 -0.343989 0.536686 0.0 0.33227 -1.611945 -9.175394 -0.369 0.039393 14.167834 125.0
89 14180.0 -0.379984 0.560806 0.0 0.267317 -1.611945 -9.175394 -0.369 0.039393 14.167834 125.0
90 14180.0 -0.366215 0.563707 0.0 0.277599 -1.611945 -9.175394 -0.369 0.039393 14.167834 125.0
91 14180.0 -0.369767 0.552774 0.0 0.287177 -1.611945 -9.175394 -0.369 0.039393 14.167834 125.0
92 14180.0 -0.373722 0.548429 0.0 0.288442 -1.611945 -9.175394 -0.369 0.039393 14.167834 125.0
93 14180.0 -0.399108 0.525955 0.0 0.290054 -1.611945 -9.175394 -0.369 0.039393 14.167834 125.0
94 14180.0 -0.42691 0.507583 0.0 0.284323 -1.611945 -9.175394 -0.369 0.039393 14.167834 125.0
95 14180.0 -0.413235 0.511751 0.0 0.292989 -1.611945 -9.175394 -0.369 0.039393 14.167834 125.0
96 14180.0 -0.424276 0.512751 0.0 0.28075 -1.611945 -9.175394 -0.369 0.039393 14.167834 125.0
97 14180.0 -0.416496 0.529023 0.0 0.268986 -1.611945 -9.175394 -0.369 0.039393 14.167834 125.0
98 14180.0 -0.443176 0.514692 0.0 0.259525 -1.611945 -9.175394 -0.369 0.039393 14.167834 125.0
99 14180.0 -0.477259 0.495395 0.0 0.248627 -1.611945 -9.175394 -0.369 0.039393 14.167834 125.0
100 14180.0 -0.506211 0.504619 0.0 0.208605 -1.611945 -9.175394 -0.369 0.039393 14.167834 125.0
101 14180.0 -0.510972 0.49287 0.0 0.217956 -1.611945 -9.175394 -0.369 0.039393 14.167834 125.0
102 14180.0 -0.504974 0.476888 0.0 0.243145 -1.611945 -9.175394 -0.369 0.039393 14.167834 125.0
103 14180.0 -0.514265 0.495526 0.0 0.211473 -1.611945 -9.175394 -0.369 0.039393 14.167834 125.0
104 14180.0 -0.508066 0.485958 0.0 0.229161 -1.611945 -9.175394 -0.369 0.039393 14.167834 125.0
105 14180.0 -0.510135 0.476169 0.0 0.23885 -1.611945 -9.175394 -0.369 0.039393 14.167834 125.0
106 14180.0 -0.512365 0.495832 0.0 0.213006 -1.611945 -9.175394 -0.369 0.039393 14.167834 125.0
107 14180.0 -0.533254 0.498878 0.0 0.188464 -1.611945 -9.175394 -0.369 0.039393 14.167834 125.0
108 14180.0 -0.510913 0.51615 0.0 0.190056 -1.611945 -9.175394 -0.369 0.039393 14.167834 125.0
109 14180.0 -0.502605 0.513379 0.0 0.20169 -1.611945 -9.175394 -0.369 0.039393 14.167834 125.0
110 14180.0 -0.511693 0.540661 0.0 0.159839 -1.611945 -9.175394 -0.369 0.039393 14.167834 125.0
111 14180.0 -0.546886 0.558908 0.0 0.102742 -1.611945 -9.175394 -0.369 0.039393 14.167834 125.0
112 14180.0 -0.555153 0.569974 0.0 0.081187 -1.611945 -9.175394 -0.369 0.039393 14.167834 125.0
113 14180.0 -0.574428 0.576394 0.0 0.054208 -1.611945 -9.175394 -0.369 0.039393 14.167834 125.0
114 14180.0 -0.602417 0.587868 0.0 0.012447 -1.611945 -9.175394 -0.369 0.039393 14.167834 125.0
115 14180.0 -0.619704 0.604351 0.0 -0.02463 -1.611945 -9.175394 -0.369 0.039393 14.167834 125.0
116 14180.0 -0.62005 0.583447 0.0 0.000129 -1.611945 -9.175394 -0.369 0.039393 14.167834 125.0
117 14180.0 -0.608831 0.597686 0.0 -0.005757 -1.611945 -9.175394 -0.369 0.039393 14.167834 125.0
118 14180.0 -0.643125 0.632726 0.0 -0.082122 -1.611945 -9.175394 -0.369 0.039393 14.167834 125.0
119 14180.0 -0.646514 0.648535 0.0 -0.104813 -1.611945 -9.175394 -0.369 0.039393 14.167834 125.0
120 14180.0 -0.651993 0.645555 0.0 -0.106633 -1.611945 -9.175394 -0.369 0.039393 14.167834 125.0
121 14180.0 -0.661944 0.636061 0.0 -0.104942 -1.611945 -9.175394 -0.369 0.039393 14.167834 125.0
122 14180.0 -0.644829 0.626904 0.0 -0.076834 -1.611945 -9.175394 -0.369 0.039393 14.167834 125.0
123 14180.0 -0.658803 0.644781 0.0 -0.112575 -1.611945 -9.175394 -0.369 0.039393 14.167834 125.0
124 14180.0 -0.665531 0.624621 0.0 -0.094789 -1.611945 -9.175394 -0.369 0.039393 14.167834 125.0
125 14180.0 -0.675552 0.613998 0.0 -0.092048 -1.611945 -9.175394 -0.369 0.039393 14.167834 125.0
126 14180.0 -0.661566 0.608088 0.0 -0.070969 -1.611945 -9.175394 -0.369 0.039393 14.167834 125.0
127 14180.0 -0.684462 0.602748 0.0 -0.087444 -1.611945 -9.175394 -0.369 0.039393 14.167834 125.0
128 14180.0 -0.677187 0.591127 0.0 -0.066216 -1.611945 -9.175394 -0.369 0.039393 14.167834 125.0
129 14180.0 -0.685147 0.610524 0.0 -0.097468 -1.611945 -9.175394 -0.369 0.039393 14.167834 125.0
130 14180.0 -0.693485 0.607615 0.0 -0.102311 -1.611945 -9.175394 -0.369 0.039393 14.167834 125.0
131 14180.0 -0.726821 0.615925 0.0 -0.145617 -1.611945 -9.175394 -0.369 0.039393 14.167834 125.0
132 14180.0 -0.738311 0.615332 0.0 -0.156392 -1.611945 -9.175394 -0.369 0.039393 14.167834 125.0
133 14180.0 -0.727643 0.607367 0.0 -0.136162 -1.611945 -9.175394 -0.369 0.039393 14.167834 125.0
134 14180.0 -0.723128 0.590705 0.0 -0.111636 -1.611945 -9.175394 -0.369 0.039393 14.167834 125.0
135 14180.0 -0.739125 0.590106 0.0 -0.126911 -1.611945 -9.175394 -0.369 0.039393 14.167834 125.0
136 14180.0 -0.74612 0.598368 0.0 -0.143826 -1.611945 -9.175394 -0.369 0.039393 14.167834 125.0
137 14180.0 -0.741002 0.587258 0.0 -0.125366 -1.611945 -9.175394 -0.369 0.039393 14.167834 125.0
138 14180.0 -0.746472 0.595156 0.0 -0.140321 -1.611945 -9.175394 -0.369 0.039393 14.167834 125.0
139 14180.0 -0.745595 0.601519 0.0 -0.147085 -1.611945 -9.175394 -0.369 0.039393 14.167834 125.0
140 14180.0 -0.743807 0.607039 0.0 -0.151926 -1.611945 -9.175394 -0.369 0.039393 14.167834 125.0
141 14180.0 -0.757977 0.618775 0.0 -0.180609 -1.611945 -9.175394 -0.369 0.039393 14.167834 125.0
142 14180.0 -0.769112 0.606729 0.0 -0.176852 -1.611945 -9.175394 -0.369 0.039393 14.167834 125.0
143 14180.0 -0.808699 0.609368 0.0 -0.217846 -1.611945 -9.175394 -0.369 0.039393 14.167834 125.0
144 14180.0 -0.805016 0.598458 0.0 -0.202856 -1.611945 -9.175394 -0.369 0.039393 14.167834 125.0
145 14180.0 -0.828372 0.609213 0.0 -0.235052 -1.611945 -9.175394 -0.369 0.039393 14.167834 125.0
146 14180.0 -0.844553 0.614103 0.0 -0.254552 -1.611945 -9.175394 -0.369 0.039393 14.167834 125.0
147 14180.0 -0.868731 0.606848 0.0 -0.268165 -1.611945 -9.175394 -0.369 0.039393 14.167834 125.0
148 14180.0 -0.867943 0.618275 0.0 -0.279651 -1.611945 -9.175394 -0.369 0.039393 14.167834 125.0
149 14180.0 -0.876939 0.6343 0.0 -0.304679 -1.611945 -9.175394 -0.369 0.039393 14.167834 125.0
150 14180.0 -0.885594 0.626335 0.0 -0.30383 -1.611945 -9.175394 -0.369 0.039393 14.167834 125.0
151 14180.0 -0.914234 0.641673 0.0 -0.345468 -1.611945 -9.175394 -0.369 0.039393 14.167834 125.0
152 14180.0 -0.908032 0.657563 0.0 -0.356931 -1.611945 -9.175394 -0.369 0.039393 14.167834 125.0
153 14180.0 -0.901263 0.656353 0.0 -0.349665 -1.611945 -9.175394 -0.369 0.039393 14.167834 125.0
154 14180.0 -0.915221 0.647323 0.0 -0.352363 -1.611945 -9.175394 -0.369 0.039393 14.167834 125.0
155 14180.0 -0.919633 0.648578 0.0 -0.357596 -1.611945 -9.175394 -0.369 0.039393 14.167834 125.0
156 14180.0 -0.9404 0.65371 0.0 -0.380895 -1.611945 -9.175394 -0.369 0.039393 14.167834 125.0
157 14180.0 -0.944347 0.669467 0.0 -0.401508 -1.611945 -9.175394 -0.369 0.039393 14.167834 125.0
158 14180.0 -0.936853 0.650022 0.0 -0.374081 -1.611945 -9.175394 -0.369 0.039393 14.167834 125.0
159 14180.0 -0.942819 0.679102 0.0 -0.413249 -1.611945 -9.175394 -0.369 0.039393 14.167834 125.0
160 14180.0 -0.965557 0.681713 0.0 -0.43783 -1.611945 -9.175394 -0.369 0.039393 14.167834 125.0
161 14180.0 -0.968899 0.701693 0.0 -0.468193 -1.611945 -9.175394 -0.369 0.039393 14.167834 125.0
162 14180.0 -0.964246 0.722827 0.0 -0.492741 -1.611945 -9.175394 -0.369 0.039393 14.167834 125.0
163 14180.0 -0.995215 0.749725 0.0 -0.558082 -1.611945 -9.175394 -0.369 0.039393 14.167834 125.0
164 14180.0 -1.001849 0.778376 0.0 -0.603575 -1.611945 -9.175394 -0.369 0.039393 14.167834 125.0
165 14180.0 -0.981994 0.815061 0.0 -0.640691 -1.611945 -9.175394 -0.369 0.039393 14.167834 125.0
166 14180.0 -0.991521 0.821646 0.0 -0.659924 -1.611945 -9.175394 -0.369 0.039393 14.167834 125.0
167 14180.0 -0.994431 0.823715 0.0 -0.665888 -1.611945 -9.175394 -0.369 0.039393 14.167834 125.0
168 14180.0 -1.017077 0.85248 0.0 -0.72604 -1.611945 -9.175394 -0.369 0.039393 14.167834 125.0
169 14180.0 -0.986144 0.880814 0.0 -0.73819 -1.611945 -9.175394 -0.369 0.039393 14.167834 125.0
170 14180.0 -0.998768 0.896455 0.0 -0.770703 -1.611945 -9.175394 -0.369 0.039393 14.167834 125.0
171 14180.0 -1.002019 0.871348 0.0 -0.738946 -1.611945 -9.175394 -0.369 0.039393 14.167834 125.0
172 14180.0 -1.020524 0.855137 0.0 -0.732696 -1.611945 -9.175394 -0.369 0.039393 14.167834 125.0
173 14180.0 -1.007002 0.875885 0.0 -0.749524 -1.611945 -9.175394 -0.369 0.039393 14.167834 125.0
174 14180.0 -1.019301 0.879507 0.0 -0.765201 -1.611945 -9.175394 -0.369 0.039393 14.167834 125.0
175 14180.0 -1.018508 0.89843 0.0 -0.790576 -1.611945 -9.175394 -0.369 0.039393 14.167834 125.0
176 14180.0 -1.029048 0.911935 0.0 -0.818336 -1.611945 -9.175394 -0.369 0.039393 14.167834 125.0
177 14180.0 -1.027356 0.931421 0.0 -0.837176 -1.611945 -9.175394 -0.369 0.039393 14.167834 125.0
178 14180.0 -1.025834 0.962085 0.0 -0.866195 -1.611945 -9.175394 -0.369 0.039393 14.167834 125.0
179 14180.0 -1.008422 0.93461 0.0 -0.826407 -1.611945 -9.175394 -0.369 0.039393 14.167834 125.0
180 14180.0 -0.991639 0.945274 0.0 -0.824563 -1.611945 -9.175394 -0.369 0.039393 14.167834 125.0
181 14180.0 -1.016524 0.963262 0.0 -0.860515 -1.611945 -9.175394 -0.369 0.039393 14.167834 125.0
182 14180.0 -1.015004 0.988256 0.0 -0.883963 -1.611945 -9.175394 -0.369 0.039393 14.167834 125.0
183 14180.0 -0.99393 1.008552 0.0 -0.888436 -1.611945 -9.175394 -0.369 0.039393 14.167834 125.0
184 14180.0 -0.984541 1.04585 0.0 -0.918199 -1.611945 -9.175394 -0.369 0.039393 14.167834 125.0
185 14180.0 -1.008873 1.052446 0.0 -0.942549 -1.611945 -9.175394 -0.369 0.039393 14.167834 125.0
186 14180.0 -1.000235 1.066093 0.0 -0.949618 -1.611945 -9.175394 -0.369 0.039393 14.167834 125.0
187 14180.0 -0.989886 1.078897 0.0 -0.954603 -1.611945 -9.175394 -0.369 0.039393 14.167834 125.0
188 14180.0 -0.988228 1.073844 0.0 -0.948419 -1.611945 -9.175394 -0.369 0.039393 14.167834 125.0
189 14180.0 -0.940787 1.100669 0.0 -0.939946 -1.611945 -9.175394 -0.369 0.039393 14.167834 125.0
190 14180.0 -0.923389 1.077339 0.0 -0.904242 -1.611945 -9.175394 -0.369 0.039393 14.167834 125.0
191 14180.0 -0.892096 1.088867 0.0 -0.892592 -1.611945 -9.175394 -0.369 0.039393 14.167834 125.0
192 14180.0 -0.8679 1.101664 0.0 -0.887403 -1.611945 -9.175394 -0.369 0.039393 14.167834 125.0
193 14180.0 -0.846164 1.123587 0.0 -0.892987 -1.611945 -9.175394 -0.369 0.039393 14.167834 125.0
194 14180.0 -0.81956 1.12311 0.0 -0.872982 -1.611945 -9.175394 -0.369 0.039393 14.167834 125.0
195 14180.0 -0.829983 1.123353 0.0 -0.880875 -1.611945 -9.175394 -0.369 0.039393 14.167834 125.0
196 14180.0 -0.820536 1.123026 0.0 -0.873617 -1.611945 -9.175394 -0.369 0.039393 14.167834 125.0
197 14180.0 -0.801954 1.121043 0.0 -0.858023 -1.611945 -9.175394 -0.369 0.039393 14.167834 125.0
198 14180.0 -0.810534 1.133555 0.0 -0.87662 -1.611945 -9.175394 -0.369 0.039393 14.167834 125.0
199 14180.0 -0.808657 1.143999 0.0 -0.885507 -1.611945 -9.175394 -0.369 0.039393 14.167834 125.0
200 14180.0 -0.828317 1.148834 0.0 -0.904696 -1.611945 -9.175394 -0.369 0.039393 14.167834 125.0
201 14180.0 -0.815929 1.134486 0.0 -0.881497 -1.611945 -9.175394 -0.369 0.039393 14.167834 125.0
202 14180.0 -0.800594 1.160566 0.0 -0.895868 -1.611945 -9.175394 -0.369 0.039393 14.167834 125.0
203 14180.0 -0.79534 1.151279 0.0 -0.882882 -1.611945 -9.175394 -0.369 0.039393 14.167834 125.0
204 14180.0 -0.784409 1.171881 0.0 -0.895104 -1.611945 -9.175394 -0.369 0.039393 14.167834 125.0
205 14180.0 -0.760779 1.174871 0.0 -0.88069 -1.611945 -9.175394 -0.369 0.039393 14.167834 125.0
206 14180.0 -0.748816 1.189502 0.0 -0.886285 -1.611945 -9.175394 -0.369 0.039393 14.167834 125.0
207 14180.0 -0.744957 1.2127 0.0 -0.906251 -1.611945 -9.175394 -0.369 0.039393 14.167834 125.0
208 14180.0 -0.729926 1.237616 0.0 -0.919701 -1.611945 -9.175394 -0.369 0.039393 14.167834 125.0
209 14180.0 -0.720331 1.248196 0.0 -0.923054 -1.611945 -9.175394 -0.369 0.039393 14.167834 125.0
210 14180.0 -0.704218 1.262621 0.0 -0.925016 -1.611945 -9.175394 -0.369 0.039393 14.167834 125.0
211 14180.0 -0.678611 1.267332 0.0 -0.910895 -1.611945 -9.175394 -0.369 0.039393 14.167834 125.0
212 14180.0 -0.695238 1.272815 0.0 -0.925621 -1.611945 -9.175394 -0.369 0.039393 14.167834 125.0
213 14180.0 -0.688502 1.294205 0.0 -0.934988 -1.611945 -9.175394 -0.369 0.039393 14.167834 125.0
214 14180.0 -0.67607 1.271206 0.0 -0.911755 -1.611945 -9.175394 -0.369 0.039393 14.167834 125.0
215 14180.0 -0.675254 1.280657 0.0 -0.917339 -1.611945 -9.175394 -0.369 0.039393 14.167834 125.0
216 14180.0 -0.649919 1.28195 0.0 -0.901231 -1.611945 -9.175394 -0.369 0.039393 14.167834 125.0
217 14180.0 -0.658356 1.296134 0.0 -0.916074 -1.611945 -9.175394 -0.369 0.039393 14.167834 125.0
218 14180.0 -0.650513 1.300359 0.0 -0.913568 -1.611945 -9.175394 -0.369 0.039393 14.167834 125.0
219 14180.0 -0.67041 1.340171 0.0 -0.9527 -1.611945 -9.175394 -0.369 0.039393 14.167834 125.0
220 14180.0 -0.661932 1.370607 0.0 -0.970767 -1.611945 -9.175394 -0.369 0.039393 14.167834 125.0
221 14180.0 -0.621514 1.403217 0.0 -0.970602 -1.611945 -9.175394 -0.369 0.039393 14.167834 125.0
222 14180.0 -0.604475 1.404611 0.0 -0.961514 -1.611945 -9.175394 -0.369 0.039393 14.167834 125.0
223 14180.0 -0.596519 1.394479 0.0 -0.950528 -1.611945 -9.175394 -0.369 0.039393 14.167834 125.0
224 14180.0 -0.59691 1.389848 0.0 -0.946679 -1.611945 -9.175394 -0.369 0.039393 14.167834 125.0
225 14180.0 -0.591016 1.394499 0.0 -0.946865 -1.611945 -9.175394 -0.369 0.039393 14.167834 125.0
226 14180.0 -0.574214 1.386734 0.0 -0.928249 -1.611945 -9.175394 -0.369 0.039393 14.167834 125.0
227 14180.0 -0.588376 1.419419 0.0 -0.960733 -1.611945 -9.175394 -0.369 0.039393 14.167834 125.0
228 14180.0 -0.594495 1.432233 0.0 -0.9717 -1.611945 -9.175394 -0.369 0.039393 14.167834 125.0
229 14180.0 -0.625486 1.417274 0.0 -0.981041 -1.611945 -9.175394 -0.369 0.039393 14.167834 125.0
230 14180.0 -0.621364 1.403045 0.0 -0.970415 -1.611945 -9.175394 -0.369 0.039393 14.167834 125.0
231 14180.0 -0.603923 1.404021 0.0 -0.960852 -1.611945 -9.175394 -0.369 0.039393 14.167834 125.0
232 14180.0 -0.581411 1.400826 0.0 -0.945456 -1.611945 -9.175394 -0.369 0.039393 14.167834 125.0
233 14180.0 -0.576446 1.407384 0.0 -0.946272 -1.611945 -9.175394 -0.369 0.039393 14.167834 125.0
234 14180.0 -0.557219 1.404738 0.0 -0.932599 -1.611945 -9.175394 -0.369 0.039393 14.167834 125.0
235 14180.0 -0.583387 1.424614 0.0 -0.960842 -1.611945 -9.175394 -0.369 0.039393 14.167834 125.0
236 14180.0 -0.57685 1.432307 0.0 -0.960616 -1.611945 -9.175394 -0.369 0.039393 14.167834 125.0
237 14180.0 -0.578699 1.427819 0.0 -0.959953 -1.611945 -9.175394 -0.369 0.039393 14.167834 125.0
238 14180.0 -0.576527 1.406416 0.0 -0.945741 -1.611945 -9.175394 -0.369 0.039393 14.167834 125.0
239 14180.0 -0.581256 1.395399 0.0 -0.940958 -1.611945 -9.175394 -0.369 0.039393 14.167834 125.0
240 14180.0 -0.589109 1.407862 0.0 -0.954472 -1.611945 -9.175394 -0.369 0.039393 14.167834 125.0
241 14180.0 -0.600006 1.387009 0.0 -0.94615 -1.611945 -9.175394 -0.369 0.039393 14.167834 125.0
242 14180.0 -0.611804 1.385833 0.0 -0.952598 -1.611945 -9.175394 -0.369 0.039393 14.167834 125.0
243 14180.0 -0.619789 1.392019 0.0 -0.963099 -1.611945 -9.175394 -0.369 0.039393 14.167834 125.0
244 14180.0 -0.614503 1.412672 0.0 -0.972001 -1.611945 -9.175394 -0.369 0.039393 14.167834 125.0
245 14180.0 -0.598648 1.400433 0.0 -0.955712 -1.611945 -9.175394 -0.369 0.039393 14.167834 125.0
246 14180.0 -0.596941 1.397541 0.0 -0.953048 -1.611945 -9.175394 -0.369 0.039393 14.167834 125.0
247 14180.0 -0.591164 1.39604 0.0 -0.948365 -1.611945 -9.175394 -0.369 0.039393 14.167834 125.0
248 14180.0 -0.620519 1.405999 0.0 -0.971633 -1.611945 -9.175394 -0.369 0.039393 14.167834 125.0
249 14180.0 -0.601221 1.408497 0.0 -0.961872 -1.611945 -9.175394 -0.369 0.039393 14.167834 125.0
250 14180.0 -0.59473 1.400389 0.0 -0.953412 -1.611945 -9.175394 -0.369 0.039393 14.167834 125.0
251 14180.0 -0.584911 1.402537 0.0 -0.948682 -1.611945 -9.175394 -0.369 0.039393 14.167834 125.0
252 14180.0 -0.587208 1.417789 0.0 -0.959111 -1.611945 -9.175394 -0.369 0.039393 14.167834 125.0
253 14180.0 -0.585637 1.403308 0.0 -0.949602 -1.611945 -9.175394 -0.369 0.039393 14.167834 125.0
254 14180.0 -0.584252 1.404033 0.0 -0.949167 -1.611945 -9.175394 -0.369 0.039393 14.167834 125.0
255 14180.0 -0.580821 1.434339 0.0 -0.964281 -1.611945 -9.175394 -0.369 0.039393 14.167834 125.0
256 14180.0 -0.576657 1.451589 0.0 -0.964106 -1.611945 -9.175394 -0.369 0.039393 14.167834 125.0
257 14180.0 -0.567973 1.408249 0.0 -0.941465 -1.611945 -9.175394 -0.369 0.039393 14.167834 125.0
258 14180.0 -0.595368 1.416247 0.0 -0.962958 -1.611945 -9.175394 -0.369 0.039393 14.167834 125.0
259 14180.0 -0.604705 1.420272 0.0 -0.970708 -1.611945 -9.175394 -0.369 0.039393 14.167834 125.0
260 14180.0 -0.576403 1.445486 0.0 -0.962969 -1.611945 -9.175394 -0.369 0.039393 14.167834 125.0
261 14180.0 -0.558161 1.431336 0.0 -0.944853 -1.611945 -9.175394 -0.369 0.039393 14.167834 125.0
262 14180.0 -0.560483 1.417904 0.0 -0.942113 -1.611945 -9.175394 -0.369 0.039393 14.167834 125.0
263 14180.0 -0.559685 1.419704 0.0 -0.942177 -1.611945 -9.175394 -0.369 0.039393 14.167834 125.0
264 14180.0 -0.554166 1.423532 0.0 -0.93929 -1.611945 -9.175394 -0.369 0.039393 14.167834 125.0
265 14180.0 -0.557397 1.428012 0.0 -0.943575 -1.611945 -9.175394 -0.369 0.039393 14.167834 125.0
266 14180.0 -0.559048 1.44035 0.0 -0.947194 -1.611945 -9.175394 -0.369 0.039393 14.167834 125.0
267 14180.0 -0.537387 1.434256 0.0 -0.927243 -1.611945 -9.175394 -0.369 0.039393 14.167834 125.0
268 14180.0 -0.546787 1.428444 0.0 -0.934431 -1.611945 -9.175394 -0.369 0.039393 14.167834 125.0
269 14180.0 -0.538238 1.445156 0.0 -0.929879 -1.611945 -9.175394 -0.369 0.039393 14.167834 125.0
270 14180.0 -0.548988 1.441278 0.0 -0.93858 -1.611945 -9.175394 -0.369 0.039393 14.167834 125.0
271 14180.0 -0.562408 1.438427 0.0 -0.949789 -1.611945 -9.175394 -0.369 0.039393 14.167834 125.0
272 14180.0 -0.572132 1.389798 0.0 -0.929593 -1.611945 -9.175394 -0.369 0.039393 14.167834 125.0
273 14180.0 -0.556312 1.388286 0.0 -0.917324 -1.611945 -9.175394 -0.369 0.039393 14.167834 125.0
274 14180.0 -0.561979 1.40038 0.0 -0.932196 -1.611945 -9.175394 -0.369 0.039393 14.167834 125.0
275 14180.0 -0.563626 1.41779 0.0 -0.944305 -1.611945 -9.175394 -0.369 0.039393 14.167834 125.0
276 14180.0 -0.561965 1.413162 0.0 -0.940581 -1.611945 -9.175394 -0.369 0.039393 14.167834 125.0
277 14180.0 -0.551643 1.404764 0.0 -0.928897 -1.611945 -9.175394 -0.369 0.039393 14.167834 125.0
278 14180.0 -0.557677 1.40439 0.0 -0.932678 -1.611945 -9.175394 -0.369 0.039393 14.167834 125.0
279 14180.0 -0.542116 1.406871 0.0 -0.923221 -1.611945 -9.175394 -0.369 0.039393 14.167834 125.0
280 14180.0 -0.553042 1.417975 0.0 -0.936256 -1.611945 -9.175394 -0.369 0.039393 14.167834 125.0
281 14180.0 -0.523255 1.434016 0.0 -0.914876 -1.611945 -9.175394 -0.369 0.039393 14.167834 125.0
282 14180.0 -0.538532 1.440052 0.0 -0.929248 -1.611945 -9.175394 -0.369 0.039393 14.167834 125.0
283 14180.0 -0.523606 1.430061 0.0 -0.914495 -1.611945 -9.175394 -0.369 0.039393 14.167834 125.0
284 14180.0 -0.543085 1.436139 0.0 -0.93254 -1.611945 -9.175394 -0.369 0.039393 14.167834 125.0
285 14180.0 -0.547046 1.447196 0.0 -0.937916 -1.611945 -9.175394 -0.369 0.039393 14.167834 125.0
286 14180.0 -0.552106 1.459304 0.0 -0.944432 -1.611945 -9.175394 -0.369 0.039393 14.167834 125.0
287 14180.0 -0.55994 1.449071 0.0 -0.949487 -1.611945 -9.175394 -0.369 0.039393 14.167834 125.0
