 time p.x p.y p.z deep.node-0 CV opes.bias opes.rct opes.zed opes.neff opes.nker
0 9930.0 0.26655 0.446982 0.0 0.914917 -0.695052 -10.134419 -0.333314 0.036207 14.167834 136.0
1 9930.0 0.25115 0.463343 0.0 0.888075 -0.695052 -10.134419 -0.333314 0.036207 14.167834 136.0
2 9930.0 0.25581 0.469961 0.0 0.884479 -0.695052 -10.134419 -0.333314 0.036207 14.167834 136.0
3 9930.0 0.254316 0.491352 0.0 0.861816 -0.695052 -10.134419 -0.333314 0.036207 14.167834 136.0
4 9930.0 0.229071 0.481707 0.0 0.85475 -0.695052 -10.134419 -0.333314 0.036207 14.167834 136.0
5 9930.0 0.235571 0.508067 0.0 0.832385 -0.695052 -10.134419 -0.333314 0.036207 14.167834 136.0
6 9930.0 0.223092 0.503553 0.0 0.828635 -0.695052 -10.134419 -0.333314 0.036207 14.167834 136.0
7 9930.0 0.24213 0.505677 0.0 0.83918 -0.695052 -10.134419 -0.333314 0.036207 14.167834 136.0
8 9930.0 0.24608 0.480946 0.0 0.866864 -0.695052 -10.134419 -0.333314 0.036207 14.167834 136.0
9 9930.0 0.230168 0.484507 0.0 0.852646 -0.695052 -10.134419 -0.333314 0.036207 14.167834 136.0
10 9930.0 0.231204 0.497585 0.0 0.84009 -0.695052 -10.134419 -0.333314 0.036207 14.167834 136.0
11 9930.0 0.218332 0.494485 0.0 0.834645 -0.695052 -10.134419 -0.333314 0.036207 14.167834 136.0
12 9930.0 0.21512 0.50132 0.0 0.82558 -0.695052 -10.134419 -0.333314 0.036207 14.167834 136.0
13 9930.0 0.206874 0.537393 0.0 0.783543 -0.695052 -10.134419 -0.333314 0.036207 14.167834 136.0
14 9930.0 0.210816 0.533 0.0 0.790622 -0.695052 -10.134419 -0.333314 0.036207 14.167834 136.0
15 9930.0 0.226672 0.513837 0.0 0.820606 -0.695052 -10.134419 -0.333314 0.036207 14.167834 136.0
16 9930.0 0.205744 0.495822 0.0 0.824896 -0.695052 -10.134419 -0.333314 0.036207 14.167834 136.0
17 9930.0 0.195748 0.512244 0.0 0.801595 -0.695052 -10.134419 -0.333314 0.036207 14.167834 136.0
18 9930.0 0.243103 0.500533 0.0 0.84504 -0.695052 -10.134419 -0.333314 0.036207 14.167834 136.0
19 9930.0 0.253568 0.506956 0.0 0.845513 -0.695052 -10.134419 -0.333314 0.036207 14.167834 136.0
20 9930.0 0.248118 0.541068 0.0 0.807632 -0.695052 -10.134419 -0.333314 0.036207 14.167834 136.0
21 9930.0 0.260333 0.546852 0.0 0.810578 -0.695052 -10.134419 -0.333314 0.036207 14.167834 136.0
22 9930.0 0.259502 0.543567 0.0 0.813206 -0.695052 -10.134419 -0.333314 0.036207 14.167834 136.0
23 9930.0 0.25749 0.534995 0.0 0.820175 -0.695052 -10.134419 -0.333314 0.036207 14.167834 136.0
24 9930.0 0.23922 0.529804 0.0 0.812801 -0.695052 -10.134419 -0.333314 0.036207 14.167834 136.0
25 9930.0 0.226796 0.526911 0.0 0.807446 -0.695052 -10.134419 -0.333314 0.036207 14.167834 136.0
26 9930.0 0.220927 0.509641 0.0 0.821024 -0.695052 -10.134419 -0.333314 0.036207 14.167834 136.0
27 9930.0 0.235045 0.486366 0.0 0.854015 -0.695052 -10.134419 -0.333314 0.036207 14.167834 136.0
28 9930.0 0.225943 0.492407 0.0 0.841826 -0.695052 -10.134419 -0.333314 0.036207 14.167834 136.0
29 9930.0 0.221687 0.511692 0.0 0.819454 -0.695052 -10.134419 -0.333314 0.036207 14.167834 136.0
30 9930.0 0.213838 0.50231 0.0 0.823723 -0.695052 -10.134419 -0.333314 0.036207 14.167834 136.0
31 9930.0 0.199311 0.524554 0.0 0.791503 -0.695052 -10.134419 -0.333314 0.036207 14.167834 136.0
32 9930.0 0.181658 0.50153 0.0 0.803052 -0.695052 -10.134419 -0.333314 0.036207 14.167834 136.0
33 9930.0 0.173779 0.509621 0.0 0.789602 -0.695052 -10.134419 -0.333314 0.036207 14.167834 136.0
34 9930.0 0.161461 0.531853 0.0 0.758868 -0.695052 -10.134419 -0.333314 0.036207 14.167834 136.0
35 9930.0 0.140536 0.49592 0.0 0.781309 -0.695052 -10.134419 -0.333314 0.036207 14.167834 136.0
36 9930.0 0.129801 0.489954 0.0 0.780194 -0.695052 -10.134419 -0.333314 0.036207 14.167834 136.0
37 9930.0 0.134304 0.501431 0.0 0.771571 -0.695052 -10.134419 -0.333314 0.036207 14.167834 136.0
38 9930.0 0.096168 0.51427 0.0 0.733134 -0.695052 -10.134419 -0.333314 0.036207 14.167834 136.0
39 9930.0 0.092245 0.489279 0.0 0.75583 -0.695052 -10.134419 -0.333314 0.036207 14.167834 136.0
40 9930.0 0.082965 0.505941 0.0 0.732766 -0.695052 -10.134419 -0.333314 0.036207 14.167834 136.0
41 9930.0 0.099498 0.511842 0.0 0.737814 -0.695052 -10.134419 -0.333314 0.036207 14.167834 136.0
42 9930.0 0.074244 0.490862 0.0 0.742223 -0.695052 -10.134419 -0.333314 0.036207 14.167834 136.0
43 9930.0 0.068129 0.51335 0.0 0.715367 -0.695052 -10.134419 -0.333314 0.036207 14.167834 136.0
44 9930.0 0.08786 0.537997 0.0 0.70356 -0.695052 -10.134419 -0.333314 0.036207 14.167834 136.0
45 9930.0 0.091526 0.535983 0.0 0.708045 -0.695052 -10.134419 -0.333314 0.036207 14.167834 136.0
46 9930.0 0.10778 0.538229 0.0 0.71661 -0.695052 -10.134419 -0.333314 0.036207 14.167834 136.0
47 9930.0 0.106001 0.533333 0.0 0.720383 -0.695052 -10.134419 -0.333314 0.036207 14.167834 136.0
48 9930.0 0.105846 0.551994 0.0 0.701379 -0.695052 -10.134419 -0.333314 0.036207 14.167834 136.0
49 9930.0 0.112535 0.534892 0.0 0.723162 -0.695052 -10.134419 -0.333314 0.036207 14.167834 136.0
50 9930.0 0.090949 0.513862 0.0 0.730067 -0.695052 -10.134419 -0.333314 0.036207 14.167834 136.0
51 9930.0 0.08405 0.528153 0.0 0.710991 -0.695052 -10.134419 -0.333314 0.036207 14.167834 136.0
52 9930.0 0.101501 0.522919 0.0 0.72793 -0.695052 -10.134419 -0.333314 0.036207 14.167834 136.0
53 9930.0 0.072977 0.519597 0.0 0.712272 -0.695052 -10.134419 -0.333314 0.036207 14.167834 136.0
54 9930.0 0.071483 0.531128 0.0 0.699596 -0.695052 -10.134419 -0.333314 0.036207 14.167834 136.0
55 9930.0 0.069696 0.544376 0.0 0.684987 -0.695052 -10.134419 -0.333314 0.036207 14.167834 136.0
56 9930.0 0.101341 0.527357 0.0 0.723328 -0.695052 -10.134419 -0.333314 0.036207 14.167834 136.0
57 9930.0 0.112717 0.528469 0.0 0.729789 -0.695052 -10.134419 -0.333314 0.036207 14.167834 136.0
58 9930.0 0.111469 0.507063 0.0 0.750638 -0.695052 -10.134419 -0.333314 0.036207 14.167834 136.0
59 9930.0 0.097707 0.515778 0.0 0.732633 -0.695052 -10.134419 -0.333314 0.036207 14.167834 136.0
60 9930.0 0.088978 0.507197 0.0 0.735503 -0.695052 -10.134419 -0.333314 0.036207 14.167834 136.0
61 9930.0 0.042343 0.50075 0.0 0.710932 -0.695052 -10.134419 -0.333314 0.036207 14.167834 136.0
62 9930.0 0.036125 0.513519 0.0 0.693852 -0.695052 -10.134419 -0.333314 0.036207 14.167834 136.0
63 9930.0 0.041724 0.513702 0.0 0.6974 -0.695052 -10.134419 -0.333314 0.036207 14.167834 136.0
64 9930.0 0.054211 0.509586 0.0 0.709897 -0.695052 -10.134419 -0.333314 0.036207 14.167834 136.0
65 9930.0 0.040018 0.514783 0.0 0.695168 -0.695052 -10.134419 -0.333314 0.036207 14.167834 136.0
66 9930.0 0.036709 0.515074 0.0 0.692667 -0.695052 -10.134419 -0.333314 0.036207 14.167834 136.0
67 9930.0 0.06991 0.532967 0.0 0.696684 -0.695052 -10.134419 -0.333314 0.036207 14.167834 136.0
68 9930.0 0.051748 0.487372 0.0 0.730754 -0.695052 -10.134419 -0.333314 0.036207 14.167834 136.0
69 9930.0 0.053742 0.488925 0.0 0.730512 -0.695052 -10.134419 -0.333314 0.036207 14.167834 136.0
70 9930.0 0.051919 0.531831 0.0 0.685837 -0.695052 -10.134419 -0.333314 0.036207 14.167834 136.0
71 9930.0 0.058678 0.53759 0.0 0.684511 -0.695052 -10.134419 -0.333314 0.036207 14.167834 136.0
72 9930.0 0.094375 0.535279 0.0 0.710659 -0.695052 -10.134419 -0.333314 0.036207 14.167834 136.0
73 9930.0 0.091493 0.518337 0.0 0.725897 -0.695052 -10.134419 -0.333314 0.036207 14.167834 136.0
74 9930.0 0.102606 0.5243 0.0 0.727268 -0.695052 -10.134419 -0.333314 0.036207 14.167834 136.0
75 9930.0 0.076428 0.536633 0.0 0.697318 -0.695052 -10.134419 -0.333314 0.036207 14.167834 136.0
76 9930.0 0.07803 0.530552 0.0 0.704546 -0.695052 -10.134419 -0.333314 0.036207 14.167834 136.0
77 9930.0 0.079221 0.534951 0.0 0.700885 -0.695052 -10.134419 -0.333314 0.036207 14.167834 136.0
78 9930.0 0.063688 0.553298 0.0 0.671942 -0.695052 -10.134419 -0.333314 0.036207 14.167834 136.0
79 9930.0 0.058273 0.542535 0.0 0.679232 -0.695052 -10.134419 -0.333314 0.036207 14.167834 136.0
80 9930.0 0.03602 0.555509 0.0 0.65125 -0.695052 -10.134419 -0.333314 0.036207 14.167834 136.0
81 9930.0 0.029133 0.544569 0.0 0.657739 -0.695052 -10.134419 -0.333314 0.036207 14.167834 136.0
82 9930.0 0.028589 0.550756 0.0 0.651109 -0.695052 -10.134419 -0.333314 0.036207 14.167834 136.0
83 9930.0 0.008251 0.546203 0.0 0.642158 -0.695052 -10.134419 -0.333314 0.036207 14.167834 136.0
84 9930.0 -0.023587 0.535447 0.0 0.631819 -0.695052 -10.134419 -0.333314 0.036207 14.167834 136.0
85 9930.0 -0.010728 0.54126 0.0 0.634507 -0.695052 -10.134419 -0.333314 0.036207 14.167834 136.0
86 9930.0 -0.013795 0.516441 0.0 0.6576 -0.695052 -10.134419 -0.333314 0.036207 14.167834 136.0
87 9930.0 -0.010847 0.530519 0.0 0.645307 -0.695052 -10.134419 -0.333314 0.036207 14.167834 136.0
88 9930.0 0.002006 0.522514 0.0 0.661987 -0.695052 -10.134419 -0.333314 0.036207 14.167834 136.0
89 9930.0 -0.013414 0.508462 0.0 0.665937 -0.695052 -10.134419 -0.333314 0.036207 14.167834 136.0
90 9930.0 -0.017976 0.513773 0.0 0.657514 -0.695052 -10.134419 -0.333314 0.036207 14.167834 136.0
91 9930.0 -0.009454 0.485686 0.0 0.691647 -0.695052 -10.134419 -0.333314 0.036207 14.167834 136.0
92 9930.0 0.003987 0.49822 0.0 0.687915 -0.695052 -10.134419 -0.333314 0.036207 14.167834 136.0
93 9930.0 0.003277 0.510582 0.0 0.674921 -0.695052 -10.134419 -0.333314 0.036207 14.167834 136.0
94 9930.0 0.02226 0.526185 0.0 0.671777 -0.695052 -10.134419 -0.333314 0.036207 14.167834 136.0
95 9930.0 0.021904 0.519832 0.0 0.677973 -0.695052 -10.134419 -0.333314 0.036207 14.167834 136.0
96 9930.0 0.00236 0.515533 0.0 0.669294 -0.695052 -10.134419 -0.333314 0.036207 14.167834 136.0
97 9930.0 -0.000623 0.537078 0.0 0.645483 -0.695052 -10.134419 -0.333314 0.036207 14.167834 136.0
98 9930.0 0.027179 0.53405 0.0 0.66709 -0.695052 -10.134419 -0.333314 0.036207 14.167834 136.0
99 9930.0 0.051818 0.536975 0.0 0.680559 -0.695052 -10.134419 -0.333314 0.036207 14.167834 136.0
100 9930.0 0.04382 0.51659 0.0 0.695873 -0.695052 -10.134419 -0.333314 0.036207 14.167834 136.0
101 9930.0 0.027439 0.557948 0.0 0.643058 -0.695052 -10.134419 -0.333314 0.036207 14.167834 136.0
102 9930.0 0.017082 0.553561 0.0 0.640594 -0.695052 -10.134419 -0.333314 0.036207 14.167834 136.0
103 9930.0 0.003969 0.540882 0.0 0.644692 -0.695052 -10.134419 -0.333314 0.036207 14.167834 136.0
104 9930.0 0.000363 0.543227 0.0 0.639912 -0.695052 -10.134419 -0.333314 0.036207 14.167834 136.0
105 9930.0 0.013701 0.508867 0.0 0.683609 -0.695052 -10.134419 -0.333314 0.036207 14.167834 136.0
106 9930.0 0.002483 0.525459 0.0 0.659322 -0.695052 -10.134419 -0.333314 0.036207 14.167834 136.0
107 9930.0 -0.013866 0.521257 0.0 0.652675 -0.695052 -10.134419 -0.333314 0.036207 14.167834 136.0
108 9930.0 -0.008195 0.492782 0.0 0.685299 -0.695052 -10.134419 -0.333314 0.036207 14.167834 136.0
109 9930.0 -0.00533 0.514123 0.0 0.665594 -0.695052 -10.134419 -0.333314 0.036207 14.167834 136.0
110 9930.0 -0.003139 0.488932 0.0 0.69257 -0.695052 -10.134419 -0.333314 0.036207 14.167834 136.0
111 9930.0 -0.023725 0.507449 0.0 0.660086 -0.695052 -10.134419 -0.333314 0.036207 14.167834 136.0
112 9930.0 -0.069992 0.548344 0.0 0.579952 -0.695052 -10.134419 -0.333314 0.036207 14.167834 136.0
113 9930.0 -0.059826 0.529543 0.0 0.608811 -0.695052 -10.134419 -0.333314 0.036207 14.167834 136.0
114 9930.0 -0.078498 0.533504 0.0 0.588504 -0.695052 -10.134419 -0.333314 0.036207 14.167834 136.0
115 9930.0 -0.07339 0.547236 0.0 0.578213 -0.695052 -10.134419 -0.333314 0.036207 14.167834 136.0
116 9930.0 -0.051478 0.543495 0.0 0.601073 -0.695052 -10.134419 -0.333314 0.036207 14.167834 136.0
117 9930.0 -0.051085 0.542831 0.0 0.602121 -0.695052 -10.134419 -0.333314 0.036207 14.167834 136.0
118 9930.0 -0.019558 0.529685 0.0 0.640342 -0.695052 -10.134419 -0.333314 0.036207 14.167834 136.0
119 9930.0 -0.048297 0.50947 0.0 0.640204 -0.695052 -10.134419 -0.333314 0.036207 14.167834 136.0
120 9930.0 -0.038818 0.493177 0.0 0.664476 -0.695052 -10.134419 -0.333314 0.036207 14.167834 136.0
121 9930.0 -0.045451 0.497591 0.0 0.655359 -0.695052 -10.134419 -0.333314 0.036207 14.167834 136.0
122 9930.0 -0.034909 0.497054 0.0 0.663156 -0.695052 -10.134419 -0.333314 0.036207 14.167834 136.0
123 9930.0 -0.031135 0.498615 0.0 0.664092 -0.695052 -10.134419 -0.333314 0.036207 14.167834 136.0
124 9930.0 -0.025206 0.489847 0.0 0.676927 -0.695052 -10.134419 -0.333314 0.036207 14.167834 136.0
125 9930.0 -0.031816 0.506558 0.0 0.655592 -0.695052 -10.134419 -0.333314 0.036207 14.167834 136.0
126 9930.0 -0.019414 0.523826 0.0 0.646373 -0.695052 -10.134419 -0.333314 0.036207 14.167834 136.0
127 9930.0 -0.021677 0.537871 0.0 0.630638 -0.695052 -10.134419 -0.333314 0.036207 14.167834 136.0
128 9930.0 -0.008149 0.53027 0.0 0.647359 -0.695052 -10.134419 -0.333314 0.036207 14.167834 136.0
129 9930.0 -0.025194 0.53099 0.0 0.635261 -0.695052 -10.134419 -0.333314 0.036207 14.167834 136.0
130 9930.0 -0.03328 0.536735 0.0 0.623966 -0.695052 -10.134419 -0.333314 0.036207 14.167834 136.0
131 9930.0 -0.064725 0.560087 0.0 0.571926 -0.695052 -10.134419 -0.333314 0.036207 14.167834 136.0
132 9930.0 -0.066355 0.564813 0.0 0.565468 -0.695052 -10.134419 -0.333314 0.036207 14.167834 136.0
133 9930.0 -0.059048 0.558877 0.0 0.578105 -0.695052 -10.134419 -0.333314 0.036207 14.167834 136.0
134 9930.0 -0.072675 0.561672 0.0 0.563387 -0.695052 -10.134419 -0.333314 0.036207 14.167834 136.0
135 9930.0 -0.063377 0.544849 0.0 0.589384 -0.695052 -10.134419 -0.333314 0.036207 14.167834 136.0
136 9930.0 -0.072279 0.521638 0.0 0.606548 -0.695052 -10.134419 -0.333314 0.036207 14.167834 136.0
137 9930.0 -0.074489 0.530212 0.0 0.595475 -0.695052 -10.134419 -0.333314 0.036207 14.167834 136.0
138 9930.0 -0.079896 0.53351 0.0 0.587294 -0.695052 -10.134419 -0.333314 0.036207 14.167834 136.0
139 9930.0 -0.105889 0.516528 0.0 0.583086 -0.695052 -10.134419 -0.333314 0.036207 14.167834 136.0
140 9930.0 -0.099843 0.541578 0.0 0.561497 -0.695052 -10.134419 -0.333314 0.036207 14.167834 136.0
141 9930.0 -0.083907 0.528841 0.0 0.588836 -0.695052 -10.134419 -0.333314 0.036207 14.167834 136.0
142 9930.0 -0.063599 0.537238 0.0 0.597334 -0.695052 -10.134419 -0.333314 0.036207 14.167834 136.0
143 9930.0 -0.082858 0.562204 0.0 0.554054 -0.695052 -10.134419 -0.333314 0.036207 14.167834 136.0
144 9930.0 -0.095828 0.551615 0.0 0.554216 -0.695052 -10.134419 -0.333314 0.036207 14.167834 136.0
145 9930.0 -0.098699 0.534443 0.0 0.570114 -0.695052 -10.134419 -0.333314 0.036207 14.167834 136.0
146 9930.0 -0.084707 0.554774 0.0 0.560409 -0.695052 -10.134419 -0.333314 0.036207 14.167834 136.0
147 9930.0 -0.071382 0.541633 0.0 0.585934 -0.695052 -10.134419 -0.333314 0.036207 14.167834 136.0
148 9930.0 -0.110918 0.528298 0.0 0.566168 -0.695052 -10.134419 -0.333314 0.036207 14.167834 136.0
149 9930.0 -0.104777 0.50632 0.0 0.594962 -0.695052 -10.134419 -0.333314 0.036207 14.167834 136.0
150 9930.0 -0.092275 0.493145 0.0 0.619814 -0.695052 -10.134419 -0.333314 0.036207 14.167834 136.0
151 9930.0 -0.066579 0.515468 0.0 0.618053 -0.695052 -10.134419 -0.333314 0.036207 14.167834 136.0
152 9930.0 -0.072498 0.515045 0.0 0.613411 -0.695052 -10.134419 -0.333314 0.036207 14.167834 136.0
153 9930.0 -0.095136 0.474537 0.0 0.637254 -0.695052 -10.134419 -0.333314 0.036207 14.167834 136.0
154 9930.0 -0.10242 0.477287 0.0 0.628044 -0.695052 -10.134419 -0.333314 0.036207 14.167834 136.0
155 9930.0 -0.098973 0.503197 0.0 0.603297 -0.695052 -10.134419 -0.333314 0.036207 14.167834 136.0
156 9930.0 -0.092369 0.504696 0.0 0.607378 -0.695052 -10.134419 -0.333314 0.036207 14.167834 136.0
157 9930.0 -0.050936 0.490693 0.0 0.658017 -0.695052 -10.134419 -0.333314 0.036207 14.167834 136.0
158 9930.0 -0.049718 0.492592 0.0 0.657034 -0.695052 -10.134419 -0.333314 0.036207 14.167834 136.0
159 9930.0 -0.046467 0.478832 0.0 0.673905 -0.695052 -10.134419 -0.333314 0.036207 14.167834 136.0
160 9930.0 -0.018628 0.490238 0.0 0.680918 -0.695052 -10.134419 -0.333314 0.036207 14.167834 136.0
161 9930.0 0.000359 0.521433 0.0 0.661984 -0.695052 -10.134419 -0.333314 0.036207 14.167834 136.0
162 9930.0 -0.004776 0.557564 0.0 0.621962 -0.695052 -10.134419 -0.333314 0.036207 14.167834 136.0
163 9930.0 0.006091 0.548882 0.0 0.638004 -0.695052 -10.134419 -0.333314 0.036207 14.167834 136.0
164 9930.0 0.01436 0.556736 0.0 0.635563 -0.695052 -10.134419 -0.333314 0.036207 14.167834 136.0
165 9930.0 0.000988 0.552159 0.0 0.631281 -0.695052 -10.134419 -0.333314 0.036207 14.167834 136.0
166 9930.0 -0.023715 0.534357 0.0 0.632838 -0.695052 -10.134419 -0.333314 0.036207 14.167834 136.0
167 9930.0 -0.032785 0.536984 0.0 0.624125 -0.695052 -10.134419 -0.333314 0.036207 14.167834 136.0
168 9930.0 -0.00702 0.5381 0.0 0.640181 -0.695052 -10.134419 -0.333314 0.036207 14.167834 136.0
169 9930.0 0.001828 0.532974 0.0 0.651273 -0.695052 -10.134419 -0.333314 0.036207 14.167834 136.0
170 9930.0 -0.01991 0.508585 0.0 0.66148 -0.695052 -10.134419 -0.333314 0.036207 14.167834 136.0
171 9930.0 -0.054288 0.527501 0.0 0.615762 -0.695052 -10.134419 -0.333314 0.036207 14.167834 136.0
172 9930.0 -0.077629 0.535904 0.0 0.586685 -0.695052 -10.134419 -0.333314 0.036207 14.167834 136.0
173 9930.0 -0.075762 0.531723 0.0 0.592764 -0.695052 -10.134419 -0.333314 0.036207 14.167834 136.0
174 9930.0 -0.086344 0.543189 0.0 0.571392 -0.695052 -10.134419 -0.333314 0.036207 14.167834 136.0
175 9930.0 -0.073018 0.538241 0.0 0.588155 -0.695052 -10.134419 -0.333314 0.036207 14.167834 136.0
176 9930.0 -0.053198 0.523232 0.0 0.621266 -0.695052 -10.134419 -0.333314 0.036207 14.167834 136.0
177 9930.0 -0.055321 0.496349 0.0 0.648193 -0.695052 -10.134419 -0.333314 0.036207 14.167834 136.0
178 9930.0 -0.031449 0.466841 0.0 0.696066 -0.695052 -10.134419 -0.333314 0.036207 14.167834 136.0
179 9930.0 -0.019976 0.450219 0.0 0.720554 -0.695052 -10.134419 -0.333314 0.036207 14.167834 136.0
180 9930.0 -0.02648 0.48567 0.0 0.680309 -0.695052 -10.134419 -0.333314 0.036207 14.167834 136.0
181 9930.0 -0.009846 0.47862 0.0 0.698542 -0.695052 -10.134419 -0.333314 0.036207 14.167834 136.0
182 9930.0 -0.004108 0.477034 0.0 0.703975 -0.695052 -10.134419 -0.333314 0.036207 14.167834 136.0
183 9930.0 0.008064 0.47499 0.0 0.714164 -0.695052 -10.134419 -0.333314 0.036207 14.167834 136.0
184 9930.0 0.027264 0.505015 0.0 0.696556 -0.695052 -10.134419 -0.333314 0.036207 14.167834 136.0
185 9930.0 0.007995 0.527558 0.0 0.660873 -0.695052 -10.134419 -0.333314 0.036207 14.167834 136.0
186 9930.0 0.003054 0.538268 0.0 0.646728 -0.695052 -10.134419 -0.333314 0.036207 14.167834 136.0
187 9930.0 0.025279 0.544113 0.0 0.65563 -0.695052 -10.134419 -0.333314 0.036207 14.167834 136.0
188 9930.0 0.02334 0.526952 0.0 0.671719 -0.695052 -10.134419 -0.333314 0.036207 14.167834 136.0
189 9930.0 0.049387 0.524435 0.0 0.69164 -0.695052 -10.134419 -0.333314 0.036207 14.167834 136.0
190 9930.0 0.068913 0.51822 0.0 0.710957 -0.695052 -10.134419 -0.333314 0.036207 14.167834 136.0
191 9930.0 0.070649 0.539292 0.0 0.690771 -0.695052 -10.134419 -0.333314 0.036207 14.167834 136.0
192 9930.0 0.052211 0.510555 0.0 0.707582 -0.695052 -10.134419 -0.333314 0.036207 14.167834 136.0
193 9930.0 0.065259 0.507495 0.0 0.719383 -0.695052 -10.134419 -0.333314 0.036207 14.167834 136.0
194 9930.0 0.057816 0.493275 0.0 0.728823 -0.695052 -10.134419 -0.333314 0.036207 14.167834 136.0
195 9930.0 0.039511 0.484987 0.0 0.72501 -0.695052 -10.134419 -0.333314 0.036207 14.167834 136.0
196 9930.0 0.036705 0.498363 0.0 0.70959 -0.695052 -10.134419 -0.333314 0.036207 14.167834 136.0
197 9930.0 0.026915 0.509529 0.0 0.691751 -0.695052 -10.134419 -0.333314 0.036207 14.167834 136.0
198 9930.0 0.017667 0.500561 0.0 0.694667 -0.695052 -10.134419 -0.333314 0.036207 14.167834 136.0
199 9930.0 0.01479 0.481577 0.0 0.711978 -0.695052 -10.134419 -0.333314 0.036207 14.167834 136.0
200 9930.0 0.006917 0.48545 0.0 0.702803 -0.695052 -10.134419 -0.333314 0.036207 14.167834 136.0
201 9930.0 0.007671 0.471681 0.0 0.717252 -0.695052 -10.134419 -0.333314 0.036207 14.167834 136.0
202 9930.0 0.043636 0.468929 0.0 0.744026 -0.695052 -10.134419 -0.333314 0.036207 14.167834 136.0
203 9930.0 0.054685 0.446927 0.0 0.773679 -0.695052 -10.134419 -0.333314 0.036207 14.167834 136.0
204 9930.0 0.04107 0.4797 0.0 0.731404 -0.695052 -10.134419 -0.333314 0.036207 14.167834 136.0
205 9930.0 0.053435 0.490381 0.0 0.728833 -0.695052 -10.134419 -0.333314 0.036207 14.167834 136.0
206 9930.0 0.048903 0.529203 0.0 0.686488 -0.695052 -10.134419 -0.333314 0.036207 14.167834 136.0
207 9930.0 0.018994 0.503152 0.0 0.692927 -0.695052 -10.134419 -0.333314 0.036207 14.167834 136.0
208 9930.0 0.013652 0.537818 0.0 0.654253 -0.695052 -10.134419 -0.333314 0.036207 14.167834 136.0
209 9930.0 0.002255 0.524782 0.0 0.659857 -0.695052 -10.134419 -0.333314 0.036207 14.167834 136.0
210 9930.0 0.007339 0.543144 0.0 0.644647 -0.695052 -10.134419 -0.333314 0.036207 14.167834 136.0
211 9930.0 0.004668 0.527213 0.0 0.659003 -0.695052 -10.134419 -0.333314 0.036207 14.167834 136.0
212 9930.0 0.00915 0.544113 0.0 0.644874 -0.695052 -10.134419 -0.333314 0.036207 14.167834 136.0
213 9930.0 0.035979 0.544564 0.0 0.662309 -0.695052 -10.134419 -0.333314 0.036207 14.167834 136.0
214 9930.0 0.004788 0.513023 0.0 0.673456 -0.695052 -10.134419 -0.333314 0.036207 14.167834 136.0
215 9930.0 -0.019759 0.49313 0.0 0.677234 -0.695052 -10.134419 -0.333314 0.036207 14.167834 136.0
216 9930.0 -0.011947 0.501127 0.0 0.674343 -0.695052 -10.134419 -0.333314 0.036207 14.167834 136.0
217 9930.0 -0.023766 0.517365 0.0 0.650015 -0.695052 -10.134419 -0.333314 0.036207 14.167834 136.0
218 9930.0 -0.041434 0.517369 0.0 0.637661 -0.695052 -10.134419 -0.333314 0.036207 14.167834 136.0
219 9930.0 -0.051844 0.537072 0.0 0.607628 -0.695052 -10.134419 -0.333314 0.036207 14.167834 136.0
220 9930.0 -0.073484 0.52707 0.0 0.5997 -0.695052 -10.134419 -0.333314 0.036207 14.167834 136.0
221 9930.0 -0.089257 0.518038 0.0 0.595786 -0.695052 -10.134419 -0.333314 0.036207 14.167834 136.0
222 9930.0 -0.096741 0.495219 0.0 0.613752 -0.695052 -10.134419 -0.333314 0.036207 14.167834 136.0
223 9930.0 -0.104438 0.48817 0.0 0.614667 -0.695052 -10.134419 -0.333314 0.036207 14.167834 136.0
224 9930.0 -0.111717 0.494706 0.0 0.601411 -0.695052 -10.134419 -0.333314 0.036207 14.167834 136.0
225 9930.0 -0.091605 0.488069 0.0 0.62582 -0.695052 -10.134419 -0.333314 0.036207 14.167834 136.0
226 9930.0 -0.087941 0.506554 0.0 0.609201 -0.695052 -10.134419 -0.333314 0.036207 14.167834 136.0
227 9930.0 -0.084816 0.476533 0.0 0.644001 -0.695052 -10.134419 -0.333314 0.036207 14.167834 136.0
228 9930.0 -0.103421 0.467492 0.0 0.637659 -0.695052 -10.134419 -0.333314 0.036207 14.167834 136.0
229 9930.0 -0.077942 0.476028 0.0 0.650458 -0.695052 -10.134419 -0.333314 0.036207 14.167834 136.0
230 9930.0 -0.085648 0.482865 0.0 0.636513 -0.695052 -10.134419 -0.333314 0.036207 14.167834 136.0
231 9930.0 -0.093703 0.455065 0.0 0.659315 -0.695052 -10.134419 -0.333314 0.036207 14.167834 136.0
232 9930.0 -0.054796 0.456467 0.0 0.691003 -0.695052 -10.134419 -0.333314 0.036207 14.167834 136.0
233 9930.0 -0.038919 0.485496 0.0 0.672189 -0.695052 -10.134419 -0.333314 0.036207 14.167834 136.0
234 9930.0 -0.046821 0.511568 0.0 0.63923 -0.695052 -10.134419 -0.333314 0.036207 14.167834 136.0
235 9930.0 -0.060165 0.484246 0.0 0.656968 -0.695052 -10.134419 -0.333314 0.036207 14.167834 136.0
236 9930.0 -0.051191 0.494583 0.0 0.653636 -0.695052 -10.134419 -0.333314 0.036207 14.167834 136.0
237 9930.0 -0.084646 0.496818 0.0 0.622451 -0.695052 -10.134419 -0.333314 0.036207 14.167834 136.0
238 9930.0 -0.07332 0.492322 0.0 0.637009 -0.695052 -10.134419 -0.333314 0.036207 14.167834 136.0
239 9930.0 -0.07072 0.504931 0.0 0.625759 -0.695052 -10.134419 -0.333314 0.036207 14.167834 136.0
240 9930.0 -0.062204 0.497563 0.0 0.64097 -0.695052 -10.134419 -0.333314 0.036207 14.167834 136.0
241 9930.0 -0.058115 0.50429 0.0 0.637294 -0.695052 -10.134419 -0.333314 0.036207 14.167834 136.0
242 9930.0 -0.062397 0.507116 0.0 0.630586 -0.695052 -10.134419 -0.333314 0.036207 14.167834 136.0
243 9930.0 -0.054451 0.523581 0.0 0.619814 -0.695052 -10.134419 -0.333314 0.036207 14.167834 136.0
244 9930.0 -0.064927 0.519185 0.0 0.615499 -0.695052 -10.134419 -0.333314 0.036207 14.167834 136.0
245 9930.0 -0.040089 0.502106 0.0 0.654584 -0.695052 -10.134419 -0.333314 0.036207 14.167834 136.0
246 9930.0 -0.073307 0.508656 0.0 0.619549 -0.695052 -10.134419 -0.333314 0.036207 14.167834 136.0
247 9930.0 -0.061152 0.506934 0.0 0.631852 -0.695052 -10.134419 -0.333314 0.036207 14.167834 136.0
248 9930.0 -0.104837 0.484361 0.0 0.618397 -0.695052 -10.134419 -0.333314 0.036207 14.167834 136.0
249 9930.0 -0.115692 0.478196 0.0 0.615648 -0.695052 -10.134419 -0.333314 0.036207 14.167834 136.0
250 9930.0 -0.084645 0.480356 0.0 0.64006 -0.695052 -10.134419 -0.333314 0.036207 14.167834 136.0
251 9930.0 -0.063825 0.510242 0.0 0.626013 -0.695052 -10.134419 -0.333314 0.036207 14.167834 136.0
252 9930.0 -0.055208 0.475979 0.0 0.670077 -0.695052 -10.134419 -0.333314 0.036207 14.167834 136.0
253 9930.0 -0.062165 0.477216 0.0 0.662767 -0.695052 -10.134419 -0.333314 0.036207 14.167834 136.0
254 9930.0 -0.093668 0.514136 0.0 0.596163 -0.695052 -10.134419 -0.333314 0.036207 14.167834 136.0
255 9930.0 -0.082024 0.531658 0.0 0.587444 -0.695052 -10.134419 -0.333314 0.036207 14.167834 136.0
256 9930.0 -0.085162 0.535065 0.0 0.581099 -0.695052 -10.134419 -0.333314 0.036207 14.167834 136.0
257 9930.0 -0.112545 0.533056 0.0 0.559679 -0.695052 -10.134419 -0.333314 0.036207 14.167834 136.0
258 9930.0 -0.115349 0.551293 0.0 0.53776 -0.695052 -10.134419 -0.333314 0.036207 14.167834 136.0
259 9930.0 -0.129964 0.52244 0.0 0.556041 -0.695052 -10.134419 -0.333314 0.036207 14.167834 136.0
260 9930.0 -0.166526 0.506881 0.0 0.541216 -0.695052 -10.134419 -0.333314 0.036207 14.167834 136.0
261 9930.0 -0.184521 0.496288 0.0 0.537058 -0.695052 -10.134419 -0.333314 0.036207 14.167834 136.0
262 9930.0 -0.209323 0.494424 0.0 0.517653 -0.695052 -10.134419 -0.333314 0.036207 14.167834 136.0
263 9930.0 -0.204001 0.531976 0.0 0.477874 -0.695052 -10.134419 -0.333314 0.036207 14.167834 136.0
264 9930.0 -0.193141 0.521425 0.0 0.501403 -0.695052 -10.134419 -0.333314 0.036207 14.167834 136.0
265 9930.0 -0.210645 0.522619 0.0 0.48247 -0.695052 -10.134419 -0.333314 0.036207 14.167834 136.0
266 9930.0 -0.198401 0.525771 0.0 0.490926 -0.695052 -10.134419 -0.333314 0.036207 14.167834 136.0
267 9930.0 -0.209421 0.522489 0.0 0.48385 -0.695052 -10.134419 -0.333314 0.036207 14.167834 136.0
268 9930.0 -0.233474 0.512615 0.0 0.471662 -0.695052 -10.134419 -0.333314 0.036207 14.167834 136.0
269 9930.0 -0.220489 0.511719 0.0 0.48572 -0.695052 -10.134419 -0.333314 0.036207 14.167834 136.0
270 9930.0 -0.245734 0.499664 0.0 0.474958 -0.695052 -10.134419 -0.333314 0.036207 14.167834 136.0
271 9930.0 -0.265605 0.508957 0.0 0.443932 -0.695052 -10.134419 -0.333314 0.036207 14.167834 136.0
272 9930.0 -0.268844 0.528741 0.0 0.416935 -0.695052 -10.134419 -0.333314 0.036207 14.167834 136.0
273 9930.0 -0.287959 0.517946 0.0 0.41079 -0.695052 -10.134419 -0.333314 0.036207 14.167834 136.0
274 9930.0 -0.296402 0.51661 0.0 0.403954 -0.695052 -10.134419 -0.333314 0.036207 14.167834 136.0
275 9930.0 -0.309735 0.489536 0.0 0.423139 -0.695052 -10.134419 -0.333314 0.036207 14.167834 136.0
276 9930.0 -0.28689 0.502561 0.0 0.430336 -0.695052 -10.134419 -0.333314 0.036207 14.167834 136.0
277 9930.0 -0.278051 0.531071 0.0 0.404933 -0.695052 -10.134419 -0.333314 0.036207 14.167834 136.0
278 9930.0 -0.277094 0.531054 0.0 0.40591 -0.695052 -10.134419 -0.333314 0.036207 14.167834 136.0
279 9930.0 -0.306354 0.559498 0.0 0.342497 -0.695052 -10.134419 -0.333314 0.036207 14.167834 136.0
280 9930.0 -0.299694 0.528243 0.0 0.386692 -0.695052 -10.134419 -0.333314 0.036207 14.167834 136.0
281 9930.0 -0.32109 0.541901 0.0 0.348899 -0.695052 -10.134419 -0.333314 0.036207 14.167834 136.0
282 9930.0 -0.318674 0.549198 0.0 0.34255 -0.695052 -10.134419 -0.333314 0.036207 14.167834 136.0
283 9930.0 -0.336193 0.544091 0.0 0.33117 -0.695052 -10.134419 -0.333314 0.036207 14.167834 136.0
284 9930.0 -0.337112 0.530085 0.0 0.347073 -0.695052 -10.134419 -0.333314 0.036207 14.167834 136.0
285 9930.0 -0.368721 0.545809 0.0 0.296588 -0.695052 -10.134419 -0.333314 0.036207 14.167834 136.0
286 9930.0 -0.378691 0.553413 0.0 0.277489 -0.695052 -10.134419 -0.333314 0.036207 14.167834 136.0
287 9930.0 -0.398573 0.584844 0.0 0.219865 -0.695052 -10.134419 -0.333314 0.036207 14.167834 136.0
