 time p.x p.y p.z deep.node-0 CV opes.bias opes.rct opes.zed opes.neff opes.nker
0 3150.0 -0.684742 0.588718 0.0 -0.070875 -0.883504 -16.200393 -0.217975 0.040362 14.167834 122.0
1 3150.0 -0.696951 0.561336 0.0 -0.050196 -0.883504 -16.200393 -0.217975 0.040362 14.167834 122.0
2 3150.0 -0.688869 0.58377 0.0 -0.06906 -0.883504 -16.200393 -0.217975 0.040362 14.167834 122.0
3 3150.0 -0.7112 0.593568 0.0 -0.10315 -0.883504 -16.200393 -0.217975 0.040362 14.167834 122.0
4 3150.0 -0.703763 0.607707 0.0 -0.112697 -0.883504 -16.200393 -0.217975 0.040362 14.167834 122.0
5 3150.0 -0.713616 0.605511 0.0 -0.119909 -0.883504 -16.200393 -0.217975 0.040362 14.167834 122.0
6 3150.0 -0.718905 0.593706 0.0 -0.11102 -0.883504 -16.200393 -0.217975 0.040362 14.167834 122.0
7 3150.0 -0.710821 0.593163 0.0 -0.102285 -0.883504 -16.200393 -0.217975 0.040362 14.167834 122.0
8 3150.0 -0.722954 0.591106 0.0 -0.111944 -0.883504 -16.200393 -0.217975 0.040362 14.167834 122.0
9 3150.0 -0.716682 0.62762 0.0 -0.14979 -0.883504 -16.200393 -0.217975 0.040362 14.167834 122.0
10 3150.0 -0.707964 0.660008 0.0 -0.181608 -0.883504 -16.200393 -0.217975 0.040362 14.167834 122.0
11 3150.0 -0.731088 0.649225 0.0 -0.191546 -0.883504 -16.200393 -0.217975 0.040362 14.167834 122.0
12 3150.0 -0.739399 0.654396 0.0 -0.204659 -0.883504 -16.200393 -0.217975 0.040362 14.167834 122.0
13 3150.0 -0.737047 0.668609 0.0 -0.217735 -0.883504 -16.200393 -0.217975 0.040362 14.167834 122.0
14 3150.0 -0.729675 0.668803 0.0 -0.211432 -0.883504 -16.200393 -0.217975 0.040362 14.167834 122.0
15 3150.0 -0.729429 0.686093 0.0 -0.229647 -0.883504 -16.200393 -0.217975 0.040362 14.167834 122.0
16 3150.0 -0.746712 0.669378 0.0 -0.227087 -0.883504 -16.200393 -0.217975 0.040362 14.167834 122.0
17 3150.0 -0.769685 0.660829 0.0 -0.238258 -0.883504 -16.200393 -0.217975 0.040362 14.167834 122.0
18 3150.0 -0.791024 0.629643 0.0 -0.223854 -0.883504 -16.200393 -0.217975 0.040362 14.167834 122.0
19 3150.0 -0.798072 0.635089 0.0 -0.235882 -0.883504 -16.200393 -0.217975 0.040362 14.167834 122.0
20 3150.0 -0.804897 0.636514 0.0 -0.243429 -0.883504 -16.200393 -0.217975 0.040362 14.167834 122.0
21 3150.0 -0.82218 0.653017 0.0 -0.276281 -0.883504 -16.200393 -0.217975 0.040362 14.167834 122.0
22 3150.0 -0.820642 0.661866 0.0 -0.284357 -0.883504 -16.200393 -0.217975 0.040362 14.167834 122.0
23 3150.0 -0.825228 0.669358 0.0 -0.296393 -0.883504 -16.200393 -0.217975 0.040362 14.167834 122.0
24 3150.0 -0.835724 0.669569 0.0 -0.305885 -0.883504 -16.200393 -0.217975 0.040362 14.167834 122.0
25 3150.0 -0.852406 0.669859 0.0 -0.320924 -0.883504 -16.200393 -0.217975 0.040362 14.167834 122.0
26 3150.0 -0.844847 0.672723 0.0 -0.317304 -0.883504 -16.200393 -0.217975 0.040362 14.167834 122.0
27 3150.0 -0.856022 0.664394 0.0 -0.318291 -0.883504 -16.200393 -0.217975 0.040362 14.167834 122.0
28 3150.0 -0.872479 0.663618 0.0 -0.331995 -0.883504 -16.200393 -0.217975 0.040362 14.167834 122.0
29 3150.0 -0.871504 0.684147 0.0 -0.353019 -0.883504 -16.200393 -0.217975 0.040362 14.167834 122.0
30 3150.0 -0.8771 0.691718 0.0 -0.368033 -0.883504 -16.200393 -0.217975 0.040362 14.167834 122.0
31 3150.0 -0.883707 0.705087 0.0 -0.392996 -0.883504 -16.200393 -0.217975 0.040362 14.167834 122.0
32 3150.0 -0.856988 0.716065 0.0 -0.382247 -0.883504 -16.200393 -0.217975 0.040362 14.167834 122.0
33 3150.0 -0.876217 0.748948 0.0 -0.446538 -0.883504 -16.200393 -0.217975 0.040362 14.167834 122.0
34 3150.0 -0.880666 0.760414 0.0 -0.466764 -0.883504 -16.200393 -0.217975 0.040362 14.167834 122.0
35 3150.0 -0.866571 0.786302 0.0 -0.488961 -0.883504 -16.200393 -0.217975 0.040362 14.167834 122.0
36 3150.0 -0.882858 0.817604 0.0 -0.549389 -0.883504 -16.200393 -0.217975 0.040362 14.167834 122.0
37 3150.0 -0.908965 0.826994 0.0 -0.58884 -0.883504 -16.200393 -0.217975 0.040362 14.167834 122.0
38 3150.0 -0.925052 0.838773 0.0 -0.622328 -0.883504 -16.200393 -0.217975 0.040362 14.167834 122.0
39 3150.0 -0.94716 0.848097 0.0 -0.657836 -0.883504 -16.200393 -0.217975 0.040362 14.167834 122.0
40 3150.0 -0.944819 0.857576 0.0 -0.670105 -0.883504 -16.200393 -0.217975 0.040362 14.167834 122.0
41 3150.0 -0.930795 0.886289 0.0 -0.697636 -0.883504 -16.200393 -0.217975 0.040362 14.167834 122.0
42 3150.0 -0.946956 0.903212 0.0 -0.734988 -0.883504 -16.200393 -0.217975 0.040362 14.167834 122.0
43 3150.0 -0.957675 0.912299 0.0 -0.756819 -0.883504 -16.200393 -0.217975 0.040362 14.167834 122.0
44 3150.0 -0.956574 0.924169 0.0 -0.772211 -0.883504 -16.200393 -0.217975 0.040362 14.167834 122.0
45 3150.0 -0.936797 0.934361 0.0 -0.769065 -0.883504 -16.200393 -0.217975 0.040362 14.167834 122.0
46 3150.0 -0.937762 0.953258 0.0 -0.792848 -0.883504 -16.200393 -0.217975 0.040362 14.167834 122.0
47 3150.0 -0.951206 0.961785 0.0 -0.8111 -0.883504 -16.200393 -0.217975 0.040362 14.167834 122.0
48 3150.0 -0.930174 0.971407 0.0 -0.805113 -0.883504 -16.200393 -0.217975 0.040362 14.167834 122.0
49 3150.0 -0.948081 1.016286 0.0 -0.862369 -0.883504 -16.200393 -0.217975 0.040362 14.167834 122.0
50 3150.0 -0.923753 1.033934 0.0 -0.86185 -0.883504 -16.200393 -0.217975 0.040362 14.167834 122.0
51 3150.0 -0.884513 1.042975 0.0 -0.841921 -0.883504 -16.200393 -0.217975 0.040362 14.167834 122.0
52 3150.0 -0.880952 1.067704 0.0 -0.86361 -0.883504 -16.200393 -0.217975 0.040362 14.167834 122.0
53 3150.0 -0.847952 1.086264 0.0 -0.857619 -0.883504 -16.200393 -0.217975 0.040362 14.167834 122.0
54 3150.0 -0.871177 1.11141 0.0 -0.899387 -0.883504 -16.200393 -0.217975 0.040362 14.167834 122.0
55 3150.0 -0.877845 1.107236 0.0 -0.900181 -0.883504 -16.200393 -0.217975 0.040362 14.167834 122.0
56 3150.0 -0.883822 1.101327 0.0 -0.898762 -0.883504 -16.200393 -0.217975 0.040362 14.167834 122.0
57 3150.0 -0.865909 1.106751 0.0 -0.89094 -0.883504 -16.200393 -0.217975 0.040362 14.167834 122.0
58 3150.0 -0.868324 1.134428 0.0 -0.919914 -0.883504 -16.200393 -0.217975 0.040362 14.167834 122.0
59 3150.0 -0.854897 1.140816 0.0 -0.916333 -0.883504 -16.200393 -0.217975 0.040362 14.167834 122.0
60 3150.0 -0.877876 1.173553 0.0 -0.96538 -0.883504 -16.200393 -0.217975 0.040362 14.167834 122.0
61 3150.0 -0.878232 1.198738 0.0 -0.990395 -0.883504 -16.200393 -0.217975 0.040362 14.167834 122.0
62 3150.0 -0.862705 1.188592 0.0 -0.969021 -0.883504 -16.200393 -0.217975 0.040362 14.167834 122.0
63 3150.0 -0.835251 1.16784 0.0 -0.928466 -0.883504 -16.200393 -0.217975 0.040362 14.167834 122.0
64 3150.0 -0.835883 1.180169 0.0 -0.941047 -0.883504 -16.200393 -0.217975 0.040362 14.167834 122.0
65 3150.0 -0.827933 1.200192 0.0 -0.954888 -0.883504 -16.200393 -0.217975 0.040362 14.167834 122.0
66 3150.0 -0.80054 1.222112 0.0 -0.956317 -0.883504 -16.200393 -0.217975 0.040362 14.167834 122.0
67 3150.0 -0.787271 1.216985 0.0 -0.941534 -0.883504 -16.200393 -0.217975 0.040362 14.167834 122.0
68 3150.0 -0.771114 1.221281 0.0 -0.933891 -0.883504 -16.200393 -0.217975 0.040362 14.167834 122.0
69 3150.0 -0.758602 1.223307 0.0 -0.926696 -0.883504 -16.200393 -0.217975 0.040362 14.167834 122.0
70 3150.0 -0.747212 1.236742 0.0 -0.931536 -0.883504 -16.200393 -0.217975 0.040362 14.167834 122.0
71 3150.0 -0.707172 1.233054 0.0 -0.898509 -0.883504 -16.200393 -0.217975 0.040362 14.167834 122.0
72 3150.0 -0.71678 1.233468 0.0 -0.905972 -0.883504 -16.200393 -0.217975 0.040362 14.167834 122.0
73 3150.0 -0.722762 1.217061 0.0 -0.894239 -0.883504 -16.200393 -0.217975 0.040362 14.167834 122.0
74 3150.0 -0.745747 1.244239 0.0 -0.937828 -0.883504 -16.200393 -0.217975 0.040362 14.167834 122.0
75 3150.0 -0.752394 1.274237 0.0 -0.964777 -0.883504 -16.200393 -0.217975 0.040362 14.167834 122.0
76 3150.0 -0.745868 1.255687 0.0 -0.948227 -0.883504 -16.200393 -0.217975 0.040362 14.167834 122.0
77 3150.0 -0.742029 1.26495 0.0 -0.95182 -0.883504 -16.200393 -0.217975 0.040362 14.167834 122.0
78 3150.0 -0.740278 1.274869 0.0 -0.957082 -0.883504 -16.200393 -0.217975 0.040362 14.167834 122.0
79 3150.0 -0.750519 1.271658 0.0 -0.96185 -0.883504 -16.200393 -0.217975 0.040362 14.167834 122.0
80 3150.0 -0.762219 1.257018 0.0 -0.959986 -0.883504 -16.200393 -0.217975 0.040362 14.167834 122.0
81 3150.0 -0.764542 1.27564 0.0 -0.973813 -0.883504 -16.200393 -0.217975 0.040362 14.167834 122.0
82 3150.0 -0.73649 1.290705 0.0 -0.964819 -0.883504 -16.200393 -0.217975 0.040362 14.167834 122.0
83 3150.0 -0.74287 1.295898 0.0 -0.972455 -0.883504 -16.200393 -0.217975 0.040362 14.167834 122.0
84 3150.0 -0.729358 1.298402 0.0 -0.965041 -0.883504 -16.200393 -0.217975 0.040362 14.167834 122.0
85 3150.0 -0.735994 1.266168 0.0 -0.948573 -0.883504 -16.200393 -0.217975 0.040362 14.167834 122.0
86 3150.0 -0.717745 1.256902 0.0 -0.929711 -0.883504 -16.200393 -0.217975 0.040362 14.167834 122.0
87 3150.0 -0.708522 1.282362 0.0 -0.940699 -0.883504 -16.200393 -0.217975 0.040362 14.167834 122.0
88 3150.0 -0.708859 1.31172 0.0 -0.959966 -0.883504 -16.200393 -0.217975 0.040362 14.167834 122.0
89 3150.0 -0.720916 1.339034 0.0 -0.985747 -0.883504 -16.200393 -0.217975 0.040362 14.167834 122.0
90 3150.0 -0.700433 1.336664 0.0 -0.970508 -0.883504 -16.200393 -0.217975 0.040362 14.167834 122.0
91 3150.0 -0.69055 1.336507 0.0 -0.963796 -0.883504 -16.200393 -0.217975 0.040362 14.167834 122.0
92 3150.0 -0.689543 1.331458 0.0 -0.959847 -0.883504 -16.200393 -0.217975 0.040362 14.167834 122.0
93 3150.0 -0.67905 1.353622 0.0 -0.967203 -0.883504 -16.200393 -0.217975 0.040362 14.167834 122.0
94 3150.0 -0.652411 1.354479 0.0 -0.950191 -0.883504 -16.200393 -0.217975 0.040362 14.167834 122.0
95 3150.0 -0.630916 1.349471 0.0 -0.932313 -0.883504 -16.200393 -0.217975 0.040362 14.167834 122.0
96 3150.0 -0.634379 1.347253 0.0 -0.933191 -0.883504 -16.200393 -0.217975 0.040362 14.167834 122.0
97 3150.0 -0.628591 1.327371 0.0 -0.916424 -0.883504 -16.200393 -0.217975 0.040362 14.167834 122.0
98 3150.0 -0.647557 1.34783 0.0 -0.94238 -0.883504 -16.200393 -0.217975 0.040362 14.167834 122.0
99 3150.0 -0.652716 1.357914 0.0 -0.953477 -0.883504 -16.200393 -0.217975 0.040362 14.167834 122.0
100 3150.0 -0.662492 1.363595 0.0 -0.96481 -0.883504 -16.200393 -0.217975 0.040362 14.167834 122.0
101 3150.0 -0.655505 1.368103 0.0 -0.964425 -0.883504 -16.200393 -0.217975 0.040362 14.167834 122.0
102 3150.0 -0.612792 1.379964 0.0 -0.947942 -0.883504 -16.200393 -0.217975 0.040362 14.167834 122.0
103 3150.0 -0.601055 1.385802 0.0 -0.945734 -0.883504 -16.200393 -0.217975 0.040362 14.167834 122.0
104 3150.0 -0.601502 1.366423 0.0 -0.928311 -0.883504 -16.200393 -0.217975 0.040362 14.167834 122.0
105 3150.0 -0.581439 1.372782 0.0 -0.920456 -0.883504 -16.200393 -0.217975 0.040362 14.167834 122.0
106 3150.0 -0.577178 1.413996 0.0 -0.950701 -0.883504 -16.200393 -0.217975 0.040362 14.167834 122.0
107 3150.0 -0.605624 1.401854 0.0 -0.960586 -0.883504 -16.200393 -0.217975 0.040362 14.167834 122.0
108 3150.0 -0.624089 1.383056 0.0 -0.95791 -0.883504 -16.200393 -0.217975 0.040362 14.167834 122.0
109 3150.0 -0.620734 1.345374 0.0 -0.922844 -0.883504 -16.200393 -0.217975 0.040362 14.167834 122.0
110 3150.0 -0.59884 1.364293 0.0 -0.924527 -0.883504 -16.200393 -0.217975 0.040362 14.167834 122.0
111 3150.0 -0.58411 1.358659 0.0 -0.90926 -0.883504 -16.200393 -0.217975 0.040362 14.167834 122.0
112 3150.0 -0.606785 1.345684 0.0 -0.913258 -0.883504 -16.200393 -0.217975 0.040362 14.167834 122.0
113 3150.0 -0.61161 1.348012 0.0 -0.918277 -0.883504 -16.200393 -0.217975 0.040362 14.167834 122.0
114 3150.0 -0.617043 1.389932 0.0 -0.95962 -0.883504 -16.200393 -0.217975 0.040362 14.167834 122.0
115 3150.0 -0.622898 1.38202 0.0 -0.95622 -0.883504 -16.200393 -0.217975 0.040362 14.167834 122.0
116 3150.0 -0.627381 1.377127 0.0 -0.954666 -0.883504 -16.200393 -0.217975 0.040362 14.167834 122.0
117 3150.0 -0.618551 1.377212 0.0 -0.949127 -0.883504 -16.200393 -0.217975 0.040362 14.167834 122.0
118 3150.0 -0.634479 1.377305 0.0 -0.959339 -0.883504 -16.200393 -0.217975 0.040362 14.167834 122.0
119 3150.0 -0.634799 1.385437 0.0 -0.966865 -0.883504 -16.200393 -0.217975 0.040362 14.167834 122.0
120 3150.0 -0.641823 1.395571 0.0 -0.97789 -0.883504 -16.200393 -0.217975 0.040362 14.167834 122.0
121 3150.0 -0.616627 1.37573 0.0 -0.946568 -0.883504 -16.200393 -0.217975 0.040362 14.167834 122.0
122 3150.0 -0.635217 1.402577 0.0 -0.978188 -0.883504 -16.200393 -0.217975 0.040362 14.167834 122.0
123 3150.0 -0.584867 1.413942 0.0 -0.9555 -0.883504 -16.200393 -0.217975 0.040362 14.167834 122.0
124 3150.0 -0.572211 1.401563 0.0 -0.940116 -0.883504 -16.200393 -0.217975 0.040362 14.167834 122.0
125 3150.0 -0.571757 1.419352 0.0 -0.950509 -0.883504 -16.200393 -0.217975 0.040362 14.167834 122.0
126 3150.0 -0.551963 1.421446 0.0 -0.936742 -0.883504 -16.200393 -0.217975 0.040362 14.167834 122.0
127 3150.0 -0.562515 1.415217 0.0 -0.942109 -0.883504 -16.200393 -0.217975 0.040362 14.167834 122.0
128 3150.0 -0.544951 1.406329 0.0 -0.925007 -0.883504 -16.200393 -0.217975 0.040362 14.167834 122.0
129 3150.0 -0.545679 1.431824 0.0 -0.934052 -0.883504 -16.200393 -0.217975 0.040362 14.167834 122.0
130 3150.0 -0.519149 1.433795 0.0 -0.911257 -0.883504 -16.200393 -0.217975 0.040362 14.167834 122.0
131 3150.0 -0.516475 1.451154 0.0 -0.911941 -0.883504 -16.200393 -0.217975 0.040362 14.167834 122.0
132 3150.0 -0.532422 1.466464 0.0 -0.928509 -0.883504 -16.200393 -0.217975 0.040362 14.167834 122.0
133 3150.0 -0.543821 1.468127 0.0 -0.93874 -0.883504 -16.200393 -0.217975 0.040362 14.167834 122.0
134 3150.0 -0.553203 1.486088 0.0 -0.95002 -0.883504 -16.200393 -0.217975 0.040362 14.167834 122.0
135 3150.0 -0.531144 1.448858 0.0 -0.924335 -0.883504 -16.200393 -0.217975 0.040362 14.167834 122.0
136 3150.0 -0.533592 1.441356 0.0 -0.925167 -0.883504 -16.200393 -0.217975 0.040362 14.167834 122.0
137 3150.0 -0.550118 1.467211 0.0 -0.944072 -0.883504 -16.200393 -0.217975 0.040362 14.167834 122.0
138 3150.0 -0.544889 1.494211 0.0 -0.944203 -0.883504 -16.200393 -0.217975 0.040362 14.167834 122.0
139 3150.0 -0.52934 1.492305 0.0 -0.930312 -0.883504 -16.200393 -0.217975 0.040362 14.167834 122.0
140 3150.0 -0.534683 1.488309 0.0 -0.934277 -0.883504 -16.200393 -0.217975 0.040362 14.167834 122.0
141 3150.0 -0.513297 1.458615 0.0 -0.910466 -0.883504 -16.200393 -0.217975 0.040362 14.167834 122.0
142 3150.0 -0.502365 1.443967 0.0 -0.898386 -0.883504 -16.200393 -0.217975 0.040362 14.167834 122.0
143 3150.0 -0.506559 1.443506 0.0 -0.901964 -0.883504 -16.200393 -0.217975 0.040362 14.167834 122.0
144 3150.0 -0.514311 1.459347 0.0 -0.911477 -0.883504 -16.200393 -0.217975 0.040362 14.167834 122.0
145 3150.0 -0.506157 1.474225 0.0 -0.906951 -0.883504 -16.200393 -0.217975 0.040362 14.167834 122.0
146 3150.0 -0.497935 1.469829 0.0 -0.899016 -0.883504 -16.200393 -0.217975 0.040362 14.167834 122.0
147 3150.0 -0.517874 1.480579 0.0 -0.918274 -0.883504 -16.200393 -0.217975 0.040362 14.167834 122.0
148 3150.0 -0.509956 1.473451 0.0 -0.910129 -0.883504 -16.200393 -0.217975 0.040362 14.167834 122.0
149 3150.0 -0.499295 1.464799 0.0 -0.899329 -0.883504 -16.200393 -0.217975 0.040362 14.167834 122.0
150 3150.0 -0.469458 1.463695 0.0 -0.873114 -0.883504 -16.200393 -0.217975 0.040362 14.167834 122.0
151 3150.0 -0.500968 1.497667 0.0 -0.906498 -0.883504 -16.200393 -0.217975 0.040362 14.167834 122.0
152 3150.0 -0.509588 1.498292 0.0 -0.914125 -0.883504 -16.200393 -0.217975 0.040362 14.167834 122.0
153 3150.0 -0.510028 1.490953 0.0 -0.913233 -0.883504 -16.200393 -0.217975 0.040362 14.167834 122.0
154 3150.0 -0.535147 1.519365 0.0 -0.940078 -0.883504 -16.200393 -0.217975 0.040362 14.167834 122.0
155 3150.0 -0.516526 1.489094 0.0 -0.918577 -0.883504 -16.200393 -0.217975 0.040362 14.167834 122.0
156 3150.0 -0.515761 1.510545 0.0 -0.921638 -0.883504 -16.200393 -0.217975 0.040362 14.167834 122.0
157 3150.0 -0.509561 1.505946 0.0 -0.915431 -0.883504 -16.200393 -0.217975 0.040362 14.167834 122.0
158 3150.0 -0.496263 1.483233 0.0 -0.899887 -0.883504 -16.200393 -0.217975 0.040362 14.167834 122.0
159 3150.0 -0.490597 1.478644 0.0 -0.894148 -0.883504 -16.200393 -0.217975 0.040362 14.167834 122.0
160 3150.0 -0.478019 1.511988 0.0 -0.888972 -0.883504 -16.200393 -0.217975 0.040362 14.167834 122.0
161 3150.0 -0.469641 1.515566 0.0 -0.882287 -0.883504 -16.200393 -0.217975 0.040362 14.167834 122.0
162 3150.0 -0.47269 1.526231 0.0 -0.886799 -0.883504 -16.200393 -0.217975 0.040362 14.167834 122.0
163 3150.0 -0.478266 1.516149 0.0 -0.889911 -0.883504 -16.200393 -0.217975 0.040362 14.167834 122.0
164 3150.0 -0.46301 1.505252 0.0 -0.874711 -0.883504 -16.200393 -0.217975 0.040362 14.167834 122.0
165 3150.0 -0.457325 1.503569 0.0 -0.869461 -0.883504 -16.200393 -0.217975 0.040362 14.167834 122.0
166 3150.0 -0.466596 1.493381 0.0 -0.875776 -0.883504 -16.200393 -0.217975 0.040362 14.167834 122.0
167 3150.0 -0.472799 1.511423 0.0 -0.884321 -0.883504 -16.200393 -0.217975 0.040362 14.167834 122.0
168 3150.0 -0.480086 1.531711 0.0 -0.894202 -0.883504 -16.200393 -0.217975 0.040362 14.167834 122.0
169 3150.0 -0.472806 1.524648 0.0 -0.886626 -0.883504 -16.200393 -0.217975 0.040362 14.167834 122.0
170 3150.0 -0.471608 1.515743 0.0 -0.884033 -0.883504 -16.200393 -0.217975 0.040362 14.167834 122.0
171 3150.0 -0.474413 1.514481 0.0 -0.88626 -0.883504 -16.200393 -0.217975 0.040362 14.167834 122.0
172 3150.0 -0.491451 1.529843 0.0 -0.903789 -0.883504 -16.200393 -0.217975 0.040362 14.167834 122.0
173 3150.0 -0.468621 1.523213 0.0 -0.882726 -0.883504 -16.200393 -0.217975 0.040362 14.167834 122.0
174 3150.0 -0.475727 1.487839 0.0 -0.882777 -0.883504 -16.200393 -0.217975 0.040362 14.167834 122.0
175 3150.0 -0.459696 1.476493 0.0 -0.866824 -0.883504 -16.200393 -0.217975 0.040362 14.167834 122.0
176 3150.0 -0.483674 1.500216 0.0 -0.891858 -0.883504 -16.200393 -0.217975 0.040362 14.167834 122.0
177 3150.0 -0.531495 1.541049 0.0 -0.940486 -0.883504 -16.200393 -0.217975 0.040362 14.167834 122.0
178 3150.0 -0.491326 1.508759 0.0 -0.900017 -0.883504 -16.200393 -0.217975 0.040362 14.167834 122.0
179 3150.0 -0.488837 1.493377 0.0 -0.895173 -0.883504 -16.200393 -0.217975 0.040362 14.167834 122.0
180 3150.0 -0.494818 1.489531 0.0 -0.899721 -0.883504 -16.200393 -0.217975 0.040362 14.167834 122.0
181 3150.0 -0.498085 1.475019 0.0 -0.900049 -0.883504 -16.200393 -0.217975 0.040362 14.167834 122.0
182 3150.0 -0.513393 1.495706 0.0 -0.916994 -0.883504 -16.200393 -0.217975 0.040362 14.167834 122.0
183 3150.0 -0.502001 1.4911 0.0 -0.906259 -0.883504 -16.200393 -0.217975 0.040362 14.167834 122.0
184 3150.0 -0.495524 1.467693 0.0 -0.896542 -0.883504 -16.200393 -0.217975 0.040362 14.167834 122.0
185 3150.0 -0.520331 1.464584 0.0 -0.917637 -0.883504 -16.200393 -0.217975 0.040362 14.167834 122.0
186 3150.0 -0.513537 1.459287 0.0 -0.910792 -0.883504 -16.200393 -0.217975 0.040362 14.167834 122.0
187 3150.0 -0.510731 1.456823 0.0 -0.907916 -0.883504 -16.200393 -0.217975 0.040362 14.167834 122.0
188 3150.0 -0.531192 1.468137 0.0 -0.927727 -0.883504 -16.200393 -0.217975 0.040362 14.167834 122.0
189 3150.0 -0.525439 1.47762 0.0 -0.924358 -0.883504 -16.200393 -0.217975 0.040362 14.167834 122.0
190 3150.0 -0.535771 1.479816 0.0 -0.93375 -0.883504 -16.200393 -0.217975 0.040362 14.167834 122.0
191 3150.0 -0.53889 1.471227 0.0 -0.934978 -0.883504 -16.200393 -0.217975 0.040362 14.167834 122.0
192 3150.0 -0.505753 1.479046 0.0 -0.907436 -0.883504 -16.200393 -0.217975 0.040362 14.167834 122.0
193 3150.0 -0.502297 1.493907 0.0 -0.907004 -0.883504 -16.200393 -0.217975 0.040362 14.167834 122.0
194 3150.0 -0.49693 1.485316 0.0 -0.90083 -0.883504 -16.200393 -0.217975 0.040362 14.167834 122.0
195 3150.0 -0.510754 1.502869 0.0 -0.915937 -0.883504 -16.200393 -0.217975 0.040362 14.167834 122.0
196 3150.0 -0.50479 1.476949 0.0 -0.906232 -0.883504 -16.200393 -0.217975 0.040362 14.167834 122.0
197 3150.0 -0.5359 1.474691 0.0 -0.932972 -0.883504 -16.200393 -0.217975 0.040362 14.167834 122.0
198 3150.0 -0.512307 1.465393 0.0 -0.91078 -0.883504 -16.200393 -0.217975 0.040362 14.167834 122.0
199 3150.0 -0.547536 1.449338 0.0 -0.938715 -0.883504 -16.200393 -0.217975 0.040362 14.167834 122.0
200 3150.0 -0.533509 1.444084 0.0 -0.925568 -0.883504 -16.200393 -0.217975 0.040362 14.167834 122.0
201 3150.0 -0.524451 1.455967 0.0 -0.919734 -0.883504 -16.200393 -0.217975 0.040362 14.167834 122.0
202 3150.0 -0.517397 1.477696 0.0 -0.917357 -0.883504 -16.200393 -0.217975 0.040362 14.167834 122.0
203 3150.0 -0.527276 1.488608 0.0 -0.927869 -0.883504 -16.200393 -0.217975 0.040362 14.167834 122.0
204 3150.0 -0.522777 1.504488 0.0 -0.926704 -0.883504 -16.200393 -0.217975 0.040362 14.167834 122.0
205 3150.0 -0.507152 1.492918 0.0 -0.911067 -0.883504 -16.200393 -0.217975 0.040362 14.167834 122.0
206 3150.0 -0.538167 1.495451 0.0 -0.938556 -0.883504 -16.200393 -0.217975 0.040362 14.167834 122.0
207 3150.0 -0.513325 1.445258 0.0 -0.908169 -0.883504 -16.200393 -0.217975 0.040362 14.167834 122.0
208 3150.0 -0.517386 1.48015 0.0 -0.917773 -0.883504 -16.200393 -0.217975 0.040362 14.167834 122.0
209 3150.0 -0.509391 1.473839 0.0 -0.909704 -0.883504 -16.200393 -0.217975 0.040362 14.167834 122.0
210 3150.0 -0.537915 1.477494 0.0 -0.935216 -0.883504 -16.200393 -0.217975 0.040362 14.167834 122.0
211 3150.0 -0.534444 1.452881 0.0 -0.927913 -0.883504 -16.200393 -0.217975 0.040362 14.167834 122.0
212 3150.0 -0.518928 1.429044 0.0 -0.910238 -0.883504 -16.200393 -0.217975 0.040362 14.167834 122.0
213 3150.0 -0.540907 1.424081 0.0 -0.928545 -0.883504 -16.200393 -0.217975 0.040362 14.167834 122.0
214 3150.0 -0.554674 1.434214 0.0 -0.942312 -0.883504 -16.200393 -0.217975 0.040362 14.167834 122.0
215 3150.0 -0.559896 1.426562 0.0 -0.944991 -0.883504 -16.200393 -0.217975 0.040362 14.167834 122.0
216 3150.0 -0.533465 1.439105 0.0 -0.924665 -0.883504 -16.200393 -0.217975 0.040362 14.167834 122.0
217 3150.0 -0.567186 1.447253 0.0 -0.95549 -0.883504 -16.200393 -0.217975 0.040362 14.167834 122.0
218 3150.0 -0.562717 1.423987 0.0 -0.946228 -0.883504 -16.200393 -0.217975 0.040362 14.167834 122.0
219 3150.0 -0.577745 1.42945 0.0 -0.960065 -0.883504 -16.200393 -0.217975 0.040362 14.167834 122.0
220 3150.0 -0.575643 1.415133 0.0 -0.950418 -0.883504 -16.200393 -0.217975 0.040362 14.167834 122.0
221 3150.0 -0.560166 1.419758 0.0 -0.942578 -0.883504 -16.200393 -0.217975 0.040362 14.167834 122.0
222 3150.0 -0.567862 1.418488 0.0 -0.947521 -0.883504 -16.200393 -0.217975 0.040362 14.167834 122.0
223 3150.0 -0.611313 1.418491 0.0 -0.973515 -0.883504 -16.200393 -0.217975 0.040362 14.167834 122.0
224 3150.0 -0.616218 1.383243 0.0 -0.953073 -0.883504 -16.200393 -0.217975 0.040362 14.167834 122.0
225 3150.0 -0.6213 1.389058 0.0 -0.961541 -0.883504 -16.200393 -0.217975 0.040362 14.167834 122.0
226 3150.0 -0.627081 1.394286 0.0 -0.968642 -0.883504 -16.200393 -0.217975 0.040362 14.167834 122.0
227 3150.0 -0.592846 1.393279 0.0 -0.947019 -0.883504 -16.200393 -0.217975 0.040362 14.167834 122.0
228 3150.0 -0.571844 1.374818 0.0 -0.915772 -0.883504 -16.200393 -0.217975 0.040362 14.167834 122.0
229 3150.0 -0.597749 1.369263 0.0 -0.928364 -0.883504 -16.200393 -0.217975 0.040362 14.167834 122.0
230 3150.0 -0.603285 1.349431 0.0 -0.913863 -0.883504 -16.200393 -0.217975 0.040362 14.167834 122.0
231 3150.0 -0.606302 1.359422 0.0 -0.925138 -0.883504 -16.200393 -0.217975 0.040362 14.167834 122.0
232 3150.0 -0.626863 1.370327 0.0 -0.948213 -0.883504 -16.200393 -0.217975 0.040362 14.167834 122.0
233 3150.0 -0.64542 1.404373 0.0 -0.985153 -0.883504 -16.200393 -0.217975 0.040362 14.167834 122.0
234 3150.0 -0.643186 1.396752 0.0 -0.979375 -0.883504 -16.200393 -0.217975 0.040362 14.167834 122.0
235 3150.0 -0.631568 1.375852 0.0 -0.95618 -0.883504 -16.200393 -0.217975 0.040362 14.167834 122.0
236 3150.0 -0.624271 1.377967 0.0 -0.953444 -0.883504 -16.200393 -0.217975 0.040362 14.167834 122.0
237 3150.0 -0.622405 1.379315 0.0 -0.953471 -0.883504 -16.200393 -0.217975 0.040362 14.167834 122.0
238 3150.0 -0.619459 1.363508 0.0 -0.937366 -0.883504 -16.200393 -0.217975 0.040362 14.167834 122.0
239 3150.0 -0.650296 1.36459 0.0 -0.957949 -0.883504 -16.200393 -0.217975 0.040362 14.167834 122.0
240 3150.0 -0.650992 1.394209 0.0 -0.982359 -0.883504 -16.200393 -0.217975 0.040362 14.167834 122.0
241 3150.0 -0.58911 1.369583 0.0 -0.922752 -0.883504 -16.200393 -0.217975 0.040362 14.167834 122.0
242 3150.0 -0.582102 1.425619 0.0 -0.960677 -0.883504 -16.200393 -0.217975 0.040362 14.167834 122.0
243 3150.0 -0.586907 1.43559 0.0 -0.968869 -0.883504 -16.200393 -0.217975 0.040362 14.167834 122.0
244 3150.0 -0.576264 1.422875 0.0 -0.955456 -0.883504 -16.200393 -0.217975 0.040362 14.167834 122.0
245 3150.0 -0.561052 1.449586 0.0 -0.950546 -0.883504 -16.200393 -0.217975 0.040362 14.167834 122.0
246 3150.0 -0.553214 1.433535 0.0 -0.940921 -0.883504 -16.200393 -0.217975 0.040362 14.167834 122.0
247 3150.0 -0.546655 1.442978 0.0 -0.936842 -0.883504 -16.200393 -0.217975 0.040362 14.167834 122.0
248 3150.0 -0.545194 1.443072 0.0 -0.935583 -0.883504 -16.200393 -0.217975 0.040362 14.167834 122.0
249 3150.0 -0.539989 1.42103 0.0 -0.927113 -0.883504 -16.200393 -0.217975 0.040362 14.167834 122.0
250 3150.0 -0.531608 1.422463 0.0 -0.920153 -0.883504 -16.200393 -0.217975 0.040362 14.167834 122.0
251 3150.0 -0.54463 1.446118 0.0 -0.935621 -0.883504 -16.200393 -0.217975 0.040362 14.167834 122.0
252 3150.0 -0.542476 1.435541 0.0 -0.931904 -0.883504 -16.200393 -0.217975 0.040362 14.167834 122.0
253 3150.0 -0.513854 1.442718 0.0 -0.908189 -0.883504 -16.200393 -0.217975 0.040362 14.167834 122.0
254 3150.0 -0.537563 1.43948 0.0 -0.928304 -0.883504 -16.200393 -0.217975 0.040362 14.167834 122.0
255 3150.0 -0.548261 1.439602 0.0 -0.937656 -0.883504 -16.200393 -0.217975 0.040362 14.167834 122.0
256 3150.0 -0.567176 1.42622 0.0 -0.950616 -0.883504 -16.200393 -0.217975 0.040362 14.167834 122.0
257 3150.0 -0.570008 1.445786 0.0 -0.957696 -0.883504 -16.200393 -0.217975 0.040362 14.167834 122.0
258 3150.0 -0.5736 1.411659 0.0 -0.947049 -0.883504 -16.200393 -0.217975 0.040362 14.167834 122.0
259 3150.0 -0.577665 1.436495 0.0 -0.962642 -0.883504 -16.200393 -0.217975 0.040362 14.167834 122.0
260 3150.0 -0.559372 1.445723 0.0 -0.948409 -0.883504 -16.200393 -0.217975 0.040362 14.167834 122.0
261 3150.0 -0.546382 1.407343 0.0 -0.926556 -0.883504 -16.200393 -0.217975 0.040362 14.167834 122.0
262 3150.0 -0.527809 1.399659 0.0 -0.906138 -0.883504 -16.200393 -0.217975 0.040362 14.167834 122.0
263 3150.0 -0.538295 1.406588 0.0 -0.919893 -0.883504 -16.200393 -0.217975 0.040362 14.167834 122.0
264 3150.0 -0.520825 1.419693 0.0 -0.910268 -0.883504 -16.200393 -0.217975 0.040362 14.167834 122.0
265 3150.0 -0.521384 1.399264 0.0 -0.900425 -0.883504 -16.200393 -0.217975 0.040362 14.167834 122.0
266 3150.0 -0.552967 1.403476 0.0 -0.928735 -0.883504 -16.200393 -0.217975 0.040362 14.167834 122.0
267 3150.0 -0.568072 1.409293 0.0 -0.942154 -0.883504 -16.200393 -0.217975 0.040362 14.167834 122.0
268 3150.0 -0.578555 1.445803 0.0 -0.964791 -0.883504 -16.200393 -0.217975 0.040362 14.167834 122.0
269 3150.0 -0.581797 1.45327 0.0 -0.9686 -0.883504 -16.200393 -0.217975 0.040362 14.167834 122.0
270 3150.0 -0.577689 1.464083 0.0 -0.966857 -0.883504 -16.200393 -0.217975 0.040362 14.167834 122.0
271 3150.0 -0.544753 1.458015 0.0 -0.937795 -0.883504 -16.200393 -0.217975 0.040362 14.167834 122.0
272 3150.0 -0.531743 1.453268 0.0 -0.925624 -0.883504 -16.200393 -0.217975 0.040362 14.167834 122.0
273 3150.0 -0.546334 1.479286 0.0 -0.94287 -0.883504 -16.200393 -0.217975 0.040362 14.167834 122.0
274 3150.0 -0.548433 1.466224 0.0 -0.942432 -0.883504 -16.200393 -0.217975 0.040362 14.167834 122.0
275 3150.0 -0.566675 1.467738 0.0 -0.958334 -0.883504 -16.200393 -0.217975 0.040362 14.167834 122.0
276 3150.0 -0.556853 1.437498 0.0 -0.944783 -0.883504 -16.200393 -0.217975 0.040362 14.167834 122.0
277 3150.0 -0.531883 1.481344 0.0 -0.930625 -0.883504 -16.200393 -0.217975 0.040362 14.167834 122.0
278 3150.0 -0.5224 1.462277 0.0 -0.919041 -0.883504 -16.200393 -0.217975 0.040362 14.167834 122.0
279 3150.0 -0.525733 1.444747 0.0 -0.918902 -0.883504 -16.200393 -0.217975 0.040362 14.167834 122.0
280 3150.0 -0.523724 1.443606 0.0 -0.916952 -0.883504 -16.200393 -0.217975 0.040362 14.167834 122.0
281 3150.0 -0.502781 1.429726 0.0 -0.896274 -0.883504 -16.200393 -0.217975 0.040362 14.167834 122.0
282 3150.0 -0.526335 1.472039 0.0 -0.924169 -0.883504 -16.200393 -0.217975 0.040362 14.167834 122.0
283 3150.0 -0.543596 1.480445 0.0 -0.940683 -0.883504 -16.200393 -0.217975 0.040362 14.167834 122.0
284 3150.0 -0.539011 1.45565 0.0 -0.932377 -0.883504 -16.200393 -0.217975 0.040362 14.167834 122.0
285 3150.0 -0.551254 1.456234 0.0 -0.943156 -0.883504 -16.200393 -0.217975 0.040362 14.167834 122.0
286 3150.0 -0.556163 1.454045 0.0 -0.947057 -0.883504 -16.200393 -0.217975 0.040362 14.167834 122.0
287 3150.0 -0.564922 1.45222 0.0 -0.954378 -0.883504 -16.200393 -0.217975 0.040362 14.167834 122.0
