 time p.x p.y p.z deep.node-0 CV opes.bias opes.rct opes.zed opes.neff opes.nker
0 2905.0 0.078973 0.494133 0.0 0.742063 -1.679141 -16.366638 -0.209779 0.04138 14.167834 119.0
1 2905.0 0.0841 0.49905 0.0 0.740502 -1.679141 -16.366638 -0.209779 0.04138 14.167834 119.0
2 2905.0 0.089788 0.48809 0.0 0.755396 -1.679141 -16.366638 -0.209779 0.04138 14.167834 119.0
3 2905.0 0.103496 0.493322 0.0 0.759239 -1.679141 -16.366638 -0.209779 0.04138 14.167834 119.0
4 2905.0 0.097405 0.496069 0.0 0.752394 -1.679141 -16.366638 -0.209779 0.04138 14.167834 119.0
5 2905.0 0.106217 0.510729 0.0 0.743422 -1.679141 -16.366638 -0.209779 0.04138 14.167834 119.0
6 2905.0 0.099615 0.509634 0.0 0.740129 -1.679141 -16.366638 -0.209779 0.04138 14.167834 119.0
7 2905.0 0.099443 0.492769 0.0 0.757096 -1.679141 -16.366638 -0.209779 0.04138 14.167834 119.0
8 2905.0 0.081919 0.511728 0.0 0.726206 -1.679141 -16.366638 -0.209779 0.04138 14.167834 119.0
9 2905.0 0.099389 0.517828 0.0 0.731679 -1.679141 -16.366638 -0.209779 0.04138 14.167834 119.0
10 2905.0 0.095002 0.507049 0.0 0.739671 -1.679141 -16.366638 -0.209779 0.04138 14.167834 119.0
11 2905.0 0.100498 0.511107 0.0 0.739225 -1.679141 -16.366638 -0.209779 0.04138 14.167834 119.0
12 2905.0 0.099206 0.496967 0.0 0.752686 -1.679141 -16.366638 -0.209779 0.04138 14.167834 119.0
13 2905.0 0.083289 0.514874 0.0 0.723933 -1.679141 -16.366638 -0.209779 0.04138 14.167834 119.0
14 2905.0 0.082437 0.497812 0.0 0.740647 -1.679141 -16.366638 -0.209779 0.04138 14.167834 119.0
15 2905.0 0.087349 0.495477 0.0 0.746287 -1.679141 -16.366638 -0.209779 0.04138 14.167834 119.0
16 2905.0 0.078362 0.501966 0.0 0.733722 -1.679141 -16.366638 -0.209779 0.04138 14.167834 119.0
17 2905.0 0.082508 0.518191 0.0 0.720052 -1.679141 -16.366638 -0.209779 0.04138 14.167834 119.0
18 2905.0 0.098803 0.510865 0.0 0.73834 -1.679141 -16.366638 -0.209779 0.04138 14.167834 119.0
19 2905.0 0.095183 0.543797 0.0 0.70257 -1.679141 -16.366638 -0.209779 0.04138 14.167834 119.0
20 2905.0 0.100372 0.545198 0.0 0.704611 -1.679141 -16.366638 -0.209779 0.04138 14.167834 119.0
21 2905.0 0.07653 0.541761 0.0 0.692192 -1.679141 -16.366638 -0.209779 0.04138 14.167834 119.0
22 2905.0 0.06857 0.552678 0.0 0.675826 -1.679141 -16.366638 -0.209779 0.04138 14.167834 119.0
23 2905.0 0.045649 0.535634 0.0 0.677804 -1.679141 -16.366638 -0.209779 0.04138 14.167834 119.0
24 2905.0 0.051974 0.535432 0.0 0.682227 -1.679141 -16.366638 -0.209779 0.04138 14.167834 119.0
25 2905.0 0.061208 0.508634 0.0 0.715527 -1.679141 -16.366638 -0.209779 0.04138 14.167834 119.0
26 2905.0 0.071096 0.497078 0.0 0.733827 -1.679141 -16.366638 -0.209779 0.04138 14.167834 119.0
27 2905.0 0.032247 0.485989 0.0 0.719151 -1.679141 -16.366638 -0.209779 0.04138 14.167834 119.0
28 2905.0 0.05621 0.504912 0.0 0.715965 -1.679141 -16.366638 -0.209779 0.04138 14.167834 119.0
29 2905.0 0.027506 0.50235 0.0 0.699417 -1.679141 -16.366638 -0.209779 0.04138 14.167834 119.0
30 2905.0 0.029429 0.482749 0.0 0.720553 -1.679141 -16.366638 -0.209779 0.04138 14.167834 119.0
31 2905.0 0.012596 0.480224 0.0 0.711884 -1.679141 -16.366638 -0.209779 0.04138 14.167834 119.0
32 2905.0 0.035269 0.498695 0.0 0.708296 -1.679141 -16.366638 -0.209779 0.04138 14.167834 119.0
33 2905.0 0.04886 0.494611 0.0 0.721497 -1.679141 -16.366638 -0.209779 0.04138 14.167834 119.0
34 2905.0 0.034804 0.477455 0.0 0.7295 -1.679141 -16.366638 -0.209779 0.04138 14.167834 119.0
35 2905.0 0.026877 0.469538 0.0 0.732232 -1.679141 -16.366638 -0.209779 0.04138 14.167834 119.0
36 2905.0 0.035385 0.468512 0.0 0.738945 -1.679141 -16.366638 -0.209779 0.04138 14.167834 119.0
37 2905.0 0.037594 0.482119 0.0 0.726636 -1.679141 -16.366638 -0.209779 0.04138 14.167834 119.0
38 2905.0 0.038027 0.470995 0.0 0.738192 -1.679141 -16.366638 -0.209779 0.04138 14.167834 119.0
39 2905.0 0.034747 0.483373 0.0 0.723467 -1.679141 -16.366638 -0.209779 0.04138 14.167834 119.0
40 2905.0 0.017565 0.502395 0.0 0.692741 -1.679141 -16.366638 -0.209779 0.04138 14.167834 119.0
41 2905.0 0.01062 0.494812 0.0 0.69579 -1.679141 -16.366638 -0.209779 0.04138 14.167834 119.0
42 2905.0 0.030486 0.463557 0.0 0.740696 -1.679141 -16.366638 -0.209779 0.04138 14.167834 119.0
43 2905.0 0.026625 0.477319 0.0 0.724182 -1.679141 -16.366638 -0.209779 0.04138 14.167834 119.0
44 2905.0 0.029298 0.487743 0.0 0.715406 -1.679141 -16.366638 -0.209779 0.04138 14.167834 119.0
45 2905.0 0.033521 0.493413 0.0 0.71248 -1.679141 -16.366638 -0.209779 0.04138 14.167834 119.0
46 2905.0 0.018215 0.53156 0.0 0.663634 -1.679141 -16.366638 -0.209779 0.04138 14.167834 119.0
47 2905.0 0.030911 0.512455 0.0 0.691453 -1.679141 -16.366638 -0.209779 0.04138 14.167834 119.0
48 2905.0 0.025569 0.500503 0.0 0.699996 -1.679141 -16.366638 -0.209779 0.04138 14.167834 119.0
49 2905.0 0.028123 0.507444 0.0 0.694668 -1.679141 -16.366638 -0.209779 0.04138 14.167834 119.0
50 2905.0 0.063317 0.520222 0.0 0.705197 -1.679141 -16.366638 -0.209779 0.04138 14.167834 119.0
51 2905.0 0.086625 0.514159 0.0 0.726883 -1.679141 -16.366638 -0.209779 0.04138 14.167834 119.0
52 2905.0 0.080951 0.514475 0.0 0.722778 -1.679141 -16.366638 -0.209779 0.04138 14.167834 119.0
53 2905.0 0.074544 0.530367 0.0 0.702409 -1.679141 -16.366638 -0.209779 0.04138 14.167834 119.0
54 2905.0 0.078267 0.515671 0.0 0.719777 -1.679141 -16.366638 -0.209779 0.04138 14.167834 119.0
55 2905.0 0.077531 0.493134 0.0 0.742113 -1.679141 -16.366638 -0.209779 0.04138 14.167834 119.0
56 2905.0 0.078488 0.504117 0.0 0.731627 -1.679141 -16.366638 -0.209779 0.04138 14.167834 119.0
57 2905.0 0.078542 0.508473 0.0 0.727251 -1.679141 -16.366638 -0.209779 0.04138 14.167834 119.0
58 2905.0 0.091532 0.508758 0.0 0.735626 -1.679141 -16.366638 -0.209779 0.04138 14.167834 119.0
59 2905.0 0.074301 0.499682 0.0 0.733327 -1.679141 -16.366638 -0.209779 0.04138 14.167834 119.0
60 2905.0 0.072476 0.515221 0.0 0.71637 -1.679141 -16.366638 -0.209779 0.04138 14.167834 119.0
61 2905.0 0.042761 0.521476 0.0 0.690218 -1.679141 -16.366638 -0.209779 0.04138 14.167834 119.0
62 2905.0 0.050317 0.520478 0.0 0.696267 -1.679141 -16.366638 -0.209779 0.04138 14.167834 119.0
63 2905.0 0.03153 0.546069 0.0 0.657817 -1.679141 -16.366638 -0.209779 0.04138 14.167834 119.0
64 2905.0 0.019476 0.535352 0.0 0.660633 -1.679141 -16.366638 -0.209779 0.04138 14.167834 119.0
65 2905.0 0.022449 0.511254 0.0 0.687025 -1.679141 -16.366638 -0.209779 0.04138 14.167834 119.0
66 2905.0 0.018859 0.500169 0.0 0.695859 -1.679141 -16.366638 -0.209779 0.04138 14.167834 119.0
67 2905.0 0.005639 0.496381 0.0 0.690879 -1.679141 -16.366638 -0.209779 0.04138 14.167834 119.0
68 2905.0 0.021109 0.505141 0.0 0.692324 -1.679141 -16.366638 -0.209779 0.04138 14.167834 119.0
69 2905.0 0.029433 0.510741 0.0 0.692203 -1.679141 -16.366638 -0.209779 0.04138 14.167834 119.0
70 2905.0 0.049875 0.521184 0.0 0.695258 -1.679141 -16.366638 -0.209779 0.04138 14.167834 119.0
71 2905.0 0.056769 0.525341 0.0 0.695646 -1.679141 -16.366638 -0.209779 0.04138 14.167834 119.0
72 2905.0 0.03255 0.525393 0.0 0.67944 -1.679141 -16.366638 -0.209779 0.04138 14.167834 119.0
73 2905.0 0.016823 0.539032 0.0 0.655137 -1.679141 -16.366638 -0.209779 0.04138 14.167834 119.0
74 2905.0 0.049373 0.530498 0.0 0.685489 -1.679141 -16.366638 -0.209779 0.04138 14.167834 119.0
75 2905.0 0.057465 0.525115 0.0 0.696339 -1.679141 -16.366638 -0.209779 0.04138 14.167834 119.0
76 2905.0 0.061714 0.546997 0.0 0.677008 -1.679141 -16.366638 -0.209779 0.04138 14.167834 119.0
77 2905.0 0.067205 0.531452 0.0 0.696415 -1.679141 -16.366638 -0.209779 0.04138 14.167834 119.0
78 2905.0 0.049867 0.542016 0.0 0.674152 -1.679141 -16.366638 -0.209779 0.04138 14.167834 119.0
79 2905.0 0.047315 0.54162 0.0 0.672851 -1.679141 -16.366638 -0.209779 0.04138 14.167834 119.0
80 2905.0 0.053072 0.520349 0.0 0.698235 -1.679141 -16.366638 -0.209779 0.04138 14.167834 119.0
81 2905.0 0.04753 0.516852 0.0 0.698082 -1.679141 -16.366638 -0.209779 0.04138 14.167834 119.0
82 2905.0 0.048948 0.505086 0.0 0.710946 -1.679141 -16.366638 -0.209779 0.04138 14.167834 119.0
83 2905.0 0.04657 0.49792 0.0 0.716617 -1.679141 -16.366638 -0.209779 0.04138 14.167834 119.0
84 2905.0 0.069596 0.478763 0.0 0.751378 -1.679141 -16.366638 -0.209779 0.04138 14.167834 119.0
85 2905.0 0.073642 0.483665 0.0 0.749111 -1.679141 -16.366638 -0.209779 0.04138 14.167834 119.0
86 2905.0 0.061738 0.485504 0.0 0.739308 -1.679141 -16.366638 -0.209779 0.04138 14.167834 119.0
87 2905.0 0.046365 0.508728 0.0 0.705534 -1.679141 -16.366638 -0.209779 0.04138 14.167834 119.0
88 2905.0 0.041685 0.497472 0.0 0.713813 -1.679141 -16.366638 -0.209779 0.04138 14.167834 119.0
89 2905.0 0.061636 0.476163 0.0 0.748702 -1.679141 -16.366638 -0.209779 0.04138 14.167834 119.0
90 2905.0 0.04567 0.481154 0.0 0.732999 -1.679141 -16.366638 -0.209779 0.04138 14.167834 119.0
91 2905.0 0.034494 0.492306 0.0 0.71425 -1.679141 -16.366638 -0.209779 0.04138 14.167834 119.0
92 2905.0 0.032021 0.508121 0.0 0.696583 -1.679141 -16.366638 -0.209779 0.04138 14.167834 119.0
93 2905.0 0.025007 0.528231 0.0 0.671535 -1.679141 -16.366638 -0.209779 0.04138 14.167834 119.0
94 2905.0 0.027539 0.515127 0.0 0.686497 -1.679141 -16.366638 -0.209779 0.04138 14.167834 119.0
95 2905.0 0.038622 0.507487 0.0 0.701627 -1.679141 -16.366638 -0.209779 0.04138 14.167834 119.0
96 2905.0 -0.006802 0.49473 0.0 0.684255 -1.679141 -16.366638 -0.209779 0.04138 14.167834 119.0
97 2905.0 0.004034 0.488438 0.0 0.697855 -1.679141 -16.366638 -0.209779 0.04138 14.167834 119.0
98 2905.0 -0.001875 0.493046 0.0 0.689246 -1.679141 -16.366638 -0.209779 0.04138 14.167834 119.0
99 2905.0 0.008536 0.490251 0.0 0.699021 -1.679141 -16.366638 -0.209779 0.04138 14.167834 119.0
100 2905.0 0.039973 0.511936 0.0 0.698021 -1.679141 -16.366638 -0.209779 0.04138 14.167834 119.0
101 2905.0 0.032833 0.50575 0.0 0.699526 -1.679141 -16.366638 -0.209779 0.04138 14.167834 119.0
102 2905.0 0.010293 0.508248 0.0 0.681963 -1.679141 -16.366638 -0.209779 0.04138 14.167834 119.0
103 2905.0 0.012857 0.500113 0.0 0.691914 -1.679141 -16.366638 -0.209779 0.04138 14.167834 119.0
104 2905.0 0.000601 0.495454 0.0 0.688459 -1.679141 -16.366638 -0.209779 0.04138 14.167834 119.0
105 2905.0 -0.000641 0.50794 0.0 0.674983 -1.679141 -16.366638 -0.209779 0.04138 14.167834 119.0
106 2905.0 -0.009366 0.510183 0.0 0.666893 -1.679141 -16.366638 -0.209779 0.04138 14.167834 119.0
107 2905.0 -0.004263 0.518124 0.0 0.662253 -1.679141 -16.366638 -0.209779 0.04138 14.167834 119.0
108 2905.0 -0.011562 0.524947 0.0 0.650473 -1.679141 -16.366638 -0.209779 0.04138 14.167834 119.0
109 2905.0 -0.002018 0.527723 0.0 0.654027 -1.679141 -16.366638 -0.209779 0.04138 14.167834 119.0
110 2905.0 -0.023368 0.523834 0.0 0.643728 -1.679141 -16.366638 -0.209779 0.04138 14.167834 119.0
111 2905.0 -0.039999 0.532802 0.0 0.622391 -1.679141 -16.366638 -0.209779 0.04138 14.167834 119.0
112 2905.0 -0.034271 0.52772 0.0 0.63252 -1.679141 -16.366638 -0.209779 0.04138 14.167834 119.0
113 2905.0 -0.053227 0.553941 0.0 0.588395 -1.679141 -16.366638 -0.209779 0.04138 14.167834 119.0
114 2905.0 -0.060298 0.561402 0.0 0.574329 -1.679141 -16.366638 -0.209779 0.04138 14.167834 119.0
115 2905.0 -0.066017 0.570262 0.0 0.559931 -1.679141 -16.366638 -0.209779 0.04138 14.167834 119.0
116 2905.0 -0.061113 0.552227 0.0 0.583441 -1.679141 -16.366638 -0.209779 0.04138 14.167834 119.0
117 2905.0 -0.076889 0.518552 0.0 0.605881 -1.679141 -16.366638 -0.209779 0.04138 14.167834 119.0
118 2905.0 -0.070509 0.500991 0.0 0.630156 -1.679141 -16.366638 -0.209779 0.04138 14.167834 119.0
119 2905.0 -0.093039 0.504901 0.0 0.606582 -1.679141 -16.366638 -0.209779 0.04138 14.167834 119.0
120 2905.0 -0.08967 0.521762 0.0 0.591447 -1.679141 -16.366638 -0.209779 0.04138 14.167834 119.0
121 2905.0 -0.084098 0.486517 0.0 0.633941 -1.679141 -16.366638 -0.209779 0.04138 14.167834 119.0
122 2905.0 -0.081452 0.50376 0.0 0.617775 -1.679141 -16.366638 -0.209779 0.04138 14.167834 119.0
123 2905.0 -0.069161 0.49811 0.0 0.634398 -1.679141 -16.366638 -0.209779 0.04138 14.167834 119.0
124 2905.0 -0.070652 0.508226 0.0 0.622294 -1.679141 -16.366638 -0.209779 0.04138 14.167834 119.0
125 2905.0 -0.08306 0.499758 0.0 0.620672 -1.679141 -16.366638 -0.209779 0.04138 14.167834 119.0
126 2905.0 -0.078364 0.5005 0.0 0.62392 -1.679141 -16.366638 -0.209779 0.04138 14.167834 119.0
127 2905.0 -0.07545 0.509626 0.0 0.616667 -1.679141 -16.366638 -0.209779 0.04138 14.167834 119.0
128 2905.0 -0.066563 0.491458 0.0 0.643748 -1.679141 -16.366638 -0.209779 0.04138 14.167834 119.0
129 2905.0 -0.060689 0.505589 0.0 0.633689 -1.679141 -16.366638 -0.209779 0.04138 14.167834 119.0
130 2905.0 -0.05712 0.488502 0.0 0.655037 -1.679141 -16.366638 -0.209779 0.04138 14.167834 119.0
131 2905.0 -0.057366 0.493064 0.0 0.649947 -1.679141 -16.366638 -0.209779 0.04138 14.167834 119.0
132 2905.0 -0.054288 0.484881 0.0 0.661347 -1.679141 -16.366638 -0.209779 0.04138 14.167834 119.0
133 2905.0 -0.088778 0.498552 0.0 0.61704 -1.679141 -16.366638 -0.209779 0.04138 14.167834 119.0
134 2905.0 -0.102332 0.508238 0.0 0.595015 -1.679141 -16.366638 -0.209779 0.04138 14.167834 119.0
135 2905.0 -0.100226 0.520239 0.0 0.583992 -1.679141 -16.366638 -0.209779 0.04138 14.167834 119.0
136 2905.0 -0.085212 0.492134 0.0 0.626974 -1.679141 -16.366638 -0.209779 0.04138 14.167834 119.0
137 2905.0 -0.076652 0.496306 0.0 0.629879 -1.679141 -16.366638 -0.209779 0.04138 14.167834 119.0
138 2905.0 -0.079565 0.478912 0.0 0.645977 -1.679141 -16.366638 -0.209779 0.04138 14.167834 119.0
139 2905.0 -0.098722 0.503797 0.0 0.602871 -1.679141 -16.366638 -0.209779 0.04138 14.167834 119.0
140 2905.0 -0.110459 0.50431 0.0 0.592222 -1.679141 -16.366638 -0.209779 0.04138 14.167834 119.0
141 2905.0 -0.085932 0.515291 0.0 0.601586 -1.679141 -16.366638 -0.209779 0.04138 14.167834 119.0
142 2905.0 -0.068047 0.499591 0.0 0.633772 -1.679141 -16.366638 -0.209779 0.04138 14.167834 119.0
143 2905.0 -0.0785 0.531487 0.0 0.59066 -1.679141 -16.366638 -0.209779 0.04138 14.167834 119.0
144 2905.0 -0.074489 0.544777 0.0 0.579896 -1.679141 -16.366638 -0.209779 0.04138 14.167834 119.0
145 2905.0 -0.074211 0.528292 0.0 0.597769 -1.679141 -16.366638 -0.209779 0.04138 14.167834 119.0
146 2905.0 -0.079158 0.519309 0.0 0.603119 -1.679141 -16.366638 -0.209779 0.04138 14.167834 119.0
147 2905.0 -0.085963 0.501336 0.0 0.616485 -1.679141 -16.366638 -0.209779 0.04138 14.167834 119.0
148 2905.0 -0.08834 0.469462 0.0 0.648531 -1.679141 -16.366638 -0.209779 0.04138 14.167834 119.0
149 2905.0 -0.051573 0.473326 0.0 0.676043 -1.679141 -16.366638 -0.209779 0.04138 14.167834 119.0
150 2905.0 -0.040229 0.483094 0.0 0.673748 -1.679141 -16.366638 -0.209779 0.04138 14.167834 119.0
151 2905.0 -0.054086 0.512988 0.0 0.631458 -1.679141 -16.366638 -0.209779 0.04138 14.167834 119.0
152 2905.0 -0.052864 0.517241 0.0 0.627961 -1.679141 -16.366638 -0.209779 0.04138 14.167834 119.0
153 2905.0 -0.033887 0.52831 0.0 0.632179 -1.679141 -16.366638 -0.209779 0.04138 14.167834 119.0
154 2905.0 -0.04975 0.562541 0.0 0.582189 -1.679141 -16.366638 -0.209779 0.04138 14.167834 119.0
155 2905.0 -0.040034 0.561607 0.0 0.59155 -1.679141 -16.366638 -0.209779 0.04138 14.167834 119.0
156 2905.0 -0.036192 0.558702 0.0 0.597965 -1.679141 -16.366638 -0.209779 0.04138 14.167834 119.0
157 2905.0 -0.034697 0.536378 0.0 0.623129 -1.679141 -16.366638 -0.209779 0.04138 14.167834 119.0
158 2905.0 -0.004998 0.519408 0.0 0.660462 -1.679141 -16.366638 -0.209779 0.04138 14.167834 119.0
159 2905.0 -0.002338 0.505261 0.0 0.676565 -1.679141 -16.366638 -0.209779 0.04138 14.167834 119.0
160 2905.0 0.002562 0.518819 0.0 0.6661 -1.679141 -16.366638 -0.209779 0.04138 14.167834 119.0
161 2905.0 -0.016071 0.523322 0.0 0.649113 -1.679141 -16.366638 -0.209779 0.04138 14.167834 119.0
162 2905.0 -0.003732 0.514792 0.0 0.665982 -1.679141 -16.366638 -0.209779 0.04138 14.167834 119.0
163 2905.0 0.003375 0.529057 0.0 0.656272 -1.679141 -16.366638 -0.209779 0.04138 14.167834 119.0
164 2905.0 -0.000477 0.531862 0.0 0.650862 -1.679141 -16.366638 -0.209779 0.04138 14.167834 119.0
165 2905.0 0.005587 0.509954 0.0 0.677097 -1.679141 -16.366638 -0.209779 0.04138 14.167834 119.0
166 2905.0 0.007225 0.501905 0.0 0.686342 -1.679141 -16.366638 -0.209779 0.04138 14.167834 119.0
167 2905.0 0.009531 0.510847 0.0 0.678823 -1.679141 -16.366638 -0.209779 0.04138 14.167834 119.0
168 2905.0 0.004744 0.521707 0.0 0.66463 -1.679141 -16.366638 -0.209779 0.04138 14.167834 119.0
169 2905.0 -0.007254 0.527375 0.0 0.650887 -1.679141 -16.366638 -0.209779 0.04138 14.167834 119.0
170 2905.0 -0.020068 0.515561 0.0 0.654309 -1.679141 -16.366638 -0.209779 0.04138 14.167834 119.0
171 2905.0 -0.028608 0.513595 0.0 0.650605 -1.679141 -16.366638 -0.209779 0.04138 14.167834 119.0
172 2905.0 -0.031166 0.526407 0.0 0.635921 -1.679141 -16.366638 -0.209779 0.04138 14.167834 119.0
173 2905.0 -0.050306 0.531161 0.0 0.615274 -1.679141 -16.366638 -0.209779 0.04138 14.167834 119.0
174 2905.0 -0.006753 0.51738 0.0 0.661345 -1.679141 -16.366638 -0.209779 0.04138 14.167834 119.0
175 2905.0 -0.027594 0.504539 0.0 0.660453 -1.679141 -16.366638 -0.209779 0.04138 14.167834 119.0
176 2905.0 -0.023448 0.49958 0.0 0.668241 -1.679141 -16.366638 -0.209779 0.04138 14.167834 119.0
177 2905.0 -0.03664 0.521534 0.0 0.637207 -1.679141 -16.366638 -0.209779 0.04138 14.167834 119.0
178 2905.0 -0.072399 0.508022 0.0 0.621009 -1.679141 -16.366638 -0.209779 0.04138 14.167834 119.0
179 2905.0 -0.113338 0.525046 0.0 0.567564 -1.679141 -16.366638 -0.209779 0.04138 14.167834 119.0
180 2905.0 -0.123919 0.548757 0.0 0.533097 -1.679141 -16.366638 -0.209779 0.04138 14.167834 119.0
181 2905.0 -0.131292 0.520004 0.0 0.557505 -1.679141 -16.366638 -0.209779 0.04138 14.167834 119.0
182 2905.0 -0.105025 0.548967 0.0 0.549133 -1.679141 -16.366638 -0.209779 0.04138 14.167834 119.0
183 2905.0 -0.102929 0.544559 0.0 0.555652 -1.679141 -16.366638 -0.209779 0.04138 14.167834 119.0
184 2905.0 -0.100857 0.524132 0.0 0.579284 -1.679141 -16.366638 -0.209779 0.04138 14.167834 119.0
185 2905.0 -0.116917 0.549021 0.0 0.53884 -1.679141 -16.366638 -0.209779 0.04138 14.167834 119.0
186 2905.0 -0.133398 0.557979 0.0 0.515074 -1.679141 -16.366638 -0.209779 0.04138 14.167834 119.0
187 2905.0 -0.145472 0.562322 0.0 0.499943 -1.679141 -16.366638 -0.209779 0.04138 14.167834 119.0
188 2905.0 -0.15858 0.542989 0.0 0.509434 -1.679141 -16.366638 -0.209779 0.04138 14.167834 119.0
189 2905.0 -0.151182 0.551152 0.0 0.50707 -1.679141 -16.366638 -0.209779 0.04138 14.167834 119.0
190 2905.0 -0.132635 0.54003 0.0 0.53493 -1.679141 -16.366638 -0.209779 0.04138 14.167834 119.0
191 2905.0 -0.141228 0.544603 0.0 0.522642 -1.679141 -16.366638 -0.209779 0.04138 14.167834 119.0
192 2905.0 -0.150586 0.55733 0.0 0.500825 -1.679141 -16.366638 -0.209779 0.04138 14.167834 119.0
193 2905.0 -0.152659 0.54631 0.0 0.510978 -1.679141 -16.366638 -0.209779 0.04138 14.167834 119.0
194 2905.0 -0.180818 0.544934 0.0 0.485489 -1.679141 -16.366638 -0.209779 0.04138 14.167834 119.0
195 2905.0 -0.197239 0.549027 0.0 0.464157 -1.679141 -16.366638 -0.209779 0.04138 14.167834 119.0
196 2905.0 -0.224824 0.540002 0.0 0.447419 -1.679141 -16.366638 -0.209779 0.04138 14.167834 119.0
197 2905.0 -0.264738 0.531842 0.0 0.417315 -1.679141 -16.366638 -0.209779 0.04138 14.167834 119.0
198 2905.0 -0.268811 0.526633 0.0 0.4195 -1.679141 -16.366638 -0.209779 0.04138 14.167834 119.0
199 2905.0 -0.285814 0.522746 0.0 0.407169 -1.679141 -16.366638 -0.209779 0.04138 14.167834 119.0
200 2905.0 -0.283116 0.505753 0.0 0.430275 -1.679141 -16.366638 -0.209779 0.04138 14.167834 119.0
201 2905.0 -0.290885 0.484449 0.0 0.448093 -1.679141 -16.366638 -0.209779 0.04138 14.167834 119.0
202 2905.0 -0.312541 0.505104 0.0 0.401638 -1.679141 -16.366638 -0.209779 0.04138 14.167834 119.0
203 2905.0 -0.316536 0.481603 0.0 0.425868 -1.679141 -16.366638 -0.209779 0.04138 14.167834 119.0
204 2905.0 -0.346932 0.498228 0.0 0.375514 -1.679141 -16.366638 -0.209779 0.04138 14.167834 119.0
205 2905.0 -0.368734 0.508199 0.0 0.341744 -1.679141 -16.366638 -0.209779 0.04138 14.167834 119.0
206 2905.0 -0.377451 0.49111 0.0 0.353552 -1.679141 -16.366638 -0.209779 0.04138 14.167834 119.0
207 2905.0 -0.380565 0.497438 0.0 0.34284 -1.679141 -16.366638 -0.209779 0.04138 14.167834 119.0
208 2905.0 -0.384414 0.509682 0.0 0.324287 -1.679141 -16.366638 -0.209779 0.04138 14.167834 119.0
209 2905.0 -0.39518 0.50166 0.0 0.323159 -1.679141 -16.366638 -0.209779 0.04138 14.167834 119.0
210 2905.0 -0.398475 0.510208 0.0 0.309598 -1.679141 -16.366638 -0.209779 0.04138 14.167834 119.0
211 2905.0 -0.403064 0.490926 0.0 0.328167 -1.679141 -16.366638 -0.209779 0.04138 14.167834 119.0
212 2905.0 -0.413414 0.479447 0.0 0.331606 -1.679141 -16.366638 -0.209779 0.04138 14.167834 119.0
213 2905.0 -0.431738 0.482076 0.0 0.31013 -1.679141 -16.366638 -0.209779 0.04138 14.167834 119.0
214 2905.0 -0.405033 0.493901 0.0 0.322626 -1.679141 -16.366638 -0.209779 0.04138 14.167834 119.0
215 2905.0 -0.423785 0.514401 0.0 0.279259 -1.679141 -16.366638 -0.209779 0.04138 14.167834 119.0
216 2905.0 -0.442568 0.528317 0.0 0.24377 -1.679141 -16.366638 -0.209779 0.04138 14.167834 119.0
217 2905.0 -0.464081 0.514132 0.0 0.239298 -1.679141 -16.366638 -0.209779 0.04138 14.167834 119.0
218 2905.0 -0.478867 0.531849 0.0 0.203238 -1.679141 -16.366638 -0.209779 0.04138 14.167834 119.0
219 2905.0 -0.485636 0.520127 0.0 0.210549 -1.679141 -16.366638 -0.209779 0.04138 14.167834 119.0
220 2905.0 -0.491238 0.540898 0.0 0.180005 -1.679141 -16.366638 -0.209779 0.04138 14.167834 119.0
221 2905.0 -0.509612 0.535199 0.0 0.168479 -1.679141 -16.366638 -0.209779 0.04138 14.167834 119.0
222 2905.0 -0.533107 0.506502 0.0 0.179456 -1.679141 -16.366638 -0.209779 0.04138 14.167834 119.0
223 2905.0 -0.536861 0.532285 0.0 0.144738 -1.679141 -16.366638 -0.209779 0.04138 14.167834 119.0
224 2905.0 -0.543661 0.526099 0.0 0.145369 -1.679141 -16.366638 -0.209779 0.04138 14.167834 119.0
225 2905.0 -0.520479 0.526612 0.0 0.167929 -1.679141 -16.366638 -0.209779 0.04138 14.167834 119.0
226 2905.0 -0.53544 0.539258 0.0 0.137784 -1.679141 -16.366638 -0.209779 0.04138 14.167834 119.0
227 2905.0 -0.559076 0.535884 0.0 0.118207 -1.679141 -16.366638 -0.209779 0.04138 14.167834 119.0
228 2905.0 -0.557224 0.535394 0.0 0.120647 -1.679141 -16.366638 -0.209779 0.04138 14.167834 119.0
229 2905.0 -0.575915 0.531017 0.0 0.107218 -1.679141 -16.366638 -0.209779 0.04138 14.167834 119.0
230 2905.0 -0.587258 0.538583 0.0 0.08679 -1.679141 -16.366638 -0.209779 0.04138 14.167834 119.0
231 2905.0 -0.624386 0.545694 0.0 0.041133 -1.679141 -16.366638 -0.209779 0.04138 14.167834 119.0
232 2905.0 -0.651228 0.553936 0.0 0.004401 -1.679141 -16.366638 -0.209779 0.04138 14.167834 119.0
233 2905.0 -0.636183 0.538891 0.0 0.037511 -1.679141 -16.366638 -0.209779 0.04138 14.167834 119.0
234 2905.0 -0.65728 0.556914 0.0 -0.005226 -1.679141 -16.366638 -0.209779 0.04138 14.167834 119.0
235 2905.0 -0.661117 0.555926 0.0 -0.007875 -1.679141 -16.366638 -0.209779 0.04138 14.167834 119.0
236 2905.0 -0.66352 0.54861 0.0 -0.001491 -1.679141 -16.366638 -0.209779 0.04138 14.167834 119.0
237 2905.0 -0.668245 0.560992 0.0 -0.021085 -1.679141 -16.366638 -0.209779 0.04138 14.167834 119.0
238 2905.0 -0.689168 0.555272 0.0 -0.035133 -1.679141 -16.366638 -0.209779 0.04138 14.167834 119.0
239 2905.0 -0.736161 0.546825 0.0 -0.071968 -1.679141 -16.366638 -0.209779 0.04138 14.167834 119.0
240 2905.0 -0.740309 0.55629 0.0 -0.087482 -1.679141 -16.366638 -0.209779 0.04138 14.167834 119.0
241 2905.0 -0.746239 0.564287 0.0 -0.103014 -1.679141 -16.366638 -0.209779 0.04138 14.167834 119.0
242 2905.0 -0.745848 0.572 0.0 -0.111887 -1.679141 -16.366638 -0.209779 0.04138 14.167834 119.0
243 2905.0 -0.745159 0.550241 0.0 -0.085066 -1.679141 -16.366638 -0.209779 0.04138 14.167834 119.0
244 2905.0 -0.762015 0.570954 0.0 -0.126793 -1.679141 -16.366638 -0.209779 0.04138 14.167834 119.0
245 2905.0 -0.774298 0.576259 0.0 -0.145443 -1.679141 -16.366638 -0.209779 0.04138 14.167834 119.0
246 2905.0 -0.787338 0.564615 0.0 -0.144495 -1.679141 -16.366638 -0.209779 0.04138 14.167834 119.0
247 2905.0 -0.793971 0.578352 0.0 -0.167625 -1.679141 -16.366638 -0.209779 0.04138 14.167834 119.0
248 2905.0 -0.783114 0.588041 0.0 -0.168407 -1.679141 -16.366638 -0.209779 0.04138 14.167834 119.0
249 2905.0 -0.801375 0.593865 0.0 -0.193657 -1.679141 -16.366638 -0.209779 0.04138 14.167834 119.0
250 2905.0 -0.802443 0.60387 0.0 -0.20646 -1.679141 -16.366638 -0.209779 0.04138 14.167834 119.0
251 2905.0 -0.79868 0.605813 0.0 -0.20521 -1.679141 -16.366638 -0.209779 0.04138 14.167834 119.0
252 2905.0 -0.799687 0.62705 0.0 -0.228739 -1.679141 -16.366638 -0.209779 0.04138 14.167834 119.0
253 2905.0 -0.825824 0.655191 0.0 -0.281816 -1.679141 -16.366638 -0.209779 0.04138 14.167834 119.0
254 2905.0 -0.829614 0.675457 0.0 -0.306767 -1.679141 -16.366638 -0.209779 0.04138 14.167834 119.0
255 2905.0 -0.823512 0.687141 0.0 -0.313834 -1.679141 -16.366638 -0.209779 0.04138 14.167834 119.0
256 2905.0 -0.815579 0.688981 0.0 -0.308792 -1.679141 -16.366638 -0.209779 0.04138 14.167834 119.0
257 2905.0 -0.831622 0.703171 0.0 -0.339708 -1.679141 -16.366638 -0.209779 0.04138 14.167834 119.0
258 2905.0 -0.809055 0.725825 0.0 -0.349185 -1.679141 -16.366638 -0.209779 0.04138 14.167834 119.0
259 2905.0 -0.823983 0.751827 0.0 -0.399754 -1.679141 -16.366638 -0.209779 0.04138 14.167834 119.0
260 2905.0 -0.863702 0.749069 0.0 -0.43454 -1.679141 -16.366638 -0.209779 0.04138 14.167834 119.0
261 2905.0 -0.871378 0.785192 0.0 -0.492039 -1.679141 -16.366638 -0.209779 0.04138 14.167834 119.0
262 2905.0 -0.874777 0.798148 0.0 -0.512866 -1.679141 -16.366638 -0.209779 0.04138 14.167834 119.0
263 2905.0 -0.893505 0.792937 0.0 -0.523063 -1.679141 -16.366638 -0.209779 0.04138 14.167834 119.0
264 2905.0 -0.906074 0.794252 0.0 -0.536476 -1.679141 -16.366638 -0.209779 0.04138 14.167834 119.0
265 2905.0 -0.940352 0.823639 0.0 -0.61384 -1.679141 -16.366638 -0.209779 0.04138 14.167834 119.0
266 2905.0 -0.967892 0.852428 0.0 -0.683231 -1.679141 -16.366638 -0.209779 0.04138 14.167834 119.0
267 2905.0 -0.977919 0.888682 0.0 -0.741879 -1.679141 -16.366638 -0.209779 0.04138 14.167834 119.0
268 2905.0 -0.969927 0.893077 0.0 -0.740989 -1.679141 -16.366638 -0.209779 0.04138 14.167834 119.0
269 2905.0 -0.973548 0.910072 0.0 -0.767544 -1.679141 -16.366638 -0.209779 0.04138 14.167834 119.0
270 2905.0 -0.961654 0.922231 0.0 -0.773956 -1.679141 -16.366638 -0.209779 0.04138 14.167834 119.0
271 2905.0 -0.959552 0.95319 0.0 -0.808781 -1.679141 -16.366638 -0.209779 0.04138 14.167834 119.0
272 2905.0 -0.950013 0.97459 0.0 -0.822808 -1.679141 -16.366638 -0.209779 0.04138 14.167834 119.0
273 2905.0 -0.940623 0.965502 0.0 -0.806983 -1.679141 -16.366638 -0.209779 0.04138 14.167834 119.0
274 2905.0 -0.95811 0.979312 0.0 -0.833396 -1.679141 -16.366638 -0.209779 0.04138 14.167834 119.0
275 2905.0 -0.953228 0.973244 0.0 -0.823847 -1.679141 -16.366638 -0.209779 0.04138 14.167834 119.0
276 2905.0 -0.947102 1.002571 0.0 -0.848171 -1.679141 -16.366638 -0.209779 0.04138 14.167834 119.0
277 2905.0 -0.943159 1.026219 0.0 -0.868517 -1.679141 -16.366638 -0.209779 0.04138 14.167834 119.0
278 2905.0 -0.931651 1.042806 0.0 -0.876369 -1.679141 -16.366638 -0.209779 0.04138 14.167834 119.0
279 2905.0 -0.938743 1.042447 0.0 -0.881223 -1.679141 -16.366638 -0.209779 0.04138 14.167834 119.0
280 2905.0 -0.910223 1.03986 0.0 -0.857739 -1.679141 -16.366638 -0.209779 0.04138 14.167834 119.0
281 2905.0 -0.898766 1.051343 0.0 -0.860611 -1.679141 -16.366638 -0.209779 0.04138 14.167834 119.0
282 2905.0 -0.89078 1.066255 0.0 -0.869402 -1.679141 -16.366638 -0.209779 0.04138 14.167834 119.0
283 2905.0 -0.899585 1.07593 0.0 -0.885377 -1.679141 -16.366638 -0.209779 0.04138 14.167834 119.0
284 2905.0 -0.913781 1.097119 0.0 -0.916626 -1.679141 -16.366638 -0.209779 0.04138 14.167834 119.0
285 2905.0 -0.895918 1.112633 0.0 -0.918757 -1.679141 -16.366638 -0.209779 0.04138 14.167834 119.0
286 2905.0 -0.868791 1.135151 0.0 -0.920968 -1.679141 -16.366638 -0.209779 0.04138 14.167834 119.0
287 2905.0 -0.864436 1.154797 0.0 -0.937078 -1.679141 -16.366638 -0.209779 0.04138 14.167834 119.0
