 time p.x p.y p.z deep.node-0 CV opes.bias opes.rct opes.zed opes.neff opes.nker
0 1465.0 0.527872 0.480512 0.0 1.071226 -0.713275 -16.064546 -0.140464 0.045594 14.167834 108.0
1 1465.0 0.518073 0.474761 0.0 1.069003 -0.713275 -16.064546 -0.140464 0.045594 14.167834 108.0
2 1465.0 0.527222 0.484738 0.0 1.066858 -0.713275 -16.064546 -0.140464 0.045594 14.167834 108.0
3 1465.0 0.533053 0.468216 0.0 1.086452 -0.713275 -16.064546 -0.140464 0.045594 14.167834 108.0
4 1465.0 0.524243 0.468299 0.0 1.07964 -0.713275 -16.064546 -0.140464 0.045594 14.167834 108.0
5 1465.0 0.511548 0.49085 0.0 1.049276 -0.713275 -16.064546 -0.140464 0.045594 14.167834 108.0
6 1465.0 0.549051 0.507771 0.0 1.062446 -0.713275 -16.064546 -0.140464 0.045594 14.167834 108.0
7 1465.0 0.560193 0.51403 0.0 1.06523 -0.713275 -16.064546 -0.140464 0.045594 14.167834 108.0
8 1465.0 0.548092 0.515535 0.0 1.0546 -0.713275 -16.064546 -0.140464 0.045594 14.167834 108.0
9 1465.0 0.574206 0.508485 0.0 1.081023 -0.713275 -16.064546 -0.140464 0.045594 14.167834 108.0
10 1465.0 0.562142 0.533753 0.0 1.048652 -0.713275 -16.064546 -0.140464 0.045594 14.167834 108.0
11 1465.0 0.573726 0.547243 0.0 1.045148 -0.713275 -16.064546 -0.140464 0.045594 14.167834 108.0
12 1465.0 0.579062 0.563346 0.0 1.034476 -0.713275 -16.064546 -0.140464 0.045594 14.167834 108.0
13 1465.0 0.564005 0.564569 0.0 1.021843 -0.713275 -16.064546 -0.140464 0.045594 14.167834 108.0
14 1465.0 0.555252 0.555457 0.0 1.0235 -0.713275 -16.064546 -0.140464 0.045594 14.167834 108.0
15 1465.0 0.572204 0.563376 0.0 1.029206 -0.713275 -16.064546 -0.140464 0.045594 14.167834 108.0
16 1465.0 0.553685 0.551938 0.0 1.025525 -0.713275 -16.064546 -0.140464 0.045594 14.167834 108.0
17 1465.0 0.572645 0.548918 0.0 1.042788 -0.713275 -16.064546 -0.140464 0.045594 14.167834 108.0
18 1465.0 0.550805 0.560256 0.0 1.015703 -0.713275 -16.064546 -0.140464 0.045594 14.167834 108.0
19 1465.0 0.558665 0.568346 0.0 1.014301 -0.713275 -16.064546 -0.140464 0.045594 14.167834 108.0
20 1465.0 0.553808 0.553171 0.0 1.02449 -0.713275 -16.064546 -0.140464 0.045594 14.167834 108.0
21 1465.0 0.553652 0.540322 0.0 1.036142 -0.713275 -16.064546 -0.140464 0.045594 14.167834 108.0
22 1465.0 0.530451 0.563647 0.0 0.997036 -0.713275 -16.064546 -0.140464 0.045594 14.167834 108.0
23 1465.0 0.528713 0.567851 0.0 0.991856 -0.713275 -16.064546 -0.140464 0.045594 14.167834 108.0
24 1465.0 0.490736 0.54645 0.0 0.982427 -0.713275 -16.064546 -0.140464 0.045594 14.167834 108.0
25 1465.0 0.494616 0.542369 0.0 0.989133 -0.713275 -16.064546 -0.140464 0.045594 14.167834 108.0
26 1465.0 0.486141 0.552365 0.0 0.973495 -0.713275 -16.064546 -0.140464 0.045594 14.167834 108.0
27 1465.0 0.454323 0.549356 0.0 0.951926 -0.713275 -16.064546 -0.140464 0.045594 14.167834 108.0
28 1465.0 0.459669 0.555265 0.0 0.9506 -0.713275 -16.064546 -0.140464 0.045594 14.167834 108.0
29 1465.0 0.456886 0.559224 0.0 0.944845 -0.713275 -16.064546 -0.140464 0.045594 14.167834 108.0
30 1465.0 0.445007 0.555519 0.0 0.939158 -0.713275 -16.064546 -0.140464 0.045594 14.167834 108.0
31 1465.0 0.420351 0.579012 0.0 0.898785 -0.713275 -16.064546 -0.140464 0.045594 14.167834 108.0
32 1465.0 0.449963 0.567953 0.0 0.931555 -0.713275 -16.064546 -0.140464 0.045594 14.167834 108.0
33 1465.0 0.462801 0.561212 0.0 0.947546 -0.713275 -16.064546 -0.140464 0.045594 14.167834 108.0
34 1465.0 0.460046 0.578384 0.0 0.929708 -0.713275 -16.064546 -0.140464 0.045594 14.167834 108.0
35 1465.0 0.431173 0.583878 0.0 0.9026 -0.713275 -16.064546 -0.140464 0.045594 14.167834 108.0
36 1465.0 0.425591 0.57866 0.0 0.903114 -0.713275 -16.064546 -0.140464 0.045594 14.167834 108.0
37 1465.0 0.430701 0.559989 0.0 0.924125 -0.713275 -16.064546 -0.140464 0.045594 14.167834 108.0
38 1465.0 0.433069 0.563349 0.0 0.922857 -0.713275 -16.064546 -0.140464 0.045594 14.167834 108.0
39 1465.0 0.442893 0.550709 0.0 0.941948 -0.713275 -16.064546 -0.140464 0.045594 14.167834 108.0
40 1465.0 0.442533 0.560353 0.0 0.932838 -0.713275 -16.064546 -0.140464 0.045594 14.167834 108.0
41 1465.0 0.430022 0.559295 0.0 0.924242 -0.713275 -16.064546 -0.140464 0.045594 14.167834 108.0
42 1465.0 0.435127 0.564226 0.0 0.923628 -0.713275 -16.064546 -0.140464 0.045594 14.167834 108.0
43 1465.0 0.422968 0.564955 0.0 0.913663 -0.713275 -16.064546 -0.140464 0.045594 14.167834 108.0
44 1465.0 0.433788 0.568558 0.0 0.918634 -0.713275 -16.064546 -0.140464 0.045594 14.167834 108.0
45 1465.0 0.417503 0.572711 0.0 0.90238 -0.713275 -16.064546 -0.140464 0.045594 14.167834 108.0
46 1465.0 0.428679 0.55073 0.0 0.931062 -0.713275 -16.064546 -0.140464 0.045594 14.167834 108.0
47 1465.0 0.441192 0.534527 0.0 0.955472 -0.713275 -16.064546 -0.140464 0.045594 14.167834 108.0
48 1465.0 0.454477 0.529226 0.0 0.970486 -0.713275 -16.064546 -0.140464 0.045594 14.167834 108.0
49 1465.0 0.4264 0.516739 0.0 0.96046 -0.713275 -16.064546 -0.140464 0.045594 14.167834 108.0
50 1465.0 0.415574 0.510288 0.0 0.958093 -0.713275 -16.064546 -0.140464 0.045594 14.167834 108.0
51 1465.0 0.407744 0.534052 0.0 0.930335 -0.713275 -16.064546 -0.140464 0.045594 14.167834 108.0
52 1465.0 0.414329 0.541648 0.0 0.928411 -0.713275 -16.064546 -0.140464 0.045594 14.167834 108.0
53 1465.0 0.381436 0.532413 0.0 0.911724 -0.713275 -16.064546 -0.140464 0.045594 14.167834 108.0
54 1465.0 0.353291 0.556839 0.0 0.867829 -0.713275 -16.064546 -0.140464 0.045594 14.167834 108.0
55 1465.0 0.337921 0.55968 0.0 0.853475 -0.713275 -16.064546 -0.140464 0.045594 14.167834 108.0
56 1465.0 0.330411 0.544059 0.0 0.862679 -0.713275 -16.064546 -0.140464 0.045594 14.167834 108.0
57 1465.0 0.313601 0.527607 0.0 0.86693 -0.713275 -16.064546 -0.140464 0.045594 14.167834 108.0
58 1465.0 0.297275 0.503816 0.0 0.878703 -0.713275 -16.064546 -0.140464 0.045594 14.167834 108.0
59 1465.0 0.277672 0.50253 0.0 0.866151 -0.713275 -16.064546 -0.140464 0.045594 14.167834 108.0
60 1465.0 0.260385 0.49722 0.0 0.85992 -0.713275 -16.064546 -0.140464 0.045594 14.167834 108.0
61 1465.0 0.253417 0.518793 0.0 0.833423 -0.713275 -16.064546 -0.140464 0.045594 14.167834 108.0
62 1465.0 0.276958 0.506254 0.0 0.862006 -0.713275 -16.064546 -0.140464 0.045594 14.167834 108.0
63 1465.0 0.26283 0.492263 0.0 0.866572 -0.713275 -16.064546 -0.140464 0.045594 14.167834 108.0
64 1465.0 0.280313 0.489683 0.0 0.880844 -0.713275 -16.064546 -0.140464 0.045594 14.167834 108.0
65 1465.0 0.254341 0.491713 0.0 0.861468 -0.713275 -16.064546 -0.140464 0.045594 14.167834 108.0
66 1465.0 0.239968 0.481747 0.0 0.861977 -0.713275 -16.064546 -0.140464 0.045594 14.167834 108.0
67 1465.0 0.214948 0.480929 0.0 0.846119 -0.713275 -16.064546 -0.140464 0.045594 14.167834 108.0
68 1465.0 0.20166 0.50721 0.0 0.810638 -0.713275 -16.064546 -0.140464 0.045594 14.167834 108.0
69 1465.0 0.214004 0.51434 0.0 0.811648 -0.713275 -16.064546 -0.140464 0.045594 14.167834 108.0
70 1465.0 0.224331 0.509494 0.0 0.823444 -0.713275 -16.064546 -0.140464 0.045594 14.167834 108.0
71 1465.0 0.189377 0.514314 0.0 0.79525 -0.713275 -16.064546 -0.140464 0.045594 14.167834 108.0
72 1465.0 0.203115 0.506171 0.0 0.812661 -0.713275 -16.064546 -0.140464 0.045594 14.167834 108.0
73 1465.0 0.191555 0.507597 0.0 0.803507 -0.713275 -16.064546 -0.140464 0.045594 14.167834 108.0
74 1465.0 0.186949 0.518396 0.0 0.789497 -0.713275 -16.064546 -0.140464 0.045594 14.167834 108.0
75 1465.0 0.186959 0.547916 0.0 0.759603 -0.713275 -16.064546 -0.140464 0.045594 14.167834 108.0
76 1465.0 0.180714 0.54164 0.0 0.761796 -0.713275 -16.064546 -0.140464 0.045594 14.167834 108.0
77 1465.0 0.173214 0.53851 0.0 0.759964 -0.713275 -16.064546 -0.140464 0.045594 14.167834 108.0
78 1465.0 0.157451 0.504244 0.0 0.784159 -0.713275 -16.064546 -0.140464 0.045594 14.167834 108.0
79 1465.0 0.160968 0.535472 0.0 0.754874 -0.713275 -16.064546 -0.140464 0.045594 14.167834 108.0
80 1465.0 0.171704 0.511469 0.0 0.786347 -0.713275 -16.064546 -0.140464 0.045594 14.167834 108.0
81 1465.0 0.168608 0.515243 0.0 0.780459 -0.713275 -16.064546 -0.140464 0.045594 14.167834 108.0
82 1465.0 0.179652 0.50025 0.0 0.80301 -0.713275 -16.064546 -0.140464 0.045594 14.167834 108.0
83 1465.0 0.165993 0.523094 0.0 0.770762 -0.713275 -16.064546 -0.140464 0.045594 14.167834 108.0
84 1465.0 0.176645 0.556371 0.0 0.744161 -0.713275 -16.064546 -0.140464 0.045594 14.167834 108.0
85 1465.0 0.155634 0.556671 0.0 0.729845 -0.713275 -16.064546 -0.140464 0.045594 14.167834 108.0
86 1465.0 0.110705 0.534647 0.0 0.72219 -0.713275 -16.064546 -0.140464 0.045594 14.167834 108.0
87 1465.0 0.11409 0.498879 0.0 0.760675 -0.713275 -16.064546 -0.140464 0.045594 14.167834 108.0
88 1465.0 0.104834 0.49253 0.0 0.760934 -0.713275 -16.064546 -0.140464 0.045594 14.167834 108.0
89 1465.0 0.117208 0.51214 0.0 0.749323 -0.713275 -16.064546 -0.140464 0.045594 14.167834 108.0
90 1465.0 0.132351 0.521095 0.0 0.750351 -0.713275 -16.064546 -0.140464 0.045594 14.167834 108.0
91 1465.0 0.122749 0.520343 0.0 0.74471 -0.713275 -16.064546 -0.140464 0.045594 14.167834 108.0
92 1465.0 0.11111 0.539351 0.0 0.717695 -0.713275 -16.064546 -0.140464 0.045594 14.167834 108.0
93 1465.0 0.103852 0.541173 0.0 0.711009 -0.713275 -16.064546 -0.140464 0.045594 14.167834 108.0
94 1465.0 0.092075 0.536072 0.0 0.708322 -0.713275 -16.064546 -0.140464 0.045594 14.167834 108.0
95 1465.0 0.103394 0.533291 0.0 0.718687 -0.713275 -16.064546 -0.140464 0.045594 14.167834 108.0
96 1465.0 0.113736 0.527024 0.0 0.731932 -0.713275 -16.064546 -0.140464 0.045594 14.167834 108.0
97 1465.0 0.104993 0.528244 0.0 0.724866 -0.713275 -16.064546 -0.140464 0.045594 14.167834 108.0
98 1465.0 0.091988 0.523971 0.0 0.72052 -0.713275 -16.064546 -0.140464 0.045594 14.167834 108.0
99 1465.0 0.104255 0.518192 0.0 0.734554 -0.713275 -16.064546 -0.140464 0.045594 14.167834 108.0
100 1465.0 0.068132 0.498507 0.0 0.730402 -0.713275 -16.064546 -0.140464 0.045594 14.167834 108.0
101 1465.0 0.042175 0.510839 0.0 0.700601 -0.713275 -16.064546 -0.140464 0.045594 14.167834 108.0
102 1465.0 0.027063 0.507822 0.0 0.693578 -0.713275 -16.064546 -0.140464 0.045594 14.167834 108.0
103 1465.0 0.036441 0.490351 0.0 0.71753 -0.713275 -16.064546 -0.140464 0.045594 14.167834 108.0
104 1465.0 0.055396 0.50625 0.0 0.714067 -0.713275 -16.064546 -0.140464 0.045594 14.167834 108.0
105 1465.0 0.046333 0.515709 0.0 0.698441 -0.713275 -16.064546 -0.140464 0.045594 14.167834 108.0
106 1465.0 0.036308 0.5114 0.0 0.696121 -0.713275 -16.064546 -0.140464 0.045594 14.167834 108.0
107 1465.0 0.022801 0.548 0.0 0.650041 -0.713275 -16.064546 -0.140464 0.045594 14.167834 108.0
108 1465.0 0.023943 0.538356 0.0 0.66057 -0.713275 -16.064546 -0.140464 0.045594 14.167834 108.0
109 1465.0 0.019597 0.507885 0.0 0.688536 -0.713275 -16.064546 -0.140464 0.045594 14.167834 108.0
110 1465.0 0.011165 0.494706 0.0 0.696261 -0.713275 -16.064546 -0.140464 0.045594 14.167834 108.0
111 1465.0 -0.001936 0.49504 0.0 0.687186 -0.713275 -16.064546 -0.140464 0.045594 14.167834 108.0
112 1465.0 0.015265 0.479566 0.0 0.714331 -0.713275 -16.064546 -0.140464 0.045594 14.167834 108.0
113 1465.0 0.019224 0.472677 0.0 0.723949 -0.713275 -16.064546 -0.140464 0.045594 14.167834 108.0
114 1465.0 0.03564 0.491049 0.0 0.716287 -0.713275 -16.064546 -0.140464 0.045594 14.167834 108.0
115 1465.0 0.033226 0.489217 0.0 0.716533 -0.713275 -16.064546 -0.140464 0.045594 14.167834 108.0
116 1465.0 0.027527 0.472956 0.0 0.729203 -0.713275 -16.064546 -0.140464 0.045594 14.167834 108.0
117 1465.0 0.024974 0.476054 0.0 0.724363 -0.713275 -16.064546 -0.140464 0.045594 14.167834 108.0
118 1465.0 0.047626 0.467346 0.0 0.74829 -0.713275 -16.064546 -0.140464 0.045594 14.167834 108.0
119 1465.0 0.056992 0.497272 0.0 0.724224 -0.713275 -16.064546 -0.140464 0.045594 14.167834 108.0
120 1465.0 0.025903 0.485085 0.0 0.715834 -0.713275 -16.064546 -0.140464 0.045594 14.167834 108.0
121 1465.0 0.0255 0.516107 0.0 0.684144 -0.713275 -16.064546 -0.140464 0.045594 14.167834 108.0
122 1465.0 0.037111 0.516961 0.0 0.691023 -0.713275 -16.064546 -0.140464 0.045594 14.167834 108.0
123 1465.0 0.034771 0.508419 0.0 0.698114 -0.713275 -16.064546 -0.140464 0.045594 14.167834 108.0
124 1465.0 0.006186 0.507249 0.0 0.680236 -0.713275 -16.064546 -0.140464 0.045594 14.167834 108.0
125 1465.0 0.010503 0.498093 0.0 0.692389 -0.713275 -16.064546 -0.140464 0.045594 14.167834 108.0
126 1465.0 -0.004677 0.492426 0.0 0.688005 -0.713275 -16.064546 -0.140464 0.045594 14.167834 108.0
127 1465.0 0.004714 0.495304 0.0 0.691354 -0.713275 -16.064546 -0.140464 0.045594 14.167834 108.0
128 1465.0 -0.01066 0.506323 0.0 0.66994 -0.713275 -16.064546 -0.140464 0.045594 14.167834 108.0
129 1465.0 0.006693 0.522837 0.0 0.664786 -0.713275 -16.064546 -0.140464 0.045594 14.167834 108.0
130 1465.0 0.010323 0.53115 0.0 0.658786 -0.713275 -16.064546 -0.140464 0.045594 14.167834 108.0
131 1465.0 0.002558 0.549721 0.0 0.634798 -0.713275 -16.064546 -0.140464 0.045594 14.167834 108.0
132 1465.0 -0.003328 0.521526 0.0 0.65943 -0.713275 -16.064546 -0.140464 0.045594 14.167834 108.0
133 1465.0 -0.013613 0.515518 0.0 0.658656 -0.713275 -16.064546 -0.140464 0.045594 14.167834 108.0
134 1465.0 -0.01271 0.482356 0.0 0.692847 -0.713275 -16.064546 -0.140464 0.045594 14.167834 108.0
135 1465.0 -0.030439 0.485612 0.0 0.677727 -0.713275 -16.064546 -0.140464 0.045594 14.167834 108.0
136 1465.0 -0.02986 0.507009 0.0 0.65644 -0.713275 -16.064546 -0.140464 0.045594 14.167834 108.0
137 1465.0 -0.010226 0.500843 0.0 0.675779 -0.713275 -16.064546 -0.140464 0.045594 14.167834 108.0
138 1465.0 -0.033594 0.505391 0.0 0.655588 -0.713275 -16.064546 -0.140464 0.045594 14.167834 108.0
139 1465.0 -0.04533 0.505554 0.0 0.646945 -0.713275 -16.064546 -0.140464 0.045594 14.167834 108.0
140 1465.0 -0.060385 0.50554 0.0 0.634004 -0.713275 -16.064546 -0.140464 0.045594 14.167834 108.0
141 1465.0 -0.040068 0.543263 0.0 0.611142 -0.713275 -16.064546 -0.140464 0.045594 14.167834 108.0
142 1465.0 -0.048204 0.537893 0.0 0.609883 -0.713275 -16.064546 -0.140464 0.045594 14.167834 108.0
143 1465.0 -0.030142 0.549174 0.0 0.613363 -0.713275 -16.064546 -0.140464 0.045594 14.167834 108.0
144 1465.0 -0.015215 0.540553 0.0 0.632231 -0.713275 -16.064546 -0.140464 0.045594 14.167834 108.0
145 1465.0 -0.036796 0.528347 0.0 0.629912 -0.713275 -16.064546 -0.140464 0.045594 14.167834 108.0
146 1465.0 -0.031507 0.548366 0.0 0.613052 -0.713275 -16.064546 -0.140464 0.045594 14.167834 108.0
147 1465.0 -0.079267 0.539816 0.0 0.581091 -0.713275 -16.064546 -0.140464 0.045594 14.167834 108.0
148 1465.0 -0.102862 0.519239 0.0 0.582792 -0.713275 -16.064546 -0.140464 0.045594 14.167834 108.0
149 1465.0 -0.055611 0.536943 0.0 0.604524 -0.713275 -16.064546 -0.140464 0.045594 14.167834 108.0
150 1465.0 -0.043278 0.537861 0.0 0.614157 -0.713275 -16.064546 -0.140464 0.045594 14.167834 108.0
151 1465.0 -0.040051 0.563735 0.0 0.58926 -0.713275 -16.064546 -0.140464 0.045594 14.167834 108.0
152 1465.0 -0.053969 0.573956 0.0 0.566348 -0.713275 -16.064546 -0.140464 0.045594 14.167834 108.0
153 1465.0 -0.04618 0.590465 0.0 0.555394 -0.713275 -16.064546 -0.140464 0.045594 14.167834 108.0
154 1465.0 -0.063367 0.587593 0.0 0.543674 -0.713275 -16.064546 -0.140464 0.045594 14.167834 108.0
155 1465.0 -0.059196 0.560211 0.0 0.576551 -0.713275 -16.064546 -0.140464 0.045594 14.167834 108.0
156 1465.0 -0.045725 0.533598 0.0 0.61661 -0.713275 -16.064546 -0.140464 0.045594 14.167834 108.0
157 1465.0 -0.053907 0.560515 0.0 0.580778 -0.713275 -16.064546 -0.140464 0.045594 14.167834 108.0
158 1465.0 -0.032346 0.549905 0.0 0.610683 -0.713275 -16.064546 -0.140464 0.045594 14.167834 108.0
159 1465.0 -0.017095 0.53447 0.0 0.637139 -0.713275 -16.064546 -0.140464 0.045594 14.167834 108.0
160 1465.0 -0.033685 0.504648 0.0 0.65628 -0.713275 -16.064546 -0.140464 0.045594 14.167834 108.0
161 1465.0 -0.052134 0.509407 0.0 0.63697 -0.713275 -16.064546 -0.140464 0.045594 14.167834 108.0
162 1465.0 -0.040076 0.523656 0.0 0.632106 -0.713275 -16.064546 -0.140464 0.045594 14.167834 108.0
163 1465.0 -0.036073 0.508773 0.0 0.65051 -0.713275 -16.064546 -0.140464 0.045594 14.167834 108.0
164 1465.0 -0.044599 0.512713 0.0 0.639918 -0.713275 -16.064546 -0.140464 0.045594 14.167834 108.0
165 1465.0 -0.033988 0.52426 0.0 0.636213 -0.713275 -16.064546 -0.140464 0.045594 14.167834 108.0
166 1465.0 -0.001029 0.515071 0.0 0.667502 -0.713275 -16.064546 -0.140464 0.045594 14.167834 108.0
167 1465.0 0.001973 0.51723 0.0 0.667317 -0.713275 -16.064546 -0.140464 0.045594 14.167834 108.0
168 1465.0 0.003205 0.503193 0.0 0.682356 -0.713275 -16.064546 -0.140464 0.045594 14.167834 108.0
169 1465.0 0.016924 0.531309 0.0 0.663028 -0.713275 -16.064546 -0.140464 0.045594 14.167834 108.0
170 1465.0 0.021203 0.526081 0.0 0.671177 -0.713275 -16.064546 -0.140464 0.045594 14.167834 108.0
171 1465.0 0.020783 0.526505 0.0 0.670467 -0.713275 -16.064546 -0.140464 0.045594 14.167834 108.0
172 1465.0 0.020368 0.529504 0.0 0.667153 -0.713275 -16.064546 -0.140464 0.045594 14.167834 108.0
173 1465.0 0.02821 0.534107 0.0 0.667719 -0.713275 -16.064546 -0.140464 0.045594 14.167834 108.0
174 1465.0 0.018834 0.496488 0.0 0.699571 -0.713275 -16.064546 -0.140464 0.045594 14.167834 108.0
175 1465.0 0.019435 0.4999 0.0 0.696516 -0.713275 -16.064546 -0.140464 0.045594 14.167834 108.0
176 1465.0 0.016326 0.503279 0.0 0.69102 -0.713275 -16.064546 -0.140464 0.045594 14.167834 108.0
177 1465.0 0.035561 0.531418 0.0 0.675346 -0.713275 -16.064546 -0.140464 0.045594 14.167834 108.0
178 1465.0 0.038155 0.528567 0.0 0.679963 -0.713275 -16.064546 -0.140464 0.045594 14.167834 108.0
179 1465.0 0.062482 0.532009 0.0 0.692701 -0.713275 -16.064546 -0.140464 0.045594 14.167834 108.0
180 1465.0 0.028866 0.507666 0.0 0.694939 -0.713275 -16.064546 -0.140464 0.045594 14.167834 108.0
181 1465.0 0.007924 0.497656 0.0 0.691112 -0.713275 -16.064546 -0.140464 0.045594 14.167834 108.0
182 1465.0 0.022015 0.537742 0.0 0.659907 -0.713275 -16.064546 -0.140464 0.045594 14.167834 108.0
183 1465.0 0.017065 0.519263 0.0 0.675322 -0.713275 -16.064546 -0.140464 0.045594 14.167834 108.0
184 1465.0 0.004066 0.499567 0.0 0.686603 -0.713275 -16.064546 -0.140464 0.045594 14.167834 108.0
185 1465.0 0.006287 0.489352 0.0 0.698432 -0.713275 -16.064546 -0.140464 0.045594 14.167834 108.0
186 1465.0 0.003541 0.517498 0.0 0.668091 -0.713275 -16.064546 -0.140464 0.045594 14.167834 108.0
187 1465.0 0.002365 0.497945 0.0 0.687111 -0.713275 -16.064546 -0.140464 0.045594 14.167834 108.0
188 1465.0 0.005711 0.471305 0.0 0.716327 -0.713275 -16.064546 -0.140464 0.045594 14.167834 108.0
189 1465.0 -0.000573 0.511764 0.0 0.671156 -0.713275 -16.064546 -0.140464 0.045594 14.167834 108.0
190 1465.0 -0.003455 0.498906 0.0 0.682258 -0.713275 -16.064546 -0.140464 0.045594 14.167834 108.0
191 1465.0 0.039011 0.520284 0.0 0.688925 -0.713275 -16.064546 -0.140464 0.045594 14.167834 108.0
192 1465.0 0.033204 0.490247 0.0 0.715476 -0.713275 -16.064546 -0.140464 0.045594 14.167834 108.0
193 1465.0 0.009353 0.525061 0.0 0.664306 -0.713275 -16.064546 -0.140464 0.045594 14.167834 108.0
194 1465.0 0.03388 0.517443 0.0 0.68838 -0.713275 -16.064546 -0.140464 0.045594 14.167834 108.0
195 1465.0 0.046279 0.528564 0.0 0.685385 -0.713275 -16.064546 -0.140464 0.045594 14.167834 108.0
196 1465.0 0.034791 0.500046 0.0 0.706608 -0.713275 -16.064546 -0.140464 0.045594 14.167834 108.0
197 1465.0 0.024661 0.508534 0.0 0.691255 -0.713275 -16.064546 -0.140464 0.045594 14.167834 108.0
198 1465.0 0.037208 0.51023 0.0 0.697906 -0.713275 -16.064546 -0.140464 0.045594 14.167834 108.0
199 1465.0 0.037521 0.501004 0.0 0.70746 -0.713275 -16.064546 -0.140464 0.045594 14.167834 108.0
200 1465.0 0.008625 0.49758 0.0 0.691657 -0.713275 -16.064546 -0.140464 0.045594 14.167834 108.0
201 1465.0 -0.001687 0.473027 0.0 0.709649 -0.713275 -16.064546 -0.140464 0.045594 14.167834 108.0
202 1465.0 -0.016329 0.477135 0.0 0.695723 -0.713275 -16.064546 -0.140464 0.045594 14.167834 108.0
203 1465.0 -0.025763 0.479581 0.0 0.686953 -0.713275 -16.064546 -0.140464 0.045594 14.167834 108.0
204 1465.0 0.002141 0.467702 0.0 0.717595 -0.713275 -16.064546 -0.140464 0.045594 14.167834 108.0
205 1465.0 -0.004578 0.490327 0.0 0.690198 -0.713275 -16.064546 -0.140464 0.045594 14.167834 108.0
206 1465.0 0.025413 0.497083 0.0 0.703356 -0.713275 -16.064546 -0.140464 0.045594 14.167834 108.0
207 1465.0 0.011613 0.519897 0.0 0.671045 -0.713275 -16.064546 -0.140464 0.045594 14.167834 108.0
208 1465.0 0.013243 0.501633 0.0 0.690631 -0.713275 -16.064546 -0.140464 0.045594 14.167834 108.0
209 1465.0 0.016723 0.47064 0.0 0.724344 -0.713275 -16.064546 -0.140464 0.045594 14.167834 108.0
210 1465.0 0.019257 0.474333 0.0 0.722293 -0.713275 -16.064546 -0.140464 0.045594 14.167834 108.0
211 1465.0 0.026126 0.474575 0.0 0.726629 -0.713275 -16.064546 -0.140464 0.045594 14.167834 108.0
212 1465.0 -0.000359 0.459551 0.0 0.724184 -0.713275 -16.064546 -0.140464 0.045594 14.167834 108.0
213 1465.0 -0.002831 0.478114 0.0 0.703733 -0.713275 -16.064546 -0.140464 0.045594 14.167834 108.0
214 1465.0 0.005116 0.482956 0.0 0.704129 -0.713275 -16.064546 -0.140464 0.045594 14.167834 108.0
215 1465.0 -0.001109 0.474127 0.0 0.70892 -0.713275 -16.064546 -0.140464 0.045594 14.167834 108.0
216 1465.0 0.003578 0.492563 0.0 0.693372 -0.713275 -16.064546 -0.140464 0.045594 14.167834 108.0
217 1465.0 0.022085 0.478638 0.0 0.719818 -0.713275 -16.064546 -0.140464 0.045594 14.167834 108.0
218 1465.0 0.034162 0.484596 0.0 0.721838 -0.713275 -16.064546 -0.140464 0.045594 14.167834 108.0
219 1465.0 0.047603 0.485744 0.0 0.72964 -0.713275 -16.064546 -0.140464 0.045594 14.167834 108.0
220 1465.0 0.031213 0.458828 0.0 0.745971 -0.713275 -16.064546 -0.140464 0.045594 14.167834 108.0
221 1465.0 0.036328 0.476085 0.0 0.731903 -0.713275 -16.064546 -0.140464 0.045594 14.167834 108.0
222 1465.0 0.048182 0.505549 0.0 0.709966 -0.713275 -16.064546 -0.140464 0.045594 14.167834 108.0
223 1465.0 0.049291 0.530122 0.0 0.685815 -0.713275 -16.064546 -0.140464 0.045594 14.167834 108.0
224 1465.0 0.042671 0.527574 0.0 0.683982 -0.713275 -16.064546 -0.140464 0.045594 14.167834 108.0
225 1465.0 0.044458 0.517969 0.0 0.694902 -0.713275 -16.064546 -0.140464 0.045594 14.167834 108.0
226 1465.0 0.034521 0.496635 0.0 0.709884 -0.713275 -16.064546 -0.140464 0.045594 14.167834 108.0
227 1465.0 0.040618 0.505165 0.0 0.70531 -0.713275 -16.064546 -0.140464 0.045594 14.167834 108.0
228 1465.0 0.021408 0.506565 0.0 0.69108 -0.713275 -16.064546 -0.140464 0.045594 14.167834 108.0
229 1465.0 0.017549 0.51807 0.0 0.676854 -0.713275 -16.064546 -0.140464 0.045594 14.167834 108.0
230 1465.0 -0.025611 0.509383 0.0 0.656869 -0.713275 -16.064546 -0.140464 0.045594 14.167834 108.0
231 1465.0 -0.004738 0.512143 0.0 0.667994 -0.713275 -16.064546 -0.140464 0.045594 14.167834 108.0
232 1465.0 -0.02434 0.511491 0.0 0.655582 -0.713275 -16.064546 -0.140464 0.045594 14.167834 108.0
233 1465.0 -0.00729 0.518211 0.0 0.660145 -0.713275 -16.064546 -0.140464 0.045594 14.167834 108.0
234 1465.0 0.002286 0.511139 0.0 0.673696 -0.713275 -16.064546 -0.140464 0.045594 14.167834 108.0
235 1465.0 -0.013891 0.503405 0.0 0.67074 -0.713275 -16.064546 -0.140464 0.045594 14.167834 108.0
236 1465.0 -0.008456 0.496497 0.0 0.681362 -0.713275 -16.064546 -0.140464 0.045594 14.167834 108.0
237 1465.0 -0.01341 0.504724 0.0 0.669725 -0.713275 -16.064546 -0.140464 0.045594 14.167834 108.0
238 1465.0 -0.006531 0.510415 0.0 0.668549 -0.713275 -16.064546 -0.140464 0.045594 14.167834 108.0
239 1465.0 -0.019977 0.507849 0.0 0.662181 -0.713275 -16.064546 -0.140464 0.045594 14.167834 108.0
240 1465.0 -0.049192 0.527915 0.0 0.619705 -0.713275 -16.064546 -0.140464 0.045594 14.167834 108.0
241 1465.0 -0.052102 0.510819 0.0 0.635486 -0.713275 -16.064546 -0.140464 0.045594 14.167834 108.0
242 1465.0 -0.067425 0.4802 0.0 0.655047 -0.713275 -16.064546 -0.140464 0.045594 14.167834 108.0
243 1465.0 -0.095154 0.4613 0.0 0.651396 -0.713275 -16.064546 -0.140464 0.045594 14.167834 108.0
244 1465.0 -0.075374 0.482613 0.0 0.645625 -0.713275 -16.064546 -0.140464 0.045594 14.167834 108.0
245 1465.0 -0.061131 0.485378 0.0 0.654926 -0.713275 -16.064546 -0.140464 0.045594 14.167834 108.0
246 1465.0 -0.082758 0.481541 0.0 0.640416 -0.713275 -16.064546 -0.140464 0.045594 14.167834 108.0
247 1465.0 -0.098037 0.476684 0.0 0.63246 -0.713275 -16.064546 -0.140464 0.045594 14.167834 108.0
248 1465.0 -0.088072 0.454596 0.0 0.664662 -0.713275 -16.064546 -0.140464 0.045594 14.167834 108.0
249 1465.0 -0.07662 0.486549 0.0 0.640342 -0.713275 -16.064546 -0.140464 0.045594 14.167834 108.0
250 1465.0 -0.104936 0.503454 0.0 0.597891 -0.713275 -16.064546 -0.140464 0.045594 14.167834 108.0
251 1465.0 -0.116589 0.511282 0.0 0.579488 -0.713275 -16.064546 -0.140464 0.045594 14.167834 108.0
252 1465.0 -0.110326 0.529407 0.0 0.565491 -0.713275 -16.064546 -0.140464 0.045594 14.167834 108.0
253 1465.0 -0.126927 0.521005 0.0 0.560191 -0.713275 -16.064546 -0.140464 0.045594 14.167834 108.0
254 1465.0 -0.166885 0.505664 0.0 0.542207 -0.713275 -16.064546 -0.140464 0.045594 14.167834 108.0
255 1465.0 -0.150699 0.529047 0.0 0.531129 -0.713275 -16.064546 -0.140464 0.045594 14.167834 108.0
256 1465.0 -0.145317 0.524158 0.0 0.54099 -0.713275 -16.064546 -0.140464 0.045594 14.167834 108.0
257 1465.0 -0.159619 0.519326 0.0 0.533849 -0.713275 -16.064546 -0.140464 0.045594 14.167834 108.0
258 1465.0 -0.175231 0.514149 0.0 0.52595 -0.713275 -16.064546 -0.140464 0.045594 14.167834 108.0
259 1465.0 -0.183788 0.504637 0.0 0.528759 -0.713275 -16.064546 -0.140464 0.045594 14.167834 108.0
260 1465.0 -0.185571 0.492624 0.0 0.540073 -0.713275 -16.064546 -0.140464 0.045594 14.167834 108.0
261 1465.0 -0.210929 0.51091 0.0 0.496248 -0.713275 -16.064546 -0.140464 0.045594 14.167834 108.0
262 1465.0 -0.198546 0.541616 0.0 0.471751 -0.713275 -16.064546 -0.140464 0.045594 14.167834 108.0
263 1465.0 -0.221241 0.567773 0.0 0.417648 -0.713275 -16.064546 -0.140464 0.045594 14.167834 108.0
264 1465.0 -0.227144 0.543515 0.0 0.44088 -0.713275 -16.064546 -0.140464 0.045594 14.167834 108.0
265 1465.0 -0.199516 0.525118 0.0 0.490595 -0.713275 -16.064546 -0.140464 0.045594 14.167834 108.0
266 1465.0 -0.214856 0.518022 0.0 0.483781 -0.713275 -16.064546 -0.140464 0.045594 14.167834 108.0
267 1465.0 -0.234445 0.514485 0.0 0.468445 -0.713275 -16.064546 -0.140464 0.045594 14.167834 108.0
268 1465.0 -0.25178 0.530792 0.0 0.431531 -0.713275 -16.064546 -0.140464 0.045594 14.167834 108.0
269 1465.0 -0.25962 0.556412 0.0 0.392925 -0.713275 -16.064546 -0.140464 0.045594 14.167834 108.0
270 1465.0 -0.245748 0.540074 0.0 0.426414 -0.713275 -16.064546 -0.140464 0.045594 14.167834 108.0
271 1465.0 -0.272238 0.532908 0.0 0.408537 -0.713275 -16.064546 -0.140464 0.045594 14.167834 108.0
272 1465.0 -0.280461 0.533261 0.0 0.399893 -0.713275 -16.064546 -0.140464 0.045594 14.167834 108.0
273 1465.0 -0.255619 0.540077 0.0 0.416542 -0.713275 -16.064546 -0.140464 0.045594 14.167834 108.0
274 1465.0 -0.245266 0.533339 0.0 0.434984 -0.713275 -16.064546 -0.140464 0.045594 14.167834 108.0
275 1465.0 -0.236757 0.504317 0.0 0.478346 -0.713275 -16.064546 -0.140464 0.045594 14.167834 108.0
276 1465.0 -0.195707 0.512461 0.0 0.509604 -0.713275 -16.064546 -0.140464 0.045594 14.167834 108.0
277 1465.0 -0.204373 0.532208 0.0 0.477224 -0.713275 -16.064546 -0.140464 0.045594 14.167834 108.0
278 1465.0 -0.206572 0.497823 0.0 0.516321 -0.713275 -16.064546 -0.140464 0.045594 14.167834 108.0
279 1465.0 -0.205789 0.526462 0.0 0.482709 -0.713275 -16.064546 -0.140464 0.045594 14.167834 108.0
280 1465.0 -0.2411 0.532766 0.0 0.439837 -0.713275 -16.064546 -0.140464 0.045594 14.167834 108.0
281 1465.0 -0.241146 0.54149 0.0 0.429314 -0.713275 -16.064546 -0.140464 0.045594 14.167834 108.0
282 1465.0 -0.238516 0.575937 0.0 0.390574 -0.713275 -16.064546 -0.140464 0.045594 14.167834 108.0
283 1465.0 -0.262178 0.561877 0.0 0.383804 -0.713275 -16.064546 -0.140464 0.045594 14.167834 108.0
284 1465.0 -0.277343 0.583305 0.0 0.342909 -0.713275 -16.064546 -0.140464 0.045594 14.167834 108.0
285 1465.0 -0.281405 0.57541 0.0 0.34833 -0.713275 -16.064546 -0.140464 0.045594 14.167834 108.0
286 1465.0 -0.29819 0.557507 0.0 0.353051 -0.713275 -16.064546 -0.140464 0.045594 14.167834 108.0
287 1465.0 -0.291875 0.558683 0.0 0.357952 -0.713275 -16.064546 -0.140464 0.045594 14.167834 108.0
