 time p.x p.y p.z deep.node-0 CV opes.bias opes.rct opes.zed opes.neff opes.nker
0 7965.0 0.270891 0.419785 0.0 0.94536 -1.902329 -14.399059 -0.311204 0.038773 14.167834 127.0
1 7965.0 0.277103 0.438664 0.0 0.93038 -1.902329 -14.399059 -0.311204 0.038773 14.167834 127.0
2 7965.0 0.266192 0.440833 0.0 0.920907 -1.902329 -14.399059 -0.311204 0.038773 14.167834 127.0
3 7965.0 0.266988 0.444086 0.0 0.918143 -1.902329 -14.399059 -0.311204 0.038773 14.167834 127.0
4 7965.0 0.250341 0.489406 0.0 0.861137 -1.902329 -14.399059 -0.311204 0.038773 14.167834 127.0
5 7965.0 0.253984 0.521921 0.0 0.830632 -1.902329 -14.399059 -0.311204 0.038773 14.167834 127.0
6 7965.0 0.24593 0.526631 0.0 0.82049 -1.902329 -14.399059 -0.311204 0.038773 14.167834 127.0
7 7965.0 0.225422 0.512749 0.0 0.820874 -1.902329 -14.399059 -0.311204 0.038773 14.167834 127.0
8 7965.0 0.225273 0.52618 0.0 0.807171 -1.902329 -14.399059 -0.311204 0.038773 14.167834 127.0
9 7965.0 0.230514 0.513322 0.0 0.82369 -1.902329 -14.399059 -0.311204 0.038773 14.167834 127.0
10 7965.0 0.232899 0.523678 0.0 0.81479 -1.902329 -14.399059 -0.311204 0.038773 14.167834 127.0
11 7965.0 0.204137 0.509145 0.0 0.81033 -1.902329 -14.399059 -0.311204 0.038773 14.167834 127.0
12 7965.0 0.205255 0.523278 0.0 0.79676 -1.902329 -14.399059 -0.311204 0.038773 14.167834 127.0
13 7965.0 0.183131 0.496574 0.0 0.809054 -1.902329 -14.399059 -0.311204 0.038773 14.167834 127.0
14 7965.0 0.183214 0.488182 0.0 0.817609 -1.902329 -14.399059 -0.311204 0.038773 14.167834 127.0
15 7965.0 0.19623 0.511344 0.0 0.802829 -1.902329 -14.399059 -0.311204 0.038773 14.167834 127.0
16 7965.0 0.192771 0.506382 0.0 0.805548 -1.902329 -14.399059 -0.311204 0.038773 14.167834 127.0
17 7965.0 0.19261 0.509325 0.0 0.80246 -1.902329 -14.399059 -0.311204 0.038773 14.167834 127.0
18 7965.0 0.19365 0.519828 0.0 0.792516 -1.902329 -14.399059 -0.311204 0.038773 14.167834 127.0
19 7965.0 0.209288 0.488432 0.0 0.834745 -1.902329 -14.399059 -0.311204 0.038773 14.167834 127.0
20 7965.0 0.213079 0.503818 0.0 0.821689 -1.902329 -14.399059 -0.311204 0.038773 14.167834 127.0
21 7965.0 0.224338 0.492294 0.0 0.84087 -1.902329 -14.399059 -0.311204 0.038773 14.167834 127.0
22 7965.0 0.239855 0.494121 0.0 0.849367 -1.902329 -14.399059 -0.311204 0.038773 14.167834 127.0
23 7965.0 0.238482 0.520251 0.0 0.821985 -1.902329 -14.399059 -0.311204 0.038773 14.167834 127.0
24 7965.0 0.240944 0.51613 0.0 0.827801 -1.902329 -14.399059 -0.311204 0.038773 14.167834 127.0
25 7965.0 0.255075 0.511832 0.0 0.841579 -1.902329 -14.399059 -0.311204 0.038773 14.167834 127.0
26 7965.0 0.258994 0.50468 0.0 0.851437 -1.902329 -14.399059 -0.311204 0.038773 14.167834 127.0
27 7965.0 0.256222 0.529863 0.0 0.824302 -1.902329 -14.399059 -0.311204 0.038773 14.167834 127.0
28 7965.0 0.22754 0.538504 0.0 0.7962 -1.902329 -14.399059 -0.311204 0.038773 14.167834 127.0
29 7965.0 0.216215 0.53339 0.0 0.793827 -1.902329 -14.399059 -0.311204 0.038773 14.167834 127.0
30 7965.0 0.212388 0.520526 0.0 0.804304 -1.902329 -14.399059 -0.311204 0.038773 14.167834 127.0
31 7965.0 0.212165 0.50133 0.0 0.8236 -1.902329 -14.399059 -0.311204 0.038773 14.167834 127.0
32 7965.0 0.213208 0.50074 0.0 0.824893 -1.902329 -14.399059 -0.311204 0.038773 14.167834 127.0
33 7965.0 0.213415 0.486365 0.0 0.839591 -1.902329 -14.399059 -0.311204 0.038773 14.167834 127.0
34 7965.0 0.196716 0.48984 0.0 0.824935 -1.902329 -14.399059 -0.311204 0.038773 14.167834 127.0
35 7965.0 0.199272 0.468256 0.0 0.848501 -1.902329 -14.399059 -0.311204 0.038773 14.167834 127.0
36 7965.0 0.177256 0.48702 0.0 0.814813 -1.902329 -14.399059 -0.311204 0.038773 14.167834 127.0
37 7965.0 0.169851 0.495662 0.0 0.801121 -1.902329 -14.399059 -0.311204 0.038773 14.167834 127.0
38 7965.0 0.154949 0.474669 0.0 0.812446 -1.902329 -14.399059 -0.311204 0.038773 14.167834 127.0
39 7965.0 0.16385 0.490776 0.0 0.802068 -1.902329 -14.399059 -0.311204 0.038773 14.167834 127.0
40 7965.0 0.152589 0.497013 0.0 0.788241 -1.902329 -14.399059 -0.311204 0.038773 14.167834 127.0
41 7965.0 0.160991 0.504602 0.0 0.786157 -1.902329 -14.399059 -0.311204 0.038773 14.167834 127.0
42 7965.0 0.149723 0.50953 0.0 0.773651 -1.902329 -14.399059 -0.311204 0.038773 14.167834 127.0
43 7965.0 0.153424 0.507745 0.0 0.777927 -1.902329 -14.399059 -0.311204 0.038773 14.167834 127.0
44 7965.0 0.147099 0.489314 0.0 0.792377 -1.902329 -14.399059 -0.311204 0.038773 14.167834 127.0
45 7965.0 0.126902 0.482143 0.0 0.786172 -1.902329 -14.399059 -0.311204 0.038773 14.167834 127.0
46 7965.0 0.140882 0.472803 0.0 0.804955 -1.902329 -14.399059 -0.311204 0.038773 14.167834 127.0
47 7965.0 0.12113 0.492194 0.0 0.772141 -1.902329 -14.399059 -0.311204 0.038773 14.167834 127.0
48 7965.0 0.129007 0.508737 0.0 0.760639 -1.902329 -14.399059 -0.311204 0.038773 14.167834 127.0
49 7965.0 0.117671 0.519043 0.0 0.74264 -1.902329 -14.399059 -0.311204 0.038773 14.167834 127.0
50 7965.0 0.116556 0.494153 0.0 0.767107 -1.902329 -14.399059 -0.311204 0.038773 14.167834 127.0
51 7965.0 0.119254 0.499208 0.0 0.763787 -1.902329 -14.399059 -0.311204 0.038773 14.167834 127.0
52 7965.0 0.123647 0.490756 0.0 0.775276 -1.902329 -14.399059 -0.311204 0.038773 14.167834 127.0
53 7965.0 0.146817 0.493484 0.0 0.787965 -1.902329 -14.399059 -0.311204 0.038773 14.167834 127.0
54 7965.0 0.165315 0.495494 0.0 0.798266 -1.902329 -14.399059 -0.311204 0.038773 14.167834 127.0
55 7965.0 0.140673 0.516976 0.0 0.760074 -1.902329 -14.399059 -0.311204 0.038773 14.167834 127.0
56 7965.0 0.126975 0.508827 0.0 0.759193 -1.902329 -14.399059 -0.311204 0.038773 14.167834 127.0
57 7965.0 0.114973 0.540366 0.0 0.719243 -1.902329 -14.399059 -0.311204 0.038773 14.167834 127.0
58 7965.0 0.106482 0.54322 0.0 0.71069 -1.902329 -14.399059 -0.311204 0.038773 14.167834 127.0
59 7965.0 0.095037 0.519678 0.0 0.726902 -1.902329 -14.399059 -0.311204 0.038773 14.167834 127.0
60 7965.0 0.096396 0.538904 0.0 0.708334 -1.902329 -14.399059 -0.311204 0.038773 14.167834 127.0
61 7965.0 0.090536 0.524572 0.0 0.718943 -1.902329 -14.399059 -0.311204 0.038773 14.167834 127.0
62 7965.0 0.103631 0.555524 0.0 0.696325 -1.902329 -14.399059 -0.311204 0.038773 14.167834 127.0
63 7965.0 0.077192 0.54025 0.0 0.694165 -1.902329 -14.399059 -0.311204 0.038773 14.167834 127.0
64 7965.0 0.077293 0.563492 0.0 0.67069 -1.902329 -14.399059 -0.311204 0.038773 14.167834 127.0
65 7965.0 0.066172 0.538247 0.0 0.688844 -1.902329 -14.399059 -0.311204 0.038773 14.167834 127.0
66 7965.0 0.070734 0.526149 0.0 0.70414 -1.902329 -14.399059 -0.311204 0.038773 14.167834 127.0
67 7965.0 0.08278 0.532531 0.0 0.705709 -1.902329 -14.399059 -0.311204 0.038773 14.167834 127.0
68 7965.0 0.082048 0.511113 0.0 0.726915 -1.902329 -14.399059 -0.311204 0.038773 14.167834 127.0
69 7965.0 0.096537 0.495709 0.0 0.752181 -1.902329 -14.399059 -0.311204 0.038773 14.167834 127.0
70 7965.0 0.091938 0.496069 0.0 0.748748 -1.902329 -14.399059 -0.311204 0.038773 14.167834 127.0
71 7965.0 0.07806 0.53124 0.0 0.703869 -1.902329 -14.399059 -0.311204 0.038773 14.167834 127.0
72 7965.0 0.094235 0.51541 0.0 0.73069 -1.902329 -14.399059 -0.311204 0.038773 14.167834 127.0
73 7965.0 0.091641 0.50944 0.0 0.735007 -1.902329 -14.399059 -0.311204 0.038773 14.167834 127.0
74 7965.0 0.10049 0.502102 0.0 0.748342 -1.902329 -14.399059 -0.311204 0.038773 14.167834 127.0
75 7965.0 0.091367 0.504344 0.0 0.739986 -1.902329 -14.399059 -0.311204 0.038773 14.167834 127.0
76 7965.0 0.095729 0.480169 0.0 0.767382 -1.902329 -14.399059 -0.311204 0.038773 14.167834 127.0
77 7965.0 0.101076 0.476988 0.0 0.77417 -1.902329 -14.399059 -0.311204 0.038773 14.167834 127.0
78 7965.0 0.095277 0.495091 0.0 0.751966 -1.902329 -14.399059 -0.311204 0.038773 14.167834 127.0
79 7965.0 0.101863 0.508143 0.0 0.743138 -1.902329 -14.399059 -0.311204 0.038773 14.167834 127.0
80 7965.0 0.088467 0.505299 0.0 0.737085 -1.902329 -14.399059 -0.311204 0.038773 14.167834 127.0
81 7965.0 0.084854 0.504293 0.0 0.735694 -1.902329 -14.399059 -0.311204 0.038773 14.167834 127.0
82 7965.0 0.068338 0.493579 0.0 0.735531 -1.902329 -14.399059 -0.311204 0.038773 14.167834 127.0
83 7965.0 0.034985 0.478001 0.0 0.729067 -1.902329 -14.399059 -0.311204 0.038773 14.167834 127.0
84 7965.0 0.027274 0.478445 0.0 0.723475 -1.902329 -14.399059 -0.311204 0.038773 14.167834 127.0
85 7965.0 0.037343 0.4899 0.0 0.718588 -1.902329 -14.399059 -0.311204 0.038773 14.167834 127.0
86 7965.0 0.037124 0.506596 0.0 0.70153 -1.902329 -14.399059 -0.311204 0.038773 14.167834 127.0
87 7965.0 0.027469 0.514099 0.0 0.687492 -1.902329 -14.399059 -0.311204 0.038773 14.167834 127.0
88 7965.0 0.024687 0.489643 0.0 0.710407 -1.902329 -14.399059 -0.311204 0.038773 14.167834 127.0
89 7965.0 0.005649 0.489503 0.0 0.697852 -1.902329 -14.399059 -0.311204 0.038773 14.167834 127.0
90 7965.0 0.009821 0.501431 0.0 0.688553 -1.902329 -14.399059 -0.311204 0.038773 14.167834 127.0
91 7965.0 0.01411 0.49635 0.0 0.696559 -1.902329 -14.399059 -0.311204 0.038773 14.167834 127.0
92 7965.0 0.011582 0.520152 0.0 0.670766 -1.902329 -14.399059 -0.311204 0.038773 14.167834 127.0
93 7965.0 0.005107 0.523533 0.0 0.663023 -1.902329 -14.399059 -0.311204 0.038773 14.167834 127.0
94 7965.0 0.007122 0.530552 0.0 0.657257 -1.902329 -14.399059 -0.311204 0.038773 14.167834 127.0
95 7965.0 0.008054 0.535844 0.0 0.652519 -1.902329 -14.399059 -0.311204 0.038773 14.167834 127.0
96 7965.0 0.001835 0.548027 0.0 0.636031 -1.902329 -14.399059 -0.311204 0.038773 14.167834 127.0
97 7965.0 -0.008762 0.537764 0.0 0.639359 -1.902329 -14.399059 -0.311204 0.038773 14.167834 127.0
98 7965.0 -0.020114 0.551031 0.0 0.618351 -1.902329 -14.399059 -0.311204 0.038773 14.167834 127.0
99 7965.0 -0.010201 0.533327 0.0 0.642893 -1.902329 -14.399059 -0.311204 0.038773 14.167834 127.0
100 7965.0 -0.027589 0.538737 0.0 0.625818 -1.902329 -14.399059 -0.311204 0.038773 14.167834 127.0
101 7965.0 -0.030193 0.539202 0.0 0.62361 -1.902329 -14.399059 -0.311204 0.038773 14.167834 127.0
102 7965.0 -0.06188 0.540378 0.0 0.595455 -1.902329 -14.399059 -0.311204 0.038773 14.167834 127.0
103 7965.0 -0.093181 0.528533 0.0 0.581184 -1.902329 -14.399059 -0.311204 0.038773 14.167834 127.0
104 7965.0 -0.091335 0.517253 0.0 0.594838 -1.902329 -14.399059 -0.311204 0.038773 14.167834 127.0
105 7965.0 -0.073206 0.54063 0.0 0.585436 -1.902329 -14.399059 -0.311204 0.038773 14.167834 127.0
106 7965.0 -0.076747 0.505422 0.0 0.620047 -1.902329 -14.399059 -0.311204 0.038773 14.167834 127.0
107 7965.0 -0.085887 0.521789 0.0 0.594675 -1.902329 -14.399059 -0.311204 0.038773 14.167834 127.0
108 7965.0 -0.085798 0.521837 0.0 0.5947 -1.902329 -14.399059 -0.311204 0.038773 14.167834 127.0
109 7965.0 -0.081478 0.514875 0.0 0.605865 -1.902329 -14.399059 -0.311204 0.038773 14.167834 127.0
110 7965.0 -0.107029 0.51892 0.0 0.579547 -1.902329 -14.399059 -0.311204 0.038773 14.167834 127.0
111 7965.0 -0.124574 0.511808 0.0 0.572053 -1.902329 -14.399059 -0.311204 0.038773 14.167834 127.0
112 7965.0 -0.112979 0.517679 0.0 0.575752 -1.902329 -14.399059 -0.311204 0.038773 14.167834 127.0
113 7965.0 -0.112436 0.511891 0.0 0.582411 -1.902329 -14.399059 -0.311204 0.038773 14.167834 127.0
114 7965.0 -0.111374 0.506286 0.0 0.58932 -1.902329 -14.399059 -0.311204 0.038773 14.167834 127.0
115 7965.0 -0.109595 0.525518 0.0 0.570281 -1.902329 -14.399059 -0.311204 0.038773 14.167834 127.0
116 7965.0 -0.10255 0.518068 0.0 0.584314 -1.902329 -14.399059 -0.311204 0.038773 14.167834 127.0
117 7965.0 -0.106481 0.485421 0.0 0.615848 -1.902329 -14.399059 -0.311204 0.038773 14.167834 127.0
118 7965.0 -0.115493 0.489112 0.0 0.604144 -1.902329 -14.399059 -0.311204 0.038773 14.167834 127.0
119 7965.0 -0.106353 0.486862 0.0 0.614417 -1.902329 -14.399059 -0.311204 0.038773 14.167834 127.0
120 7965.0 -0.107726 0.510481 0.0 0.587973 -1.902329 -14.399059 -0.311204 0.038773 14.167834 127.0
121 7965.0 -0.113787 0.544697 0.0 0.546159 -1.902329 -14.399059 -0.311204 0.038773 14.167834 127.0
122 7965.0 -0.088799 0.529744 0.0 0.58366 -1.902329 -14.399059 -0.311204 0.038773 14.167834 127.0
123 7965.0 -0.085635 0.527855 0.0 0.588403 -1.902329 -14.399059 -0.311204 0.038773 14.167834 127.0
124 7965.0 -0.099474 0.530748 0.0 0.573398 -1.902329 -14.399059 -0.311204 0.038773 14.167834 127.0
125 7965.0 -0.112648 0.526449 0.0 0.566657 -1.902329 -14.399059 -0.311204 0.038773 14.167834 127.0
126 7965.0 -0.120064 0.503011 0.0 0.585343 -1.902329 -14.399059 -0.311204 0.038773 14.167834 127.0
127 7965.0 -0.107115 0.533343 0.0 0.564046 -1.902329 -14.399059 -0.311204 0.038773 14.167834 127.0
128 7965.0 -0.080758 0.549697 0.0 0.569239 -1.902329 -14.399059 -0.311204 0.038773 14.167834 127.0
129 7965.0 -0.074372 0.533505 0.0 0.592054 -1.902329 -14.399059 -0.311204 0.038773 14.167834 127.0
130 7965.0 -0.070676 0.526731 0.0 0.60248 -1.902329 -14.399059 -0.311204 0.038773 14.167834 127.0
131 7965.0 -0.049719 0.539635 0.0 0.606716 -1.902329 -14.399059 -0.311204 0.038773 14.167834 127.0
132 7965.0 -0.026449 0.520671 0.0 0.644876 -1.902329 -14.399059 -0.311204 0.038773 14.167834 127.0
133 7965.0 -0.032787 0.487637 0.0 0.67411 -1.902329 -14.399059 -0.311204 0.038773 14.167834 127.0
134 7965.0 -0.035957 0.492532 0.0 0.667037 -1.902329 -14.399059 -0.311204 0.038773 14.167834 127.0
135 7965.0 -0.063527 0.512186 0.0 0.62419 -1.902329 -14.399059 -0.311204 0.038773 14.167834 127.0
136 7965.0 -0.066349 0.553914 0.0 0.57713 -1.902329 -14.399059 -0.311204 0.038773 14.167834 127.0
137 7965.0 -0.064567 0.561906 0.0 0.570115 -1.902329 -14.399059 -0.311204 0.038773 14.167834 127.0
138 7965.0 -0.055272 0.549231 0.0 0.591672 -1.902329 -14.399059 -0.311204 0.038773 14.167834 127.0
139 7965.0 -0.085495 0.507524 0.0 0.61027 -1.902329 -14.399059 -0.311204 0.038773 14.167834 127.0
140 7965.0 -0.088941 0.497003 0.0 0.618557 -1.902329 -14.399059 -0.311204 0.038773 14.167834 127.0
141 7965.0 -0.080898 0.480618 0.0 0.643004 -1.902329 -14.399059 -0.311204 0.038773 14.167834 127.0
142 7965.0 -0.08563 0.486581 0.0 0.632554 -1.902329 -14.399059 -0.311204 0.038773 14.167834 127.0
143 7965.0 -0.09194 0.481708 0.0 0.632335 -1.902329 -14.399059 -0.311204 0.038773 14.167834 127.0
144 7965.0 -0.094023 0.504412 0.0 0.606258 -1.902329 -14.399059 -0.311204 0.038773 14.167834 127.0
145 7965.0 -0.096126 0.509562 0.0 0.59894 -1.902329 -14.399059 -0.311204 0.038773 14.167834 127.0
146 7965.0 -0.081474 0.517888 0.0 0.602645 -1.902329 -14.399059 -0.311204 0.038773 14.167834 127.0
147 7965.0 -0.100414 0.506489 0.0 0.598536 -1.902329 -14.399059 -0.311204 0.038773 14.167834 127.0
148 7965.0 -0.085956 0.507387 0.0 0.610019 -1.902329 -14.399059 -0.311204 0.038773 14.167834 127.0
149 7965.0 -0.081603 0.507721 0.0 0.613409 -1.902329 -14.399059 -0.311204 0.038773 14.167834 127.0
150 7965.0 -0.092986 0.523502 0.0 0.586733 -1.902329 -14.399059 -0.311204 0.038773 14.167834 127.0
151 7965.0 -0.083019 0.521269 0.0 0.5977 -1.902329 -14.399059 -0.311204 0.038773 14.167834 127.0
152 7965.0 -0.047112 0.502671 0.0 0.648496 -1.902329 -14.399059 -0.311204 0.038773 14.167834 127.0
153 7965.0 -0.030372 0.511132 0.0 0.651922 -1.902329 -14.399059 -0.311204 0.038773 14.167834 127.0
154 7965.0 -0.059142 0.51006 0.0 0.630238 -1.902329 -14.399059 -0.311204 0.038773 14.167834 127.0
155 7965.0 -0.076023 0.488651 0.0 0.638609 -1.902329 -14.399059 -0.311204 0.038773 14.167834 127.0
156 7965.0 -0.090723 0.491955 0.0 0.622422 -1.902329 -14.399059 -0.311204 0.038773 14.167834 127.0
157 7965.0 -0.113107 0.463097 0.0 0.634023 -1.902329 -14.399059 -0.311204 0.038773 14.167834 127.0
158 7965.0 -0.12663 0.452673 0.0 0.633534 -1.902329 -14.399059 -0.311204 0.038773 14.167834 127.0
159 7965.0 -0.137382 0.464867 0.0 0.611237 -1.902329 -14.399059 -0.311204 0.038773 14.167834 127.0
160 7965.0 -0.158527 0.492593 0.0 0.563383 -1.902329 -14.399059 -0.311204 0.038773 14.167834 127.0
161 7965.0 -0.152814 0.484743 0.0 0.576696 -1.902329 -14.399059 -0.311204 0.038773 14.167834 127.0
162 7965.0 -0.15276 0.482781 0.0 0.578841 -1.902329 -14.399059 -0.311204 0.038773 14.167834 127.0
163 7965.0 -0.156725 0.502623 0.0 0.554205 -1.902329 -14.399059 -0.311204 0.038773 14.167834 127.0
164 7965.0 -0.138216 0.513053 0.0 0.55898 -1.902329 -14.399059 -0.311204 0.038773 14.167834 127.0
165 7965.0 -0.160556 0.49258 0.0 0.561649 -1.902329 -14.399059 -0.311204 0.038773 14.167834 127.0
166 7965.0 -0.158919 0.479884 0.0 0.576638 -1.902329 -14.399059 -0.311204 0.038773 14.167834 127.0
167 7965.0 -0.163952 0.470385 0.0 0.582466 -1.902329 -14.399059 -0.311204 0.038773 14.167834 127.0
168 7965.0 -0.165333 0.482825 0.0 0.567972 -1.902329 -14.399059 -0.311204 0.038773 14.167834 127.0
169 7965.0 -0.1498 0.490196 0.0 0.573458 -1.902329 -14.399059 -0.311204 0.038773 14.167834 127.0
170 7965.0 -0.172308 0.492896 0.0 0.551198 -1.902329 -14.399059 -0.311204 0.038773 14.167834 127.0
171 7965.0 -0.148674 0.494679 0.0 0.569631 -1.902329 -14.399059 -0.311204 0.038773 14.167834 127.0
172 7965.0 -0.160329 0.492772 0.0 0.56164 -1.902329 -14.399059 -0.311204 0.038773 14.167834 127.0
173 7965.0 -0.150723 0.506547 0.0 0.555174 -1.902329 -14.399059 -0.311204 0.038773 14.167834 127.0
174 7965.0 -0.179375 0.481003 0.0 0.557835 -1.902329 -14.399059 -0.311204 0.038773 14.167834 127.0
175 7965.0 -0.166867 0.508891 0.0 0.538771 -1.902329 -14.399059 -0.311204 0.038773 14.167834 127.0
176 7965.0 -0.175559 0.493943 0.0 0.547279 -1.902329 -14.399059 -0.311204 0.038773 14.167834 127.0
177 7965.0 -0.166659 0.499146 0.0 0.549374 -1.902329 -14.399059 -0.311204 0.038773 14.167834 127.0
178 7965.0 -0.171952 0.498296 0.0 0.545728 -1.902329 -14.399059 -0.311204 0.038773 14.167834 127.0
179 7965.0 -0.156113 0.509392 0.0 0.547492 -1.902329 -14.399059 -0.311204 0.038773 14.167834 127.0
180 7965.0 -0.144033 0.510013 0.0 0.557225 -1.902329 -14.399059 -0.311204 0.038773 14.167834 127.0
181 7965.0 -0.164459 0.53545 0.0 0.512438 -1.902329 -14.399059 -0.311204 0.038773 14.167834 127.0
182 7965.0 -0.159704 0.56385 0.0 0.48388 -1.902329 -14.399059 -0.311204 0.038773 14.167834 127.0
183 7965.0 -0.17616 0.562276 0.0 0.469318 -1.902329 -14.399059 -0.311204 0.038773 14.167834 127.0
184 7965.0 -0.199614 0.536254 0.0 0.477122 -1.902329 -14.399059 -0.311204 0.038773 14.167834 127.0
185 7965.0 -0.216528 0.516136 0.0 0.484373 -1.902329 -14.399059 -0.311204 0.038773 14.167834 127.0
186 7965.0 -0.22924 0.513369 0.0 0.474988 -1.902329 -14.399059 -0.311204 0.038773 14.167834 127.0
187 7965.0 -0.251926 0.506805 0.0 0.460193 -1.902329 -14.399059 -0.311204 0.038773 14.167834 127.0
188 7965.0 -0.26781 0.48709 0.0 0.46799 -1.902329 -14.399059 -0.311204 0.038773 14.167834 127.0
189 7965.0 -0.302658 0.495824 0.0 0.422663 -1.902329 -14.399059 -0.311204 0.038773 14.167834 127.0
190 7965.0 -0.319003 0.48421 0.0 0.420271 -1.902329 -14.399059 -0.311204 0.038773 14.167834 127.0
191 7965.0 -0.325813 0.498497 0.0 0.396304 -1.902329 -14.399059 -0.311204 0.038773 14.167834 127.0
192 7965.0 -0.345886 0.504937 0.0 0.368503 -1.902329 -14.399059 -0.311204 0.038773 14.167834 127.0
193 7965.0 -0.367147 0.500796 0.0 0.352222 -1.902329 -14.399059 -0.311204 0.038773 14.167834 127.0
194 7965.0 -0.368503 0.494372 0.0 0.35858 -1.902329 -14.399059 -0.311204 0.038773 14.167834 127.0
195 7965.0 -0.359046 0.502869 0.0 0.35783 -1.902329 -14.399059 -0.311204 0.038773 14.167834 127.0
196 7965.0 -0.356893 0.505783 0.0 0.356483 -1.902329 -14.399059 -0.311204 0.038773 14.167834 127.0
197 7965.0 -0.355683 0.514663 0.0 0.347028 -1.902329 -14.399059 -0.311204 0.038773 14.167834 127.0
198 7965.0 -0.371106 0.513172 0.0 0.3334 -1.902329 -14.399059 -0.311204 0.038773 14.167834 127.0
199 7965.0 -0.376131 0.522116 0.0 0.317635 -1.902329 -14.399059 -0.311204 0.038773 14.167834 127.0
200 7965.0 -0.398526 0.507849 0.0 0.312381 -1.902329 -14.399059 -0.311204 0.038773 14.167834 127.0
201 7965.0 -0.428876 0.522483 0.0 0.264464 -1.902329 -14.399059 -0.311204 0.038773 14.167834 127.0
202 7965.0 -0.435159 0.504191 0.0 0.280151 -1.902329 -14.399059 -0.311204 0.038773 14.167834 127.0
203 7965.0 -0.418986 0.480996 0.0 0.324176 -1.902329 -14.399059 -0.311204 0.038773 14.167834 127.0
204 7965.0 -0.452035 0.493561 0.0 0.276047 -1.902329 -14.399059 -0.311204 0.038773 14.167834 127.0
205 7965.0 -0.475235 0.499417 0.0 0.245819 -1.902329 -14.399059 -0.311204 0.038773 14.167834 127.0
206 7965.0 -0.497846 0.524704 0.0 0.192846 -1.902329 -14.399059 -0.311204 0.038773 14.167834 127.0
207 7965.0 -0.509911 0.518448 0.0 0.188298 -1.902329 -14.399059 -0.311204 0.038773 14.167834 127.0
208 7965.0 -0.492889 0.522188 0.0 0.200824 -1.902329 -14.399059 -0.311204 0.038773 14.167834 127.0
209 7965.0 -0.486719 0.523106 0.0 0.205889 -1.902329 -14.399059 -0.311204 0.038773 14.167834 127.0
210 7965.0 -0.473992 0.519452 0.0 0.223001 -1.902329 -14.399059 -0.311204 0.038773 14.167834 127.0
211 7965.0 -0.497624 0.521992 0.0 0.196326 -1.902329 -14.399059 -0.311204 0.038773 14.167834 127.0
212 7965.0 -0.539688 0.502126 0.0 0.178132 -1.902329 -14.399059 -0.311204 0.038773 14.167834 127.0
213 7965.0 -0.561875 0.496381 0.0 0.16285 -1.902329 -14.399059 -0.311204 0.038773 14.167834 127.0
214 7965.0 -0.566378 0.521863 0.0 0.127745 -1.902329 -14.399059 -0.311204 0.038773 14.167834 127.0
215 7965.0 -0.570832 0.526726 0.0 0.117452 -1.902329 -14.399059 -0.311204 0.038773 14.167834 127.0
216 7965.0 -0.57837 0.514509 0.0 0.124588 -1.902329 -14.399059 -0.311204 0.038773 14.167834 127.0
217 7965.0 -0.600487 0.518226 0.0 0.098014 -1.902329 -14.399059 -0.311204 0.038773 14.167834 127.0
218 7965.0 -0.613277 0.543382 0.0 0.055016 -1.902329 -14.399059 -0.311204 0.038773 14.167834 127.0
219 7965.0 -0.619272 0.570142 0.0 0.016885 -1.902329 -14.399059 -0.311204 0.038773 14.167834 127.0
220 7965.0 -0.609323 0.55143 0.0 0.049304 -1.902329 -14.399059 -0.311204 0.038773 14.167834 127.0
221 7965.0 -0.624187 0.555518 0.0 0.029535 -1.902329 -14.399059 -0.311204 0.038773 14.167834 127.0
222 7965.0 -0.629816 0.557611 0.0 0.021393 -1.902329 -14.399059 -0.311204 0.038773 14.167834 127.0
223 7965.0 -0.614299 0.550429 0.0 0.045531 -1.902329 -14.399059 -0.311204 0.038773 14.167834 127.0
224 7965.0 -0.6103 0.576817 0.0 0.017838 -1.902329 -14.399059 -0.311204 0.038773 14.167834 127.0
225 7965.0 -0.639433 0.60438 0.0 -0.044389 -1.902329 -14.399059 -0.311204 0.038773 14.167834 127.0
226 7965.0 -0.664126 0.604839 0.0 -0.069626 -1.902329 -14.399059 -0.311204 0.038773 14.167834 127.0
227 7965.0 -0.678847 0.613764 0.0 -0.095062 -1.902329 -14.399059 -0.311204 0.038773 14.167834 127.0
228 7965.0 -0.660893 0.643329 0.0 -0.112874 -1.902329 -14.399059 -0.311204 0.038773 14.167834 127.0
229 7965.0 -0.684412 0.64153 0.0 -0.134493 -1.902329 -14.399059 -0.311204 0.038773 14.167834 127.0
230 7965.0 -0.694205 0.67825 0.0 -0.190184 -1.902329 -14.399059 -0.311204 0.038773 14.167834 127.0
231 7965.0 -0.695007 0.675502 0.0 -0.187911 -1.902329 -14.399059 -0.311204 0.038773 14.167834 127.0
232 7965.0 -0.717914 0.677501 0.0 -0.21032 -1.902329 -14.399059 -0.311204 0.038773 14.167834 127.0
233 7965.0 -0.715614 0.674178 0.0 -0.204747 -1.902329 -14.399059 -0.311204 0.038773 14.167834 127.0
234 7965.0 -0.71816 0.67986 0.0 -0.213052 -1.902329 -14.399059 -0.311204 0.038773 14.167834 127.0
235 7965.0 -0.723422 0.692665 0.0 -0.231349 -1.902329 -14.399059 -0.311204 0.038773 14.167834 127.0
236 7965.0 -0.746163 0.670894 0.0 -0.228219 -1.902329 -14.399059 -0.311204 0.038773 14.167834 127.0
237 7965.0 -0.774187 0.668192 0.0 -0.250083 -1.902329 -14.399059 -0.311204 0.038773 14.167834 127.0
238 7965.0 -0.761214 0.646039 0.0 -0.215011 -1.902329 -14.399059 -0.311204 0.038773 14.167834 127.0
239 7965.0 -0.800778 0.630791 0.0 -0.23369 -1.902329 -14.399059 -0.311204 0.038773 14.167834 127.0
240 7965.0 -0.807691 0.639099 0.0 -0.24865 -1.902329 -14.399059 -0.311204 0.038773 14.167834 127.0
241 7965.0 -0.804719 0.632493 0.0 -0.238984 -1.902329 -14.399059 -0.311204 0.038773 14.167834 127.0
242 7965.0 -0.828155 0.630603 0.0 -0.257663 -1.902329 -14.399059 -0.311204 0.038773 14.167834 127.0
243 7965.0 -0.801371 0.640725 0.0 -0.244804 -1.902329 -14.399059 -0.311204 0.038773 14.167834 127.0
244 7965.0 -0.789127 0.64426 0.0 -0.237762 -1.902329 -14.399059 -0.311204 0.038773 14.167834 127.0
245 7965.0 -0.782028 0.671906 0.0 -0.260965 -1.902329 -14.399059 -0.311204 0.038773 14.167834 127.0
246 7965.0 -0.795463 0.672123 0.0 -0.273059 -1.902329 -14.399059 -0.311204 0.038773 14.167834 127.0
247 7965.0 -0.83244 0.68511 0.0 -0.319553 -1.902329 -14.399059 -0.311204 0.038773 14.167834 127.0
248 7965.0 -0.838277 0.700615 0.0 -0.342633 -1.902329 -14.399059 -0.311204 0.038773 14.167834 127.0
249 7965.0 -0.854918 0.710512 0.0 -0.372534 -1.902329 -14.399059 -0.311204 0.038773 14.167834 127.0
250 7965.0 -0.844811 0.737123 0.0 -0.399611 -1.902329 -14.399059 -0.311204 0.038773 14.167834 127.0
251 7965.0 -0.840979 0.779816 0.0 -0.455089 -1.902329 -14.399059 -0.311204 0.038773 14.167834 127.0
252 7965.0 -0.848768 0.79076 0.0 -0.477839 -1.902329 -14.399059 -0.311204 0.038773 14.167834 127.0
253 7965.0 -0.833469 0.805719 0.0 -0.48371 -1.902329 -14.399059 -0.311204 0.038773 14.167834 127.0
254 7965.0 -0.806737 0.807566 0.0 -0.460286 -1.902329 -14.399059 -0.311204 0.038773 14.167834 127.0
255 7965.0 -0.813546 0.802661 0.0 -0.460102 -1.902329 -14.399059 -0.311204 0.038773 14.167834 127.0
256 7965.0 -0.814831 0.827661 0.0 -0.497742 -1.902329 -14.399059 -0.311204 0.038773 14.167834 127.0
257 7965.0 -0.830412 0.836872 0.0 -0.527754 -1.902329 -14.399059 -0.311204 0.038773 14.167834 127.0
258 7965.0 -0.846264 0.85388 0.0 -0.569808 -1.902329 -14.399059 -0.311204 0.038773 14.167834 127.0
259 7965.0 -0.868488 0.872453 0.0 -0.619592 -1.902329 -14.399059 -0.311204 0.038773 14.167834 127.0
260 7965.0 -0.870673 0.905773 0.0 -0.67223 -1.902329 -14.399059 -0.311204 0.038773 14.167834 127.0
261 7965.0 -0.860667 0.933793 0.0 -0.70213 -1.902329 -14.399059 -0.311204 0.038773 14.167834 127.0
262 7965.0 -0.855857 0.952522 0.0 -0.723749 -1.902329 -14.399059 -0.311204 0.038773 14.167834 127.0
263 7965.0 -0.85082 0.927126 0.0 -0.684391 -1.902329 -14.399059 -0.311204 0.038773 14.167834 127.0
264 7965.0 -0.861324 0.974295 0.0 -0.757394 -1.902329 -14.399059 -0.311204 0.038773 14.167834 127.0
265 7965.0 -0.843361 1.002323 0.0 -0.771749 -1.902329 -14.399059 -0.311204 0.038773 14.167834 127.0
266 7965.0 -0.872648 1.048952 0.0 -0.839082 -1.902329 -14.399059 -0.311204 0.038773 14.167834 127.0
267 7965.0 -0.887661 1.069767 0.0 -0.870564 -1.902329 -14.399059 -0.311204 0.038773 14.167834 127.0
268 7965.0 -0.878473 1.08648 0.0 -0.880243 -1.902329 -14.399059 -0.311204 0.038773 14.167834 127.0
269 7965.0 -0.901865 1.09268 0.0 -0.903514 -1.902329 -14.399059 -0.311204 0.038773 14.167834 127.0
270 7965.0 -0.893872 1.091893 0.0 -0.89687 -1.902329 -14.399059 -0.311204 0.038773 14.167834 127.0
271 7965.0 -0.842246 1.095312 0.0 -0.862322 -1.902329 -14.399059 -0.311204 0.038773 14.167834 127.0
272 7965.0 -0.830641 1.122029 0.0 -0.880057 -1.902329 -14.399059 -0.311204 0.038773 14.167834 127.0
273 7965.0 -0.83223 1.128193 0.0 -0.887282 -1.902329 -14.399059 -0.311204 0.038773 14.167834 127.0
274 7965.0 -0.827714 1.148889 0.0 -0.904306 -1.902329 -14.399059 -0.311204 0.038773 14.167834 127.0
275 7965.0 -0.829878 1.135129 0.0 -0.892372 -1.902329 -14.399059 -0.311204 0.038773 14.167834 127.0
276 7965.0 -0.835129 1.158035 0.0 -0.91874 -1.902329 -14.399059 -0.311204 0.038773 14.167834 127.0
277 7965.0 -0.826515 1.186972 0.0 -0.940854 -1.902329 -14.399059 -0.311204 0.038773 14.167834 127.0
278 7965.0 -0.821779 1.207519 0.0 -0.95757 -1.902329 -14.399059 -0.311204 0.038773 14.167834 127.0
279 7965.0 -0.784003 1.235828 0.0 -0.957653 -1.902329 -14.399059 -0.311204 0.038773 14.167834 127.0
280 7965.0 -0.771051 1.221299 0.0 -0.933863 -1.902329 -14.399059 -0.311204 0.038773 14.167834 127.0
281 7965.0 -0.753493 1.255483 0.0 -0.953161 -1.902329 -14.399059 -0.311204 0.038773 14.167834 127.0
282 7965.0 -0.718437 1.252686 0.0 -0.926076 -1.902329 -14.399059 -0.311204 0.038773 14.167834 127.0
283 7965.0 -0.722476 1.272482 0.0 -0.943625 -1.902329 -14.399059 -0.311204 0.038773 14.167834 127.0
284 7965.0 -0.727318 1.279511 0.0 -0.951423 -1.902329 -14.399059 -0.311204 0.038773 14.167834 127.0
285 7965.0 -0.738733 1.277222 0.0 -0.957575 -1.902329 -14.399059 -0.311204 0.038773 14.167834 127.0
286 7965.0 -0.691579 1.295946 0.0 -0.938176 -1.902329 -14.399059 -0.311204 0.038773 14.167834 127.0
287 7965.0 -0.702065 1.314107 0.0 -0.95697 -1.902329 -14.399059 -0.311204 0.038773 14.167834 127.0
