 time p.x p.y p.z deep.node-0 CV opes.bias opes.rct opes.zed opes.neff opes.nker
0 11065.0 0.654829 0.539509 0.0 1.11424 -0.850886 -10.759509 -0.344152 0.035682 14.167834 138.0
1 11065.0 0.655494 0.545788 0.0 1.108995 -0.850886 -10.759509 -0.344152 0.035682 14.167834 138.0
2 11065.0 0.651134 0.552847 0.0 1.099195 -0.850886 -10.759509 -0.344152 0.035682 14.167834 138.0
3 11065.0 0.650337 0.5525 0.0 1.098904 -0.850886 -10.759509 -0.344152 0.035682 14.167834 138.0
4 11065.0 0.653739 0.558027 0.0 1.096442 -0.850886 -10.759509 -0.344152 0.035682 14.167834 138.0
5 11065.0 0.680253 0.559526 0.0 1.115339 -0.850886 -10.759509 -0.344152 0.035682 14.167834 138.0
6 11065.0 0.675022 0.581833 0.0 1.090903 -0.850886 -10.759509 -0.344152 0.035682 14.167834 138.0
7 11065.0 0.688414 0.570691 0.0 1.11135 -0.850886 -10.759509 -0.344152 0.035682 14.167834 138.0
8 11065.0 0.690165 0.554228 0.0 1.127771 -0.850886 -10.759509 -0.344152 0.035682 14.167834 138.0
9 11065.0 0.683649 0.579805 0.0 1.099357 -0.850886 -10.759509 -0.344152 0.035682 14.167834 138.0
10 11065.0 0.703979 0.591829 0.0 1.103884 -0.850886 -10.759509 -0.344152 0.035682 14.167834 138.0
11 11065.0 0.675612 0.601464 0.0 1.07337 -0.850886 -10.759509 -0.344152 0.035682 14.167834 138.0
12 11065.0 0.659063 0.588739 0.0 1.072375 -0.850886 -10.759509 -0.344152 0.035682 14.167834 138.0
13 11065.0 0.652083 0.580107 0.0 1.074947 -0.850886 -10.759509 -0.344152 0.035682 14.167834 138.0
14 11065.0 0.6652 0.579567 0.0 1.08547 -0.850886 -10.759509 -0.344152 0.035682 14.167834 138.0
15 11065.0 0.652283 0.577916 0.0 1.077108 -0.850886 -10.759509 -0.344152 0.035682 14.167834 138.0
16 11065.0 0.642888 0.557617 0.0 1.088521 -0.850886 -10.759509 -0.344152 0.035682 14.167834 138.0
17 11065.0 0.665617 0.583954 0.0 1.081771 -0.850886 -10.759509 -0.344152 0.035682 14.167834 138.0
18 11065.0 0.656901 0.565731 0.0 1.091801 -0.850886 -10.759509 -0.344152 0.035682 14.167834 138.0
19 11065.0 0.662567 0.539099 0.0 1.120531 -0.850886 -10.759509 -0.344152 0.035682 14.167834 138.0
20 11065.0 0.668405 0.534432 0.0 1.12927 -0.850886 -10.759509 -0.344152 0.035682 14.167834 138.0
21 11065.0 0.653457 0.529941 0.0 1.121956 -0.850886 -10.759509 -0.344152 0.035682 14.167834 138.0
22 11065.0 0.637322 0.557812 0.0 1.084087 -0.850886 -10.759509 -0.344152 0.035682 14.167834 138.0
23 11065.0 0.611881 0.561017 0.0 1.061701 -0.850886 -10.759509 -0.344152 0.035682 14.167834 138.0
24 11065.0 0.63748 0.576148 0.0 1.06741 -0.850886 -10.759509 -0.344152 0.035682 14.167834 138.0
25 11065.0 0.633104 0.574768 0.0 1.065328 -0.850886 -10.759509 -0.344152 0.035682 14.167834 138.0
26 11065.0 0.633661 0.563521 0.0 1.076058 -0.850886 -10.759509 -0.344152 0.035682 14.167834 138.0
27 11065.0 0.638136 0.565515 0.0 1.077652 -0.850886 -10.759509 -0.344152 0.035682 14.167834 138.0
28 11065.0 0.641214 0.550246 0.0 1.093994 -0.850886 -10.759509 -0.344152 0.035682 14.167834 138.0
29 11065.0 0.632233 0.562212 0.0 1.076166 -0.850886 -10.759509 -0.344152 0.035682 14.167834 138.0
30 11065.0 0.636816 0.589247 0.0 1.054902 -0.850886 -10.759509 -0.344152 0.035682 14.167834 138.0
31 11065.0 0.643054 0.605024 0.0 1.045217 -0.850886 -10.759509 -0.344152 0.035682 14.167834 138.0
32 11065.0 0.64304 0.586181 0.0 1.062468 -0.850886 -10.759509 -0.344152 0.035682 14.167834 138.0
33 11065.0 0.652138 0.586358 0.0 1.069262 -0.850886 -10.759509 -0.344152 0.035682 14.167834 138.0
34 11065.0 0.625504 0.599236 0.0 1.037102 -0.850886 -10.759509 -0.344152 0.035682 14.167834 138.0
35 11065.0 0.607844 0.596487 0.0 1.026119 -0.850886 -10.759509 -0.344152 0.035682 14.167834 138.0
36 11065.0 0.603476 0.613871 0.0 1.006854 -0.850886 -10.759509 -0.344152 0.035682 14.167834 138.0
37 11065.0 0.619538 0.60353 0.0 1.028607 -0.850886 -10.759509 -0.344152 0.035682 14.167834 138.0
38 11065.0 0.596559 0.627981 0.0 0.988639 -0.850886 -10.759509 -0.344152 0.035682 14.167834 138.0
39 11065.0 0.60803 0.592801 0.0 1.029637 -0.850886 -10.759509 -0.344152 0.035682 14.167834 138.0
40 11065.0 0.627905 0.580146 0.0 1.056426 -0.850886 -10.759509 -0.344152 0.035682 14.167834 138.0
41 11065.0 0.636004 0.587045 0.0 1.056299 -0.850886 -10.759509 -0.344152 0.035682 14.167834 138.0
42 11065.0 0.648313 0.608331 0.0 1.046208 -0.850886 -10.759509 -0.344152 0.035682 14.167834 138.0
43 11065.0 0.665315 0.584625 0.0 1.080925 -0.850886 -10.759509 -0.344152 0.035682 14.167834 138.0
44 11065.0 0.641365 0.575322 0.0 1.071137 -0.850886 -10.759509 -0.344152 0.035682 14.167834 138.0
45 11065.0 0.640951 0.609028 0.0 1.039941 -0.850886 -10.759509 -0.344152 0.035682 14.167834 138.0
46 11065.0 0.616477 0.603079 0.0 1.02668 -0.850886 -10.759509 -0.344152 0.035682 14.167834 138.0
47 11065.0 0.607355 0.588136 0.0 1.033396 -0.850886 -10.759509 -0.344152 0.035682 14.167834 138.0
48 11065.0 0.599062 0.579483 0.0 1.034983 -0.850886 -10.759509 -0.344152 0.035682 14.167834 138.0
49 11065.0 0.594926 0.572659 0.0 1.038073 -0.850886 -10.759509 -0.344152 0.035682 14.167834 138.0
50 11065.0 0.589042 0.559641 0.0 1.045501 -0.850886 -10.759509 -0.344152 0.035682 14.167834 138.0
51 11065.0 0.602907 0.549438 0.0 1.065447 -0.850886 -10.759509 -0.344152 0.035682 14.167834 138.0
52 11065.0 0.593897 0.539109 0.0 1.068022 -0.850886 -10.759509 -0.344152 0.035682 14.167834 138.0
53 11065.0 0.560628 0.546865 0.0 1.035481 -0.850886 -10.759509 -0.344152 0.035682 14.167834 138.0
54 11065.0 0.556025 0.560392 0.0 1.019569 -0.850886 -10.759509 -0.344152 0.035682 14.167834 138.0
55 11065.0 0.562815 0.542432 0.0 1.041214 -0.850886 -10.759509 -0.344152 0.035682 14.167834 138.0
56 11065.0 0.537051 0.547317 0.0 1.017042 -0.850886 -10.759509 -0.344152 0.035682 14.167834 138.0
57 11065.0 0.500555 0.553355 0.0 0.983608 -0.850886 -10.759509 -0.344152 0.035682 14.167834 138.0
58 11065.0 0.508719 0.56364 0.0 0.980427 -0.850886 -10.759509 -0.344152 0.035682 14.167834 138.0
59 11065.0 0.509399 0.535707 0.0 1.006538 -0.850886 -10.759509 -0.344152 0.035682 14.167834 138.0
60 11065.0 0.519348 0.527647 0.0 1.021528 -0.850886 -10.759509 -0.344152 0.035682 14.167834 138.0
61 11065.0 0.483004 0.537477 0.0 0.984736 -0.850886 -10.759509 -0.344152 0.035682 14.167834 138.0
62 11065.0 0.476108 0.522407 0.0 0.99327 -0.850886 -10.759509 -0.344152 0.035682 14.167834 138.0
63 11065.0 0.477089 0.530621 0.0 0.986495 -0.850886 -10.759509 -0.344152 0.035682 14.167834 138.0
64 11065.0 0.472376 0.521921 0.0 0.990862 -0.850886 -10.759509 -0.344152 0.035682 14.167834 138.0
65 11065.0 0.516688 0.535098 0.0 1.012668 -0.850886 -10.759509 -0.344152 0.035682 14.167834 138.0
66 11065.0 0.497744 0.529616 0.0 1.003207 -0.850886 -10.759509 -0.344152 0.035682 14.167834 138.0
67 11065.0 0.506008 0.541305 0.0 0.998816 -0.850886 -10.759509 -0.344152 0.035682 14.167834 138.0
68 11065.0 0.512624 0.535443 0.0 1.009245 -0.850886 -10.759509 -0.344152 0.035682 14.167834 138.0
69 11065.0 0.487753 0.53374 0.0 0.991791 -0.850886 -10.759509 -0.344152 0.035682 14.167834 138.0
70 11065.0 0.477785 0.541869 0.0 0.976722 -0.850886 -10.759509 -0.344152 0.035682 14.167834 138.0
71 11065.0 0.435057 0.536585 0.0 0.948897 -0.850886 -10.759509 -0.344152 0.035682 14.167834 138.0
72 11065.0 0.416367 0.531941 0.0 0.938862 -0.850886 -10.759509 -0.344152 0.035682 14.167834 138.0
73 11065.0 0.404172 0.518258 0.0 0.942074 -0.850886 -10.759509 -0.344152 0.035682 14.167834 138.0
74 11065.0 0.393265 0.516093 0.0 0.935719 -0.850886 -10.759509 -0.344152 0.035682 14.167834 138.0
75 11065.0 0.399442 0.534452 0.0 0.923622 -0.850886 -10.759509 -0.344152 0.035682 14.167834 138.0
76 11065.0 0.418423 0.517528 0.0 0.953639 -0.850886 -10.759509 -0.344152 0.035682 14.167834 138.0
77 11065.0 0.418696 0.52686 0.0 0.945298 -0.850886 -10.759509 -0.344152 0.035682 14.167834 138.0
78 11065.0 0.410051 0.555893 0.0 0.91209 -0.850886 -10.759509 -0.344152 0.035682 14.167834 138.0
79 11065.0 0.395359 0.552408 0.0 0.904051 -0.850886 -10.759509 -0.344152 0.035682 14.167834 138.0
80 11065.0 0.397791 0.550078 0.0 0.908044 -0.850886 -10.759509 -0.344152 0.035682 14.167834 138.0
81 11065.0 0.391113 0.535238 0.0 0.916534 -0.850886 -10.759509 -0.344152 0.035682 14.167834 138.0
82 11065.0 0.381491 0.566615 0.0 0.880433 -0.850886 -10.759509 -0.344152 0.035682 14.167834 138.0
83 11065.0 0.407137 0.553978 0.0 0.911617 -0.850886 -10.759509 -0.344152 0.035682 14.167834 138.0
84 11065.0 0.411743 0.544971 0.0 0.92339 -0.850886 -10.759509 -0.344152 0.035682 14.167834 138.0
85 11065.0 0.39589 0.546565 0.0 0.90981 -0.850886 -10.759509 -0.344152 0.035682 14.167834 138.0
86 11065.0 0.382331 0.50681 0.0 0.935864 -0.850886 -10.759509 -0.344152 0.035682 14.167834 138.0
87 11065.0 0.376982 0.499544 0.0 0.939034 -0.850886 -10.759509 -0.344152 0.035682 14.167834 138.0
88 11065.0 0.362214 0.514217 0.0 0.914276 -0.850886 -10.759509 -0.344152 0.035682 14.167834 138.0
89 11065.0 0.369249 0.517848 0.0 0.91575 -0.850886 -10.759509 -0.344152 0.035682 14.167834 138.0
90 11065.0 0.372233 0.524577 0.0 0.911866 -0.850886 -10.759509 -0.344152 0.035682 14.167834 138.0
91 11065.0 0.361586 0.512097 0.0 0.915908 -0.850886 -10.759509 -0.344152 0.035682 14.167834 138.0
92 11065.0 0.356193 0.496349 0.0 0.927515 -0.850886 -10.759509 -0.344152 0.035682 14.167834 138.0
93 11065.0 0.325885 0.495529 0.0 0.906965 -0.850886 -10.759509 -0.344152 0.035682 14.167834 138.0
94 11065.0 0.322333 0.502386 0.0 0.897756 -0.850886 -10.759509 -0.344152 0.035682 14.167834 138.0
95 11065.0 0.30695 0.51146 0.0 0.878041 -0.850886 -10.759509 -0.344152 0.035682 14.167834 138.0
96 11065.0 0.350205 0.5343 0.0 0.886169 -0.850886 -10.759509 -0.344152 0.035682 14.167834 138.0
97 11065.0 0.359602 0.535159 0.0 0.892516 -0.850886 -10.759509 -0.344152 0.035682 14.167834 138.0
98 11065.0 0.341775 0.535899 0.0 0.878667 -0.850886 -10.759509 -0.344152 0.035682 14.167834 138.0
99 11065.0 0.320702 0.508058 0.0 0.891057 -0.850886 -10.759509 -0.344152 0.035682 14.167834 138.0
100 11065.0 0.314775 0.505665 0.0 0.889222 -0.850886 -10.759509 -0.344152 0.035682 14.167834 138.0
101 11065.0 0.313566 0.50407 0.0 0.889932 -0.850886 -10.759509 -0.344152 0.035682 14.167834 138.0
102 11065.0 0.298644 0.542064 0.0 0.842251 -0.850886 -10.759509 -0.344152 0.035682 14.167834 138.0
103 11065.0 0.272612 0.557099 0.0 0.809204 -0.850886 -10.759509 -0.344152 0.035682 14.167834 138.0
104 11065.0 0.260847 0.532285 0.0 0.825191 -0.850886 -10.759509 -0.344152 0.035682 14.167834 138.0
105 11065.0 0.24772 0.525602 0.0 0.822726 -0.850886 -10.759509 -0.344152 0.035682 14.167834 138.0
106 11065.0 0.235485 0.524224 0.0 0.815963 -0.850886 -10.759509 -0.344152 0.035682 14.167834 138.0
107 11065.0 0.228819 0.519763 0.0 0.816036 -0.850886 -10.759509 -0.344152 0.035682 14.167834 138.0
108 11065.0 0.222827 0.498261 0.0 0.833819 -0.850886 -10.759509 -0.344152 0.035682 14.167834 138.0
109 11065.0 0.207306 0.48322 0.0 0.838703 -0.850886 -10.759509 -0.344152 0.035682 14.167834 138.0
110 11065.0 0.222896 0.497135 0.0 0.835005 -0.850886 -10.759509 -0.344152 0.035682 14.167834 138.0
111 11065.0 0.200008 0.473392 0.0 0.843789 -0.850886 -10.759509 -0.344152 0.035682 14.167834 138.0
112 11065.0 0.2037 0.481756 0.0 0.83778 -0.850886 -10.759509 -0.344152 0.035682 14.167834 138.0
113 11065.0 0.210742 0.500267 0.0 0.823727 -0.850886 -10.759509 -0.344152 0.035682 14.167834 138.0
114 11065.0 0.219619 0.51216 0.0 0.817601 -0.850886 -10.759509 -0.344152 0.035682 14.167834 138.0
115 11065.0 0.226714 0.519397 0.0 0.815002 -0.850886 -10.759509 -0.344152 0.035682 14.167834 138.0
116 11065.0 0.227996 0.506013 0.0 0.829413 -0.850886 -10.759509 -0.344152 0.035682 14.167834 138.0
117 11065.0 0.217384 0.503843 0.0 0.824534 -0.850886 -10.759509 -0.344152 0.035682 14.167834 138.0
118 11065.0 0.217333 0.5197 0.0 0.808439 -0.850886 -10.759509 -0.344152 0.035682 14.167834 138.0
119 11065.0 0.211385 0.511962 0.0 0.81231 -0.850886 -10.759509 -0.344152 0.035682 14.167834 138.0
120 11065.0 0.194101 0.513076 0.0 0.799655 -0.850886 -10.759509 -0.344152 0.035682 14.167834 138.0
121 11065.0 0.203729 0.504312 0.0 0.814953 -0.850886 -10.759509 -0.344152 0.035682 14.167834 138.0
122 11065.0 0.209193 0.499391 0.0 0.823582 -0.850886 -10.759509 -0.344152 0.035682 14.167834 138.0
123 11065.0 0.184778 0.489618 0.0 0.817198 -0.850886 -10.759509 -0.344152 0.035682 14.167834 138.0
124 11065.0 0.194427 0.502353 0.0 0.810734 -0.850886 -10.759509 -0.344152 0.035682 14.167834 138.0
125 11065.0 0.18612 0.496483 0.0 0.81114 -0.850886 -10.759509 -0.344152 0.035682 14.167834 138.0
126 11065.0 0.166324 0.52916 0.0 0.76484 -0.850886 -10.759509 -0.344152 0.035682 14.167834 138.0
127 11065.0 0.175766 0.510402 0.0 0.790136 -0.850886 -10.759509 -0.344152 0.035682 14.167834 138.0
128 11065.0 0.150817 0.522457 0.0 0.761287 -0.850886 -10.759509 -0.344152 0.035682 14.167834 138.0
129 11065.0 0.157316 0.5022 0.0 0.78614 -0.850886 -10.759509 -0.344152 0.035682 14.167834 138.0
130 11065.0 0.149074 0.4997 0.0 0.783174 -0.850886 -10.759509 -0.344152 0.035682 14.167834 138.0
131 11065.0 0.155488 0.496818 0.0 0.790371 -0.850886 -10.759509 -0.344152 0.035682 14.167834 138.0
132 11065.0 0.151244 0.495584 0.0 0.788791 -0.850886 -10.759509 -0.344152 0.035682 14.167834 138.0
133 11065.0 0.1428 0.488618 0.0 0.790215 -0.850886 -10.759509 -0.344152 0.035682 14.167834 138.0
134 11065.0 0.141795 0.485008 0.0 0.793201 -0.850886 -10.759509 -0.344152 0.035682 14.167834 138.0
135 11065.0 0.074922 0.483512 0.0 0.750119 -0.850886 -10.759509 -0.344152 0.035682 14.167834 138.0
136 11065.0 0.06138 0.519456 0.0 0.704681 -0.850886 -10.759509 -0.344152 0.035682 14.167834 138.0
137 11065.0 0.046691 0.526047 0.0 0.688209 -0.850886 -10.759509 -0.344152 0.035682 14.167834 138.0
138 11065.0 0.013132 0.511302 0.0 0.680764 -0.850886 -10.759509 -0.344152 0.035682 14.167834 138.0
139 11065.0 0.010842 0.501808 0.0 0.688853 -0.850886 -10.759509 -0.344152 0.035682 14.167834 138.0
140 11065.0 -0.024915 0.48921 0.0 0.677767 -0.850886 -10.759509 -0.344152 0.035682 14.167834 138.0
141 11065.0 -0.022288 0.506584 0.0 0.66192 -0.850886 -10.759509 -0.344152 0.035682 14.167834 138.0
142 11065.0 -0.02226 0.499059 0.0 0.669561 -0.850886 -10.759509 -0.344152 0.035682 14.167834 138.0
143 11065.0 -0.024355 0.52181 0.0 0.64512 -0.850886 -10.759509 -0.344152 0.035682 14.167834 138.0
144 11065.0 -0.048281 0.506359 0.0 0.643544 -0.850886 -10.759509 -0.344152 0.035682 14.167834 138.0
145 11065.0 -0.031471 0.502753 0.0 0.659676 -0.850886 -10.759509 -0.344152 0.035682 14.167834 138.0
146 11065.0 -0.062139 0.507183 0.0 0.630736 -0.850886 -10.759509 -0.344152 0.035682 14.167834 138.0
147 11065.0 -0.076443 0.499299 0.0 0.626858 -0.850886 -10.759509 -0.344152 0.035682 14.167834 138.0
148 11065.0 -0.067468 0.508774 0.0 0.624448 -0.850886 -10.759509 -0.344152 0.035682 14.167834 138.0
149 11065.0 -0.088579 0.495295 0.0 0.620695 -0.850886 -10.759509 -0.344152 0.035682 14.167834 138.0
150 11065.0 -0.085812 0.513293 0.0 0.603827 -0.850886 -10.759509 -0.344152 0.035682 14.167834 138.0
151 11065.0 -0.094025 0.506556 0.0 0.603964 -0.850886 -10.759509 -0.344152 0.035682 14.167834 138.0
152 11065.0 -0.115938 0.540792 0.0 0.548484 -0.850886 -10.759509 -0.344152 0.035682 14.167834 138.0
153 11065.0 -0.125178 0.52556 0.0 0.556824 -0.850886 -10.759509 -0.344152 0.035682 14.167834 138.0
154 11065.0 -0.117089 0.531943 0.0 0.556958 -0.850886 -10.759509 -0.344152 0.035682 14.167834 138.0
155 11065.0 -0.084786 0.520847 0.0 0.59663 -0.850886 -10.759509 -0.344152 0.035682 14.167834 138.0
156 11065.0 -0.059534 0.55002 0.0 0.587161 -0.850886 -10.759509 -0.344152 0.035682 14.167834 138.0
157 11065.0 -0.062571 0.569781 0.0 0.56341 -0.850886 -10.759509 -0.344152 0.035682 14.167834 138.0
158 11065.0 -0.087171 0.578697 0.0 0.532701 -0.850886 -10.759509 -0.344152 0.035682 14.167834 138.0
159 11065.0 -0.093146 0.566217 0.0 0.540907 -0.850886 -10.759509 -0.344152 0.035682 14.167834 138.0
160 11065.0 -0.108351 0.567367 0.0 0.526591 -0.850886 -10.759509 -0.344152 0.035682 14.167834 138.0
161 11065.0 -0.098446 0.573657 0.0 0.528388 -0.850886 -10.759509 -0.344152 0.035682 14.167834 138.0
162 11065.0 -0.124245 0.550815 0.0 0.530615 -0.850886 -10.759509 -0.344152 0.035682 14.167834 138.0
163 11065.0 -0.12563 0.554845 0.0 0.525111 -0.850886 -10.759509 -0.344152 0.035682 14.167834 138.0
164 11065.0 -0.12897 0.562589 0.0 0.513955 -0.850886 -10.759509 -0.344152 0.035682 14.167834 138.0
165 11065.0 -0.14326 0.562495 0.0 0.501756 -0.850886 -10.759509 -0.344152 0.035682 14.167834 138.0
166 11065.0 -0.155856 0.540963 0.0 0.513946 -0.850886 -10.759509 -0.344152 0.035682 14.167834 138.0
167 11065.0 -0.170817 0.51959 0.0 0.523929 -0.850886 -10.759509 -0.344152 0.035682 14.167834 138.0
168 11065.0 -0.175763 0.526202 0.0 0.512599 -0.850886 -10.759509 -0.344152 0.035682 14.167834 138.0
169 11065.0 -0.202433 0.515169 0.0 0.499627 -0.850886 -10.759509 -0.344152 0.035682 14.167834 138.0
170 11065.0 -0.207492 0.505134 0.0 0.50662 -0.850886 -10.759509 -0.344152 0.035682 14.167834 138.0
171 11065.0 -0.227056 0.5226 0.0 0.466086 -0.850886 -10.759509 -0.344152 0.035682 14.167834 138.0
172 11065.0 -0.19766 0.530889 0.0 0.485519 -0.850886 -10.759509 -0.344152 0.035682 14.167834 138.0
173 11065.0 -0.199753 0.531489 0.0 0.482706 -0.850886 -10.759509 -0.344152 0.035682 14.167834 138.0
174 11065.0 -0.194624 0.513692 0.0 0.509207 -0.850886 -10.759509 -0.344152 0.035682 14.167834 138.0
175 11065.0 -0.177455 0.51691 0.0 0.521082 -0.850886 -10.759509 -0.344152 0.035682 14.167834 138.0
176 11065.0 -0.192942 0.505974 0.0 0.51945 -0.850886 -10.759509 -0.344152 0.035682 14.167834 138.0
177 11065.0 -0.196631 0.493615 0.0 0.529494 -0.850886 -10.759509 -0.344152 0.035682 14.167834 138.0
178 11065.0 -0.19336 0.521599 0.0 0.500974 -0.850886 -10.759509 -0.344152 0.035682 14.167834 138.0
179 11065.0 -0.211195 0.515467 0.0 0.49051 -0.850886 -10.759509 -0.344152 0.035682 14.167834 138.0
180 11065.0 -0.210841 0.507 0.0 0.501032 -0.850886 -10.759509 -0.344152 0.035682 14.167834 138.0
181 11065.0 -0.216281 0.540534 0.0 0.45532 -0.850886 -10.759509 -0.344152 0.035682 14.167834 138.0
182 11065.0 -0.205367 0.536178 0.0 0.471463 -0.850886 -10.759509 -0.344152 0.035682 14.167834 138.0
183 11065.0 -0.198241 0.514207 0.0 0.504973 -0.850886 -10.759509 -0.344152 0.035682 14.167834 138.0
184 11065.0 -0.200301 0.469436 0.0 0.552197 -0.850886 -10.759509 -0.344152 0.035682 14.167834 138.0
185 11065.0 -0.207031 0.465871 0.0 0.550217 -0.850886 -10.759509 -0.344152 0.035682 14.167834 138.0
186 11065.0 -0.209952 0.458613 0.0 0.555466 -0.850886 -10.759509 -0.344152 0.035682 14.167834 138.0
187 11065.0 -0.202291 0.459982 0.0 0.560596 -0.850886 -10.759509 -0.344152 0.035682 14.167834 138.0
188 11065.0 -0.19268 0.482204 0.0 0.545099 -0.850886 -10.759509 -0.344152 0.035682 14.167834 138.0
189 11065.0 -0.161013 0.485539 0.0 0.568787 -0.850886 -10.759509 -0.344152 0.035682 14.167834 138.0
190 11065.0 -0.129779 0.500438 0.0 0.579734 -0.850886 -10.759509 -0.344152 0.035682 14.167834 138.0
191 11065.0 -0.123823 0.495416 0.0 0.590232 -0.850886 -10.759509 -0.344152 0.035682 14.167834 138.0
192 11065.0 -0.124548 0.492678 0.0 0.592537 -0.850886 -10.759509 -0.344152 0.035682 14.167834 138.0
193 11065.0 -0.139263 0.492662 0.0 0.579889 -0.850886 -10.759509 -0.344152 0.035682 14.167834 138.0
194 11065.0 -0.155878 0.499728 0.0 0.558031 -0.850886 -10.759509 -0.344152 0.035682 14.167834 138.0
195 11065.0 -0.153849 0.508272 0.0 0.550638 -0.850886 -10.759509 -0.344152 0.035682 14.167834 138.0
196 11065.0 -0.124751 0.508779 0.0 0.575141 -0.850886 -10.759509 -0.344152 0.035682 14.167834 138.0
197 11065.0 -0.132212 0.516067 0.0 0.560924 -0.850886 -10.759509 -0.344152 0.035682 14.167834 138.0
198 11065.0 -0.162586 0.523452 0.0 0.526882 -0.850886 -10.759509 -0.344152 0.035682 14.167834 138.0
199 11065.0 -0.146508 0.514615 0.0 0.550172 -0.850886 -10.759509 -0.344152 0.035682 14.167834 138.0
200 11065.0 -0.141432 0.516527 0.0 0.552496 -0.850886 -10.759509 -0.344152 0.035682 14.167834 138.0
201 11065.0 -0.157091 0.507682 0.0 0.548479 -0.850886 -10.759509 -0.344152 0.035682 14.167834 138.0
202 11065.0 -0.172665 0.498744 0.0 0.544635 -0.850886 -10.759509 -0.344152 0.035682 14.167834 138.0
203 11065.0 -0.148986 0.528572 0.0 0.533111 -0.850886 -10.759509 -0.344152 0.035682 14.167834 138.0
204 11065.0 -0.129966 0.528291 0.0 0.549782 -0.850886 -10.759509 -0.344152 0.035682 14.167834 138.0
205 11065.0 -0.121881 0.527956 0.0 0.557099 -0.850886 -10.759509 -0.344152 0.035682 14.167834 138.0
206 11065.0 -0.109335 0.538693 0.0 0.556412 -0.850886 -10.759509 -0.344152 0.035682 14.167834 138.0
207 11065.0 -0.104204 0.52424 0.0 0.576288 -0.850886 -10.759509 -0.344152 0.035682 14.167834 138.0
208 11065.0 -0.115183 0.523071 0.0 0.568089 -0.850886 -10.759509 -0.344152 0.035682 14.167834 138.0
209 11065.0 -0.131209 0.533185 0.0 0.543478 -0.850886 -10.759509 -0.344152 0.035682 14.167834 138.0
210 11065.0 -0.125216 0.525428 0.0 0.556932 -0.850886 -10.759509 -0.344152 0.035682 14.167834 138.0
211 11065.0 -0.129105 0.504632 0.0 0.575829 -0.850886 -10.759509 -0.344152 0.035682 14.167834 138.0
212 11065.0 -0.129643 0.502809 0.0 0.577315 -0.850886 -10.759509 -0.344152 0.035682 14.167834 138.0
213 11065.0 -0.157323 0.476793 0.0 0.581318 -0.850886 -10.759509 -0.344152 0.035682 14.167834 138.0
214 11065.0 -0.161308 0.458104 0.0 0.597878 -0.850886 -10.759509 -0.344152 0.035682 14.167834 138.0
215 11065.0 -0.187635 0.495328 0.0 0.535405 -0.850886 -10.759509 -0.344152 0.035682 14.167834 138.0
216 11065.0 -0.184266 0.500737 0.0 0.532518 -0.850886 -10.759509 -0.344152 0.035682 14.167834 138.0
217 11065.0 -0.184744 0.518051 0.0 0.513588 -0.850886 -10.759509 -0.344152 0.035682 14.167834 138.0
218 11065.0 -0.17425 0.511707 0.0 0.529406 -0.850886 -10.759509 -0.344152 0.035682 14.167834 138.0
219 11065.0 -0.17957 0.516667 0.0 0.519522 -0.850886 -10.759509 -0.344152 0.035682 14.167834 138.0
220 11065.0 -0.182235 0.498417 0.0 0.536748 -0.850886 -10.759509 -0.344152 0.035682 14.167834 138.0
221 11065.0 -0.183793 0.494067 0.0 0.54006 -0.850886 -10.759509 -0.344152 0.035682 14.167834 138.0
222 11065.0 -0.200779 0.482558 0.0 0.53775 -0.850886 -10.759509 -0.344152 0.035682 14.167834 138.0
223 11065.0 -0.216022 0.501595 0.0 0.502343 -0.850886 -10.759509 -0.344152 0.035682 14.167834 138.0
224 11065.0 -0.232264 0.501079 0.0 0.486726 -0.850886 -10.759509 -0.344152 0.035682 14.167834 138.0
225 11065.0 -0.215792 0.50127 0.0 0.502964 -0.850886 -10.759509 -0.344152 0.035682 14.167834 138.0
226 11065.0 -0.196326 0.489733 0.0 0.533909 -0.850886 -10.759509 -0.344152 0.035682 14.167834 138.0
227 11065.0 -0.211305 0.503461 0.0 0.504818 -0.850886 -10.759509 -0.344152 0.035682 14.167834 138.0
228 11065.0 -0.203185 0.535355 0.0 0.474632 -0.850886 -10.759509 -0.344152 0.035682 14.167834 138.0
229 11065.0 -0.199913 0.52983 0.0 0.484539 -0.850886 -10.759509 -0.344152 0.035682 14.167834 138.0
230 11065.0 -0.205073 0.508543 0.0 0.504946 -0.850886 -10.759509 -0.344152 0.035682 14.167834 138.0
231 11065.0 -0.215578 0.509773 0.0 0.492966 -0.850886 -10.759509 -0.344152 0.035682 14.167834 138.0
232 11065.0 -0.222615 0.510425 0.0 0.485147 -0.850886 -10.759509 -0.344152 0.035682 14.167834 138.0
233 11065.0 -0.210114 0.522413 0.0 0.483248 -0.850886 -10.759509 -0.344152 0.035682 14.167834 138.0
234 11065.0 -0.200595 0.510906 0.0 0.506584 -0.850886 -10.759509 -0.344152 0.035682 14.167834 138.0
235 11065.0 -0.178582 0.504074 0.0 0.533841 -0.850886 -10.759509 -0.344152 0.035682 14.167834 138.0
236 11065.0 -0.19418 0.51292 0.0 0.510579 -0.850886 -10.759509 -0.344152 0.035682 14.167834 138.0
237 11065.0 -0.2259 0.513696 0.0 0.477936 -0.850886 -10.759509 -0.344152 0.035682 14.167834 138.0
238 11065.0 -0.224919 0.49707 0.0 0.498883 -0.850886 -10.759509 -0.344152 0.035682 14.167834 138.0
239 11065.0 -0.194535 0.493098 0.0 0.531851 -0.850886 -10.759509 -0.344152 0.035682 14.167834 138.0
240 11065.0 -0.181831 0.515435 0.0 0.518894 -0.850886 -10.759509 -0.344152 0.035682 14.167834 138.0
241 11065.0 -0.174865 0.531521 0.0 0.507549 -0.850886 -10.759509 -0.344152 0.035682 14.167834 138.0
242 11065.0 -0.148857 0.511747 0.0 0.551218 -0.850886 -10.759509 -0.344152 0.035682 14.167834 138.0
243 11065.0 -0.163521 0.521134 0.0 0.528557 -0.850886 -10.759509 -0.344152 0.035682 14.167834 138.0
244 11065.0 -0.171126 0.50521 0.0 0.539043 -0.850886 -10.759509 -0.344152 0.035682 14.167834 138.0
245 11065.0 -0.167977 0.518864 0.0 0.52715 -0.850886 -10.759509 -0.344152 0.035682 14.167834 138.0
246 11065.0 -0.177093 0.542165 0.0 0.492539 -0.850886 -10.759509 -0.344152 0.035682 14.167834 138.0
247 11065.0 -0.174311 0.543191 0.0 0.494087 -0.850886 -10.759509 -0.344152 0.035682 14.167834 138.0
248 11065.0 -0.157294 0.533918 0.0 0.520242 -0.850886 -10.759509 -0.344152 0.035682 14.167834 138.0
249 11065.0 -0.157736 0.520696 0.0 0.534005 -0.850886 -10.759509 -0.344152 0.035682 14.167834 138.0
250 11065.0 -0.175755 0.494339 0.0 0.546687 -0.850886 -10.759509 -0.344152 0.035682 14.167834 138.0
251 11065.0 -0.164964 0.50928 0.0 0.539994 -0.850886 -10.759509 -0.344152 0.035682 14.167834 138.0
252 11065.0 -0.189039 0.520032 0.0 0.507177 -0.850886 -10.759509 -0.344152 0.035682 14.167834 138.0
253 11065.0 -0.18038 0.499806 0.0 0.536858 -0.850886 -10.759509 -0.344152 0.035682 14.167834 138.0
254 11065.0 -0.161782 0.520764 0.0 0.530449 -0.850886 -10.759509 -0.344152 0.035682 14.167834 138.0
255 11065.0 -0.165722 0.516561 0.0 0.531553 -0.850886 -10.759509 -0.344152 0.035682 14.167834 138.0
256 11065.0 -0.188112 0.5274 0.0 0.499254 -0.850886 -10.759509 -0.344152 0.035682 14.167834 138.0
257 11065.0 -0.189571 0.566392 0.0 0.450968 -0.850886 -10.759509 -0.344152 0.035682 14.167834 138.0
258 11065.0 -0.203612 0.55182 0.0 0.454431 -0.850886 -10.759509 -0.344152 0.035682 14.167834 138.0
259 11065.0 -0.210199 0.546975 0.0 0.453666 -0.850886 -10.759509 -0.344152 0.035682 14.167834 138.0
260 11065.0 -0.197838 0.509157 0.0 0.511441 -0.850886 -10.759509 -0.344152 0.035682 14.167834 138.0
261 11065.0 -0.205637 0.511315 0.0 0.501052 -0.850886 -10.759509 -0.344152 0.035682 14.167834 138.0
262 11065.0 -0.190101 0.537305 0.0 0.485371 -0.850886 -10.759509 -0.344152 0.035682 14.167834 138.0
263 11065.0 -0.183041 0.544998 0.0 0.48319 -0.850886 -10.759509 -0.344152 0.035682 14.167834 138.0
264 11065.0 -0.192159 0.529141 0.0 0.493118 -0.850886 -10.759509 -0.344152 0.035682 14.167834 138.0
265 11065.0 -0.201698 0.571337 0.0 0.432906 -0.850886 -10.759509 -0.344152 0.035682 14.167834 138.0
266 11065.0 -0.204102 0.569902 0.0 0.432226 -0.850886 -10.759509 -0.344152 0.035682 14.167834 138.0
267 11065.0 -0.217106 0.565386 0.0 0.424649 -0.850886 -10.759509 -0.344152 0.035682 14.167834 138.0
268 11065.0 -0.247356 0.582998 0.0 0.373256 -0.850886 -10.759509 -0.344152 0.035682 14.167834 138.0
269 11065.0 -0.25027 0.545283 0.0 0.415637 -0.850886 -10.759509 -0.344152 0.035682 14.167834 138.0
270 11065.0 -0.232474 0.5535 0.0 0.42356 -0.850886 -10.759509 -0.344152 0.035682 14.167834 138.0
271 11065.0 -0.216617 0.55018 0.0 0.4434 -0.850886 -10.759509 -0.344152 0.035682 14.167834 138.0
272 11065.0 -0.230611 0.559071 0.0 0.418732 -0.850886 -10.759509 -0.344152 0.035682 14.167834 138.0
273 11065.0 -0.24776 0.554786 0.0 0.406734 -0.850886 -10.759509 -0.344152 0.035682 14.167834 138.0
274 11065.0 -0.268907 0.58286 0.0 0.351877 -0.850886 -10.759509 -0.344152 0.035682 14.167834 138.0
275 11065.0 -0.269144 0.566808 0.0 0.370917 -0.850886 -10.759509 -0.344152 0.035682 14.167834 138.0
276 11065.0 -0.261462 0.571001 0.0 0.373563 -0.850886 -10.759509 -0.344152 0.035682 14.167834 138.0
277 11065.0 -0.27953 0.583663 0.0 0.340292 -0.850886 -10.759509 -0.344152 0.035682 14.167834 138.0
278 11065.0 -0.264343 0.581701 0.0 0.357832 -0.850886 -10.759509 -0.344152 0.035682 14.167834 138.0
279 11065.0 -0.26295 0.533616 0.0 0.416972 -0.850886 -10.759509 -0.344152 0.035682 14.167834 138.0
280 11065.0 -0.265232 0.545967 0.0 0.399859 -0.850886 -10.759509 -0.344152 0.035682 14.167834 138.0
281 11065.0 -0.294332 0.552641 0.0 0.362751 -0.850886 -10.759509 -0.344152 0.035682 14.167834 138.0
282 11065.0 -0.309679 0.54852 0.0 0.352357 -0.850886 -10.759509 -0.344152 0.035682 14.167834 138.0
283 11065.0 -0.321015 0.569988 0.0 0.315243 -0.850886 -10.759509 -0.344152 0.035682 14.167834 138.0
284 11065.0 -0.34384 0.572317 0.0 0.289627 -0.850886 -10.759509 -0.344152 0.035682 14.167834 138.0
285 11065.0 -0.330846 0.595332 0.0 0.274978 -0.850886 -10.759509 -0.344152 0.035682 14.167834 138.0
286 11065.0 -0.353682 0.586678 0.0 0.262541 -0.850886 -10.759509 -0.344152 0.035682 14.167834 138.0
287 11065.0 -0.34095 0.5966 0.0 0.263353 -0.850886 -10.759509 -0.344152 0.035682 14.167834 138.0
