 time p.x p.y p.z deep.node-0 CV opes.bias opes.rct opes.zed opes.neff opes.nker
0 10340.0 -0.541134 0.493371 0.0 0.187201 -1.1493 -11.456191 -0.33735 0.035426 14.167834 139.0
1 10340.0 -0.547919 0.496398 0.0 0.176782 -1.1493 -11.456191 -0.33735 0.035426 14.167834 139.0
2 10340.0 -0.59362 0.486152 0.0 0.143399 -1.1493 -11.456191 -0.33735 0.035426 14.167834 139.0
3 10340.0 -0.632886 0.502863 0.0 0.084075 -1.1493 -11.456191 -0.33735 0.035426 14.167834 139.0
4 10340.0 -0.671811 0.505732 0.0 0.041715 -1.1493 -11.456191 -0.33735 0.035426 14.167834 139.0
5 10340.0 -0.702965 0.51343 0.0 0.001324 -1.1493 -11.456191 -0.33735 0.035426 14.167834 139.0
6 10340.0 -0.709441 0.546759 0.0 -0.045177 -1.1493 -11.456191 -0.33735 0.035426 14.167834 139.0
7 10340.0 -0.718558 0.538404 0.0 -0.044257 -1.1493 -11.456191 -0.33735 0.035426 14.167834 139.0
8 10340.0 -0.695179 0.539388 0.0 -0.022066 -1.1493 -11.456191 -0.33735 0.035426 14.167834 139.0
9 10340.0 -0.686801 0.554154 0.0 -0.031424 -1.1493 -11.456191 -0.33735 0.035426 14.167834 139.0
10 10340.0 -0.718612 0.557108 0.0 -0.066773 -1.1493 -11.456191 -0.33735 0.035426 14.167834 139.0
11 10340.0 -0.735142 0.580754 0.0 -0.111697 -1.1493 -11.456191 -0.33735 0.035426 14.167834 139.0
12 10340.0 -0.748703 0.578072 0.0 -0.122032 -1.1493 -11.456191 -0.33735 0.035426 14.167834 139.0
13 10340.0 -0.768911 0.580035 0.0 -0.144594 -1.1493 -11.456191 -0.33735 0.035426 14.167834 139.0
14 10340.0 -0.796058 0.601265 0.0 -0.197285 -1.1493 -11.456191 -0.33735 0.035426 14.167834 139.0
15 10340.0 -0.771602 0.608929 0.0 -0.182078 -1.1493 -11.456191 -0.33735 0.035426 14.167834 139.0
16 10340.0 -0.775133 0.615454 0.0 -0.193857 -1.1493 -11.456191 -0.33735 0.035426 14.167834 139.0
17 10340.0 -0.763694 0.613636 0.0 -0.17996 -1.1493 -11.456191 -0.33735 0.035426 14.167834 139.0
18 10340.0 -0.754522 0.640416 0.0 -0.203109 -1.1493 -11.456191 -0.33735 0.035426 14.167834 139.0
19 10340.0 -0.782824 0.665932 0.0 -0.255299 -1.1493 -11.456191 -0.33735 0.035426 14.167834 139.0
20 10340.0 -0.782698 0.67839 0.0 -0.268469 -1.1493 -11.456191 -0.33735 0.035426 14.167834 139.0
21 10340.0 -0.772762 0.682052 0.0 -0.263599 -1.1493 -11.456191 -0.33735 0.035426 14.167834 139.0
22 10340.0 -0.7752 0.67808 0.0 -0.261518 -1.1493 -11.456191 -0.33735 0.035426 14.167834 139.0
23 10340.0 -0.80711 0.659705 0.0 -0.270105 -1.1493 -11.456191 -0.33735 0.035426 14.167834 139.0
24 10340.0 -0.81475 0.659783 0.0 -0.276934 -1.1493 -11.456191 -0.33735 0.035426 14.167834 139.0
25 10340.0 -0.818564 0.677547 0.0 -0.299239 -1.1493 -11.456191 -0.33735 0.035426 14.167834 139.0
26 10340.0 -0.814769 0.671045 0.0 -0.288956 -1.1493 -11.456191 -0.33735 0.035426 14.167834 139.0
27 10340.0 -0.813927 0.647529 0.0 -0.263143 -1.1493 -11.456191 -0.33735 0.035426 14.167834 139.0
28 10340.0 -0.805962 0.669202 0.0 -0.279215 -1.1493 -11.456191 -0.33735 0.035426 14.167834 139.0
29 10340.0 -0.821959 0.678869 0.0 -0.303645 -1.1493 -11.456191 -0.33735 0.035426 14.167834 139.0
30 10340.0 -0.835155 0.663386 0.0 -0.298791 -1.1493 -11.456191 -0.33735 0.035426 14.167834 139.0
31 10340.0 -0.833377 0.668853 0.0 -0.30305 -1.1493 -11.456191 -0.33735 0.035426 14.167834 139.0
32 10340.0 -0.829318 0.667998 0.0 -0.298554 -1.1493 -11.456191 -0.33735 0.035426 14.167834 139.0
33 10340.0 -0.839157 0.64989 0.0 -0.287938 -1.1493 -11.456191 -0.33735 0.035426 14.167834 139.0
34 10340.0 -0.84689 0.657624 0.0 -0.30301 -1.1493 -11.456191 -0.33735 0.035426 14.167834 139.0
35 10340.0 -0.873706 0.648016 0.0 -0.316445 -1.1493 -11.456191 -0.33735 0.035426 14.167834 139.0
36 10340.0 -0.874643 0.656486 0.0 -0.326302 -1.1493 -11.456191 -0.33735 0.035426 14.167834 139.0
37 10340.0 -0.896937 0.652625 0.0 -0.341871 -1.1493 -11.456191 -0.33735 0.035426 14.167834 139.0
38 10340.0 -0.897509 0.66527 0.0 -0.355856 -1.1493 -11.456191 -0.33735 0.035426 14.167834 139.0
39 10340.0 -0.900917 0.66432 0.0 -0.357853 -1.1493 -11.456191 -0.33735 0.035426 14.167834 139.0
40 10340.0 -0.895915 0.659943 0.0 -0.34877 -1.1493 -11.456191 -0.33735 0.035426 14.167834 139.0
41 10340.0 -0.899102 0.671128 0.0 -0.363508 -1.1493 -11.456191 -0.33735 0.035426 14.167834 139.0
42 10340.0 -0.901258 0.666584 0.0 -0.360567 -1.1493 -11.456191 -0.33735 0.035426 14.167834 139.0
43 10340.0 -0.915155 0.681515 0.0 -0.390878 -1.1493 -11.456191 -0.33735 0.035426 14.167834 139.0
44 10340.0 -0.920201 0.684404 0.0 -0.399582 -1.1493 -11.456191 -0.33735 0.035426 14.167834 139.0
45 10340.0 -0.884281 0.703432 0.0 -0.391258 -1.1493 -11.456191 -0.33735 0.035426 14.167834 139.0
46 10340.0 -0.885724 0.684539 0.0 -0.366462 -1.1493 -11.456191 -0.33735 0.035426 14.167834 139.0
47 10340.0 -0.857736 0.668093 0.0 -0.323748 -1.1493 -11.456191 -0.33735 0.035426 14.167834 139.0
48 10340.0 -0.878479 0.676049 0.0 -0.350544 -1.1493 -11.456191 -0.33735 0.035426 14.167834 139.0
49 10340.0 -0.875823 0.695369 0.0 -0.371855 -1.1493 -11.456191 -0.33735 0.035426 14.167834 139.0
50 10340.0 -0.890618 0.687481 0.0 -0.375299 -1.1493 -11.456191 -0.33735 0.035426 14.167834 139.0
51 10340.0 -0.89731 0.671855 0.0 -0.3627 -1.1493 -11.456191 -0.33735 0.035426 14.167834 139.0
52 10340.0 -0.913321 0.66917 0.0 -0.373976 -1.1493 -11.456191 -0.33735 0.035426 14.167834 139.0
53 10340.0 -0.917544 0.657076 0.0 -0.364811 -1.1493 -11.456191 -0.33735 0.035426 14.167834 139.0
54 10340.0 -0.916126 0.649125 0.0 -0.355084 -1.1493 -11.456191 -0.33735 0.035426 14.167834 139.0
55 10340.0 -0.944088 0.665172 0.0 -0.395946 -1.1493 -11.456191 -0.33735 0.035426 14.167834 139.0
56 10340.0 -0.954804 0.655387 0.0 -0.394676 -1.1493 -11.456191 -0.33735 0.035426 14.167834 139.0
57 10340.0 -0.958874 0.657953 0.0 -0.400755 -1.1493 -11.456191 -0.33735 0.035426 14.167834 139.0
58 10340.0 -0.957573 0.672632 0.0 -0.418054 -1.1493 -11.456191 -0.33735 0.035426 14.167834 139.0
59 10340.0 -0.948599 0.713719 0.0 -0.465847 -1.1493 -11.456191 -0.33735 0.035426 14.167834 139.0
60 10340.0 -0.952415 0.722558 0.0 -0.481439 -1.1493 -11.456191 -0.33735 0.035426 14.167834 139.0
61 10340.0 -0.977597 0.721857 0.0 -0.503758 -1.1493 -11.456191 -0.33735 0.035426 14.167834 139.0
62 10340.0 -0.968803 0.749704 0.0 -0.533642 -1.1493 -11.456191 -0.33735 0.035426 14.167834 139.0
63 10340.0 -0.985569 0.782924 0.0 -0.594905 -1.1493 -11.456191 -0.33735 0.035426 14.167834 139.0
64 10340.0 -0.973614 0.818303 0.0 -0.637609 -1.1493 -11.456191 -0.33735 0.035426 14.167834 139.0
65 10340.0 -0.998928 0.867801 0.0 -0.731374 -1.1493 -11.456191 -0.33735 0.035426 14.167834 139.0
66 10340.0 -0.994194 0.904212 0.0 -0.777412 -1.1493 -11.456191 -0.33735 0.035426 14.167834 139.0
67 10340.0 -0.998034 0.916922 0.0 -0.798256 -1.1493 -11.456191 -0.33735 0.035426 14.167834 139.0
68 10340.0 -0.98832 0.934308 0.0 -0.811348 -1.1493 -11.456191 -0.33735 0.035426 14.167834 139.0
69 10340.0 -0.978138 0.948001 0.0 -0.81733 -1.1493 -11.456191 -0.33735 0.035426 14.167834 139.0
70 10340.0 -0.988882 0.975449 0.0 -0.852195 -1.1493 -11.456191 -0.33735 0.035426 14.167834 139.0
71 10340.0 -1.010185 0.990956 0.0 -0.883079 -1.1493 -11.456191 -0.33735 0.035426 14.167834 139.0
72 10340.0 -0.988956 1.014693 0.0 -0.890818 -1.1493 -11.456191 -0.33735 0.035426 14.167834 139.0
73 10340.0 -0.973183 1.040946 0.0 -0.905038 -1.1493 -11.456191 -0.33735 0.035426 14.167834 139.0
74 10340.0 -0.969013 1.054822 0.0 -0.915613 -1.1493 -11.456191 -0.33735 0.035426 14.167834 139.0
75 10340.0 -0.956982 1.075747 0.0 -0.927344 -1.1493 -11.456191 -0.33735 0.035426 14.167834 139.0
76 10340.0 -0.937308 1.087842 0.0 -0.924785 -1.1493 -11.456191 -0.33735 0.035426 14.167834 139.0
77 10340.0 -0.920119 1.094648 0.0 -0.918851 -1.1493 -11.456191 -0.33735 0.035426 14.167834 139.0
78 10340.0 -0.895971 1.107386 0.0 -0.913639 -1.1493 -11.456191 -0.33735 0.035426 14.167834 139.0
79 10340.0 -0.891766 1.127318 0.0 -0.93014 -1.1493 -11.456191 -0.33735 0.035426 14.167834 139.0
80 10340.0 -0.879338 1.146614 0.0 -0.939979 -1.1493 -11.456191 -0.33735 0.035426 14.167834 139.0
81 10340.0 -0.847194 1.138275 0.0 -0.908179 -1.1493 -11.456191 -0.33735 0.035426 14.167834 139.0
82 10340.0 -0.837513 1.159655 0.0 -0.922082 -1.1493 -11.456191 -0.33735 0.035426 14.167834 139.0
83 10340.0 -0.831529 1.163363 0.0 -0.921333 -1.1493 -11.456191 -0.33735 0.035426 14.167834 139.0
84 10340.0 -0.842185 1.157646 0.0 -0.923539 -1.1493 -11.456191 -0.33735 0.035426 14.167834 139.0
85 10340.0 -0.81921 1.169901 0.0 -0.918713 -1.1493 -11.456191 -0.33735 0.035426 14.167834 139.0
86 10340.0 -0.794857 1.206723 0.0 -0.937019 -1.1493 -11.456191 -0.33735 0.035426 14.167834 139.0
87 10340.0 -0.777189 1.179094 0.0 -0.896891 -1.1493 -11.456191 -0.33735 0.035426 14.167834 139.0
88 10340.0 -0.783697 1.186312 0.0 -0.908763 -1.1493 -11.456191 -0.33735 0.035426 14.167834 139.0
89 10340.0 -0.761151 1.198568 0.0 -0.904253 -1.1493 -11.456191 -0.33735 0.035426 14.167834 139.0
90 10340.0 -0.7606 1.221991 0.0 -0.926869 -1.1493 -11.456191 -0.33735 0.035426 14.167834 139.0
91 10340.0 -0.755125 1.237908 0.0 -0.938492 -1.1493 -11.456191 -0.33735 0.035426 14.167834 139.0
92 10340.0 -0.752468 1.240979 0.0 -0.93956 -1.1493 -11.456191 -0.33735 0.035426 14.167834 139.0
93 10340.0 -0.748472 1.248105 0.0 -0.943628 -1.1493 -11.456191 -0.33735 0.035426 14.167834 139.0
94 10340.0 -0.751895 1.250534 0.0 -0.948529 -1.1493 -11.456191 -0.33735 0.035426 14.167834 139.0
95 10340.0 -0.748329 1.228987 0.0 -0.924733 -1.1493 -11.456191 -0.33735 0.035426 14.167834 139.0
96 10340.0 -0.748226 1.225125 0.0 -0.920862 -1.1493 -11.456191 -0.33735 0.035426 14.167834 139.0
97 10340.0 -0.734342 1.243016 0.0 -0.928251 -1.1493 -11.456191 -0.33735 0.035426 14.167834 139.0
98 10340.0 -0.717829 1.255623 0.0 -0.928516 -1.1493 -11.456191 -0.33735 0.035426 14.167834 139.0
99 10340.0 -0.752673 1.254842 0.0 -0.952188 -1.1493 -11.456191 -0.33735 0.035426 14.167834 139.0
100 10340.0 -0.744495 1.263744 0.0 -0.952686 -1.1493 -11.456191 -0.33735 0.035426 14.167834 139.0
101 10340.0 -0.723341 1.263107 0.0 -0.938123 -1.1493 -11.456191 -0.33735 0.035426 14.167834 139.0
102 10340.0 -0.707938 1.271729 0.0 -0.933412 -1.1493 -11.456191 -0.33735 0.035426 14.167834 139.0
103 10340.0 -0.673366 1.285704 0.0 -0.919349 -1.1493 -11.456191 -0.33735 0.035426 14.167834 139.0
104 10340.0 -0.644988 1.288793 0.0 -0.902371 -1.1493 -11.456191 -0.33735 0.035426 14.167834 139.0
105 10340.0 -0.6321 1.296279 0.0 -0.898289 -1.1493 -11.456191 -0.33735 0.035426 14.167834 139.0
106 10340.0 -0.616999 1.323493 0.0 -0.905706 -1.1493 -11.456191 -0.33735 0.035426 14.167834 139.0
107 10340.0 -0.620109 1.355092 0.0 -0.930201 -1.1493 -11.456191 -0.33735 0.035426 14.167834 139.0
108 10340.0 -0.610587 1.356203 0.0 -0.9251 -1.1493 -11.456191 -0.33735 0.035426 14.167834 139.0
109 10340.0 -0.599267 1.352906 0.0 -0.91432 -1.1493 -11.456191 -0.33735 0.035426 14.167834 139.0
110 10340.0 -0.608359 1.347942 0.0 -0.915959 -1.1493 -11.456191 -0.33735 0.035426 14.167834 139.0
111 10340.0 -0.612692 1.355872 0.0 -0.926186 -1.1493 -11.456191 -0.33735 0.035426 14.167834 139.0
112 10340.0 -0.600697 1.351991 0.0 -0.914454 -1.1493 -11.456191 -0.33735 0.035426 14.167834 139.0
113 10340.0 -0.622816 1.359791 0.0 -0.936153 -1.1493 -11.456191 -0.33735 0.035426 14.167834 139.0
114 10340.0 -0.644228 1.371437 0.0 -0.960256 -1.1493 -11.456191 -0.33735 0.035426 14.167834 139.0
115 10340.0 -0.642737 1.376535 0.0 -0.963898 -1.1493 -11.456191 -0.33735 0.035426 14.167834 139.0
116 10340.0 -0.622178 1.376875 0.0 -0.95113 -1.1493 -11.456191 -0.33735 0.035426 14.167834 139.0
117 10340.0 -0.641012 1.397161 0.0 -0.978367 -1.1493 -11.456191 -0.33735 0.035426 14.167834 139.0
118 10340.0 -0.623477 1.3666 0.0 -0.942705 -1.1493 -11.456191 -0.33735 0.035426 14.167834 139.0
119 10340.0 -0.599795 1.396408 0.0 -0.954049 -1.1493 -11.456191 -0.33735 0.035426 14.167834 139.0
120 10340.0 -0.604898 1.370263 0.0 -0.934173 -1.1493 -11.456191 -0.33735 0.035426 14.167834 139.0
121 10340.0 -0.597927 1.368645 0.0 -0.927916 -1.1493 -11.456191 -0.33735 0.035426 14.167834 139.0
122 10340.0 -0.570649 1.401472 0.0 -0.939079 -1.1493 -11.456191 -0.33735 0.035426 14.167834 139.0
123 10340.0 -0.562687 1.417475 0.0 -0.943497 -1.1493 -11.456191 -0.33735 0.035426 14.167834 139.0
124 10340.0 -0.561057 1.415552 0.0 -0.941328 -1.1493 -11.456191 -0.33735 0.035426 14.167834 139.0
125 10340.0 -0.573976 1.402142 0.0 -0.941572 -1.1493 -11.456191 -0.33735 0.035426 14.167834 139.0
126 10340.0 -0.555499 1.389906 0.0 -0.918233 -1.1493 -11.456191 -0.33735 0.035426 14.167834 139.0
127 10340.0 -0.533411 1.417869 0.0 -0.920691 -1.1493 -11.456191 -0.33735 0.035426 14.167834 139.0
128 10340.0 -0.507364 1.446739 0.0 -0.903228 -1.1493 -11.456191 -0.33735 0.035426 14.167834 139.0
129 10340.0 -0.514097 1.457334 0.0 -0.910941 -1.1493 -11.456191 -0.33735 0.035426 14.167834 139.0
130 10340.0 -0.508028 1.458492 0.0 -0.905849 -1.1493 -11.456191 -0.33735 0.035426 14.167834 139.0
131 10340.0 -0.519524 1.452379 0.0 -0.914813 -1.1493 -11.456191 -0.33735 0.035426 14.167834 139.0
132 10340.0 -0.506366 1.462 0.0 -0.905009 -1.1493 -11.456191 -0.33735 0.035426 14.167834 139.0
133 10340.0 -0.529217 1.459929 0.0 -0.924578 -1.1493 -11.456191 -0.33735 0.035426 14.167834 139.0
134 10340.0 -0.541172 1.452678 0.0 -0.933745 -1.1493 -11.456191 -0.33735 0.035426 14.167834 139.0
135 10340.0 -0.527347 1.447923 0.0 -0.920862 -1.1493 -11.456191 -0.33735 0.035426 14.167834 139.0
136 10340.0 -0.540977 1.457264 0.0 -0.934371 -1.1493 -11.456191 -0.33735 0.035426 14.167834 139.0
137 10340.0 -0.555459 1.469707 0.0 -0.949164 -1.1493 -11.456191 -0.33735 0.035426 14.167834 139.0
138 10340.0 -0.529218 1.453589 0.0 -0.923477 -1.1493 -11.456191 -0.33735 0.035426 14.167834 139.0
139 10340.0 -0.520666 1.494153 0.0 -0.923067 -1.1493 -11.456191 -0.33735 0.035426 14.167834 139.0
140 10340.0 -0.5294 1.463936 0.0 -0.925434 -1.1493 -11.456191 -0.33735 0.035426 14.167834 139.0
141 10340.0 -0.543209 1.487189 0.0 -0.941518 -1.1493 -11.456191 -0.33735 0.035426 14.167834 139.0
142 10340.0 -0.531858 1.489926 0.0 -0.932094 -1.1493 -11.456191 -0.33735 0.035426 14.167834 139.0
143 10340.0 -0.501581 1.454798 0.0 -0.899584 -1.1493 -11.456191 -0.33735 0.035426 14.167834 139.0
144 10340.0 -0.520898 1.462284 0.0 -0.917732 -1.1493 -11.456191 -0.33735 0.035426 14.167834 139.0
145 10340.0 -0.51629 1.481185 0.0 -0.916998 -1.1493 -11.456191 -0.33735 0.035426 14.167834 139.0
146 10340.0 -0.523669 1.483286 0.0 -0.923799 -1.1493 -11.456191 -0.33735 0.035426 14.167834 139.0
147 10340.0 -0.52154 1.479376 0.0 -0.921262 -1.1493 -11.456191 -0.33735 0.035426 14.167834 139.0
148 10340.0 -0.511713 1.503839 0.0 -0.916942 -1.1493 -11.456191 -0.33735 0.035426 14.167834 139.0
149 10340.0 -0.517754 1.509429 0.0 -0.923182 -1.1493 -11.456191 -0.33735 0.035426 14.167834 139.0
150 10340.0 -0.496236 1.509881 0.0 -0.904494 -1.1493 -11.456191 -0.33735 0.035426 14.167834 139.0
151 10340.0 -0.50402 1.499029 0.0 -0.909397 -1.1493 -11.456191 -0.33735 0.035426 14.167834 139.0
152 10340.0 -0.516389 1.509808 0.0 -0.922057 -1.1493 -11.456191 -0.33735 0.035426 14.167834 139.0
153 10340.0 -0.509096 1.496562 0.0 -0.913396 -1.1493 -11.456191 -0.33735 0.035426 14.167834 139.0
154 10340.0 -0.521487 1.489544 0.0 -0.922982 -1.1493 -11.456191 -0.33735 0.035426 14.167834 139.0
155 10340.0 -0.530318 1.46173 0.0 -0.925852 -1.1493 -11.456191 -0.33735 0.035426 14.167834 139.0
156 10340.0 -0.532832 1.444142 0.0 -0.924988 -1.1493 -11.456191 -0.33735 0.035426 14.167834 139.0
157 10340.0 -0.566585 1.449726 0.0 -0.955396 -1.1493 -11.456191 -0.33735 0.035426 14.167834 139.0
158 10340.0 -0.552935 1.45429 0.0 -0.944284 -1.1493 -11.456191 -0.33735 0.035426 14.167834 139.0
159 10340.0 -0.536233 1.442584 0.0 -0.927684 -1.1493 -11.456191 -0.33735 0.035426 14.167834 139.0
160 10340.0 -0.521354 1.443454 0.0 -0.914858 -1.1493 -11.456191 -0.33735 0.035426 14.167834 139.0
161 10340.0 -0.54662 1.460926 0.0 -0.93993 -1.1493 -11.456191 -0.33735 0.035426 14.167834 139.0
162 10340.0 -0.533851 1.451734 0.0 -0.927196 -1.1493 -11.456191 -0.33735 0.035426 14.167834 139.0
163 10340.0 -0.534349 1.453113 0.0 -0.92787 -1.1493 -11.456191 -0.33735 0.035426 14.167834 139.0
164 10340.0 -0.537504 1.476503 0.0 -0.934686 -1.1493 -11.456191 -0.33735 0.035426 14.167834 139.0
165 10340.0 -0.509985 1.473213 0.0 -0.910114 -1.1493 -11.456191 -0.33735 0.035426 14.167834 139.0
166 10340.0 -0.486742 1.453454 0.0 -0.88641 -1.1493 -11.456191 -0.33735 0.035426 14.167834 139.0
167 10340.0 -0.478741 1.462773 0.0 -0.881051 -1.1493 -11.456191 -0.33735 0.035426 14.167834 139.0
168 10340.0 -0.45957 1.502629 0.0 -0.871256 -1.1493 -11.456191 -0.33735 0.035426 14.167834 139.0
169 10340.0 -0.454129 1.483842 0.0 -0.863246 -1.1493 -11.456191 -0.33735 0.035426 14.167834 139.0
170 10340.0 -0.467259 1.480537 0.0 -0.874123 -1.1493 -11.456191 -0.33735 0.035426 14.167834 139.0
171 10340.0 -0.471799 1.488943 0.0 -0.879543 -1.1493 -11.456191 -0.33735 0.035426 14.167834 139.0
172 10340.0 -0.463663 1.508066 0.0 -0.87577 -1.1493 -11.456191 -0.33735 0.035426 14.167834 139.0
173 10340.0 -0.459436 1.528444 0.0 -0.875625 -1.1493 -11.456191 -0.33735 0.035426 14.167834 139.0
174 10340.0 -0.474213 1.542691 0.0 -0.890987 -1.1493 -11.456191 -0.33735 0.035426 14.167834 139.0
175 10340.0 -0.46204 1.528608 0.0 -0.877924 -1.1493 -11.456191 -0.33735 0.035426 14.167834 139.0
176 10340.0 -0.455793 1.542296 0.0 -0.874854 -1.1493 -11.456191 -0.33735 0.035426 14.167834 139.0
177 10340.0 -0.450819 1.529583 0.0 -0.868307 -1.1493 -11.456191 -0.33735 0.035426 14.167834 139.0
178 10340.0 -0.468044 1.514382 0.0 -0.880688 -1.1493 -11.456191 -0.33735 0.035426 14.167834 139.0
179 10340.0 -0.459818 1.518494 0.0 -0.874229 -1.1493 -11.456191 -0.33735 0.035426 14.167834 139.0
180 10340.0 -0.482652 1.53089 0.0 -0.896297 -1.1493 -11.456191 -0.33735 0.035426 14.167834 139.0
181 10340.0 -0.485115 1.534568 0.0 -0.899084 -1.1493 -11.456191 -0.33735 0.035426 14.167834 139.0
182 10340.0 -0.476517 1.533859 0.0 -0.891463 -1.1493 -11.456191 -0.33735 0.035426 14.167834 139.0
183 10340.0 -0.46254 1.496318 0.0 -0.87275 -1.1493 -11.456191 -0.33735 0.035426 14.167834 139.0
184 10340.0 -0.474201 1.523871 0.0 -0.887707 -1.1493 -11.456191 -0.33735 0.035426 14.167834 139.0
185 10340.0 -0.46566 1.535837 0.0 -0.882338 -1.1493 -11.456191 -0.33735 0.035426 14.167834 139.0
186 10340.0 -0.439657 1.534228 0.0 -0.859379 -1.1493 -11.456191 -0.33735 0.035426 14.167834 139.0
187 10340.0 -0.465085 1.530107 0.0 -0.88084 -1.1493 -11.456191 -0.33735 0.035426 14.167834 139.0
188 10340.0 -0.455188 1.51957 0.0 -0.870378 -1.1493 -11.456191 -0.33735 0.035426 14.167834 139.0
189 10340.0 -0.484231 1.522404 0.0 -0.896199 -1.1493 -11.456191 -0.33735 0.035426 14.167834 139.0
190 10340.0 -0.478626 1.520781 0.0 -0.891029 -1.1493 -11.456191 -0.33735 0.035426 14.167834 139.0
191 10340.0 -0.492592 1.529738 0.0 -0.904766 -1.1493 -11.456191 -0.33735 0.035426 14.167834 139.0
192 10340.0 -0.489453 1.551173 0.0 -0.905753 -1.1493 -11.456191 -0.33735 0.035426 14.167834 139.0
193 10340.0 -0.464343 1.555055 0.0 -0.884528 -1.1493 -11.456191 -0.33735 0.035426 14.167834 139.0
194 10340.0 -0.471726 1.553702 0.0 -0.890732 -1.1493 -11.456191 -0.33735 0.035426 14.167834 139.0
195 10340.0 -0.453108 1.529589 0.0 -0.870304 -1.1493 -11.456191 -0.33735 0.035426 14.167834 139.0
196 10340.0 -0.470318 1.521511 0.0 -0.88391 -1.1493 -11.456191 -0.33735 0.035426 14.167834 139.0
197 10340.0 -0.481241 1.546928 0.0 -0.897854 -1.1493 -11.456191 -0.33735 0.035426 14.167834 139.0
198 10340.0 -0.485872 1.52659 0.0 -0.898358 -1.1493 -11.456191 -0.33735 0.035426 14.167834 139.0
199 10340.0 -0.49713 1.531731 0.0 -0.90907 -1.1493 -11.456191 -0.33735 0.035426 14.167834 139.0
200 10340.0 -0.503541 1.517761 0.0 -0.912234 -1.1493 -11.456191 -0.33735 0.035426 14.167834 139.0
201 10340.0 -0.525456 1.523261 0.0 -0.932302 -1.1493 -11.456191 -0.33735 0.035426 14.167834 139.0
202 10340.0 -0.496882 1.510475 0.0 -0.90516 -1.1493 -11.456191 -0.33735 0.035426 14.167834 139.0
203 10340.0 -0.491893 1.48793 0.0 -0.896892 -1.1493 -11.456191 -0.33735 0.035426 14.167834 139.0
204 10340.0 -0.4728 1.473211 0.0 -0.877683 -1.1493 -11.456191 -0.33735 0.035426 14.167834 139.0
205 10340.0 -0.469402 1.480592 0.0 -0.876001 -1.1493 -11.456191 -0.33735 0.035426 14.167834 139.0
206 10340.0 -0.43689 1.49533 0.0 -0.850207 -1.1493 -11.456191 -0.33735 0.035426 14.167834 139.0
207 10340.0 -0.44515 1.512649 0.0 -0.86042 -1.1493 -11.456191 -0.33735 0.035426 14.167834 139.0
208 10340.0 -0.465034 1.520851 0.0 -0.879187 -1.1493 -11.456191 -0.33735 0.035426 14.167834 139.0
209 10340.0 -0.477699 1.514483 0.0 -0.889127 -1.1493 -11.456191 -0.33735 0.035426 14.167834 139.0
210 10340.0 -0.484681 1.525009 0.0 -0.897045 -1.1493 -11.456191 -0.33735 0.035426 14.167834 139.0
211 10340.0 -0.499425 1.522748 0.0 -0.909511 -1.1493 -11.456191 -0.33735 0.035426 14.167834 139.0
212 10340.0 -0.49348 1.494913 0.0 -0.899489 -1.1493 -11.456191 -0.33735 0.035426 14.167834 139.0
213 10340.0 -0.50053 1.487297 0.0 -0.904315 -1.1493 -11.456191 -0.33735 0.035426 14.167834 139.0
214 10340.0 -0.497972 1.4852 0.0 -0.901719 -1.1493 -11.456191 -0.33735 0.035426 14.167834 139.0
215 10340.0 -0.507246 1.478811 0.0 -0.908697 -1.1493 -11.456191 -0.33735 0.035426 14.167834 139.0
216 10340.0 -0.504062 1.468467 0.0 -0.904123 -1.1493 -11.456191 -0.33735 0.035426 14.167834 139.0
217 10340.0 -0.477016 1.483437 0.0 -0.883137 -1.1493 -11.456191 -0.33735 0.035426 14.167834 139.0
218 10340.0 -0.468208 1.484651 0.0 -0.875666 -1.1493 -11.456191 -0.33735 0.035426 14.167834 139.0
219 10340.0 -0.478741 1.50089 0.0 -0.887673 -1.1493 -11.456191 -0.33735 0.035426 14.167834 139.0
220 10340.0 -0.463766 1.475209 0.0 -0.870151 -1.1493 -11.456191 -0.33735 0.035426 14.167834 139.0
221 10340.0 -0.460194 1.482638 0.0 -0.868326 -1.1493 -11.456191 -0.33735 0.035426 14.167834 139.0
222 10340.0 -0.466702 1.487117 0.0 -0.874781 -1.1493 -11.456191 -0.33735 0.035426 14.167834 139.0
223 10340.0 -0.489849 1.49102 0.0 -0.895646 -1.1493 -11.456191 -0.33735 0.035426 14.167834 139.0
224 10340.0 -0.483947 1.495653 0.0 -0.891304 -1.1493 -11.456191 -0.33735 0.035426 14.167834 139.0
225 10340.0 -0.493095 1.511921 0.0 -0.902109 -1.1493 -11.456191 -0.33735 0.035426 14.167834 139.0
226 10340.0 -0.483286 1.48494 0.0 -0.888866 -1.1493 -11.456191 -0.33735 0.035426 14.167834 139.0
227 10340.0 -0.473257 1.483272 0.0 -0.879829 -1.1493 -11.456191 -0.33735 0.035426 14.167834 139.0
228 10340.0 -0.460153 1.504399 0.0 -0.872072 -1.1493 -11.456191 -0.33735 0.035426 14.167834 139.0
229 10340.0 -0.440396 1.495662 0.0 -0.853323 -1.1493 -11.456191 -0.33735 0.035426 14.167834 139.0
230 10340.0 -0.46729 1.511991 0.0 -0.879616 -1.1493 -11.456191 -0.33735 0.035426 14.167834 139.0
231 10340.0 -0.471727 1.51037 0.0 -0.883203 -1.1493 -11.456191 -0.33735 0.035426 14.167834 139.0
232 10340.0 -0.483053 1.490502 0.0 -0.889629 -1.1493 -11.456191 -0.33735 0.035426 14.167834 139.0
233 10340.0 -0.461851 1.511563 0.0 -0.874797 -1.1493 -11.456191 -0.33735 0.035426 14.167834 139.0
234 10340.0 -0.444092 1.504572 0.0 -0.858094 -1.1493 -11.456191 -0.33735 0.035426 14.167834 139.0
235 10340.0 -0.455857 1.490029 0.0 -0.865828 -1.1493 -11.456191 -0.33735 0.035426 14.167834 139.0
236 10340.0 -0.457203 1.485346 0.0 -0.866188 -1.1493 -11.456191 -0.33735 0.035426 14.167834 139.0
237 10340.0 -0.438993 1.484893 0.0 -0.850228 -1.1493 -11.456191 -0.33735 0.035426 14.167834 139.0
238 10340.0 -0.452085 1.512531 0.0 -0.866449 -1.1493 -11.456191 -0.33735 0.035426 14.167834 139.0
239 10340.0 -0.47593 1.535471 0.0 -0.891231 -1.1493 -11.456191 -0.33735 0.035426 14.167834 139.0
240 10340.0 -0.479497 1.526929 0.0 -0.892858 -1.1493 -11.456191 -0.33735 0.035426 14.167834 139.0
241 10340.0 -0.447944 1.520171 0.0 -0.864164 -1.1493 -11.456191 -0.33735 0.035426 14.167834 139.0
242 10340.0 -0.44971 1.533852 0.0 -0.868082 -1.1493 -11.456191 -0.33735 0.035426 14.167834 139.0
243 10340.0 -0.447156 1.528431 0.0 -0.864912 -1.1493 -11.456191 -0.33735 0.035426 14.167834 139.0
244 10340.0 -0.475434 1.519803 0.0 -0.888076 -1.1493 -11.456191 -0.33735 0.035426 14.167834 139.0
245 10340.0 -0.497939 1.516551 0.0 -0.907138 -1.1493 -11.456191 -0.33735 0.035426 14.167834 139.0
246 10340.0 -0.499709 1.508335 0.0 -0.907254 -1.1493 -11.456191 -0.33735 0.035426 14.167834 139.0
247 10340.0 -0.488717 1.518781 0.0 -0.899482 -1.1493 -11.456191 -0.33735 0.035426 14.167834 139.0
248 10340.0 -0.508042 1.502606 0.0 -0.913526 -1.1493 -11.456191 -0.33735 0.035426 14.167834 139.0
249 10340.0 -0.487874 1.454259 0.0 -0.887536 -1.1493 -11.456191 -0.33735 0.035426 14.167834 139.0
250 10340.0 -0.486055 1.46535 0.0 -0.887877 -1.1493 -11.456191 -0.33735 0.035426 14.167834 139.0
251 10340.0 -0.491201 1.469432 0.0 -0.893074 -1.1493 -11.456191 -0.33735 0.035426 14.167834 139.0
252 10340.0 -0.501403 1.485194 0.0 -0.90471 -1.1493 -11.456191 -0.33735 0.035426 14.167834 139.0
253 10340.0 -0.50184 1.456723 0.0 -0.900144 -1.1493 -11.456191 -0.33735 0.035426 14.167834 139.0
254 10340.0 -0.500502 1.450249 0.0 -0.897853 -1.1493 -11.456191 -0.33735 0.035426 14.167834 139.0
255 10340.0 -0.497253 1.407162 0.0 -0.884926 -1.1493 -11.456191 -0.33735 0.035426 14.167834 139.0
256 10340.0 -0.512971 1.427249 0.0 -0.904731 -1.1493 -11.456191 -0.33735 0.035426 14.167834 139.0
257 10340.0 -0.521798 1.434059 0.0 -0.913613 -1.1493 -11.456191 -0.33735 0.035426 14.167834 139.0
258 10340.0 -0.523804 1.418364 0.0 -0.912635 -1.1493 -11.456191 -0.33735 0.035426 14.167834 139.0
259 10340.0 -0.516042 1.437253 0.0 -0.909148 -1.1493 -11.456191 -0.33735 0.035426 14.167834 139.0
260 10340.0 -0.52782 1.45075 0.0 -0.921765 -1.1493 -11.456191 -0.33735 0.035426 14.167834 139.0
261 10340.0 -0.539138 1.455775 0.0 -0.93251 -1.1493 -11.456191 -0.33735 0.035426 14.167834 139.0
262 10340.0 -0.537688 1.451788 0.0 -0.930551 -1.1493 -11.456191 -0.33735 0.035426 14.167834 139.0
263 10340.0 -0.538599 1.460742 0.0 -0.932902 -1.1493 -11.456191 -0.33735 0.035426 14.167834 139.0
264 10340.0 -0.536438 1.433348 0.0 -0.926257 -1.1493 -11.456191 -0.33735 0.035426 14.167834 139.0
265 10340.0 -0.540122 1.43028 0.0 -0.928937 -1.1493 -11.456191 -0.33735 0.035426 14.167834 139.0
266 10340.0 -0.51242 1.429557 0.0 -0.904651 -1.1493 -11.456191 -0.33735 0.035426 14.167834 139.0
267 10340.0 -0.530984 1.45706 0.0 -0.92562 -1.1493 -11.456191 -0.33735 0.035426 14.167834 139.0
268 10340.0 -0.526141 1.456365 0.0 -0.921276 -1.1493 -11.456191 -0.33735 0.035426 14.167834 139.0
269 10340.0 -0.523546 1.469967 0.0 -0.921376 -1.1493 -11.456191 -0.33735 0.035426 14.167834 139.0
270 10340.0 -0.513653 1.47416 0.0 -0.913477 -1.1493 -11.456191 -0.33735 0.035426 14.167834 139.0
271 10340.0 -0.499964 1.436545 0.0 -0.895002 -1.1493 -11.456191 -0.33735 0.035426 14.167834 139.0
272 10340.0 -0.511684 1.466201 0.0 -0.910377 -1.1493 -11.456191 -0.33735 0.035426 14.167834 139.0
273 10340.0 -0.542978 1.465062 0.0 -0.937472 -1.1493 -11.456191 -0.33735 0.035426 14.167834 139.0
274 10340.0 -0.528192 1.48048 0.0 -0.927255 -1.1493 -11.456191 -0.33735 0.035426 14.167834 139.0
275 10340.0 -0.54029 1.478875 0.0 -0.937528 -1.1493 -11.456191 -0.33735 0.035426 14.167834 139.0
276 10340.0 -0.55765 1.499603 0.0 -0.955742 -1.1493 -11.456191 -0.33735 0.035426 14.167834 139.0
277 10340.0 -0.543768 1.499319 0.0 -0.944113 -1.1493 -11.456191 -0.33735 0.035426 14.167834 139.0
278 10340.0 -0.531358 1.475999 0.0 -0.929238 -1.1493 -11.456191 -0.33735 0.035426 14.167834 139.0
279 10340.0 -0.532043 1.472585 0.0 -0.929242 -1.1493 -11.456191 -0.33735 0.035426 14.167834 139.0
280 10340.0 -0.563852 1.483682 0.0 -0.958433 -1.1493 -11.456191 -0.33735 0.035426 14.167834 139.0
281 10340.0 -0.569682 1.47201 0.0 -0.961463 -1.1493 -11.456191 -0.33735 0.035426 14.167834 139.0
282 10340.0 -0.549647 1.453709 0.0 -0.941315 -1.1493 -11.456191 -0.33735 0.035426 14.167834 139.0
283 10340.0 -0.543233 1.44045 0.0 -0.933418 -1.1493 -11.456191 -0.33735 0.035426 14.167834 139.0
284 10340.0 -0.574212 1.411825 0.0 -0.947533 -1.1493 -11.456191 -0.33735 0.035426 14.167834 139.0
285 10340.0 -0.563597 1.429747 0.0 -0.949148 -1.1493 -11.456191 -0.33735 0.035426 14.167834 139.0
286 10340.0 -0.589333 1.409095 0.0 -0.955315 -1.1493 -11.456191 -0.33735 0.035426 14.167834 139.0
287 10340.0 -0.57959 1.431194 0.0 -0.962099 -1.1493 -11.456191 -0.33735 0.035426 14.167834 139.0
