 time p.x p.y p.z deep.node-0 CV opes.bias opes.rct opes.zed opes.neff opes.nker
0 14005.0 -0.025155 0.478712 0.0 0.68824 -1.63809 -9.337743 -0.367763 0.039711 14.167834 124.0
1 14005.0 -0.011572 0.464017 0.0 0.712182 -1.63809 -9.337743 -0.367763 0.039711 14.167834 124.0
2 14005.0 -0.015733 0.486231 0.0 0.686907 -1.63809 -9.337743 -0.367763 0.039711 14.167834 124.0
3 14005.0 0.013781 0.491058 0.0 0.701701 -1.63809 -9.337743 -0.367763 0.039711 14.167834 124.0
4 14005.0 0.02052 0.476728 0.0 0.72071 -1.63809 -9.337743 -0.367763 0.039711 14.167834 124.0
5 14005.0 0.032673 0.50971 0.0 0.695407 -1.63809 -9.337743 -0.367763 0.039711 14.167834 124.0
6 14005.0 0.027887 0.512453 0.0 0.689438 -1.63809 -9.337743 -0.367763 0.039711 14.167834 124.0
7 14005.0 0.028006 0.508934 0.0 0.693081 -1.63809 -9.337743 -0.367763 0.039711 14.167834 124.0
8 14005.0 0.02201 0.513411 0.0 0.684547 -1.63809 -9.337743 -0.367763 0.039711 14.167834 124.0
9 14005.0 0.002741 0.526638 0.0 0.6583 -1.63809 -9.337743 -0.367763 0.039711 14.167834 124.0
10 14005.0 0.007541 0.510631 0.0 0.677715 -1.63809 -9.337743 -0.367763 0.039711 14.167834 124.0
11 14005.0 0.005218 0.532149 0.0 0.65437 -1.63809 -9.337743 -0.367763 0.039711 14.167834 124.0
12 14005.0 -0.011613 0.538754 0.0 0.636456 -1.63809 -9.337743 -0.367763 0.039711 14.167834 124.0
13 14005.0 -0.021741 0.523132 0.0 0.645524 -1.63809 -9.337743 -0.367763 0.039711 14.167834 124.0
14 14005.0 -0.071465 0.543096 0.0 0.584298 -1.63809 -9.337743 -0.367763 0.039711 14.167834 124.0
15 14005.0 -0.083109 0.541125 0.0 0.576383 -1.63809 -9.337743 -0.367763 0.039711 14.167834 124.0
16 14005.0 -0.100081 0.52656 0.0 0.577355 -1.63809 -9.337743 -0.367763 0.039711 14.167834 124.0
17 14005.0 -0.099837 0.535774 0.0 0.56771 -1.63809 -9.337743 -0.367763 0.039711 14.167834 124.0
18 14005.0 -0.090042 0.511971 0.0 0.601599 -1.63809 -9.337743 -0.367763 0.039711 14.167834 124.0
19 14005.0 -0.07242 0.502624 0.0 0.626764 -1.63809 -9.337743 -0.367763 0.039711 14.167834 124.0
20 14005.0 -0.06089 0.535581 0.0 0.601437 -1.63809 -9.337743 -0.367763 0.039711 14.167834 124.0
21 14005.0 -0.050027 0.521321 0.0 0.626039 -1.63809 -9.337743 -0.367763 0.039711 14.167834 124.0
22 14005.0 -0.059879 0.527089 0.0 0.61139 -1.63809 -9.337743 -0.367763 0.039711 14.167834 124.0
23 14005.0 -0.068363 0.525911 0.0 0.605349 -1.63809 -9.337743 -0.367763 0.039711 14.167834 124.0
24 14005.0 -0.060694 0.53169 0.0 0.605767 -1.63809 -9.337743 -0.367763 0.039711 14.167834 124.0
25 14005.0 -0.064733 0.5135 0.0 0.621747 -1.63809 -9.337743 -0.367763 0.039711 14.167834 124.0
26 14005.0 -0.073426 0.497159 0.0 0.631744 -1.63809 -9.337743 -0.367763 0.039711 14.167834 124.0
27 14005.0 -0.070159 0.507179 0.0 0.623838 -1.63809 -9.337743 -0.367763 0.039711 14.167834 124.0
28 14005.0 -0.077324 0.531006 0.0 0.592186 -1.63809 -9.337743 -0.367763 0.039711 14.167834 124.0
29 14005.0 -0.101897 0.528391 0.0 0.573833 -1.63809 -9.337743 -0.367763 0.039711 14.167834 124.0
30 14005.0 -0.086713 0.531483 0.0 0.583595 -1.63809 -9.337743 -0.367763 0.039711 14.167834 124.0
31 14005.0 -0.095051 0.53353 0.0 0.574229 -1.63809 -9.337743 -0.367763 0.039711 14.167834 124.0
32 14005.0 -0.098466 0.527784 0.0 0.577436 -1.63809 -9.337743 -0.367763 0.039711 14.167834 124.0
33 14005.0 -0.093143 0.514097 0.0 0.596657 -1.63809 -9.337743 -0.367763 0.039711 14.167834 124.0
34 14005.0 -0.090218 0.530044 0.0 0.582118 -1.63809 -9.337743 -0.367763 0.039711 14.167834 124.0
35 14005.0 -0.087614 0.529821 0.0 0.584598 -1.63809 -9.337743 -0.367763 0.039711 14.167834 124.0
36 14005.0 -0.089038 0.529629 0.0 0.583576 -1.63809 -9.337743 -0.367763 0.039711 14.167834 124.0
37 14005.0 -0.106482 0.525189 0.0 0.573312 -1.63809 -9.337743 -0.367763 0.039711 14.167834 124.0
38 14005.0 -0.124397 0.528734 0.0 0.554101 -1.63809 -9.337743 -0.367763 0.039711 14.167834 124.0
39 14005.0 -0.133399 0.525232 0.0 0.5501 -1.63809 -9.337743 -0.367763 0.039711 14.167834 124.0
40 14005.0 -0.141699 0.520171 0.0 0.548369 -1.63809 -9.337743 -0.367763 0.039711 14.167834 124.0
41 14005.0 -0.134884 0.514507 0.0 0.560292 -1.63809 -9.337743 -0.367763 0.039711 14.167834 124.0
42 14005.0 -0.117809 0.533295 0.0 0.554893 -1.63809 -9.337743 -0.367763 0.039711 14.167834 124.0
43 14005.0 -0.116073 0.523883 0.0 0.566454 -1.63809 -9.337743 -0.367763 0.039711 14.167834 124.0
44 14005.0 -0.102613 0.517353 0.0 0.585023 -1.63809 -9.337743 -0.367763 0.039711 14.167834 124.0
45 14005.0 -0.091582 0.535557 0.0 0.575046 -1.63809 -9.337743 -0.367763 0.039711 14.167834 124.0
46 14005.0 -0.096595 0.513537 0.0 0.594284 -1.63809 -9.337743 -0.367763 0.039711 14.167834 124.0
47 14005.0 -0.093836 0.5327 0.0 0.576163 -1.63809 -9.337743 -0.367763 0.039711 14.167834 124.0
48 14005.0 -0.096717 0.52744 0.0 0.579309 -1.63809 -9.337743 -0.367763 0.039711 14.167834 124.0
49 14005.0 -0.120948 0.534126 0.0 0.551303 -1.63809 -9.337743 -0.367763 0.039711 14.167834 124.0
50 14005.0 -0.123964 0.529043 0.0 0.554143 -1.63809 -9.337743 -0.367763 0.039711 14.167834 124.0
51 14005.0 -0.098209 0.519786 0.0 0.586211 -1.63809 -9.337743 -0.367763 0.039711 14.167834 124.0
52 14005.0 -0.093654 0.500079 0.0 0.61121 -1.63809 -9.337743 -0.367763 0.039711 14.167834 124.0
53 14005.0 -0.12887 0.496518 0.0 0.584709 -1.63809 -9.337743 -0.367763 0.039711 14.167834 124.0
54 14005.0 -0.104254 0.507035 0.0 0.594648 -1.63809 -9.337743 -0.367763 0.039711 14.167834 124.0
55 14005.0 -0.091086 0.49339 0.0 0.620576 -1.63809 -9.337743 -0.367763 0.039711 14.167834 124.0
56 14005.0 -0.095406 0.508618 0.0 0.600569 -1.63809 -9.337743 -0.367763 0.039711 14.167834 124.0
57 14005.0 -0.083235 0.516282 0.0 0.602848 -1.63809 -9.337743 -0.367763 0.039711 14.167834 124.0
58 14005.0 -0.082821 0.514612 0.0 0.604989 -1.63809 -9.337743 -0.367763 0.039711 14.167834 124.0
59 14005.0 -0.079679 0.530693 0.0 0.590494 -1.63809 -9.337743 -0.367763 0.039711 14.167834 124.0
60 14005.0 -0.079869 0.52528 0.0 0.596121 -1.63809 -9.337743 -0.367763 0.039711 14.167834 124.0
61 14005.0 -0.098882 0.52384 0.0 0.581297 -1.63809 -9.337743 -0.367763 0.039711 14.167834 124.0
62 14005.0 -0.125102 0.514237 0.0 0.569001 -1.63809 -9.337743 -0.367763 0.039711 14.167834 124.0
63 14005.0 -0.120402 0.507769 0.0 0.579964 -1.63809 -9.337743 -0.367763 0.039711 14.167834 124.0
64 14005.0 -0.129254 0.511575 0.0 0.568273 -1.63809 -9.337743 -0.367763 0.039711 14.167834 124.0
65 14005.0 -0.130661 0.525566 0.0 0.552098 -1.63809 -9.337743 -0.367763 0.039711 14.167834 124.0
66 14005.0 -0.130389 0.524718 0.0 0.55324 -1.63809 -9.337743 -0.367763 0.039711 14.167834 124.0
67 14005.0 -0.137562 0.510785 0.0 0.561969 -1.63809 -9.337743 -0.367763 0.039711 14.167834 124.0
68 14005.0 -0.146117 0.525829 0.0 0.538515 -1.63809 -9.337743 -0.367763 0.039711 14.167834 124.0
69 14005.0 -0.153984 0.541334 0.0 0.51516 -1.63809 -9.337743 -0.367763 0.039711 14.167834 124.0
70 14005.0 -0.154183 0.555822 0.0 0.499041 -1.63809 -9.337743 -0.367763 0.039711 14.167834 124.0
71 14005.0 -0.141906 0.552616 0.0 0.513487 -1.63809 -9.337743 -0.367763 0.039711 14.167834 124.0
72 14005.0 -0.144409 0.568275 0.0 0.493856 -1.63809 -9.337743 -0.367763 0.039711 14.167834 124.0
73 14005.0 -0.148174 0.569885 0.0 0.488158 -1.63809 -9.337743 -0.367763 0.039711 14.167834 124.0
74 14005.0 -0.159568 0.5556 0.0 0.493923 -1.63809 -9.337743 -0.367763 0.039711 14.167834 124.0
75 14005.0 -0.145783 0.558053 0.0 0.504335 -1.63809 -9.337743 -0.367763 0.039711 14.167834 124.0
76 14005.0 -0.163899 0.563892 0.0 0.479635 -1.63809 -9.337743 -0.367763 0.039711 14.167834 124.0
77 14005.0 -0.164308 0.542397 0.0 0.505041 -1.63809 -9.337743 -0.367763 0.039711 14.167834 124.0
78 14005.0 -0.154785 0.550119 0.0 0.505074 -1.63809 -9.337743 -0.367763 0.039711 14.167834 124.0
79 14005.0 -0.136281 0.549122 0.0 0.522066 -1.63809 -9.337743 -0.367763 0.039711 14.167834 124.0
80 14005.0 -0.120282 0.521884 0.0 0.56497 -1.63809 -9.337743 -0.367763 0.039711 14.167834 124.0
81 14005.0 -0.112617 0.522525 0.0 0.570882 -1.63809 -9.337743 -0.367763 0.039711 14.167834 124.0
82 14005.0 -0.094569 0.525174 0.0 0.583581 -1.63809 -9.337743 -0.367763 0.039711 14.167834 124.0
83 14005.0 -0.103325 0.531115 0.0 0.569691 -1.63809 -9.337743 -0.367763 0.039711 14.167834 124.0
84 14005.0 -0.120621 0.527877 0.0 0.558268 -1.63809 -9.337743 -0.367763 0.039711 14.167834 124.0
85 14005.0 -0.105687 0.519825 0.0 0.579734 -1.63809 -9.337743 -0.367763 0.039711 14.167834 124.0
86 14005.0 -0.090359 0.534922 0.0 0.576778 -1.63809 -9.337743 -0.367763 0.039711 14.167834 124.0
87 14005.0 -0.083747 0.529549 0.0 0.588217 -1.63809 -9.337743 -0.367763 0.039711 14.167834 124.0
88 14005.0 -0.092736 0.536665 0.0 0.572868 -1.63809 -9.337743 -0.367763 0.039711 14.167834 124.0
89 14005.0 -0.104569 0.541726 0.0 0.557271 -1.63809 -9.337743 -0.367763 0.039711 14.167834 124.0
90 14005.0 -0.091775 0.509548 0.0 0.602699 -1.63809 -9.337743 -0.367763 0.039711 14.167834 124.0
91 14005.0 -0.125283 0.524175 0.0 0.558215 -1.63809 -9.337743 -0.367763 0.039711 14.167834 124.0
92 14005.0 -0.119125 0.544373 0.0 0.541912 -1.63809 -9.337743 -0.367763 0.039711 14.167834 124.0
93 14005.0 -0.132189 0.528763 0.0 0.547364 -1.63809 -9.337743 -0.367763 0.039711 14.167834 124.0
94 14005.0 -0.116068 0.490843 0.0 0.601798 -1.63809 -9.337743 -0.367763 0.039711 14.167834 124.0
95 14005.0 -0.134431 0.488415 0.0 0.588589 -1.63809 -9.337743 -0.367763 0.039711 14.167834 124.0
96 14005.0 -0.115133 0.510294 0.0 0.581798 -1.63809 -9.337743 -0.367763 0.039711 14.167834 124.0
97 14005.0 -0.117176 0.514454 0.0 0.57559 -1.63809 -9.337743 -0.367763 0.039711 14.167834 124.0
98 14005.0 -0.112845 0.536145 0.0 0.556118 -1.63809 -9.337743 -0.367763 0.039711 14.167834 124.0
99 14005.0 -0.106361 0.537403 0.0 0.560353 -1.63809 -9.337743 -0.367763 0.039711 14.167834 124.0
100 14005.0 -0.122334 0.533143 0.0 0.551161 -1.63809 -9.337743 -0.367763 0.039711 14.167834 124.0
101 14005.0 -0.150061 0.536692 0.0 0.523501 -1.63809 -9.337743 -0.367763 0.039711 14.167834 124.0
102 14005.0 -0.13644 0.559318 0.0 0.511024 -1.63809 -9.337743 -0.367763 0.039711 14.167834 124.0
103 14005.0 -0.1328 0.554789 0.0 0.519001 -1.63809 -9.337743 -0.367763 0.039711 14.167834 124.0
104 14005.0 -0.132511 0.549178 0.0 0.525251 -1.63809 -9.337743 -0.367763 0.039711 14.167834 124.0
105 14005.0 -0.120581 0.540252 0.0 0.545066 -1.63809 -9.337743 -0.367763 0.039711 14.167834 124.0
106 14005.0 -0.145981 0.53311 0.0 0.530844 -1.63809 -9.337743 -0.367763 0.039711 14.167834 124.0
107 14005.0 -0.128077 0.512445 0.0 0.568357 -1.63809 -9.337743 -0.367763 0.039711 14.167834 124.0
108 14005.0 -0.124992 0.538471 0.0 0.543175 -1.63809 -9.337743 -0.367763 0.039711 14.167834 124.0
109 14005.0 -0.136368 0.52894 0.0 0.543578 -1.63809 -9.337743 -0.367763 0.039711 14.167834 124.0
110 14005.0 -0.140629 0.511548 0.0 0.558513 -1.63809 -9.337743 -0.367763 0.039711 14.167834 124.0
111 14005.0 -0.154028 0.520879 0.0 0.537001 -1.63809 -9.337743 -0.367763 0.039711 14.167834 124.0
112 14005.0 -0.153069 0.521767 0.0 0.536876 -1.63809 -9.337743 -0.367763 0.039711 14.167834 124.0
113 14005.0 -0.169295 0.510532 0.0 0.534928 -1.63809 -9.337743 -0.367763 0.039711 14.167834 124.0
114 14005.0 -0.169158 0.501632 0.0 0.544564 -1.63809 -9.337743 -0.367763 0.039711 14.167834 124.0
115 14005.0 -0.175199 0.493761 0.0 0.547784 -1.63809 -9.337743 -0.367763 0.039711 14.167834 124.0
116 14005.0 -0.176216 0.493241 0.0 0.547464 -1.63809 -9.337743 -0.367763 0.039711 14.167834 124.0
117 14005.0 -0.185712 0.521858 0.0 0.50831 -1.63809 -9.337743 -0.367763 0.039711 14.167834 124.0
118 14005.0 -0.183825 0.524108 0.0 0.507494 -1.63809 -9.337743 -0.367763 0.039711 14.167834 124.0
119 14005.0 -0.173348 0.518139 0.0 0.523302 -1.63809 -9.337743 -0.367763 0.039711 14.167834 124.0
120 14005.0 -0.184952 0.521324 0.0 0.509711 -1.63809 -9.337743 -0.367763 0.039711 14.167834 124.0
121 14005.0 -0.199309 0.538018 0.0 0.475309 -1.63809 -9.337743 -0.367763 0.039711 14.167834 124.0
122 14005.0 -0.223822 0.513574 0.0 0.48016 -1.63809 -9.337743 -0.367763 0.039711 14.167834 124.0
123 14005.0 -0.239468 0.484223 0.0 0.499768 -1.63809 -9.337743 -0.367763 0.039711 14.167834 124.0
124 14005.0 -0.253997 0.496676 0.0 0.470287 -1.63809 -9.337743 -0.367763 0.039711 14.167834 124.0
125 14005.0 -0.289933 0.510269 0.0 0.418036 -1.63809 -9.337743 -0.367763 0.039711 14.167834 124.0
126 14005.0 -0.288393 0.519626 0.0 0.408339 -1.63809 -9.337743 -0.367763 0.039711 14.167834 124.0
127 14005.0 -0.287091 0.525111 0.0 0.403053 -1.63809 -9.337743 -0.367763 0.039711 14.167834 124.0
128 14005.0 -0.291471 0.539864 0.0 0.380956 -1.63809 -9.337743 -0.367763 0.039711 14.167834 124.0
129 14005.0 -0.281982 0.555394 0.0 0.371791 -1.63809 -9.337743 -0.367763 0.039711 14.167834 124.0
130 14005.0 -0.256034 0.549554 0.0 0.404746 -1.63809 -9.337743 -0.367763 0.039711 14.167834 124.0
131 14005.0 -0.236207 0.535656 0.0 0.441258 -1.63809 -9.337743 -0.367763 0.039711 14.167834 124.0
132 14005.0 -0.263347 0.553632 0.0 0.392537 -1.63809 -9.337743 -0.367763 0.039711 14.167834 124.0
133 14005.0 -0.258864 0.54485 0.0 0.407566 -1.63809 -9.337743 -0.367763 0.039711 14.167834 124.0
134 14005.0 -0.275473 0.545219 0.0 0.390518 -1.63809 -9.337743 -0.367763 0.039711 14.167834 124.0
135 14005.0 -0.277501 0.527797 0.0 0.409414 -1.63809 -9.337743 -0.367763 0.039711 14.167834 124.0
136 14005.0 -0.264852 0.540039 0.0 0.407357 -1.63809 -9.337743 -0.367763 0.039711 14.167834 124.0
137 14005.0 -0.272723 0.544886 0.0 0.393667 -1.63809 -9.337743 -0.367763 0.039711 14.167834 124.0
138 14005.0 -0.282073 0.540867 0.0 0.389146 -1.63809 -9.337743 -0.367763 0.039711 14.167834 124.0
139 14005.0 -0.262334 0.505775 0.0 0.451025 -1.63809 -9.337743 -0.367763 0.039711 14.167834 124.0
140 14005.0 -0.272226 0.517833 0.0 0.426654 -1.63809 -9.337743 -0.367763 0.039711 14.167834 124.0
141 14005.0 -0.254261 0.509708 0.0 0.454371 -1.63809 -9.337743 -0.367763 0.039711 14.167834 124.0
142 14005.0 -0.277124 0.515737 0.0 0.424275 -1.63809 -9.337743 -0.367763 0.039711 14.167834 124.0
143 14005.0 -0.273275 0.510937 0.0 0.433887 -1.63809 -9.337743 -0.367763 0.039711 14.167834 124.0
144 14005.0 -0.279403 0.498095 0.0 0.443184 -1.63809 -9.337743 -0.367763 0.039711 14.167834 124.0
145 14005.0 -0.317635 0.479624 0.0 0.427145 -1.63809 -9.337743 -0.367763 0.039711 14.167834 124.0
146 14005.0 -0.303734 0.493562 0.0 0.424303 -1.63809 -9.337743 -0.367763 0.039711 14.167834 124.0
147 14005.0 -0.316542 0.503286 0.0 0.399822 -1.63809 -9.337743 -0.367763 0.039711 14.167834 124.0
148 14005.0 -0.32066 0.490537 0.0 0.411015 -1.63809 -9.337743 -0.367763 0.039711 14.167834 124.0
149 14005.0 -0.343488 0.48516 0.0 0.394651 -1.63809 -9.337743 -0.367763 0.039711 14.167834 124.0
150 14005.0 -0.343748 0.502142 0.0 0.373997 -1.63809 -9.337743 -0.367763 0.039711 14.167834 124.0
151 14005.0 -0.361297 0.537289 0.0 0.314242 -1.63809 -9.337743 -0.367763 0.039711 14.167834 124.0
152 14005.0 -0.376734 0.536072 0.0 0.300271 -1.63809 -9.337743 -0.367763 0.039711 14.167834 124.0
153 14005.0 -0.38331 0.553027 0.0 0.273335 -1.63809 -9.337743 -0.367763 0.039711 14.167834 124.0
154 14005.0 -0.385812 0.531319 0.0 0.296904 -1.63809 -9.337743 -0.367763 0.039711 14.167834 124.0
155 14005.0 -0.38859 0.523745 0.0 0.303223 -1.63809 -9.337743 -0.367763 0.039711 14.167834 124.0
156 14005.0 -0.396662 0.542497 0.0 0.272632 -1.63809 -9.337743 -0.367763 0.039711 14.167834 124.0
157 14005.0 -0.401513 0.550281 0.0 0.258434 -1.63809 -9.337743 -0.367763 0.039711 14.167834 124.0
158 14005.0 -0.414203 0.545321 0.0 0.251705 -1.63809 -9.337743 -0.367763 0.039711 14.167834 124.0
159 14005.0 -0.419496 0.534827 0.0 0.259016 -1.63809 -9.337743 -0.367763 0.039711 14.167834 124.0
160 14005.0 -0.401663 0.532263 0.0 0.279924 -1.63809 -9.337743 -0.367763 0.039711 14.167834 124.0
161 14005.0 -0.407061 0.547971 0.0 0.255663 -1.63809 -9.337743 -0.367763 0.039711 14.167834 124.0
162 14005.0 -0.406986 0.531113 0.0 0.275982 -1.63809 -9.337743 -0.367763 0.039711 14.167834 124.0
163 14005.0 -0.412653 0.52797 0.0 0.274093 -1.63809 -9.337743 -0.367763 0.039711 14.167834 124.0
164 14005.0 -0.424061 0.518612 0.0 0.273927 -1.63809 -9.337743 -0.367763 0.039711 14.167834 124.0
165 14005.0 -0.426287 0.490551 0.0 0.305402 -1.63809 -9.337743 -0.367763 0.039711 14.167834 124.0
166 14005.0 -0.457118 0.52085 0.0 0.238191 -1.63809 -9.337743 -0.367763 0.039711 14.167834 124.0
167 14005.0 -0.47067 0.549092 0.0 0.190726 -1.63809 -9.337743 -0.367763 0.039711 14.167834 124.0
168 14005.0 -0.490912 0.541671 0.0 0.179402 -1.63809 -9.337743 -0.367763 0.039711 14.167834 124.0
169 14005.0 -0.485664 0.518106 0.0 0.212949 -1.63809 -9.337743 -0.367763 0.039711 14.167834 124.0
170 14005.0 -0.516969 0.508053 0.0 0.193725 -1.63809 -9.337743 -0.367763 0.039711 14.167834 124.0
171 14005.0 -0.50723 0.529259 0.0 0.177995 -1.63809 -9.337743 -0.367763 0.039711 14.167834 124.0
172 14005.0 -0.525279 0.537503 0.0 0.15005 -1.63809 -9.337743 -0.367763 0.039711 14.167834 124.0
173 14005.0 -0.530361 0.531851 0.0 0.151757 -1.63809 -9.337743 -0.367763 0.039711 14.167834 124.0
174 14005.0 -0.525152 0.54837 0.0 0.137126 -1.63809 -9.337743 -0.367763 0.039711 14.167834 124.0
175 14005.0 -0.519647 0.548195 0.0 0.14284 -1.63809 -9.337743 -0.367763 0.039711 14.167834 124.0
176 14005.0 -0.526901 0.527964 0.0 0.159884 -1.63809 -9.337743 -0.367763 0.039711 14.167834 124.0
177 14005.0 -0.530962 0.512489 0.0 0.17441 -1.63809 -9.337743 -0.367763 0.039711 14.167834 124.0
178 14005.0 -0.528191 0.511182 0.0 0.178749 -1.63809 -9.337743 -0.367763 0.039711 14.167834 124.0
179 14005.0 -0.523459 0.528603 0.0 0.162557 -1.63809 -9.337743 -0.367763 0.039711 14.167834 124.0
180 14005.0 -0.550822 0.534186 0.0 0.128498 -1.63809 -9.337743 -0.367763 0.039711 14.167834 124.0
181 14005.0 -0.549029 0.537142 0.0 0.12674 -1.63809 -9.337743 -0.367763 0.039711 14.167834 124.0
182 14005.0 -0.554458 0.532815 0.0 0.126509 -1.63809 -9.337743 -0.367763 0.039711 14.167834 124.0
183 14005.0 -0.547899 0.542542 0.0 0.121384 -1.63809 -9.337743 -0.367763 0.039711 14.167834 124.0
184 14005.0 -0.543306 0.583022 0.0 0.077361 -1.63809 -9.337743 -0.367763 0.039711 14.167834 124.0
185 14005.0 -0.554758 0.596101 0.0 0.050206 -1.63809 -9.337743 -0.367763 0.039711 14.167834 124.0
186 14005.0 -0.561348 0.594715 0.0 0.045282 -1.63809 -9.337743 -0.367763 0.039711 14.167834 124.0
187 14005.0 -0.557396 0.602384 0.0 0.040022 -1.63809 -9.337743 -0.367763 0.039711 14.167834 124.0
188 14005.0 -0.594108 0.587567 0.0 0.021115 -1.63809 -9.337743 -0.367763 0.039711 14.167834 124.0
189 14005.0 -0.584321 0.586805 0.0 0.031816 -1.63809 -9.337743 -0.367763 0.039711 14.167834 124.0
190 14005.0 -0.593161 0.584687 0.0 0.02552 -1.63809 -9.337743 -0.367763 0.039711 14.167834 124.0
191 14005.0 -0.606579 0.605787 0.0 -0.013234 -1.63809 -9.337743 -0.367763 0.039711 14.167834 124.0
192 14005.0 -0.590388 0.605089 0.0 0.003791 -1.63809 -9.337743 -0.367763 0.039711 14.167834 124.0
193 14005.0 -0.608106 0.612228 0.0 -0.022497 -1.63809 -9.337743 -0.367763 0.039711 14.167834 124.0
194 14005.0 -0.609086 0.584755 0.0 0.009518 -1.63809 -9.337743 -0.367763 0.039711 14.167834 124.0
195 14005.0 -0.623716 0.593077 0.0 -0.015102 -1.63809 -9.337743 -0.367763 0.039711 14.167834 124.0
196 14005.0 -0.610008 0.59551 0.0 -0.00432 -1.63809 -9.337743 -0.367763 0.039711 14.167834 124.0
197 14005.0 -0.620623 0.581771 0.0 0.001569 -1.63809 -9.337743 -0.367763 0.039711 14.167834 124.0
198 14005.0 -0.604934 0.574952 0.0 0.025443 -1.63809 -9.337743 -0.367763 0.039711 14.167834 124.0
199 14005.0 -0.606652 0.57102 0.0 0.028447 -1.63809 -9.337743 -0.367763 0.039711 14.167834 124.0
200 14005.0 -0.5845 0.569862 0.0 0.051983 -1.63809 -9.337743 -0.367763 0.039711 14.167834 124.0
201 14005.0 -0.584768 0.544315 0.0 0.082397 -1.63809 -9.337743 -0.367763 0.039711 14.167834 124.0
202 14005.0 -0.573781 0.543404 0.0 0.094474 -1.63809 -9.337743 -0.367763 0.039711 14.167834 124.0
203 14005.0 -0.598908 0.566434 0.0 0.041697 -1.63809 -9.337743 -0.367763 0.039711 14.167834 124.0
204 14005.0 -0.586606 0.56159 0.0 0.059813 -1.63809 -9.337743 -0.367763 0.039711 14.167834 124.0
205 14005.0 -0.570825 0.55219 0.0 0.086878 -1.63809 -9.337743 -0.367763 0.039711 14.167834 124.0
206 14005.0 -0.570492 0.567942 0.0 0.068294 -1.63809 -9.337743 -0.367763 0.039711 14.167834 124.0
207 14005.0 -0.592729 0.55302 0.0 0.063982 -1.63809 -9.337743 -0.367763 0.039711 14.167834 124.0
208 14005.0 -0.607808 0.532987 0.0 0.072967 -1.63809 -9.337743 -0.367763 0.039711 14.167834 124.0
209 14005.0 -0.622948 0.524942 0.0 0.067493 -1.63809 -9.337743 -0.367763 0.039711 14.167834 124.0
210 14005.0 -0.619115 0.509822 0.0 0.089484 -1.63809 -9.337743 -0.367763 0.039711 14.167834 124.0
211 14005.0 -0.627042 0.515431 0.0 0.074824 -1.63809 -9.337743 -0.367763 0.039711 14.167834 124.0
212 14005.0 -0.639936 0.51627 0.0 0.060925 -1.63809 -9.337743 -0.367763 0.039711 14.167834 124.0
213 14005.0 -0.643887 0.512842 0.0 0.061093 -1.63809 -9.337743 -0.367763 0.039711 14.167834 124.0
214 14005.0 -0.642386 0.502248 0.0 0.075316 -1.63809 -9.337743 -0.367763 0.039711 14.167834 124.0
215 14005.0 -0.634087 0.496007 0.0 0.091108 -1.63809 -9.337743 -0.367763 0.039711 14.167834 124.0
216 14005.0 -0.632975 0.496202 0.0 0.091986 -1.63809 -9.337743 -0.367763 0.039711 14.167834 124.0
217 14005.0 -0.65075 0.500332 0.0 0.069254 -1.63809 -9.337743 -0.367763 0.039711 14.167834 124.0
218 14005.0 -0.65768 0.507904 0.0 0.053234 -1.63809 -9.337743 -0.367763 0.039711 14.167834 124.0
219 14005.0 -0.687714 0.523608 0.0 0.004348 -1.63809 -9.337743 -0.367763 0.039711 14.167834 124.0
220 14005.0 -0.704958 0.531362 0.0 -0.022204 -1.63809 -9.337743 -0.367763 0.039711 14.167834 124.0
221 14005.0 -0.708368 0.556083 0.0 -0.055301 -1.63809 -9.337743 -0.367763 0.039711 14.167834 124.0
222 14005.0 -0.728942 0.564425 0.0 -0.085888 -1.63809 -9.337743 -0.367763 0.039711 14.167834 124.0
223 14005.0 -0.724868 0.562461 0.0 -0.079456 -1.63809 -9.337743 -0.367763 0.039711 14.167834 124.0
224 14005.0 -0.72726 0.561677 0.0 -0.080906 -1.63809 -9.337743 -0.367763 0.039711 14.167834 124.0
225 14005.0 -0.738224 0.578403 0.0 -0.111954 -1.63809 -9.337743 -0.367763 0.039711 14.167834 124.0
226 14005.0 -0.725139 0.624375 0.0 -0.1543 -1.63809 -9.337743 -0.367763 0.039711 14.167834 124.0
227 14005.0 -0.717426 0.64309 0.0 -0.169971 -1.63809 -9.337743 -0.367763 0.039711 14.167834 124.0
228 14005.0 -0.710789 0.658179 0.0 -0.18218 -1.63809 -9.337743 -0.367763 0.039711 14.167834 124.0
229 14005.0 -0.729184 0.66207 0.0 -0.203821 -1.63809 -9.337743 -0.367763 0.039711 14.167834 124.0
230 14005.0 -0.734443 0.669136 0.0 -0.215996 -1.63809 -9.337743 -0.367763 0.039711 14.167834 124.0
231 14005.0 -0.710829 0.691512 0.0 -0.219 -1.63809 -9.337743 -0.367763 0.039711 14.167834 124.0
232 14005.0 -0.715964 0.673631 0.0 -0.204473 -1.63809 -9.337743 -0.367763 0.039711 14.167834 124.0
233 14005.0 -0.718444 0.662145 0.0 -0.194418 -1.63809 -9.337743 -0.367763 0.039711 14.167834 124.0
234 14005.0 -0.727309 0.657383 0.0 -0.197168 -1.63809 -9.337743 -0.367763 0.039711 14.167834 124.0
235 14005.0 -0.750586 0.651573 0.0 -0.211527 -1.63809 -9.337743 -0.367763 0.039711 14.167834 124.0
236 14005.0 -0.755611 0.636621 0.0 -0.200025 -1.63809 -9.337743 -0.367763 0.039711 14.167834 124.0
237 14005.0 -0.783595 0.631324 0.0 -0.219086 -1.63809 -9.337743 -0.367763 0.039711 14.167834 124.0
238 14005.0 -0.799047 0.626907 0.0 -0.228021 -1.63809 -9.337743 -0.367763 0.039711 14.167834 124.0
239 14005.0 -0.793193 0.626924 0.0 -0.222871 -1.63809 -9.337743 -0.367763 0.039711 14.167834 124.0
240 14005.0 -0.792615 0.628197 0.0 -0.223717 -1.63809 -9.337743 -0.367763 0.039711 14.167834 124.0
241 14005.0 -0.789856 0.624092 0.0 -0.216905 -1.63809 -9.337743 -0.367763 0.039711 14.167834 124.0
242 14005.0 -0.781938 0.647794 0.0 -0.235181 -1.63809 -9.337743 -0.367763 0.039711 14.167834 124.0
243 14005.0 -0.779217 0.653969 0.0 -0.239362 -1.63809 -9.337743 -0.367763 0.039711 14.167834 124.0
244 14005.0 -0.774608 0.659473 0.0 -0.24116 -1.63809 -9.337743 -0.367763 0.039711 14.167834 124.0
245 14005.0 -0.788632 0.670593 0.0 -0.265397 -1.63809 -9.337743 -0.367763 0.039711 14.167834 124.0
246 14005.0 -0.804471 0.69759 0.0 -0.308163 -1.63809 -9.337743 -0.367763 0.039711 14.167834 124.0
247 14005.0 -0.802665 0.700609 0.0 -0.309786 -1.63809 -9.337743 -0.367763 0.039711 14.167834 124.0
248 14005.0 -0.822654 0.669681 0.0 -0.294465 -1.63809 -9.337743 -0.367763 0.039711 14.167834 124.0
249 14005.0 -0.821416 0.685569 0.0 -0.310309 -1.63809 -9.337743 -0.367763 0.039711 14.167834 124.0
250 14005.0 -0.838553 0.707185 0.0 -0.352011 -1.63809 -9.337743 -0.367763 0.039711 14.167834 124.0
251 14005.0 -0.864369 0.73733 0.0 -0.41891 -1.63809 -9.337743 -0.367763 0.039711 14.167834 124.0
252 14005.0 -0.883204 0.759372 0.0 -0.467723 -1.63809 -9.337743 -0.367763 0.039711 14.167834 124.0
253 14005.0 -0.897062 0.776356 0.0 -0.503716 -1.63809 -9.337743 -0.367763 0.039711 14.167834 124.0
254 14005.0 -0.911358 0.792506 0.0 -0.538976 -1.63809 -9.337743 -0.367763 0.039711 14.167834 124.0
255 14005.0 -0.913846 0.807431 0.0 -0.563566 -1.63809 -9.337743 -0.367763 0.039711 14.167834 124.0
256 14005.0 -0.905589 0.809228 0.0 -0.558389 -1.63809 -9.337743 -0.367763 0.039711 14.167834 124.0
257 14005.0 -0.922444 0.82467 0.0 -0.598224 -1.63809 -9.337743 -0.367763 0.039711 14.167834 124.0
258 14005.0 -0.921157 0.851704 0.0 -0.638391 -1.63809 -9.337743 -0.367763 0.039711 14.167834 124.0
259 14005.0 -0.928724 0.896638 0.0 -0.710091 -1.63809 -9.337743 -0.367763 0.039711 14.167834 124.0
260 14005.0 -0.930948 0.939129 0.0 -0.77055 -1.63809 -9.337743 -0.367763 0.039711 14.167834 124.0
261 14005.0 -0.91239 0.968755 0.0 -0.789447 -1.63809 -9.337743 -0.367763 0.039711 14.167834 124.0
262 14005.0 -0.89812 0.996599 0.0 -0.806333 -1.63809 -9.337743 -0.367763 0.039711 14.167834 124.0
263 14005.0 -0.90201 1.011963 0.0 -0.82429 -1.63809 -9.337743 -0.367763 0.039711 14.167834 124.0
264 14005.0 -0.920063 1.027253 0.0 -0.852574 -1.63809 -9.337743 -0.367763 0.039711 14.167834 124.0
265 14005.0 -0.910691 1.05504 0.0 -0.873001 -1.63809 -9.337743 -0.367763 0.039711 14.167834 124.0
266 14005.0 -0.915692 1.068654 0.0 -0.890054 -1.63809 -9.337743 -0.367763 0.039711 14.167834 124.0
267 14005.0 -0.874174 1.069776 0.0 -0.860669 -1.63809 -9.337743 -0.367763 0.039711 14.167834 124.0
268 14005.0 -0.870636 1.084033 0.0 -0.872083 -1.63809 -9.337743 -0.367763 0.039711 14.167834 124.0
269 14005.0 -0.877779 1.078544 0.0 -0.871933 -1.63809 -9.337743 -0.367763 0.039711 14.167834 124.0
270 14005.0 -0.900547 1.07945 0.0 -0.889543 -1.63809 -9.337743 -0.367763 0.039711 14.167834 124.0
271 14005.0 -0.903248 1.089636 0.0 -0.901537 -1.63809 -9.337743 -0.367763 0.039711 14.167834 124.0
272 14005.0 -0.878461 1.103433 0.0 -0.896895 -1.63809 -9.337743 -0.367763 0.039711 14.167834 124.0
273 14005.0 -0.898397 1.121392 0.0 -0.929185 -1.63809 -9.337743 -0.367763 0.039711 14.167834 124.0
274 14005.0 -0.870292 1.137059 0.0 -0.923945 -1.63809 -9.337743 -0.367763 0.039711 14.167834 124.0
275 14005.0 -0.848743 1.158739 0.0 -0.929429 -1.63809 -9.337743 -0.367763 0.039711 14.167834 124.0
276 14005.0 -0.826704 1.174276 0.0 -0.928515 -1.63809 -9.337743 -0.367763 0.039711 14.167834 124.0
277 14005.0 -0.799859 1.19997 0.0 -0.934054 -1.63809 -9.337743 -0.367763 0.039711 14.167834 124.0
278 14005.0 -0.748743 1.208215 0.0 -0.904622 -1.63809 -9.337743 -0.367763 0.039711 14.167834 124.0
279 14005.0 -0.749747 1.235969 0.0 -0.932637 -1.63809 -9.337743 -0.367763 0.039711 14.167834 124.0
280 14005.0 -0.725974 1.23064 0.0 -0.909943 -1.63809 -9.337743 -0.367763 0.039711 14.167834 124.0
281 14005.0 -0.723444 1.253291 0.0 -0.930347 -1.63809 -9.337743 -0.367763 0.039711 14.167834 124.0
282 14005.0 -0.69477 1.271066 0.0 -0.924174 -1.63809 -9.337743 -0.367763 0.039711 14.167834 124.0
283 14005.0 -0.673688 1.288104 0.0 -0.921122 -1.63809 -9.337743 -0.367763 0.039711 14.167834 124.0
284 14005.0 -0.675362 1.305423 0.0 -0.933475 -1.63809 -9.337743 -0.367763 0.039711 14.167834 124.0
285 14005.0 -0.681208 1.319507 0.0 -0.94652 -1.63809 -9.337743 -0.367763 0.039711 14.167834 124.0
286 14005.0 -0.688068 1.343074 0.0 -0.966394 -1.63809 -9.337743 -0.367763 0.039711 14.167834 124.0
287 14005.0 -0.675903 1.330113 0.0 -0.949851 -1.63809 -9.337743 -0.367763 0.039711 14.167834 124.0
