 time p.x p.y p.z deep.node-0 CV opes.bias opes.rct opes.zed opes.neff opes.nker
0 3145.0 -0.505113 0.511184 0.0 0.201819 -1.156319 -16.245943 -0.217783 0.040034 14.167834 123.0
1 3145.0 -0.505536 0.498391 0.0 0.216759 -1.156319 -16.245943 -0.217783 0.040034 14.167834 123.0
2 3145.0 -0.501362 0.479161 0.0 0.244027 -1.156319 -16.245943 -0.217783 0.040034 14.167834 123.0
3 3145.0 -0.51009 0.498958 0.0 0.211525 -1.156319 -16.245943 -0.217783 0.040034 14.167834 123.0
4 3145.0 -0.521804 0.480789 0.0 0.221636 -1.156319 -16.245943 -0.217783 0.040034 14.167834 123.0
5 3145.0 -0.533344 0.515543 0.0 0.16836 -1.156319 -16.245943 -0.217783 0.040034 14.167834 123.0
6 3145.0 -0.55081 0.528596 0.0 0.135224 -1.156319 -16.245943 -0.217783 0.040034 14.167834 123.0
7 3145.0 -0.586269 0.526178 0.0 0.102678 -1.156319 -16.245943 -0.217783 0.040034 14.167834 123.0
8 3145.0 -0.606642 0.532321 0.0 0.074933 -1.156319 -16.245943 -0.217783 0.040034 14.167834 123.0
9 3145.0 -0.606433 0.545562 0.0 0.05924 -1.156319 -16.245943 -0.217783 0.040034 14.167834 123.0
10 3145.0 -0.603872 0.563916 0.0 0.039758 -1.156319 -16.245943 -0.217783 0.040034 14.167834 123.0
11 3145.0 -0.620377 0.570297 0.0 0.015594 -1.156319 -16.245943 -0.217783 0.040034 14.167834 123.0
12 3145.0 -0.62539 0.58961 0.0 -0.012612 -1.156319 -16.245943 -0.217783 0.040034 14.167834 123.0
13 3145.0 -0.644667 0.62172 0.0 -0.070446 -1.156319 -16.245943 -0.217783 0.040034 14.167834 123.0
14 3145.0 -0.635537 0.633311 0.0 -0.075239 -1.156319 -16.245943 -0.217783 0.040034 14.167834 123.0
15 3145.0 -0.624668 0.616371 0.0 -0.044029 -1.156319 -16.245943 -0.217783 0.040034 14.167834 123.0
16 3145.0 -0.614623 0.633943 0.0 -0.055089 -1.156319 -16.245943 -0.217783 0.040034 14.167834 123.0
17 3145.0 -0.615885 0.649464 0.0 -0.074992 -1.156319 -16.245943 -0.217783 0.040034 14.167834 123.0
18 3145.0 -0.622585 0.680676 0.0 -0.120877 -1.156319 -16.245943 -0.217783 0.040034 14.167834 123.0
19 3145.0 -0.644502 0.685571 0.0 -0.149276 -1.156319 -16.245943 -0.217783 0.040034 14.167834 123.0
20 3145.0 -0.655268 0.705659 0.0 -0.185024 -1.156319 -16.245943 -0.217783 0.040034 14.167834 123.0
21 3145.0 -0.648416 0.718895 0.0 -0.193084 -1.156319 -16.245943 -0.217783 0.040034 14.167834 123.0
22 3145.0 -0.633484 0.708779 0.0 -0.167234 -1.156319 -16.245943 -0.217783 0.040034 14.167834 123.0
23 3145.0 -0.634188 0.73086 0.0 -0.193276 -1.156319 -16.245943 -0.217783 0.040034 14.167834 123.0
24 3145.0 -0.678609 0.75293 0.0 -0.259968 -1.156319 -16.245943 -0.217783 0.040034 14.167834 123.0
25 3145.0 -0.699069 0.761401 0.0 -0.291605 -1.156319 -16.245943 -0.217783 0.040034 14.167834 123.0
26 3145.0 -0.698698 0.770023 0.0 -0.3032 -1.156319 -16.245943 -0.217783 0.040034 14.167834 123.0
27 3145.0 -0.714486 0.750166 0.0 -0.29101 -1.156319 -16.245943 -0.217783 0.040034 14.167834 123.0
28 3145.0 -0.724539 0.74071 0.0 -0.28767 -1.156319 -16.245943 -0.217783 0.040034 14.167834 123.0
29 3145.0 -0.745574 0.713145 0.0 -0.272741 -1.156319 -16.245943 -0.217783 0.040034 14.167834 123.0
30 3145.0 -0.754617 0.685849 0.0 -0.251626 -1.156319 -16.245943 -0.217783 0.040034 14.167834 123.0
31 3145.0 -0.729769 0.690594 0.0 -0.234745 -1.156319 -16.245943 -0.217783 0.040034 14.167834 123.0
32 3145.0 -0.732872 0.700631 0.0 -0.248185 -1.156319 -16.245943 -0.217783 0.040034 14.167834 123.0
33 3145.0 -0.741766 0.683382 0.0 -0.237649 -1.156319 -16.245943 -0.217783 0.040034 14.167834 123.0
34 3145.0 -0.7481 0.692283 0.0 -0.252731 -1.156319 -16.245943 -0.217783 0.040034 14.167834 123.0
35 3145.0 -0.747203 0.703857 0.0 -0.264277 -1.156319 -16.245943 -0.217783 0.040034 14.167834 123.0
36 3145.0 -0.729576 0.706536 0.0 -0.251569 -1.156319 -16.245943 -0.217783 0.040034 14.167834 123.0
37 3145.0 -0.734596 0.728636 0.0 -0.280704 -1.156319 -16.245943 -0.217783 0.040034 14.167834 123.0
38 3145.0 -0.743557 0.738621 0.0 -0.303261 -1.156319 -16.245943 -0.217783 0.040034 14.167834 123.0
39 3145.0 -0.743713 0.753693 0.0 -0.324313 -1.156319 -16.245943 -0.217783 0.040034 14.167834 123.0
40 3145.0 -0.749915 0.75356 0.0 -0.330157 -1.156319 -16.245943 -0.217783 0.040034 14.167834 123.0
41 3145.0 -0.753425 0.754085 0.0 -0.334298 -1.156319 -16.245943 -0.217783 0.040034 14.167834 123.0
42 3145.0 -0.75926 0.783612 0.0 -0.380917 -1.156319 -16.245943 -0.217783 0.040034 14.167834 123.0
43 3145.0 -0.796589 0.787517 0.0 -0.422618 -1.156319 -16.245943 -0.217783 0.040034 14.167834 123.0
44 3145.0 -0.816528 0.793817 0.0 -0.450737 -1.156319 -16.245943 -0.217783 0.040034 14.167834 123.0
45 3145.0 -0.81906 0.80458 0.0 -0.468123 -1.156319 -16.245943 -0.217783 0.040034 14.167834 123.0
46 3145.0 -0.852508 0.821246 0.0 -0.52576 -1.156319 -16.245943 -0.217783 0.040034 14.167834 123.0
47 3145.0 -0.856745 0.839116 0.0 -0.55726 -1.156319 -16.245943 -0.217783 0.040034 14.167834 123.0
48 3145.0 -0.874554 0.848077 0.0 -0.588085 -1.156319 -16.245943 -0.217783 0.040034 14.167834 123.0
49 3145.0 -0.902767 0.866864 0.0 -0.643949 -1.156319 -16.245943 -0.217783 0.040034 14.167834 123.0
50 3145.0 -0.894955 0.884146 0.0 -0.662915 -1.156319 -16.245943 -0.217783 0.040034 14.167834 123.0
51 3145.0 -0.910931 0.905896 0.0 -0.707382 -1.156319 -16.245943 -0.217783 0.040034 14.167834 123.0
52 3145.0 -0.913438 0.926355 0.0 -0.73774 -1.156319 -16.245943 -0.217783 0.040034 14.167834 123.0
53 3145.0 -0.908111 0.941299 0.0 -0.753695 -1.156319 -16.245943 -0.217783 0.040034 14.167834 123.0
54 3145.0 -0.905744 0.968572 0.0 -0.784387 -1.156319 -16.245943 -0.217783 0.040034 14.167834 123.0
55 3145.0 -0.877756 0.972702 0.0 -0.767894 -1.156319 -16.245943 -0.217783 0.040034 14.167834 123.0
56 3145.0 -0.906673 0.970849 0.0 -0.787307 -1.156319 -16.245943 -0.217783 0.040034 14.167834 123.0
57 3145.0 -0.92148 0.999202 0.0 -0.826045 -1.156319 -16.245943 -0.217783 0.040034 14.167834 123.0
58 3145.0 -0.935801 1.028857 0.0 -0.865707 -1.156319 -16.245943 -0.217783 0.040034 14.167834 123.0
59 3145.0 -0.942547 1.028876 0.0 -0.870679 -1.156319 -16.245943 -0.217783 0.040034 14.167834 123.0
60 3145.0 -0.947152 1.032208 0.0 -0.877336 -1.156319 -16.245943 -0.217783 0.040034 14.167834 123.0
61 3145.0 -0.934812 1.050568 0.0 -0.886319 -1.156319 -16.245943 -0.217783 0.040034 14.167834 123.0
62 3145.0 -0.902104 1.059913 0.0 -0.871485 -1.156319 -16.245943 -0.217783 0.040034 14.167834 123.0
63 3145.0 -0.909087 1.074316 0.0 -0.890768 -1.156319 -16.245943 -0.217783 0.040034 14.167834 123.0
64 3145.0 -0.886484 1.076119 0.0 -0.875942 -1.156319 -16.245943 -0.217783 0.040034 14.167834 123.0
65 3145.0 -0.891248 1.067545 0.0 -0.871014 -1.156319 -16.245943 -0.217783 0.040034 14.167834 123.0
66 3145.0 -0.860802 1.079498 0.0 -0.860406 -1.156319 -16.245943 -0.217783 0.040034 14.167834 123.0
67 3145.0 -0.856297 1.086654 0.0 -0.86413 -1.156319 -16.245943 -0.217783 0.040034 14.167834 123.0
68 3145.0 -0.838935 1.096516 0.0 -0.861073 -1.156319 -16.245943 -0.217783 0.040034 14.167834 123.0
69 3145.0 -0.84258 1.139225 0.0 -0.905724 -1.156319 -16.245943 -0.217783 0.040034 14.167834 123.0
70 3145.0 -0.827659 1.150777 0.0 -0.906121 -1.156319 -16.245943 -0.217783 0.040034 14.167834 123.0
71 3145.0 -0.801274 1.156416 0.0 -0.892288 -1.156319 -16.245943 -0.217783 0.040034 14.167834 123.0
72 3145.0 -0.798612 1.149163 0.0 -0.883206 -1.156319 -16.245943 -0.217783 0.040034 14.167834 123.0
73 3145.0 -0.796985 1.180669 0.0 -0.912975 -1.156319 -16.245943 -0.217783 0.040034 14.167834 123.0
74 3145.0 -0.789391 1.212217 0.0 -0.938405 -1.156319 -16.245943 -0.217783 0.040034 14.167834 123.0
75 3145.0 -0.778692 1.214195 0.0 -0.932492 -1.156319 -16.245943 -0.217783 0.040034 14.167834 123.0
76 3145.0 -0.781481 1.209563 0.0 -0.929987 -1.156319 -16.245943 -0.217783 0.040034 14.167834 123.0
77 3145.0 -0.788163 1.219793 0.0 -0.944949 -1.156319 -16.245943 -0.217783 0.040034 14.167834 123.0
78 3145.0 -0.783886 1.213411 0.0 -0.935535 -1.156319 -16.245943 -0.217783 0.040034 14.167834 123.0
79 3145.0 -0.770011 1.232582 0.0 -0.944189 -1.156319 -16.245943 -0.217783 0.040034 14.167834 123.0
80 3145.0 -0.727966 1.215555 0.0 -0.89658 -1.156319 -16.245943 -0.217783 0.040034 14.167834 123.0
81 3145.0 -0.718804 1.250439 0.0 -0.924137 -1.156319 -16.245943 -0.217783 0.040034 14.167834 123.0
82 3145.0 -0.69536 1.284944 0.0 -0.93357 -1.156319 -16.245943 -0.217783 0.040034 14.167834 123.0
83 3145.0 -0.70815 1.30684 0.0 -0.956327 -1.156319 -16.245943 -0.217783 0.040034 14.167834 123.0
84 3145.0 -0.69218 1.30652 0.0 -0.945436 -1.156319 -16.245943 -0.217783 0.040034 14.167834 123.0
85 3145.0 -0.692697 1.311832 0.0 -0.949227 -1.156319 -16.245943 -0.217783 0.040034 14.167834 123.0
86 3145.0 -0.70081 1.331866 0.0 -0.967649 -1.156319 -16.245943 -0.217783 0.040034 14.167834 123.0
87 3145.0 -0.725549 1.332426 0.0 -0.98456 -1.156319 -16.245943 -0.217783 0.040034 14.167834 123.0
88 3145.0 -0.729524 1.335518 0.0 -0.989225 -1.156319 -16.245943 -0.217783 0.040034 14.167834 123.0
89 3145.0 -0.723546 1.342027 0.0 -0.989447 -1.156319 -16.245943 -0.217783 0.040034 14.167834 123.0
90 3145.0 -0.706839 1.347052 0.0 -0.981531 -1.156319 -16.245943 -0.217783 0.040034 14.167834 123.0
91 3145.0 -0.707037 1.353612 0.0 -0.985919 -1.156319 -16.245943 -0.217783 0.040034 14.167834 123.0
92 3145.0 -0.697703 1.341619 0.0 -0.971896 -1.156319 -16.245943 -0.217783 0.040034 14.167834 123.0
93 3145.0 -0.668479 1.342667 0.0 -0.953026 -1.156319 -16.245943 -0.217783 0.040034 14.167834 123.0
94 3145.0 -0.656745 1.345316 0.0 -0.946895 -1.156319 -16.245943 -0.217783 0.040034 14.167834 123.0
95 3145.0 -0.619982 1.347375 0.0 -0.923639 -1.156319 -16.245943 -0.217783 0.040034 14.167834 123.0
96 3145.0 -0.611624 1.357507 0.0 -0.926979 -1.156319 -16.245943 -0.217783 0.040034 14.167834 123.0
97 3145.0 -0.587867 1.372335 0.0 -0.924439 -1.156319 -16.245943 -0.217783 0.040034 14.167834 123.0
98 3145.0 -0.582708 1.371605 0.0 -0.920238 -1.156319 -16.245943 -0.217783 0.040034 14.167834 123.0
99 3145.0 -0.618467 1.364667 0.0 -0.937777 -1.156319 -16.245943 -0.217783 0.040034 14.167834 123.0
100 3145.0 -0.61965 1.371981 0.0 -0.945116 -1.156319 -16.245943 -0.217783 0.040034 14.167834 123.0
101 3145.0 -0.621988 1.380337 0.0 -0.954126 -1.156319 -16.245943 -0.217783 0.040034 14.167834 123.0
102 3145.0 -0.613566 1.388432 0.0 -0.956059 -1.156319 -16.245943 -0.217783 0.040034 14.167834 123.0
103 3145.0 -0.62906 1.383573 0.0 -0.961538 -1.156319 -16.245943 -0.217783 0.040034 14.167834 123.0
104 3145.0 -0.63319 1.41408 0.0 -0.983667 -1.156319 -16.245943 -0.217783 0.040034 14.167834 123.0
105 3145.0 -0.633278 1.423229 0.0 -0.989011 -1.156319 -16.245943 -0.217783 0.040034 14.167834 123.0
106 3145.0 -0.621077 1.417597 0.0 -0.978668 -1.156319 -16.245943 -0.217783 0.040034 14.167834 123.0
107 3145.0 -0.641783 1.431524 0.0 -0.998749 -1.156319 -16.245943 -0.217783 0.040034 14.167834 123.0
108 3145.0 -0.617441 1.42414 0.0 -0.980342 -1.156319 -16.245943 -0.217783 0.040034 14.167834 123.0
109 3145.0 -0.61386 1.429087 0.0 -0.981124 -1.156319 -16.245943 -0.217783 0.040034 14.167834 123.0
110 3145.0 -0.585025 1.411218 0.0 -0.953965 -1.156319 -16.245943 -0.217783 0.040034 14.167834 123.0
111 3145.0 -0.554587 1.39815 0.0 -0.925082 -1.156319 -16.245943 -0.217783 0.040034 14.167834 123.0
112 3145.0 -0.549996 1.396384 0.0 -0.920318 -1.156319 -16.245943 -0.217783 0.040034 14.167834 123.0
113 3145.0 -0.573446 1.417527 0.0 -0.950475 -1.156319 -16.245943 -0.217783 0.040034 14.167834 123.0
114 3145.0 -0.565394 1.42355 0.0 -0.948176 -1.156319 -16.245943 -0.217783 0.040034 14.167834 123.0
115 3145.0 -0.564834 1.414768 0.0 -0.9434 -1.156319 -16.245943 -0.217783 0.040034 14.167834 123.0
116 3145.0 -0.542614 1.389341 0.0 -0.908845 -1.156319 -16.245943 -0.217783 0.040034 14.167834 123.0
117 3145.0 -0.561325 1.413392 0.0 -0.940285 -1.156319 -16.245943 -0.217783 0.040034 14.167834 123.0
118 3145.0 -0.573927 1.442191 0.0 -0.960427 -1.156319 -16.245943 -0.217783 0.040034 14.167834 123.0
119 3145.0 -0.5602 1.453952 0.0 -0.950562 -1.156319 -16.245943 -0.217783 0.040034 14.167834 123.0
120 3145.0 -0.53298 1.464092 0.0 -0.928584 -1.156319 -16.245943 -0.217783 0.040034 14.167834 123.0
121 3145.0 -0.518035 1.471563 0.0 -0.916848 -1.156319 -16.245943 -0.217783 0.040034 14.167834 123.0
122 3145.0 -0.49664 1.459769 0.0 -0.896139 -1.156319 -16.245943 -0.217783 0.040034 14.167834 123.0
123 3145.0 -0.507225 1.457581 0.0 -0.90499 -1.156319 -16.245943 -0.217783 0.040034 14.167834 123.0
124 3145.0 -0.505333 1.470219 0.0 -0.905536 -1.156319 -16.245943 -0.217783 0.040034 14.167834 123.0
125 3145.0 -0.506914 1.482807 0.0 -0.909102 -1.156319 -16.245943 -0.217783 0.040034 14.167834 123.0
126 3145.0 -0.511823 1.493593 0.0 -0.915258 -1.156319 -16.245943 -0.217783 0.040034 14.167834 123.0
127 3145.0 -0.503327 1.482812 0.0 -0.905975 -1.156319 -16.245943 -0.217783 0.040034 14.167834 123.0
128 3145.0 -0.476043 1.502586 0.0 -0.885615 -1.156319 -16.245943 -0.217783 0.040034 14.167834 123.0
129 3145.0 -0.487235 1.552245 0.0 -0.904004 -1.156319 -16.245943 -0.217783 0.040034 14.167834 123.0
130 3145.0 -0.469478 1.527419 0.0 -0.884204 -1.156319 -16.245943 -0.217783 0.040034 14.167834 123.0
131 3145.0 -0.47011 1.517843 0.0 -0.883091 -1.156319 -16.245943 -0.217783 0.040034 14.167834 123.0
132 3145.0 -0.475964 1.497671 0.0 -0.884692 -1.156319 -16.245943 -0.217783 0.040034 14.167834 123.0
133 3145.0 -0.463496 1.504934 0.0 -0.875081 -1.156319 -16.245943 -0.217783 0.040034 14.167834 123.0
134 3145.0 -0.446997 1.538008 0.0 -0.866437 -1.156319 -16.245943 -0.217783 0.040034 14.167834 123.0
135 3145.0 -0.431836 1.531638 0.0 -0.852109 -1.156319 -16.245943 -0.217783 0.040034 14.167834 123.0
136 3145.0 -0.431913 1.537269 0.0 -0.853154 -1.156319 -16.245943 -0.217783 0.040034 14.167834 123.0
137 3145.0 -0.431519 1.533903 0.0 -0.852225 -1.156319 -16.245943 -0.217783 0.040034 14.167834 123.0
138 3145.0 -0.449518 1.555133 0.0 -0.871612 -1.156319 -16.245943 -0.217783 0.040034 14.167834 123.0
139 3145.0 -0.444501 1.545859 0.0 -0.865625 -1.156319 -16.245943 -0.217783 0.040034 14.167834 123.0
140 3145.0 -0.439271 1.553473 0.0 -0.862387 -1.156319 -16.245943 -0.217783 0.040034 14.167834 123.0
141 3145.0 -0.45908 1.543135 0.0 -0.877866 -1.156319 -16.245943 -0.217783 0.040034 14.167834 123.0
142 3145.0 -0.44863 1.542611 0.0 -0.868662 -1.156319 -16.245943 -0.217783 0.040034 14.167834 123.0
143 3145.0 -0.438175 1.568281 0.0 -0.864004 -1.156319 -16.245943 -0.217783 0.040034 14.167834 123.0
144 3145.0 -0.433736 1.554591 0.0 -0.857754 -1.156319 -16.245943 -0.217783 0.040034 14.167834 123.0
145 3145.0 -0.440425 1.553895 0.0 -0.863466 -1.156319 -16.245943 -0.217783 0.040034 14.167834 123.0
146 3145.0 -0.434584 1.545116 0.0 -0.856847 -1.156319 -16.245943 -0.217783 0.040034 14.167834 123.0
147 3145.0 -0.45915 1.555805 0.0 -0.88013 -1.156319 -16.245943 -0.217783 0.040034 14.167834 123.0
148 3145.0 -0.464006 1.532379 0.0 -0.880293 -1.156319 -16.245943 -0.217783 0.040034 14.167834 123.0
149 3145.0 -0.462675 1.532204 0.0 -0.879103 -1.156319 -16.245943 -0.217783 0.040034 14.167834 123.0
150 3145.0 -0.457429 1.541887 0.0 -0.87621 -1.156319 -16.245943 -0.217783 0.040034 14.167834 123.0
151 3145.0 -0.470604 1.561179 0.0 -0.891052 -1.156319 -16.245943 -0.217783 0.040034 14.167834 123.0
152 3145.0 -0.476966 1.570267 0.0 -0.89818 -1.156319 -16.245943 -0.217783 0.040034 14.167834 123.0
153 3145.0 -0.456376 1.538452 0.0 -0.874695 -1.156319 -16.245943 -0.217783 0.040034 14.167834 123.0
154 3145.0 -0.445013 1.551823 0.0 -0.867108 -1.156319 -16.245943 -0.217783 0.040034 14.167834 123.0
155 3145.0 -0.455721 1.538973 0.0 -0.874214 -1.156319 -16.245943 -0.217783 0.040034 14.167834 123.0
156 3145.0 -0.455985 1.513389 0.0 -0.869999 -1.156319 -16.245943 -0.217783 0.040034 14.167834 123.0
157 3145.0 -0.458994 1.511473 0.0 -0.87229 -1.156319 -16.245943 -0.217783 0.040034 14.167834 123.0
158 3145.0 -0.450527 1.536116 0.0 -0.869188 -1.156319 -16.245943 -0.217783 0.040034 14.167834 123.0
159 3145.0 -0.444692 1.548118 0.0 -0.866184 -1.156319 -16.245943 -0.217783 0.040034 14.167834 123.0
160 3145.0 -0.433357 1.541158 0.0 -0.855089 -1.156319 -16.245943 -0.217783 0.040034 14.167834 123.0
161 3145.0 -0.440425 1.538554 0.0 -0.860801 -1.156319 -16.245943 -0.217783 0.040034 14.167834 123.0
162 3145.0 -0.456032 1.55506 0.0 -0.87728 -1.156319 -16.245943 -0.217783 0.040034 14.167834 123.0
163 3145.0 -0.473294 1.565429 0.0 -0.894137 -1.156319 -16.245943 -0.217783 0.040034 14.167834 123.0
164 3145.0 -0.472073 1.548214 0.0 -0.890081 -1.156319 -16.245943 -0.217783 0.040034 14.167834 123.0
165 3145.0 -0.481581 1.538272 0.0 -0.896646 -1.156319 -16.245943 -0.217783 0.040034 14.167834 123.0
166 3145.0 -0.440019 1.512836 0.0 -0.855978 -1.156319 -16.245943 -0.217783 0.040034 14.167834 123.0
167 3145.0 -0.436909 1.536102 0.0 -0.857308 -1.156319 -16.245943 -0.217783 0.040034 14.167834 123.0
168 3145.0 -0.440811 1.529709 0.0 -0.8596 -1.156319 -16.245943 -0.217783 0.040034 14.167834 123.0
169 3145.0 -0.467446 1.531424 0.0 -0.883128 -1.156319 -16.245943 -0.217783 0.040034 14.167834 123.0
170 3145.0 -0.478656 1.558699 0.0 -0.897644 -1.156319 -16.245943 -0.217783 0.040034 14.167834 123.0
171 3145.0 -0.487724 1.539793 0.0 -0.902268 -1.156319 -16.245943 -0.217783 0.040034 14.167834 123.0
172 3145.0 -0.466341 1.529482 0.0 -0.881827 -1.156319 -16.245943 -0.217783 0.040034 14.167834 123.0
173 3145.0 -0.456574 1.537137 0.0 -0.874639 -1.156319 -16.245943 -0.217783 0.040034 14.167834 123.0
174 3145.0 -0.472793 1.530969 0.0 -0.887712 -1.156319 -16.245943 -0.217783 0.040034 14.167834 123.0
175 3145.0 -0.477121 1.55542 0.0 -0.895736 -1.156319 -16.245943 -0.217783 0.040034 14.167834 123.0
176 3145.0 -0.494493 1.537897 0.0 -0.907841 -1.156319 -16.245943 -0.217783 0.040034 14.167834 123.0
177 3145.0 -0.475807 1.512414 0.0 -0.887117 -1.156319 -16.245943 -0.217783 0.040034 14.167834 123.0
178 3145.0 -0.481559 1.520233 0.0 -0.893492 -1.156319 -16.245943 -0.217783 0.040034 14.167834 123.0
179 3145.0 -0.514827 1.484438 0.0 -0.916287 -1.156319 -16.245943 -0.217783 0.040034 14.167834 123.0
180 3145.0 -0.499053 1.468224 0.0 -0.899712 -1.156319 -16.245943 -0.217783 0.040034 14.167834 123.0
181 3145.0 -0.490894 1.512288 0.0 -0.900253 -1.156319 -16.245943 -0.217783 0.040034 14.167834 123.0
182 3145.0 -0.507151 1.500702 0.0 -0.912418 -1.156319 -16.245943 -0.217783 0.040034 14.167834 123.0
183 3145.0 -0.512331 1.478927 0.0 -0.913152 -1.156319 -16.245943 -0.217783 0.040034 14.167834 123.0
184 3145.0 -0.527249 1.506512 0.0 -0.930956 -1.156319 -16.245943 -0.217783 0.040034 14.167834 123.0
185 3145.0 -0.503586 1.523162 0.0 -0.913212 -1.156319 -16.245943 -0.217783 0.040034 14.167834 123.0
186 3145.0 -0.490932 1.524047 0.0 -0.902329 -1.156319 -16.245943 -0.217783 0.040034 14.167834 123.0
187 3145.0 -0.490615 1.502285 0.0 -0.898272 -1.156319 -16.245943 -0.217783 0.040034 14.167834 123.0
188 3145.0 -0.516054 1.532332 0.0 -0.925679 -1.156319 -16.245943 -0.217783 0.040034 14.167834 123.0
189 3145.0 -0.495294 1.515126 0.0 -0.904583 -1.156319 -16.245943 -0.217783 0.040034 14.167834 123.0
190 3145.0 -0.501112 1.501393 0.0 -0.907272 -1.156319 -16.245943 -0.217783 0.040034 14.167834 123.0
191 3145.0 -0.515307 1.457616 0.0 -0.912045 -1.156319 -16.245943 -0.217783 0.040034 14.167834 123.0
192 3145.0 -0.545375 1.478895 0.0 -0.941966 -1.156319 -16.245943 -0.217783 0.040034 14.167834 123.0
193 3145.0 -0.516419 1.476481 0.0 -0.916293 -1.156319 -16.245943 -0.217783 0.040034 14.167834 123.0
194 3145.0 -0.497327 1.457287 0.0 -0.896307 -1.156319 -16.245943 -0.217783 0.040034 14.167834 123.0
195 3145.0 -0.534378 1.465323 0.0 -0.930017 -1.156319 -16.245943 -0.217783 0.040034 14.167834 123.0
196 3145.0 -0.54515 1.461154 0.0 -0.938687 -1.156319 -16.245943 -0.217783 0.040034 14.167834 123.0
197 3145.0 -0.533539 1.446178 0.0 -0.925958 -1.156319 -16.245943 -0.217783 0.040034 14.167834 123.0
198 3145.0 -0.523561 1.457122 0.0 -0.919158 -1.156319 -16.245943 -0.217783 0.040034 14.167834 123.0
199 3145.0 -0.506544 1.472586 0.0 -0.907003 -1.156319 -16.245943 -0.217783 0.040034 14.167834 123.0
200 3145.0 -0.484094 1.459508 0.0 -0.885152 -1.156319 -16.245943 -0.217783 0.040034 14.167834 123.0
201 3145.0 -0.487776 1.477417 0.0 -0.891474 -1.156319 -16.245943 -0.217783 0.040034 14.167834 123.0
202 3145.0 -0.493126 1.47996 0.0 -0.896583 -1.156319 -16.245943 -0.217783 0.040034 14.167834 123.0
203 3145.0 -0.485114 1.473881 0.0 -0.888539 -1.156319 -16.245943 -0.217783 0.040034 14.167834 123.0
204 3145.0 -0.485219 1.484168 0.0 -0.890418 -1.156319 -16.245943 -0.217783 0.040034 14.167834 123.0
205 3145.0 -0.501412 1.487465 0.0 -0.905113 -1.156319 -16.245943 -0.217783 0.040034 14.167834 123.0
206 3145.0 -0.508902 1.51809 0.0 -0.916967 -1.156319 -16.245943 -0.217783 0.040034 14.167834 123.0
207 3145.0 -0.537534 1.504226 0.0 -0.939529 -1.156319 -16.245943 -0.217783 0.040034 14.167834 123.0
208 3145.0 -0.531932 1.486287 0.0 -0.931527 -1.156319 -16.245943 -0.217783 0.040034 14.167834 123.0
209 3145.0 -0.514841 1.484504 0.0 -0.916311 -1.156319 -16.245943 -0.217783 0.040034 14.167834 123.0
210 3145.0 -0.499275 1.496462 0.0 -0.904812 -1.156319 -16.245943 -0.217783 0.040034 14.167834 123.0
211 3145.0 -0.490674 1.47805 0.0 -0.894112 -1.156319 -16.245943 -0.217783 0.040034 14.167834 123.0
212 3145.0 -0.490511 1.479953 0.0 -0.894301 -1.156319 -16.245943 -0.217783 0.040034 14.167834 123.0
213 3145.0 -0.489175 1.480259 0.0 -0.893189 -1.156319 -16.245943 -0.217783 0.040034 14.167834 123.0
214 3145.0 -0.464098 1.472536 0.0 -0.869976 -1.156319 -16.245943 -0.217783 0.040034 14.167834 123.0
215 3145.0 -0.511531 1.492175 0.0 -0.914757 -1.156319 -16.245943 -0.217783 0.040034 14.167834 123.0
216 3145.0 -0.500767 1.473196 0.0 -0.902072 -1.156319 -16.245943 -0.217783 0.040034 14.167834 123.0
217 3145.0 -0.488298 1.469955 0.0 -0.890633 -1.156319 -16.245943 -0.217783 0.040034 14.167834 123.0
218 3145.0 -0.503377 1.466354 0.0 -0.903159 -1.156319 -16.245943 -0.217783 0.040034 14.167834 123.0
219 3145.0 -0.521446 1.473871 0.0 -0.920223 -1.156319 -16.245943 -0.217783 0.040034 14.167834 123.0
220 3145.0 -0.543558 1.463706 0.0 -0.937742 -1.156319 -16.245943 -0.217783 0.040034 14.167834 123.0
221 3145.0 -0.532488 1.46787 0.0 -0.928811 -1.156319 -16.245943 -0.217783 0.040034 14.167834 123.0
222 3145.0 -0.536993 1.480451 0.0 -0.934926 -1.156319 -16.245943 -0.217783 0.040034 14.167834 123.0
223 3145.0 -0.529224 1.457266 0.0 -0.924122 -1.156319 -16.245943 -0.217783 0.040034 14.167834 123.0
224 3145.0 -0.572412 1.487966 0.0 -0.966141 -1.156319 -16.245943 -0.217783 0.040034 14.167834 123.0
225 3145.0 -0.549465 1.45723 0.0 -0.941769 -1.156319 -16.245943 -0.217783 0.040034 14.167834 123.0
226 3145.0 -0.560088 1.45441 0.0 -0.950544 -1.156319 -16.245943 -0.217783 0.040034 14.167834 123.0
227 3145.0 -0.545229 1.44791 0.0 -0.936455 -1.156319 -16.245943 -0.217783 0.040034 14.167834 123.0
228 3145.0 -0.53471 1.470997 0.0 -0.931293 -1.156319 -16.245943 -0.217783 0.040034 14.167834 123.0
229 3145.0 -0.508218 1.459513 0.0 -0.906192 -1.156319 -16.245943 -0.217783 0.040034 14.167834 123.0
230 3145.0 -0.510402 1.449575 0.0 -0.90637 -1.156319 -16.245943 -0.217783 0.040034 14.167834 123.0
231 3145.0 -0.486175 1.485835 0.0 -0.891541 -1.156319 -16.245943 -0.217783 0.040034 14.167834 123.0
232 3145.0 -0.490736 1.47345 0.0 -0.893367 -1.156319 -16.245943 -0.217783 0.040034 14.167834 123.0
233 3145.0 -0.484408 1.47771 0.0 -0.888588 -1.156319 -16.245943 -0.217783 0.040034 14.167834 123.0
234 3145.0 -0.481823 1.446962 0.0 -0.880991 -1.156319 -16.245943 -0.217783 0.040034 14.167834 123.0
235 3145.0 -0.510971 1.472134 0.0 -0.910786 -1.156319 -16.245943 -0.217783 0.040034 14.167834 123.0
236 3145.0 -0.511107 1.470398 0.0 -0.910603 -1.156319 -16.245943 -0.217783 0.040034 14.167834 123.0
237 3145.0 -0.505054 1.443043 0.0 -0.90057 -1.156319 -16.245943 -0.217783 0.040034 14.167834 123.0
238 3145.0 -0.509949 1.468515 0.0 -0.909266 -1.156319 -16.245943 -0.217783 0.040034 14.167834 123.0
239 3145.0 -0.507746 1.480052 0.0 -0.909349 -1.156319 -16.245943 -0.217783 0.040034 14.167834 123.0
240 3145.0 -0.506082 1.460868 0.0 -0.904565 -1.156319 -16.245943 -0.217783 0.040034 14.167834 123.0
241 3145.0 -0.525201 1.463091 0.0 -0.921626 -1.156319 -16.245943 -0.217783 0.040034 14.167834 123.0
242 3145.0 -0.521455 1.443178 0.0 -0.914898 -1.156319 -16.245943 -0.217783 0.040034 14.167834 123.0
243 3145.0 -0.514387 1.460563 0.0 -0.911755 -1.156319 -16.245943 -0.217783 0.040034 14.167834 123.0
244 3145.0 -0.527886 1.463835 0.0 -0.924096 -1.156319 -16.245943 -0.217783 0.040034 14.167834 123.0
245 3145.0 -0.514923 1.457876 0.0 -0.911756 -1.156319 -16.245943 -0.217783 0.040034 14.167834 123.0
246 3145.0 -0.525808 1.448751 0.0 -0.919663 -1.156319 -16.245943 -0.217783 0.040034 14.167834 123.0
247 3145.0 -0.535811 1.474887 0.0 -0.932928 -1.156319 -16.245943 -0.217783 0.040034 14.167834 123.0
248 3145.0 -0.520991 1.47571 0.0 -0.920147 -1.156319 -16.245943 -0.217783 0.040034 14.167834 123.0
249 3145.0 -0.506953 1.475323 0.0 -0.907836 -1.156319 -16.245943 -0.217783 0.040034 14.167834 123.0
250 3145.0 -0.534838 1.474324 0.0 -0.931982 -1.156319 -16.245943 -0.217783 0.040034 14.167834 123.0
251 3145.0 -0.528886 1.471663 0.0 -0.926328 -1.156319 -16.245943 -0.217783 0.040034 14.167834 123.0
252 3145.0 -0.560686 1.48754 0.0 -0.95641 -1.156319 -16.245943 -0.217783 0.040034 14.167834 123.0
253 3145.0 -0.560977 1.484943 0.0 -0.956254 -1.156319 -16.245943 -0.217783 0.040034 14.167834 123.0
254 3145.0 -0.542871 1.485225 0.0 -0.940882 -1.156319 -16.245943 -0.217783 0.040034 14.167834 123.0
255 3145.0 -0.553031 1.46972 0.0 -0.947049 -1.156319 -16.245943 -0.217783 0.040034 14.167834 123.0
256 3145.0 -0.544897 1.438077 0.0 -0.934457 -1.156319 -16.245943 -0.217783 0.040034 14.167834 123.0
257 3145.0 -0.543206 1.441961 0.0 -0.933657 -1.156319 -16.245943 -0.217783 0.040034 14.167834 123.0
258 3145.0 -0.561718 1.438473 0.0 -0.949196 -1.156319 -16.245943 -0.217783 0.040034 14.167834 123.0
259 3145.0 -0.549306 1.440179 0.0 -0.938668 -1.156319 -16.245943 -0.217783 0.040034 14.167834 123.0
260 3145.0 -0.566147 1.421554 0.0 -0.948001 -1.156319 -16.245943 -0.217783 0.040034 14.167834 123.0
261 3145.0 -0.582073 1.424692 0.0 -0.960123 -1.156319 -16.245943 -0.217783 0.040034 14.167834 123.0
262 3145.0 -0.58623 1.407959 0.0 -0.952766 -1.156319 -16.245943 -0.217783 0.040034 14.167834 123.0
263 3145.0 -0.601572 1.381883 0.0 -0.942535 -1.156319 -16.245943 -0.217783 0.040034 14.167834 123.0
264 3145.0 -0.630773 1.401 0.0 -0.974695 -1.156319 -16.245943 -0.217783 0.040034 14.167834 123.0
265 3145.0 -0.631645 1.387107 0.0 -0.966363 -1.156319 -16.245943 -0.217783 0.040034 14.167834 123.0
266 3145.0 -0.621691 1.39295 0.0 -0.964746 -1.156319 -16.245943 -0.217783 0.040034 14.167834 123.0
267 3145.0 -0.639542 1.382164 0.0 -0.966935 -1.156319 -16.245943 -0.217783 0.040034 14.167834 123.0
268 3145.0 -0.647549 1.380332 0.0 -0.970377 -1.156319 -16.245943 -0.217783 0.040034 14.167834 123.0
269 3145.0 -0.636127 1.380102 0.0 -0.962906 -1.156319 -16.245943 -0.217783 0.040034 14.167834 123.0
270 3145.0 -0.631253 1.376399 0.0 -0.956472 -1.156319 -16.245943 -0.217783 0.040034 14.167834 123.0
271 3145.0 -0.608436 1.360353 0.0 -0.927455 -1.156319 -16.245943 -0.217783 0.040034 14.167834 123.0
272 3145.0 -0.610424 1.378214 0.0 -0.944861 -1.156319 -16.245943 -0.217783 0.040034 14.167834 123.0
273 3145.0 -0.604054 1.370009 0.0 -0.933363 -1.156319 -16.245943 -0.217783 0.040034 14.167834 123.0
274 3145.0 -0.591041 1.384647 0.0 -0.937948 -1.156319 -16.245943 -0.217783 0.040034 14.167834 123.0
275 3145.0 -0.592744 1.380878 0.0 -0.93565 -1.156319 -16.245943 -0.217783 0.040034 14.167834 123.0
276 3145.0 -0.570765 1.388124 0.0 -0.927133 -1.156319 -16.245943 -0.217783 0.040034 14.167834 123.0
277 3145.0 -0.58714 1.402432 0.0 -0.95002 -1.156319 -16.245943 -0.217783 0.040034 14.167834 123.0
278 3145.0 -0.584059 1.380169 0.0 -0.929058 -1.156319 -16.245943 -0.217783 0.040034 14.167834 123.0
279 3145.0 -0.559627 1.404286 0.0 -0.933841 -1.156319 -16.245943 -0.217783 0.040034 14.167834 123.0
280 3145.0 -0.554377 1.418185 0.0 -0.937393 -1.156319 -16.245943 -0.217783 0.040034 14.167834 123.0
281 3145.0 -0.540701 1.414484 0.0 -0.925149 -1.156319 -16.245943 -0.217783 0.040034 14.167834 123.0
282 3145.0 -0.540552 1.379037 0.0 -0.89808 -1.156319 -16.245943 -0.217783 0.040034 14.167834 123.0
283 3145.0 -0.505723 1.394645 0.0 -0.883895 -1.156319 -16.245943 -0.217783 0.040034 14.167834 123.0
284 3145.0 -0.535798 1.409682 0.0 -0.919418 -1.156319 -16.245943 -0.217783 0.040034 14.167834 123.0
285 3145.0 -0.54735 1.418401 0.0 -0.931919 -1.156319 -16.245943 -0.217783 0.040034 14.167834 123.0
286 3145.0 -0.551126 1.438385 0.0 -0.939943 -1.156319 -16.245943 -0.217783 0.040034 14.167834 123.0
287 3145.0 -0.564518 1.454947 0.0 -0.9545 -1.156319 -16.245943 -0.217783 0.040034 14.167834 123.0
