 time p.x p.y p.z deep.node-0 CV opes.bias opes.rct opes.zed opes.neff opes.nker
0 12375.0 0.87644 0.436003 0.0 1.378493 -2.367427 -17.19007 -0.355374 0.036475 14.167834 135.0
1 12375.0 0.871487 0.451086 0.0 1.360888 -2.367427 -17.19007 -0.355374 0.036475 14.167834 135.0
2 12375.0 0.849382 0.457377 0.0 1.338225 -2.367427 -17.19007 -0.355374 0.036475 14.167834 135.0
3 12375.0 0.829072 0.472727 0.0 1.308635 -2.367427 -17.19007 -0.355374 0.036475 14.167834 135.0
4 12375.0 0.794669 0.476531 0.0 1.278847 -2.367427 -17.19007 -0.355374 0.036475 14.167834 135.0
5 12375.0 0.793247 0.48585 0.0 1.269223 -2.367427 -17.19007 -0.355374 0.036475 14.167834 135.0
6 12375.0 0.772252 0.494871 0.0 1.244907 -2.367427 -17.19007 -0.355374 0.036475 14.167834 135.0
7 12375.0 0.754624 0.485174 0.0 1.240313 -2.367427 -17.19007 -0.355374 0.036475 14.167834 135.0
8 12375.0 0.743664 0.514805 0.0 1.204789 -2.367427 -17.19007 -0.355374 0.036475 14.167834 135.0
9 12375.0 0.740539 0.542345 0.0 1.177169 -2.367427 -17.19007 -0.355374 0.036475 14.167834 135.0
10 12375.0 0.730974 0.54495 0.0 1.16747 -2.367427 -17.19007 -0.355374 0.036475 14.167834 135.0
11 12375.0 0.738178 0.586481 0.0 1.13493 -2.367427 -17.19007 -0.355374 0.036475 14.167834 135.0
12 12375.0 0.723566 0.594938 0.0 1.116011 -2.367427 -17.19007 -0.355374 0.036475 14.167834 135.0
13 12375.0 0.708335 0.609919 0.0 1.090642 -2.367427 -17.19007 -0.355374 0.036475 14.167834 135.0
14 12375.0 0.702494 0.601864 0.0 1.093555 -2.367427 -17.19007 -0.355374 0.036475 14.167834 135.0
15 12375.0 0.705723 0.634924 0.0 1.065737 -2.367427 -17.19007 -0.355374 0.036475 14.167834 135.0
16 12375.0 0.704486 0.622433 0.0 1.076234 -2.367427 -17.19007 -0.355374 0.036475 14.167834 135.0
17 12375.0 0.685757 0.62813 0.0 1.056696 -2.367427 -17.19007 -0.355374 0.036475 14.167834 135.0
18 12375.0 0.687799 0.612231 0.0 1.072824 -2.367427 -17.19007 -0.355374 0.036475 14.167834 135.0
19 12375.0 0.702531 0.600269 0.0 1.095045 -2.367427 -17.19007 -0.355374 0.036475 14.167834 135.0
20 12375.0 0.740611 0.602866 0.0 1.12178 -2.367427 -17.19007 -0.355374 0.036475 14.167834 135.0
21 12375.0 0.716644 0.630219 0.0 1.078397 -2.367427 -17.19007 -0.355374 0.036475 14.167834 135.0
22 12375.0 0.700939 0.630176 0.0 1.066429 -2.367427 -17.19007 -0.355374 0.036475 14.167834 135.0
23 12375.0 0.709439 0.622898 0.0 1.079595 -2.367427 -17.19007 -0.355374 0.036475 14.167834 135.0
24 12375.0 0.695803 0.613267 0.0 1.077994 -2.367427 -17.19007 -0.355374 0.036475 14.167834 135.0
25 12375.0 0.695849 0.619064 0.0 1.072718 -2.367427 -17.19007 -0.355374 0.036475 14.167834 135.0
26 12375.0 0.68509 0.618773 0.0 1.064759 -2.367427 -17.19007 -0.355374 0.036475 14.167834 135.0
27 12375.0 0.681109 0.610612 0.0 1.069191 -2.367427 -17.19007 -0.355374 0.036475 14.167834 135.0
28 12375.0 0.673569 0.624025 0.0 1.051139 -2.367427 -17.19007 -0.355374 0.036475 14.167834 135.0
29 12375.0 0.668575 0.616058 0.0 1.05462 -2.367427 -17.19007 -0.355374 0.036475 14.167834 135.0
30 12375.0 0.705531 0.607141 0.0 1.091042 -2.367427 -17.19007 -0.355374 0.036475 14.167834 135.0
31 12375.0 0.675784 0.605814 0.0 1.069516 -2.367427 -17.19007 -0.355374 0.036475 14.167834 135.0
32 12375.0 0.673154 0.560272 0.0 1.109228 -2.367427 -17.19007 -0.355374 0.036475 14.167834 135.0
33 12375.0 0.661914 0.529722 0.0 1.128623 -2.367427 -17.19007 -0.355374 0.036475 14.167834 135.0
34 12375.0 0.67128 0.525742 0.0 1.139428 -2.367427 -17.19007 -0.355374 0.036475 14.167834 135.0
35 12375.0 0.680215 0.543411 0.0 1.130073 -2.367427 -17.19007 -0.355374 0.036475 14.167834 135.0
36 12375.0 0.686713 0.538218 0.0 1.139799 -2.367427 -17.19007 -0.355374 0.036475 14.167834 135.0
37 12375.0 0.703021 0.520544 0.0 1.168457 -2.367427 -17.19007 -0.355374 0.036475 14.167834 135.0
38 12375.0 0.712216 0.545375 0.0 1.152739 -2.367427 -17.19007 -0.355374 0.036475 14.167834 135.0
39 12375.0 0.684747 0.576656 0.0 1.103081 -2.367427 -17.19007 -0.355374 0.036475 14.167834 135.0
40 12375.0 0.675728 0.576805 0.0 1.096049 -2.367427 -17.19007 -0.355374 0.036475 14.167834 135.0
41 12375.0 0.683197 0.571557 0.0 1.106567 -2.367427 -17.19007 -0.355374 0.036475 14.167834 135.0
42 12375.0 0.69225 0.578468 0.0 1.107157 -2.367427 -17.19007 -0.355374 0.036475 14.167834 135.0
43 12375.0 0.67322 0.574143 0.0 1.096571 -2.367427 -17.19007 -0.355374 0.036475 14.167834 135.0
44 12375.0 0.663396 0.604704 0.0 1.061063 -2.367427 -17.19007 -0.355374 0.036475 14.167834 135.0
45 12375.0 0.673687 0.586386 0.0 1.085711 -2.367427 -17.19007 -0.355374 0.036475 14.167834 135.0
46 12375.0 0.666103 0.57054 0.0 1.094431 -2.367427 -17.19007 -0.355374 0.036475 14.167834 135.0
47 12375.0 0.644917 0.584184 0.0 1.065734 -2.367427 -17.19007 -0.355374 0.036475 14.167834 135.0
48 12375.0 0.643995 0.594004 0.0 1.056032 -2.367427 -17.19007 -0.355374 0.036475 14.167834 135.0
49 12375.0 0.641456 0.604215 0.0 1.044737 -2.367427 -17.19007 -0.355374 0.036475 14.167834 135.0
50 12375.0 0.658156 0.590417 0.0 1.070145 -2.367427 -17.19007 -0.355374 0.036475 14.167834 135.0
51 12375.0 0.650768 0.587672 0.0 1.067012 -2.367427 -17.19007 -0.355374 0.036475 14.167834 135.0
52 12375.0 0.62407 0.603782 0.0 1.031841 -2.367427 -17.19007 -0.355374 0.036475 14.167834 135.0
53 12375.0 0.623623 0.581187 0.0 1.052199 -2.367427 -17.19007 -0.355374 0.036475 14.167834 135.0
54 12375.0 0.600305 0.577562 0.0 1.037693 -2.367427 -17.19007 -0.355374 0.036475 14.167834 135.0
55 12375.0 0.571497 0.548782 0.0 1.042035 -2.367427 -17.19007 -0.355374 0.036475 14.167834 135.0
56 12375.0 0.599148 0.579647 0.0 1.034899 -2.367427 -17.19007 -0.355374 0.036475 14.167834 135.0
57 12375.0 0.563506 0.588568 0.0 0.999477 -2.367427 -17.19007 -0.355374 0.036475 14.167834 135.0
58 12375.0 0.551499 0.597919 0.0 0.98173 -2.367427 -17.19007 -0.355374 0.036475 14.167834 135.0
59 12375.0 0.522805 0.57398 0.0 0.981724 -2.367427 -17.19007 -0.355374 0.036475 14.167834 135.0
60 12375.0 0.503303 0.588215 0.0 0.953773 -2.367427 -17.19007 -0.355374 0.036475 14.167834 135.0
61 12375.0 0.506886 0.572076 0.0 0.971297 -2.367427 -17.19007 -0.355374 0.036475 14.167834 135.0
62 12375.0 0.485034 0.55349 0.0 0.971618 -2.367427 -17.19007 -0.355374 0.036475 14.167834 135.0
63 12375.0 0.445941 0.564903 0.0 0.931275 -2.367427 -17.19007 -0.355374 0.036475 14.167834 135.0
64 12375.0 0.448137 0.562839 0.0 0.934845 -2.367427 -17.19007 -0.355374 0.036475 14.167834 135.0
65 12375.0 0.436332 0.58031 0.0 0.909813 -2.367427 -17.19007 -0.355374 0.036475 14.167834 135.0
66 12375.0 0.414012 0.561101 0.0 0.910347 -2.367427 -17.19007 -0.355374 0.036475 14.167834 135.0
67 12375.0 0.413169 0.562116 0.0 0.908773 -2.367427 -17.19007 -0.355374 0.036475 14.167834 135.0
68 12375.0 0.416217 0.561493 0.0 0.911674 -2.367427 -17.19007 -0.355374 0.036475 14.167834 135.0
69 12375.0 0.402038 0.559072 0.0 0.903051 -2.367427 -17.19007 -0.355374 0.036475 14.167834 135.0
70 12375.0 0.397773 0.555691 0.0 0.902888 -2.367427 -17.19007 -0.355374 0.036475 14.167834 135.0
71 12375.0 0.399353 0.561812 0.0 0.898488 -2.367427 -17.19007 -0.355374 0.036475 14.167834 135.0
72 12375.0 0.382952 0.529973 0.0 0.915118 -2.367427 -17.19007 -0.355374 0.036475 14.167834 135.0
73 12375.0 0.363601 0.533452 0.0 0.897137 -2.367427 -17.19007 -0.355374 0.036475 14.167834 135.0
74 12375.0 0.319737 0.542879 0.0 0.856313 -2.367427 -17.19007 -0.355374 0.036475 14.167834 135.0
75 12375.0 0.320252 0.545894 0.0 0.853727 -2.367427 -17.19007 -0.355374 0.036475 14.167834 135.0
76 12375.0 0.330877 0.543691 0.0 0.863367 -2.367427 -17.19007 -0.355374 0.036475 14.167834 135.0
77 12375.0 0.33782 0.556741 0.0 0.85609 -2.367427 -17.19007 -0.355374 0.036475 14.167834 135.0
78 12375.0 0.318775 0.57854 0.0 0.82156 -2.367427 -17.19007 -0.355374 0.036475 14.167834 135.0
79 12375.0 0.313517 0.555549 0.0 0.839537 -2.367427 -17.19007 -0.355374 0.036475 14.167834 135.0
80 12375.0 0.31903 0.555558 0.0 0.843412 -2.367427 -17.19007 -0.355374 0.036475 14.167834 135.0
81 12375.0 0.292889 0.551057 0.0 0.829399 -2.367427 -17.19007 -0.355374 0.036475 14.167834 135.0
82 12375.0 0.268457 0.532538 0.0 0.830304 -2.367427 -17.19007 -0.355374 0.036475 14.167834 135.0
83 12375.0 0.276483 0.515923 0.0 0.852212 -2.367427 -17.19007 -0.355374 0.036475 14.167834 135.0
84 12375.0 0.288327 0.527443 0.0 0.849286 -2.367427 -17.19007 -0.355374 0.036475 14.167834 135.0
85 12375.0 0.284539 0.521602 0.0 0.852332 -2.367427 -17.19007 -0.355374 0.036475 14.167834 135.0
86 12375.0 0.269863 0.521296 0.0 0.842292 -2.367427 -17.19007 -0.355374 0.036475 14.167834 135.0
87 12375.0 0.245272 0.511116 0.0 0.835766 -2.367427 -17.19007 -0.355374 0.036475 14.167834 135.0
88 12375.0 0.236303 0.477501 0.0 0.863833 -2.367427 -17.19007 -0.355374 0.036475 14.167834 135.0
89 12375.0 0.209624 0.477513 0.0 0.846029 -2.367427 -17.19007 -0.355374 0.036475 14.167834 135.0
90 12375.0 0.215044 0.488325 0.0 0.838692 -2.367427 -17.19007 -0.355374 0.036475 14.167834 135.0
91 12375.0 0.212682 0.476628 0.0 0.848964 -2.367427 -17.19007 -0.355374 0.036475 14.167834 135.0
92 12375.0 0.206971 0.488148 0.0 0.833487 -2.367427 -17.19007 -0.355374 0.036475 14.167834 135.0
93 12375.0 0.202791 0.507998 0.0 0.810594 -2.367427 -17.19007 -0.355374 0.036475 14.167834 135.0
94 12375.0 0.204266 0.527945 0.0 0.791374 -2.367427 -17.19007 -0.355374 0.036475 14.167834 135.0
95 12375.0 0.197322 0.537317 0.0 0.77725 -2.367427 -17.19007 -0.355374 0.036475 14.167834 135.0
96 12375.0 0.186885 0.530319 0.0 0.777377 -2.367427 -17.19007 -0.355374 0.036475 14.167834 135.0
97 12375.0 0.165818 0.513014 0.0 0.780856 -2.367427 -17.19007 -0.355374 0.036475 14.167834 135.0
98 12375.0 0.144781 0.523897 0.0 0.755804 -2.367427 -17.19007 -0.355374 0.036475 14.167834 135.0
99 12375.0 0.151209 0.500594 0.0 0.783693 -2.367427 -17.19007 -0.355374 0.036475 14.167834 135.0
100 12375.0 0.12511 0.510111 0.0 0.756648 -2.367427 -17.19007 -0.355374 0.036475 14.167834 135.0
101 12375.0 0.144094 0.478388 0.0 0.80144 -2.367427 -17.19007 -0.355374 0.036475 14.167834 135.0
102 12375.0 0.150053 0.505376 0.0 0.778079 -2.367427 -17.19007 -0.355374 0.036475 14.167834 135.0
103 12375.0 0.153409 0.494055 0.0 0.791784 -2.367427 -17.19007 -0.355374 0.036475 14.167834 135.0
104 12375.0 0.134211 0.51256 0.0 0.760237 -2.367427 -17.19007 -0.355374 0.036475 14.167834 135.0
105 12375.0 0.123133 0.504982 0.0 0.760525 -2.367427 -17.19007 -0.355374 0.036475 14.167834 135.0
106 12375.0 0.144363 0.502657 0.0 0.777038 -2.367427 -17.19007 -0.355374 0.036475 14.167834 135.0
107 12375.0 0.129042 0.507766 0.0 0.761646 -2.367427 -17.19007 -0.355374 0.036475 14.167834 135.0
108 12375.0 0.134999 0.502701 0.0 0.770749 -2.367427 -17.19007 -0.355374 0.036475 14.167834 135.0
109 12375.0 0.129202 0.510069 0.0 0.759419 -2.367427 -17.19007 -0.355374 0.036475 14.167834 135.0
110 12375.0 0.124729 0.496074 0.0 0.770612 -2.367427 -17.19007 -0.355374 0.036475 14.167834 135.0
111 12375.0 0.137656 0.497676 0.0 0.77761 -2.367427 -17.19007 -0.355374 0.036475 14.167834 135.0
112 12375.0 0.137356 0.521623 0.0 0.753155 -2.367427 -17.19007 -0.355374 0.036475 14.167834 135.0
113 12375.0 0.132983 0.530198 0.0 0.741552 -2.367427 -17.19007 -0.355374 0.036475 14.167834 135.0
114 12375.0 0.135828 0.512022 0.0 0.76186 -2.367427 -17.19007 -0.355374 0.036475 14.167834 135.0
115 12375.0 0.134724 0.511294 0.0 0.761862 -2.367427 -17.19007 -0.355374 0.036475 14.167834 135.0
116 12375.0 0.113945 0.531161 0.0 0.727881 -2.367427 -17.19007 -0.355374 0.036475 14.167834 135.0
117 12375.0 0.117419 0.500284 0.0 0.761473 -2.367427 -17.19007 -0.355374 0.036475 14.167834 135.0
118 12375.0 0.138716 0.524613 0.0 0.751034 -2.367427 -17.19007 -0.355374 0.036475 14.167834 135.0
119 12375.0 0.150399 0.525921 0.0 0.757499 -2.367427 -17.19007 -0.355374 0.036475 14.167834 135.0
120 12375.0 0.118996 0.523852 0.0 0.738652 -2.367427 -17.19007 -0.355374 0.036475 14.167834 135.0
121 12375.0 0.115748 0.501563 0.0 0.759063 -2.367427 -17.19007 -0.355374 0.036475 14.167834 135.0
122 12375.0 0.091836 0.492468 0.0 0.752328 -2.367427 -17.19007 -0.355374 0.036475 14.167834 135.0
123 12375.0 0.064487 0.506122 0.0 0.720259 -2.367427 -17.19007 -0.355374 0.036475 14.167834 135.0
124 12375.0 0.063966 0.502717 0.0 0.72336 -2.367427 -17.19007 -0.355374 0.036475 14.167834 135.0
125 12375.0 0.05242 0.493813 0.0 0.724678 -2.367427 -17.19007 -0.355374 0.036475 14.167834 135.0
126 12375.0 0.03621 0.507274 0.0 0.700235 -2.367427 -17.19007 -0.355374 0.036475 14.167834 135.0
127 12375.0 0.054932 0.526623 0.0 0.693121 -2.367427 -17.19007 -0.355374 0.036475 14.167834 135.0
128 12375.0 0.047397 0.537787 0.0 0.676788 -2.367427 -17.19007 -0.355374 0.036475 14.167834 135.0
129 12375.0 0.019213 0.52937 0.0 0.666518 -2.367427 -17.19007 -0.355374 0.036475 14.167834 135.0
130 12375.0 0.016403 0.520602 0.0 0.673525 -2.367427 -17.19007 -0.355374 0.036475 14.167834 135.0
131 12375.0 0.012444 0.508875 0.0 0.682763 -2.367427 -17.19007 -0.355374 0.036475 14.167834 135.0
132 12375.0 0.005525 0.500059 0.0 0.687078 -2.367427 -17.19007 -0.355374 0.036475 14.167834 135.0
133 12375.0 -0.008329 0.50774 0.0 0.670058 -2.367427 -17.19007 -0.355374 0.036475 14.167834 135.0
134 12375.0 -0.045567 0.517716 0.0 0.633734 -2.367427 -17.19007 -0.355374 0.036475 14.167834 135.0
135 12375.0 -0.044599 0.495447 0.0 0.658321 -2.367427 -17.19007 -0.355374 0.036475 14.167834 135.0
136 12375.0 -0.082898 0.480481 0.0 0.64143 -2.367427 -17.19007 -0.355374 0.036475 14.167834 135.0
137 12375.0 -0.083523 0.478968 0.0 0.642509 -2.367427 -17.19007 -0.355374 0.036475 14.167834 135.0
138 12375.0 -0.088235 0.500101 0.0 0.615851 -2.367427 -17.19007 -0.355374 0.036475 14.167834 135.0
139 12375.0 -0.087947 0.508621 0.0 0.606986 -2.367427 -17.19007 -0.355374 0.036475 14.167834 135.0
140 12375.0 -0.104463 0.514822 0.0 0.586138 -2.367427 -17.19007 -0.355374 0.036475 14.167834 135.0
141 12375.0 -0.098726 0.492513 0.0 0.614938 -2.367427 -17.19007 -0.355374 0.036475 14.167834 135.0
142 12375.0 -0.090601 0.493626 0.0 0.62074 -2.367427 -17.19007 -0.355374 0.036475 14.167834 135.0
143 12375.0 -0.124526 0.523443 0.0 0.55965 -2.367427 -17.19007 -0.355374 0.036475 14.167834 135.0
144 12375.0 -0.142818 0.534274 0.0 0.532322 -2.367427 -17.19007 -0.355374 0.036475 14.167834 135.0
145 12375.0 -0.148392 0.52486 0.0 0.537593 -2.367427 -17.19007 -0.355374 0.036475 14.167834 135.0
146 12375.0 -0.128303 0.538458 0.0 0.540339 -2.367427 -17.19007 -0.355374 0.036475 14.167834 135.0
147 12375.0 -0.120049 0.517452 0.0 0.569911 -2.367427 -17.19007 -0.355374 0.036475 14.167834 135.0
148 12375.0 -0.129157 0.535116 0.0 0.543178 -2.367427 -17.19007 -0.355374 0.036475 14.167834 135.0
149 12375.0 -0.127824 0.539172 0.0 0.539988 -2.367427 -17.19007 -0.355374 0.036475 14.167834 135.0
150 12375.0 -0.113845 0.547783 0.0 0.542809 -2.367427 -17.19007 -0.355374 0.036475 14.167834 135.0
151 12375.0 -0.091428 0.551204 0.0 0.558443 -2.367427 -17.19007 -0.355374 0.036475 14.167834 135.0
152 12375.0 -0.117089 0.536503 0.0 0.552082 -2.367427 -17.19007 -0.355374 0.036475 14.167834 135.0
153 12375.0 -0.131977 0.513955 0.0 0.563384 -2.367427 -17.19007 -0.355374 0.036475 14.167834 135.0
154 12375.0 -0.150132 0.500092 0.0 0.562588 -2.367427 -17.19007 -0.355374 0.036475 14.167834 135.0
155 12375.0 -0.162961 0.497684 0.0 0.554121 -2.367427 -17.19007 -0.355374 0.036475 14.167834 135.0
156 12375.0 -0.168998 0.503714 0.0 0.542476 -2.367427 -17.19007 -0.355374 0.036475 14.167834 135.0
157 12375.0 -0.140738 0.489833 0.0 0.581645 -2.367427 -17.19007 -0.355374 0.036475 14.167834 135.0
158 12375.0 -0.154866 0.48607 0.0 0.57351 -2.367427 -17.19007 -0.355374 0.036475 14.167834 135.0
159 12375.0 -0.17478 0.487861 0.0 0.554454 -2.367427 -17.19007 -0.355374 0.036475 14.167834 135.0
160 12375.0 -0.188897 0.512782 0.0 0.515649 -2.367427 -17.19007 -0.355374 0.036475 14.167834 135.0
161 12375.0 -0.181274 0.540002 0.0 0.490956 -2.367427 -17.19007 -0.355374 0.036475 14.167834 135.0
162 12375.0 -0.180828 0.529672 0.0 0.503808 -2.367427 -17.19007 -0.355374 0.036475 14.167834 135.0
163 12375.0 -0.204451 0.532791 0.0 0.476446 -2.367427 -17.19007 -0.355374 0.036475 14.167834 135.0
164 12375.0 -0.218361 0.54667 0.0 0.445871 -2.367427 -17.19007 -0.355374 0.036475 14.167834 135.0
165 12375.0 -0.223204 0.5154 0.0 0.478585 -2.367427 -17.19007 -0.355374 0.036475 14.167834 135.0
166 12375.0 -0.247014 0.537243 0.0 0.428549 -2.367427 -17.19007 -0.355374 0.036475 14.167834 135.0
167 12375.0 -0.241157 0.52216 0.0 0.452518 -2.367427 -17.19007 -0.355374 0.036475 14.167834 135.0
168 12375.0 -0.270312 0.519709 0.0 0.426315 -2.367427 -17.19007 -0.355374 0.036475 14.167834 135.0
169 12375.0 -0.298125 0.509284 0.0 0.41103 -2.367427 -17.19007 -0.355374 0.036475 14.167834 135.0
170 12375.0 -0.307753 0.5021 0.0 0.410032 -2.367427 -17.19007 -0.355374 0.036475 14.167834 135.0
171 12375.0 -0.332208 0.511778 0.0 0.373961 -2.367427 -17.19007 -0.355374 0.036475 14.167834 135.0
172 12375.0 -0.340221 0.497171 0.0 0.383493 -2.367427 -17.19007 -0.355374 0.036475 14.167834 135.0
173 12375.0 -0.343547 0.520603 0.0 0.352026 -2.367427 -17.19007 -0.355374 0.036475 14.167834 135.0
174 12375.0 -0.347946 0.520711 0.0 0.3475 -2.367427 -17.19007 -0.355374 0.036475 14.167834 135.0
175 12375.0 -0.341241 0.537668 0.0 0.333838 -2.367427 -17.19007 -0.355374 0.036475 14.167834 135.0
176 12375.0 -0.343494 0.540772 0.0 0.327857 -2.367427 -17.19007 -0.355374 0.036475 14.167834 135.0
177 12375.0 -0.328204 0.543682 0.0 0.339649 -2.367427 -17.19007 -0.355374 0.036475 14.167834 135.0
178 12375.0 -0.353602 0.540025 0.0 0.318649 -2.367427 -17.19007 -0.355374 0.036475 14.167834 135.0
179 12375.0 -0.36957 0.524091 0.0 0.321822 -2.367427 -17.19007 -0.355374 0.036475 14.167834 135.0
180 12375.0 -0.397442 0.49931 0.0 0.323718 -2.367427 -17.19007 -0.355374 0.036475 14.167834 135.0
181 12375.0 -0.414209 0.497097 0.0 0.309614 -2.367427 -17.19007 -0.355374 0.036475 14.167834 135.0
182 12375.0 -0.427433 0.496505 0.0 0.297105 -2.367427 -17.19007 -0.355374 0.036475 14.167834 135.0
183 12375.0 -0.435278 0.533111 0.0 0.245299 -2.367427 -17.19007 -0.355374 0.036475 14.167834 135.0
184 12375.0 -0.441312 0.544854 0.0 0.225165 -2.367427 -17.19007 -0.355374 0.036475 14.167834 135.0
185 12375.0 -0.461415 0.568075 0.0 0.177181 -2.367427 -17.19007 -0.355374 0.036475 14.167834 135.0
186 12375.0 -0.461084 0.572643 0.0 0.172024 -2.367427 -17.19007 -0.355374 0.036475 14.167834 135.0
187 12375.0 -0.471325 0.561893 0.0 0.174696 -2.367427 -17.19007 -0.355374 0.036475 14.167834 135.0
188 12375.0 -0.473006 0.56837 0.0 0.165238 -2.367427 -17.19007 -0.355374 0.036475 14.167834 135.0
189 12375.0 -0.47069 0.593546 0.0 0.137318 -2.367427 -17.19007 -0.355374 0.036475 14.167834 135.0
190 12375.0 -0.501653 0.574617 0.0 0.129096 -2.367427 -17.19007 -0.355374 0.036475 14.167834 135.0
191 12375.0 -0.528235 0.550276 0.0 0.131755 -2.367427 -17.19007 -0.355374 0.036475 14.167834 135.0
192 12375.0 -0.548719 0.552243 0.0 0.108914 -2.367427 -17.19007 -0.355374 0.036475 14.167834 135.0
193 12375.0 -0.546628 0.528338 0.0 0.139713 -2.367427 -17.19007 -0.355374 0.036475 14.167834 135.0
194 12375.0 -0.553135 0.528077 0.0 0.133522 -2.367427 -17.19007 -0.355374 0.036475 14.167834 135.0
195 12375.0 -0.568454 0.507551 0.0 0.142859 -2.367427 -17.19007 -0.355374 0.036475 14.167834 135.0
196 12375.0 -0.567082 0.522127 0.0 0.126724 -2.367427 -17.19007 -0.355374 0.036475 14.167834 135.0
197 12375.0 -0.580475 0.551401 0.0 0.078178 -2.367427 -17.19007 -0.355374 0.036475 14.167834 135.0
198 12375.0 -0.580802 0.527888 0.0 0.106089 -2.367427 -17.19007 -0.355374 0.036475 14.167834 135.0
199 12375.0 -0.584412 0.51329 0.0 0.120012 -2.367427 -17.19007 -0.355374 0.036475 14.167834 135.0
200 12375.0 -0.587485 0.515406 0.0 0.1144 -2.367427 -17.19007 -0.355374 0.036475 14.167834 135.0
201 12375.0 -0.596702 0.519852 0.0 0.099846 -2.367427 -17.19007 -0.355374 0.036475 14.167834 135.0
202 12375.0 -0.609537 0.526083 0.0 0.079531 -2.367427 -17.19007 -0.355374 0.036475 14.167834 135.0
203 12375.0 -0.614412 0.543092 0.0 0.05423 -2.367427 -17.19007 -0.355374 0.036475 14.167834 135.0
204 12375.0 -0.627539 0.546102 0.0 0.037491 -2.367427 -17.19007 -0.355374 0.036475 14.167834 135.0
205 12375.0 -0.630385 0.579852 0.0 -0.005886 -2.367427 -17.19007 -0.355374 0.036475 14.167834 135.0
206 12375.0 -0.619638 0.581592 0.0 0.002767 -2.367427 -17.19007 -0.355374 0.036475 14.167834 135.0
207 12375.0 -0.651557 0.585232 0.0 -0.033513 -2.367427 -17.19007 -0.355374 0.036475 14.167834 135.0
208 12375.0 -0.680181 0.565897 0.0 -0.038908 -2.367427 -17.19007 -0.355374 0.036475 14.167834 135.0
209 12375.0 -0.705719 0.578269 0.0 -0.079298 -2.367427 -17.19007 -0.355374 0.036475 14.167834 135.0
210 12375.0 -0.713955 0.586335 0.0 -0.097218 -2.367427 -17.19007 -0.355374 0.036475 14.167834 135.0
211 12375.0 -0.707376 0.594991 0.0 -0.101037 -2.367427 -17.19007 -0.355374 0.036475 14.167834 135.0
212 12375.0 -0.718911 0.599739 0.0 -0.11827 -2.367427 -17.19007 -0.355374 0.036475 14.167834 135.0
213 12375.0 -0.716613 0.586878 0.0 -0.100527 -2.367427 -17.19007 -0.355374 0.036475 14.167834 135.0
214 12375.0 -0.719708 0.596893 0.0 -0.11565 -2.367427 -17.19007 -0.355374 0.036475 14.167834 135.0
215 12375.0 -0.72595 0.586315 0.0 -0.109187 -2.367427 -17.19007 -0.355374 0.036475 14.167834 135.0
216 12375.0 -0.735301 0.570642 0.0 -0.099712 -2.367427 -17.19007 -0.355374 0.036475 14.167834 135.0
217 12375.0 -0.719904 0.553817 0.0 -0.064113 -2.367427 -17.19007 -0.355374 0.036475 14.167834 135.0
218 12375.0 -0.723199 0.579037 0.0 -0.097696 -2.367427 -17.19007 -0.355374 0.036475 14.167834 135.0
219 12375.0 -0.725499 0.588213 0.0 -0.111015 -2.367427 -17.19007 -0.355374 0.036475 14.167834 135.0
220 12375.0 -0.733956 0.606405 0.0 -0.141317 -2.367427 -17.19007 -0.355374 0.036475 14.167834 135.0
221 12375.0 -0.722346 0.588846 0.0 -0.108623 -2.367427 -17.19007 -0.355374 0.036475 14.167834 135.0
222 12375.0 -0.736594 0.592084 0.0 -0.126755 -2.367427 -17.19007 -0.355374 0.036475 14.167834 135.0
223 12375.0 -0.742152 0.590826 0.0 -0.130801 -2.367427 -17.19007 -0.355374 0.036475 14.167834 135.0
224 12375.0 -0.727951 0.610554 0.0 -0.140297 -2.367427 -17.19007 -0.355374 0.036475 14.167834 135.0
225 12375.0 -0.735405 0.604971 0.0 -0.141044 -2.367427 -17.19007 -0.355374 0.036475 14.167834 135.0
226 12375.0 -0.743083 0.627992 0.0 -0.177062 -2.367427 -17.19007 -0.355374 0.036475 14.167834 135.0
227 12375.0 -0.716991 0.61456 0.0 -0.13415 -2.367427 -17.19007 -0.355374 0.036475 14.167834 135.0
228 12375.0 -0.727754 0.633144 0.0 -0.167968 -2.367427 -17.19007 -0.355374 0.036475 14.167834 135.0
229 12375.0 -0.756097 0.658798 0.0 -0.224096 -2.367427 -17.19007 -0.355374 0.036475 14.167834 135.0
230 12375.0 -0.7584 0.660689 0.0 -0.228144 -2.367427 -17.19007 -0.355374 0.036475 14.167834 135.0
231 12375.0 -0.746108 0.6535 0.0 -0.209628 -2.367427 -17.19007 -0.355374 0.036475 14.167834 135.0
232 12375.0 -0.763963 0.683873 0.0 -0.257773 -2.367427 -17.19007 -0.355374 0.036475 14.167834 135.0
233 12375.0 -0.775714 0.697083 0.0 -0.28223 -2.367427 -17.19007 -0.355374 0.036475 14.167834 135.0
234 12375.0 -0.811498 0.697949 0.0 -0.314749 -2.367427 -17.19007 -0.355374 0.036475 14.167834 135.0
235 12375.0 -0.795222 0.706933 0.0 -0.309956 -2.367427 -17.19007 -0.355374 0.036475 14.167834 135.0
236 12375.0 -0.801372 0.726903 0.0 -0.343211 -2.367427 -17.19007 -0.355374 0.036475 14.167834 135.0
237 12375.0 -0.776995 0.73986 0.0 -0.337483 -2.367427 -17.19007 -0.355374 0.036475 14.167834 135.0
238 12375.0 -0.78561 0.720435 0.0 -0.318921 -2.367427 -17.19007 -0.355374 0.036475 14.167834 135.0
239 12375.0 -0.806782 0.727492 0.0 -0.349289 -2.367427 -17.19007 -0.355374 0.036475 14.167834 135.0
240 12375.0 -0.823289 0.753921 0.0 -0.401984 -2.367427 -17.19007 -0.355374 0.036475 14.167834 135.0
241 12375.0 -0.800735 0.771599 0.0 -0.404574 -2.367427 -17.19007 -0.355374 0.036475 14.167834 135.0
242 12375.0 -0.826818 0.784154 0.0 -0.44734 -2.367427 -17.19007 -0.355374 0.036475 14.167834 135.0
243 12375.0 -0.819657 0.81543 0.0 -0.483751 -2.367427 -17.19007 -0.355374 0.036475 14.167834 135.0
244 12375.0 -0.853212 0.81962 0.0 -0.523942 -2.367427 -17.19007 -0.355374 0.036475 14.167834 135.0
245 12375.0 -0.84294 0.834385 0.0 -0.536521 -2.367427 -17.19007 -0.355374 0.036475 14.167834 135.0
246 12375.0 -0.864786 0.860939 0.0 -0.598404 -2.367427 -17.19007 -0.355374 0.036475 14.167834 135.0
247 12375.0 -0.86689 0.885275 0.0 -0.637695 -2.367427 -17.19007 -0.355374 0.036475 14.167834 135.0
248 12375.0 -0.873469 0.91463 0.0 -0.68686 -2.367427 -17.19007 -0.355374 0.036475 14.167834 135.0
249 12375.0 -0.870405 0.950306 0.0 -0.733338 -2.367427 -17.19007 -0.355374 0.036475 14.167834 135.0
250 12375.0 -0.858755 0.971794 0.0 -0.752811 -2.367427 -17.19007 -0.355374 0.036475 14.167834 135.0
251 12375.0 -0.881461 0.977613 0.0 -0.775441 -2.367427 -17.19007 -0.355374 0.036475 14.167834 135.0
252 12375.0 -0.891992 1.004637 0.0 -0.809734 -2.367427 -17.19007 -0.355374 0.036475 14.167834 135.0
253 12375.0 -0.878898 1.012576 0.0 -0.807921 -2.367427 -17.19007 -0.355374 0.036475 14.167834 135.0
254 12375.0 -0.89391 1.046917 0.0 -0.852696 -2.367427 -17.19007 -0.355374 0.036475 14.167834 135.0
255 12375.0 -0.920393 1.068013 0.0 -0.892875 -2.367427 -17.19007 -0.355374 0.036475 14.167834 135.0
256 12375.0 -0.876968 1.072434 0.0 -0.865333 -2.367427 -17.19007 -0.355374 0.036475 14.167834 135.0
257 12375.0 -0.853361 1.102057 0.0 -0.877112 -2.367427 -17.19007 -0.355374 0.036475 14.167834 135.0
258 12375.0 -0.853441 1.098211 0.0 -0.873391 -2.367427 -17.19007 -0.355374 0.036475 14.167834 135.0
259 12375.0 -0.83708 1.109652 0.0 -0.872621 -2.367427 -17.19007 -0.355374 0.036475 14.167834 135.0
260 12375.0 -0.816385 1.141984 0.0 -0.889201 -2.367427 -17.19007 -0.355374 0.036475 14.167834 135.0
261 12375.0 -0.81068 1.179641 0.0 -0.922021 -2.367427 -17.19007 -0.355374 0.036475 14.167834 135.0
262 12375.0 -0.798314 1.175763 0.0 -0.909129 -2.367427 -17.19007 -0.355374 0.036475 14.167834 135.0
263 12375.0 -0.784708 1.208969 0.0 -0.931774 -2.367427 -17.19007 -0.355374 0.036475 14.167834 135.0
264 12375.0 -0.80434 1.216245 0.0 -0.95334 -2.367427 -17.19007 -0.355374 0.036475 14.167834 135.0
265 12375.0 -0.773896 1.213372 0.0 -0.928161 -2.367427 -17.19007 -0.355374 0.036475 14.167834 135.0
266 12375.0 -0.763476 1.209345 0.0 -0.916553 -2.367427 -17.19007 -0.355374 0.036475 14.167834 135.0
267 12375.0 -0.749233 1.211907 0.0 -0.908611 -2.367427 -17.19007 -0.355374 0.036475 14.167834 135.0
268 12375.0 -0.743721 1.242219 0.0 -0.934355 -2.367427 -17.19007 -0.355374 0.036475 14.167834 135.0
269 12375.0 -0.744733 1.247866 0.0 -0.940648 -2.367427 -17.19007 -0.355374 0.036475 14.167834 135.0
270 12375.0 -0.752754 1.233554 0.0 -0.932471 -2.367427 -17.19007 -0.355374 0.036475 14.167834 135.0
271 12375.0 -0.751511 1.23937 0.0 -0.937275 -2.367427 -17.19007 -0.355374 0.036475 14.167834 135.0
272 12375.0 -0.745607 1.252175 0.0 -0.945525 -2.367427 -17.19007 -0.355374 0.036475 14.167834 135.0
273 12375.0 -0.72938 1.291228 0.0 -0.960402 -2.367427 -17.19007 -0.355374 0.036475 14.167834 135.0
274 12375.0 -0.730613 1.280221 0.0 -0.954088 -2.367427 -17.19007 -0.355374 0.036475 14.167834 135.0
275 12375.0 -0.740592 1.28118 0.0 -0.961386 -2.367427 -17.19007 -0.355374 0.036475 14.167834 135.0
276 12375.0 -0.713212 1.283351 0.0 -0.944478 -2.367427 -17.19007 -0.355374 0.036475 14.167834 135.0
277 12375.0 -0.726547 1.29152 0.0 -0.958697 -2.367427 -17.19007 -0.355374 0.036475 14.167834 135.0
278 12375.0 -0.721065 1.296086 0.0 -0.957991 -2.367427 -17.19007 -0.355374 0.036475 14.167834 135.0
279 12375.0 -0.691471 1.295557 0.0 -0.937852 -2.367427 -17.19007 -0.355374 0.036475 14.167834 135.0
280 12375.0 -0.677085 1.288298 0.0 -0.92352 -2.367427 -17.19007 -0.355374 0.036475 14.167834 135.0
281 12375.0 -0.684356 1.291015 0.0 -0.930146 -2.367427 -17.19007 -0.355374 0.036475 14.167834 135.0
282 12375.0 -0.709635 1.292499 0.0 -0.948019 -2.367427 -17.19007 -0.355374 0.036475 14.167834 135.0
283 12375.0 -0.711679 1.302354 0.0 -0.955778 -2.367427 -17.19007 -0.355374 0.036475 14.167834 135.0
284 12375.0 -0.722827 1.305549 0.0 -0.965308 -2.367427 -17.19007 -0.355374 0.036475 14.167834 135.0
285 12375.0 -0.741678 1.309767 0.0 -0.980654 -2.367427 -17.19007 -0.355374 0.036475 14.167834 135.0
286 12375.0 -0.736793 1.297332 0.0 -0.96932 -2.367427 -17.19007 -0.355374 0.036475 14.167834 135.0
287 12375.0 -0.747863 1.316157 0.0 -0.988935 -2.367427 -17.19007 -0.355374 0.036475 14.167834 135.0
