 time p.x p.y p.z deep.node-0 CV opes.bias opes.rct opes.zed opes.neff opes.nker
0 2060.0 -0.163275 0.548097 0.0 0.499228 -1.410519 -17.083445 -0.175 0.043577 14.167834 113.0
1 2060.0 -0.165643 0.51726 0.0 0.530873 -1.410519 -17.083445 -0.175 0.043577 14.167834 113.0
2 2060.0 -0.16256 0.513928 0.0 0.537092 -1.410519 -17.083445 -0.175 0.043577 14.167834 113.0
3 2060.0 -0.157022 0.513834 0.0 0.541958 -1.410519 -17.083445 -0.175 0.043577 14.167834 113.0
4 2060.0 -0.168577 0.512658 0.0 0.533271 -1.410519 -17.083445 -0.175 0.043577 14.167834 113.0
5 2060.0 -0.174465 0.482353 0.0 0.560617 -1.410519 -17.083445 -0.175 0.043577 14.167834 113.0
6 2060.0 -0.196795 0.468851 0.0 0.55584 -1.410519 -17.083445 -0.175 0.043577 14.167834 113.0
7 2060.0 -0.227433 0.480306 0.0 0.516503 -1.410519 -17.083445 -0.175 0.043577 14.167834 113.0
8 2060.0 -0.244102 0.502997 0.0 0.472587 -1.410519 -17.083445 -0.175 0.043577 14.167834 113.0
9 2060.0 -0.260288 0.513391 0.0 0.443924 -1.410519 -17.083445 -0.175 0.043577 14.167834 113.0
10 2060.0 -0.274633 0.535226 0.0 0.403359 -1.410519 -17.083445 -0.175 0.043577 14.167834 113.0
11 2060.0 -0.282022 0.547063 0.0 0.381756 -1.410519 -17.083445 -0.175 0.043577 14.167834 113.0
12 2060.0 -0.283373 0.546343 0.0 0.381271 -1.410519 -17.083445 -0.175 0.043577 14.167834 113.0
13 2060.0 -0.278404 0.533207 0.0 0.402014 -1.410519 -17.083445 -0.175 0.043577 14.167834 113.0
14 2060.0 -0.26344 0.503636 0.0 0.452488 -1.410519 -17.083445 -0.175 0.043577 14.167834 113.0
15 2060.0 -0.28461 0.517371 0.0 0.414829 -1.410519 -17.083445 -0.175 0.043577 14.167834 113.0
16 2060.0 -0.290663 0.511662 0.0 0.415633 -1.410519 -17.083445 -0.175 0.043577 14.167834 113.0
17 2060.0 -0.30814 0.51276 0.0 0.396843 -1.410519 -17.083445 -0.175 0.043577 14.167834 113.0
18 2060.0 -0.329708 0.527447 0.0 0.357643 -1.410519 -17.083445 -0.175 0.043577 14.167834 113.0
19 2060.0 -0.355021 0.522363 0.0 0.338442 -1.410519 -17.083445 -0.175 0.043577 14.167834 113.0
20 2060.0 -0.352108 0.550794 0.0 0.30721 -1.410519 -17.083445 -0.175 0.043577 14.167834 113.0
21 2060.0 -0.356705 0.546854 0.0 0.307345 -1.410519 -17.083445 -0.175 0.043577 14.167834 113.0
22 2060.0 -0.380313 0.523537 0.0 0.311747 -1.410519 -17.083445 -0.175 0.043577 14.167834 113.0
23 2060.0 -0.383271 0.538175 0.0 0.291211 -1.410519 -17.083445 -0.175 0.043577 14.167834 113.0
24 2060.0 -0.400261 0.530798 0.0 0.283085 -1.410519 -17.083445 -0.175 0.043577 14.167834 113.0
25 2060.0 -0.401766 0.543329 0.0 0.266531 -1.410519 -17.083445 -0.175 0.043577 14.167834 113.0
26 2060.0 -0.412816 0.547875 0.0 0.250024 -1.410519 -17.083445 -0.175 0.043577 14.167834 113.0
27 2060.0 -0.437295 0.518923 0.0 0.260324 -1.410519 -17.083445 -0.175 0.043577 14.167834 113.0
28 2060.0 -0.460173 0.531302 0.0 0.222584 -1.410519 -17.083445 -0.175 0.043577 14.167834 113.0
29 2060.0 -0.46259 0.517766 0.0 0.236424 -1.410519 -17.083445 -0.175 0.043577 14.167834 113.0
30 2060.0 -0.472994 0.509061 0.0 0.236477 -1.410519 -17.083445 -0.175 0.043577 14.167834 113.0
31 2060.0 -0.465909 0.515709 0.0 0.235577 -1.410519 -17.083445 -0.175 0.043577 14.167834 113.0
32 2060.0 -0.458011 0.513691 0.0 0.245896 -1.410519 -17.083445 -0.175 0.043577 14.167834 113.0
33 2060.0 -0.487691 0.538948 0.0 0.185891 -1.410519 -17.083445 -0.175 0.043577 14.167834 113.0
34 2060.0 -0.491082 0.549439 0.0 0.169902 -1.410519 -17.083445 -0.175 0.043577 14.167834 113.0
35 2060.0 -0.50214 0.535238 0.0 0.175902 -1.410519 -17.083445 -0.175 0.043577 14.167834 113.0
36 2060.0 -0.502888 0.512003 0.0 0.203059 -1.410519 -17.083445 -0.175 0.043577 14.167834 113.0
37 2060.0 -0.520638 0.549098 0.0 0.140764 -1.410519 -17.083445 -0.175 0.043577 14.167834 113.0
38 2060.0 -0.533471 0.546308 0.0 0.131286 -1.410519 -17.083445 -0.175 0.043577 14.167834 113.0
39 2060.0 -0.538027 0.555904 0.0 0.115207 -1.410519 -17.083445 -0.175 0.043577 14.167834 113.0
40 2060.0 -0.535328 0.547237 0.0 0.128314 -1.410519 -17.083445 -0.175 0.043577 14.167834 113.0
41 2060.0 -0.529162 0.554403 0.0 0.125871 -1.410519 -17.083445 -0.175 0.043577 14.167834 113.0
42 2060.0 -0.546958 0.555114 0.0 0.107227 -1.410519 -17.083445 -0.175 0.043577 14.167834 113.0
43 2060.0 -0.561219 0.56041 0.0 0.086609 -1.410519 -17.083445 -0.175 0.043577 14.167834 113.0
44 2060.0 -0.550895 0.554671 0.0 0.103824 -1.410519 -17.083445 -0.175 0.043577 14.167834 113.0
45 2060.0 -0.574182 0.572575 0.0 0.059041 -1.410519 -17.083445 -0.175 0.043577 14.167834 113.0
46 2060.0 -0.588516 0.584188 0.0 0.030763 -1.410519 -17.083445 -0.175 0.043577 14.167834 113.0
47 2060.0 -0.599979 0.593914 0.0 0.007623 -1.410519 -17.083445 -0.175 0.043577 14.167834 113.0
48 2060.0 -0.589821 0.593253 0.0 0.018573 -1.410519 -17.083445 -0.175 0.043577 14.167834 113.0
49 2060.0 -0.582187 0.596968 0.0 0.021742 -1.410519 -17.083445 -0.175 0.043577 14.167834 113.0
50 2060.0 -0.566345 0.593847 0.0 0.041328 -1.410519 -17.083445 -0.175 0.043577 14.167834 113.0
51 2060.0 -0.564398 0.591112 0.0 0.046559 -1.410519 -17.083445 -0.175 0.043577 14.167834 113.0
52 2060.0 -0.564382 0.573965 0.0 0.067168 -1.410519 -17.083445 -0.175 0.043577 14.167834 113.0
53 2060.0 -0.572127 0.565928 0.0 0.069077 -1.410519 -17.083445 -0.175 0.043577 14.167834 113.0
54 2060.0 -0.59358 0.527422 0.0 0.093875 -1.410519 -17.083445 -0.175 0.043577 14.167834 113.0
55 2060.0 -0.605381 0.527158 0.0 0.082394 -1.410519 -17.083445 -0.175 0.043577 14.167834 113.0
56 2060.0 -0.63377 0.541625 0.0 0.036639 -1.410519 -17.083445 -0.175 0.043577 14.167834 113.0
57 2060.0 -0.661682 0.536937 0.0 0.014364 -1.410519 -17.083445 -0.175 0.043577 14.167834 113.0
58 2060.0 -0.66714 0.552209 0.0 -0.009433 -1.410519 -17.083445 -0.175 0.043577 14.167834 113.0
59 2060.0 -0.66159 0.556339 0.0 -0.008844 -1.410519 -17.083445 -0.175 0.043577 14.167834 113.0
60 2060.0 -0.644246 0.558261 0.0 0.006187 -1.410519 -17.083445 -0.175 0.043577 14.167834 113.0
61 2060.0 -0.631525 0.556892 0.0 0.020548 -1.410519 -17.083445 -0.175 0.043577 14.167834 113.0
62 2060.0 -0.641389 0.572373 0.0 -0.007905 -1.410519 -17.083445 -0.175 0.043577 14.167834 113.0
63 2060.0 -0.663801 0.563111 0.0 -0.019187 -1.410519 -17.083445 -0.175 0.043577 14.167834 113.0
64 2060.0 -0.674995 0.558099 0.0 -0.024359 -1.410519 -17.083445 -0.175 0.043577 14.167834 113.0
65 2060.0 -0.678639 0.555553 0.0 -0.024944 -1.410519 -17.083445 -0.175 0.043577 14.167834 113.0
66 2060.0 -0.689423 0.526977 0.0 -0.001406 -1.410519 -17.083445 -0.175 0.043577 14.167834 113.0
67 2060.0 -0.72003 0.532542 0.0 -0.038688 -1.410519 -17.083445 -0.175 0.043577 14.167834 113.0
68 2060.0 -0.728134 0.49818 0.0 -0.005522 -1.410519 -17.083445 -0.175 0.043577 14.167834 113.0
69 2060.0 -0.697052 0.523633 0.0 -0.005018 -1.410519 -17.083445 -0.175 0.043577 14.167834 113.0
70 2060.0 -0.716576 0.522499 0.0 -0.023174 -1.410519 -17.083445 -0.175 0.043577 14.167834 113.0
71 2060.0 -0.728546 0.511797 0.0 -0.022287 -1.410519 -17.083445 -0.175 0.043577 14.167834 113.0
72 2060.0 -0.725454 0.530842 0.0 -0.042068 -1.410519 -17.083445 -0.175 0.043577 14.167834 113.0
73 2060.0 -0.745891 0.522159 0.0 -0.052072 -1.410519 -17.083445 -0.175 0.043577 14.167834 113.0
74 2060.0 -0.73966 0.577208 0.0 -0.111956 -1.410519 -17.083445 -0.175 0.043577 14.167834 113.0
75 2060.0 -0.724934 0.56835 0.0 -0.086594 -1.410519 -17.083445 -0.175 0.043577 14.167834 113.0
76 2060.0 -0.702765 0.5689 0.0 -0.065092 -1.410519 -17.083445 -0.175 0.043577 14.167834 113.0
77 2060.0 -0.691653 0.587025 0.0 -0.075752 -1.410519 -17.083445 -0.175 0.043577 14.167834 113.0
78 2060.0 -0.714403 0.582003 0.0 -0.092463 -1.410519 -17.083445 -0.175 0.043577 14.167834 113.0
79 2060.0 -0.708538 0.59795 0.0 -0.105753 -1.410519 -17.083445 -0.175 0.043577 14.167834 113.0
80 2060.0 -0.689213 0.59513 0.0 -0.083046 -1.410519 -17.083445 -0.175 0.043577 14.167834 113.0
81 2060.0 -0.697823 0.603696 0.0 -0.101941 -1.410519 -17.083445 -0.175 0.043577 14.167834 113.0
82 2060.0 -0.701586 0.610042 0.0 -0.113324 -1.410519 -17.083445 -0.175 0.043577 14.167834 113.0
83 2060.0 -0.696923 0.594064 0.0 -0.089474 -1.410519 -17.083445 -0.175 0.043577 14.167834 113.0
84 2060.0 -0.681589 0.597835 0.0 -0.078672 -1.410519 -17.083445 -0.175 0.043577 14.167834 113.0
85 2060.0 -0.709714 0.587624 0.0 -0.094527 -1.410519 -17.083445 -0.175 0.043577 14.167834 113.0
86 2060.0 -0.711542 0.61388 0.0 -0.127887 -1.410519 -17.083445 -0.175 0.043577 14.167834 113.0
87 2060.0 -0.714858 0.622501 0.0 -0.141555 -1.410519 -17.083445 -0.175 0.043577 14.167834 113.0
88 2060.0 -0.722257 0.633395 0.0 -0.162702 -1.410519 -17.083445 -0.175 0.043577 14.167834 113.0
89 2060.0 -0.725221 0.646912 0.0 -0.182684 -1.410519 -17.083445 -0.175 0.043577 14.167834 113.0
90 2060.0 -0.732747 0.65016 0.0 -0.194271 -1.410519 -17.083445 -0.175 0.043577 14.167834 113.0
91 2060.0 -0.735545 0.660606 0.0 -0.207877 -1.410519 -17.083445 -0.175 0.043577 14.167834 113.0
92 2060.0 -0.744259 0.688212 0.0 -0.244999 -1.410519 -17.083445 -0.175 0.043577 14.167834 113.0
93 2060.0 -0.733099 0.692069 0.0 -0.239258 -1.410519 -17.083445 -0.175 0.043577 14.167834 113.0
94 2060.0 -0.749844 0.720247 0.0 -0.284082 -1.410519 -17.083445 -0.175 0.043577 14.167834 113.0
95 2060.0 -0.791459 0.732045 0.0 -0.340707 -1.410519 -17.083445 -0.175 0.043577 14.167834 113.0
96 2060.0 -0.824719 0.724414 0.0 -0.362455 -1.410519 -17.083445 -0.175 0.043577 14.167834 113.0
97 2060.0 -0.841485 0.728628 0.0 -0.384598 -1.410519 -17.083445 -0.175 0.043577 14.167834 113.0
98 2060.0 -0.845713 0.717046 0.0 -0.372647 -1.410519 -17.083445 -0.175 0.043577 14.167834 113.0
99 2060.0 -0.863946 0.733644 0.0 -0.413387 -1.410519 -17.083445 -0.175 0.043577 14.167834 113.0
100 2060.0 -0.885921 0.72962 0.0 -0.429169 -1.410519 -17.083445 -0.175 0.043577 14.167834 113.0
101 2060.0 -0.879866 0.741606 0.0 -0.439904 -1.410519 -17.083445 -0.175 0.043577 14.167834 113.0
102 2060.0 -0.897988 0.750461 0.0 -0.469224 -1.410519 -17.083445 -0.175 0.043577 14.167834 113.0
103 2060.0 -0.887287 0.76702 0.0 -0.481937 -1.410519 -17.083445 -0.175 0.043577 14.167834 113.0
104 2060.0 -0.909675 0.759608 0.0 -0.492512 -1.410519 -17.083445 -0.175 0.043577 14.167834 113.0
105 2060.0 -0.912719 0.764751 0.0 -0.502346 -1.410519 -17.083445 -0.175 0.043577 14.167834 113.0
106 2060.0 -0.914867 0.76221 0.0 -0.500863 -1.410519 -17.083445 -0.175 0.043577 14.167834 113.0
107 2060.0 -0.910025 0.768892 0.0 -0.505509 -1.410519 -17.083445 -0.175 0.043577 14.167834 113.0
108 2060.0 -0.91846 0.785609 0.0 -0.536124 -1.410519 -17.083445 -0.175 0.043577 14.167834 113.0
109 2060.0 -0.899137 0.803417 0.0 -0.543295 -1.410519 -17.083445 -0.175 0.043577 14.167834 113.0
110 2060.0 -0.908134 0.800509 0.0 -0.54748 -1.410519 -17.083445 -0.175 0.043577 14.167834 113.0
111 2060.0 -0.928621 0.839361 0.0 -0.626655 -1.410519 -17.083445 -0.175 0.043577 14.167834 113.0
112 2060.0 -0.938052 0.849846 0.0 -0.651768 -1.410519 -17.083445 -0.175 0.043577 14.167834 113.0
113 2060.0 -0.94909 0.860374 0.0 -0.677838 -1.410519 -17.083445 -0.175 0.043577 14.167834 113.0
114 2060.0 -0.945512 0.878167 0.0 -0.699236 -1.410519 -17.083445 -0.175 0.043577 14.167834 113.0
115 2060.0 -0.944005 0.887894 0.0 -0.711325 -1.410519 -17.083445 -0.175 0.043577 14.167834 113.0
116 2060.0 -0.954985 0.908109 0.0 -0.74871 -1.410519 -17.083445 -0.175 0.043577 14.167834 113.0
117 2060.0 -0.935202 0.909295 0.0 -0.733153 -1.410519 -17.083445 -0.175 0.043577 14.167834 113.0
118 2060.0 -0.920084 0.921031 0.0 -0.736182 -1.410519 -17.083445 -0.175 0.043577 14.167834 113.0
119 2060.0 -0.933652 0.956146 0.0 -0.792668 -1.410519 -17.083445 -0.175 0.043577 14.167834 113.0
120 2060.0 -0.939855 1.003743 0.0 -0.844002 -1.410519 -17.083445 -0.175 0.043577 14.167834 113.0
121 2060.0 -0.956608 1.020459 0.0 -0.872732 -1.410519 -17.083445 -0.175 0.043577 14.167834 113.0
122 2060.0 -0.967511 1.021199 0.0 -0.881465 -1.410519 -17.083445 -0.175 0.043577 14.167834 113.0
123 2060.0 -0.965059 1.044274 0.0 -0.902343 -1.410519 -17.083445 -0.175 0.043577 14.167834 113.0
124 2060.0 -0.94561 1.041093 0.0 -0.884935 -1.410519 -17.083445 -0.175 0.043577 14.167834 113.0
125 2060.0 -0.927807 1.075994 0.0 -0.906163 -1.410519 -17.083445 -0.175 0.043577 14.167834 113.0
126 2060.0 -0.909006 1.065355 0.0 -0.881902 -1.410519 -17.083445 -0.175 0.043577 14.167834 113.0
127 2060.0 -0.917141 1.094694 0.0 -0.91671 -1.410519 -17.083445 -0.175 0.043577 14.167834 113.0
128 2060.0 -0.896556 1.125585 0.0 -0.931955 -1.410519 -17.083445 -0.175 0.043577 14.167834 113.0
129 2060.0 -0.902195 1.168217 0.0 -0.977994 -1.410519 -17.083445 -0.175 0.043577 14.167834 113.0
130 2060.0 -0.878365 1.171342 0.0 -0.963567 -1.410519 -17.083445 -0.175 0.043577 14.167834 113.0
131 2060.0 -0.848379 1.151334 0.0 -0.921883 -1.410519 -17.083445 -0.175 0.043577 14.167834 113.0
132 2060.0 -0.814476 1.165038 0.0 -0.910457 -1.410519 -17.083445 -0.175 0.043577 14.167834 113.0
133 2060.0 -0.77255 1.187087 0.0 -0.90134 -1.410519 -17.083445 -0.175 0.043577 14.167834 113.0
134 2060.0 -0.757092 1.177738 0.0 -0.880801 -1.410519 -17.083445 -0.175 0.043577 14.167834 113.0
135 2060.0 -0.741026 1.189543 0.0 -0.880605 -1.410519 -17.083445 -0.175 0.043577 14.167834 113.0
136 2060.0 -0.741601 1.23824 0.0 -0.928887 -1.410519 -17.083445 -0.175 0.043577 14.167834 113.0
137 2060.0 -0.752476 1.25359 0.0 -0.951222 -1.410519 -17.083445 -0.175 0.043577 14.167834 113.0
138 2060.0 -0.747453 1.236054 0.0 -0.931036 -1.410519 -17.083445 -0.175 0.043577 14.167834 113.0
139 2060.0 -0.742778 1.244966 0.0 -0.936362 -1.410519 -17.083445 -0.175 0.043577 14.167834 113.0
140 2060.0 -0.728232 1.22027 0.0 -0.901409 -1.410519 -17.083445 -0.175 0.043577 14.167834 113.0
141 2060.0 -0.725618 1.235221 0.0 -0.914184 -1.410519 -17.083445 -0.175 0.043577 14.167834 113.0
142 2060.0 -0.683819 1.266075 0.0 -0.913529 -1.410519 -17.083445 -0.175 0.043577 14.167834 113.0
143 2060.0 -0.674637 1.27173 0.0 -0.911137 -1.410519 -17.083445 -0.175 0.043577 14.167834 113.0
144 2060.0 -0.697893 1.25548 0.0 -0.913699 -1.410519 -17.083445 -0.175 0.043577 14.167834 113.0
145 2060.0 -0.700034 1.255807 0.0 -0.915596 -1.410519 -17.083445 -0.175 0.043577 14.167834 113.0
146 2060.0 -0.711724 1.258378 0.0 -0.926707 -1.410519 -17.083445 -0.175 0.043577 14.167834 113.0
147 2060.0 -0.717494 1.264913 0.0 -0.935383 -1.410519 -17.083445 -0.175 0.043577 14.167834 113.0
148 2060.0 -0.717889 1.234345 0.0 -0.907647 -1.410519 -17.083445 -0.175 0.043577 14.167834 113.0
149 2060.0 -0.755081 1.261778 0.0 -0.958414 -1.410519 -17.083445 -0.175 0.043577 14.167834 113.0
150 2060.0 -0.750131 1.260893 0.0 -0.954532 -1.410519 -17.083445 -0.175 0.043577 14.167834 113.0
151 2060.0 -0.753288 1.262611 0.0 -0.957777 -1.410519 -17.083445 -0.175 0.043577 14.167834 113.0
152 2060.0 -0.749799 1.258661 0.0 -0.952823 -1.410519 -17.083445 -0.175 0.043577 14.167834 113.0
153 2060.0 -0.741529 1.237271 0.0 -0.927882 -1.410519 -17.083445 -0.175 0.043577 14.167834 113.0
154 2060.0 -0.724617 1.210674 0.0 -0.889324 -1.410519 -17.083445 -0.175 0.043577 14.167834 113.0
155 2060.0 -0.731327 1.23431 0.0 -0.917481 -1.410519 -17.083445 -0.175 0.043577 14.167834 113.0
156 2060.0 -0.747253 1.215686 0.0 -0.910872 -1.410519 -17.083445 -0.175 0.043577 14.167834 113.0
157 2060.0 -0.732474 1.212898 0.0 -0.897279 -1.410519 -17.083445 -0.175 0.043577 14.167834 113.0
158 2060.0 -0.719561 1.211654 0.0 -0.886574 -1.410519 -17.083445 -0.175 0.043577 14.167834 113.0
159 2060.0 -0.746676 1.227686 0.0 -0.922241 -1.410519 -17.083445 -0.175 0.043577 14.167834 113.0
160 2060.0 -0.756242 1.237143 0.0 -0.93856 -1.410519 -17.083445 -0.175 0.043577 14.167834 113.0
161 2060.0 -0.737649 1.215283 0.0 -0.903422 -1.410519 -17.083445 -0.175 0.043577 14.167834 113.0
162 2060.0 -0.730669 1.238656 0.0 -0.921268 -1.410519 -17.083445 -0.175 0.043577 14.167834 113.0
163 2060.0 -0.734116 1.221454 0.0 -0.906893 -1.410519 -17.083445 -0.175 0.043577 14.167834 113.0
164 2060.0 -0.735728 1.249885 0.0 -0.93602 -1.410519 -17.083445 -0.175 0.043577 14.167834 113.0
165 2060.0 -0.717439 1.258318 0.0 -0.930869 -1.410519 -17.083445 -0.175 0.043577 14.167834 113.0
166 2060.0 -0.712248 1.297394 0.0 -0.952941 -1.410519 -17.083445 -0.175 0.043577 14.167834 113.0
167 2060.0 -0.692248 1.291008 0.0 -0.935421 -1.410519 -17.083445 -0.175 0.043577 14.167834 113.0
168 2060.0 -0.686652 1.276634 0.0 -0.922355 -1.410519 -17.083445 -0.175 0.043577 14.167834 113.0
169 2060.0 -0.685889 1.271672 0.0 -0.918626 -1.410519 -17.083445 -0.175 0.043577 14.167834 113.0
170 2060.0 -0.654568 1.279772 0.0 -0.902928 -1.410519 -17.083445 -0.175 0.043577 14.167834 113.0
171 2060.0 -0.656277 1.273325 0.0 -0.89989 -1.410519 -17.083445 -0.175 0.043577 14.167834 113.0
172 2060.0 -0.644304 1.297931 0.0 -0.90784 -1.410519 -17.083445 -0.175 0.043577 14.167834 113.0
173 2060.0 -0.641546 1.317157 0.0 -0.918465 -1.410519 -17.083445 -0.175 0.043577 14.167834 113.0
174 2060.0 -0.637372 1.336811 0.0 -0.92842 -1.410519 -17.083445 -0.175 0.043577 14.167834 113.0
175 2060.0 -0.623391 1.344723 0.0 -0.924199 -1.410519 -17.083445 -0.175 0.043577 14.167834 113.0
176 2060.0 -0.598772 1.384327 0.0 -0.942952 -1.410519 -17.083445 -0.175 0.043577 14.167834 113.0
177 2060.0 -0.600096 1.373586 0.0 -0.933954 -1.410519 -17.083445 -0.175 0.043577 14.167834 113.0
178 2060.0 -0.60775 1.386152 0.0 -0.950306 -1.410519 -17.083445 -0.175 0.043577 14.167834 113.0
179 2060.0 -0.590685 1.388639 0.0 -0.941323 -1.410519 -17.083445 -0.175 0.043577 14.167834 113.0
180 2060.0 -0.578364 1.403588 0.0 -0.945198 -1.410519 -17.083445 -0.175 0.043577 14.167834 113.0
181 2060.0 -0.599496 1.422472 0.0 -0.968956 -1.410519 -17.083445 -0.175 0.043577 14.167834 113.0
182 2060.0 -0.60708 1.385712 0.0 -0.949485 -1.410519 -17.083445 -0.175 0.043577 14.167834 113.0
183 2060.0 -0.617369 1.369607 0.0 -0.941528 -1.410519 -17.083445 -0.175 0.043577 14.167834 113.0
184 2060.0 -0.624421 1.3641 0.0 -0.941053 -1.410519 -17.083445 -0.175 0.043577 14.167834 113.0
185 2060.0 -0.634391 1.337473 0.0 -0.926855 -1.410519 -17.083445 -0.175 0.043577 14.167834 113.0
186 2060.0 -0.643417 1.319746 0.0 -0.921396 -1.410519 -17.083445 -0.175 0.043577 14.167834 113.0
187 2060.0 -0.642493 1.329224 0.0 -0.926925 -1.410519 -17.083445 -0.175 0.043577 14.167834 113.0
188 2060.0 -0.655304 1.334652 0.0 -0.939015 -1.410519 -17.083445 -0.175 0.043577 14.167834 113.0
189 2060.0 -0.643726 1.337165 0.0 -0.9329 -1.410519 -17.083445 -0.175 0.043577 14.167834 113.0
190 2060.0 -0.642343 1.338772 0.0 -0.933017 -1.410519 -17.083445 -0.175 0.043577 14.167834 113.0
191 2060.0 -0.66102 1.344171 0.0 -0.949012 -1.410519 -17.083445 -0.175 0.043577 14.167834 113.0
192 2060.0 -0.654305 1.33871 0.0 -0.940979 -1.410519 -17.083445 -0.175 0.043577 14.167834 113.0
193 2060.0 -0.623695 1.297849 0.0 -0.893317 -1.410519 -17.083445 -0.175 0.043577 14.167834 113.0
194 2060.0 -0.625216 1.33344 0.0 -0.918102 -1.410519 -17.083445 -0.175 0.043577 14.167834 113.0
195 2060.0 -0.635587 1.326705 0.0 -0.920671 -1.410519 -17.083445 -0.175 0.043577 14.167834 113.0
196 2060.0 -0.642225 1.33631 0.0 -0.931342 -1.410519 -17.083445 -0.175 0.043577 14.167834 113.0
197 2060.0 -0.641391 1.327816 0.0 -0.925274 -1.410519 -17.083445 -0.175 0.043577 14.167834 113.0
198 2060.0 -0.622321 1.324491 0.0 -0.910189 -1.410519 -17.083445 -0.175 0.043577 14.167834 113.0
199 2060.0 -0.605398 1.352052 0.0 -0.917724 -1.410519 -17.083445 -0.175 0.043577 14.167834 113.0
200 2060.0 -0.605737 1.362445 0.0 -0.927538 -1.410519 -17.083445 -0.175 0.043577 14.167834 113.0
201 2060.0 -0.603503 1.373379 0.0 -0.936092 -1.410519 -17.083445 -0.175 0.043577 14.167834 113.0
202 2060.0 -0.623523 1.348542 0.0 -0.926765 -1.410519 -17.083445 -0.175 0.043577 14.167834 113.0
203 2060.0 -0.626255 1.324757 0.0 -0.913165 -1.410519 -17.083445 -0.175 0.043577 14.167834 113.0
204 2060.0 -0.629773 1.328812 0.0 -0.918149 -1.410519 -17.083445 -0.175 0.043577 14.167834 113.0
205 2060.0 -0.65108 1.362852 0.0 -0.956883 -1.410519 -17.083445 -0.175 0.043577 14.167834 113.0
206 2060.0 -0.655439 1.3897 0.0 -0.982241 -1.410519 -17.083445 -0.175 0.043577 14.167834 113.0
207 2060.0 -0.635565 1.361708 0.0 -0.945987 -1.410519 -17.083445 -0.175 0.043577 14.167834 113.0
208 2060.0 -0.602346 1.352343 0.0 -0.915906 -1.410519 -17.083445 -0.175 0.043577 14.167834 113.0
209 2060.0 -0.628511 1.358082 0.0 -0.938236 -1.410519 -17.083445 -0.175 0.043577 14.167834 113.0
210 2060.0 -0.610388 1.367642 0.0 -0.935318 -1.410519 -17.083445 -0.175 0.043577 14.167834 113.0
211 2060.0 -0.59547 1.369863 0.0 -0.927358 -1.410519 -17.083445 -0.175 0.043577 14.167834 113.0
212 2060.0 -0.631689 1.384253 0.0 -0.963822 -1.410519 -17.083445 -0.175 0.043577 14.167834 113.0
213 2060.0 -0.626164 1.391359 0.0 -0.966376 -1.410519 -17.083445 -0.175 0.043577 14.167834 113.0
214 2060.0 -0.623276 1.387154 0.0 -0.961083 -1.410519 -17.083445 -0.175 0.043577 14.167834 113.0
215 2060.0 -0.608668 1.373717 0.0 -0.939694 -1.410519 -17.083445 -0.175 0.043577 14.167834 113.0
216 2060.0 -0.607959 1.385574 0.0 -0.949919 -1.410519 -17.083445 -0.175 0.043577 14.167834 113.0
217 2060.0 -0.602774 1.395811 0.0 -0.955434 -1.410519 -17.083445 -0.175 0.043577 14.167834 113.0
218 2060.0 -0.586159 1.35923 0.0 -0.911188 -1.410519 -17.083445 -0.175 0.043577 14.167834 113.0
219 2060.0 -0.586181 1.362677 0.0 -0.914381 -1.410519 -17.083445 -0.175 0.043577 14.167834 113.0
220 2060.0 -0.620335 1.358303 0.0 -0.933236 -1.410519 -17.083445 -0.175 0.043577 14.167834 113.0
221 2060.0 -0.633171 1.336048 0.0 -0.925116 -1.410519 -17.083445 -0.175 0.043577 14.167834 113.0
222 2060.0 -0.627697 1.332514 0.0 -0.919161 -1.410519 -17.083445 -0.175 0.043577 14.167834 113.0
223 2060.0 -0.632246 1.376135 0.0 -0.956865 -1.410519 -17.083445 -0.175 0.043577 14.167834 113.0
224 2060.0 -0.63534 1.387546 0.0 -0.969107 -1.410519 -17.083445 -0.175 0.043577 14.167834 113.0
225 2060.0 -0.608703 1.379052 0.0 -0.944521 -1.410519 -17.083445 -0.175 0.043577 14.167834 113.0
226 2060.0 -0.600513 1.391341 0.0 -0.95031 -1.410519 -17.083445 -0.175 0.043577 14.167834 113.0
227 2060.0 -0.614509 1.392085 0.0 -0.959941 -1.410519 -17.083445 -0.175 0.043577 14.167834 113.0
228 2060.0 -0.637219 1.423698 0.0 -0.991571 -1.410519 -17.083445 -0.175 0.043577 14.167834 113.0
229 2060.0 -0.576179 1.418025 0.0 -0.952491 -1.410519 -17.083445 -0.175 0.043577 14.167834 113.0
230 2060.0 -0.594002 1.415238 0.0 -0.961581 -1.410519 -17.083445 -0.175 0.043577 14.167834 113.0
231 2060.0 -0.569309 1.413269 0.0 -0.945319 -1.410519 -17.083445 -0.175 0.043577 14.167834 113.0
232 2060.0 -0.55526 1.429074 0.0 -0.94193 -1.410519 -17.083445 -0.175 0.043577 14.167834 113.0
233 2060.0 -0.544834 1.429873 0.0 -0.932976 -1.410519 -17.083445 -0.175 0.043577 14.167834 113.0
234 2060.0 -0.533044 1.434255 0.0 -0.923455 -1.410519 -17.083445 -0.175 0.043577 14.167834 113.0
235 2060.0 -0.529356 1.486045 0.0 -0.929237 -1.410519 -17.083445 -0.175 0.043577 14.167834 113.0
236 2060.0 -0.51779 1.459486 0.0 -0.914535 -1.410519 -17.083445 -0.175 0.043577 14.167834 113.0
237 2060.0 -0.505818 1.459378 0.0 -0.904075 -1.410519 -17.083445 -0.175 0.043577 14.167834 113.0
238 2060.0 -0.539047 1.460091 0.0 -0.93318 -1.410519 -17.083445 -0.175 0.043577 14.167834 113.0
239 2060.0 -0.526835 1.45932 0.0 -0.922395 -1.410519 -17.083445 -0.175 0.043577 14.167834 113.0
240 2060.0 -0.515004 1.475653 0.0 -0.914915 -1.410519 -17.083445 -0.175 0.043577 14.167834 113.0
241 2060.0 -0.518518 1.483641 0.0 -0.919367 -1.410519 -17.083445 -0.175 0.043577 14.167834 113.0
242 2060.0 -0.518903 1.454144 0.0 -0.914578 -1.410519 -17.083445 -0.175 0.043577 14.167834 113.0
243 2060.0 -0.512342 1.4552 0.0 -0.909039 -1.410519 -17.083445 -0.175 0.043577 14.167834 113.0
244 2060.0 -0.513249 1.457853 0.0 -0.910292 -1.410519 -17.083445 -0.175 0.043577 14.167834 113.0
245 2060.0 -0.528853 1.482633 0.0 -0.928206 -1.410519 -17.083445 -0.175 0.043577 14.167834 113.0
246 2060.0 -0.533122 1.479307 0.0 -0.931351 -1.410519 -17.083445 -0.175 0.043577 14.167834 113.0
247 2060.0 -0.549146 1.473136 0.0 -0.944254 -1.410519 -17.083445 -0.175 0.043577 14.167834 113.0
248 2060.0 -0.530047 1.449525 0.0 -0.923495 -1.410519 -17.083445 -0.175 0.043577 14.167834 113.0
249 2060.0 -0.535531 1.426862 0.0 -0.924339 -1.410519 -17.083445 -0.175 0.043577 14.167834 113.0
250 2060.0 -0.533532 1.423976 0.0 -0.922094 -1.410519 -17.083445 -0.175 0.043577 14.167834 113.0
251 2060.0 -0.551157 1.437273 0.0 -0.939776 -1.410519 -17.083445 -0.175 0.043577 14.167834 113.0
252 2060.0 -0.5541 1.444406 0.0 -0.943583 -1.410519 -17.083445 -0.175 0.043577 14.167834 113.0
253 2060.0 -0.551908 1.448762 0.0 -0.942428 -1.410519 -17.083445 -0.175 0.043577 14.167834 113.0
254 2060.0 -0.521006 1.464263 0.0 -0.91817 -1.410519 -17.083445 -0.175 0.043577 14.167834 113.0
255 2060.0 -0.492329 1.469667 0.0 -0.894099 -1.410519 -17.083445 -0.175 0.043577 14.167834 113.0
256 2060.0 -0.484362 1.499793 0.0 -0.892385 -1.410519 -17.083445 -0.175 0.043577 14.167834 113.0
257 2060.0 -0.482033 1.482133 0.0 -0.887286 -1.410519 -17.083445 -0.175 0.043577 14.167834 113.0
258 2060.0 -0.509096 1.489663 0.0 -0.912197 -1.410519 -17.083445 -0.175 0.043577 14.167834 113.0
259 2060.0 -0.54334 1.478601 0.0 -0.94014 -1.410519 -17.083445 -0.175 0.043577 14.167834 113.0
260 2060.0 -0.531745 1.461457 0.0 -0.927048 -1.410519 -17.083445 -0.175 0.043577 14.167834 113.0
261 2060.0 -0.534154 1.469044 0.0 -0.930468 -1.410519 -17.083445 -0.175 0.043577 14.167834 113.0
262 2060.0 -0.54353 1.467111 0.0 -0.938309 -1.410519 -17.083445 -0.175 0.043577 14.167834 113.0
263 2060.0 -0.538413 1.469708 0.0 -0.934298 -1.410519 -17.083445 -0.175 0.043577 14.167834 113.0
264 2060.0 -0.551085 1.496584 0.0 -0.949871 -1.410519 -17.083445 -0.175 0.043577 14.167834 113.0
265 2060.0 -0.550393 1.482892 0.0 -0.947037 -1.410519 -17.083445 -0.175 0.043577 14.167834 113.0
266 2060.0 -0.549533 1.474225 0.0 -0.944781 -1.410519 -17.083445 -0.175 0.043577 14.167834 113.0
267 2060.0 -0.560742 1.483908 0.0 -0.955903 -1.410519 -17.083445 -0.175 0.043577 14.167834 113.0
268 2060.0 -0.536239 1.479801 0.0 -0.934155 -1.410519 -17.083445 -0.175 0.043577 14.167834 113.0
269 2060.0 -0.505579 1.477162 0.0 -0.906957 -1.410519 -17.083445 -0.175 0.043577 14.167834 113.0
270 2060.0 -0.521734 1.494683 0.0 -0.924091 -1.410519 -17.083445 -0.175 0.043577 14.167834 113.0
271 2060.0 -0.522706 1.517222 0.0 -0.928855 -1.410519 -17.083445 -0.175 0.043577 14.167834 113.0
272 2060.0 -0.50271 1.499351 0.0 -0.908311 -1.410519 -17.083445 -0.175 0.043577 14.167834 113.0
273 2060.0 -0.507974 1.502147 0.0 -0.913387 -1.410519 -17.083445 -0.175 0.043577 14.167834 113.0
274 2060.0 -0.545257 1.499025 0.0 -0.945361 -1.410519 -17.083445 -0.175 0.043577 14.167834 113.0
275 2060.0 -0.533961 1.46634 0.0 -0.929829 -1.410519 -17.083445 -0.175 0.043577 14.167834 113.0
276 2060.0 -0.534708 1.491811 0.0 -0.934907 -1.410519 -17.083445 -0.175 0.043577 14.167834 113.0
277 2060.0 -0.509312 1.498764 0.0 -0.913966 -1.410519 -17.083445 -0.175 0.043577 14.167834 113.0
278 2060.0 -0.486696 1.480998 0.0 -0.891155 -1.410519 -17.083445 -0.175 0.043577 14.167834 113.0
279 2060.0 -0.486256 1.472784 0.0 -0.889344 -1.410519 -17.083445 -0.175 0.043577 14.167834 113.0
280 2060.0 -0.488588 1.488924 0.0 -0.894182 -1.410519 -17.083445 -0.175 0.043577 14.167834 113.0
281 2060.0 -0.494239 1.495236 0.0 -0.900208 -1.410519 -17.083445 -0.175 0.043577 14.167834 113.0
282 2060.0 -0.492718 1.485583 0.0 -0.897204 -1.410519 -17.083445 -0.175 0.043577 14.167834 113.0
283 2060.0 -0.517131 1.452848 0.0 -0.912808 -1.410519 -17.083445 -0.175 0.043577 14.167834 113.0
284 2060.0 -0.489686 1.479139 0.0 -0.89344 -1.410519 -17.083445 -0.175 0.043577 14.167834 113.0
285 2060.0 -0.510678 1.494201 0.0 -0.914364 -1.410519 -17.083445 -0.175 0.043577 14.167834 113.0
286 2060.0 -0.487334 1.496622 0.0 -0.894426 -1.410519 -17.083445 -0.175 0.043577 14.167834 113.0
287 2060.0 -0.506634 1.496809 0.0 -0.911291 -1.410519 -17.083445 -0.175 0.043577 14.167834 113.0
