 time p.x p.y p.z deep.node-0 CV opes.bias opes.rct opes.zed opes.neff opes.nker
0 8415.0 0.543958 0.470799 0.0 1.092423 -0.852606 -12.380275 -0.316716 0.03847 14.167834 128.0
1 8415.0 0.541468 0.514358 0.0 1.050614 -0.852606 -12.380275 -0.316716 0.03847 14.167834 128.0
2 8415.0 0.545874 0.527229 0.0 1.042191 -0.852606 -12.380275 -0.316716 0.03847 14.167834 128.0
3 8415.0 0.54801 0.522525 0.0 1.048133 -0.852606 -12.380275 -0.316716 0.03847 14.167834 128.0
4 8415.0 0.519728 0.550371 0.0 1.001 -0.852606 -12.380275 -0.316716 0.03847 14.167834 128.0
5 8415.0 0.518105 0.542427 0.0 1.007037 -0.852606 -12.380275 -0.316716 0.03847 14.167834 128.0
6 8415.0 0.506667 0.545137 0.0 0.99581 -0.852606 -12.380275 -0.316716 0.03847 14.167834 128.0
7 8415.0 0.512249 0.523694 0.0 1.019721 -0.852606 -12.380275 -0.316716 0.03847 14.167834 128.0
8 8415.0 0.506151 0.513386 0.0 1.024503 -0.852606 -12.380275 -0.316716 0.03847 14.167834 128.0
9 8415.0 0.477692 0.4987 0.0 1.016199 -0.852606 -12.380275 -0.316716 0.03847 14.167834 128.0
10 8415.0 0.484998 0.494169 0.0 1.025937 -0.852606 -12.380275 -0.316716 0.03847 14.167834 128.0
11 8415.0 0.446847 0.532918 0.0 0.961269 -0.852606 -12.380275 -0.316716 0.03847 14.167834 128.0
12 8415.0 0.468934 0.533142 0.0 0.977951 -0.852606 -12.380275 -0.316716 0.03847 14.167834 128.0
13 8415.0 0.464943 0.525208 0.0 0.982168 -0.852606 -12.380275 -0.316716 0.03847 14.167834 128.0
14 8415.0 0.447316 0.506322 0.0 0.985994 -0.852606 -12.380275 -0.316716 0.03847 14.167834 128.0
15 8415.0 0.442682 0.510841 0.0 0.978311 -0.852606 -12.380275 -0.316716 0.03847 14.167834 128.0
16 8415.0 0.444093 0.502752 0.0 0.9868 -0.852606 -12.380275 -0.316716 0.03847 14.167834 128.0
17 8415.0 0.408917 0.496326 0.0 0.965794 -0.852606 -12.380275 -0.316716 0.03847 14.167834 128.0
18 8415.0 0.395685 0.50415 0.0 0.948511 -0.852606 -12.380275 -0.316716 0.03847 14.167834 128.0
19 8415.0 0.390261 0.507292 0.0 0.941485 -0.852606 -12.380275 -0.316716 0.03847 14.167834 128.0
20 8415.0 0.409349 0.508889 0.0 0.954615 -0.852606 -12.380275 -0.316716 0.03847 14.167834 128.0
21 8415.0 0.39452 0.511871 0.0 0.940546 -0.852606 -12.380275 -0.316716 0.03847 14.167834 128.0
22 8415.0 0.390682 0.512852 0.0 0.936713 -0.852606 -12.380275 -0.316716 0.03847 14.167834 128.0
23 8415.0 0.386046 0.522928 0.0 0.923937 -0.852606 -12.380275 -0.316716 0.03847 14.167834 128.0
24 8415.0 0.377755 0.509582 0.0 0.929826 -0.852606 -12.380275 -0.316716 0.03847 14.167834 128.0
25 8415.0 0.366552 0.508423 0.0 0.923 -0.852606 -12.380275 -0.316716 0.03847 14.167834 128.0
26 8415.0 0.366079 0.530047 0.0 0.90215 -0.852606 -12.380275 -0.316716 0.03847 14.167834 128.0
27 8415.0 0.353835 0.539767 0.0 0.883884 -0.852606 -12.380275 -0.316716 0.03847 14.167834 128.0
28 8415.0 0.328721 0.551218 0.0 0.854484 -0.852606 -12.380275 -0.316716 0.03847 14.167834 128.0
29 8415.0 0.317354 0.531489 0.0 0.865777 -0.852606 -12.380275 -0.316716 0.03847 14.167834 128.0
30 8415.0 0.284647 0.506627 0.0 0.867057 -0.852606 -12.380275 -0.316716 0.03847 14.167834 128.0
31 8415.0 0.273751 0.522802 0.0 0.843559 -0.852606 -12.380275 -0.316716 0.03847 14.167834 128.0
32 8415.0 0.259264 0.516241 0.0 0.839908 -0.852606 -12.380275 -0.316716 0.03847 14.167834 128.0
33 8415.0 0.261336 0.51507 0.0 0.842475 -0.852606 -12.380275 -0.316716 0.03847 14.167834 128.0
34 8415.0 0.239082 0.509852 0.0 0.832919 -0.852606 -12.380275 -0.316716 0.03847 14.167834 128.0
35 8415.0 0.233453 0.488995 0.0 0.850291 -0.852606 -12.380275 -0.316716 0.03847 14.167834 128.0
36 8415.0 0.224949 0.498019 0.0 0.835479 -0.852606 -12.380275 -0.316716 0.03847 14.167834 128.0
37 8415.0 0.226705 0.51538 0.0 0.819065 -0.852606 -12.380275 -0.316716 0.03847 14.167834 128.0
38 8415.0 0.241701 0.533157 0.0 0.81106 -0.852606 -12.380275 -0.316716 0.03847 14.167834 128.0
39 8415.0 0.22551 0.559945 0.0 0.773238 -0.852606 -12.380275 -0.316716 0.03847 14.167834 128.0
40 8415.0 0.220787 0.555585 0.0 0.774395 -0.852606 -12.380275 -0.316716 0.03847 14.167834 128.0
41 8415.0 0.229026 0.542555 0.0 0.793088 -0.852606 -12.380275 -0.316716 0.03847 14.167834 128.0
42 8415.0 0.213665 0.546395 0.0 0.778954 -0.852606 -12.380275 -0.316716 0.03847 14.167834 128.0
43 8415.0 0.216425 0.555973 0.0 0.771093 -0.852606 -12.380275 -0.316716 0.03847 14.167834 128.0
44 8415.0 0.230968 0.534011 0.0 0.803038 -0.852606 -12.380275 -0.316716 0.03847 14.167834 128.0
45 8415.0 0.235068 0.524432 0.0 0.815474 -0.852606 -12.380275 -0.316716 0.03847 14.167834 128.0
46 8415.0 0.222051 0.554192 0.0 0.77665 -0.852606 -12.380275 -0.316716 0.03847 14.167834 128.0
47 8415.0 0.242121 0.558592 0.0 0.786263 -0.852606 -12.380275 -0.316716 0.03847 14.167834 128.0
48 8415.0 0.205382 0.545979 0.0 0.773851 -0.852606 -12.380275 -0.316716 0.03847 14.167834 128.0
49 8415.0 0.225312 0.504035 0.0 0.829627 -0.852606 -12.380275 -0.316716 0.03847 14.167834 128.0
50 8415.0 0.198822 0.516173 0.0 0.799666 -0.852606 -12.380275 -0.316716 0.03847 14.167834 128.0
51 8415.0 0.214132 0.537022 0.0 0.788759 -0.852606 -12.380275 -0.316716 0.03847 14.167834 128.0
52 8415.0 0.211861 0.520787 0.0 0.803689 -0.852606 -12.380275 -0.316716 0.03847 14.167834 128.0
53 8415.0 0.22493 0.492452 0.0 0.841104 -0.852606 -12.380275 -0.316716 0.03847 14.167834 128.0
54 8415.0 0.239939 0.494283 0.0 0.84926 -0.852606 -12.380275 -0.316716 0.03847 14.167834 128.0
55 8415.0 0.220723 0.482735 0.0 0.848142 -0.852606 -12.380275 -0.316716 0.03847 14.167834 128.0
56 8415.0 0.193316 0.484159 0.0 0.828421 -0.852606 -12.380275 -0.316716 0.03847 14.167834 128.0
57 8415.0 0.187487 0.475479 0.0 0.833325 -0.852606 -12.380275 -0.316716 0.03847 14.167834 128.0
58 8415.0 0.202585 0.475981 0.0 0.842886 -0.852606 -12.380275 -0.316716 0.03847 14.167834 128.0
59 8415.0 0.203777 0.461898 0.0 0.857945 -0.852606 -12.380275 -0.316716 0.03847 14.167834 128.0
60 8415.0 0.199871 0.472157 0.0 0.844949 -0.852606 -12.380275 -0.316716 0.03847 14.167834 128.0
61 8415.0 0.182533 0.49105 0.0 0.81425 -0.852606 -12.380275 -0.316716 0.03847 14.167834 128.0
62 8415.0 0.160177 0.483614 0.0 0.806873 -0.852606 -12.380275 -0.316716 0.03847 14.167834 128.0
63 8415.0 0.196771 0.498144 0.0 0.816561 -0.852606 -12.380275 -0.316716 0.03847 14.167834 128.0
64 8415.0 0.202425 0.51445 0.0 0.803814 -0.852606 -12.380275 -0.316716 0.03847 14.167834 128.0
65 8415.0 0.198605 0.508097 0.0 0.807702 -0.852606 -12.380275 -0.316716 0.03847 14.167834 128.0
66 8415.0 0.173483 0.491999 0.0 0.807254 -0.852606 -12.380275 -0.316716 0.03847 14.167834 128.0
67 8415.0 0.165379 0.505489 0.0 0.788185 -0.852606 -12.380275 -0.316716 0.03847 14.167834 128.0
68 8415.0 0.155137 0.521253 0.0 0.765388 -0.852606 -12.380275 -0.316716 0.03847 14.167834 128.0
69 8415.0 0.159851 0.517075 0.0 0.772763 -0.852606 -12.380275 -0.316716 0.03847 14.167834 128.0
70 8415.0 0.140332 0.527098 0.0 0.749593 -0.852606 -12.380275 -0.316716 0.03847 14.167834 128.0
71 8415.0 0.147174 0.518007 0.0 0.763365 -0.852606 -12.380275 -0.316716 0.03847 14.167834 128.0
72 8415.0 0.143088 0.494865 0.0 0.78408 -0.852606 -12.380275 -0.316716 0.03847 14.167834 128.0
73 8415.0 0.129922 0.496572 0.0 0.77357 -0.852606 -12.380275 -0.316716 0.03847 14.167834 128.0
74 8415.0 0.138588 0.510125 0.0 0.765622 -0.852606 -12.380275 -0.316716 0.03847 14.167834 128.0
75 8415.0 0.121111 0.509643 0.0 0.754455 -0.852606 -12.380275 -0.316716 0.03847 14.167834 128.0
76 8415.0 0.109272 0.491608 0.0 0.764827 -0.852606 -12.380275 -0.316716 0.03847 14.167834 128.0
77 8415.0 0.135659 0.484977 0.0 0.789141 -0.852606 -12.380275 -0.316716 0.03847 14.167834 128.0
78 8415.0 0.120252 0.504326 0.0 0.759267 -0.852606 -12.380275 -0.316716 0.03847 14.167834 128.0
79 8415.0 0.12857 0.519657 0.0 0.749286 -0.852606 -12.380275 -0.316716 0.03847 14.167834 128.0
80 8415.0 0.120801 0.523152 0.0 0.740565 -0.852606 -12.380275 -0.316716 0.03847 14.167834 128.0
81 8415.0 0.141974 0.510377 0.0 0.767626 -0.852606 -12.380275 -0.316716 0.03847 14.167834 128.0
82 8415.0 0.136765 0.530132 0.0 0.744141 -0.852606 -12.380275 -0.316716 0.03847 14.167834 128.0
83 8415.0 0.128091 0.5106 0.0 0.758141 -0.852606 -12.380275 -0.316716 0.03847 14.167834 128.0
84 8415.0 0.121072 0.494267 0.0 0.770004 -0.852606 -12.380275 -0.316716 0.03847 14.167834 128.0
85 8415.0 0.098676 0.513617 0.0 0.735467 -0.852606 -12.380275 -0.316716 0.03847 14.167834 128.0
86 8415.0 0.083807 0.523659 0.0 0.715381 -0.852606 -12.380275 -0.316716 0.03847 14.167834 128.0
87 8415.0 0.102571 0.500543 0.0 0.751308 -0.852606 -12.380275 -0.316716 0.03847 14.167834 128.0
88 8415.0 0.092212 0.518142 0.0 0.726573 -0.852606 -12.380275 -0.316716 0.03847 14.167834 128.0
89 8415.0 0.100462 0.502521 0.0 0.747898 -0.852606 -12.380275 -0.316716 0.03847 14.167834 128.0
90 8415.0 0.103594 0.487856 0.0 0.764841 -0.852606 -12.380275 -0.316716 0.03847 14.167834 128.0
91 8415.0 0.096185 0.489483 0.0 0.758251 -0.852606 -12.380275 -0.316716 0.03847 14.167834 128.0
92 8415.0 0.095233 0.498721 0.0 0.74826 -0.852606 -12.380275 -0.316716 0.03847 14.167834 128.0
93 8415.0 0.079924 0.499602 0.0 0.737158 -0.852606 -12.380275 -0.316716 0.03847 14.167834 128.0
94 8415.0 0.072835 0.501336 0.0 0.730673 -0.852606 -12.380275 -0.316716 0.03847 14.167834 128.0
95 8415.0 0.070593 0.510575 0.0 0.71982 -0.852606 -12.380275 -0.316716 0.03847 14.167834 128.0
96 8415.0 0.054256 0.523558 0.0 0.695775 -0.852606 -12.380275 -0.316716 0.03847 14.167834 128.0
97 8415.0 0.061062 0.537121 0.0 0.686576 -0.852606 -12.380275 -0.316716 0.03847 14.167834 128.0
98 8415.0 0.069775 0.513988 0.0 0.715818 -0.852606 -12.380275 -0.316716 0.03847 14.167834 128.0
99 8415.0 0.068101 0.502861 0.0 0.725972 -0.852606 -12.380275 -0.316716 0.03847 14.167834 128.0
100 8415.0 0.033696 0.496397 0.0 0.709574 -0.852606 -12.380275 -0.316716 0.03847 14.167834 128.0
101 8415.0 0.0163 0.502766 0.0 0.691522 -0.852606 -12.380275 -0.316716 0.03847 14.167834 128.0
102 8415.0 0.028846 0.496883 0.0 0.705848 -0.852606 -12.380275 -0.316716 0.03847 14.167834 128.0
103 8415.0 0.042879 0.491452 0.0 0.720708 -0.852606 -12.380275 -0.316716 0.03847 14.167834 128.0
104 8415.0 0.05057 0.49909 0.0 0.7181 -0.852606 -12.380275 -0.316716 0.03847 14.167834 128.0
105 8415.0 0.052416 0.510617 0.0 0.707656 -0.852606 -12.380275 -0.316716 0.03847 14.167834 128.0
106 8415.0 0.07228 0.502615 0.0 0.729009 -0.852606 -12.380275 -0.316716 0.03847 14.167834 128.0
107 8415.0 0.075179 0.496561 0.0 0.737073 -0.852606 -12.380275 -0.316716 0.03847 14.167834 128.0
108 8415.0 0.067987 0.496074 0.0 0.73277 -0.852606 -12.380275 -0.316716 0.03847 14.167834 128.0
109 8415.0 0.054555 0.481536 0.0 0.738538 -0.852606 -12.380275 -0.316716 0.03847 14.167834 128.0
110 8415.0 0.065444 0.518662 0.0 0.708195 -0.852606 -12.380275 -0.316716 0.03847 14.167834 128.0
111 8415.0 0.092196 0.529958 0.0 0.714595 -0.852606 -12.380275 -0.316716 0.03847 14.167834 128.0
112 8415.0 0.083694 0.518372 0.0 0.72066 -0.852606 -12.380275 -0.316716 0.03847 14.167834 128.0
113 8415.0 0.118641 0.490446 0.0 0.772252 -0.852606 -12.380275 -0.316716 0.03847 14.167834 128.0
114 8415.0 0.129902 0.49807 0.0 0.77204 -0.852606 -12.380275 -0.316716 0.03847 14.167834 128.0
115 8415.0 0.136699 0.500645 0.0 0.773965 -0.852606 -12.380275 -0.316716 0.03847 14.167834 128.0
116 8415.0 0.136443 0.501503 0.0 0.772925 -0.852606 -12.380275 -0.316716 0.03847 14.167834 128.0
117 8415.0 0.147953 0.497352 0.0 0.784806 -0.852606 -12.380275 -0.316716 0.03847 14.167834 128.0
118 8415.0 0.147348 0.513687 0.0 0.767856 -0.852606 -12.380275 -0.316716 0.03847 14.167834 128.0
119 8415.0 0.132475 0.525686 0.0 0.745785 -0.852606 -12.380275 -0.316716 0.03847 14.167834 128.0
120 8415.0 0.159353 0.525543 0.0 0.763853 -0.852606 -12.380275 -0.316716 0.03847 14.167834 128.0
121 8415.0 0.147528 0.510621 0.0 0.771082 -0.852606 -12.380275 -0.316716 0.03847 14.167834 128.0
122 8415.0 0.140235 0.490756 0.0 0.786339 -0.852606 -12.380275 -0.316716 0.03847 14.167834 128.0
123 8415.0 0.148872 0.500252 0.0 0.782481 -0.852606 -12.380275 -0.316716 0.03847 14.167834 128.0
124 8415.0 0.160446 0.506323 0.0 0.784051 -0.852606 -12.380275 -0.316716 0.03847 14.167834 128.0
125 8415.0 0.171121 0.512559 0.0 0.784853 -0.852606 -12.380275 -0.316716 0.03847 14.167834 128.0
126 8415.0 0.186909 0.529132 0.0 0.778596 -0.852606 -12.380275 -0.316716 0.03847 14.167834 128.0
127 8415.0 0.160063 0.554311 0.0 0.735189 -0.852606 -12.380275 -0.316716 0.03847 14.167834 128.0
128 8415.0 0.136714 0.558434 0.0 0.715441 -0.852606 -12.380275 -0.316716 0.03847 14.167834 128.0
129 8415.0 0.13739 0.553306 0.0 0.721086 -0.852606 -12.380275 -0.316716 0.03847 14.167834 128.0
130 8415.0 0.127022 0.5599 0.0 0.707493 -0.852606 -12.380275 -0.316716 0.03847 14.167834 128.0
131 8415.0 0.112348 0.566632 0.0 0.690889 -0.852606 -12.380275 -0.316716 0.03847 14.167834 128.0
132 8415.0 0.137746 0.5379 0.0 0.736928 -0.852606 -12.380275 -0.316716 0.03847 14.167834 128.0
133 8415.0 0.126976 0.530885 0.0 0.736851 -0.852606 -12.380275 -0.316716 0.03847 14.167834 128.0
134 8415.0 0.100203 0.524893 0.0 0.725065 -0.852606 -12.380275 -0.316716 0.03847 14.167834 128.0
135 8415.0 0.104224 0.540153 0.0 0.71229 -0.852606 -12.380275 -0.316716 0.03847 14.167834 128.0
136 8415.0 0.116754 0.551593 0.0 0.709059 -0.852606 -12.380275 -0.316716 0.03847 14.167834 128.0
137 8415.0 0.100747 0.510425 0.0 0.740082 -0.852606 -12.380275 -0.316716 0.03847 14.167834 128.0
138 8415.0 0.093273 0.52942 0.0 0.715858 -0.852606 -12.380275 -0.316716 0.03847 14.167834 128.0
139 8415.0 0.073409 0.547411 0.0 0.684388 -0.852606 -12.380275 -0.316716 0.03847 14.167834 128.0
140 8415.0 0.082425 0.538084 0.0 0.699848 -0.852606 -12.380275 -0.316716 0.03847 14.167834 128.0
141 8415.0 0.082437 0.548939 0.0 0.688861 -0.852606 -12.380275 -0.316716 0.03847 14.167834 128.0
142 8415.0 0.078314 0.539229 0.0 0.695947 -0.852606 -12.380275 -0.316716 0.03847 14.167834 128.0
143 8415.0 0.037421 0.511804 0.0 0.696453 -0.852606 -12.380275 -0.316716 0.03847 14.167834 128.0
144 8415.0 0.04581 0.506364 0.0 0.707558 -0.852606 -12.380275 -0.316716 0.03847 14.167834 128.0
145 8415.0 0.034174 0.529215 0.0 0.676652 -0.852606 -12.380275 -0.316716 0.03847 14.167834 128.0
146 8415.0 0.022466 0.559741 0.0 0.637925 -0.852606 -12.380275 -0.316716 0.03847 14.167834 128.0
147 8415.0 0.012283 0.580105 0.0 0.610508 -0.852606 -12.380275 -0.316716 0.03847 14.167834 128.0
148 8415.0 0.024713 0.567893 0.0 0.631167 -0.852606 -12.380275 -0.316716 0.03847 14.167834 128.0
149 8415.0 0.010936 0.57273 0.0 0.61708 -0.852606 -12.380275 -0.316716 0.03847 14.167834 128.0
150 8415.0 -0.010717 0.560567 0.0 0.614958 -0.852606 -12.380275 -0.316716 0.03847 14.167834 128.0
151 8415.0 -0.039496 0.581201 0.0 0.571056 -0.852606 -12.380275 -0.316716 0.03847 14.167834 128.0
152 8415.0 -0.022502 0.576897 0.0 0.590286 -0.852606 -12.380275 -0.316716 0.03847 14.167834 128.0
153 8415.0 -0.020568 0.551402 0.0 0.617672 -0.852606 -12.380275 -0.316716 0.03847 14.167834 128.0
154 8415.0 -0.02068 0.569794 0.0 0.598969 -0.852606 -12.380275 -0.316716 0.03847 14.167834 128.0
155 8415.0 -0.051577 0.57311 0.0 0.569312 -0.852606 -12.380275 -0.316716 0.03847 14.167834 128.0
156 8415.0 -0.060333 0.555002 0.0 0.581144 -0.852606 -12.380275 -0.316716 0.03847 14.167834 128.0
157 8415.0 -0.071356 0.53686 0.0 0.591061 -0.852606 -12.380275 -0.316716 0.03847 14.167834 128.0
158 8415.0 -0.078443 0.537558 0.0 0.584216 -0.852606 -12.380275 -0.316716 0.03847 14.167834 128.0
159 8415.0 -0.078502 0.527756 0.0 0.594648 -0.852606 -12.380275 -0.316716 0.03847 14.167834 128.0
160 8415.0 -0.11834 0.530092 0.0 0.557862 -0.852606 -12.380275 -0.316716 0.03847 14.167834 128.0
161 8415.0 -0.129118 0.54113 0.0 0.53678 -0.852606 -12.380275 -0.316716 0.03847 14.167834 128.0
162 8415.0 -0.111108 0.541685 0.0 0.551687 -0.852606 -12.380275 -0.316716 0.03847 14.167834 128.0
163 8415.0 -0.113675 0.512955 0.0 0.580207 -0.852606 -12.380275 -0.316716 0.03847 14.167834 128.0
164 8415.0 -0.094624 0.514151 0.0 0.595324 -0.852606 -12.380275 -0.316716 0.03847 14.167834 128.0
165 8415.0 -0.091733 0.551234 0.0 0.558149 -0.852606 -12.380275 -0.316716 0.03847 14.167834 128.0
166 8415.0 -0.09714 0.543257 0.0 0.562027 -0.852606 -12.380275 -0.316716 0.03847 14.167834 128.0
167 8415.0 -0.111392 0.546664 0.0 0.546117 -0.852606 -12.380275 -0.316716 0.03847 14.167834 128.0
168 8415.0 -0.115129 0.550487 0.0 0.538812 -0.852606 -12.380275 -0.316716 0.03847 14.167834 128.0
169 8415.0 -0.13087 0.547141 0.0 0.528842 -0.852606 -12.380275 -0.316716 0.03847 14.167834 128.0
170 8415.0 -0.13062 0.519535 0.0 0.558584 -0.852606 -12.380275 -0.316716 0.03847 14.167834 128.0
171 8415.0 -0.137848 0.537666 0.0 0.532971 -0.852606 -12.380275 -0.316716 0.03847 14.167834 128.0
172 8415.0 -0.114542 0.544244 0.0 0.545994 -0.852606 -12.380275 -0.316716 0.03847 14.167834 128.0
173 8415.0 -0.096257 0.567246 0.0 0.537129 -0.852606 -12.380275 -0.316716 0.03847 14.167834 128.0
174 8415.0 -0.105536 0.548688 0.0 0.548992 -0.852606 -12.380275 -0.316716 0.03847 14.167834 128.0
175 8415.0 -0.090414 0.542277 0.0 0.568865 -0.852606 -12.380275 -0.316716 0.03847 14.167834 128.0
176 8415.0 -0.08088 0.537984 0.0 0.581662 -0.852606 -12.380275 -0.316716 0.03847 14.167834 128.0
177 8415.0 -0.05764 0.525558 0.0 0.614954 -0.852606 -12.380275 -0.316716 0.03847 14.167834 128.0
178 8415.0 -0.061688 0.528601 0.0 0.608216 -0.852606 -12.380275 -0.316716 0.03847 14.167834 128.0
179 8415.0 -0.04277 0.543684 0.0 0.608366 -0.852606 -12.380275 -0.316716 0.03847 14.167834 128.0
180 8415.0 -0.044429 0.555235 0.0 0.594583 -0.852606 -12.380275 -0.316716 0.03847 14.167834 128.0
181 8415.0 -0.053776 0.543561 0.0 0.599025 -0.852606 -12.380275 -0.316716 0.03847 14.167834 128.0
182 8415.0 -0.056597 0.557079 0.0 0.582139 -0.852606 -12.380275 -0.316716 0.03847 14.167834 128.0
183 8415.0 -0.043575 0.553799 0.0 0.596854 -0.852606 -12.380275 -0.316716 0.03847 14.167834 128.0
184 8415.0 -0.066453 0.543848 0.0 0.587807 -0.852606 -12.380275 -0.316716 0.03847 14.167834 128.0
185 8415.0 -0.081165 0.522859 0.0 0.597594 -0.852606 -12.380275 -0.316716 0.03847 14.167834 128.0
186 8415.0 -0.047 0.499413 0.0 0.652076 -0.852606 -12.380275 -0.316716 0.03847 14.167834 128.0
187 8415.0 -0.017168 0.49293 0.0 0.679165 -0.852606 -12.380275 -0.316716 0.03847 14.167834 128.0
188 8415.0 -0.014277 0.495106 0.0 0.678888 -0.852606 -12.380275 -0.316716 0.03847 14.167834 128.0
189 8415.0 -0.020172 0.479106 0.0 0.691163 -0.852606 -12.380275 -0.316716 0.03847 14.167834 128.0
190 8415.0 -0.046361 0.492715 0.0 0.659791 -0.852606 -12.380275 -0.316716 0.03847 14.167834 128.0
191 8415.0 -0.061589 0.495166 0.0 0.644063 -0.852606 -12.380275 -0.316716 0.03847 14.167834 128.0
192 8415.0 -0.063093 0.49481 0.0 0.643149 -0.852606 -12.380275 -0.316716 0.03847 14.167834 128.0
193 8415.0 -0.068513 0.532333 0.0 0.598351 -0.852606 -12.380275 -0.316716 0.03847 14.167834 128.0
194 8415.0 -0.093722 0.508047 0.0 0.602629 -0.852606 -12.380275 -0.316716 0.03847 14.167834 128.0
195 8415.0 -0.073847 0.518816 0.0 0.608217 -0.852606 -12.380275 -0.316716 0.03847 14.167834 128.0
196 8415.0 -0.079893 0.512287 0.0 0.609997 -0.852606 -12.380275 -0.316716 0.03847 14.167834 128.0
197 8415.0 -0.095059 0.497688 0.0 0.612558 -0.852606 -12.380275 -0.316716 0.03847 14.167834 128.0
198 8415.0 -0.106021 0.488825 0.0 0.612603 -0.852606 -12.380275 -0.316716 0.03847 14.167834 128.0
199 8415.0 -0.095297 0.497469 0.0 0.612588 -0.852606 -12.380275 -0.316716 0.03847 14.167834 128.0
200 8415.0 -0.073259 0.486283 0.0 0.64352 -0.852606 -12.380275 -0.316716 0.03847 14.167834 128.0
201 8415.0 -0.087956 0.508456 0.0 0.607154 -0.852606 -12.380275 -0.316716 0.03847 14.167834 128.0
202 8415.0 -0.125839 0.518148 0.0 0.564183 -0.852606 -12.380275 -0.316716 0.03847 14.167834 128.0
203 8415.0 -0.12371 0.531891 0.0 0.551316 -0.852606 -12.380275 -0.316716 0.03847 14.167834 128.0
204 8415.0 -0.125985 0.516943 0.0 0.565346 -0.852606 -12.380275 -0.316716 0.03847 14.167834 128.0
205 8415.0 -0.124685 0.498145 0.0 0.586571 -0.852606 -12.380275 -0.316716 0.03847 14.167834 128.0
206 8415.0 -0.129036 0.493432 0.0 0.587867 -0.852606 -12.380275 -0.316716 0.03847 14.167834 128.0
207 8415.0 -0.133237 0.52183 0.0 0.553877 -0.852606 -12.380275 -0.316716 0.03847 14.167834 128.0
208 8415.0 -0.13659 0.499435 0.0 0.574945 -0.852606 -12.380275 -0.316716 0.03847 14.167834 128.0
209 8415.0 -0.140244 0.500973 0.0 0.570155 -0.852606 -12.380275 -0.316716 0.03847 14.167834 128.0
210 8415.0 -0.140212 0.522063 0.0 0.547625 -0.852606 -12.380275 -0.316716 0.03847 14.167834 128.0
211 8415.0 -0.112629 0.528821 0.0 0.564137 -0.852606 -12.380275 -0.316716 0.03847 14.167834 128.0
212 8415.0 -0.098096 0.526972 0.0 0.578623 -0.852606 -12.380275 -0.316716 0.03847 14.167834 128.0
213 8415.0 -0.105447 0.519862 0.0 0.5799 -0.852606 -12.380275 -0.316716 0.03847 14.167834 128.0
214 8415.0 -0.118973 0.510299 0.0 0.578487 -0.852606 -12.380275 -0.316716 0.03847 14.167834 128.0
215 8415.0 -0.102322 0.518679 0.0 0.583855 -0.852606 -12.380275 -0.316716 0.03847 14.167834 128.0
216 8415.0 -0.113583 0.524879 0.0 0.567532 -0.852606 -12.380275 -0.316716 0.03847 14.167834 128.0
217 8415.0 -0.099928 0.532459 0.0 0.571177 -0.852606 -12.380275 -0.316716 0.03847 14.167834 128.0
218 8415.0 -0.077409 0.525098 0.0 0.598431 -0.852606 -12.380275 -0.316716 0.03847 14.167834 128.0
219 8415.0 -0.063297 0.529013 0.0 0.60639 -0.852606 -12.380275 -0.316716 0.03847 14.167834 128.0
220 8415.0 -0.066621 0.521806 0.0 0.611239 -0.852606 -12.380275 -0.316716 0.03847 14.167834 128.0
221 8415.0 -0.063837 0.493832 0.0 0.643554 -0.852606 -12.380275 -0.316716 0.03847 14.167834 128.0
222 8415.0 -0.076262 0.503078 0.0 0.622971 -0.852606 -12.380275 -0.316716 0.03847 14.167834 128.0
223 8415.0 -0.078262 0.533148 0.0 0.589088 -0.852606 -12.380275 -0.316716 0.03847 14.167834 128.0
224 8415.0 -0.085503 0.529076 0.0 0.587211 -0.852606 -12.380275 -0.316716 0.03847 14.167834 128.0
225 8415.0 -0.088694 0.529334 0.0 0.584188 -0.852606 -12.380275 -0.316716 0.03847 14.167834 128.0
226 8415.0 -0.086978 0.517961 0.0 0.59783 -0.852606 -12.380275 -0.316716 0.03847 14.167834 128.0
227 8415.0 -0.080773 0.507159 0.0 0.614724 -0.852606 -12.380275 -0.316716 0.03847 14.167834 128.0
228 8415.0 -0.063566 0.502896 0.0 0.634093 -0.852606 -12.380275 -0.316716 0.03847 14.167834 128.0
229 8415.0 -0.040216 0.516983 0.0 0.639123 -0.852606 -12.380275 -0.316716 0.03847 14.167834 128.0
230 8415.0 -0.048989 0.523694 0.0 0.624394 -0.852606 -12.380275 -0.316716 0.03847 14.167834 128.0
231 8415.0 -0.062494 0.519397 0.0 0.617367 -0.852606 -12.380275 -0.316716 0.03847 14.167834 128.0
232 8415.0 -0.057863 0.523879 0.0 0.616559 -0.852606 -12.380275 -0.316716 0.03847 14.167834 128.0
233 8415.0 -0.043972 0.542207 0.0 0.608911 -0.852606 -12.380275 -0.316716 0.03847 14.167834 128.0
234 8415.0 -0.040498 0.577169 0.0 0.574506 -0.852606 -12.380275 -0.316716 0.03847 14.167834 128.0
235 8415.0 -0.038828 0.568115 0.0 0.585628 -0.852606 -12.380275 -0.316716 0.03847 14.167834 128.0
236 8415.0 -0.049741 0.57369 0.0 0.570271 -0.852606 -12.380275 -0.316716 0.03847 14.167834 128.0
237 8415.0 -0.041939 0.553372 0.0 0.598719 -0.852606 -12.380275 -0.316716 0.03847 14.167834 128.0
238 8415.0 -0.030467 0.556392 0.0 0.605363 -0.852606 -12.380275 -0.316716 0.03847 14.167834 128.0
239 8415.0 -0.04704 0.514897 0.0 0.63548 -0.852606 -12.380275 -0.316716 0.03847 14.167834 128.0
240 8415.0 -0.040246 0.526023 0.0 0.629429 -0.852606 -12.380275 -0.316716 0.03847 14.167834 128.0
241 8415.0 -0.03542 0.512866 0.0 0.6468 -0.852606 -12.380275 -0.316716 0.03847 14.167834 128.0
242 8415.0 -0.021764 0.505296 0.0 0.663574 -0.852606 -12.380275 -0.316716 0.03847 14.167834 128.0
243 8415.0 -0.028059 0.503035 0.0 0.661666 -0.852606 -12.380275 -0.316716 0.03847 14.167834 128.0
244 8415.0 -0.020693 0.487419 0.0 0.682396 -0.852606 -12.380275 -0.316716 0.03847 14.167834 128.0
245 8415.0 -0.036589 0.492689 0.0 0.666457 -0.852606 -12.380275 -0.316716 0.03847 14.167834 128.0
246 8415.0 -0.029552 0.47607 0.0 0.687983 -0.852606 -12.380275 -0.316716 0.03847 14.167834 128.0
247 8415.0 -0.037984 0.498144 0.0 0.660001 -0.852606 -12.380275 -0.316716 0.03847 14.167834 128.0
248 8415.0 -0.019577 0.518272 0.0 0.65189 -0.852606 -12.380275 -0.316716 0.03847 14.167834 128.0
249 8415.0 -0.016448 0.531395 0.0 0.640684 -0.852606 -12.380275 -0.316716 0.03847 14.167834 128.0
250 8415.0 -0.025526 0.499705 0.0 0.666729 -0.852606 -12.380275 -0.316716 0.03847 14.167834 128.0
251 8415.0 -0.027114 0.478769 0.0 0.686876 -0.852606 -12.380275 -0.316716 0.03847 14.167834 128.0
252 8415.0 -0.017163 0.49352 0.0 0.678571 -0.852606 -12.380275 -0.316716 0.03847 14.167834 128.0
253 8415.0 -0.051751 0.518566 0.0 0.627502 -0.852606 -12.380275 -0.316716 0.03847 14.167834 128.0
254 8415.0 -0.108253 0.517453 0.0 0.580063 -0.852606 -12.380275 -0.316716 0.03847 14.167834 128.0
255 8415.0 -0.13609 0.50583 0.0 0.568535 -0.852606 -12.380275 -0.316716 0.03847 14.167834 128.0
256 8415.0 -0.145294 0.497199 0.0 0.569844 -0.852606 -12.380275 -0.316716 0.03847 14.167834 128.0
257 8415.0 -0.145427 0.496004 0.0 0.571009 -0.852606 -12.380275 -0.316716 0.03847 14.167834 128.0
258 8415.0 -0.152567 0.500619 0.0 0.559927 -0.852606 -12.380275 -0.316716 0.03847 14.167834 128.0
259 8415.0 -0.143882 0.505934 0.0 0.561717 -0.852606 -12.380275 -0.316716 0.03847 14.167834 128.0
260 8415.0 -0.161948 0.485402 0.0 0.568129 -0.852606 -12.380275 -0.316716 0.03847 14.167834 128.0
261 8415.0 -0.177201 0.496656 0.0 0.542964 -0.852606 -12.380275 -0.316716 0.03847 14.167834 128.0
262 8415.0 -0.19196 0.488137 0.0 0.539373 -0.852606 -12.380275 -0.316716 0.03847 14.167834 128.0
263 8415.0 -0.197081 0.479343 0.0 0.544372 -0.852606 -12.380275 -0.316716 0.03847 14.167834 128.0
264 8415.0 -0.18376 0.480752 0.0 0.55433 -0.852606 -12.380275 -0.316716 0.03847 14.167834 128.0
265 8415.0 -0.177541 0.497188 0.0 0.542102 -0.852606 -12.380275 -0.316716 0.03847 14.167834 128.0
266 8415.0 -0.182376 0.487494 0.0 0.54831 -0.852606 -12.380275 -0.316716 0.03847 14.167834 128.0
267 8415.0 -0.192408 0.505203 0.0 0.520733 -0.852606 -12.380275 -0.316716 0.03847 14.167834 128.0
268 8415.0 -0.212125 0.520487 0.0 0.483551 -0.852606 -12.380275 -0.316716 0.03847 14.167834 128.0
269 8415.0 -0.255384 0.506589 0.0 0.456995 -0.852606 -12.380275 -0.316716 0.03847 14.167834 128.0
270 8415.0 -0.262951 0.52184 0.0 0.431115 -0.852606 -12.380275 -0.316716 0.03847 14.167834 128.0
271 8415.0 -0.282939 0.494905 0.0 0.443479 -0.852606 -12.380275 -0.316716 0.03847 14.167834 128.0
272 8415.0 -0.292506 0.485273 0.0 0.445483 -0.852606 -12.380275 -0.316716 0.03847 14.167834 128.0
273 8415.0 -0.318227 0.477829 0.0 0.42871 -0.852606 -12.380275 -0.316716 0.03847 14.167834 128.0
274 8415.0 -0.357334 0.475554 0.0 0.392346 -0.852606 -12.380275 -0.316716 0.03847 14.167834 128.0
275 8415.0 -0.371392 0.475831 0.0 0.377959 -0.852606 -12.380275 -0.316716 0.03847 14.167834 128.0
276 8415.0 -0.366264 0.504602 0.0 0.348533 -0.852606 -12.380275 -0.316716 0.03847 14.167834 128.0
277 8415.0 -0.3789 0.540509 0.0 0.292777 -0.852606 -12.380275 -0.316716 0.03847 14.167834 128.0
278 8415.0 -0.387745 0.541146 0.0 0.28317 -0.852606 -12.380275 -0.316716 0.03847 14.167834 128.0
279 8415.0 -0.373192 0.541835 0.0 0.296892 -0.852606 -12.380275 -0.316716 0.03847 14.167834 128.0
280 8415.0 -0.366752 0.561962 0.0 0.279157 -0.852606 -12.380275 -0.316716 0.03847 14.167834 128.0
281 8415.0 -0.373007 0.574091 0.0 0.258338 -0.852606 -12.380275 -0.316716 0.03847 14.167834 128.0
282 8415.0 -0.360072 0.566847 0.0 0.279969 -0.852606 -12.380275 -0.316716 0.03847 14.167834 128.0
283 8415.0 -0.362602 0.576559 0.0 0.265776 -0.852606 -12.380275 -0.316716 0.03847 14.167834 128.0
284 8415.0 -0.335513 0.570397 0.0 0.300258 -0.852606 -12.380275 -0.316716 0.03847 14.167834 128.0
285 8415.0 -0.347202 0.570297 0.0 0.288692 -0.852606 -12.380275 -0.316716 0.03847 14.167834 128.0
286 8415.0 -0.368526 0.56616 0.0 0.272343 -0.852606 -12.380275 -0.316716 0.03847 14.167834 128.0
287 8415.0 -0.395113 0.571112 0.0 0.239816 -0.852606 -12.380275 -0.316716 0.03847 14.167834 128.0
