 time p.x p.y p.z deep.node-0 CV opes.bias opes.rct opes.zed opes.neff opes.nker
0 520.0 -0.568675 1.468456 0.0 -0.960092 0.11896 -0.283072 -0.054752 0.121383 10.446722 32.0
1 520.0 -0.566389 1.472256 0.0 -0.958786 0.11896 -0.283072 -0.054752 0.121383 10.446722 32.0
2 520.0 -0.557362 1.461867 0.0 -0.949461 0.11896 -0.283072 -0.054752 0.121383 10.446722 32.0
3 520.0 -0.542896 1.438375 0.0 -0.932763 0.11896 -0.283072 -0.054752 0.121383 10.446722 32.0
4 520.0 -0.516657 1.459758 0.0 -0.913595 0.11896 -0.283072 -0.054752 0.121383 10.446722 32.0
5 520.0 -0.520808 1.461293 0.0 -0.917481 0.11896 -0.283072 -0.054752 0.121383 10.446722 32.0
6 520.0 -0.496644 1.474395 0.0 -0.898683 0.11896 -0.283072 -0.054752 0.121383 10.446722 32.0
7 520.0 -0.500524 1.477713 0.0 -0.902644 0.11896 -0.283072 -0.054752 0.121383 10.446722 32.0
8 520.0 -0.50693 1.476327 0.0 -0.90799 0.11896 -0.283072 -0.054752 0.121383 10.446722 32.0
9 520.0 -0.515891 1.462049 0.0 -0.913324 0.11896 -0.283072 -0.054752 0.121383 10.446722 32.0
10 520.0 -0.552273 1.440551 0.0 -0.94132 0.11896 -0.283072 -0.054752 0.121383 10.446722 32.0
11 520.0 -0.548545 1.441535 0.0 -0.938239 0.11896 -0.283072 -0.054752 0.121383 10.446722 32.0
12 520.0 -0.560329 1.451211 0.0 -0.950197 0.11896 -0.283072 -0.054752 0.121383 10.446722 32.0
13 520.0 -0.561067 1.442689 0.0 -0.949361 0.11896 -0.283072 -0.054752 0.121383 10.446722 32.0
14 520.0 -0.534293 1.471739 0.0 -0.931057 0.11896 -0.283072 -0.054752 0.121383 10.446722 32.0
15 520.0 -0.515533 1.470815 0.0 -0.914535 0.11896 -0.283072 -0.054752 0.121383 10.446722 32.0
16 520.0 -0.524318 1.47529 0.0 -0.922975 0.11896 -0.283072 -0.054752 0.121383 10.446722 32.0
17 520.0 -0.512386 1.478122 0.0 -0.91306 0.11896 -0.283072 -0.054752 0.121383 10.446722 32.0
18 520.0 -0.511172 1.46676 0.0 -0.910027 0.11896 -0.283072 -0.054752 0.121383 10.446722 32.0
19 520.0 -0.517085 1.481526 0.0 -0.91775 0.11896 -0.283072 -0.054752 0.121383 10.446722 32.0
20 520.0 -0.52413 1.481032 0.0 -0.923808 0.11896 -0.283072 -0.054752 0.121383 10.446722 32.0
21 520.0 -0.490616 1.512017 0.0 -0.899963 0.11896 -0.283072 -0.054752 0.121383 10.446722 32.0
22 520.0 -0.509057 1.489034 0.0 -0.912053 0.11896 -0.283072 -0.054752 0.121383 10.446722 32.0
23 520.0 -0.51528 1.46482 0.0 -0.913273 0.11896 -0.283072 -0.054752 0.121383 10.446722 32.0
24 520.0 -0.493598 1.454796 0.0 -0.892622 0.11896 -0.283072 -0.054752 0.121383 10.446722 32.0
25 520.0 -0.507547 1.456018 0.0 -0.905 0.11896 -0.283072 -0.054752 0.121383 10.446722 32.0
26 520.0 -0.516173 1.446413 0.0 -0.910854 0.11896 -0.283072 -0.054752 0.121383 10.446722 32.0
27 520.0 -0.537029 1.450421 0.0 -0.929739 0.11896 -0.283072 -0.054752 0.121383 10.446722 32.0
28 520.0 -0.511394 1.432623 0.0 -0.90429 0.11896 -0.283072 -0.054752 0.121383 10.446722 32.0
29 520.0 -0.530715 1.439366 0.0 -0.922312 0.11896 -0.283072 -0.054752 0.121383 10.446722 32.0
30 520.0 -0.55125 1.432023 0.0 -0.938946 0.11896 -0.283072 -0.054752 0.121383 10.446722 32.0
31 520.0 -0.548768 1.43344 0.0 -0.937027 0.11896 -0.283072 -0.054752 0.121383 10.446722 32.0
32 520.0 -0.533138 1.409032 0.0 -0.917063 0.11896 -0.283072 -0.054752 0.121383 10.446722 32.0
33 520.0 -0.538286 1.439934 0.0 -0.929014 0.11896 -0.283072 -0.054752 0.121383 10.446722 32.0
34 520.0 -0.542397 1.428779 0.0 -0.93066 0.11896 -0.283072 -0.054752 0.121383 10.446722 32.0
35 520.0 -0.566056 1.47248 0.0 -0.958545 0.11896 -0.283072 -0.054752 0.121383 10.446722 32.0
36 520.0 -0.549702 1.48059 0.0 -0.946034 0.11896 -0.283072 -0.054752 0.121383 10.446722 32.0
37 520.0 -0.529457 1.448676 0.0 -0.922833 0.11896 -0.283072 -0.054752 0.121383 10.446722 32.0
38 520.0 -0.548776 1.450149 0.0 -0.939937 0.11896 -0.283072 -0.054752 0.121383 10.446722 32.0
39 520.0 -0.536011 1.468382 0.0 -0.931973 0.11896 -0.283072 -0.054752 0.121383 10.446722 32.0
40 520.0 -0.535333 1.478727 0.0 -0.933179 0.11896 -0.283072 -0.054752 0.121383 10.446722 32.0
41 520.0 -0.531715 1.468185 0.0 -0.928192 0.11896 -0.283072 -0.054752 0.121383 10.446722 32.0
42 520.0 -0.523585 1.472813 0.0 -0.921906 0.11896 -0.283072 -0.054752 0.121383 10.446722 32.0
43 520.0 -0.544349 1.494436 0.0 -0.943772 0.11896 -0.283072 -0.054752 0.121383 10.446722 32.0
44 520.0 -0.512907 1.466961 0.0 -0.911576 0.11896 -0.283072 -0.054752 0.121383 10.446722 32.0
45 520.0 -0.522877 1.460414 0.0 -0.919133 0.11896 -0.283072 -0.054752 0.121383 10.446722 32.0
46 520.0 -0.527107 1.473718 0.0 -0.925134 0.11896 -0.283072 -0.054752 0.121383 10.446722 32.0
47 520.0 -0.5433 1.453864 0.0 -0.935807 0.11896 -0.283072 -0.054752 0.121383 10.446722 32.0
48 520.0 -0.56419 1.464791 0.0 -0.955838 0.11896 -0.283072 -0.054752 0.121383 10.446722 32.0
49 520.0 -0.55577 1.476274 0.0 -0.950577 0.11896 -0.283072 -0.054752 0.121383 10.446722 32.0
50 520.0 -0.54895 1.474615 0.0 -0.94434 0.11896 -0.283072 -0.054752 0.121383 10.446722 32.0
51 520.0 -0.541252 1.477656 0.0 -0.938155 0.11896 -0.283072 -0.054752 0.121383 10.446722 32.0
52 520.0 -0.546116 1.475256 0.0 -0.94198 0.11896 -0.283072 -0.054752 0.121383 10.446722 32.0
53 520.0 -0.541043 1.458057 0.0 -0.934567 0.11896 -0.283072 -0.054752 0.121383 10.446722 32.0
54 520.0 -0.555284 1.445506 0.0 -0.944807 0.11896 -0.283072 -0.054752 0.121383 10.446722 32.0
55 520.0 -0.530711 1.450565 0.0 -0.924254 0.11896 -0.283072 -0.054752 0.121383 10.446722 32.0
56 520.0 -0.536302 1.435826 0.0 -0.926569 0.11896 -0.283072 -0.054752 0.121383 10.446722 32.0
57 520.0 -0.541595 1.437651 0.0 -0.931503 0.11896 -0.283072 -0.054752 0.121383 10.446722 32.0
58 520.0 -0.555944 1.451852 0.0 -0.946485 0.11896 -0.283072 -0.054752 0.121383 10.446722 32.0
59 520.0 -0.541351 1.443874 0.0 -0.932372 0.11896 -0.283072 -0.054752 0.121383 10.446722 32.0
60 520.0 -0.529215 1.425707 0.0 -0.91863 0.11896 -0.283072 -0.054752 0.121383 10.446722 32.0
61 520.0 -0.535085 1.458053 0.0 -0.92937 0.11896 -0.283072 -0.054752 0.121383 10.446722 32.0
62 520.0 -0.552951 1.447996 0.0 -0.943204 0.11896 -0.283072 -0.054752 0.121383 10.446722 32.0
63 520.0 -0.53207 1.457953 0.0 -0.926723 0.11896 -0.283072 -0.054752 0.121383 10.446722 32.0
64 520.0 -0.523327 1.464326 0.0 -0.920205 0.11896 -0.283072 -0.054752 0.121383 10.446722 32.0
65 520.0 -0.540255 1.471502 0.0 -0.936216 0.11896 -0.283072 -0.054752 0.121383 10.446722 32.0
66 520.0 -0.540791 1.451146 0.0 -0.933146 0.11896 -0.283072 -0.054752 0.121383 10.446722 32.0
67 520.0 -0.554219 1.456991 0.0 -0.945873 0.11896 -0.283072 -0.054752 0.121383 10.446722 32.0
68 520.0 -0.565361 1.449653 0.0 -0.954315 0.11896 -0.283072 -0.054752 0.121383 10.446722 32.0
69 520.0 -0.543993 1.450533 0.0 -0.935833 0.11896 -0.283072 -0.054752 0.121383 10.446722 32.0
70 520.0 -0.546061 1.445672 0.0 -0.936791 0.11896 -0.283072 -0.054752 0.121383 10.446722 32.0
71 520.0 -0.49969 1.438111 0.0 -0.895035 0.11896 -0.283072 -0.054752 0.121383 10.446722 32.0
72 520.0 -0.528353 1.411696 0.0 -0.914308 0.11896 -0.283072 -0.054752 0.121383 10.446722 32.0
73 520.0 -0.548691 1.412904 0.0 -0.930857 0.11896 -0.283072 -0.054752 0.121383 10.446722 32.0
74 520.0 -0.549322 1.404716 0.0 -0.927155 0.11896 -0.283072 -0.054752 0.121383 10.446722 32.0
75 520.0 -0.574687 1.405638 0.0 -0.944118 0.11896 -0.283072 -0.054752 0.121383 10.446722 32.0
76 520.0 -0.556301 1.43488 0.0 -0.943847 0.11896 -0.283072 -0.054752 0.121383 10.446722 32.0
77 520.0 -0.5435 1.414827 0.0 -0.927495 0.11896 -0.283072 -0.054752 0.121383 10.446722 32.0
78 520.0 -0.551836 1.401864 0.0 -0.926508 0.11896 -0.283072 -0.054752 0.121383 10.446722 32.0
79 520.0 -0.575363 1.415762 0.0 -0.95062 0.11896 -0.283072 -0.054752 0.121383 10.446722 32.0
80 520.0 -0.55553 1.435628 0.0 -0.943305 0.11896 -0.283072 -0.054752 0.121383 10.446722 32.0
81 520.0 -0.535148 1.443797 0.0 -0.926948 0.11896 -0.283072 -0.054752 0.121383 10.446722 32.0
82 520.0 -0.518801 1.487187 0.0 -0.92023 0.11896 -0.283072 -0.054752 0.121383 10.446722 32.0
83 520.0 -0.508926 1.487139 0.0 -0.91161 0.11896 -0.283072 -0.054752 0.121383 10.446722 32.0
84 520.0 -0.506151 1.487841 0.0 -0.909311 0.11896 -0.283072 -0.054752 0.121383 10.446722 32.0
85 520.0 -0.507304 1.492471 0.0 -0.911122 0.11896 -0.283072 -0.054752 0.121383 10.446722 32.0
86 520.0 -0.529453 1.488412 0.0 -0.929734 0.11896 -0.283072 -0.054752 0.121383 10.446722 32.0
87 520.0 -0.485691 1.475924 0.0 -0.889396 0.11896 -0.283072 -0.054752 0.121383 10.446722 32.0
88 520.0 -0.485126 1.469246 0.0 -0.887744 0.11896 -0.283072 -0.054752 0.121383 10.446722 32.0
89 520.0 -0.502172 1.499685 0.0 -0.907899 0.11896 -0.283072 -0.054752 0.121383 10.446722 32.0
90 520.0 -0.533166 1.473258 0.0 -0.930339 0.11896 -0.283072 -0.054752 0.121383 10.446722 32.0
91 520.0 -0.526856 1.472746 0.0 -0.924746 0.11896 -0.283072 -0.054752 0.121383 10.446722 32.0
92 520.0 -0.522417 1.477579 0.0 -0.921714 0.11896 -0.283072 -0.054752 0.121383 10.446722 32.0
93 520.0 -0.497039 1.477657 0.0 -0.899595 0.11896 -0.283072 -0.054752 0.121383 10.446722 32.0
94 520.0 -0.524516 1.47068 0.0 -0.922347 0.11896 -0.283072 -0.054752 0.121383 10.446722 32.0
95 520.0 -0.500196 1.445589 0.0 -0.896776 0.11896 -0.283072 -0.054752 0.121383 10.446722 32.0
96 520.0 -0.499015 1.448677 0.0 -0.896283 0.11896 -0.283072 -0.054752 0.121383 10.446722 32.0
97 520.0 -0.525615 1.467801 0.0 -0.922805 0.11896 -0.283072 -0.054752 0.121383 10.446722 32.0
98 520.0 -0.540846 1.482422 0.0 -0.938629 0.11896 -0.283072 -0.054752 0.121383 10.446722 32.0
99 520.0 -0.532974 1.462191 0.0 -0.928248 0.11896 -0.283072 -0.054752 0.121383 10.446722 32.0
100 520.0 -0.549367 1.466152 0.0 -0.943233 0.11896 -0.283072 -0.054752 0.121383 10.446722 32.0
101 520.0 -0.556154 1.458929 0.0 -0.947897 0.11896 -0.283072 -0.054752 0.121383 10.446722 32.0
102 520.0 -0.561784 1.434808 0.0 -0.948616 0.11896 -0.283072 -0.054752 0.121383 10.446722 32.0
103 520.0 -0.573583 1.445609 0.0 -0.960663 0.11896 -0.283072 -0.054752 0.121383 10.446722 32.0
104 520.0 -0.584361 1.443355 0.0 -0.969205 0.11896 -0.283072 -0.054752 0.121383 10.446722 32.0
105 520.0 -0.575291 1.41789 0.0 -0.951852 0.11896 -0.283072 -0.054752 0.121383 10.446722 32.0
106 520.0 -0.561108 1.417175 0.0 -0.9422 0.11896 -0.283072 -0.054752 0.121383 10.446722 32.0
107 520.0 -0.552315 1.409567 0.0 -0.931984 0.11896 -0.283072 -0.054752 0.121383 10.446722 32.0
108 520.0 -0.549817 1.40783 0.0 -0.929296 0.11896 -0.283072 -0.054752 0.121383 10.446722 32.0
109 520.0 -0.532699 1.41576 0.0 -0.919313 0.11896 -0.283072 -0.054752 0.121383 10.446722 32.0
110 520.0 -0.536301 1.401724 0.0 -0.914491 0.11896 -0.283072 -0.054752 0.121383 10.446722 32.0
111 520.0 -0.534142 1.413645 0.0 -0.919638 0.11896 -0.283072 -0.054752 0.121383 10.446722 32.0
112 520.0 -0.555787 1.418677 0.0 -0.938698 0.11896 -0.283072 -0.054752 0.121383 10.446722 32.0
113 520.0 -0.542267 1.408479 0.0 -0.924069 0.11896 -0.283072 -0.054752 0.121383 10.446722 32.0
114 520.0 -0.572494 1.410253 0.0 -0.94551 0.11896 -0.283072 -0.054752 0.121383 10.446722 32.0
115 520.0 -0.581686 1.398578 0.0 -0.944137 0.11896 -0.283072 -0.054752 0.121383 10.446722 32.0
116 520.0 -0.599287 1.39586 0.0 -0.953438 0.11896 -0.283072 -0.054752 0.121383 10.446722 32.0
117 520.0 -0.584677 1.3841 0.0 -0.933067 0.11896 -0.283072 -0.054752 0.121383 10.446722 32.0
118 520.0 -0.542765 1.365416 0.0 -0.887221 0.11896 -0.283072 -0.054752 0.121383 10.446722 32.0
119 520.0 -0.582601 1.382678 0.0 -0.930347 0.11896 -0.283072 -0.054752 0.121383 10.446722 32.0
120 520.0 -0.58256 1.393062 0.0 -0.939737 0.11896 -0.283072 -0.054752 0.121383 10.446722 32.0
121 520.0 -0.578158 1.356601 0.0 -0.903293 0.11896 -0.283072 -0.054752 0.121383 10.446722 32.0
122 520.0 -0.583408 1.387551 0.0 -0.935323 0.11896 -0.283072 -0.054752 0.121383 10.446722 32.0
123 520.0 -0.581091 1.4022 0.0 -0.946079 0.11896 -0.283072 -0.054752 0.121383 10.446722 32.0
124 520.0 -0.596106 1.424744 0.0 -0.968303 0.11896 -0.283072 -0.054752 0.121383 10.446722 32.0
125 520.0 -0.589173 1.438093 0.0 -0.971485 0.11896 -0.283072 -0.054752 0.121383 10.446722 32.0
126 520.0 -0.597889 1.415858 0.0 -0.964196 0.11896 -0.283072 -0.054752 0.121383 10.446722 32.0
127 520.0 -0.599433 1.378128 0.0 -0.937689 0.11896 -0.283072 -0.054752 0.121383 10.446722 32.0
128 520.0 -0.595188 1.385475 0.0 -0.941556 0.11896 -0.283072 -0.054752 0.121383 10.446722 32.0
129 520.0 -0.578383 1.421463 0.0 -0.95594 0.11896 -0.283072 -0.054752 0.121383 10.446722 32.0
130 520.0 -0.535298 1.417369 0.0 -0.92199 0.11896 -0.283072 -0.054752 0.121383 10.446722 32.0
131 520.0 -0.561888 1.428473 0.0 -0.947305 0.11896 -0.283072 -0.054752 0.121383 10.446722 32.0
132 520.0 -0.554721 1.438471 0.0 -0.943093 0.11896 -0.283072 -0.054752 0.121383 10.446722 32.0
133 520.0 -0.559721 1.419448 0.0 -0.942106 0.11896 -0.283072 -0.054752 0.121383 10.446722 32.0
134 520.0 -0.593723 1.408641 0.0 -0.957602 0.11896 -0.283072 -0.054752 0.121383 10.446722 32.0
135 520.0 -0.597804 1.407448 0.0 -0.959281 0.11896 -0.283072 -0.054752 0.121383 10.446722 32.0
136 520.0 -0.592228 1.417678 0.0 -0.961962 0.11896 -0.283072 -0.054752 0.121383 10.446722 32.0
137 520.0 -0.59539 1.417272 0.0 -0.963564 0.11896 -0.283072 -0.054752 0.121383 10.446722 32.0
138 520.0 -0.612894 1.399583 0.0 -0.963493 0.11896 -0.283072 -0.054752 0.121383 10.446722 32.0
139 520.0 -0.633542 1.397361 0.0 -0.974186 0.11896 -0.283072 -0.054752 0.121383 10.446722 32.0
140 520.0 -0.614444 1.37175 0.0 -0.941597 0.11896 -0.283072 -0.054752 0.121383 10.446722 32.0
141 520.0 -0.611255 1.392561 0.0 -0.958276 0.11896 -0.283072 -0.054752 0.121383 10.446722 32.0
142 520.0 -0.589995 1.395733 0.0 -0.947281 0.11896 -0.283072 -0.054752 0.121383 10.446722 32.0
143 520.0 -0.563554 1.400378 0.0 -0.933279 0.11896 -0.283072 -0.054752 0.121383 10.446722 32.0
144 520.0 -0.570477 1.423329 0.0 -0.952001 0.11896 -0.283072 -0.054752 0.121383 10.446722 32.0
145 520.0 -0.57535 1.438741 0.0 -0.961075 0.11896 -0.283072 -0.054752 0.121383 10.446722 32.0
146 520.0 -0.542074 1.399083 0.0 -0.916892 0.11896 -0.283072 -0.054752 0.121383 10.446722 32.0
147 520.0 -0.550307 1.420636 0.0 -0.93512 0.11896 -0.283072 -0.054752 0.121383 10.446722 32.0
148 520.0 -0.58711 1.417719 0.0 -0.959014 0.11896 -0.283072 -0.054752 0.121383 10.446722 32.0
149 520.0 -0.56398 1.397521 0.0 -0.930982 0.11896 -0.283072 -0.054752 0.121383 10.446722 32.0
150 520.0 -0.565249 1.412755 0.0 -0.942458 0.11896 -0.283072 -0.054752 0.121383 10.446722 32.0
151 520.0 -0.575741 1.419851 0.0 -0.953312 0.11896 -0.283072 -0.054752 0.121383 10.446722 32.0
152 520.0 -0.581264 1.427203 0.0 -0.961107 0.11896 -0.283072 -0.054752 0.121383 10.446722 32.0
153 520.0 -0.570726 1.415449 0.0 -0.947517 0.11896 -0.283072 -0.054752 0.121383 10.446722 32.0
154 520.0 -0.563543 1.396411 0.0 -0.929674 0.11896 -0.283072 -0.054752 0.121383 10.446722 32.0
155 520.0 -0.590968 1.394859 0.0 -0.947159 0.11896 -0.283072 -0.054752 0.121383 10.446722 32.0
156 520.0 -0.586349 1.420499 0.0 -0.960181 0.11896 -0.283072 -0.054752 0.121383 10.446722 32.0
157 520.0 -0.590199 1.390212 0.0 -0.942414 0.11896 -0.283072 -0.054752 0.121383 10.446722 32.0
158 520.0 -0.605751 1.421491 0.0 -0.972021 0.11896 -0.283072 -0.054752 0.121383 10.446722 32.0
159 520.0 -0.5885 1.419225 0.0 -0.960693 0.11896 -0.283072 -0.054752 0.121383 10.446722 32.0
160 520.0 -0.549723 1.434202 0.0 -0.937992 0.11896 -0.283072 -0.054752 0.121383 10.446722 32.0
161 520.0 -0.53241 1.438245 0.0 -0.923595 0.11896 -0.283072 -0.054752 0.121383 10.446722 32.0
162 520.0 -0.534514 1.43068 0.0 -0.924116 0.11896 -0.283072 -0.054752 0.121383 10.446722 32.0
163 520.0 -0.527301 1.470742 0.0 -0.924786 0.11896 -0.283072 -0.054752 0.121383 10.446722 32.0
164 520.0 -0.513221 1.471455 0.0 -0.91263 0.11896 -0.283072 -0.054752 0.121383 10.446722 32.0
165 520.0 -0.533853 1.479376 0.0 -0.932001 0.11896 -0.283072 -0.054752 0.121383 10.446722 32.0
166 520.0 -0.53362 1.491527 0.0 -0.933909 0.11896 -0.283072 -0.054752 0.121383 10.446722 32.0
167 520.0 -0.525032 1.483436 0.0 -0.925013 0.11896 -0.283072 -0.054752 0.121383 10.446722 32.0
168 520.0 -0.524319 1.47972 0.0 -0.923745 0.11896 -0.283072 -0.054752 0.121383 10.446722 32.0
169 520.0 -0.516362 1.500081 0.0 -0.920344 0.11896 -0.283072 -0.054752 0.121383 10.446722 32.0
170 520.0 -0.494642 1.493022 0.0 -0.900174 0.11896 -0.283072 -0.054752 0.121383 10.446722 32.0
171 520.0 -0.513162 1.497957 0.0 -0.917183 0.11896 -0.283072 -0.054752 0.121383 10.446722 32.0
172 520.0 -0.511719 1.486309 0.0 -0.913902 0.11896 -0.283072 -0.054752 0.121383 10.446722 32.0
173 520.0 -0.491846 1.501194 0.0 -0.899156 0.11896 -0.283072 -0.054752 0.121383 10.446722 32.0
174 520.0 -0.522718 1.509067 0.0 -0.927449 0.11896 -0.283072 -0.054752 0.121383 10.446722 32.0
175 520.0 -0.514664 1.486696 0.0 -0.916537 0.11896 -0.283072 -0.054752 0.121383 10.446722 32.0
176 520.0 -0.52717 1.488337 0.0 -0.927729 0.11896 -0.283072 -0.054752 0.121383 10.446722 32.0
177 520.0 -0.530949 1.491366 0.0 -0.931552 0.11896 -0.283072 -0.054752 0.121383 10.446722 32.0
178 520.0 -0.488731 1.493075 0.0 -0.895028 0.11896 -0.283072 -0.054752 0.121383 10.446722 32.0
179 520.0 -0.501805 1.500335 0.0 -0.907692 0.11896 -0.283072 -0.054752 0.121383 10.446722 32.0
180 520.0 -0.508539 1.478234 0.0 -0.909725 0.11896 -0.283072 -0.054752 0.121383 10.446722 32.0
181 520.0 -0.527337 1.477144 0.0 -0.92593 0.11896 -0.283072 -0.054752 0.121383 10.446722 32.0
182 520.0 -0.523397 1.457244 0.0 -0.919036 0.11896 -0.283072 -0.054752 0.121383 10.446722 32.0
183 520.0 -0.524429 1.44617 0.0 -0.918012 0.11896 -0.283072 -0.054752 0.121383 10.446722 32.0
184 520.0 -0.502714 1.463695 0.0 -0.902119 0.11896 -0.283072 -0.054752 0.121383 10.446722 32.0
185 520.0 -0.518182 1.486747 0.0 -0.919614 0.11896 -0.283072 -0.054752 0.121383 10.446722 32.0
186 520.0 -0.494989 1.464095 0.0 -0.895451 0.11896 -0.283072 -0.054752 0.121383 10.446722 32.0
187 520.0 -0.502316 1.461688 0.0 -0.901423 0.11896 -0.283072 -0.054752 0.121383 10.446722 32.0
188 520.0 -0.499285 1.492594 0.0 -0.90415 0.11896 -0.283072 -0.054752 0.121383 10.446722 32.0
189 520.0 -0.50718 1.4819 0.0 -0.909177 0.11896 -0.283072 -0.054752 0.121383 10.446722 32.0
190 520.0 -0.505436 1.468725 0.0 -0.905367 0.11896 -0.283072 -0.054752 0.121383 10.446722 32.0
191 520.0 -0.502169 1.449168 0.0 -0.899119 0.11896 -0.283072 -0.054752 0.121383 10.446722 32.0
192 520.0 -0.516606 1.457503 0.0 -0.913158 0.11896 -0.283072 -0.054752 0.121383 10.446722 32.0
193 520.0 -0.521444 1.470798 0.0 -0.919687 0.11896 -0.283072 -0.054752 0.121383 10.446722 32.0
194 520.0 -0.531734 1.483271 0.0 -0.930829 0.11896 -0.283072 -0.054752 0.121383 10.446722 32.0
195 520.0 -0.522783 1.490215 0.0 -0.924229 0.11896 -0.283072 -0.054752 0.121383 10.446722 32.0
196 520.0 -0.491114 1.477169 0.0 -0.894343 0.11896 -0.283072 -0.054752 0.121383 10.446722 32.0
197 520.0 -0.51663 1.462874 0.0 -0.914112 0.11896 -0.283072 -0.054752 0.121383 10.446722 32.0
198 520.0 -0.530688 1.459978 0.0 -0.92587 0.11896 -0.283072 -0.054752 0.121383 10.446722 32.0
199 520.0 -0.504092 1.474662 0.0 -0.905226 0.11896 -0.283072 -0.054752 0.121383 10.446722 32.0
200 520.0 -0.522956 1.492538 0.0 -0.924784 0.11896 -0.283072 -0.054752 0.121383 10.446722 32.0
201 520.0 -0.525663 1.468215 0.0 -0.922919 0.11896 -0.283072 -0.054752 0.121383 10.446722 32.0
202 520.0 -0.538194 1.457376 0.0 -0.931964 0.11896 -0.283072 -0.054752 0.121383 10.446722 32.0
203 520.0 -0.538818 1.432146 0.0 -0.928124 0.11896 -0.283072 -0.054752 0.121383 10.446722 32.0
204 520.0 -0.54648 1.441542 0.0 -0.936439 0.11896 -0.283072 -0.054752 0.121383 10.446722 32.0
205 520.0 -0.546729 1.465433 0.0 -0.940808 0.11896 -0.283072 -0.054752 0.121383 10.446722 32.0
206 520.0 -0.522938 1.473634 0.0 -0.921484 0.11896 -0.283072 -0.054752 0.121383 10.446722 32.0
207 520.0 -0.540524 1.471228 0.0 -0.936403 0.11896 -0.283072 -0.054752 0.121383 10.446722 32.0
208 520.0 -0.540304 1.443618 0.0 -0.931413 0.11896 -0.283072 -0.054752 0.121383 10.446722 32.0
209 520.0 -0.563801 1.417175 0.0 -0.944074 0.11896 -0.283072 -0.054752 0.121383 10.446722 32.0
210 520.0 -0.579715 1.399723 0.0 -0.943728 0.11896 -0.283072 -0.054752 0.121383 10.446722 32.0
211 520.0 -0.569165 1.408799 0.0 -0.942545 0.11896 -0.283072 -0.054752 0.121383 10.446722 32.0
212 520.0 -0.561765 1.423893 0.0 -0.945439 0.11896 -0.283072 -0.054752 0.121383 10.446722 32.0
213 520.0 -0.546455 1.439417 0.0 -0.936048 0.11896 -0.283072 -0.054752 0.121383 10.446722 32.0
214 520.0 -0.542078 1.466623 0.0 -0.936958 0.11896 -0.283072 -0.054752 0.121383 10.446722 32.0
215 520.0 -0.521013 1.476729 0.0 -0.920342 0.11896 -0.283072 -0.054752 0.121383 10.446722 32.0
216 520.0 -0.515227 1.491246 0.0 -0.917819 0.11896 -0.283072 -0.054752 0.121383 10.446722 32.0
217 520.0 -0.51874 1.476098 0.0 -0.91825 0.11896 -0.283072 -0.054752 0.121383 10.446722 32.0
218 520.0 -0.521362 1.472647 0.0 -0.919938 0.11896 -0.283072 -0.054752 0.121383 10.446722 32.0
219 520.0 -0.524076 1.486838 0.0 -0.92477 0.11896 -0.283072 -0.054752 0.121383 10.446722 32.0
220 520.0 -0.522202 1.486286 0.0 -0.92304 0.11896 -0.283072 -0.054752 0.121383 10.446722 32.0
221 520.0 -0.511876 1.513978 0.0 -0.918846 0.11896 -0.283072 -0.054752 0.121383 10.446722 32.0
222 520.0 -0.488421 1.502629 0.0 -0.896418 0.11896 -0.283072 -0.054752 0.121383 10.446722 32.0
223 520.0 -0.496548 1.482878 0.0 -0.900074 0.11896 -0.283072 -0.054752 0.121383 10.446722 32.0
224 520.0 -0.497188 1.490237 0.0 -0.901911 0.11896 -0.283072 -0.054752 0.121383 10.446722 32.0
225 520.0 -0.518442 1.484387 0.0 -0.919431 0.11896 -0.283072 -0.054752 0.121383 10.446722 32.0
226 520.0 -0.513003 1.445263 0.0 -0.907889 0.11896 -0.283072 -0.054752 0.121383 10.446722 32.0
227 520.0 -0.519667 1.425482 0.0 -0.910264 0.11896 -0.283072 -0.054752 0.121383 10.446722 32.0
228 520.0 -0.529936 1.422479 0.0 -0.918698 0.11896 -0.283072 -0.054752 0.121383 10.446722 32.0
229 520.0 -0.557297 1.427088 0.0 -0.943139 0.11896 -0.283072 -0.054752 0.121383 10.446722 32.0
230 520.0 -0.553618 1.421223 0.0 -0.937965 0.11896 -0.283072 -0.054752 0.121383 10.446722 32.0
231 520.0 -0.542681 1.425581 0.0 -0.930353 0.11896 -0.283072 -0.054752 0.121383 10.446722 32.0
232 520.0 -0.551912 1.433637 0.0 -0.939803 0.11896 -0.283072 -0.054752 0.121383 10.446722 32.0
233 520.0 -0.543517 1.408534 0.0 -0.925075 0.11896 -0.283072 -0.054752 0.121383 10.446722 32.0
234 520.0 -0.548852 1.425213 0.0 -0.93567 0.11896 -0.283072 -0.054752 0.121383 10.446722 32.0
235 520.0 -0.56336 1.432387 0.0 -0.94957 0.11896 -0.283072 -0.054752 0.121383 10.446722 32.0
236 520.0 -0.56407 1.451189 0.0 -0.953456 0.11896 -0.283072 -0.054752 0.121383 10.446722 32.0
237 520.0 -0.546584 1.42176 0.0 -0.93261 0.11896 -0.283072 -0.054752 0.121383 10.446722 32.0
238 520.0 -0.570475 1.436639 0.0 -0.956515 0.11896 -0.283072 -0.054752 0.121383 10.446722 32.0
239 520.0 -0.573126 1.411925 0.0 -0.946911 0.11896 -0.283072 -0.054752 0.121383 10.446722 32.0
240 520.0 -0.568308 1.453788 0.0 -0.957558 0.11896 -0.283072 -0.054752 0.121383 10.446722 32.0
241 520.0 -0.567023 1.424743 0.0 -0.949925 0.11896 -0.283072 -0.054752 0.121383 10.446722 32.0
242 520.0 -0.556899 1.430015 0.0 -0.943523 0.11896 -0.283072 -0.054752 0.121383 10.446722 32.0
243 520.0 -0.571637 1.444733 0.0 -0.958926 0.11896 -0.283072 -0.054752 0.121383 10.446722 32.0
244 520.0 -0.538969 1.435463 0.0 -0.928832 0.11896 -0.283072 -0.054752 0.121383 10.446722 32.0
245 520.0 -0.519057 1.438188 0.0 -0.91194 0.11896 -0.283072 -0.054752 0.121383 10.446722 32.0
246 520.0 -0.511702 1.461754 0.0 -0.90962 0.11896 -0.283072 -0.054752 0.121383 10.446722 32.0
247 520.0 -0.527061 1.453079 0.0 -0.921508 0.11896 -0.283072 -0.054752 0.121383 10.446722 32.0
248 520.0 -0.53608 1.450123 0.0 -0.92886 0.11896 -0.283072 -0.054752 0.121383 10.446722 32.0
249 520.0 -0.543601 1.459103 0.0 -0.93698 0.11896 -0.283072 -0.054752 0.121383 10.446722 32.0
250 520.0 -0.513204 1.470086 0.0 -0.912378 0.11896 -0.283072 -0.054752 0.121383 10.446722 32.0
251 520.0 -0.493838 1.46822 0.0 -0.895164 0.11896 -0.283072 -0.054752 0.121383 10.446722 32.0
252 520.0 -0.485868 1.456454 0.0 -0.886168 0.11896 -0.283072 -0.054752 0.121383 10.446722 32.0
253 520.0 -0.484791 1.461797 0.0 -0.886157 0.11896 -0.283072 -0.054752 0.121383 10.446722 32.0
254 520.0 -0.483867 1.465722 0.0 -0.886034 0.11896 -0.283072 -0.054752 0.121383 10.446722 32.0
255 520.0 -0.498813 1.486414 0.0 -0.902664 0.11896 -0.283072 -0.054752 0.121383 10.446722 32.0
256 520.0 -0.480044 1.480045 0.0 -0.885188 0.11896 -0.283072 -0.054752 0.121383 10.446722 32.0
257 520.0 -0.495826 1.504656 0.0 -0.903229 0.11896 -0.283072 -0.054752 0.121383 10.446722 32.0
258 520.0 -0.493455 1.519687 0.0 -0.903772 0.11896 -0.283072 -0.054752 0.121383 10.446722 32.0
259 520.0 -0.47861 1.502018 0.0 -0.887755 0.11896 -0.283072 -0.054752 0.121383 10.446722 32.0
260 520.0 -0.468751 1.50361 0.0 -0.879434 0.11896 -0.283072 -0.054752 0.121383 10.446722 32.0
261 520.0 -0.459922 1.511086 0.0 -0.873032 0.11896 -0.283072 -0.054752 0.121383 10.446722 32.0
262 520.0 -0.465137 1.521885 0.0 -0.879457 0.11896 -0.283072 -0.054752 0.121383 10.446722 32.0
263 520.0 -0.459028 1.543277 0.0 -0.877846 0.11896 -0.283072 -0.054752 0.121383 10.446722 32.0
264 520.0 -0.453696 1.544699 0.0 -0.873443 0.11896 -0.283072 -0.054752 0.121383 10.446722 32.0
265 520.0 -0.453142 1.550825 0.0 -0.874024 0.11896 -0.283072 -0.054752 0.121383 10.446722 32.0
266 520.0 -0.439917 1.543496 0.0 -0.861217 0.11896 -0.283072 -0.054752 0.121383 10.446722 32.0
267 520.0 -0.452059 1.536234 0.0 -0.870544 0.11896 -0.283072 -0.054752 0.121383 10.446722 32.0
268 520.0 -0.447687 1.554343 0.0 -0.869878 0.11896 -0.283072 -0.054752 0.121383 10.446722 32.0
269 520.0 -0.467504 1.549841 0.0 -0.886378 0.11896 -0.283072 -0.054752 0.121383 10.446722 32.0
270 520.0 -0.450739 1.55773 0.0 -0.873128 0.11896 -0.283072 -0.054752 0.121383 10.446722 32.0
271 520.0 -0.450768 1.560332 0.0 -0.873606 0.11896 -0.283072 -0.054752 0.121383 10.446722 32.0
272 520.0 -0.43986 1.561347 0.0 -0.864269 0.11896 -0.283072 -0.054752 0.121383 10.446722 32.0
273 520.0 -0.446462 1.574295 0.0 -0.872276 0.11896 -0.283072 -0.054752 0.121383 10.446722 32.0
274 520.0 -0.417963 1.566817 0.0 -0.846122 0.11896 -0.283072 -0.054752 0.121383 10.446722 32.0
275 520.0 -0.412794 1.605677 0.0 -0.848365 0.11896 -0.283072 -0.054752 0.121383 10.446722 32.0
276 520.0 -0.411232 1.595156 0.0 -0.845176 0.11896 -0.283072 -0.054752 0.121383 10.446722 32.0
277 520.0 -0.415421 1.580328 0.0 -0.846253 0.11896 -0.283072 -0.054752 0.121383 10.446722 32.0
278 520.0 -0.406209 1.569585 0.0 -0.836352 0.11896 -0.283072 -0.054752 0.121383 10.446722 32.0
279 520.0 -0.407958 1.587199 0.0 -0.840937 0.11896 -0.283072 -0.054752 0.121383 10.446722 32.0
280 520.0 -0.399774 1.589461 0.0 -0.834193 0.11896 -0.283072 -0.054752 0.121383 10.446722 32.0
281 520.0 -0.417277 1.57997 0.0 -0.847809 0.11896 -0.283072 -0.054752 0.121383 10.446722 32.0
282 520.0 -0.439578 1.559473 0.0 -0.863697 0.11896 -0.283072 -0.054752 0.121383 10.446722 32.0
283 520.0 -0.405568 1.560036 0.0 -0.834134 0.11896 -0.283072 -0.054752 0.121383 10.446722 32.0
284 520.0 -0.425985 1.586495 0.0 -0.856537 0.11896 -0.283072 -0.054752 0.121383 10.446722 32.0
285 520.0 -0.415763 1.563178 0.0 -0.84357 0.11896 -0.283072 -0.054752 0.121383 10.446722 32.0
286 520.0 -0.411026 1.575893 0.0 -0.841649 0.11896 -0.283072 -0.054752 0.121383 10.446722 32.0
287 520.0 -0.406994 1.593157 0.0 -0.841132 0.11896 -0.283072 -0.054752 0.121383 10.446722 32.0
