 time p.x p.y p.z deep.node-0 CV opes.bias opes.rct opes.zed opes.neff opes.nker
0 270.0 -0.604547 1.447498 0.0 -0.985477 0.32351 -7.280686 -0.095369 0.137434 11.398212 19.0
1 270.0 -0.563972 1.459319 0.0 -0.954784 0.32351 -7.280686 -0.095369 0.137434 11.398212 19.0
2 270.0 -0.550137 1.421982 0.0 -0.935506 0.32351 -7.280686 -0.095369 0.137434 11.398212 19.0
3 270.0 -0.549814 1.459797 0.0 -0.942519 0.32351 -7.280686 -0.095369 0.137434 11.398212 19.0
4 270.0 -0.534311 1.427939 0.0 -0.923463 0.32351 -7.280686 -0.095369 0.137434 11.398212 19.0
5 270.0 -0.57058 1.396543 0.0 -0.934641 0.32351 -7.280686 -0.095369 0.137434 11.398212 19.0
6 270.0 -0.569918 1.40955 0.0 -0.943469 0.32351 -7.280686 -0.095369 0.137434 11.398212 19.0
7 270.0 -0.594302 1.380578 0.0 -0.936439 0.32351 -7.280686 -0.095369 0.137434 11.398212 19.0
8 270.0 -0.576089 1.384347 0.0 -0.927376 0.32351 -7.280686 -0.095369 0.137434 11.398212 19.0
9 270.0 -0.579298 1.404062 0.0 -0.94607 0.32351 -7.280686 -0.095369 0.137434 11.398212 19.0
10 270.0 -0.571255 1.393044 0.0 -0.931933 0.32351 -7.280686 -0.095369 0.137434 11.398212 19.0
11 270.0 -0.567062 1.391787 0.0 -0.927904 0.32351 -7.280686 -0.095369 0.137434 11.398212 19.0
12 270.0 -0.562162 1.393202 0.0 -0.925812 0.32351 -7.280686 -0.095369 0.137434 11.398212 19.0
13 270.0 -0.594007 1.412292 0.0 -0.959879 0.32351 -7.280686 -0.095369 0.137434 11.398212 19.0
14 270.0 -0.585759 1.400096 0.0 -0.94775 0.32351 -7.280686 -0.095369 0.137434 11.398212 19.0
15 270.0 -0.585684 1.399746 0.0 -0.947493 0.32351 -7.280686 -0.095369 0.137434 11.398212 19.0
16 270.0 -0.587704 1.402282 0.0 -0.950285 0.32351 -7.280686 -0.095369 0.137434 11.398212 19.0
17 270.0 -0.545606 1.399116 0.0 -0.919585 0.32351 -7.280686 -0.095369 0.137434 11.398212 19.0
18 270.0 -0.5376 1.412691 0.0 -0.922004 0.32351 -7.280686 -0.095369 0.137434 11.398212 19.0
19 270.0 -0.542095 1.435304 0.0 -0.931531 0.32351 -7.280686 -0.095369 0.137434 11.398212 19.0
20 270.0 -0.553535 1.439479 0.0 -0.942234 0.32351 -7.280686 -0.095369 0.137434 11.398212 19.0
21 270.0 -0.57477 1.410264 0.0 -0.946947 0.32351 -7.280686 -0.095369 0.137434 11.398212 19.0
22 270.0 -0.553504 1.422035 0.0 -0.938189 0.32351 -7.280686 -0.095369 0.137434 11.398212 19.0
23 270.0 -0.545415 1.418827 0.0 -0.930554 0.32351 -7.280686 -0.095369 0.137434 11.398212 19.0
24 270.0 -0.535698 1.428082 0.0 -0.924697 0.32351 -7.280686 -0.095369 0.137434 11.398212 19.0
25 270.0 -0.542728 1.43479 0.0 -0.931994 0.32351 -7.280686 -0.095369 0.137434 11.398212 19.0
26 270.0 -0.544566 1.447044 0.0 -0.935726 0.32351 -7.280686 -0.095369 0.137434 11.398212 19.0
27 270.0 -0.534462 1.470888 0.0 -0.931057 0.32351 -7.280686 -0.095369 0.137434 11.398212 19.0
28 270.0 -0.515101 1.447381 0.0 -0.910087 0.32351 -7.280686 -0.095369 0.137434 11.398212 19.0
29 270.0 -0.531967 1.433996 0.0 -0.922471 0.32351 -7.280686 -0.095369 0.137434 11.398212 19.0
30 270.0 -0.513986 1.439876 0.0 -0.90781 0.32351 -7.280686 -0.095369 0.137434 11.398212 19.0
31 270.0 -0.518646 1.454987 0.0 -0.9145 0.32351 -7.280686 -0.095369 0.137434 11.398212 19.0
32 270.0 -0.485952 1.480803 0.0 -0.890472 0.32351 -7.280686 -0.095369 0.137434 11.398212 19.0
33 270.0 -0.51098 1.457095 0.0 -0.908181 0.32351 -7.280686 -0.095369 0.137434 11.398212 19.0
34 270.0 -0.526614 1.465916 0.0 -0.923349 0.32351 -7.280686 -0.095369 0.137434 11.398212 19.0
35 270.0 -0.538468 1.47714 0.0 -0.935637 0.32351 -7.280686 -0.095369 0.137434 11.398212 19.0
36 270.0 -0.542591 1.446417 0.0 -0.933894 0.32351 -7.280686 -0.095369 0.137434 11.398212 19.0
37 270.0 -0.561683 1.440396 0.0 -0.949499 0.32351 -7.280686 -0.095369 0.137434 11.398212 19.0
38 270.0 -0.561601 1.422418 0.0 -0.944739 0.32351 -7.280686 -0.095369 0.137434 11.398212 19.0
39 270.0 -0.578625 1.40959 0.0 -0.948965 0.32351 -7.280686 -0.095369 0.137434 11.398212 19.0
40 270.0 -0.580218 1.398313 0.0 -0.942886 0.32351 -7.280686 -0.095369 0.137434 11.398212 19.0
41 270.0 -0.598564 1.401317 0.0 -0.956175 0.32351 -7.280686 -0.095369 0.137434 11.398212 19.0
42 270.0 -0.597265 1.374339 0.0 -0.932712 0.32351 -7.280686 -0.095369 0.137434 11.398212 19.0
43 270.0 -0.600194 1.386418 0.0 -0.945742 0.32351 -7.280686 -0.095369 0.137434 11.398212 19.0
44 270.0 -0.585663 1.424211 0.0 -0.96193 0.32351 -7.280686 -0.095369 0.137434 11.398212 19.0
45 270.0 -0.560104 1.422625 0.0 -0.943635 0.32351 -7.280686 -0.095369 0.137434 11.398212 19.0
46 270.0 -0.552037 1.422344 0.0 -0.937148 0.32351 -7.280686 -0.095369 0.137434 11.398212 19.0
47 270.0 -0.586033 1.430318 0.0 -0.965679 0.32351 -7.280686 -0.095369 0.137434 11.398212 19.0
48 270.0 -0.608317 1.412809 0.0 -0.968488 0.32351 -7.280686 -0.095369 0.137434 11.398212 19.0
49 270.0 -0.625085 1.430477 0.0 -0.988447 0.32351 -7.280686 -0.095369 0.137434 11.398212 19.0
50 270.0 -0.583413 1.432182 0.0 -0.965041 0.32351 -7.280686 -0.095369 0.137434 11.398212 19.0
51 270.0 -0.575123 1.457817 0.0 -0.96379 0.32351 -7.280686 -0.095369 0.137434 11.398212 19.0
52 270.0 -0.560112 1.449127 0.0 -0.949646 0.32351 -7.280686 -0.095369 0.137434 11.398212 19.0
53 270.0 -0.553956 1.482627 0.0 -0.950098 0.32351 -7.280686 -0.095369 0.137434 11.398212 19.0
54 270.0 -0.52843 1.493017 0.0 -0.929641 0.32351 -7.280686 -0.095369 0.137434 11.398212 19.0
55 270.0 -0.528008 1.498093 0.0 -0.930155 0.32351 -7.280686 -0.095369 0.137434 11.398212 19.0
56 270.0 -0.534039 1.483345 0.0 -0.932853 0.32351 -7.280686 -0.095369 0.137434 11.398212 19.0
57 270.0 -0.506571 1.485918 0.0 -0.909344 0.32351 -7.280686 -0.095369 0.137434 11.398212 19.0
58 270.0 -0.512458 1.506047 0.0 -0.917976 0.32351 -7.280686 -0.095369 0.137434 11.398212 19.0
59 270.0 -0.506221 1.522155 0.0 -0.915335 0.32351 -7.280686 -0.095369 0.137434 11.398212 19.0
60 270.0 -0.526571 1.503537 0.0 -0.929848 0.32351 -7.280686 -0.095369 0.137434 11.398212 19.0
61 270.0 -0.508956 1.499904 0.0 -0.913854 0.32351 -7.280686 -0.095369 0.137434 11.398212 19.0
62 270.0 -0.50576 1.483242 0.0 -0.908171 0.32351 -7.280686 -0.095369 0.137434 11.398212 19.0
63 270.0 -0.499646 1.490324 0.0 -0.90407 0.32351 -7.280686 -0.095369 0.137434 11.398212 19.0
64 270.0 -0.51602 1.494612 0.0 -0.919095 0.32351 -7.280686 -0.095369 0.137434 11.398212 19.0
65 270.0 -0.533931 1.497846 0.0 -0.935278 0.32351 -7.280686 -0.095369 0.137434 11.398212 19.0
66 270.0 -0.542923 1.488639 0.0 -0.941521 0.32351 -7.280686 -0.095369 0.137434 11.398212 19.0
67 270.0 -0.520805 1.435674 0.0 -0.913028 0.32351 -7.280686 -0.095369 0.137434 11.398212 19.0
68 270.0 -0.509245 1.410213 0.0 -0.897574 0.32351 -7.280686 -0.095369 0.137434 11.398212 19.0
69 270.0 -0.534613 1.429505 0.0 -0.923998 0.32351 -7.280686 -0.095369 0.137434 11.398212 19.0
70 270.0 -0.538954 1.463877 0.0 -0.933756 0.32351 -7.280686 -0.095369 0.137434 11.398212 19.0
71 270.0 -0.547329 1.487308 0.0 -0.945132 0.32351 -7.280686 -0.095369 0.137434 11.398212 19.0
72 270.0 -0.540459 1.455285 0.0 -0.933576 0.32351 -7.280686 -0.095369 0.137434 11.398212 19.0
73 270.0 -0.550965 1.450459 0.0 -0.9419 0.32351 -7.280686 -0.095369 0.137434 11.398212 19.0
74 270.0 -0.544475 1.460282 0.0 -0.937947 0.32351 -7.280686 -0.095369 0.137434 11.398212 19.0
75 270.0 -0.526093 1.432446 0.0 -0.917078 0.32351 -7.280686 -0.095369 0.137434 11.398212 19.0
76 270.0 -0.531043 1.400975 0.0 -0.909748 0.32351 -7.280686 -0.095369 0.137434 11.398212 19.0
77 270.0 -0.533539 1.405754 0.0 -0.915268 0.32351 -7.280686 -0.095369 0.137434 11.398212 19.0
78 270.0 -0.546124 1.383903 0.0 -0.906331 0.32351 -7.280686 -0.095369 0.137434 11.398212 19.0
79 270.0 -0.567817 1.41157 0.0 -0.943361 0.32351 -7.280686 -0.095369 0.137434 11.398212 19.0
80 270.0 -0.566046 1.419517 0.0 -0.946893 0.32351 -7.280686 -0.095369 0.137434 11.398212 19.0
81 270.0 -0.572074 1.384116 0.0 -0.9244 0.32351 -7.280686 -0.095369 0.137434 11.398212 19.0
82 270.0 -0.577104 1.397407 0.0 -0.939919 0.32351 -7.280686 -0.095369 0.137434 11.398212 19.0
83 270.0 -0.566536 1.380234 0.0 -0.917064 0.32351 -7.280686 -0.095369 0.137434 11.398212 19.0
84 270.0 -0.597062 1.401397 0.0 -0.95535 0.32351 -7.280686 -0.095369 0.137434 11.398212 19.0
85 270.0 -0.618664 1.388382 0.0 -0.959255 0.32351 -7.280686 -0.095369 0.137434 11.398212 19.0
86 270.0 -0.583544 1.393607 0.0 -0.940909 0.32351 -7.280686 -0.095369 0.137434 11.398212 19.0
87 270.0 -0.567942 1.404931 0.0 -0.939454 0.32351 -7.280686 -0.095369 0.137434 11.398212 19.0
88 270.0 -0.566525 1.39619 0.0 -0.931528 0.32351 -7.280686 -0.095369 0.137434 11.398212 19.0
89 270.0 -0.56268 1.419454 0.0 -0.944449 0.32351 -7.280686 -0.095369 0.137434 11.398212 19.0
90 270.0 -0.579552 1.413473 0.0 -0.951879 0.32351 -7.280686 -0.095369 0.137434 11.398212 19.0
91 270.0 -0.578272 1.406939 0.0 -0.947152 0.32351 -7.280686 -0.095369 0.137434 11.398212 19.0
92 270.0 -0.540347 1.407687 0.0 -0.922245 0.32351 -7.280686 -0.095369 0.137434 11.398212 19.0
93 270.0 -0.558677 1.423126 0.0 -0.942701 0.32351 -7.280686 -0.095369 0.137434 11.398212 19.0
94 270.0 -0.555793 1.437669 0.0 -0.943888 0.32351 -7.280686 -0.095369 0.137434 11.398212 19.0
95 270.0 -0.588139 1.441825 0.0 -0.972075 0.32351 -7.280686 -0.095369 0.137434 11.398212 19.0
96 270.0 -0.563388 1.474786 0.0 -0.956697 0.32351 -7.280686 -0.095369 0.137434 11.398212 19.0
97 270.0 -0.54943 1.461478 0.0 -0.942476 0.32351 -7.280686 -0.095369 0.137434 11.398212 19.0
98 270.0 -0.538283 1.461866 0.0 -0.932822 0.32351 -7.280686 -0.095369 0.137434 11.398212 19.0
99 270.0 -0.516419 1.480331 0.0 -0.916962 0.32351 -7.280686 -0.095369 0.137434 11.398212 19.0
100 270.0 -0.503896 1.460633 0.0 -0.902617 0.32351 -7.280686 -0.095369 0.137434 11.398212 19.0
101 270.0 -0.495837 1.463704 0.0 -0.896122 0.32351 -7.280686 -0.095369 0.137434 11.398212 19.0
102 270.0 -0.505597 1.476583 0.0 -0.906872 0.32351 -7.280686 -0.095369 0.137434 11.398212 19.0
103 270.0 -0.525444 1.493606 0.0 -0.92714 0.32351 -7.280686 -0.095369 0.137434 11.398212 19.0
104 270.0 -0.521773 1.45568 0.0 -0.917348 0.32351 -7.280686 -0.095369 0.137434 11.398212 19.0
105 270.0 -0.525578 1.450151 0.0 -0.919706 0.32351 -7.280686 -0.095369 0.137434 11.398212 19.0
106 270.0 -0.509308 1.455757 0.0 -0.90649 0.32351 -7.280686 -0.095369 0.137434 11.398212 19.0
107 270.0 -0.485359 1.454943 0.0 -0.885462 0.32351 -7.280686 -0.095369 0.137434 11.398212 19.0
108 270.0 -0.456675 1.456251 0.0 -0.860672 0.32351 -7.280686 -0.095369 0.137434 11.398212 19.0
109 270.0 -0.470083 1.465204 0.0 -0.873922 0.32351 -7.280686 -0.095369 0.137434 11.398212 19.0
110 270.0 -0.478103 1.503712 0.0 -0.887607 0.32351 -7.280686 -0.095369 0.137434 11.398212 19.0
111 270.0 -0.473708 1.535986 0.0 -0.889382 0.32351 -7.280686 -0.095369 0.137434 11.398212 19.0
112 270.0 -0.476583 1.525616 0.0 -0.890087 0.32351 -7.280686 -0.095369 0.137434 11.398212 19.0
113 270.0 -0.501459 1.496172 0.0 -0.906667 0.32351 -7.280686 -0.095369 0.137434 11.398212 19.0
114 270.0 -0.500735 1.500084 0.0 -0.906716 0.32351 -7.280686 -0.095369 0.137434 11.398212 19.0
115 270.0 -0.469793 1.461113 0.0 -0.872958 0.32351 -7.280686 -0.095369 0.137434 11.398212 19.0
116 270.0 -0.464929 1.470337 0.0 -0.870319 0.32351 -7.280686 -0.095369 0.137434 11.398212 19.0
117 270.0 -0.485649 1.505597 0.0 -0.894516 0.32351 -7.280686 -0.095369 0.137434 11.398212 19.0
118 270.0 -0.518627 1.494406 0.0 -0.921333 0.32351 -7.280686 -0.095369 0.137434 11.398212 19.0
119 270.0 -0.493701 1.465678 0.0 -0.894603 0.32351 -7.280686 -0.095369 0.137434 11.398212 19.0
120 270.0 -0.516997 1.494775 0.0 -0.919976 0.32351 -7.280686 -0.095369 0.137434 11.398212 19.0
121 270.0 -0.524598 1.501193 0.0 -0.92772 0.32351 -7.280686 -0.095369 0.137434 11.398212 19.0
122 270.0 -0.51213 1.478795 0.0 -0.912954 0.32351 -7.280686 -0.095369 0.137434 11.398212 19.0
123 270.0 -0.53167 1.501237 0.0 -0.933896 0.32351 -7.280686 -0.095369 0.137434 11.398212 19.0
124 270.0 -0.541983 1.475446 0.0 -0.938408 0.32351 -7.280686 -0.095369 0.137434 11.398212 19.0
125 270.0 -0.514384 1.454529 0.0 -0.910703 0.32351 -7.280686 -0.095369 0.137434 11.398212 19.0
126 270.0 -0.526302 1.439816 0.0 -0.918541 0.32351 -7.280686 -0.095369 0.137434 11.398212 19.0
127 270.0 -0.519215 1.460052 0.0 -0.915876 0.32351 -7.280686 -0.095369 0.137434 11.398212 19.0
128 270.0 -0.522379 1.468733 0.0 -0.920145 0.32351 -7.280686 -0.095369 0.137434 11.398212 19.0
129 270.0 -0.537401 1.463497 0.0 -0.932336 0.32351 -7.280686 -0.095369 0.137434 11.398212 19.0
130 270.0 -0.508138 1.461568 0.0 -0.90648 0.32351 -7.280686 -0.095369 0.137434 11.398212 19.0
131 270.0 -0.496768 1.464848 0.0 -0.897133 0.32351 -7.280686 -0.095369 0.137434 11.398212 19.0
132 270.0 -0.517218 1.467798 0.0 -0.915481 0.32351 -7.280686 -0.095369 0.137434 11.398212 19.0
133 270.0 -0.519485 1.483899 0.0 -0.920256 0.32351 -7.280686 -0.095369 0.137434 11.398212 19.0
134 270.0 -0.514412 1.450134 0.0 -0.909964 0.32351 -7.280686 -0.095369 0.137434 11.398212 19.0
135 270.0 -0.490035 1.47871 0.0 -0.893669 0.32351 -7.280686 -0.095369 0.137434 11.398212 19.0
136 270.0 -0.502457 1.487379 0.0 -0.90601 0.32351 -7.280686 -0.095369 0.137434 11.398212 19.0
137 270.0 -0.53545 1.478311 0.0 -0.933209 0.32351 -7.280686 -0.095369 0.137434 11.398212 19.0
138 270.0 -0.514592 1.457536 0.0 -0.911408 0.32351 -7.280686 -0.095369 0.137434 11.398212 19.0
139 270.0 -0.530313 1.470619 0.0 -0.927392 0.32351 -7.280686 -0.095369 0.137434 11.398212 19.0
140 270.0 -0.50457 1.470016 0.0 -0.904836 0.32351 -7.280686 -0.095369 0.137434 11.398212 19.0
141 270.0 -0.496146 1.47871 0.0 -0.898999 0.32351 -7.280686 -0.095369 0.137434 11.398212 19.0
142 270.0 -0.499897 1.496674 0.0 -0.905392 0.32351 -7.280686 -0.095369 0.137434 11.398212 19.0
143 270.0 -0.477151 1.462687 0.0 -0.879649 0.32351 -7.280686 -0.095369 0.137434 11.398212 19.0
144 270.0 -0.482502 1.497689 0.0 -0.890397 0.32351 -7.280686 -0.095369 0.137434 11.398212 19.0
145 270.0 -0.501523 1.526819 0.0 -0.912048 0.32351 -7.280686 -0.095369 0.137434 11.398212 19.0
146 270.0 -0.488523 1.518971 0.0 -0.899346 0.32351 -7.280686 -0.095369 0.137434 11.398212 19.0
147 270.0 -0.480957 1.502912 0.0 -0.889958 0.32351 -7.280686 -0.095369 0.137434 11.398212 19.0
148 270.0 -0.470411 1.505511 0.0 -0.881211 0.32351 -7.280686 -0.095369 0.137434 11.398212 19.0
149 270.0 -0.494634 1.490787 0.0 -0.899779 0.32351 -7.280686 -0.095369 0.137434 11.398212 19.0
150 270.0 -0.46161 1.501967 0.0 -0.87292 0.32351 -7.280686 -0.095369 0.137434 11.398212 19.0
151 270.0 -0.46338 1.498035 0.0 -0.873781 0.32351 -7.280686 -0.095369 0.137434 11.398212 19.0
152 270.0 -0.483447 1.485936 0.0 -0.889179 0.32351 -7.280686 -0.095369 0.137434 11.398212 19.0
153 270.0 -0.469441 1.467596 0.0 -0.873777 0.32351 -7.280686 -0.095369 0.137434 11.398212 19.0
154 270.0 -0.487697 1.480737 0.0 -0.891983 0.32351 -7.280686 -0.095369 0.137434 11.398212 19.0
155 270.0 -0.499844 1.48558 0.0 -0.903418 0.32351 -7.280686 -0.095369 0.137434 11.398212 19.0
156 270.0 -0.478785 1.464882 0.0 -0.881456 0.32351 -7.280686 -0.095369 0.137434 11.398212 19.0
157 270.0 -0.483635 1.476609 0.0 -0.887723 0.32351 -7.280686 -0.095369 0.137434 11.398212 19.0
158 270.0 -0.494941 1.491949 0.0 -0.900249 0.32351 -7.280686 -0.095369 0.137434 11.398212 19.0
159 270.0 -0.490207 1.511506 0.0 -0.899518 0.32351 -7.280686 -0.095369 0.137434 11.398212 19.0
160 270.0 -0.514779 1.495248 0.0 -0.918123 0.32351 -7.280686 -0.095369 0.137434 11.398212 19.0
161 270.0 -0.518101 1.475093 0.0 -0.917519 0.32351 -7.280686 -0.095369 0.137434 11.398212 19.0
162 270.0 -0.536493 1.477891 0.0 -0.934045 0.32351 -7.280686 -0.095369 0.137434 11.398212 19.0
163 270.0 -0.542959 1.466147 0.0 -0.937643 0.32351 -7.280686 -0.095369 0.137434 11.398212 19.0
164 270.0 -0.521312 1.483412 0.0 -0.921764 0.32351 -7.280686 -0.095369 0.137434 11.398212 19.0
165 270.0 -0.517839 1.47961 0.0 -0.918075 0.32351 -7.280686 -0.095369 0.137434 11.398212 19.0
166 270.0 -0.526416 1.451936 0.0 -0.920746 0.32351 -7.280686 -0.095369 0.137434 11.398212 19.0
167 270.0 -0.53644 1.467717 0.0 -0.932231 0.32351 -7.280686 -0.095369 0.137434 11.398212 19.0
168 270.0 -0.505338 1.440772 0.0 -0.900424 0.32351 -7.280686 -0.095369 0.137434 11.398212 19.0
169 270.0 -0.503803 1.473685 0.0 -0.904804 0.32351 -7.280686 -0.095369 0.137434 11.398212 19.0
170 270.0 -0.513433 1.476637 0.0 -0.913715 0.32351 -7.280686 -0.095369 0.137434 11.398212 19.0
171 270.0 -0.515477 1.486048 0.0 -0.917134 0.32351 -7.280686 -0.095369 0.137434 11.398212 19.0
172 270.0 -0.503002 1.509922 0.0 -0.910402 0.32351 -7.280686 -0.095369 0.137434 11.398212 19.0
173 270.0 -0.520836 1.490835 0.0 -0.92264 0.32351 -7.280686 -0.095369 0.137434 11.398212 19.0
174 270.0 -0.518685 1.476106 0.0 -0.918204 0.32351 -7.280686 -0.095369 0.137434 11.398212 19.0
175 270.0 -0.53203 1.465435 0.0 -0.927988 0.32351 -7.280686 -0.095369 0.137434 11.398212 19.0
176 270.0 -0.535955 1.479162 0.0 -0.933797 0.32351 -7.280686 -0.095369 0.137434 11.398212 19.0
177 270.0 -0.53187 1.488029 0.0 -0.931774 0.32351 -7.280686 -0.095369 0.137434 11.398212 19.0
178 270.0 -0.50297 1.492909 0.0 -0.907418 0.32351 -7.280686 -0.095369 0.137434 11.398212 19.0
179 270.0 -0.52414 1.498191 0.0 -0.926799 0.32351 -7.280686 -0.095369 0.137434 11.398212 19.0
180 270.0 -0.528997 1.526793 0.0 -0.936005 0.32351 -7.280686 -0.095369 0.137434 11.398212 19.0
181 270.0 -0.516443 1.541704 0.0 -0.927647 0.32351 -7.280686 -0.095369 0.137434 11.398212 19.0
182 270.0 -0.531358 1.554621 0.0 -0.942436 0.32351 -7.280686 -0.095369 0.137434 11.398212 19.0
183 270.0 -0.49632 1.501975 0.0 -0.903194 0.32351 -7.280686 -0.095369 0.137434 11.398212 19.0
184 270.0 -0.481506 1.488365 0.0 -0.887909 0.32351 -7.280686 -0.095369 0.137434 11.398212 19.0
185 270.0 -0.506684 1.50728 0.0 -0.913154 0.32351 -7.280686 -0.095369 0.137434 11.398212 19.0
186 270.0 -0.512955 1.501211 0.0 -0.917568 0.32351 -7.280686 -0.095369 0.137434 11.398212 19.0
187 270.0 -0.488893 1.493036 0.0 -0.895163 0.32351 -7.280686 -0.095369 0.137434 11.398212 19.0
188 270.0 -0.515725 1.495385 0.0 -0.918972 0.32351 -7.280686 -0.095369 0.137434 11.398212 19.0
189 270.0 -0.542285 1.487088 0.0 -0.940694 0.32351 -7.280686 -0.095369 0.137434 11.398212 19.0
190 270.0 -0.527121 1.479259 0.0 -0.926109 0.32351 -7.280686 -0.095369 0.137434 11.398212 19.0
191 270.0 -0.511125 1.488418 0.0 -0.91375 0.32351 -7.280686 -0.095369 0.137434 11.398212 19.0
192 270.0 -0.488463 1.469575 0.0 -0.890711 0.32351 -7.280686 -0.095369 0.137434 11.398212 19.0
193 270.0 -0.466695 1.474842 0.0 -0.872641 0.32351 -7.280686 -0.095369 0.137434 11.398212 19.0
194 270.0 -0.490616 1.471493 0.0 -0.892922 0.32351 -7.280686 -0.095369 0.137434 11.398212 19.0
195 270.0 -0.495374 1.483906 0.0 -0.899228 0.32351 -7.280686 -0.095369 0.137434 11.398212 19.0
196 270.0 -0.500205 1.494395 0.0 -0.905265 0.32351 -7.280686 -0.095369 0.137434 11.398212 19.0
197 270.0 -0.524689 1.483816 0.0 -0.92478 0.32351 -7.280686 -0.095369 0.137434 11.398212 19.0
198 270.0 -0.494391 1.475353 0.0 -0.896885 0.32351 -7.280686 -0.095369 0.137434 11.398212 19.0
199 270.0 -0.523065 1.494451 0.0 -0.925212 0.32351 -7.280686 -0.095369 0.137434 11.398212 19.0
200 270.0 -0.522277 1.50452 0.0 -0.926274 0.32351 -7.280686 -0.095369 0.137434 11.398212 19.0
201 270.0 -0.514029 1.489327 0.0 -0.916441 0.32351 -7.280686 -0.095369 0.137434 11.398212 19.0
202 270.0 -0.506051 1.49532 0.0 -0.910524 0.32351 -7.280686 -0.095369 0.137434 11.398212 19.0
203 270.0 -0.517163 1.489403 0.0 -0.919187 0.32351 -7.280686 -0.095369 0.137434 11.398212 19.0
204 270.0 -0.515067 1.470915 0.0 -0.914146 0.32351 -7.280686 -0.095369 0.137434 11.398212 19.0
205 270.0 -0.490686 1.493698 0.0 -0.896841 0.32351 -7.280686 -0.095369 0.137434 11.398212 19.0
206 270.0 -0.49657 1.480373 0.0 -0.899658 0.32351 -7.280686 -0.095369 0.137434 11.398212 19.0
207 270.0 -0.514045 1.486589 0.0 -0.915979 0.32351 -7.280686 -0.095369 0.137434 11.398212 19.0
208 270.0 -0.524716 1.479954 0.0 -0.924133 0.32351 -7.280686 -0.095369 0.137434 11.398212 19.0
209 270.0 -0.525617 1.471631 0.0 -0.923472 0.32351 -7.280686 -0.095369 0.137434 11.398212 19.0
210 270.0 -0.523845 1.447964 0.0 -0.917814 0.32351 -7.280686 -0.095369 0.137434 11.398212 19.0
211 270.0 -0.547163 1.452813 0.0 -0.938993 0.32351 -7.280686 -0.095369 0.137434 11.398212 19.0
212 270.0 -0.583094 1.463085 0.0 -0.971161 0.32351 -7.280686 -0.095369 0.137434 11.398212 19.0
213 270.0 -0.539751 1.468129 0.0 -0.93519 0.32351 -7.280686 -0.095369 0.137434 11.398212 19.0
214 270.0 -0.524387 1.486364 0.0 -0.92496 0.32351 -7.280686 -0.095369 0.137434 11.398212 19.0
215 270.0 -0.519131 1.485373 0.0 -0.920203 0.32351 -7.280686 -0.095369 0.137434 11.398212 19.0
216 270.0 -0.526344 1.482732 0.0 -0.926035 0.32351 -7.280686 -0.095369 0.137434 11.398212 19.0
217 270.0 -0.528756 1.469723 0.0 -0.925878 0.32351 -7.280686 -0.095369 0.137434 11.398212 19.0
218 270.0 -0.546436 1.469746 0.0 -0.941301 0.32351 -7.280686 -0.095369 0.137434 11.398212 19.0
219 270.0 -0.552735 1.472125 0.0 -0.947208 0.32351 -7.280686 -0.095369 0.137434 11.398212 19.0
220 270.0 -0.515864 1.461337 0.0 -0.913177 0.32351 -7.280686 -0.095369 0.137434 11.398212 19.0
221 270.0 -0.50083 1.433176 0.0 -0.895172 0.32351 -7.280686 -0.095369 0.137434 11.398212 19.0
222 270.0 -0.530427 1.43914 0.0 -0.922022 0.32351 -7.280686 -0.095369 0.137434 11.398212 19.0
223 270.0 -0.532632 1.462456 0.0 -0.927995 0.32351 -7.280686 -0.095369 0.137434 11.398212 19.0
224 270.0 -0.534192 1.453637 0.0 -0.927824 0.32351 -7.280686 -0.095369 0.137434 11.398212 19.0
225 270.0 -0.542613 1.461903 0.0 -0.936605 0.32351 -7.280686 -0.095369 0.137434 11.398212 19.0
226 270.0 -0.534011 1.483078 0.0 -0.932782 0.32351 -7.280686 -0.095369 0.137434 11.398212 19.0
227 270.0 -0.50497 1.483842 0.0 -0.907587 0.32351 -7.280686 -0.095369 0.137434 11.398212 19.0
228 270.0 -0.50574 1.504137 0.0 -0.911785 0.32351 -7.280686 -0.095369 0.137434 11.398212 19.0
229 270.0 -0.515306 1.519421 0.0 -0.922783 0.32351 -7.280686 -0.095369 0.137434 11.398212 19.0
230 270.0 -0.49079 1.50588 0.0 -0.899049 0.32351 -7.280686 -0.095369 0.137434 11.398212 19.0
231 270.0 -0.48894 1.502065 0.0 -0.896772 0.32351 -7.280686 -0.095369 0.137434 11.398212 19.0
232 270.0 -0.482359 1.480132 0.0 -0.887222 0.32351 -7.280686 -0.095369 0.137434 11.398212 19.0
233 270.0 -0.450152 1.496911 0.0 -0.862048 0.32351 -7.280686 -0.095369 0.137434 11.398212 19.0
234 270.0 -0.446163 1.497304 0.0 -0.858638 0.32351 -7.280686 -0.095369 0.137434 11.398212 19.0
235 270.0 -0.429589 1.522085 0.0 -0.848489 0.32351 -7.280686 -0.095369 0.137434 11.398212 19.0
236 270.0 -0.435125 1.549195 0.0 -0.858027 0.32351 -7.280686 -0.095369 0.137434 11.398212 19.0
237 270.0 -0.433193 1.562159 0.0 -0.858595 0.32351 -7.280686 -0.095369 0.137434 11.398212 19.0
238 270.0 -0.424556 1.571368 0.0 -0.852663 0.32351 -7.280686 -0.095369 0.137434 11.398212 19.0
239 270.0 -0.401784 1.537946 0.0 -0.826994 0.32351 -7.280686 -0.095369 0.137434 11.398212 19.0
240 270.0 -0.408636 1.569709 0.0 -0.838489 0.32351 -7.280686 -0.095369 0.137434 11.398212 19.0
241 270.0 -0.403555 1.574313 0.0 -0.834859 0.32351 -7.280686 -0.095369 0.137434 11.398212 19.0
242 270.0 -0.384571 1.546645 0.0 -0.813494 0.32351 -7.280686 -0.095369 0.137434 11.398212 19.0
243 270.0 -0.407455 1.556411 0.0 -0.835149 0.32351 -7.280686 -0.095369 0.137434 11.398212 19.0
244 270.0 -0.385885 1.524144 0.0 -0.81073 0.32351 -7.280686 -0.095369 0.137434 11.398212 19.0
245 270.0 -0.388596 1.544794 0.0 -0.816683 0.32351 -7.280686 -0.095369 0.137434 11.398212 19.0
246 270.0 -0.40765 1.559685 0.0 -0.835888 0.32351 -7.280686 -0.095369 0.137434 11.398212 19.0
247 270.0 -0.420354 1.55403 0.0 -0.845985 0.32351 -7.280686 -0.095369 0.137434 11.398212 19.0
248 270.0 -0.430511 1.550835 0.0 -0.854289 0.32351 -7.280686 -0.095369 0.137434 11.398212 19.0
249 270.0 -0.441564 1.52129 0.0 -0.858794 0.32351 -7.280686 -0.095369 0.137434 11.398212 19.0
250 270.0 -0.441142 1.51772 0.0 -0.857806 0.32351 -7.280686 -0.095369 0.137434 11.398212 19.0
251 270.0 -0.433322 1.529683 0.0 -0.853064 0.32351 -7.280686 -0.095369 0.137434 11.398212 19.0
252 270.0 -0.435232 1.564642 0.0 -0.860805 0.32351 -7.280686 -0.095369 0.137434 11.398212 19.0
253 270.0 -0.424207 1.597321 0.0 -0.856868 0.32351 -7.280686 -0.095369 0.137434 11.398212 19.0
254 270.0 -0.447672 1.616703 0.0 -0.8807 0.32351 -7.280686 -0.095369 0.137434 11.398212 19.0
255 270.0 -0.43288 1.589755 0.0 -0.863117 0.32351 -7.280686 -0.095369 0.137434 11.398212 19.0
256 270.0 -0.439353 1.591931 0.0 -0.86914 0.32351 -7.280686 -0.095369 0.137434 11.398212 19.0
257 270.0 -0.433331 1.590577 0.0 -0.863653 0.32351 -7.280686 -0.095369 0.137434 11.398212 19.0
258 270.0 -0.441182 1.613154 0.0 -0.874423 0.32351 -7.280686 -0.095369 0.137434 11.398212 19.0
259 270.0 -0.430872 1.615392 0.0 -0.865821 0.32351 -7.280686 -0.095369 0.137434 11.398212 19.0
260 270.0 -0.426774 1.579842 0.0 -0.85607 0.32351 -7.280686 -0.095369 0.137434 11.398212 19.0
261 270.0 -0.400952 1.571931 0.0 -0.832174 0.32351 -7.280686 -0.095369 0.137434 11.398212 19.0
262 270.0 -0.402709 1.58719 0.0 -0.836358 0.32351 -7.280686 -0.095369 0.137434 11.398212 19.0
263 270.0 -0.424902 1.608107 0.0 -0.859348 0.32351 -7.280686 -0.095369 0.137434 11.398212 19.0
264 270.0 -0.422404 1.623556 0.0 -0.859854 0.32351 -7.280686 -0.095369 0.137434 11.398212 19.0
265 270.0 -0.388488 1.628439 0.0 -0.831123 0.32351 -7.280686 -0.095369 0.137434 11.398212 19.0
266 270.0 -0.378864 1.620748 0.0 -0.821393 0.32351 -7.280686 -0.095369 0.137434 11.398212 19.0
267 270.0 -0.382249 1.643323 0.0 -0.828267 0.32351 -7.280686 -0.095369 0.137434 11.398212 19.0
268 270.0 -0.377242 1.616988 0.0 -0.819325 0.32351 -7.280686 -0.095369 0.137434 11.398212 19.0
269 270.0 -0.382509 1.645726 0.0 -0.828912 0.32351 -7.280686 -0.095369 0.137434 11.398212 19.0
270 270.0 -0.346814 1.661875 0.0 -0.800586 0.32351 -7.280686 -0.095369 0.137434 11.398212 19.0
271 270.0 -0.326851 1.650715 0.0 -0.781237 0.32351 -7.280686 -0.095369 0.137434 11.398212 19.0
272 270.0 -0.332671 1.647567 0.0 -0.785766 0.32351 -7.280686 -0.095369 0.137434 11.398212 19.0
273 270.0 -0.294405 1.664443 0.0 -0.755325 0.32351 -7.280686 -0.095369 0.137434 11.398212 19.0
274 270.0 -0.272154 1.657932 0.0 -0.734788 0.32351 -7.280686 -0.095369 0.137434 11.398212 19.0
275 270.0 -0.273815 1.683796 0.0 -0.74073 0.32351 -7.280686 -0.095369 0.137434 11.398212 19.0
276 270.0 -0.28042 1.686193 0.0 -0.746907 0.32351 -7.280686 -0.095369 0.137434 11.398212 19.0
277 270.0 -0.264979 1.669936 0.0 -0.730616 0.32351 -7.280686 -0.095369 0.137434 11.398212 19.0
278 270.0 -0.265538 1.696843 0.0 -0.735778 0.32351 -7.280686 -0.095369 0.137434 11.398212 19.0
279 270.0 -0.256707 1.725118 0.0 -0.73299 0.32351 -7.280686 -0.095369 0.137434 11.398212 19.0
280 270.0 -0.254717 1.736498 0.0 -0.733231 0.32351 -7.280686 -0.095369 0.137434 11.398212 19.0
281 270.0 -0.247898 1.736763 0.0 -0.72733 0.32351 -7.280686 -0.095369 0.137434 11.398212 19.0
282 270.0 -0.223718 1.747766 0.0 -0.708154 0.32351 -7.280686 -0.095369 0.137434 11.398212 19.0
283 270.0 -0.212391 1.7796 0.0 -0.703806 0.32351 -7.280686 -0.095369 0.137434 11.398212 19.0
284 270.0 -0.196837 1.742257 0.0 -0.683752 0.32351 -7.280686 -0.095369 0.137434 11.398212 19.0
285 270.0 -0.170055 1.736903 0.0 -0.659464 0.32351 -7.280686 -0.095369 0.137434 11.398212 19.0
286 270.0 -0.201377 1.723994 0.0 -0.684539 0.32351 -7.280686 -0.095369 0.137434 11.398212 19.0
287 270.0 -0.17135 1.744807 0.0 -0.661967 0.32351 -7.280686 -0.095369 0.137434 11.398212 19.0
